 7.8   1.328  0.063  
 8.0   1.312  0.068  
 8.2   1.296  0.075  
 8.4   1.278  0.082  
 8.6   1.259  0.090  
 8.8   1.239  0.099  
 9.0   1.217  0.110  
 9.2   1.192  0.122  
 9.4   1.166  0.137  
 9.6   1.136  0.156  
 9.8   1.104  0.178  
 10.0  1.070  0.208  
 10.2  1.033  0.247  
 10.4  0.999  0.300  
 10.6  0.976  0.368  
 10.8  0.974  0.442  
 11.0  0.991  0.509  
 11.2  1.016  0.563  
 11.4  1.045  0.612  
 11.6  1.079  0.650  
 11.8  1.112  0.678  
 12.0  1.139  0.700  
 12.5  1.196  0.751  
 13.0  1.249  0.795  
 13.5  1.299  0.834  
 14.0  1.345  0.868  
 14.5  1.386  0.901  
 15.0  1.429  0.939  
 15.5  1.479  0.976  
 16.0  1.535  1.007  
 16.5  1.594  1.031  
 17.0  1.654  1.048  
 17.5  1.716  1.059  
 18.0  1.778  1.060  
 18.5  1.838  1.052  
 19.0  1.893  1.034  
 19.5  1.939  1.010  
 20.0  1.976  0.981  
 21.0  2.019  0.927  
 22.0  2.036  0.889  
 23.0  2.043  0.872  
 24.0  2.053  0.873  
 25.0  2.071  0.886  
 26.0  2.103  0.901  
 27.0  2.143  0.912  
 28.0  2.190  0.913  
 29.0  2.236  0.906  
 30.0  2.278  0.891  
 32.0  2.346  0.848  
 34.0  2.391  0.800  
 36.0  2.418  0.758  
 38.0  2.435  0.723  
 40.0  2.446  0.696  
 45.0  2.463  0.655  
 50.0  2.477  0.636  
 60.0  2.513  0.630  
 70.0  2.557  0.640  
 80.0  2.606  0.652  
 90.0  2.657  0.662  
 100   2.708  0.670  
 125   2.828  0.675  
 150   2.931  0.661  
 175   3.017  0.639  
 200   3.091  0.612  
 250   3.197  0.552  
 300   3.261  0.497  
 400   3.342  0.411  
 500   3.399  0.335  