 7.8   1.343  0.078 
 8.0   1.323  0.086 
 8.2   1.301  0.095 
 8.4   1.277  0.105 
 8.6   1.251  0.116 
 8.8   1.223  0.129 
 9.0   1.193  0.144 
 9.2   1.160  0.162 
 9.4   1.124  0.183 
 9.6   1.084  0.208 
 9.8   1.041  0.240 
 10.0  0.994  0.281 
 10.2  0.944  0.334 
 10.4  0.896  0.408 
 10.6  0.862  0.504 
 10.8  0.859  0.612 
 11.0  0.886  0.712 
 11.2  0.927  0.792 
 11.4  0.977  0.861 
 11.6  1.036  0.913 
 11.8  1.092  0.946 
 12.0  1.138  0.969 
 12.5  1.224  1.016 
 13.0  1.294  1.059 
 13.5  1.355  1.098 
 14.0  1.408  1.135 
 14.5  1.455  1.176 
 15.0  1.505  1.227 
 15.5  1.567  1.278 
 16.0  1.638  1.322 
 16.5  1.715  1.356 
 17.0  1.795  1.382 
 17.5  1.877  1.398 
 18.0  1.962  1.402 
 18.5  2.044  1.392 
 19.0  2.118  1.369 
 19.5  2.182  1.336 
 20.0  2.236  1.298 
 21.0  2.298  1.220 
 22.0  2.318  1.165 
 23.0  2.323  1.143 
 24.0  2.332  1.149 
 25.0  2.355  1.171 
 26.0  2.400  1.197 
 27.0  2.459  1.217 
 28.0  2.528  1.223 
 29.0  2.598  1.214 
 30.0  2.664  1.193 
 32.0  2.772  1.128 
 34.0  2.844  1.051 
 36.0  2.891  0.978 
 38.0  2.919  0.915 
 40.0  2.938  0.861 
 45.0  2.955  0.763 
 50.0  2.949  0.699 
 60.0  2.941  0.654 
 70.0  2.948  0.672 
 80.0  2.987  0.704 
 90.0  3.043  0.728 
 100   3.103  0.742 
 125   3.254  0.755 
 150   3.385  0.747 
 175   3.501  0.712 
 200   3.599  0.668 