5.117500E+03 2.588639E+00 8.998842E-04
2.558750E+03 2.588653E+00 1.798250E-03
1.705833E+03 2.588678E+00 2.693585E-03
1.279375E+03 2.588713E+00 3.584389E-03
1.023500E+03 2.588758E+00 4.469180E-03
8.529170E+02 2.588815E+00 5.346502E-03
7.310716E+02 2.588883E+00 6.214926E-03
6.396876E+02 2.588964E+00 7.073061E-03
5.686112E+02 2.589057E+00 7.919555E-03
5.117500E+02 2.589165E+00 8.753103E-03
4.652273E+02 2.589287E+00 9.572450E-03
4.264583E+02 2.589425E+00 1.037639E-02
3.936538E+02 2.589580E+00 1.116379E-02
3.655357E+02 2.589754E+00 1.193356E-02
3.411666E+02 2.589946E+00 1.268470E-02
3.198437E+02 2.590160E+00 1.341624E-02
3.010294E+02 2.590396E+00 1.412731E-02
2.843056E+02 2.590655E+00 1.481710E-02
2.693421E+02 2.590939E+00 1.548489E-02
2.558750E+02 2.591249E+00 1.613001E-02
2.436905E+02 2.591588E+00 1.675187E-02
2.326136E+02 2.591957E+00 1.734996E-02
2.225000E+02 2.592357E+00 1.792384E-02
2.132292E+02 2.592790E+00 1.847316E-02
2.047000E+02 2.593257E+00 1.899762E-02
1.968269E+02 2.593762E+00 1.949701E-02
1.895370E+02 2.594304E+00 1.997117E-02
1.827678E+02 2.594886E+00 2.042002E-02
1.764655E+02 2.595510E+00 2.084355E-02
1.705833E+02 2.596178E+00 2.124181E-02
1.650807E+02 2.596890E+00 2.161492E-02
1.599219E+02 2.597650E+00 2.196305E-02
1.550758E+02 2.598459E+00 2.228642E-02
1.505147E+02 2.599318E+00 2.258532E-02
1.462143E+02 2.600230E+00 2.286008E-02
1.421528E+02 2.601195E+00 2.311109E-02
1.383108E+02 2.602217E+00 2.333878E-02
1.346710E+02 2.603296E+00 2.354362E-02
1.312179E+02 2.604435E+00 2.372612E-02
1.279375E+02 2.605635E+00 2.388684E-02
1.248171E+02 2.606898E+00 2.402635E-02
1.218452E+02 2.608225E+00 2.414529E-02
1.190116E+02 2.609619E+00 2.424429E-02
1.163068E+02 2.611082E+00 2.432404E-02
1.137222E+02 2.612614E+00 2.438522E-02
1.112500E+02 2.614218E+00 2.442857E-02
1.088830E+02 2.615896E+00 2.445483E-02
1.066146E+02 2.617648E+00 2.446475E-02
1.044388E+02 2.619478E+00 2.445912E-02
1.023500E+02 2.621387E+00 2.443873E-02
1.003431E+02 2.623377E+00 2.440438E-02
9.841348E+01 2.625449E+00 2.435689E-02
9.655660E+01 2.627605E+00 2.429710E-02
9.476849E+01 2.629848E+00 2.422583E-02
9.304541E+01 2.632178E+00 2.414393E-02
9.138396E+01 2.634599E+00 2.405226E-02
8.978071E+01 2.637112E+00 2.395166E-02
8.823275E+01 2.639719E+00 2.384301E-02
8.673727E+01 2.642423E+00 2.372716E-02
8.529170E+01 2.645224E+00 2.360499E-02
8.389346E+01 2.648126E+00 2.347737E-02
8.254033E+01 2.651131E+00 2.334517E-02
8.123015E+01 2.654241E+00 2.320929E-02
7.996092E+01 2.657458E+00 2.307059E-02
7.873080E+01 2.660786E+00 2.292998E-02
7.753789E+01 2.664225E+00 2.278832E-02
7.638060E+01 2.667780E+00 2.264653E-02
7.525734E+01 2.671453E+00 2.250550E-02
7.416665E+01 2.675246E+00 2.236612E-02
7.310716E+01 2.679163E+00 2.222930E-02
7.207747E+01 2.683207E+00 2.209596E-02
7.107639E+01 2.687381E+00 2.196702E-02
7.010273E+01 2.691688E+00 2.184341E-02
6.915538E+01 2.696132E+00 2.172605E-02
6.823335E+01 2.700717E+00 2.161592E-02
6.733553E+01 2.705447E+00 2.151396E-02
6.646104E+01 2.710325E+00 2.142115E-02
6.560896E+01 2.715357E+00 2.133849E-02
6.477846E+01 2.720546E+00 2.126700E-02
6.396876E+01 2.725897E+00 2.120771E-02
6.317902E+01 2.731416E+00 2.116168E-02
6.240853E+01 2.737108E+00 2.113000E-02
6.165661E+01 2.742979E+00 2.111380E-02
6.092264E+01 2.749034E+00 2.111424E-02
6.020589E+01 2.755279E+00 2.113252E-02
5.950582E+01 2.761723E+00 2.116989E-02
5.882183E+01 2.768371E+00 2.122765E-02
5.815340E+01 2.775232E+00 2.130717E-02
5.750001E+01 2.782313E+00 2.140987E-02
5.686112E+01 2.789624E+00 2.153727E-02
5.623626E+01 2.797173E+00 2.169094E-02
5.562499E+01 2.804970E+00 2.187258E-02
5.502687E+01 2.813026E+00 2.208398E-02
5.444150E+01 2.821353E+00 2.232705E-02
5.386843E+01 2.829962E+00 2.260383E-02
5.330729E+01 2.838866E+00 2.291654E-02
5.275773E+01 2.848079E+00 2.326755E-02
5.221938E+01 2.857617E+00 2.365941E-02
5.169193E+01 2.867495E+00 2.409492E-02
5.117500E+01 2.877731E+00 2.457712E-02
5.066832E+01 2.888344E+00 2.510933E-02
5.017156E+01 2.899355E+00 2.569517E-02
4.968445E+01 2.910786E+00 2.633864E-02
4.920674E+01 2.922660E+00 2.704417E-02
4.873810E+01 2.935004E+00 2.781662E-02
4.827830E+01 2.947848E+00 2.866143E-02
4.782710E+01 2.961221E+00 2.958463E-02
4.738427E+01 2.975159E+00 3.059297E-02
4.694955E+01 2.989699E+00 3.169404E-02
4.652273E+01 3.004882E+00 3.289634E-02
4.610360E+01 3.020755E+00 3.420952E-02
4.569196E+01 3.037368E+00 3.564448E-02
4.528762E+01 3.054776E+00 3.721366E-02
4.489036E+01 3.073041E+00 3.893123E-02
4.450000E+01 3.092234E+00 4.081347E-02
4.411638E+01 3.112431E+00 4.287916E-02
4.373931E+01 3.133721E+00 4.514998E-02
4.336865E+01 3.156199E+00 4.765119E-02
4.300420E+01 3.179978E+00 5.041231E-02
4.264583E+01 3.205183E+00 5.346801E-02
4.229338E+01 3.231958E+00 5.685929E-02
4.194671E+01 3.260466E+00 6.063490E-02
4.160570E+01 3.290897E+00 6.485324E-02
4.127016E+01 3.323469E+00 6.958468E-02
4.094000E+01 3.358437E+00 7.491476E-02
4.061507E+01 3.396099E+00 8.094829E-02
4.029527E+01 3.436805E+00 8.781486E-02
3.998047E+01 3.480973E+00 9.567629E-02
3.967054E+01 3.529102E+00 1.047369E-01
3.936538E+01 3.581792E+00 1.152577E-01
3.906488E+01 3.639776E+00 1.275766E-01
3.876895E+01 3.703956E+00 1.421376E-01
3.847745E+01 3.775452E+00 1.595338E-01
3.819030E+01 3.855672E+00 1.805722E-01
3.790741E+01 3.946411E+00 2.063741E-01
3.762867E+01 4.049988E+00 2.385356E-01
3.735402E+01 4.169442E+00 2.793912E-01
3.708334E+01 4.308805E+00 3.324669E-01
3.681655E+01 4.473499E+00 4.032871E-01
3.655357E+01 4.670835E+00 5.008892E-01
3.629432E+01 4.910503E+00 6.408101E-01
3.603874E+01 5.204280E+00 8.512858E-01
3.578672E+01 5.561503E+00 1.186512E+00
3.553819E+01 5.965318E+00 1.753078E+00
3.529310E+01 6.273488E+00 2.733491E+00
3.505136E+01 5.981000E+00 4.183562E+00
3.481293E+01 4.618401E+00 5.292394E+00
3.457770E+01 3.071016E+00 5.297807E+00
3.434564E+01 2.060106E+00 4.764464E+00
3.411666E+01 1.476349E+00 4.171878E+00
3.389072E+01 1.129765E+00 3.642533E+00
3.366777E+01 9.133193E-01 3.184877E+00
3.344771E+01 7.729976E-01 2.784915E+00
3.323052E+01 6.811330E-01 2.427284E+00
3.301613E+01 6.235117E-01 2.098873E+00
3.280449E+01 5.938260E-01 1.788691E+00
3.259554E+01 5.920589E-01 1.487328E+00
3.238924E+01 6.259305E-01 1.187884E+00
3.218553E+01 7.138965E-01 8.936870E-01
3.198437E+01 8.710415E-01 6.376195E-01
3.178572E+01 1.064642E+00 4.601214E-01
3.158951E+01 1.247456E+00 3.505803E-01
3.139571E+01 1.405737E+00 2.809133E-01
3.120427E+01 1.541631E+00 2.337900E-01
3.101515E+01 1.659653E+00 2.002545E-01
3.082832E+01 1.763699E+00 1.754974E-01
3.064371E+01 1.856765E+00 1.567494E-01
3.046131E+01 1.941118E+00 1.423114E-01
3.028106E+01 2.018494E+00 1.310858E-01
3.010294E+01 2.090245E+00 1.223344E-01
2.992690E+01 2.157447E+00 1.155442E-01
2.975291E+01 2.220968E+00 1.103507E-01
2.958092E+01 2.281526E+00 1.064906E-01
2.941092E+01 2.339726E+00 1.037717E-01
2.924286E+01 2.396085E+00 1.020543E-01
2.907671E+01 2.451057E+00 1.012378E-01
2.891243E+01 2.505046E+00 1.012525E-01
2.875000E+01 2.558422E+00 1.020539E-01
2.858938E+01 2.611529E+00 1.036185E-01
2.843056E+01 2.664695E+00 1.059420E-01
2.827348E+01 2.718240E+00 1.090379E-01
2.811813E+01 2.772481E+00 1.129374E-01
2.796448E+01 2.827744E+00 1.176901E-01
2.781250E+01 2.884366E+00 1.233661E-01
2.766217E+01 2.942706E+00 1.300581E-01
2.751344E+01 3.003150E+00 1.378861E-01
2.736631E+01 3.066123E+00 1.470028E-01
2.722074E+01 3.132100E+00 1.576012E-01
2.707672E+01 3.201619E+00 1.699256E-01
2.693421E+01 3.275296E+00 1.842859E-01
2.679319E+01 3.353847E+00 2.010779E-01
2.665365E+01 3.438114E+00 2.208116E-01
2.651554E+01 3.529096E+00 2.441513E-01
2.637886E+01 3.627996E+00 2.719740E-01
2.624359E+01 3.736265E+00 3.054546E-01
2.610969E+01 3.855683E+00 3.461952E-01
2.597716E+01 3.988433E+00 3.964229E-01
2.584596E+01 4.137212E+00 4.593031E-01
2.571608E+01 4.305326E+00 5.394464E-01
2.558750E+01 4.496752E+00 6.437529E-01
2.546020E+01 4.715999E+00 7.828507E-01
2.533416E+01 4.967356E+00 9.735829E-01
2.520936E+01 5.252306E+00 1.243243E+00
2.508579E+01 5.561726E+00 1.636050E+00
2.496342E+01 5.854313E+00 2.218647E+00
2.484223E+01 6.007937E+00 3.061833E+00
2.472222E+01 5.775136E+00 4.125918E+00
2.460336E+01 4.963323E+00 5.065439E+00
2.448565E+01 3.832295E+00 5.463123E+00
2.436905E+01 2.831483E+00 5.356494E+00
2.425355E+01 2.112110E+00 5.020520E+00
2.413915E+01 1.624008E+00 4.632107E+00
2.402582E+01 1.290656E+00 4.259016E+00
2.391355E+01 1.057037E+00 3.919011E+00
2.380233E+01 8.893735E-01 3.612102E+00
2.369213E+01 7.684811E-01 3.333540E+00
2.358295E+01 6.842760E-01 3.079542E+00
2.347477E+01 6.305354E-01 2.849932E+00
2.336758E+01 5.996850E-01 2.647314E+00
2.326136E+01 5.802027E-01 2.472533E+00
2.315611E+01 5.594034E-01 2.319597E+00
2.305180E+01 5.302899E-01 2.175370E+00
2.294843E+01 4.960861E-01 2.026104E+00
2.284598E+01 4.668142E-01 1.865163E+00
2.274444E+01 4.514132E-01 1.693824E+00
2.264380E+01 4.541044E-01 1.515808E+00
2.254405E+01 4.769825E-01 1.332863E+00
2.244518E+01 5.244981E-01 1.145068E+00
2.234716E+01 6.061215E-01 9.555902E-01
2.225000E+01 7.322546E-01 7.789381E-01
2.215368E+01 8.976952E-01 6.399788E-01
2.205819E+01 1.078463E+00 5.500408E-01
2.196352E+01 1.256259E+00 5.009965E-01
2.186966E+01 1.425709E+00 4.823256E-01
2.177660E+01 1.587076E+00 4.882797E-01
2.168432E+01 1.741405E+00 5.175444E-01
2.159282E+01 1.888262E+00 5.721347E-01
2.150210E+01 2.023783E+00 6.564640E-01
2.141213E+01 2.137933E+00 7.754274E-01
2.132292E+01 2.211622E+00 9.289970E-01
2.123444E+01 2.218900E+00 1.101022E+00
2.114669E+01 2.144456E+00 1.249222E+00
2.105967E+01 2.011451E+00 1.319947E+00
2.097336E+01 1.880658E+00 1.289104E+00
2.088775E+01 1.811581E+00 1.179686E+00
2.080284E+01 1.833536E+00 1.040842E+00
2.071863E+01 1.943665E+00 9.215837E-01
2.063508E+01 2.120183E+00 8.542533E-01
2.055221E+01 2.340680E+00 8.544395E-01
2.047000E+01 2.589854E+00 9.340983E-01
2.038844E+01 2.852746E+00 1.114256E+00
2.030754E+01 3.095762E+00 1.429903E+00
2.022727E+01 3.233948E+00 1.911261E+00
2.014764E+01 3.122205E+00 2.502357E+00
2.006863E+01 2.698803E+00 2.984426E+00
1.999023E+01 2.144107E+00 3.176005E+00
1.991245E+01 1.665364E+00 3.132558E+00
1.983527E+01 1.317196E+00 2.984193E+00
1.975869E+01 1.074837E+00 2.808372E+00
1.968269E+01 9.048284E-01 2.636057E+00
1.960728E+01 7.827120E-01 2.476877E+00
1.953244E+01 6.926920E-01 2.332439E+00
1.945818E+01 6.247647E-01 2.201680E+00
1.938447E+01 5.725113E-01 2.082838E+00
1.931132E+01 5.317153E-01 1.974145E+00
1.923872E+01 4.995353E-01 1.874037E+00
1.916667E+01 4.740086E-01 1.781194E+00
1.909515E+01 4.537486E-01 1.694522E+00
1.902416E+01 4.377564E-01 1.613120E+00
1.895370E+01 4.252999E-01 1.536247E+00
1.888377E+01 4.158351E-01 1.463289E+00
1.881434E+01 4.089534E-01 1.393737E+00
1.874542E+01 4.043459E-01 1.327165E+00
1.867701E+01 4.017783E-01 1.263217E+00
1.860909E+01 4.010741E-01 1.201592E+00
1.854167E+01 4.021018E-01 1.142037E+00
1.847473E+01 4.047669E-01 1.084337E+00
1.840827E+01 4.090052E-01 1.028315E+00
1.834229E+01 4.147789E-01 9.738191E-01
1.827678E+01 4.220732E-01 9.207311E-01
1.821175E+01 4.308939E-01 8.689590E-01
1.814716E+01 4.412648E-01 8.184408E-01
1.808304E+01 4.532243E-01 7.691472E-01
1.801937E+01 4.668201E-01 7.210849E-01
1.795614E+01 4.821014E-01 6.743014E-01
1.789336E+01 4.991075E-01 6.288867E-01
1.783101E+01 5.178531E-01 5.849728E-01
1.776910E+01 5.383125E-01 5.427259E-01
1.770761E+01 5.604053E-01 5.023314E-01
1.764655E+01 5.839895E-01 4.639711E-01
1.758591E+01 6.088651E-01 4.277996E-01
1.752569E+01 6.347892E-01 3.939226E-01
1.746587E+01 6.614976E-01 3.623865E-01
1.740646E+01 6.887282E-01 3.331781E-01
1.734746E+01 7.162388E-01 3.062339E-01
1.728885E+01 7.438182E-01 2.814531E-01
1.723064E+01 7.712904E-01 2.587118E-01
1.717282E+01 7.985129E-01 2.378746E-01
1.711538E+01 8.253738E-01 2.188023E-01
1.705833E+01 8.517865E-01 2.013577E-01
1.700166E+01 8.776857E-01 1.854088E-01
1.694536E+01 9.030235E-01 1.708299E-01
1.688944E+01 9.277664E-01 1.575029E-01
1.683388E+01 9.518925E-01 1.453170E-01
1.677869E+01 9.753899E-01 1.341697E-01
1.672386E+01 9.982548E-01 1.239656E-01
1.666938E+01 1.020490E+00 1.146173E-01
1.661526E+01 1.042105E+00 1.060446E-01
1.656149E+01 1.063111E+00 9.817429E-02
1.650807E+01 1.083526E+00 9.094022E-02
1.645498E+01 1.103369E+00 8.428265E-02
1.640224E+01 1.122659E+00 7.814794E-02
1.634984E+01 1.141419E+00 7.248813E-02
1.629777E+01 1.159671E+00 6.726047E-02
1.624603E+01 1.177438E+00 6.242691E-02
1.619462E+01 1.194743E+00 5.795368E-02
1.614353E+01 1.211605E+00 5.381080E-02
1.609277E+01 1.228048E+00 4.997161E-02
1.604232E+01 1.244090E+00 4.641238E-02
1.599219E+01 1.259750E+00 4.311195E-02
1.594237E+01 1.275048E+00 4.005132E-02
1.589286E+01 1.289999E+00 3.721342E-02
1.584365E+01 1.304620E+00 3.458277E-02
1.579475E+01 1.318925E+00 3.214530E-02
1.574615E+01 1.332931E+00 2.988814E-02
1.569785E+01 1.346648E+00 2.779945E-02
1.564985E+01 1.360092E+00 2.586828E-02
1.560213E+01 1.373273E+00 2.408447E-02
1.555471E+01 1.386203E+00 2.243852E-02
1.550758E+01 1.398893E+00 2.092159E-02
1.546072E+01 1.411355E+00 1.952536E-02
1.541416E+01 1.423597E+00 1.824203E-02
1.536787E+01 1.435629E+00 1.706425E-02
1.532186E+01 1.447462E+00 1.598512E-02
1.527612E+01 1.459104E+00 1.499813E-02
1.523065E+01 1.470565E+00 1.409715E-02
1.518546E+01 1.481852E+00 1.327643E-02
1.514053E+01 1.492975E+00 1.253055E-02
1.509587E+01 1.503941E+00 1.185442E-02
1.505147E+01 1.514759E+00 1.124325E-02
1.500733E+01 1.525436E+00 1.069258E-02
1.496345E+01 1.535981E+00 1.019822E-02
1.491983E+01 1.546400E+00 9.756249E-03
1.487645E+01 1.556702E+00 9.363012E-03
1.483333E+01 1.566894E+00 9.015108E-03
1.479046E+01 1.576982E+00 8.709369E-03
1.474784E+01 1.586975E+00 8.442857E-03
1.470546E+01 1.596878E+00 8.212848E-03
1.466332E+01 1.606699E+00 8.016822E-03
1.462143E+01 1.616445E+00 7.852453E-03
1.457977E+01 1.626122E+00 7.717601E-03
1.453835E+01 1.635736E+00 7.610298E-03
1.449717E+01 1.645296E+00 7.528743E-03
1.445622E+01 1.654806E+00 7.471286E-03
1.441549E+01 1.664273E+00 7.436430E-03
1.437500E+01 1.673704E+00 7.422813E-03
1.433473E+01 1.683105E+00 7.429205E-03
1.429469E+01 1.692483E+00 7.454500E-03
1.425487E+01 1.701842E+00 7.497709E-03
1.421528E+01 1.711191E+00 7.557952E-03
1.417590E+01 1.720535E+00 7.634455E-03
1.413674E+01 1.729880E+00 7.726543E-03
1.409780E+01 1.739233E+00 7.833633E-03
1.405907E+01 1.748600E+00 7.955234E-03
1.402055E+01 1.757987E+00 8.090937E-03
1.398224E+01 1.767401E+00 8.240415E-03
1.394414E+01 1.776848E+00 8.403420E-03
1.390625E+01 1.786335E+00 8.579775E-03
1.386856E+01 1.795869E+00 8.769379E-03
1.383108E+01 1.805456E+00 8.972200E-03
1.379380E+01 1.815103E+00 9.188271E-03
1.375672E+01 1.824818E+00 9.417696E-03
1.371984E+01 1.834607E+00 9.660642E-03
1.368316E+01 1.844479E+00 9.917343E-03
1.364667E+01 1.854439E+00 1.018810E-02
1.361037E+01 1.864498E+00 1.047327E-02
1.357427E+01 1.874662E+00 1.077330E-02
1.353836E+01 1.884940E+00 1.108867E-02
1.350264E+01 1.895340E+00 1.141996E-02
1.346710E+01 1.905872E+00 1.176782E-02
1.343176E+01 1.916545E+00 1.213295E-02
1.339660E+01 1.927369E+00 1.251616E-02
1.336162E+01 1.938353E+00 1.291832E-02
1.332682E+01 1.949509E+00 1.334041E-02
1.329221E+01 1.960848E+00 1.378349E-02
1.325777E+01 1.972380E+00 1.424871E-02
1.322351E+01 1.984119E+00 1.473736E-02
1.318943E+01 1.996078E+00 1.525083E-02
1.315553E+01 2.008270E+00 1.579062E-02
1.312179E+01 2.020708E+00 1.635841E-02
1.308824E+01 2.033410E+00 1.695599E-02
1.305485E+01 2.046390E+00 1.758534E-02
1.302163E+01 2.059666E+00 1.824862E-02
1.298858E+01 2.073256E+00 1.894820E-02
1.295570E+01 2.087179E+00 1.968664E-02
1.292298E+01 2.101456E+00 2.046679E-02
1.289043E+01 2.116110E+00 2.129175E-02
1.285804E+01 2.131163E+00 2.216494E-02
1.282581E+01 2.146642E+00 2.309010E-02
1.279375E+01 2.162572E+00 2.407138E-02
1.276185E+01 2.178985E+00 2.511336E-02
1.273010E+01 2.195911E+00 2.622110E-02
1.269851E+01 2.213385E+00 2.740020E-02
1.266708E+01 2.231444E+00 2.865691E-02
1.263580E+01 2.250128E+00 2.999817E-02
1.260468E+01 2.269481E+00 3.143173E-02
1.257371E+01 2.289550E+00 3.296629E-02
1.254289E+01 2.310387E+00 3.461158E-02
1.251222E+01 2.332050E+00 3.637858E-02
1.248171E+01 2.354601E+00 3.827968E-02
1.245134E+01 2.378108E+00 4.032891E-02
1.242112E+01 2.402648E+00 4.254221E-02
1.239104E+01 2.428305E+00 4.493778E-02
1.236111E+01 2.455171E+00 4.753645E-02
1.233133E+01 2.483350E+00 5.036215E-02
1.230168E+01 2.512959E+00 5.344255E-02
1.227218E+01 2.544127E+00 5.680969E-02
1.224282E+01 2.576999E+00 6.050094E-02
1.221360E+01 2.611741E+00 6.456007E-02
1.218452E+01 2.648540E+00 6.903865E-02
1.215558E+01 2.687608E+00 7.399777E-02
1.212678E+01 2.729188E+00 7.951033E-02
1.209811E+01 2.773562E+00 8.566384E-02
1.206957E+01 2.821052E+00 9.256422E-02
1.204118E+01 2.872036E+00 1.003407E-01
1.201291E+01 2.926956E+00 1.091521E-01
1.198478E+01 2.986331E+00 1.191963E-01
1.195678E+01 3.050778E+00 1.307213E-01
1.192890E+01 3.121039E+00 1.440425E-01
1.190116E+01 3.198006E+00 1.595659E-01
1.187355E+01 3.282769E+00 1.778217E-01
1.184606E+01 3.376671E+00 1.995135E-01
1.181871E+01 3.481384E+00 2.255921E-01
1.179148E+01 3.599018E+00 2.573692E-01
1.176437E+01 3.732269E+00 2.966961E-01
1.173739E+01 3.884626E+00 3.462571E-01
1.171053E+01 4.060661E+00 4.100650E-01
1.168379E+01 4.266424E+00 4.943355E-01
1.165718E+01 4.509933E+00 6.090983E-01
1.163068E+01 4.801584E+00 7.713148E-01
1.160431E+01 5.153645E+00 1.011182E+00
1.157805E+01 5.575315E+00 1.385154E+00
1.155192E+01 6.049125E+00 2.000699E+00
1.152590E+01 6.439115E+00 3.036873E+00
1.150000E+01 6.275327E+00 4.571618E+00
1.147422E+01 5.034635E+00 5.906956E+00
1.144855E+01 3.425954E+00 6.172690E+00
1.142299E+01 2.285812E+00 5.780072E+00
1.139755E+01 1.601684E+00 5.261154E+00
1.137222E+01 1.186306E+00 4.787579E+00
1.134701E+01 9.203871E-01 4.386123E+00
1.132190E+01 7.407587E-01 4.049091E+00
1.129691E+01 6.137185E-01 3.763894E+00
1.127203E+01 5.204206E-01 3.519516E+00
1.124725E+01 4.497691E-01 3.307371E+00
1.122259E+01 3.949137E-01 3.120946E+00
1.119803E+01 3.514460E-01 2.955306E+00
1.117358E+01 3.164262E-01 2.806678E+00
1.114924E+01 2.878331E-01 2.672141E+00
1.112500E+01 2.642400E-01 2.549406E+00
1.110087E+01 2.446172E-01 2.436654E+00
1.107684E+01 2.282071E-01 2.332423E+00
1.105292E+01 2.144433E-01 2.235525E+00
1.102910E+01 2.028961E-01 2.144987E+00
1.100538E+01 1.932362E-01 2.059999E+00
1.098176E+01 1.852085E-01 1.979889E+00
1.095824E+01 1.786139E-01 1.904089E+00
1.093483E+01 1.732960E-01 1.832120E+00
1.091151E+01 1.691317E-01 1.763574E+00
1.088830E+01 1.660233E-01 1.698103E+00
1.086518E+01 1.638933E-01 1.635407E+00
1.084216E+01 1.626801E-01 1.575231E+00
1.081924E+01 1.623348E-01 1.517353E+00
1.079641E+01 1.628181E-01 1.461582E+00
1.077368E+01 1.640987E-01 1.407754E+00
1.075105E+01 1.661512E-01 1.355728E+00
1.072851E+01 1.689546E-01 1.305383E+00
1.070607E+01 1.724914E-01 1.256614E+00
1.068372E+01 1.767462E-01 1.209334E+00
1.066146E+01 1.817047E-01 1.163468E+00
1.063929E+01 1.873529E-01 1.118954E+00
1.061722E+01 1.936761E-01 1.075741E+00
1.059524E+01 2.006580E-01 1.033787E+00
1.057335E+01 2.082798E-01 9.930606E-01
1.055155E+01 2.165193E-01 9.535345E-01
1.052983E+01 2.253497E-01 9.151889E-01
1.050821E+01 2.347395E-01 8.780080E-01
1.048668E+01 2.446513E-01 8.419779E-01
1.046524E+01 2.550412E-01 8.070852E-01
1.044388E+01 2.658596E-01 7.733143E-01
1.042261E+01 2.770511E-01 7.406452E-01
1.040142E+01 2.885559E-01 7.090505E-01
1.038032E+01 3.003121E-01 6.784933E-01
1.035931E+01 3.122585E-01 6.489254E-01
1.033838E+01 3.243383E-01 6.202856E-01
1.031754E+01 3.365036E-01 5.925004E-01
1.029678E+01 3.487202E-01 5.654846E-01
1.027610E+01 3.609718E-01 5.391447E-01
1.025551E+01 3.732643E-01 5.133832E-01
1.023500E+01 3.856281E-01 4.881045E-01
1.021457E+01 3.981198E-01 4.632227E-01
1.019422E+01 4.108203E-01 4.386690E-01
1.017396E+01 4.238308E-01 4.144008E-01
1.015377E+01 4.372665E-01 3.904081E-01
1.013366E+01 4.512456E-01 3.667197E-01
1.011364E+01 4.658773E-01 3.434043E-01
1.009369E+01 4.812484E-01 3.205680E-01
1.007382E+01 4.974111E-01 2.983459E-01
1.005403E+01 5.143740E-01 2.768892E-01
1.003431E+01 5.320999E-01 2.563495E-01
1.001468E+01 5.505088E-01 2.368642E-01
9.995112E+00 5.694872E-01 2.185440E-01
9.975630E+00 5.888993E-01 2.014658E-01
9.956222E+00 6.085995E-01 1.856714E-01
9.936891E+00 6.284431E-01 1.711691E-01
9.917634E+00 6.482940E-01 1.579388E-01
9.898452E+00 6.680299E-01 1.459382E-01
9.879344E+00 6.875448E-01 1.351083E-01
9.860309E+00 7.067499E-01 1.253795E-01
9.841348E+00 7.255729E-01 1.166754E-01
9.822459E+00 7.439569E-01 1.089169E-01
9.803643E+00 7.618591E-01 1.020245E-01
9.784899E+00 7.792484E-01 9.592022E-02
9.766226E+00 7.961045E-01 9.052935E-02
9.747615E+00 8.124159E-01 8.578102E-02
9.729084E+00 8.281782E-01 8.160894E-02
9.710623E+00 8.433933E-01 7.795165E-02
9.692233E+00 8.580680E-01 7.475269E-02
9.673912E+00 8.722128E-01 7.196053E-02
9.655660E+00 8.858414E-01 6.952847E-02
9.637477E+00 8.989694E-01 6.741441E-02
9.619362E+00 9.116143E-01 6.558059E-02
9.601315E+00 9.237945E-01 6.399333E-02
9.583336E+00 9.355292E-01 6.262269E-02
9.565424E+00 9.468376E-01 6.144219E-02
9.547578E+00 9.577389E-01 6.042845E-02
9.529800E+00 9.682522E-01 5.956095E-02
9.512078E+00 9.783959E-01 5.882171E-02
9.494431E+00 9.881880E-01 5.819501E-02
9.476849E+00 9.976458E-01 5.766716E-02
9.459333E+00 1.006786E+00 5.722625E-02
9.441881E+00 1.015623E+00 5.686193E-02
9.424493E+00 1.024173E+00 5.656523E-02
9.407170E+00 1.032450E+00 5.632838E-02
9.389909E+00 1.040466E+00 5.614464E-02
9.372712E+00 1.048234E+00 5.600818E-02
9.355578E+00 1.055767E+00 5.591392E-02
9.338507E+00 1.063073E+00 5.585747E-02
9.321498E+00 1.070165E+00 5.583500E-02
9.304541E+00 1.077050E+00 5.584316E-02
9.287655E+00 1.083739E+00 5.587900E-02
9.270831E+00 1.090239E+00 5.593996E-02
9.254067E+00 1.096559E+00 5.602375E-02
9.237363E+00 1.102705E+00 5.612833E-02
9.220720E+00 1.108684E+00 5.625188E-02
9.204137E+00 1.114503E+00 5.639278E-02
9.187613E+00 1.120167E+00 5.654953E-02
9.171148E+00 1.125683E+00 5.672080E-02
9.154743E+00 1.131055E+00 5.690533E-02
9.138396E+00 1.136289E+00 5.710199E-02
9.122107E+00 1.141389E+00 5.730971E-02
9.105876E+00 1.146360E+00 5.752750E-02
9.089694E+00 1.151205E+00 5.775443E-02
9.073579E+00 1.155930E+00 5.798961E-02
9.057520E+00 1.160536E+00 5.823222E-02
9.041518E+00 1.165029E+00 5.848146E-02
9.025572E+00 1.169411E+00 5.873657E-02
9.009683E+00 1.173686E+00 5.899681E-02
8.993849E+00 1.177857E+00 5.926149E-02
8.978071E+00 1.181926E+00 5.952993E-02
8.962348E+00 1.185897E+00 5.980146E-02
8.946680E+00 1.189771E+00 6.007546E-02
8.931067E+00 1.193552E+00 6.035128E-02
8.915509E+00 1.197242E+00 6.062833E-02
8.899996E+00 1.200844E+00 6.090600E-02
8.884545E+00 1.204358E+00 6.118372E-02
8.869148E+00 1.207789E+00 6.146091E-02
8.853804E+00 1.211137E+00 6.173699E-02
8.838513E+00 1.214405E+00 6.201141E-02
8.823275E+00 1.217595E+00 6.228361E-02
8.808089E+00 1.220707E+00 6.255305E-02
8.792956E+00 1.223745E+00 6.281918E-02
8.777874E+00 1.226710E+00 6.308146E-02
8.762844E+00 1.229604E+00 6.333935E-02
8.747866E+00 1.232427E+00 6.359230E-02
8.732938E+00 1.235182E+00 6.383979E-02
8.718061E+00 1.237870E+00 6.408128E-02
8.703228E+00 1.240493E+00 6.431623E-02
8.688452E+00 1.243052E+00 6.454409E-02
8.673727E+00 1.245548E+00 6.476434E-02
8.659051E+00 1.247983E+00 6.497643E-02
8.644425E+00 1.250358E+00 6.517981E-02
8.629848E+00 1.252674E+00 6.537394E-02
8.615320E+00 1.254932E+00 6.555828E-02
8.600841E+00 1.257135E+00 6.573227E-02
8.586411E+00 1.259282E+00 6.589535E-02
8.572029E+00 1.261376E+00 6.604697E-02
8.557695E+00 1.263417E+00 6.618656E-02
8.543409E+00 1.265406E+00 6.631357E-02
8.529170E+00 1.267345E+00 6.642743E-02
8.514972E+00 1.269235E+00 6.652757E-02
8.500828E+00 1.271077E+00 6.661342E-02
8.486731E+00 1.272872E+00 6.668440E-02
8.472681E+00 1.274621E+00 6.673996E-02
8.458677E+00 1.276325E+00 6.677950E-02
8.444719E+00 1.277986E+00 6.680248E-02
8.430808E+00 1.279604E+00 6.680830E-02
8.416942E+00 1.281181E+00 6.679642E-02
8.403121E+00 1.282718E+00 6.676627E-02
8.389346E+00 1.284216E+00 6.671729E-02
8.375616E+00 1.285676E+00 6.664893E-02
8.361931E+00 1.287099E+00 6.656066E-02
8.348284E+00 1.288488E+00 6.645195E-02
8.334688E+00 1.289841E+00 6.632228E-02
8.321136E+00 1.291162E+00 6.617115E-02
8.307628E+00 1.292451E+00 6.599807E-02
8.294164E+00 1.293709E+00 6.580258E-02
8.280744E+00 1.294939E+00 6.558423E-02
8.267367E+00 1.296140E+00 6.534261E-02
8.254033E+00 1.297315E+00 6.507732E-02
8.240742E+00 1.298464E+00 6.478800E-02
8.227493E+00 1.299590E+00 6.447431E-02
8.214288E+00 1.300693E+00 6.413595E-02
8.201124E+00 1.301775E+00 6.377268E-02
8.188003E+00 1.302837E+00 6.338427E-02
8.174917E+00 1.303881E+00 6.297055E-02
8.161879E+00 1.304908E+00 6.253138E-02
8.148883E+00 1.305920E+00 6.206669E-02
8.135929E+00 1.306918E+00 6.157646E-02
8.123015E+00 1.307903E+00 6.106072E-02
8.110142E+00 1.308878E+00 6.051954E-02
8.097310E+00 1.309843E+00 5.995308E-02
8.084519E+00 1.310800E+00 5.936154E-02
8.071768E+00 1.311751E+00 5.874520E-02
8.059057E+00 1.312697E+00 5.810439E-02
8.046386E+00 1.313640E+00 5.743950E-02
8.033755E+00 1.314580E+00 5.675102E-02
8.021163E+00 1.315520E+00 5.603948E-02
8.008604E+00 1.316460E+00 5.530549E-02
7.996092E+00 1.317403E+00 5.454971E-02
7.983618E+00 1.318350E+00 5.377289E-02
7.971183E+00 1.319301E+00 5.297584E-02
7.958786E+00 1.320258E+00 5.215942E-02
7.946428E+00 1.321223E+00 5.132456E-02
7.934109E+00 1.322195E+00 5.047227E-02
7.921827E+00 1.323178E+00 4.960358E-02
7.909584E+00 1.324171E+00 4.871959E-02
7.897378E+00 1.325176E+00 4.782147E-02
7.885210E+00 1.326193E+00 4.691040E-02
7.873080E+00 1.327223E+00 4.598763E-02
7.860980E+00 1.328267E+00 4.505441E-02
7.848924E+00 1.329326E+00 4.411206E-02
7.836905E+00 1.330400E+00 4.316190E-02
7.824922E+00 1.331490E+00 4.220528E-02
7.812976E+00 1.332595E+00 4.124354E-02
7.801067E+00 1.333718E+00 4.027806E-02
7.789193E+00 1.334856E+00 3.931021E-02
7.777356E+00 1.336012E+00 3.834133E-02
7.765555E+00 1.337184E+00 3.737277E-02
7.753789E+00 1.338374E+00 3.640588E-02
7.742059E+00 1.339579E+00 3.544195E-02
7.730365E+00 1.340802E+00 3.448227E-02
7.718706E+00 1.342041E+00 3.352808E-02
7.707076E+00 1.343295E+00 3.258059E-02
7.695487E+00 1.344566E+00 3.164097E-02
7.683932E+00 1.345851E+00 3.071033E-02
7.672413E+00 1.347151E+00 2.978973E-02
7.660927E+00 1.348465E+00 2.888020E-02
7.649477E+00 1.349792E+00 2.798270E-02
7.638060E+00 1.351132E+00 2.709810E-02
7.626677E+00 1.352484E+00 2.622727E-02
7.615328E+00 1.353848E+00 2.537096E-02
7.604013E+00 1.355221E+00 2.452989E-02
7.592732E+00 1.356605E+00 2.370471E-02
7.581484E+00 1.357997E+00 2.289599E-02
7.570269E+00 1.359397E+00 2.210426E-02
7.559082E+00 1.360804E+00 2.132997E-02
7.547933E+00 1.362218E+00 2.057351E-02
7.536817E+00 1.363637E+00 1.983522E-02
7.525734E+00 1.365060E+00 1.911536E-02
7.514684E+00 1.366488E+00 1.841416E-02
7.503666E+00 1.367918E+00 1.773176E-02
7.492680E+00 1.369350E+00 1.706827E-02
7.481726E+00 1.370783E+00 1.642375E-02
7.470804E+00 1.372216E+00 1.579820E-02
7.459914E+00 1.373650E+00 1.519159E-02
7.449056E+00 1.375082E+00 1.460382E-02
7.438229E+00 1.376512E+00 1.403478E-02
7.427428E+00 1.377940E+00 1.348430E-02
7.416665E+00 1.379364E+00 1.295219E-02
7.405932E+00 1.380784E+00 1.243822E-02
7.395230E+00 1.382200E+00 1.194214E-02
7.384559E+00 1.383611E+00 1.146366E-02
7.373919E+00 1.385016E+00 1.100247E-02
7.363309E+00 1.386415E+00 1.055826E-02
7.352730E+00 1.387807E+00 1.013066E-02
7.342182E+00 1.389192E+00 9.719327E-03
7.331663E+00 1.390569E+00 9.323877E-03
7.321175E+00 1.391938E+00 8.943923E-03
7.310716E+00 1.393299E+00 8.579069E-03
7.300288E+00 1.394651E+00 8.228909E-03
7.289884E+00 1.395994E+00 7.893032E-03
7.279514E+00 1.397328E+00 7.571024E-03
7.269175E+00 1.398652E+00 7.262466E-03
7.258864E+00 1.399966E+00 6.966939E-03
7.248583E+00 1.401269E+00 6.684026E-03
7.238331E+00 1.402563E+00 6.413309E-03
7.228108E+00 1.403846E+00 6.154373E-03
7.217913E+00 1.405119E+00 5.906808E-03
7.207747E+00 1.406381E+00 5.670208E-03
7.197610E+00 1.407632E+00 5.444171E-03
7.187502E+00 1.408872E+00 5.228303E-03
7.177422E+00 1.410101E+00 5.022217E-03
7.167364E+00 1.411319E+00 4.825532E-03
7.157341E+00 1.412526E+00 4.637875E-03
7.147345E+00 1.413722E+00 4.458884E-03
7.137377E+00 1.414906E+00 4.288201E-03
7.127436E+00 1.416080E+00 4.125481E-03
7.117524E+00 1.417243E+00 3.970387E-03
7.107639E+00 1.418395E+00 3.822591E-03
7.097781E+00 1.419535E+00 3.681775E-03
7.087951E+00 1.420665E+00 3.547631E-03
7.078148E+00 1.421784E+00 3.419861E-03
7.068372E+00 1.422892E+00 3.298175E-03
7.058623E+00 1.423990E+00 3.182296E-03
7.048900E+00 1.425077E+00 3.071955E-03
7.039200E+00 1.426154E+00 2.966894E-03
7.029531E+00 1.427220E+00 2.866867E-03
7.019889E+00 1.428276E+00 2.771638E-03
7.010273E+00 1.429322E+00 2.680985E-03
7.000683E+00 1.430358E+00 2.594700E-03
6.991120E+00 1.431384E+00 2.512591E-03
6.981583E+00 1.432401E+00 2.434485E-03
6.972071E+00 1.433408E+00 2.360231E-03
6.962586E+00 1.434406E+00 2.289705E-03
6.953126E+00 1.435395E+00 2.222813E-03
6.943692E+00 1.436375E+00 2.159493E-03
6.934284E+00 1.437346E+00 2.099722E-03
6.924901E+00 1.438308E+00 2.043515E-03
6.915538E+00 1.439262E+00 1.990920E-03
6.906206E+00 1.440208E+00 1.942016E-03
6.896899E+00 1.441145E+00 1.896902E-03
6.887617E+00 1.442073E+00 1.855674E-03
6.878360E+00 1.442993E+00 1.818410E-03
6.869127E+00 1.443904E+00 1.785138E-03
6.859920E+00 1.444805E+00 1.755807E-03
6.850737E+00 1.445697E+00 1.730259E-03
6.841578E+00 1.446579E+00 1.708204E-03
6.832445E+00 1.447450E+00 1.689203E-03
6.823335E+00 1.448310E+00 1.672664E-03
6.814250E+00 1.449159E+00 1.657855E-03
6.805184E+00 1.449998E+00 1.643938E-03
6.796147E+00 1.450825E+00 1.630006E-03
6.787134E+00 1.451641E+00 1.615151E-03
6.778145E+00 1.452448E+00 1.598527E-03
6.769179E+00 1.453245E+00 1.579417E-03
6.760237E+00 1.454034E+00 1.557297E-03
6.751319E+00 1.454816E+00 1.531877E-03
6.742425E+00 1.455592E+00 1.503131E-03
6.733553E+00 1.456362E+00 1.471292E-03
6.724705E+00 1.457129E+00 1.436834E-03
6.715881E+00 1.457892E+00 1.400426E-03
6.707079E+00 1.458653E+00 1.362868E-03
6.698301E+00 1.459411E+00 1.325026E-03
6.689540E+00 1.460167E+00 1.287762E-03
6.680808E+00 1.460921E+00 1.251872E-03
6.672098E+00 1.461671E+00 1.218038E-03
6.663410E+00 1.462419E+00 1.186794E-03
6.654746E+00 1.463162E+00 1.158512E-03
6.646104E+00 1.463902E+00 1.133401E-03
6.637484E+00 1.464636E+00 1.111517E-03
6.628886E+00 1.465365E+00 1.092786E-03
6.620311E+00 1.466089E+00 1.077027E-03
6.611758E+00 1.466806E+00 1.063977E-03
6.603227E+00 1.467517E+00 1.053312E-03
6.594718E+00 1.468221E+00 1.044671E-03
6.586231E+00 1.468918E+00 1.037669E-03
6.577762E+00 1.469608E+00 1.031910E-03
6.569318E+00 1.470292E+00 1.026998E-03
6.560896E+00 1.470969E+00 1.022543E-03
6.552496E+00 1.471638E+00 1.018169E-03
6.544117E+00 1.472302E+00 1.013523E-03
6.535760E+00 1.472959E+00 1.008280E-03
6.527424E+00 1.473610E+00 1.002154E-03
6.519109E+00 1.474255E+00 9.949023E-04
6.510815E+00 1.474895E+00 9.863352E-04
6.502542E+00 1.475530E+00 9.763211E-04
6.494291E+00 1.476160E+00 9.647901E-04
6.486060E+00 1.476786E+00 9.517362E-04
6.477846E+00 1.477408E+00 9.372152E-04
6.469657E+00 1.478027E+00 9.213406E-04
6.461489E+00 1.478642E+00 9.042770E-04
6.453341E+00 1.479255E+00 8.862299E-04
6.445213E+00 1.479865E+00 8.674357E-04
6.437107E+00 1.480472E+00 8.481486E-04
6.429020E+00 1.481077E+00 8.286291E-04
6.420954E+00 1.481680E+00 8.091321E-04
6.412908E+00 1.482280E+00 7.898966E-04
6.404882E+00 1.482878E+00 7.711374E-04
6.396876E+00 1.483473E+00 7.530386E-04
6.388890E+00 1.484066E+00 7.357499E-04
6.380925E+00 1.484656E+00 7.193848E-04
6.372975E+00 1.485244E+00 7.040216E-04
6.365048E+00 1.485828E+00 6.897053E-04
6.357142E+00 1.486410E+00 6.764515E-04
6.349255E+00 1.486988E+00 6.642513E-04
6.341387E+00 1.487564E+00 6.530763E-04
6.333539E+00 1.488136E+00 6.428839E-04
6.325711E+00 1.488705E+00 6.336223E-04
6.317902E+00 1.489271E+00 6.252353E-04
6.310112E+00 1.489833E+00 6.176660E-04
6.302341E+00 1.490393E+00 6.108598E-04
6.294589E+00 1.490949E+00 6.047672E-04
6.286857E+00 1.491502E+00 5.993448E-04
6.279143E+00 1.492051E+00 5.945566E-04
6.271444E+00 1.492598E+00 5.903747E-04
6.263769E+00 1.493142E+00 5.867786E-04
6.256111E+00 1.493683E+00 5.837552E-04
6.248473E+00 1.494220E+00 5.812984E-04
6.240853E+00 1.494755E+00 5.794079E-04
6.233252E+00 1.495287E+00 5.780891E-04
6.225669E+00 1.495817E+00 5.773517E-04
6.218105E+00 1.496343E+00 5.772091E-04
6.210559E+00 1.496867E+00 5.776784E-04
6.203031E+00 1.497389E+00 5.787786E-04
6.195522E+00 1.497907E+00 5.805314E-04
6.188031E+00 1.498424E+00 5.829597E-04
6.180554E+00 1.498937E+00 5.860877E-04
6.173099E+00 1.499448E+00 5.899408E-04
6.165661E+00 1.499957E+00 5.945446E-04
6.158242E+00 1.500463E+00 5.999254E-04
6.150841E+00 1.500967E+00 6.061096E-04
6.143457E+00 1.501469E+00 6.131236E-04
6.136091E+00 1.501968E+00 6.209936E-04
6.128743E+00 1.502465E+00 6.297456E-04
6.121412E+00 1.502959E+00 6.394052E-04
6.114099E+00 1.503452E+00 6.499977E-04
6.106803E+00 1.503942E+00 6.615481E-04
6.099525E+00 1.504430E+00 6.740817E-04
6.092264E+00 1.504916E+00 6.876241E-04
6.085016E+00 1.505399E+00 7.022025E-04
6.077790E+00 1.505881E+00 7.178471E-04
6.070580E+00 1.506361E+00 7.345929E-04
6.063388E+00 1.506839E+00 7.524826E-04
6.056213E+00 1.507315E+00 7.715711E-04
6.049054E+00 1.507790E+00 7.919305E-04
6.041913E+00 1.508263E+00 8.136573E-04
6.034788E+00 1.508735E+00 8.368812E-04
6.027680E+00 1.509205E+00 8.617753E-04
6.020589E+00 1.509675E+00 8.885687E-04
6.013515E+00 1.510144E+00 9.175587E-04
6.006457E+00 1.510612E+00 9.491250E-04
5.999412E+00 1.511080E+00 9.837410E-04
5.992387E+00 1.511547E+00 1.021983E-03
5.985379E+00 1.512014E+00 1.064534E-03
5.978387E+00 1.512481E+00 1.112180E-03
5.971411E+00 1.512947E+00 1.165794E-03
5.964452E+00 1.513412E+00 1.226311E-03
5.957509E+00 1.513874E+00 1.294686E-03
5.950582E+00 1.514334E+00 1.371836E-03
5.943671E+00 1.514790E+00 1.458573E-03
5.936776E+00 1.515240E+00 1.555523E-03
5.929897E+00 1.515682E+00 1.663036E-03
5.923034E+00 1.516114E+00 1.781103E-03
5.916187E+00 1.516535E+00 1.909276E-03
5.909352E+00 1.516941E+00 2.046608E-03
5.902536E+00 1.517331E+00 2.191607E-03
5.895736E+00 1.517702E+00 2.342236E-03
5.888952E+00 1.518054E+00 2.495936E-03
5.882183E+00 1.518384E+00 2.649693E-03
5.875430E+00 1.518692E+00 2.800143E-03
5.868693E+00 1.518979E+00 2.943714E-03
5.861971E+00 1.519244E+00 3.076797E-03
5.855264E+00 1.519491E+00 3.195938E-03
5.848572E+00 1.519722E+00 3.298035E-03
5.841896E+00 1.519939E+00 3.380540E-03
5.835235E+00 1.520147E+00 3.441627E-03
5.828589E+00 1.520349E+00 3.480325E-03
5.821955E+00 1.520551E+00 3.496603E-03
5.815340E+00 1.520755E+00 3.491382E-03
5.808739E+00 1.520966E+00 3.466480E-03
5.802154E+00 1.521187E+00 3.424486E-03
5.795583E+00 1.521420E+00 3.368583E-03
5.789027E+00 1.521668E+00 3.302317E-03
5.782486E+00 1.521930E+00 3.229365E-03
5.775960E+00 1.522207E+00 3.153295E-03
5.769448E+00 1.522498E+00 3.077362E-03
5.762951E+00 1.522802E+00 3.004347E-03
5.756469E+00 1.523115E+00 2.936452E-03
5.750001E+00 1.523437E+00 2.875254E-03
5.743545E+00 1.523764E+00 2.821710E-03
5.737106E+00 1.524096E+00 2.776210E-03
5.730682E+00 1.524428E+00 2.738656E-03
5.724272E+00 1.524761E+00 2.708560E-03
5.717877E+00 1.525091E+00 2.685154E-03
5.711495E+00 1.525419E+00 2.667488E-03
5.705128E+00 1.525742E+00 2.654519E-03
5.698775E+00 1.526062E+00 2.645190E-03
5.692437E+00 1.526376E+00 2.638480E-03
5.686112E+00 1.526686E+00 2.633451E-03
5.679801E+00 1.526991E+00 2.629268E-03
5.673505E+00 1.527292E+00 2.625212E-03
5.667222E+00 1.527588E+00 2.620682E-03
5.660950E+00 1.527881E+00 2.615188E-03
5.654695E+00 1.528169E+00 2.608343E-03
5.648454E+00 1.528455E+00 2.599850E-03
5.642226E+00 1.528737E+00 2.589486E-03
5.636013E+00 1.529017E+00 2.577093E-03
5.629813E+00 1.529295E+00 2.562567E-03
5.623626E+00 1.529571E+00 2.545842E-03
5.617454E+00 1.529845E+00 2.526889E-03
5.611294E+00 1.530118E+00 2.505703E-03
5.605149E+00 1.530390E+00 2.482303E-03
5.599016E+00 1.530660E+00 2.456725E-03
5.592897E+00 1.530930E+00 2.429018E-03
5.586792E+00 1.531200E+00 2.399244E-03
5.580697E+00 1.531469E+00 2.367476E-03
5.574618E+00 1.531738E+00 2.333796E-03
5.568552E+00 1.532007E+00 2.298293E-03
5.562499E+00 1.532276E+00 2.261066E-03
5.556460E+00 1.532546E+00 2.222220E-03
5.550434E+00 1.532816E+00 2.181866E-03
5.544421E+00 1.533086E+00 2.140122E-03
5.538420E+00 1.533357E+00 2.097114E-03
5.532433E+00 1.533629E+00 2.052972E-03
5.526459E+00 1.533902E+00 2.007835E-03
5.520497E+00 1.534176E+00 1.961847E-03
5.514549E+00 1.534451E+00 1.915161E-03
5.508610E+00 1.534727E+00 1.867934E-03
5.502687E+00 1.535005E+00 1.820335E-03
5.496777E+00 1.535284E+00 1.772538E-03
5.490879E+00 1.535564E+00 1.724728E-03
5.484994E+00 1.535845E+00 1.677097E-03
5.479122E+00 1.536128E+00 1.629850E-03
5.473262E+00 1.536412E+00 1.583197E-03
5.467415E+00 1.536698E+00 1.537362E-03
5.461580E+00 1.536985E+00 1.492575E-03
5.455758E+00 1.537274E+00 1.449075E-03
5.449948E+00 1.537564E+00 1.407104E-03
5.444150E+00 1.537855E+00 1.366913E-03
5.438365E+00 1.538147E+00 1.328749E-03
5.432589E+00 1.538440E+00 1.292858E-03
5.426828E+00 1.538734E+00 1.259476E-03
5.421080E+00 1.539029E+00 1.228829E-03
5.415343E+00 1.539323E+00 1.201120E-03
5.409619E+00 1.539618E+00 1.176527E-03
5.403907E+00 1.539912E+00 1.155194E-03
5.398207E+00 1.540206E+00 1.137226E-03
5.392519E+00 1.540498E+00 1.122679E-03
5.386843E+00 1.540789E+00 1.111556E-03
5.381178E+00 1.541078E+00 1.103800E-03
5.375526E+00 1.541365E+00 1.099290E-03
5.369886E+00 1.541648E+00 1.097841E-03
5.364257E+00 1.541929E+00 1.099197E-03
5.358638E+00 1.542206E+00 1.103038E-03
5.353032E+00 1.542479E+00 1.108984E-03
5.347439E+00 1.542748E+00 1.116599E-03
5.341858E+00 1.543013E+00 1.125400E-03
5.336288E+00 1.543274E+00 1.134873E-03
5.330729E+00 1.543530E+00 1.144487E-03
5.325182E+00 1.543781E+00 1.153706E-03
5.319647E+00 1.544029E+00 1.162017E-03
5.314123E+00 1.544273E+00 1.168943E-03
5.308611E+00 1.544513E+00 1.174070E-03
5.303110E+00 1.544751E+00 1.177060E-03
5.297620E+00 1.544986E+00 1.177679E-03
5.292139E+00 1.545219E+00 1.175806E-03
5.286672E+00 1.545450E+00 1.171444E-03
5.281217E+00 1.545681E+00 1.164729E-03
5.275773E+00 1.545912E+00 1.155926E-03
5.270339E+00 1.546142E+00 1.145413E-03
5.264917E+00 1.546374E+00 1.133669E-03
5.259507E+00 1.546605E+00 1.121239E-03
5.254107E+00 1.546838E+00 1.108699E-03
5.248718E+00 1.547070E+00 1.096614E-03
5.243341E+00 1.547303E+00 1.085493E-03
5.237974E+00 1.547536E+00 1.075739E-03
5.232619E+00 1.547768E+00 1.067611E-03
5.227274E+00 1.547998E+00 1.061192E-03
5.221938E+00 1.548226E+00 1.056361E-03
5.216615E+00 1.548451E+00 1.052790E-03
5.211303E+00 1.548672E+00 1.049955E-03
5.206001E+00 1.548890E+00 1.047157E-03
5.200711E+00 1.549103E+00 1.043567E-03
5.195431E+00 1.549313E+00 1.038280E-03
5.190162E+00 1.549518E+00 1.030382E-03
5.184904E+00 1.549720E+00 1.019014E-03
5.179656E+00 1.549920E+00 1.003445E-03
5.174419E+00 1.550117E+00 9.831278E-04
5.169193E+00 1.550314E+00 9.577497E-04
5.163977E+00 1.550512E+00 9.272612E-04
5.158769E+00 1.550710E+00 8.918865E-04
5.153574E+00 1.550912E+00 8.521121E-04
5.148389E+00 1.551116E+00 8.086553E-04
5.143215E+00 1.551325E+00 7.624147E-04
5.138052E+00 1.551538E+00 7.144093E-04
5.132898E+00 1.551756E+00 6.657104E-04
5.127755E+00 1.551979E+00 6.173745E-04
5.122623E+00 1.552206E+00 5.703816E-04
5.117500E+00 1.552437E+00 5.255849E-04
5.112388E+00 1.552671E+00 4.836750E-04
5.107286E+00 1.552907E+00 4.451596E-04
5.102194E+00 1.553146E+00 4.103585E-04
5.097113E+00 1.553385E+00 3.794125E-04
5.092039E+00 1.553625E+00 3.523033E-04
5.086977E+00 1.553864E+00 3.288795E-04
5.081926E+00 1.554103E+00 3.088880E-04
5.076884E+00 1.554340E+00 2.920050E-04
5.071853E+00 1.554575E+00 2.778655E-04
5.066832E+00 1.554808E+00 2.660892E-04
5.061820E+00 1.555040E+00 2.563015E-04
5.056818E+00 1.555269E+00 2.481497E-04
5.051827E+00 1.555496E+00 2.413131E-04
5.046845E+00 1.555720E+00 2.355099E-04
5.041873E+00 1.555943E+00 2.304993E-04
5.036910E+00 1.556164E+00 2.260810E-04
5.031958E+00 1.556383E+00 2.220923E-04
5.027013E+00 1.556600E+00 2.184047E-04
5.022080E+00 1.556815E+00 2.149190E-04
5.017156E+00 1.557029E+00 2.115605E-04
5.012242E+00 1.557241E+00 2.082745E-04
5.007338E+00 1.557452E+00 2.050222E-04
5.002444E+00 1.557662E+00 2.017773E-04
4.997559E+00 1.557870E+00 1.985228E-04
4.992683E+00 1.558077E+00 1.952487E-04
4.987817E+00 1.558284E+00 1.919499E-04
4.982961E+00 1.558489E+00 1.886254E-04
4.978114E+00 1.558693E+00 1.852763E-04
4.973276E+00 1.558896E+00 1.819058E-04
4.968445E+00 1.559098E+00 1.785180E-04
4.963627E+00 1.559299E+00 1.751179E-04
4.958817E+00 1.559499E+00 1.717109E-04
4.954017E+00 1.559698E+00 1.683028E-04
4.949226E+00 1.559897E+00 1.648993E-04
4.944444E+00 1.560095E+00 1.615062E-04
4.939672E+00 1.560291E+00 1.581293E-04
4.934909E+00 1.560487E+00 1.547741E-04
4.930155E+00 1.560683E+00 1.514460E-04
4.925410E+00 1.560877E+00 1.481502E-04
4.920674E+00 1.561071E+00 1.448916E-04
4.915947E+00 1.561264E+00 1.416750E-04
4.911230E+00 1.561456E+00 1.385046E-04
4.906519E+00 1.561647E+00 1.353847E-04
4.901819E+00 1.561838E+00 1.323191E-04
4.897128E+00 1.562028E+00 1.293111E-04
4.892447E+00 1.562217E+00 1.263641E-04
4.887774E+00 1.562405E+00 1.234809E-04
4.883111E+00 1.562593E+00 1.206640E-04
4.878456E+00 1.562780E+00 1.179156E-04
4.873810E+00 1.562966E+00 1.152376E-04
4.869173E+00 1.563152E+00 1.126317E-04
4.864544E+00 1.563337E+00 1.100990E-04
4.859925E+00 1.563521E+00 1.076407E-04
4.855314E+00 1.563704E+00 1.052574E-04
4.850712E+00 1.563887E+00 1.029494E-04
4.846116E+00 1.564069E+00 1.007171E-04
4.841532E+00 1.564251E+00 9.856021E-05
4.836956E+00 1.564431E+00 9.647844E-05
4.832389E+00 1.564611E+00 9.447123E-05
4.827830E+00 1.564791E+00 9.253778E-05
4.823280E+00 1.564969E+00 9.067712E-05
4.818738E+00 1.565147E+00 8.888806E-05
4.814205E+00 1.565325E+00 8.716929E-05
4.809681E+00 1.565501E+00 8.551930E-05
4.805165E+00 1.565677E+00 8.393646E-05
4.800657E+00 1.565852E+00 8.241903E-05
4.796158E+00 1.566027E+00 8.096513E-05
4.791666E+00 1.566201E+00 7.957280E-05
4.787183E+00 1.566374E+00 7.824002E-05
4.782710E+00 1.566547E+00 7.696467E-05
4.778244E+00 1.566718E+00 7.574459E-05
4.773787E+00 1.566890E+00 7.457757E-05
4.769338E+00 1.567060E+00 7.346139E-05
4.764898E+00 1.567230E+00 7.239378E-05
4.760465E+00 1.567400E+00 7.137250E-05
4.756041E+00 1.567568E+00 7.039529E-05
4.751625E+00 1.567736E+00 6.945989E-05
4.747218E+00 1.567903E+00 6.856408E-05
4.742818E+00 1.568070E+00 6.770566E-05
4.738427E+00 1.568236E+00 6.688246E-05
4.734042E+00 1.568402E+00 6.609237E-05
4.729666E+00 1.568567E+00 6.533331E-05
4.725299E+00 1.568731E+00 6.460325E-05
4.720940E+00 1.568894E+00 6.390023E-05
4.716590E+00 1.569057E+00 6.322235E-05
4.712247E+00 1.569220E+00 6.256776E-05
4.707912E+00 1.569381E+00 6.193469E-05
4.703585E+00 1.569543E+00 6.132143E-05
4.699266E+00 1.569703E+00 6.072637E-05
4.694955E+00 1.569863E+00 6.014792E-05
4.690652E+00 1.570022E+00 5.958462E-05
4.686356E+00 1.570181E+00 5.903504E-05
4.682067E+00 1.570339E+00 5.849784E-05
4.677787E+00 1.570497E+00 5.797177E-05
4.673515E+00 1.570654E+00 5.745562E-05
4.669251E+00 1.570810E+00 5.694828E-05
4.664995E+00 1.570966E+00 5.644870E-05
4.660747E+00 1.571122E+00 5.595590E-05
4.656506E+00 1.571276E+00 5.546895E-05
4.652273E+00 1.571431E+00 5.498703E-05
4.648048E+00 1.571584E+00 5.450935E-05
4.643830E+00 1.571737E+00 5.403517E-05
4.639620E+00 1.571890E+00 5.356386E-05
4.635417E+00 1.572042E+00 5.309479E-05
4.631223E+00 1.572193E+00 5.262743E-05
4.627033E+00 1.572344E+00 5.216128E-05
4.622854E+00 1.572494E+00 5.169590E-05
4.618682E+00 1.572644E+00 5.123090E-05
4.614517E+00 1.572794E+00 5.076592E-05
4.610360E+00 1.572942E+00 5.030066E-05
4.606210E+00 1.573091E+00 4.983486E-05
4.602068E+00 1.573238E+00 4.936829E-05
4.597934E+00 1.573386E+00 4.890077E-05
4.593806E+00 1.573532E+00 4.843214E-05
4.589687E+00 1.573679E+00 4.796228E-05
4.585574E+00 1.573824E+00 4.749112E-05
4.581469E+00 1.573970E+00 4.701857E-05
4.577371E+00 1.574114E+00 4.654462E-05
4.573279E+00 1.574259E+00 4.606925E-05
4.569196E+00 1.574402E+00 4.559247E-05
4.565120E+00 1.574546E+00 4.511433E-05
4.561051E+00 1.574689E+00 4.463487E-05
4.556990E+00 1.574831E+00 4.415417E-05
4.552936E+00 1.574973E+00 4.367231E-05
4.548889E+00 1.575114E+00 4.318941E-05
4.544849E+00 1.575255E+00 4.270558E-05
4.540817E+00 1.575395E+00 4.222095E-05
4.536791E+00 1.575535E+00 4.173567E-05
4.532773E+00 1.575675E+00 4.124988E-05
4.528762E+00 1.575814E+00 4.076375E-05
4.524756E+00 1.575952E+00 4.027746E-05
4.520759E+00 1.576090E+00 3.979116E-05
4.516769E+00 1.576228E+00 3.930506E-05
4.512786E+00 1.576365E+00 3.881934E-05
4.508810E+00 1.576502E+00 3.833418E-05
4.504841E+00 1.576638E+00 3.784980E-05
4.500879E+00 1.576774E+00 3.736638E-05
4.496925E+00 1.576910E+00 3.688414E-05
4.492977E+00 1.577045E+00 3.640328E-05
4.489036E+00 1.577179E+00 3.592400E-05
4.485101E+00 1.577313E+00 3.544651E-05
4.481174E+00 1.577447E+00 3.497103E-05
4.477254E+00 1.577580E+00 3.449775E-05
4.473338E+00 1.577713E+00 3.402688E-05
4.469432E+00 1.577845E+00 3.355864E-05
4.465532E+00 1.577977E+00 3.309322E-05
4.461639E+00 1.578109E+00 3.263083E-05
4.457752E+00 1.578240E+00 3.217167E-05
4.453873E+00 1.578371E+00 3.171594E-05
4.450000E+00 1.578501E+00 3.126384E-05
4.446134E+00 1.578631E+00 3.081555E-05
4.442275E+00 1.578760E+00 3.037127E-05
4.438422E+00 1.578889E+00 2.993119E-05
4.434576E+00 1.579018E+00 2.949549E-05
4.430737E+00 1.579146E+00 2.906434E-05
4.426904E+00 1.579274E+00 2.863793E-05
4.423076E+00 1.579402E+00 2.821643E-05
4.419257E+00 1.579529E+00 2.780000E-05
4.415444E+00 1.579655E+00 2.738880E-05
4.411638E+00 1.579781E+00 2.698300E-05
4.407838E+00 1.579907E+00 2.658275E-05
4.404045E+00 1.580033E+00 2.618820E-05
4.400258E+00 1.580158E+00 2.579950E-05
4.396478E+00 1.580282E+00 2.541677E-05
4.392704E+00 1.580407E+00 2.504016E-05
4.388937E+00 1.580531E+00 2.466980E-05
4.385176E+00 1.580654E+00 2.430581E-05
4.381422E+00 1.580777E+00 2.394830E-05
4.377672E+00 1.580900E+00 2.359740E-05
4.373931E+00 1.581022E+00 2.325321E-05
4.370196E+00 1.581144E+00 2.291584E-05
4.366467E+00 1.581266E+00 2.258538E-05
4.362745E+00 1.581387E+00 2.226193E-05
4.359029E+00 1.581508E+00 2.194557E-05
4.355319E+00 1.581629E+00 2.163638E-05
4.351616E+00 1.581749E+00 2.133444E-05
4.347919E+00 1.581868E+00 2.103983E-05
4.344228E+00 1.581988E+00 2.075260E-05
4.340543E+00 1.582107E+00 2.047283E-05
4.336865E+00 1.582226E+00 2.020055E-05
4.333193E+00 1.582344E+00 1.993583E-05
4.329525E+00 1.582462E+00 1.967870E-05
4.325866E+00 1.582579E+00 1.942921E-05
4.322212E+00 1.582697E+00 1.918739E-05
4.318565E+00 1.582813E+00 1.895326E-05
4.314924E+00 1.582930E+00 1.872686E-05
4.311289E+00 1.583046E+00 1.850820E-05
4.307660E+00 1.583162E+00 1.829729E-05
4.304037E+00 1.583277E+00 1.809414E-05
4.300420E+00 1.583392E+00 1.789876E-05
4.296810E+00 1.583507E+00 1.771113E-05
4.293205E+00 1.583621E+00 1.753127E-05
4.289607E+00 1.583736E+00 1.735915E-05
4.286014E+00 1.583849E+00 1.719475E-05
4.282426E+00 1.583963E+00 1.703807E-05
4.278846E+00 1.584076E+00 1.688907E-05
4.275271E+00 1.584188E+00 1.674772E-05
4.271702E+00 1.584301E+00 1.661398E-05
4.268140E+00 1.584413E+00 1.648783E-05
4.264583E+00 1.584524E+00 1.636921E-05
4.261033E+00 1.584636E+00 1.625809E-05
4.257488E+00 1.584747E+00 1.615440E-05
4.253949E+00 1.584857E+00 1.605809E-05
4.250416E+00 1.584968E+00 1.596910E-05
4.246889E+00 1.585078E+00 1.588738E-05
4.243367E+00 1.585187E+00 1.581284E-05
4.239850E+00 1.585297E+00 1.574543E-05
4.236340E+00 1.585406E+00 1.568506E-05
4.232836E+00 1.585514E+00 1.563166E-05
4.229338E+00 1.585623E+00 1.558515E-05
4.225846E+00 1.585731E+00 1.554543E-05
4.222360E+00 1.585838E+00 1.551243E-05
4.218879E+00 1.585946E+00 1.548605E-05
4.215404E+00 1.586053E+00 1.546619E-05
4.211934E+00 1.586160E+00 1.545277E-05
4.208471E+00 1.586266E+00 1.544566E-05
4.205013E+00 1.586372E+00 1.544479E-05
4.201561E+00 1.586478E+00 1.545002E-05
4.198114E+00 1.586584E+00 1.546127E-05
4.194671E+00 1.586689E+00 1.547841E-05
4.191236E+00 1.586794E+00 1.550132E-05
4.187806E+00 1.586898E+00 1.552991E-05
4.184382E+00 1.587003E+00 1.556403E-05
4.180964E+00 1.587107E+00 1.560358E-05
4.177551E+00 1.587210E+00 1.564843E-05
4.174144E+00 1.587314E+00 1.569844E-05
4.170742E+00 1.587417E+00 1.575351E-05
4.167346E+00 1.587519E+00 1.581348E-05
4.163955E+00 1.587622E+00 1.587825E-05
4.160570E+00 1.587724E+00 1.594766E-05
4.157190E+00 1.587826E+00 1.602158E-05
4.153814E+00 1.587927E+00 1.609989E-05
4.150445E+00 1.588029E+00 1.618243E-05
4.147082E+00 1.588129E+00 1.626908E-05
4.143724E+00 1.588230E+00 1.635968E-05
4.140372E+00 1.588330E+00 1.645411E-05
4.137025E+00 1.588431E+00 1.655220E-05
4.133683E+00 1.588530E+00 1.665384E-05
4.130347E+00 1.588630E+00 1.675885E-05
4.127016E+00 1.588729E+00 1.686711E-05
4.123691E+00 1.588828E+00 1.697846E-05
4.120371E+00 1.588927E+00 1.709276E-05
4.117056E+00 1.589025E+00 1.720987E-05
4.113747E+00 1.589123E+00 1.732962E-05
4.110441E+00 1.589221E+00 1.745188E-05
4.107142E+00 1.589318E+00 1.757650E-05
4.103849E+00 1.589415E+00 1.770333E-05
4.100561E+00 1.589512E+00 1.783223E-05
4.097278E+00 1.589609E+00 1.796304E-05
4.094000E+00 1.589705E+00 1.809563E-05
4.090727E+00 1.589802E+00 1.822985E-05
4.087460E+00 1.589897E+00 1.836555E-05
4.084198E+00 1.589993E+00 1.850260E-05
4.080941E+00 1.590088E+00 1.864087E-05
4.077690E+00 1.590183E+00 1.878021E-05
4.074443E+00 1.590278E+00 1.892049E-05
4.071202E+00 1.590372E+00 1.906160E-05
4.067964E+00 1.590467E+00 1.920341E-05
4.064733E+00 1.590561E+00 1.934580E-05
4.061507E+00 1.590654E+00 1.948868E-05
4.058287E+00 1.590748E+00 1.963194E-05
4.055071E+00 1.590841E+00 1.977550E-05
4.051861E+00 1.590934E+00 1.991928E-05
4.048655E+00 1.591026E+00 2.006322E-05
4.045455E+00 1.591119E+00 2.020728E-05
4.042259E+00 1.591211E+00 2.035143E-05
4.039069E+00 1.591302E+00 2.049567E-05
4.035884E+00 1.591394E+00 2.064001E-05
4.032704E+00 1.591485E+00 2.078449E-05
4.029527E+00 1.591576E+00 2.092919E-05
4.026357E+00 1.591667E+00 2.107421E-05
4.023191E+00 1.591758E+00 2.121969E-05
4.020031E+00 1.591848E+00 2.136582E-05
4.016876E+00 1.591938E+00 2.151281E-05
4.013725E+00 1.592028E+00 2.166093E-05
4.010580E+00 1.592118E+00 2.181051E-05
4.007439E+00 1.592207E+00 2.196191E-05
4.004304E+00 1.592296E+00 2.211557E-05
4.001173E+00 1.592385E+00 2.227195E-05
3.998047E+00 1.592474E+00 2.243162E-05
3.994926E+00 1.592562E+00 2.259518E-05
3.991810E+00 1.592650E+00 2.276329E-05
3.988698E+00 1.592738E+00 2.293669E-05
3.985591E+00 1.592826E+00 2.311615E-05
3.982490E+00 1.592913E+00 2.330253E-05
3.979393E+00 1.593000E+00 2.349671E-05
3.976301E+00 1.593087E+00 2.369964E-05
3.973214E+00 1.593174E+00 2.391230E-05
3.970132E+00 1.593260E+00 2.413567E-05
3.967054E+00 1.593347E+00 2.437078E-05
3.963982E+00 1.593433E+00 2.461866E-05
3.960914E+00 1.593518E+00 2.488029E-05
3.957850E+00 1.593604E+00 2.515666E-05
3.954792E+00 1.593689E+00 2.544869E-05
3.951738E+00 1.593774E+00 2.575721E-05
3.948688E+00 1.593859E+00 2.608299E-05
3.945643E+00 1.593944E+00 2.642665E-05
3.942604E+00 1.594028E+00 2.678870E-05
3.939569E+00 1.594112E+00 2.716944E-05
3.936538E+00 1.594196E+00 2.756903E-05
3.933513E+00 1.594280E+00 2.798736E-05
3.930492E+00 1.594363E+00 2.842414E-05
3.927475E+00 1.594446E+00 2.887877E-05
3.924463E+00 1.594529E+00 2.935041E-05
3.921456E+00 1.594612E+00 2.983792E-05
3.918454E+00 1.594695E+00 3.033984E-05
3.915456E+00 1.594777E+00 3.085444E-05
3.912461E+00 1.594859E+00 3.137965E-05
3.909472E+00 1.594940E+00 3.191311E-05
3.906488E+00 1.595022E+00 3.245213E-05
3.903508E+00 1.595103E+00 3.299378E-05
3.900533E+00 1.595184E+00 3.353483E-05
3.897563E+00 1.595264E+00 3.407182E-05
3.894597E+00 1.595345E+00 3.460111E-05
3.891635E+00 1.595425E+00 3.511886E-05
3.888678E+00 1.595505E+00 3.562111E-05
3.885725E+00 1.595585E+00 3.610382E-05
3.882777E+00 1.595664E+00 3.656294E-05
3.879834E+00 1.595743E+00 3.699440E-05
3.876895E+00 1.595822E+00 3.739426E-05
3.873958E+00 1.595901E+00 3.775867E-05
3.871028E+00 1.595979E+00 3.808401E-05
3.868102E+00 1.596057E+00 3.836688E-05
3.865181E+00 1.596135E+00 3.860418E-05
3.862264E+00 1.596213E+00 3.879316E-05
3.859351E+00 1.596290E+00 3.893146E-05
3.856443E+00 1.596368E+00 3.901717E-05
3.853539E+00 1.596445E+00 3.904881E-05
3.850640E+00 1.596522E+00 3.902540E-05
3.847745E+00 1.596598E+00 3.894648E-05
3.844854E+00 1.596675E+00 3.881210E-05
3.841968E+00 1.596751E+00 3.862281E-05
3.839085E+00 1.596827E+00 3.837971E-05
3.836206E+00 1.596903E+00 3.808438E-05
3.833333E+00 1.596979E+00 3.773888E-05
3.830464E+00 1.597054E+00 3.734574E-05
3.827599E+00 1.597130E+00 3.690789E-05
3.824738E+00 1.597205E+00 3.642867E-05
3.821882E+00 1.597280E+00 3.591175E-05
3.819030E+00 1.597355E+00 3.536110E-05
3.816182E+00 1.597430E+00 3.478096E-05
3.813339E+00 1.597504E+00 3.417576E-05
3.810499E+00 1.597579E+00 3.355011E-05
3.807664E+00 1.597653E+00 3.290873E-05
3.804833E+00 1.597728E+00 3.225643E-05
3.802005E+00 1.597802E+00 3.159804E-05
3.799183E+00 1.597876E+00 3.093840E-05
3.796365E+00 1.597949E+00 3.028234E-05
3.793550E+00 1.598023E+00 2.963459E-05
3.790741E+00 1.598097E+00 2.899983E-05
3.787935E+00 1.598170E+00 2.838261E-05
3.785133E+00 1.598243E+00 2.778735E-05
3.782336E+00 1.598316E+00 2.721831E-05
3.779542E+00 1.598389E+00 2.667957E-05
3.776753E+00 1.598462E+00 2.617499E-05
3.773968E+00 1.598535E+00 2.570823E-05
3.771187E+00 1.598607E+00 2.528264E-05
3.768410E+00 1.598680E+00 2.490130E-05
3.765636E+00 1.598752E+00 2.456692E-05
3.762867E+00 1.598824E+00 2.428183E-05
3.760102E+00 1.598896E+00 2.404790E-05
3.757342E+00 1.598968E+00 2.386651E-05
3.754585E+00 1.599039E+00 2.373847E-05
3.751833E+00 1.599111E+00 2.366397E-05
3.749084E+00 1.599182E+00 2.364251E-05
3.746340E+00 1.599253E+00 2.367285E-05
3.743599E+00 1.599323E+00 2.375297E-05
3.740863E+00 1.599394E+00 2.388003E-05
3.738131E+00 1.599464E+00 2.405034E-05
3.735402E+00 1.599534E+00 2.425936E-05
3.732676E+00 1.599604E+00 2.450171E-05
3.729956E+00 1.599674E+00 2.477123E-05
3.727239E+00 1.599743E+00 2.506100E-05
3.724527E+00 1.599813E+00 2.536348E-05
3.721818E+00 1.599881E+00 2.567059E-05
3.719113E+00 1.599950E+00 2.597386E-05
3.716412E+00 1.600019E+00 2.626456E-05
3.713716E+00 1.600087E+00 2.653394E-05
3.711023E+00 1.600155E+00 2.677334E-05
3.708334E+00 1.600223E+00 2.697444E-05
3.705648E+00 1.600290E+00 2.712945E-05
3.702967E+00 1.600358E+00 2.723126E-05
3.700290E+00 1.600425E+00 2.727367E-05
3.697615E+00 1.600492E+00 2.725150E-05
3.694945E+00 1.600559E+00 2.716075E-05
3.692280E+00 1.600625E+00 2.699871E-05
3.689618E+00 1.600692E+00 2.676398E-05
3.686959E+00 1.600758E+00 2.645655E-05
3.684305E+00 1.600824E+00 2.607776E-05
3.681655E+00 1.600890E+00 2.563026E-05
3.679008E+00 1.600956E+00 2.511792E-05
3.676365E+00 1.601021E+00 2.454572E-05
3.673726E+00 1.601087E+00 2.391959E-05
3.671091E+00 1.601153E+00 2.324625E-05
3.668459E+00 1.601218E+00 2.253301E-05
3.665832E+00 1.601283E+00 2.178762E-05
3.663206E+00 1.601348E+00 2.101799E-05
3.660586E+00 1.601414E+00 2.023207E-05
3.657970E+00 1.601479E+00 1.943762E-05
3.655357E+00 1.601543E+00 1.864209E-05
3.652748E+00 1.601608E+00 1.785241E-05
3.650143E+00 1.601673E+00 1.707494E-05
3.647541E+00 1.601738E+00 1.631531E-05
3.644943E+00 1.601802E+00 1.557839E-05
3.642349E+00 1.601866E+00 1.486826E-05
3.639759E+00 1.601931E+00 1.418817E-05
3.637172E+00 1.601995E+00 1.354055E-05
3.634589E+00 1.602059E+00 1.292707E-05
3.632008E+00 1.602123E+00 1.234866E-05
3.629432E+00 1.602186E+00 1.180561E-05
3.626860E+00 1.602250E+00 1.129760E-05
3.624291E+00 1.602314E+00 1.082383E-05
3.621727E+00 1.602377E+00 1.038307E-05
3.619165E+00 1.602440E+00 9.973736E-06
3.616608E+00 1.602503E+00 9.594029E-06
3.614054E+00 1.602566E+00 9.241954E-06
3.611503E+00 1.602629E+00 8.915414E-06
3.608957E+00 1.602691E+00 8.612271E-06
3.606413E+00 1.602754E+00 8.330398E-06
3.603874E+00 1.602816E+00 8.067719E-06
3.601338E+00 1.602878E+00 7.822252E-06
3.598804E+00 1.602940E+00 7.592128E-06
3.596275E+00 1.603002E+00 7.375614E-06
3.593750E+00 1.603064E+00 7.171124E-06
3.591228E+00 1.603125E+00 6.977222E-06
3.588709E+00 1.603186E+00 6.792627E-06
3.586195E+00 1.603248E+00 6.616204E-06
3.583683E+00 1.603309E+00 6.446962E-06
3.581176E+00 1.603370E+00 6.284042E-06
3.578672E+00 1.603430E+00 6.126706E-06
3.576171E+00 1.603491E+00 5.974327E-06
3.573674E+00 1.603551E+00 5.826377E-06
3.571180E+00 1.603612E+00 5.682414E-06
3.568690E+00 1.603672E+00 5.542071E-06
3.566202E+00 1.603732E+00 5.405047E-06
3.563718E+00 1.603792E+00 5.271095E-06
3.561238E+00 1.603851E+00 5.140014E-06
3.558762E+00 1.603911E+00 5.011643E-06
3.556289E+00 1.603970E+00 4.885850E-06
3.553819E+00 1.604030E+00 4.762532E-06
3.551353E+00 1.604089E+00 4.641602E-06
3.548891E+00 1.604148E+00 4.522994E-06
3.546431E+00 1.604207E+00 4.406653E-06
3.543975E+00 1.604266E+00 4.292533E-06
3.541523E+00 1.604324E+00 4.180597E-06
3.539074E+00 1.604383E+00 4.070813E-06
3.536627E+00 1.604441E+00 3.963155E-06
3.534185E+00 1.604499E+00 3.857598E-06
3.531746E+00 1.604557E+00 3.754120E-06
3.529310E+00 1.604615E+00 3.652700E-06
3.526878E+00 1.604673E+00 3.553318E-06
3.524449E+00 1.604731E+00 3.455955E-06
3.522023E+00 1.604788E+00 3.360593E-06
3.519601E+00 1.604845E+00 3.267211E-06
3.517182E+00 1.604903E+00 3.175791E-06
3.514767E+00 1.604960E+00 3.086313E-06
3.512355E+00 1.605017E+00 2.998756E-06
3.509946E+00 1.605074E+00 2.913101E-06
3.507540E+00 1.605130E+00 2.829327E-06
3.505136E+00 1.605187E+00 2.747413E-06
3.502737E+00 1.605243E+00 2.667336E-06
3.500342E+00 1.605300E+00 2.589075E-06
3.497949E+00 1.605356E+00 2.512607E-06
3.495560E+00 1.605412E+00 2.437910E-06
3.493174E+00 1.605468E+00 2.364960E-06
3.490791E+00 1.605524E+00 2.293734E-06
3.488412E+00 1.605579E+00 2.224207E-06
3.486036E+00 1.605635E+00 2.156357E-06
3.483663E+00 1.605690E+00 2.090157E-06
3.481293E+00 1.605746E+00 2.025584E-06
3.478926E+00 1.605801E+00 1.962614E-06
3.476563E+00 1.605856E+00 1.901220E-06
3.474202E+00 1.605911E+00 1.841378E-06
3.471845E+00 1.605966E+00 1.783062E-06
3.469491E+00 1.606020E+00 1.726247E-06
3.467141E+00 1.606075E+00 1.670909E-06
3.464793E+00 1.606129E+00 1.617020E-06
3.462449E+00 1.606184E+00 1.564556E-06
3.460108E+00 1.606238E+00 1.513491E-06
3.457770E+00 1.606292E+00 1.463799E-06
3.455436E+00 1.606346E+00 1.415456E-06
3.453104E+00 1.606400E+00 1.368435E-06
3.450776E+00 1.606453E+00 1.322711E-06
3.448451E+00 1.606507E+00 1.278259E-06
3.446127E+00 1.606560E+00 1.235053E-06
3.443808E+00 1.606614E+00 1.193069E-06
3.441493E+00 1.606667E+00 1.152281E-06
3.439180E+00 1.606720E+00 1.112665E-06
3.436870E+00 1.606773E+00 1.074196E-06
3.434564E+00 1.606826E+00 1.036849E-06
3.432260E+00 1.606878E+00 1.000599E-06
3.429960E+00 1.606931E+00 9.654243E-07
3.427663E+00 1.606984E+00 9.312991E-07
3.425368E+00 1.607036E+00 8.982002E-07
3.423077E+00 1.607088E+00 8.661041E-07
3.420789E+00 1.607140E+00 8.349876E-07
3.418504E+00 1.607192E+00 8.048278E-07
3.416221E+00 1.607244E+00 7.756020E-07
3.413942E+00 1.607296E+00 7.472877E-07
3.411666E+00 1.607348E+00 7.198628E-07
3.409393E+00 1.607399E+00 6.933055E-07
3.407124E+00 1.607451E+00 6.675942E-07
3.404857E+00 1.607502E+00 6.427076E-07
3.402593E+00 1.607553E+00 6.186248E-07
3.400332E+00 1.607604E+00 5.953250E-07
3.398075E+00 1.607655E+00 5.727881E-07
3.395820E+00 1.607706E+00 5.509939E-07
3.393568E+00 1.607757E+00 5.299227E-07
3.391319E+00 1.607808E+00 5.095553E-07
3.389072E+00 1.607858E+00 4.898725E-07
3.386829E+00 1.607909E+00 4.708556E-07
3.384590E+00 1.607959E+00 4.524863E-07
3.382353E+00 1.608009E+00 4.347465E-07
3.380119E+00 1.608059E+00 4.176184E-07
3.377888E+00 1.608109E+00 4.010848E-07
3.375660E+00 1.608159E+00 3.851286E-07
3.373434E+00 1.608209E+00 3.697330E-07
3.371212E+00 1.608258E+00 3.548818E-07
3.368993E+00 1.608308E+00 3.405588E-07
3.366777E+00 1.608357E+00 3.267484E-07
3.364563E+00 1.608407E+00 3.134352E-07
3.362353E+00 1.608456E+00 3.006042E-07
3.360144E+00 1.608505E+00 2.882407E-07
3.357939E+00 1.608554E+00 2.763303E-07
3.355737E+00 1.608603E+00 2.648589E-07
3.353538E+00 1.608652E+00 2.538129E-07
3.351342E+00 1.608700E+00 2.431788E-07
3.349149E+00 1.608749E+00 2.329435E-07
3.346959E+00 1.608797E+00 2.230943E-07
3.344771E+00 1.608846E+00 2.136188E-07
3.342587E+00 1.608894E+00 2.045046E-07
3.340405E+00 1.608942E+00 1.957401E-07
3.338226E+00 1.608990E+00 1.873137E-07
3.336050E+00 1.609038E+00 1.792141E-07
3.333877E+00 1.609086E+00 1.714303E-07
3.331705E+00 1.609134E+00 1.639518E-07
3.329538E+00 1.609181E+00 1.567680E-07
3.327373E+00 1.609229E+00 1.498690E-07
3.325211E+00 1.609276E+00 1.432449E-07
3.323052E+00 1.609324E+00 1.368861E-07
3.320895E+00 1.609371E+00 1.307833E-07
3.318742E+00 1.609418E+00 1.249276E-07
3.316591E+00 1.609465E+00 1.193102E-07
3.314443E+00 1.609512E+00 1.139224E-07
3.312298E+00 1.609559E+00 1.087562E-07
3.310156E+00 1.609606E+00 1.038035E-07
3.308016E+00 1.609652E+00 9.905639E-08
3.305878E+00 1.609699E+00 9.450746E-08
3.303744E+00 1.609745E+00 9.014934E-08
3.301613E+00 1.609791E+00 8.597496E-08
3.299484E+00 1.609838E+00 8.197743E-08
3.297358E+00 1.609884E+00 7.815011E-08
3.295235E+00 1.609930E+00 7.448653E-08
3.293115E+00 1.609976E+00 7.098046E-08
3.290997E+00 1.610022E+00 6.762586E-08
3.288882E+00 1.610067E+00 6.441689E-08
3.286770E+00 1.610113E+00 6.134788E-08
3.284660E+00 1.610158E+00 5.841338E-08
3.282553E+00 1.610204E+00 5.560809E-08
3.280449E+00 1.610249E+00 5.292691E-08
3.278347E+00 1.610294E+00 5.036491E-08
3.276248E+00 1.610340E+00 4.791731E-08
3.274152E+00 1.610385E+00 4.557952E-08
3.272059E+00 1.610430E+00 4.334709E-08
3.269968E+00 1.610474E+00 4.121574E-08
3.267880E+00 1.610519E+00 3.918133E-08
3.265795E+00 1.610564E+00 3.723987E-08
3.263712E+00 1.610608E+00 3.538751E-08
3.261632E+00 1.610653E+00 3.362055E-08
3.259554E+00 1.610697E+00 3.193541E-08
3.257480E+00 1.610742E+00 3.032866E-08
3.255408E+00 1.610786E+00 2.879697E-08
3.253338E+00 1.610830E+00 2.733715E-08
3.251270E+00 1.610874E+00 2.594613E-08
3.249206E+00 1.610918E+00 2.462096E-08
3.247144E+00 1.610962E+00 2.335878E-08
3.245085E+00 1.611005E+00 2.215686E-08
3.243029E+00 1.611049E+00 2.101258E-08
3.240975E+00 1.611093E+00 1.992340E-08
3.238924E+00 1.611136E+00 1.888688E-08
3.236876E+00 1.611180E+00 1.790070E-08
3.234830E+00 1.611223E+00 1.696262E-08
3.232786E+00 1.611266E+00 1.607047E-08
3.230745E+00 1.611309E+00 1.522220E-08
3.228707E+00 1.611352E+00 1.441580E-08
3.226670E+00 1.611395E+00 1.364939E-08
3.224637E+00 1.611438E+00 1.292114E-08
3.222607E+00 1.611481E+00 1.222929E-08
3.220579E+00 1.611523E+00 1.157217E-08
3.218553E+00 1.611566E+00 1.094815E-08
3.216530E+00 1.611608E+00 1.035572E-08
3.214510E+00 1.611651E+00 9.793375E-09
3.212492E+00 1.611693E+00 9.259714E-09
3.210477E+00 1.611735E+00 8.753379E-09
3.208464E+00 1.611777E+00 8.273072E-09
3.206454E+00 1.611819E+00 7.817554E-09
3.204446E+00 1.611861E+00 7.385637E-09
3.202441E+00 1.611903E+00 6.976185E-09
3.200437E+00 1.611945E+00 6.588113E-09
3.198437E+00 1.611987E+00 6.220382E-09
3.196439E+00 1.612028E+00 5.872000E-09
3.194444E+00 1.612070E+00 5.542020E-09
3.192452E+00 1.612111E+00 5.229535E-09
3.190461E+00 1.612153E+00 4.933682E-09
3.188474E+00 1.612194E+00 4.653634E-09
3.186488E+00 1.612235E+00 4.388603E-09
3.184505E+00 1.612276E+00 4.137837E-09
3.182525E+00 1.612317E+00 3.900619E-09
3.180547E+00 1.612358E+00 3.676265E-09
3.178572E+00 1.612399E+00 3.464121E-09
3.176599E+00 1.612440E+00 3.263566E-09
3.174627E+00 1.612481E+00 3.074007E-09
3.172659E+00 1.612521E+00 2.894879E-09
3.170694E+00 1.612562E+00 2.725643E-09
3.168730E+00 1.612602E+00 2.565787E-09
3.166770E+00 1.612643E+00 2.414824E-09
3.164811E+00 1.612683E+00 2.272289E-09
3.162855E+00 1.612723E+00 2.137739E-09
3.160902E+00 1.612763E+00 2.010754E-09
3.158951E+00 1.612803E+00 1.890934E-09
3.157002E+00 1.612843E+00 1.777898E-09
3.155056E+00 1.612883E+00 1.671286E-09
3.153112E+00 1.612923E+00 1.570752E-09
3.151169E+00 1.612962E+00 1.475972E-09
3.149230E+00 1.613002E+00 1.386633E-09
3.147294E+00 1.613042E+00 1.302441E-09
3.145359E+00 1.613081E+00 1.223118E-09
3.143427E+00 1.613120E+00 1.148396E-09
3.141498E+00 1.613160E+00 1.078023E-09
3.139571E+00 1.613199E+00 1.011762E-09
3.137646E+00 1.613238E+00 9.493831E-10
3.135723E+00 1.613277E+00 8.906729E-10
3.133803E+00 1.613316E+00 8.354267E-10
3.131885E+00 1.613355E+00 7.834511E-10
3.129970E+00 1.613394E+00 7.345627E-10
3.128057E+00 1.613433E+00 6.885878E-10
3.126145E+00 1.613471E+00 6.453619E-10
3.124237E+00 1.613510E+00 6.047290E-10
3.122330E+00 1.613549E+00 5.665417E-10
3.120427E+00 1.613587E+00 5.306602E-10
3.118525E+00 1.613625E+00 4.969525E-10
3.116626E+00 1.613664E+00 4.652933E-10
3.114729E+00 1.613702E+00 4.355645E-10
3.112835E+00 1.613740E+00 4.076541E-10
3.110942E+00 1.613778E+00 3.814565E-10
3.109053E+00 1.613816E+00 3.568716E-10
3.107165E+00 1.613854E+00 3.338050E-10
3.105280E+00 1.613892E+00 3.121674E-10
3.103396E+00 1.613930E+00 2.918746E-10
3.101515E+00 1.613967E+00 2.728468E-10
3.099636E+00 1.614005E+00 2.550091E-10
3.097760E+00 1.614043E+00 2.382903E-10
3.095886E+00 1.614080E+00 2.226237E-10
3.094014E+00 1.614118E+00 2.079460E-10
3.092145E+00 1.614155E+00 1.941977E-10
3.090278E+00 1.614192E+00 1.813226E-10
3.088413E+00 1.614229E+00 1.692677E-10
3.086550E+00 1.614266E+00 1.579831E-10
3.084690E+00 1.614303E+00 1.474219E-10
3.082832E+00 1.614340E+00 1.375396E-10
3.080976E+00 1.614377E+00 1.282946E-10
3.079121E+00 1.614414E+00 1.196475E-10
3.077270E+00 1.614451E+00 1.115613E-10
3.075420E+00 1.614487E+00 1.040013E-10
3.073573E+00 1.614524E+00 9.693463E-11
3.071729E+00 1.614561E+00 9.033047E-11
3.069886E+00 1.614597E+00 8.415982E-11
3.068046E+00 1.614633E+00 7.839543E-11
3.066207E+00 1.614670E+00 7.301164E-11
3.064371E+00 1.614706E+00 6.798437E-11
3.062538E+00 1.614742E+00 6.329097E-11
3.060706E+00 1.614778E+00 5.891016E-11
3.058877E+00 1.614814E+00 5.482198E-11
3.057049E+00 1.614850E+00 5.100765E-11
3.055223E+00 1.614886E+00 4.744956E-11
3.053401E+00 1.614922E+00 4.413117E-11
3.051580E+00 1.614958E+00 4.103697E-11
3.049761E+00 1.614993E+00 3.815240E-11
3.047945E+00 1.615029E+00 3.546381E-11
3.046131E+00 1.615065E+00 3.295839E-11
3.044319E+00 1.615100E+00 3.062415E-11
3.042509E+00 1.615136E+00 2.844981E-11
3.040701E+00 1.615171E+00 2.642486E-11
3.038896E+00 1.615206E+00 2.453939E-11
3.037092E+00 1.615241E+00 2.278416E-11
3.035291E+00 1.615276E+00 2.115051E-11
3.033491E+00 1.615312E+00 1.963031E-11
3.031694E+00 1.615347E+00 1.821598E-11
3.029899E+00 1.615381E+00 1.690041E-11
3.028106E+00 1.615416E+00 1.567694E-11
3.026316E+00 1.615451E+00 1.453936E-11
3.024527E+00 1.615486E+00 1.348185E-11
3.022741E+00 1.615521E+00 1.249897E-11
3.020956E+00 1.615555E+00 1.158563E-11
3.019174E+00 1.615590E+00 1.073709E-11
3.017394E+00 1.615624E+00 9.948895E-12
3.015616E+00 1.615659E+00 9.216909E-12
3.013840E+00 1.615693E+00 8.537254E-12
3.012066E+00 1.615727E+00 7.906314E-12
3.010294E+00 1.615761E+00 7.320712E-12
3.008524E+00 1.615795E+00 6.777296E-12
3.006756E+00 1.615830E+00 6.273126E-12
3.004991E+00 1.615864E+00 5.805459E-12
3.003228E+00 1.615897E+00 5.371735E-12
3.001466E+00 1.615931E+00 4.969570E-12
2.999707E+00 1.615965E+00 4.596739E-12
2.997950E+00 1.615999E+00 4.251168E-12
2.996195E+00 1.616033E+00 3.930925E-12
2.994441E+00 1.616066E+00 3.634211E-12
2.992690E+00 1.616100E+00 3.359350E-12
2.990941E+00 1.616133E+00 3.104778E-12
2.989194E+00 1.616167E+00 2.869045E-12
2.987449E+00 1.616200E+00 2.650795E-12
2.985706E+00 1.616233E+00 2.448770E-12
2.983965E+00 1.616267E+00 2.261798E-12
2.982226E+00 1.616300E+00 2.088790E-12
2.980489E+00 1.616333E+00 1.928732E-12
2.978754E+00 1.616366E+00 1.780681E-12
2.977022E+00 1.616399E+00 1.643761E-12
2.975291E+00 1.616432E+00 1.517159E-12
2.973562E+00 1.616465E+00 1.400116E-12
2.971835E+00 1.616498E+00 1.291931E-12
2.970111E+00 1.616530E+00 1.191951E-12
2.968388E+00 1.616563E+00 1.099569E-12
2.966666E+00 1.616596E+00 1.014223E-12
2.964948E+00 1.616628E+00 9.353897E-13
2.963231E+00 1.616661E+00 8.625846E-13
2.961516E+00 1.616693E+00 7.953579E-13
2.959803E+00 1.616726E+00 7.332923E-13
2.958092E+00 1.616758E+00 6.760008E-13
2.956384E+00 1.616790E+00 6.231247E-13
2.954677E+00 1.616822E+00 5.743313E-13
2.952972E+00 1.616854E+00 5.293123E-13
2.951269E+00 1.616887E+00 4.877821E-13
2.949568E+00 1.616919E+00 4.494759E-13
2.947869E+00 1.616950E+00 4.141487E-13
2.946172E+00 1.616982E+00 3.815735E-13
2.944476E+00 1.617014E+00 3.515401E-13
2.942783E+00 1.617046E+00 3.238540E-13
2.941092E+00 1.617078E+00 2.983351E-13
2.939402E+00 1.617109E+00 2.748167E-13
2.937715E+00 1.617141E+00 2.531449E-13
2.936030E+00 1.617173E+00 2.331771E-13
2.934346E+00 1.617204E+00 2.147814E-13
2.932665E+00 1.617235E+00 1.978360E-13
2.930985E+00 1.617267E+00 1.822283E-13
2.929308E+00 1.617298E+00 1.678541E-13
2.927632E+00 1.617329E+00 1.546173E-13
2.925958E+00 1.617361E+00 1.424290E-13
2.924286E+00 1.617392E+00 1.312072E-13
2.922615E+00 1.617423E+00 1.208760E-13
2.920947E+00 1.617454E+00 1.113656E-13
2.919281E+00 1.617485E+00 1.026113E-13
2.917617E+00 1.617516E+00 9.455349E-14
2.915954E+00 1.617547E+00 8.713722E-14
2.914294E+00 1.617577E+00 8.031174E-14
2.912635E+00 1.617608E+00 7.403025E-14
2.910978E+00 1.617639E+00 6.824959E-14
2.909324E+00 1.617669E+00 6.292996E-14
2.907671E+00 1.617700E+00 5.803468E-14
2.906020E+00 1.617730E+00 5.352994E-14
2.904370E+00 1.617761E+00 4.938458E-14
2.902722E+00 1.617791E+00 4.556989E-14
2.901077E+00 1.617822E+00 4.205942E-14
2.899433E+00 1.617852E+00 3.882880E-14
2.897791E+00 1.617882E+00 3.585561E-14
2.896152E+00 1.617912E+00 3.311918E-14
2.894514E+00 1.617942E+00 3.060051E-14
2.892877E+00 1.617973E+00 2.828207E-14
2.891243E+00 1.618003E+00 2.614777E-14
2.889611E+00 1.618033E+00 2.418278E-14
2.887980E+00 1.618062E+00 2.237345E-14
2.886351E+00 1.618092E+00 2.070725E-14
2.884724E+00 1.618122E+00 1.917263E-14
2.883099E+00 1.618152E+00 1.775897E-14
2.881475E+00 1.618182E+00 1.645652E-14
2.879853E+00 1.618211E+00 1.525630E-14
2.878234E+00 1.618241E+00 1.415006E-14
2.876616E+00 1.618270E+00 1.313022E-14
2.875000E+00 1.618300E+00 1.218981E-14
2.873386E+00 1.618329E+00 1.132242E-14
2.871773E+00 1.618359E+00 1.052217E-14
2.870163E+00 1.618388E+00 9.783643E-15
2.868554E+00 1.618417E+00 9.101877E-15
2.866947E+00 1.618446E+00 8.472305E-15
2.865342E+00 1.618475E+00 7.890732E-15
2.863738E+00 1.618505E+00 7.353307E-15
2.862136E+00 1.618534E+00 6.856492E-15
2.860536E+00 1.618563E+00 6.397037E-15
2.858938E+00 1.618592E+00 5.971958E-15
2.857342E+00 1.618620E+00 5.578514E-15
2.855748E+00 1.618649E+00 5.214188E-15
2.854155E+00 1.618678E+00 4.876668E-15
2.852564E+00 1.618707E+00 4.563831E-15
2.850975E+00 1.618736E+00 4.273728E-15
2.849388E+00 1.618764E+00 4.004569E-15
2.847802E+00 1.618793E+00 3.754709E-15
2.846218E+00 1.618821E+00 3.522638E-15
2.844636E+00 1.618850E+00 3.306969E-15
2.843056E+00 1.618878E+00 3.106428E-15
2.841477E+00 1.618907E+00 2.919845E-15
2.839900E+00 1.618935E+00 2.746144E-15
2.838325E+00 1.618963E+00 2.584339E-15
2.836751E+00 1.618991E+00 2.433520E-15
2.835180E+00 1.619020E+00 2.292853E-15
2.833610E+00 1.619048E+00 2.161573E-15
2.832042E+00 1.619076E+00 2.038973E-15
2.830476E+00 1.619104E+00 1.924406E-15
2.828911E+00 1.619132E+00 1.817275E-15
2.827348E+00 1.619160E+00 1.717032E-15
2.825787E+00 1.619188E+00 1.623173E-15
2.824228E+00 1.619215E+00 1.535233E-15
2.822670E+00 1.619243E+00 1.452784E-15
2.821113E+00 1.619271E+00 1.375432E-15
2.819559E+00 1.619299E+00 1.302816E-15
2.818006E+00 1.619326E+00 1.234601E-15
2.816456E+00 1.619354E+00 1.170478E-15
2.814906E+00 1.619381E+00 1.110164E-15
2.813359E+00 1.619409E+00 1.053396E-15
2.811813E+00 1.619436E+00 9.999327E-16
2.810269E+00 1.619464E+00 9.495508E-16
2.808727E+00 1.619491E+00 9.020438E-16
2.807186E+00 1.619518E+00 8.572210E-16
2.805647E+00 1.619546E+00 8.149061E-16
2.804110E+00 1.619573E+00 7.749360E-16
2.802574E+00 1.619600E+00 7.371596E-16
2.801040E+00 1.619627E+00 7.014372E-16
2.799507E+00 1.619654E+00 6.676392E-16
2.797977E+00 1.619681E+00 6.356453E-16
2.796448E+00 1.619708E+00 6.053442E-16
2.794921E+00 1.619735E+00 5.766322E-16
2.793395E+00 1.619762E+00 5.494133E-16
2.791871E+00 1.619789E+00 5.235979E-16
2.790349E+00 1.619816E+00 4.991031E-16
2.788829E+00 1.619842E+00 4.758513E-16
2.787310E+00 1.619869E+00 4.537705E-16
2.785792E+00 1.619896E+00 4.327934E-16
2.784277E+00 1.619922E+00 4.128573E-16
2.782762E+00 1.619949E+00 3.939037E-16
2.781250E+00 1.619975E+00 3.758780E-16
2.779739E+00 1.620002E+00 3.587289E-16
2.778230E+00 1.620028E+00 3.424088E-16
2.776723E+00 1.620054E+00 3.268727E-16
2.775217E+00 1.620081E+00 3.120787E-16
2.773713E+00 1.620107E+00 2.979875E-16
2.772210E+00 1.620133E+00 2.845622E-16
2.770709E+00 1.620159E+00 2.717682E-16
2.769210E+00 1.620186E+00 2.595728E-16
2.767713E+00 1.620212E+00 2.479455E-16
2.766217E+00 1.620238E+00 2.368573E-16
2.764722E+00 1.620264E+00 2.262813E-16
2.763229E+00 1.620290E+00 2.161918E-16
2.761737E+00 1.620315E+00 2.065648E-16
2.760248E+00 1.620341E+00 1.973774E-16
2.758760E+00 1.620367E+00 1.886082E-16
2.757274E+00 1.620393E+00 1.802370E-16
2.755789E+00 1.620419E+00 1.722445E-16
2.754306E+00 1.620444E+00 1.646127E-16
2.752824E+00 1.620470E+00 1.573242E-16
2.751344E+00 1.620496E+00 1.503630E-16
2.749866E+00 1.620521E+00 1.437136E-16
2.748389E+00 1.620547E+00 1.373614E-16
2.746914E+00 1.620572E+00 1.312926E-16
2.745440E+00 1.620598E+00 1.254939E-16
2.743968E+00 1.620623E+00 1.199531E-16
2.742497E+00 1.620648E+00 1.146581E-16
2.741028E+00 1.620673E+00 1.095979E-16
2.739561E+00 1.620699E+00 1.047615E-16
2.738095E+00 1.620724E+00 1.001390E-16
2.736631E+00 1.620749E+00 9.572061E-17
2.735168E+00 1.620774E+00 9.149711E-17
2.733707E+00 1.620799E+00 8.745976E-17
2.732248E+00 1.620824E+00 8.360019E-17
2.730790E+00 1.620849E+00 7.991047E-17
2.729334E+00 1.620874E+00 7.638301E-17
2.727879E+00 1.620899E+00 7.301059E-17
2.726425E+00 1.620924E+00 6.978633E-17
2.724973E+00 1.620949E+00 6.670365E-17
2.723523E+00 1.620974E+00 6.375629E-17
2.722074E+00 1.620998E+00 6.093828E-17
2.720627E+00 1.621023E+00 5.824390E-17
2.719182E+00 1.621048E+00 5.566773E-17
2.717738E+00 1.621072E+00 5.320455E-17
2.716295E+00 1.621097E+00 5.084941E-17
2.714854E+00 1.621121E+00 4.859757E-17
2.713415E+00 1.621146E+00 4.644449E-17
2.711977E+00 1.621170E+00 4.438586E-17
2.710541E+00 1.621195E+00 4.241754E-17
2.709106E+00 1.621219E+00 4.053558E-17
2.707672E+00 1.621243E+00 3.873621E-17
2.706240E+00 1.621268E+00 3.701582E-17
2.704810E+00 1.621292E+00 3.537097E-17
2.703381E+00 1.621316E+00 3.379836E-17
2.701953E+00 1.621340E+00 3.229483E-17
2.700528E+00 1.621364E+00 3.085738E-17
2.699103E+00 1.621388E+00 2.948313E-17
2.697681E+00 1.621412E+00 2.816931E-17
2.696259E+00 1.621436E+00 2.691330E-17
2.694840E+00 1.621460E+00 2.571257E-17
2.693421E+00 1.621484E+00 2.456472E-17
2.692005E+00 1.621508E+00 2.346744E-17
2.690589E+00 1.621532E+00 2.241853E-17
2.689175E+00 1.621556E+00 2.141587E-17
2.687762E+00 1.621580E+00 2.045746E-17
2.686352E+00 1.621603E+00 1.954135E-17
2.684942E+00 1.621627E+00 1.866571E-17
2.683534E+00 1.621651E+00 1.782877E-17
2.682128E+00 1.621674E+00 1.702884E-17
2.680723E+00 1.621698E+00 1.626430E-17
2.679319E+00 1.621721E+00 1.553361E-17
2.677917E+00 1.621745E+00 1.483529E-17
2.676517E+00 1.621768E+00 1.416791E-17
2.675118E+00 1.621791E+00 1.353014E-17
2.673720E+00 1.621815E+00 1.292067E-17
2.672323E+00 1.621838E+00 1.233827E-17
2.670929E+00 1.621861E+00 1.178174E-17
2.669536E+00 1.621885E+00 1.124996E-17
2.668144E+00 1.621908E+00 1.074184E-17
2.666753E+00 1.621931E+00 1.025634E-17
2.665365E+00 1.621954E+00 9.792469E-18
2.663977E+00 1.621977E+00 9.349277E-18
2.662591E+00 1.622000E+00 8.925855E-18
2.661207E+00 1.622023E+00 8.521333E-18
2.659823E+00 1.622046E+00 8.134881E-18
2.658442E+00 1.622069E+00 7.765703E-18
2.657062E+00 1.622092E+00 7.413037E-18
2.655682E+00 1.622115E+00 7.076156E-18
2.654305E+00 1.622138E+00 6.754364E-18
2.652929E+00 1.622161E+00 6.446995E-18
2.651554E+00 1.622183E+00 6.153411E-18
2.650181E+00 1.622206E+00 5.873003E-18
2.648809E+00 1.622229E+00 5.605190E-18
2.647439E+00 1.622251E+00 5.349413E-18
2.646070E+00 1.622274E+00 5.105139E-18
2.644703E+00 1.622296E+00 4.871859E-18
2.643337E+00 1.622319E+00 4.649086E-18
2.641972E+00 1.622342E+00 4.436352E-18
2.640609E+00 1.622364E+00 4.233213E-18
2.639247E+00 1.622386E+00 4.039242E-18
2.637886E+00 1.622409E+00 3.854031E-18
2.636527E+00 1.622431E+00 3.677191E-18
2.635170E+00 1.622453E+00 3.508348E-18
2.633814E+00 1.622476E+00 3.347148E-18
2.632459E+00 1.622498E+00 3.193248E-18
2.631105E+00 1.622520E+00 3.046323E-18
2.629753E+00 1.622542E+00 2.906061E-18
2.628403E+00 1.622564E+00 2.772166E-18
2.627054E+00 1.622586E+00 2.644351E-18
2.625706E+00 1.622608E+00 2.522346E-18
2.624359E+00 1.622630E+00 2.405890E-18
2.623014E+00 1.622652E+00 2.294734E-18
2.621670E+00 1.622674E+00 2.188641E-18
2.620327E+00 1.622696E+00 2.087383E-18
2.618986E+00 1.622718E+00 1.990743E-18
2.617647E+00 1.622740E+00 1.898515E-18
2.616309E+00 1.622762E+00 1.810498E-18
2.614972E+00 1.622784E+00 1.726505E-18
2.613636E+00 1.622805E+00 1.646354E-18
2.612302E+00 1.622827E+00 1.569870E-18
2.610969E+00 1.622849E+00 1.496891E-18
2.609638E+00 1.622870E+00 1.427256E-18
2.608308E+00 1.622892E+00 1.360815E-18
2.606979E+00 1.622913E+00 1.297423E-18
2.605652E+00 1.622935E+00 1.236944E-18
2.604325E+00 1.622956E+00 1.179244E-18
2.603001E+00 1.622978E+00 1.124198E-18
2.601677E+00 1.622999E+00 1.071686E-18
2.600356E+00 1.623021E+00 1.021592E-18
2.599035E+00 1.623042E+00 9.738078E-19
2.597716E+00 1.623063E+00 9.282273E-19
2.596398E+00 1.623085E+00 8.847507E-19
2.595081E+00 1.623106E+00 8.432823E-19
2.593766E+00 1.623127E+00 8.037306E-19
2.592452E+00 1.623148E+00 7.660084E-19
2.591139E+00 1.623169E+00 7.300322E-19
2.589828E+00 1.623190E+00 6.957224E-19
2.588518E+00 1.623211E+00 6.630028E-19
2.587209E+00 1.623232E+00 6.318009E-19
2.585902E+00 1.623253E+00 6.020473E-19
2.584596E+00 1.623274E+00 5.736757E-19
2.583291E+00 1.623295E+00 5.466228E-19
2.581988E+00 1.623316E+00 5.208282E-19
2.580686E+00 1.623337E+00 4.962342E-19
2.579385E+00 1.623358E+00 4.727857E-19
2.578086E+00 1.623379E+00 4.504302E-19
2.576788E+00 1.623400E+00 4.291173E-19
2.575491E+00 1.623420E+00 4.087993E-19
2.574195E+00 1.623441E+00 3.894302E-19
2.572901E+00 1.623462E+00 3.709664E-19
2.571608E+00 1.623482E+00 3.533662E-19
2.570316E+00 1.623503E+00 3.365897E-19
2.569026E+00 1.623523E+00 3.205990E-19
2.567737E+00 1.623544E+00 3.053578E-19
2.566449E+00 1.623565E+00 2.908313E-19
2.565163E+00 1.623585E+00 2.769867E-19
2.563878E+00 1.623605E+00 2.637922E-19
2.562594E+00 1.623626E+00 2.512179E-19
2.561311E+00 1.623646E+00 2.392350E-19
2.560030E+00 1.623667E+00 2.278159E-19
2.558750E+00 1.623687E+00 2.169347E-19
2.557471E+00 1.623707E+00 2.065663E-19
2.556194E+00 1.623727E+00 1.966868E-19
2.554917E+00 1.623748E+00 1.872736E-19
2.553642E+00 1.623768E+00 1.783049E-19
2.552369E+00 1.623788E+00 1.697600E-19
2.551097E+00 1.623808E+00 1.616192E-19
2.549826E+00 1.623828E+00 1.538637E-19
2.548556E+00 1.623848E+00 1.464753E-19
2.547287E+00 1.623868E+00 1.394371E-19
2.546020E+00 1.623888E+00 1.327327E-19
2.544754E+00 1.623908E+00 1.263463E-19
2.543489E+00 1.623928E+00 1.202632E-19
2.542226E+00 1.623948E+00 1.144692E-19
2.540964E+00 1.623968E+00 1.089506E-19
2.539703E+00 1.623988E+00 1.036946E-19
2.538442E+00 1.624008E+00 9.868890E-20
2.537184E+00 1.624027E+00 9.392166E-20
2.535926E+00 1.624047E+00 8.938170E-20
2.534670E+00 1.624067E+00 8.505835E-20
2.533416E+00 1.624086E+00 8.094139E-20
2.532162E+00 1.624106E+00 7.702113E-20
2.530910E+00 1.624126E+00 7.328827E-20
2.529659E+00 1.624145E+00 6.973399E-20
2.528409E+00 1.624165E+00 6.634986E-20
2.527161E+00 1.624184E+00 6.312784E-20
2.525913E+00 1.624204E+00 6.006027E-20
2.524667E+00 1.624223E+00 5.713984E-20
2.523422E+00 1.624243E+00 5.435960E-20
2.522178E+00 1.624262E+00 5.171290E-20
2.520936E+00 1.624282E+00 4.919341E-20
2.519695E+00 1.624301E+00 4.679511E-20
2.518455E+00 1.624320E+00 4.451223E-20
2.517216E+00 1.624339E+00 4.233930E-20
2.515978E+00 1.624359E+00 4.027110E-20
2.514742E+00 1.624378E+00 3.830264E-20
2.513507E+00 1.624397E+00 3.642917E-20
2.512273E+00 1.624416E+00 3.464618E-20
2.511040E+00 1.624435E+00 3.294935E-20
2.509809E+00 1.624455E+00 3.133457E-20
2.508579E+00 1.624474E+00 2.979793E-20
2.507349E+00 1.624493E+00 2.833569E-20
2.506121E+00 1.624512E+00 2.694430E-20
2.504895E+00 1.624531E+00 2.562038E-20
2.503669E+00 1.624550E+00 2.436069E-20
2.502445E+00 1.624569E+00 2.316216E-20
2.501222E+00 1.624587E+00 2.202185E-20
2.500000E+00 1.624606E+00 2.093698E-20
