5.117500E+03 2.653793E+00 1.251323E-04
2.558750E+03 2.653941E+00 2.526731E-04
1.705833E+03 2.654188E+00 3.850542E-04
1.279375E+03 2.654534E+00 5.247552E-04
1.023500E+03 2.654979E+00 6.743257E-04
8.529170E+02 2.655524E+00 8.364087E-04
7.310716E+02 2.656170E+00 1.013762E-03
6.396876E+02 2.656916E+00 1.209281E-03
5.686112E+02 2.657763E+00 1.426017E-03
5.117500E+02 2.658711E+00 1.667195E-03
4.652273E+02 2.659762E+00 1.936235E-03
4.264583E+02 2.660916E+00 2.236764E-03
3.936538E+02 2.662173E+00 2.572630E-03
3.655357E+02 2.663533E+00 2.947913E-03
3.411666E+02 2.664997E+00 3.366936E-03
3.198437E+02 2.666565E+00 3.834264E-03
3.010294E+02 2.668236E+00 4.354712E-03
2.843056E+02 2.670010E+00 4.933341E-03
2.693421E+02 2.671886E+00 5.575451E-03
2.558750E+02 2.673864E+00 6.286573E-03
2.436905E+02 2.675942E+00 7.072450E-03
2.326136E+02 2.678119E+00 7.939025E-03
2.225000E+02 2.680392E+00 8.892407E-03
2.132292E+02 2.682759E+00 9.938849E-03
2.047000E+02 2.685216E+00 1.108471E-02
1.968269E+02 2.687760E+00 1.233640E-02
1.895370E+02 2.690387E+00 1.370037E-02
1.827678E+02 2.693092E+00 1.518301E-02
1.764655E+02 2.695869E+00 1.679064E-02
1.705833E+02 2.698712E+00 1.852941E-02
1.650807E+02 2.701615E+00 2.040526E-02
1.599219E+02 2.704569E+00 2.242383E-02
1.550758E+02 2.707568E+00 2.459039E-02
1.505147E+02 2.710600E+00 2.690978E-02
1.462143E+02 2.713659E+00 2.938630E-02
1.421528E+02 2.716732E+00 3.202364E-02
1.383108E+02 2.719810E+00 3.482482E-02
1.346710E+02 2.722880E+00 3.779207E-02
1.312179E+02 2.725932E+00 4.092679E-02
1.279375E+02 2.728953E+00 4.422942E-02
1.248171E+02 2.731929E+00 4.769941E-02
1.218452E+02 2.734849E+00 5.133516E-02
1.190116E+02 2.737698E+00 5.513389E-02
1.163068E+02 2.740464E+00 5.909164E-02
1.137222E+02 2.743133E+00 6.320321E-02
1.112500E+02 2.745691E+00 6.746212E-02
1.088830E+02 2.748126E+00 7.186054E-02
1.066146E+02 2.750425E+00 7.638933E-02
1.044388E+02 2.752575E+00 8.103799E-02
1.023500E+02 2.754565E+00 8.579469E-02
1.003431E+02 2.756385E+00 9.064626E-02
9.841348E+01 2.758023E+00 9.557823E-02
9.655660E+01 2.759471E+00 1.005749E-01
9.476849E+01 2.760722E+00 1.056193E-01
9.304541E+01 2.761769E+00 1.106935E-01
9.138396E+01 2.762607E+00 1.157785E-01
8.978071E+01 2.763233E+00 1.208541E-01
8.823275E+01 2.763645E+00 1.258997E-01
8.673727E+01 2.763844E+00 1.308937E-01
8.529170E+01 2.763831E+00 1.358143E-01
8.389346E+01 2.763613E+00 1.406390E-01
8.254033E+01 2.763195E+00 1.453453E-01
8.123015E+01 2.762587E+00 1.499108E-01
7.996092E+01 2.761800E+00 1.543130E-01
7.873080E+01 2.760849E+00 1.585303E-01
7.753789E+01 2.759750E+00 1.625413E-01
7.638060E+01 2.758523E+00 1.663258E-01
7.525734E+01 2.757189E+00 1.698650E-01
7.416665E+01 2.755776E+00 1.731412E-01
7.310716E+01 2.754309E+00 1.761388E-01
7.207747E+01 2.752822E+00 1.788445E-01
7.107639E+01 2.751347E+00 1.812474E-01
7.010273E+01 2.749923E+00 1.833400E-01
6.915538E+01 2.748591E+00 1.851184E-01
6.823335E+01 2.747397E+00 1.865831E-01
6.733553E+01 2.746388E+00 1.877403E-01
6.646104E+01 2.745618E+00 1.886026E-01
6.560896E+01 2.745147E+00 1.891911E-01
6.477846E+01 2.745037E+00 1.895376E-01
6.396876E+01 2.745358E+00 1.896880E-01
6.317902E+01 2.746187E+00 1.897074E-01
6.240853E+01 2.747607E+00 1.896873E-01
6.165661E+01 2.749704E+00 1.897567E-01
6.092264E+01 2.752565E+00 1.900988E-01
6.020589E+01 2.756265E+00 1.909762E-01
5.950582E+01 2.760833E+00 1.927672E-01
5.882183E+01 2.766194E+00 1.960132E-01
5.815340E+01 2.772023E+00 2.014640E-01
5.750001E+01 2.777478E+00 2.100557E-01
5.686112E+01 2.780755E+00 2.226284E-01
5.623626E+01 2.778699E+00 2.389719E-01
5.562499E+01 2.767542E+00 2.559769E-01
5.502687E+01 2.746367E+00 2.667253E-01
5.444150E+01 2.720908E+00 2.646793E-01
5.386843E+01 2.700222E+00 2.502802E-01
5.330729E+01 2.689034E+00 2.297892E-01
5.275773E+01 2.686523E+00 2.089403E-01
5.221938E+01 2.689914E+00 1.903966E-01
5.169193E+01 2.696845E+00 1.747078E-01
5.117500E+01 2.705838E+00 1.615813E-01
5.066832E+01 2.716077E+00 1.505391E-01
5.017156E+01 2.727144E+00 1.411495E-01
4.968445E+01 2.738835E+00 1.330801E-01
4.920674E+01 2.751061E+00 1.260906E-01
4.873810E+01 2.763789E+00 1.200135E-01
4.827830E+01 2.777019E+00 1.147356E-01
4.782710E+01 2.790765E+00 1.101834E-01
4.738427E+01 2.805052E+00 1.063128E-01
4.694955E+01 2.819907E+00 1.031027E-01
4.652273E+01 2.835361E+00 1.005499E-01
4.610360E+01 2.851449E+00 9.866694E-02
4.569196E+01 2.868207E+00 9.748114E-02
4.528762E+01 2.885675E+00 9.703458E-02
4.489036E+01 2.903897E+00 9.738557E-02
4.450000E+01 2.922917E+00 9.861122E-02
4.411638E+01 2.942783E+00 1.008113E-01
4.373931E+01 2.963546E+00 1.041139E-01
4.336865E+01 2.985250E+00 1.086826E-01
4.300420E+01 3.007934E+00 1.147265E-01
4.264583E+01 3.031617E+00 1.225125E-01
4.229338E+01 3.056283E+00 1.323809E-01
4.194671E+01 3.081848E+00 1.447616E-01
4.160570E+01 3.108116E+00 1.601900E-01
4.127016E+01 3.134696E+00 1.793100E-01
4.094000E+01 3.160893E+00 2.028453E-01
4.061507E+01 3.185539E+00 2.314930E-01
4.029527E+01 3.206831E+00 2.656682E-01
3.998047E+01 3.222267E+00 3.050054E-01
3.967054E+01 3.228983E+00 3.476208E-01
3.936538E+01 3.224878E+00 3.894824E-01
3.906488E+01 3.210518E+00 4.248239E-01
3.876895E+01 3.190575E+00 4.484788E-01
3.847745E+01 3.172735E+00 4.591848E-01
3.819030E+01 3.164042E+00 4.609109E-01
3.790741E+01 3.167680E+00 4.608599E-01
3.762867E+01 3.182498E+00 4.663425E-01
3.735402E+01 3.204331E+00 4.829996E-01
3.708334E+01 3.227110E+00 5.144786E-01
3.681655E+01 3.243023E+00 5.622531E-01
3.655357E+01 3.242376E+00 6.243629E-01
3.629432E+01 3.214939E+00 6.927744E-01
3.603874E+01 3.154958E+00 7.513803E-01
3.578672E+01 3.068878E+00 7.797978E-01
3.553819E+01 2.977484E+00 7.651926E-01
3.529310E+01 2.905312E+00 7.121096E-01
3.505136E+01 2.866382E+00 6.384026E-01
3.481293E+01 2.860547E+00 5.626885E-01
3.457770E+01 2.879753E+00 4.964939E-01
3.434564E+01 2.914939E+00 4.441267E-01
3.411666E+01 2.959180E+00 4.056899E-01
3.389072E+01 3.008004E+00 3.796670E-01
3.366777E+01 3.058715E+00 3.642899E-01
3.344771E+01 3.109632E+00 3.580486E-01
3.323052E+01 3.159502E+00 3.597344E-01
3.301613E+01 3.207130E+00 3.682115E-01
3.280449E+01 3.251314E+00 3.819874E-01
3.259554E+01 3.291286E+00 3.987916E-01
3.238924E+01 3.327675E+00 4.157651E-01
3.218553E+01 3.363093E+00 4.308223E-01
3.198437E+01 3.401013E+00 4.442241E-01
3.178572E+01 3.443680E+00 4.583819E-01
3.158951E+01 3.491299E+00 4.761211E-01
3.139571E+01 3.542820E+00 4.994391E-01
3.120427E+01 3.596914E+00 5.294212E-01
3.101515E+01 3.652406E+00 5.666415E-01
3.082832E+01 3.708299E+00 6.115094E-01
3.064371E+01 3.763649E+00 6.644399E-01
3.046131E+01 3.817419E+00 7.258940E-01
3.028106E+01 3.868351E+00 7.963365E-01
3.010294E+01 3.914867E+00 8.761348E-01
2.992690E+01 3.955007E+00 9.654016E-01
2.975291E+01 3.986423E+00 1.063781E+00
2.958092E+01 4.006480E+00 1.170191E+00
2.941092E+01 4.012496E+00 1.282554E+00
2.924286E+01 4.002170E+00 1.397618E+00
2.907671E+01 3.974166E+00 1.510966E+00
2.891243E+01 3.928753E+00 1.617364E+00
2.875000E+01 3.868275E+00 1.711484E+00
2.858938E+01 3.797218E+00 1.788885E+00
2.843056E+01 3.721739E+00 1.846970E+00
2.827348E+01 3.648756E+00 1.885616E+00
2.811813E+01 3.584852E+00 1.907267E+00
2.796448E+01 3.535335E+00 1.916541E+00
2.781250E+01 3.503621E+00 1.919531E+00
2.766217E+01 3.490996E+00 1.923040E+00
2.751344E+01 3.496654E+00 1.933909E+00
2.736631E+01 3.517895E+00 1.958513E+00
2.722074E+01 3.550342E+00 2.002414E+00
2.707672E+01 3.588102E+00 2.070099E+00
2.693421E+01 3.623835E+00 2.164669E+00
2.679319E+01 3.648815E+00 2.287339E+00
2.665365E+01 3.653205E+00 2.436677E+00
2.651554E+01 3.626852E+00 2.607665E+00
2.637886E+01 3.560884E+00 2.791008E+00
2.624359E+01 3.450021E+00 2.973402E+00
2.610969E+01 3.294819E+00 3.139413E+00
2.597716E+01 3.102511E+00 3.274782E+00
2.584596E+01 2.885559E+00 3.369843E+00
2.571608E+01 2.658401E+00 3.421310E+00
2.558750E+01 2.434056E+00 3.431753E+00
2.546020E+01 2.222051E+00 3.407502E+00
2.533416E+01 2.027979E+00 3.356301E+00
2.520936E+01 1.854160E+00 3.285607E+00
2.508579E+01 1.700679E+00 3.201713E+00
2.496342E+01 1.566323E+00 3.109506E+00
2.484223E+01 1.449279E+00 3.012567E+00
2.472222E+01 1.347554E+00 2.913409E+00
2.460336E+01 1.259228E+00 2.813728E+00
2.448565E+01 1.182559E+00 2.714622E+00
2.436905E+01 1.116036E+00 2.616767E+00
2.425355E+01 1.058376E+00 2.520540E+00
2.413915E+01 1.008513E+00 2.426121E+00
2.402582E+01 9.655776E-01 2.333550E+00
2.391355E+01 9.288743E-01 2.242782E+00
2.380233E+01 8.978624E-01 2.153717E+00
2.369213E+01 8.721405E-01 2.066223E+00
2.358295E+01 8.514334E-01 1.980162E+00
2.347477E+01 8.355837E-01 1.895407E+00
2.336758E+01 8.245449E-01 1.811856E+00
2.326136E+01 8.183741E-01 1.729463E+00
2.315611E+01 8.172239E-01 1.648258E+00
2.305180E+01 8.213252E-01 1.568380E+00
2.294843E+01 8.309589E-01 1.490116E+00
2.284598E+01 8.464082E-01 1.413932E+00
2.274444E+01 8.678865E-01 1.340493E+00
2.264380E+01 8.954457E-01 1.270651E+00
2.254405E+01 9.288791E-01 1.205390E+00
2.244518E+01 9.676542E-01 1.145699E+00
2.234716E+01 1.010913E+00 1.092428E+00
2.225000E+01 1.057561E+00 1.046134E+00
2.215368E+01 1.106430E+00 1.007010E+00
2.205819E+01 1.156451E+00 9.749097E-01
2.196352E+01 1.206781E+00 9.494535E-01
2.186966E+01 1.256858E+00 9.301767E-01
2.177660E+01 1.306367E+00 9.166692E-01
2.168432E+01 1.355168E+00 9.086764E-01
2.159282E+01 1.403180E+00 9.061507E-01
2.150210E+01 1.450279E+00 9.092574E-01
2.141213E+01 1.496191E+00 9.183411E-01
2.132292E+01 1.540405E+00 9.338621E-01
2.123444E+01 1.582106E+00 9.563035E-01
2.114669E+01 1.620132E+00 9.860510E-01
2.105967E+01 1.652966E+00 1.023242E+00
2.097336E+01 1.678785E+00 1.067594E+00
2.088775E+01 1.695594E+00 1.118227E+00
2.080284E+01 1.701456E+00 1.173524E+00
2.071863E+01 1.694814E+00 1.231105E+00
2.063508E+01 1.674842E+00 1.287954E+00
2.055221E+01 1.641731E+00 1.340744E+00
2.047000E+01 1.596785E+00 1.386291E+00
2.038844E+01 1.542271E+00 1.422018E+00
2.030754E+01 1.481065E+00 1.446276E+00
2.022727E+01 1.416203E+00 1.458439E+00
2.014764E+01 1.350493E+00 1.458781E+00
2.006863E+01 1.286265E+00 1.448230E+00
1.999023E+01 1.225273E+00 1.428084E+00
1.991245E+01 1.168727E+00 1.399774E+00
1.983527E+01 1.117384E+00 1.364700E+00
1.975869E+01 1.071661E+00 1.324137E+00
1.968269E+01 1.031746E+00 1.279197E+00
1.960728E+01 9.976855E-01 1.230826E+00
1.953244E+01 9.694522E-01 1.179829E+00
1.945818E+01 9.469874E-01 1.126896E+00
1.938447E+01 9.302281E-01 1.072644E+00
1.931132E+01 9.191159E-01 1.017648E+00
1.923872E+01 9.135915E-01 9.624715E-01
1.916667E+01 9.135773E-01 9.076945E-01
1.909515E+01 9.189488E-01 8.539197E-01
1.902416E+01 9.295029E-01 8.017683E-01
1.895370E+01 9.449300E-01 7.518541E-01
1.888377E+01 9.648015E-01 7.047421E-01
1.881434E+01 9.885807E-01 6.609012E-01
1.874542E+01 1.015657E+00 6.206646E-01
1.867701E+01 1.045399E+00 5.842113E-01
1.860909E+01 1.077203E+00 5.515720E-01
1.854167E+01 1.110543E+00 5.226558E-01
1.847473E+01 1.144988E+00 4.972890E-01
1.840827E+01 1.180216E+00 4.752539E-01
1.834229E+01 1.216009E+00 4.563235E-01
1.827678E+01 1.252236E+00 4.402884E-01
1.821175E+01 1.288842E+00 4.269747E-01
1.814716E+01 1.325828E+00 4.162571E-01
1.808304E+01 1.363237E+00 4.080667E-01
1.801937E+01 1.401142E+00 4.023963E-01
1.795614E+01 1.439629E+00 3.993048E-01
1.789336E+01 1.478790E+00 3.989224E-01
1.783101E+01 1.518710E+00 4.014553E-01
1.776910E+01 1.559450E+00 4.071933E-01
1.770761E+01 1.601034E+00 4.165179E-01
1.764655E+01 1.643424E+00 4.299120E-01
1.758591E+01 1.686489E+00 4.479690E-01
1.752569E+01 1.729959E+00 4.713991E-01
1.746587E+01 1.773370E+00 5.010262E-01
1.740646E+01 1.815979E+00 5.377680E-01
1.734746E+01 1.856670E+00 5.825820E-01
1.728885E+01 1.893842E+00 6.363570E-01
1.723064E+01 1.925306E+00 6.997234E-01
1.717282E+01 1.948253E+00 7.727589E-01
1.711538E+01 1.959359E+00 8.545982E-01
1.705833E+01 1.955144E+00 9.430209E-01
1.700166E+01 1.932645E+00 1.034199E+00
1.694536E+01 1.890301E+00 1.122854E+00
1.688944E+01 1.828754E+00 1.203011E+00
1.683388E+01 1.751091E+00 1.269203E+00
1.677869E+01 1.662307E+00 1.317675E+00
1.672386E+01 1.568157E+00 1.347013E+00
1.666938E+01 1.473972E+00 1.358003E+00
1.661526E+01 1.383868E+00 1.352940E+00
1.656149E+01 1.300517E+00 1.334812E+00
1.650807E+01 1.225306E+00 1.306649E+00
1.645498E+01 1.158671E+00 1.271152E+00
1.640224E+01 1.100439E+00 1.230535E+00
1.634984E+01 1.050102E+00 1.186524E+00
1.629777E+01 1.007000E+00 1.140417E+00
1.624603E+01 9.704405E-01 1.093166E+00
1.619462E+01 9.397606E-01 1.045464E+00
1.614353E+01 9.143587E-01 9.978092E-01
1.609277E+01 8.937044E-01 9.505645E-01
1.604232E+01 8.773381E-01 9.039987E-01
1.599219E+01 8.648629E-01 8.583175E-01
1.594237E+01 8.559352E-01 8.136863E-01
1.589286E+01 8.502523E-01 7.702456E-01
1.584365E+01 8.475417E-01 7.281199E-01
1.579475E+01 8.475505E-01 6.874231E-01
1.574615E+01 8.500368E-01 6.482593E-01
1.569785E+01 8.547633E-01 6.107210E-01
1.564985E+01 8.614936E-01 5.748857E-01
1.560213E+01 8.699914E-01 5.408119E-01
1.555471E+01 8.800224E-01 5.085358E-01
1.550758E+01 8.913576E-01 4.780690E-01
1.546072E+01 9.037776E-01 4.493980E-01
1.541416E+01 9.170774E-01 4.224865E-01
1.536787E+01 9.310699E-01 3.972782E-01
1.532186E+01 9.455882E-01 3.737006E-01
1.527612E+01 9.604870E-01 3.516700E-01
1.523065E+01 9.756422E-01 3.310958E-01
1.518546E+01 9.909503E-01 3.118839E-01
1.514053E+01 1.006326E+00 2.939401E-01
1.509587E+01 1.021701E+00 2.771726E-01
1.505147E+01 1.037021E+00 2.614936E-01
1.500733E+01 1.052244E+00 2.468202E-01
1.496345E+01 1.067337E+00 2.330753E-01
1.491983E+01 1.082277E+00 2.201880E-01
1.487645E+01 1.097046E+00 2.080931E-01
1.483333E+01 1.111633E+00 1.967312E-01
1.479046E+01 1.126029E+00 1.860485E-01
1.474784E+01 1.140229E+00 1.759962E-01
1.470546E+01 1.154233E+00 1.665303E-01
1.466332E+01 1.168040E+00 1.576108E-01
1.462143E+01 1.181650E+00 1.492018E-01
1.457977E+01 1.195066E+00 1.412706E-01
1.453835E+01 1.208292E+00 1.337878E-01
1.449717E+01 1.221329E+00 1.267265E-01
1.445622E+01 1.234183E+00 1.200623E-01
1.441549E+01 1.246856E+00 1.137730E-01
1.437500E+01 1.259352E+00 1.078380E-01
1.433473E+01 1.271675E+00 1.022385E-01
1.429469E+01 1.283829E+00 9.695733E-02
1.425487E+01 1.295818E+00 9.197821E-02
1.421528E+01 1.307644E+00 8.728621E-02
1.417590E+01 1.319312E+00 8.286729E-02
1.413674E+01 1.330824E+00 7.870829E-02
1.409780E+01 1.342184E+00 7.479683E-02
1.405907E+01 1.353396E+00 7.112117E-02
1.402055E+01 1.364461E+00 6.767022E-02
1.398224E+01 1.375384E+00 6.443340E-02
1.394414E+01 1.386168E+00 6.140067E-02
1.390625E+01 1.396815E+00 5.856242E-02
1.386856E+01 1.407329E+00 5.590949E-02
1.383108E+01 1.417713E+00 5.343308E-02
1.379380E+01 1.427970E+00 5.112481E-02
1.375672E+01 1.438104E+00 4.897662E-02
1.371984E+01 1.448118E+00 4.698081E-02
1.368316E+01 1.458015E+00 4.513000E-02
1.364667E+01 1.467799E+00 4.341713E-02
1.361037E+01 1.477473E+00 4.183545E-02
1.357427E+01 1.487042E+00 4.037850E-02
1.353836E+01 1.496508E+00 3.904012E-02
1.350264E+01 1.505877E+00 3.781444E-02
1.346710E+01 1.515150E+00 3.669587E-02
1.343176E+01 1.524334E+00 3.567909E-02
1.339660E+01 1.533431E+00 3.475906E-02
1.336162E+01 1.542445E+00 3.393098E-02
1.332682E+01 1.551382E+00 3.319033E-02
1.329221E+01 1.560245E+00 3.253284E-02
1.325777E+01 1.569039E+00 3.195448E-02
1.322351E+01 1.577767E+00 3.145147E-02
1.318943E+01 1.586435E+00 3.102024E-02
1.315553E+01 1.595046E+00 3.065748E-02
1.312179E+01 1.603606E+00 3.036008E-02
1.308824E+01 1.612118E+00 3.012515E-02
1.305485E+01 1.620588E+00 2.995001E-02
1.302163E+01 1.629020E+00 2.983218E-02
1.298858E+01 1.637418E+00 2.976938E-02
1.295570E+01 1.645788E+00 2.975953E-02
1.292298E+01 1.654134E+00 2.980072E-02
1.289043E+01 1.662461E+00 2.989123E-02
1.285804E+01 1.670773E+00 3.002951E-02
1.282581E+01 1.679076E+00 3.021418E-02
1.279375E+01 1.687375E+00 3.044404E-02
1.276185E+01 1.695674E+00 3.071804E-02
1.273010E+01 1.703979E+00 3.103528E-02
1.269851E+01 1.712295E+00 3.139504E-02
1.266708E+01 1.720627E+00 3.179673E-02
1.263580E+01 1.728979E+00 3.223992E-02
1.260468E+01 1.737359E+00 3.272433E-02
1.257371E+01 1.745770E+00 3.324983E-02
1.254289E+01 1.754219E+00 3.381643E-02
1.251222E+01 1.762712E+00 3.442428E-02
1.248171E+01 1.771253E+00 3.507371E-02
1.245134E+01 1.779850E+00 3.576517E-02
1.242112E+01 1.788508E+00 3.649926E-02
1.239104E+01 1.797233E+00 3.727675E-02
1.236111E+01 1.806032E+00 3.809857E-02
1.233133E+01 1.814911E+00 3.896580E-02
1.230168E+01 1.823878E+00 3.987969E-02
1.227218E+01 1.832939E+00 4.084167E-02
1.224282E+01 1.842102E+00 4.185335E-02
1.221360E+01 1.851373E+00 4.291653E-02
1.218452E+01 1.860762E+00 4.403322E-02
1.215558E+01 1.870276E+00 4.520564E-02
1.212678E+01 1.879924E+00 4.643623E-02
1.209811E+01 1.889715E+00 4.772768E-02
1.206957E+01 1.899657E+00 4.908293E-02
1.204118E+01 1.909761E+00 5.050521E-02
1.201291E+01 1.920036E+00 5.199804E-02
1.198478E+01 1.930494E+00 5.356528E-02
1.195678E+01 1.941146E+00 5.521112E-02
1.192890E+01 1.952003E+00 5.694016E-02
1.190116E+01 1.963078E+00 5.875740E-02
1.187355E+01 1.974384E+00 6.066831E-02
1.184606E+01 1.985935E+00 6.267885E-02
1.181871E+01 1.997746E+00 6.479556E-02
1.179148E+01 2.009833E+00 6.702557E-02
1.176437E+01 2.022212E+00 6.937671E-02
1.173739E+01 2.034901E+00 7.185754E-02
1.171053E+01 2.047919E+00 7.447749E-02
1.168379E+01 2.061287E+00 7.724692E-02
1.165718E+01 2.075025E+00 8.017723E-02
1.163068E+01 2.089159E+00 8.328105E-02
1.160431E+01 2.103711E+00 8.657232E-02
1.157805E+01 2.118710E+00 9.006652E-02
1.155192E+01 2.134185E+00 9.378090E-02
1.152590E+01 2.150168E+00 9.773469E-02
1.150000E+01 2.166692E+00 1.019494E-01
1.147422E+01 2.183794E+00 1.064494E-01
1.144855E+01 2.201516E+00 1.112619E-01
1.142299E+01 2.219901E+00 1.164179E-01
1.139755E+01 2.238997E+00 1.219530E-01
1.137222E+01 2.258856E+00 1.279074E-01
1.134701E+01 2.279537E+00 1.343280E-01
1.132190E+01 2.301101E+00 1.412684E-01
1.129691E+01 2.323618E+00 1.487914E-01
1.127203E+01 2.347161E+00 1.569702E-01
1.124725E+01 2.371813E+00 1.658907E-01
1.122259E+01 2.397660E+00 1.756539E-01
1.119803E+01 2.424796E+00 1.863793E-01
1.117358E+01 2.453323E+00 1.982084E-01
1.114924E+01 2.483345E+00 2.113094E-01
1.112500E+01 2.514971E+00 2.258816E-01
1.110087E+01 2.548308E+00 2.421623E-01
1.107684E+01 2.583460E+00 2.604325E-01
1.105292E+01 2.620523E+00 2.810252E-01
1.102910E+01 2.659569E+00 3.043328E-01
1.100538E+01 2.700642E+00 3.308152E-01
1.098176E+01 2.743736E+00 3.610077E-01
1.095824E+01 2.788777E+00 3.955263E-01
1.093483E+01 2.835593E+00 4.350704E-01
1.091151E+01 2.883881E+00 4.804188E-01
1.088830E+01 2.933170E+00 5.324164E-01
1.086518E+01 2.982767E+00 5.919466E-01
1.084216E+01 3.031723E+00 6.598848E-01
1.081924E+01 3.078782E+00 7.370278E-01
1.079641E+01 3.122370E+00 8.239971E-01
1.077368E+01 3.160598E+00 9.211188E-01
1.075105E+01 3.191325E+00 1.028293E+00
1.072851E+01 3.212283E+00 1.144872E+00
1.070607E+01 3.221252E+00 1.269589E+00
1.068372E+01 3.216284E+00 1.400559E+00
1.066146E+01 3.195923E+00 1.535383E+00
1.063929E+01 3.159354E+00 1.671349E+00
1.061722E+01 3.106461E+00 1.805679E+00
1.059524E+01 3.037756E+00 1.935773E+00
1.057335E+01 2.954212E+00 2.059362E+00
1.055155E+01 2.857068E+00 2.174570E+00
1.052983E+01 2.747663E+00 2.279851E+00
1.050821E+01 2.627356E+00 2.373880E+00
1.048668E+01 2.497534E+00 2.455434E+00
1.046524E+01 2.359705E+00 2.523330E+00
1.044388E+01 2.215606E+00 2.576446E+00
1.042261E+01 2.067298E+00 2.613834E+00
1.040142E+01 1.917168E+00 2.634890E+00
1.038032E+01 1.767833E+00 2.639526E+00
1.035931E+01 1.621954E+00 2.628279E+00
1.033838E+01 1.482003E+00 2.602326E+00
1.031754E+01 1.350053E+00 2.563386E+00
1.029678E+01 1.227629E+00 2.513541E+00
1.027610E+01 1.115656E+00 2.455030E+00
1.025551E+01 1.014494E+00 2.390054E+00
1.023500E+01 9.240211E-01 2.320635E+00
1.021457E+01 8.437610E-01 2.248518E+00
1.019422E+01 7.729988E-01 2.175142E+00
1.017396E+01 7.108871E-01 2.101634E+00
1.015377E+01 6.565291E-01 2.028845E+00
1.013366E+01 6.090367E-01 1.957380E+00
1.011364E+01 5.675688E-01 1.887650E+00
1.009369E+01 5.313538E-01 1.819906E+00
1.007382E+01 4.996995E-01 1.754282E+00
1.005403E+01 4.719956E-01 1.690818E+00
1.003431E+01 4.477114E-01 1.629492E+00
1.001468E+01 4.263899E-01 1.570235E+00
9.995112E+00 4.076411E-01 1.512947E+00
9.975630E+00 3.911351E-01 1.457509E+00
9.956222E+00 3.765940E-01 1.403789E+00
9.936891E+00 3.637861E-01 1.351652E+00
9.917634E+00 3.525192E-01 1.300960E+00
9.898452E+00 3.426360E-01 1.251578E+00
9.879344E+00 3.340088E-01 1.203373E+00
9.860309E+00 3.265365E-01 1.156216E+00
9.841348E+00 3.201410E-01 1.109985E+00
9.822459E+00 3.147658E-01 1.064560E+00
9.803643E+00 3.103736E-01 1.019829E+00
9.784899E+00 3.069461E-01 9.756827E-01
9.766226E+00 3.044837E-01 9.320170E-01
9.747615E+00 3.030062E-01 8.887331E-01
9.729084E+00 3.025542E-01 8.457374E-01
9.710623E+00 3.031918E-01 8.029439E-01
9.692233E+00 3.050091E-01 7.602765E-01
9.673912E+00 3.081268E-01 7.176742E-01
9.655660E+00 3.126998E-01 6.750989E-01
9.637477E+00 3.189208E-01 6.325475E-01
9.619362E+00 3.270205E-01 5.900704E-01
9.601315E+00 3.372604E-01 5.477958E-01
9.583336E+00 3.499116E-01 5.059589E-01
9.565424E+00 3.652118E-01 4.649280E-01
9.547578E+00 3.832969E-01 4.252106E-01
9.529800E+00 4.041192E-01 3.874145E-01
9.512078E+00 4.273888E-01 3.521531E-01
9.494431E+00 4.525828E-01 3.199164E-01
9.476849E+00 4.790354E-01 2.909677E-01
9.459333E+00 5.060693E-01 2.653184E-01
9.441881E+00 5.331017E-01 2.427772E-01
9.424493E+00 5.596951E-01 2.230349E-01
9.407170E+00 5.855572E-01 2.057394E-01
9.389909E+00 6.105140E-01 1.905462E-01
9.372712E+00 6.344784E-01 1.771440E-01
9.355578E+00 6.574215E-01 1.652633E-01
9.338507E+00 6.793510E-01 1.546767E-01
9.321498E+00 7.002971E-01 1.451945E-01
9.304541E+00 7.203021E-01 1.366591E-01
9.287655E+00 7.394142E-01 1.289397E-01
9.270831E+00 7.576838E-01 1.219276E-01
9.254067E+00 7.751611E-01 1.155317E-01
9.237363E+00 7.918944E-01 1.096758E-01
9.220720E+00 8.079298E-01 1.042956E-01
9.204137E+00 8.233107E-01 9.933635E-02
9.187613E+00 8.380774E-01 9.475149E-02
9.171148E+00 8.522674E-01 9.050099E-02
9.154743E+00 8.659157E-01 8.655035E-02
9.138396E+00 8.790543E-01 8.286965E-02
9.122107E+00 8.917132E-01 7.943284E-02
9.105876E+00 9.039198E-01 7.621713E-02
9.089694E+00 9.156997E-01 7.320246E-02
9.073579E+00 9.270765E-01 7.037116E-02
9.057520E+00 9.380721E-01 6.770757E-02
9.041518E+00 9.487068E-01 6.519775E-02
9.025572E+00 9.589994E-01 6.282928E-02
9.009683E+00 9.689675E-01 6.059104E-02
8.993849E+00 9.786274E-01 5.847304E-02
8.978071E+00 9.879942E-01 5.646628E-02
8.962348E+00 9.970822E-01 5.456265E-02
8.946680E+00 1.005905E+00 5.275479E-02
8.931067E+00 1.014474E+00 5.103603E-02
8.915509E+00 1.022802E+00 4.940030E-02
8.899996E+00 1.030899E+00 4.784206E-02
8.884545E+00 1.038775E+00 4.635625E-02
8.869148E+00 1.046441E+00 4.493825E-02
8.853804E+00 1.053904E+00 4.358379E-02
8.838513E+00 1.061175E+00 4.228899E-02
8.823275E+00 1.068260E+00 4.105024E-02
8.808089E+00 1.075167E+00 3.986423E-02
8.792956E+00 1.081903E+00 3.872789E-02
8.777874E+00 1.088476E+00 3.763839E-02
8.762844E+00 1.094890E+00 3.659311E-02
8.747866E+00 1.101154E+00 3.558961E-02
8.732938E+00 1.107271E+00 3.462562E-02
8.718061E+00 1.113248E+00 3.369904E-02
8.703228E+00 1.119090E+00 3.280792E-02
8.688452E+00 1.124801E+00 3.195041E-02
8.673727E+00 1.130386E+00 3.112482E-02
8.659051E+00 1.135850E+00 3.032954E-02
8.644425E+00 1.141197E+00 2.956308E-02
8.629848E+00 1.146431E+00 2.882405E-02
8.615320E+00 1.151556E+00 2.811113E-02
8.600841E+00 1.156575E+00 2.742309E-02
8.586411E+00 1.161491E+00 2.675876E-02
8.572029E+00 1.166309E+00 2.611708E-02
8.557695E+00 1.171031E+00 2.549700E-02
8.543409E+00 1.175660E+00 2.489757E-02
8.529170E+00 1.180200E+00 2.431787E-02
8.514972E+00 1.184652E+00 2.375705E-02
8.500828E+00 1.189021E+00 2.321430E-02
8.486731E+00 1.193307E+00 2.268885E-02
8.472681E+00 1.197514E+00 2.217998E-02
8.458677E+00 1.201644E+00 2.168701E-02
8.444719E+00 1.205699E+00 2.120928E-02
8.430808E+00 1.209681E+00 2.074618E-02
8.416942E+00 1.213593E+00 2.029713E-02
8.403121E+00 1.217437E+00 1.986157E-02
8.389346E+00 1.221213E+00 1.943898E-02
8.375616E+00 1.224925E+00 1.902887E-02
8.361931E+00 1.228574E+00 1.863074E-02
8.348284E+00 1.232161E+00 1.824417E-02
8.334688E+00 1.235689E+00 1.786871E-02
8.321136E+00 1.239158E+00 1.750396E-02
8.307628E+00 1.242571E+00 1.714953E-02
8.294164E+00 1.245929E+00 1.680505E-02
8.280744E+00 1.249233E+00 1.647016E-02
8.267367E+00 1.252485E+00 1.614452E-02
8.254033E+00 1.255685E+00 1.582782E-02
8.240742E+00 1.258836E+00 1.551975E-02
8.227493E+00 1.261938E+00 1.522001E-02
8.214288E+00 1.264993E+00 1.492832E-02
8.201124E+00 1.268002E+00 1.464441E-02
8.188003E+00 1.270965E+00 1.436803E-02
8.174917E+00 1.273885E+00 1.409892E-02
8.161879E+00 1.276761E+00 1.383686E-02
8.148883E+00 1.279595E+00 1.358162E-02
8.135929E+00 1.282389E+00 1.333297E-02
8.123015E+00 1.285142E+00 1.309072E-02
8.110142E+00 1.287856E+00 1.285466E-02
8.097310E+00 1.290532E+00 1.262460E-02
8.084519E+00 1.293170E+00 1.240036E-02
8.071768E+00 1.295772E+00 1.218177E-02
8.059057E+00 1.298338E+00 1.196864E-02
8.046386E+00 1.300869E+00 1.176083E-02
8.033755E+00 1.303365E+00 1.155817E-02
8.021163E+00 1.305828E+00 1.136052E-02
8.008604E+00 1.308258E+00 1.116772E-02
7.996092E+00 1.310656E+00 1.097964E-02
7.983618E+00 1.313023E+00 1.079615E-02
7.971183E+00 1.315358E+00 1.061712E-02
7.958786E+00 1.317664E+00 1.044241E-02
7.946428E+00 1.319940E+00 1.027192E-02
7.934109E+00 1.322186E+00 1.010552E-02
7.921827E+00 1.324405E+00 9.943109E-03
7.909584E+00 1.326595E+00 9.784572E-03
7.897378E+00 1.328758E+00 9.629807E-03
7.885210E+00 1.330895E+00 9.478715E-03
7.873080E+00 1.333005E+00 9.331198E-03
7.860980E+00 1.335089E+00 9.187162E-03
7.848924E+00 1.337148E+00 9.046517E-03
7.836905E+00 1.339183E+00 8.909175E-03
7.824922E+00 1.341193E+00 8.775052E-03
7.812976E+00 1.343179E+00 8.644066E-03
7.801067E+00 1.345142E+00 8.516137E-03
7.789193E+00 1.347081E+00 8.391189E-03
7.777356E+00 1.348998E+00 8.269148E-03
7.765555E+00 1.350893E+00 8.149941E-03
7.753789E+00 1.352766E+00 8.033498E-03
7.742059E+00 1.354618E+00 7.919753E-03
7.730365E+00 1.356449E+00 7.808639E-03
7.718706E+00 1.358259E+00 7.700093E-03
7.707076E+00 1.360049E+00 7.594053E-03
7.695487E+00 1.361818E+00 7.490459E-03
7.683932E+00 1.363569E+00 7.389253E-03
7.672413E+00 1.365300E+00 7.290379E-03
7.660927E+00 1.367012E+00 7.193781E-03
7.649477E+00 1.368705E+00 7.099406E-03
7.638060E+00 1.370380E+00 7.007202E-03
7.626677E+00 1.372037E+00 6.917118E-03
7.615328E+00 1.373677E+00 6.829107E-03
7.604013E+00 1.375299E+00 6.743119E-03
7.592732E+00 1.376903E+00 6.659108E-03
7.581484E+00 1.378491E+00 6.577028E-03
7.570269E+00 1.380063E+00 6.496837E-03
7.559082E+00 1.381618E+00 6.418490E-03
7.547933E+00 1.383157E+00 6.341945E-03
7.536817E+00 1.384680E+00 6.267162E-03
7.525734E+00 1.386187E+00 6.194101E-03
7.514684E+00 1.387680E+00 6.122723E-03
7.503666E+00 1.389157E+00 6.052990E-03
7.492680E+00 1.390619E+00 5.984864E-03
7.481726E+00 1.392067E+00 5.918309E-03
7.470804E+00 1.393500E+00 5.853291E-03
7.459914E+00 1.394919E+00 5.789774E-03
7.449056E+00 1.396324E+00 5.727724E-03
7.438229E+00 1.397715E+00 5.667109E-03
7.427428E+00 1.399093E+00 5.607896E-03
7.416665E+00 1.400457E+00 5.550054E-03
7.405932E+00 1.401808E+00 5.493550E-03
7.395230E+00 1.403146E+00 5.438357E-03
7.384559E+00 1.404472E+00 5.384442E-03
7.373919E+00 1.405784E+00 5.331778E-03
7.363309E+00 1.407085E+00 5.280336E-03
7.352730E+00 1.408373E+00 5.230088E-03
7.342182E+00 1.409649E+00 5.181006E-03
7.331663E+00 1.410912E+00 5.133065E-03
7.321175E+00 1.412165E+00 5.086237E-03
7.310716E+00 1.413405E+00 5.040497E-03
7.300288E+00 1.414634E+00 4.995820E-03
7.289884E+00 1.415852E+00 4.952180E-03
7.279514E+00 1.417059E+00 4.909554E-03
7.269175E+00 1.418255E+00 4.867918E-03
7.258864E+00 1.419440E+00 4.827248E-03
7.248583E+00 1.420614E+00 4.787521E-03
7.238331E+00 1.421778E+00 4.748715E-03
7.228108E+00 1.422931E+00 4.710808E-03
7.217913E+00 1.424074E+00 4.673778E-03
7.207747E+00 1.425207E+00 4.637603E-03
7.197610E+00 1.426330E+00 4.602263E-03
7.187502E+00 1.427444E+00 4.567737E-03
7.177422E+00 1.428547E+00 4.534004E-03
7.167364E+00 1.429641E+00 4.501046E-03
7.157341E+00 1.430725E+00 4.468842E-03
7.147345E+00 1.431800E+00 4.437374E-03
7.137377E+00 1.432866E+00 4.406623E-03
7.127436E+00 1.433923E+00 4.376570E-03
7.117524E+00 1.434970E+00 4.347197E-03
7.107639E+00 1.436009E+00 4.318486E-03
7.097781E+00 1.437039E+00 4.290420E-03
7.087951E+00 1.438060E+00 4.262983E-03
7.078148E+00 1.439073E+00 4.236156E-03
7.068372E+00 1.440078E+00 4.209924E-03
7.058623E+00 1.441074E+00 4.184271E-03
7.048900E+00 1.442061E+00 4.159180E-03
7.039200E+00 1.443041E+00 4.134636E-03
7.029531E+00 1.444013E+00 4.110625E-03
7.019889E+00 1.444977E+00 4.087130E-03
7.010273E+00 1.445932E+00 4.064138E-03
7.000683E+00 1.446881E+00 4.041634E-03
6.991120E+00 1.447821E+00 4.019605E-03
6.981583E+00 1.448754E+00 3.998037E-03
6.972071E+00 1.449680E+00 3.976917E-03
6.962586E+00 1.450598E+00 3.956231E-03
6.953126E+00 1.451509E+00 3.935969E-03
6.943692E+00 1.452413E+00 3.916117E-03
6.934284E+00 1.453310E+00 3.896665E-03
6.924901E+00 1.454200E+00 3.877602E-03
6.915538E+00 1.455083E+00 3.858917E-03
6.906206E+00 1.455959E+00 3.840600E-03
6.896899E+00 1.456829E+00 3.822643E-03
6.887617E+00 1.457692E+00 3.805038E-03
6.878360E+00 1.458548E+00 3.787778E-03
6.869127E+00 1.459398E+00 3.770856E-03
6.859920E+00 1.460241E+00 3.754267E-03
6.850737E+00 1.461079E+00 3.738008E-03
6.841578E+00 1.461910E+00 3.722076E-03
6.832445E+00 1.462735E+00 3.706471E-03
6.823335E+00 1.463554E+00 3.691194E-03
6.814250E+00 1.464367E+00 3.676249E-03
6.805184E+00 1.465174E+00 3.661641E-03
6.796147E+00 1.465976E+00 3.647378E-03
6.787134E+00 1.466772E+00 3.633471E-03
6.778145E+00 1.467562E+00 3.619934E-03
6.769179E+00 1.468346E+00 3.606784E-03
6.760237E+00 1.469126E+00 3.594041E-03
6.751319E+00 1.469900E+00 3.581729E-03
6.742425E+00 1.470668E+00 3.569874E-03
6.733553E+00 1.471432E+00 3.558509E-03
6.724705E+00 1.472190E+00 3.547666E-03
6.715881E+00 1.472943E+00 3.537386E-03
6.707079E+00 1.473691E+00 3.527709E-03
6.698301E+00 1.474434E+00 3.518679E-03
6.689540E+00 1.475172E+00 3.510344E-03
6.680808E+00 1.475905E+00 3.502753E-03
6.672098E+00 1.476634E+00 3.495958E-03
6.663410E+00 1.477357E+00 3.490009E-03
6.654746E+00 1.478076E+00 3.484957E-03
6.646104E+00 1.478790E+00 3.480853E-03
6.637484E+00 1.479498E+00 3.477744E-03
6.628886E+00 1.480202E+00 3.475673E-03
6.620311E+00 1.480901E+00 3.474678E-03
6.611758E+00 1.481596E+00 3.474789E-03
6.603227E+00 1.482285E+00 3.476031E-03
6.594718E+00 1.482969E+00 3.478416E-03
6.586231E+00 1.483648E+00 3.481945E-03
6.577762E+00 1.484321E+00 3.486608E-03
6.569318E+00 1.484990E+00 3.492378E-03
6.560896E+00 1.485653E+00 3.499217E-03
6.552496E+00 1.486311E+00 3.507068E-03
6.544117E+00 1.486963E+00 3.515858E-03
6.535760E+00 1.487610E+00 3.525498E-03
6.527424E+00 1.488251E+00 3.535881E-03
6.519109E+00 1.488886E+00 3.546885E-03
6.510815E+00 1.489515E+00 3.558371E-03
6.502542E+00 1.490139E+00 3.570186E-03
6.494291E+00 1.490757E+00 3.582166E-03
6.486060E+00 1.491370E+00 3.594135E-03
6.477846E+00 1.491976E+00 3.605908E-03
6.469657E+00 1.492577E+00 3.617295E-03
6.461489E+00 1.493172E+00 3.628103E-03
6.453341E+00 1.493761E+00 3.638141E-03
6.445213E+00 1.494346E+00 3.647220E-03
6.437107E+00 1.494924E+00 3.655159E-03
6.429020E+00 1.495498E+00 3.661788E-03
6.420954E+00 1.496067E+00 3.666949E-03
6.412908E+00 1.496630E+00 3.670504E-03
6.404882E+00 1.497190E+00 3.672333E-03
6.396876E+00 1.497745E+00 3.672339E-03
6.388890E+00 1.498295E+00 3.670448E-03
6.380925E+00 1.498843E+00 3.666614E-03
6.372975E+00 1.499386E+00 3.660817E-03
6.365048E+00 1.499926E+00 3.653065E-03
6.357142E+00 1.500463E+00 3.643393E-03
6.349255E+00 1.500997E+00 3.631864E-03
6.341387E+00 1.501529E+00 3.618565E-03
6.333539E+00 1.502058E+00 3.603609E-03
6.325711E+00 1.502585E+00 3.587127E-03
6.317902E+00 1.503110E+00 3.569273E-03
6.310112E+00 1.503634E+00 3.550214E-03
6.302341E+00 1.504155E+00 3.530131E-03
6.294589E+00 1.504675E+00 3.509212E-03
6.286857E+00 1.505194E+00 3.487653E-03
6.279143E+00 1.505711E+00 3.465650E-03
6.271444E+00 1.506227E+00 3.443399E-03
6.263769E+00 1.506741E+00 3.421090E-03
6.256111E+00 1.507254E+00 3.398906E-03
6.248473E+00 1.507766E+00 3.377020E-03
6.240853E+00 1.508276E+00 3.355593E-03
6.233252E+00 1.508785E+00 3.334769E-03
6.225669E+00 1.509292E+00 3.314680E-03
6.218105E+00 1.509797E+00 3.295439E-03
6.210559E+00 1.510301E+00 3.277143E-03
6.203031E+00 1.510803E+00 3.259870E-03
6.195522E+00 1.511303E+00 3.243684E-03
6.188031E+00 1.511801E+00 3.228630E-03
6.180554E+00 1.512297E+00 3.214739E-03
6.173099E+00 1.512790E+00 3.202026E-03
6.165661E+00 1.513281E+00 3.190493E-03
6.158242E+00 1.513770E+00 3.180132E-03
6.150841E+00 1.514256E+00 3.170923E-03
6.143457E+00 1.514739E+00 3.162838E-03
6.136091E+00 1.515220E+00 3.155840E-03
6.128743E+00 1.515698E+00 3.149890E-03
6.121412E+00 1.516174E+00 3.144940E-03
6.114099E+00 1.516646E+00 3.140941E-03
6.106803E+00 1.517116E+00 3.137843E-03
6.099525E+00 1.517583E+00 3.135593E-03
6.092264E+00 1.518047E+00 3.134140E-03
6.085016E+00 1.518508E+00 3.133431E-03
6.077790E+00 1.518966E+00 3.133418E-03
6.070580E+00 1.519422E+00 3.134051E-03
6.063388E+00 1.519874E+00 3.135286E-03
6.056213E+00 1.520324E+00 3.137078E-03
6.049054E+00 1.520770E+00 3.139387E-03
6.041913E+00 1.521214E+00 3.142176E-03
6.034788E+00 1.521655E+00 3.145408E-03
6.027680E+00 1.522093E+00 3.149052E-03
6.020589E+00 1.522529E+00 3.153078E-03
6.013515E+00 1.522961E+00 3.157459E-03
6.006457E+00 1.523391E+00 3.162170E-03
5.999412E+00 1.523818E+00 3.167187E-03
5.992387E+00 1.524243E+00 3.172491E-03
5.985379E+00 1.524665E+00 3.178063E-03
5.978387E+00 1.525084E+00 3.183884E-03
5.971411E+00 1.525500E+00 3.189938E-03
5.964452E+00 1.525914E+00 3.196212E-03
5.957509E+00 1.526325E+00 3.202690E-03
5.950582E+00 1.526733E+00 3.209359E-03
5.943671E+00 1.527139E+00 3.216208E-03
5.936776E+00 1.527543E+00 3.223225E-03
5.929897E+00 1.527944E+00 3.230397E-03
5.923034E+00 1.528342E+00 3.237715E-03
5.916187E+00 1.528738E+00 3.245167E-03
5.909352E+00 1.529131E+00 3.252743E-03
5.902536E+00 1.529522E+00 3.260432E-03
5.895736E+00 1.529911E+00 3.268224E-03
5.888952E+00 1.530297E+00 3.276109E-03
5.882183E+00 1.530680E+00 3.284076E-03
5.875430E+00 1.531061E+00 3.292116E-03
5.868693E+00 1.531440E+00 3.300217E-03
5.861971E+00 1.531816E+00 3.308369E-03
5.855264E+00 1.532190E+00 3.316562E-03
5.848572E+00 1.532562E+00 3.324784E-03
5.841896E+00 1.532931E+00 3.333026E-03
5.835235E+00 1.533298E+00 3.341276E-03
5.828589E+00 1.533663E+00 3.349522E-03
5.821955E+00 1.534025E+00 3.357755E-03
5.815340E+00 1.534385E+00 3.365963E-03
5.808739E+00 1.534743E+00 3.374133E-03
5.802154E+00 1.535099E+00 3.382256E-03
5.795583E+00 1.535452E+00 3.390318E-03
5.789027E+00 1.535803E+00 3.398310E-03
5.782486E+00 1.536152E+00 3.406218E-03
5.775960E+00 1.536499E+00 3.414032E-03
5.769448E+00 1.536843E+00 3.421739E-03
5.762951E+00 1.537185E+00 3.429327E-03
5.756469E+00 1.537525E+00 3.436785E-03
5.750001E+00 1.537863E+00 3.444100E-03
5.743545E+00 1.538199E+00 3.451261E-03
5.737106E+00 1.538533E+00 3.458255E-03
5.730682E+00 1.538864E+00 3.465071E-03
5.724272E+00 1.539194E+00 3.471697E-03
5.717877E+00 1.539521E+00 3.478120E-03
5.711495E+00 1.539847E+00 3.484328E-03
5.705128E+00 1.540170E+00 3.490311E-03
5.698775E+00 1.540491E+00 3.496055E-03
5.692437E+00 1.540811E+00 3.501550E-03
5.686112E+00 1.541128E+00 3.506783E-03
5.679801E+00 1.541443E+00 3.511742E-03
5.673505E+00 1.541757E+00 3.516417E-03
5.667222E+00 1.542068E+00 3.520796E-03
5.660950E+00 1.542378E+00 3.524868E-03
5.654695E+00 1.542685E+00 3.528621E-03
5.648454E+00 1.542991E+00 3.532045E-03
5.642226E+00 1.543295E+00 3.535129E-03
5.636013E+00 1.543597E+00 3.537862E-03
5.629813E+00 1.543897E+00 3.540233E-03
5.623626E+00 1.544196E+00 3.542233E-03
5.617454E+00 1.544493E+00 3.543850E-03
5.611294E+00 1.544787E+00 3.545077E-03
5.605149E+00 1.545081E+00 3.545902E-03
5.599016E+00 1.545372E+00 3.546316E-03
5.592897E+00 1.545662E+00 3.546310E-03
5.586792E+00 1.545950E+00 3.545876E-03
5.580697E+00 1.546236E+00 3.545005E-03
5.574618E+00 1.546521E+00 3.543688E-03
5.568552E+00 1.546804E+00 3.541917E-03
5.562499E+00 1.547085E+00 3.539684E-03
5.556460E+00 1.547365E+00 3.536983E-03
5.550434E+00 1.547644E+00 3.533806E-03
5.544421E+00 1.547920E+00 3.530146E-03
5.538420E+00 1.548196E+00 3.525997E-03
5.532433E+00 1.548469E+00 3.521353E-03
5.526459E+00 1.548742E+00 3.516207E-03
5.520497E+00 1.549013E+00 3.510555E-03
5.514549E+00 1.549282E+00 3.504392E-03
5.508610E+00 1.549550E+00 3.497713E-03
5.502687E+00 1.549817E+00 3.490514E-03
5.496777E+00 1.550082E+00 3.482790E-03
5.490879E+00 1.550346E+00 3.474540E-03
5.484994E+00 1.550609E+00 3.465759E-03
5.479122E+00 1.550870E+00 3.456445E-03
5.473262E+00 1.551130E+00 3.446596E-03
5.467415E+00 1.551389E+00 3.436210E-03
5.461580E+00 1.551647E+00 3.425286E-03
5.455758E+00 1.551904E+00 3.413824E-03
5.449948E+00 1.552159E+00 3.401822E-03
5.444150E+00 1.552413E+00 3.389280E-03
5.438365E+00 1.552666E+00 3.376201E-03
5.432589E+00 1.552918E+00 3.362583E-03
5.426828E+00 1.553169E+00 3.348429E-03
5.421080E+00 1.553419E+00 3.333741E-03
5.415343E+00 1.553668E+00 3.318520E-03
5.409619E+00 1.553915E+00 3.302770E-03
5.403907E+00 1.554162E+00 3.286494E-03
5.398207E+00 1.554408E+00 3.269696E-03
5.392519E+00 1.554653E+00 3.252379E-03
5.386843E+00 1.554897E+00 3.234549E-03
5.381178E+00 1.555140E+00 3.216210E-03
5.375526E+00 1.555382E+00 3.197368E-03
5.369886E+00 1.555624E+00 3.178028E-03
5.364257E+00 1.555864E+00 3.158198E-03
5.358638E+00 1.556104E+00 3.137884E-03
5.353032E+00 1.556343E+00 3.117093E-03
5.347439E+00 1.556581E+00 3.095832E-03
5.341858E+00 1.556819E+00 3.074110E-03
5.336288E+00 1.557056E+00 3.051936E-03
5.330729E+00 1.557292E+00 3.029318E-03
5.325182E+00 1.557527E+00 3.006265E-03
5.319647E+00 1.557762E+00 2.982787E-03
5.314123E+00 1.557996E+00 2.958895E-03
5.308611E+00 1.558230E+00 2.934598E-03
5.303110E+00 1.558463E+00 2.909907E-03
5.297620E+00 1.558695E+00 2.884834E-03
5.292139E+00 1.558927E+00 2.859391E-03
5.286672E+00 1.559158E+00 2.833590E-03
5.281217E+00 1.559389E+00 2.807443E-03
5.275773E+00 1.559619E+00 2.780963E-03
5.270339E+00 1.559849E+00 2.754166E-03
5.264917E+00 1.560079E+00 2.727065E-03
5.259507E+00 1.560308E+00 2.699676E-03
5.254107E+00 1.560536E+00 2.672015E-03
5.248718E+00 1.560765E+00 2.644100E-03
5.243341E+00 1.560993E+00 2.615951E-03
5.237974E+00 1.561220E+00 2.587587E-03
5.232619E+00 1.561448E+00 2.559031E-03
5.227274E+00 1.561675E+00 2.530307E-03
5.221938E+00 1.561902E+00 2.501443E-03
5.216615E+00 1.562128E+00 2.472469E-03
5.211303E+00 1.562355E+00 2.443417E-03
5.206001E+00 1.562581E+00 2.414325E-03
5.200711E+00 1.562807E+00 2.385233E-03
5.195431E+00 1.563033E+00 2.356186E-03
5.190162E+00 1.563259E+00 2.327234E-03
5.184904E+00 1.563485E+00 2.298433E-03
5.179656E+00 1.563711E+00 2.269842E-03
5.174419E+00 1.563937E+00 2.241527E-03
5.169193E+00 1.564163E+00 2.213559E-03
5.163977E+00 1.564389E+00 2.186014E-03
5.158769E+00 1.564614E+00 2.158971E-03
5.153574E+00 1.564840E+00 2.132515E-03
5.148389E+00 1.565066E+00 2.106733E-03
5.143215E+00 1.565291E+00 2.081713E-03
5.138052E+00 1.565516E+00 2.057543E-03
5.132898E+00 1.565741E+00 2.034309E-03
5.127755E+00 1.565966E+00 2.012092E-03
5.122623E+00 1.566190E+00 1.990968E-03
5.117500E+00 1.566414E+00 1.971001E-03
5.112388E+00 1.566637E+00 1.952246E-03
5.107286E+00 1.566859E+00 1.934742E-03
5.102194E+00 1.567080E+00 1.918508E-03
5.097113E+00 1.567300E+00 1.903545E-03
5.092039E+00 1.567519E+00 1.889831E-03
5.086977E+00 1.567736E+00 1.877319E-03
5.081926E+00 1.567952E+00 1.865936E-03
5.076884E+00 1.568165E+00 1.855581E-03
5.071853E+00 1.568377E+00 1.846127E-03
5.066832E+00 1.568587E+00 1.837419E-03
5.061820E+00 1.568794E+00 1.829279E-03
5.056818E+00 1.569000E+00 1.821503E-03
5.051827E+00 1.569202E+00 1.813870E-03
5.046845E+00 1.569403E+00 1.806142E-03
5.041873E+00 1.569601E+00 1.798070E-03
5.036910E+00 1.569796E+00 1.789398E-03
5.031958E+00 1.569989E+00 1.779871E-03
5.027013E+00 1.570180E+00 1.769242E-03
5.022080E+00 1.570368E+00 1.757272E-03
5.017156E+00 1.570555E+00 1.743745E-03
5.012242E+00 1.570740E+00 1.728468E-03
5.007338E+00 1.570924E+00 1.711278E-03
5.002444E+00 1.571106E+00 1.692047E-03
4.997559E+00 1.571287E+00 1.670688E-03
4.992683E+00 1.571468E+00 1.647153E-03
4.987817E+00 1.571648E+00 1.621439E-03
4.982961E+00 1.571829E+00 1.593587E-03
4.978114E+00 1.572009E+00 1.563682E-03
4.973276E+00 1.572190E+00 1.531847E-03
4.968445E+00 1.572372E+00 1.498245E-03
4.963627E+00 1.572555E+00 1.463072E-03
4.958817E+00 1.572739E+00 1.426551E-03
4.954017E+00 1.572924E+00 1.388925E-03
4.949226E+00 1.573111E+00 1.350455E-03
4.944444E+00 1.573299E+00 1.311407E-03
4.939672E+00 1.573489E+00 1.272049E-03
4.934909E+00 1.573680E+00 1.232647E-03
4.930155E+00 1.573873E+00 1.193452E-03
4.925410E+00 1.574067E+00 1.154701E-03
4.920674E+00 1.574263E+00 1.116609E-03
4.915947E+00 1.574459E+00 1.079369E-03
4.911230E+00 1.574657E+00 1.043147E-03
4.906519E+00 1.574856E+00 1.008079E-03
4.901819E+00 1.575055E+00 9.742758E-04
4.897128E+00 1.575255E+00 9.418188E-04
4.892447E+00 1.575456E+00 9.107628E-04
4.887774E+00 1.575656E+00 8.811379E-04
4.883111E+00 1.575857E+00 8.529512E-04
4.878456E+00 1.576057E+00 8.261901E-04
4.873810E+00 1.576257E+00 8.008247E-04
4.869173E+00 1.576457E+00 7.768108E-04
4.864544E+00 1.576657E+00 7.540931E-04
4.859925E+00 1.576855E+00 7.326076E-04
4.855314E+00 1.577053E+00 7.122847E-04
4.850712E+00 1.577251E+00 6.930511E-04
4.846116E+00 1.577447E+00 6.748320E-04
4.841532E+00 1.577643E+00 6.575530E-04
4.836956E+00 1.577838E+00 6.411417E-04
4.832389E+00 1.578031E+00 6.255282E-04
4.827830E+00 1.578224E+00 6.106468E-04
4.823280E+00 1.578416E+00 5.964361E-04
4.818738E+00 1.578608E+00 5.828392E-04
4.814205E+00 1.578798E+00 5.698045E-04
4.809681E+00 1.578987E+00 5.572851E-04
4.805165E+00 1.579175E+00 5.452391E-04
4.800657E+00 1.579363E+00 5.336289E-04
4.796158E+00 1.579549E+00 5.224214E-04
4.791666E+00 1.579735E+00 5.115874E-04
4.787183E+00 1.579919E+00 5.011013E-04
4.782710E+00 1.580103E+00 4.909406E-04
4.778244E+00 1.580286E+00 4.810856E-04
4.773787E+00 1.580469E+00 4.715190E-04
4.769338E+00 1.580650E+00 4.622259E-04
4.764898E+00 1.580831E+00 4.531927E-04
4.760465E+00 1.581011E+00 4.444078E-04
4.756041E+00 1.581190E+00 4.358607E-04
4.751625E+00 1.581368E+00 4.275418E-04
4.747218E+00 1.581546E+00 4.194428E-04
4.742818E+00 1.581722E+00 4.115557E-04
4.738427E+00 1.581898E+00 4.038733E-04
4.734042E+00 1.582074E+00 3.963889E-04
4.729666E+00 1.582248E+00 3.890963E-04
4.725299E+00 1.582422E+00 3.819894E-04
4.720940E+00 1.582595E+00 3.750625E-04
4.716590E+00 1.582768E+00 3.683102E-04
4.712247E+00 1.582940E+00 3.617272E-04
4.707912E+00 1.583111E+00 3.553084E-04
4.703585E+00 1.583281E+00 3.490489E-04
4.699266E+00 1.583451E+00 3.429440E-04
4.694955E+00 1.583620E+00 3.369888E-04
4.690652E+00 1.583788E+00 3.311789E-04
4.686356E+00 1.583956E+00 3.255099E-04
4.682067E+00 1.584123E+00 3.199773E-04
4.677787E+00 1.584289E+00 3.145771E-04
4.673515E+00 1.584455E+00 3.093049E-04
4.669251E+00 1.584620E+00 3.041569E-04
4.664995E+00 1.584784E+00 2.991291E-04
4.660747E+00 1.584948E+00 2.942177E-04
4.656506E+00 1.585111E+00 2.894190E-04
4.652273E+00 1.585274E+00 2.847294E-04
4.648048E+00 1.585435E+00 2.801453E-04
4.643830E+00 1.585597E+00 2.756635E-04
4.639620E+00 1.585757E+00 2.712805E-04
4.635417E+00 1.585917E+00 2.669932E-04
4.631223E+00 1.586076E+00 2.627985E-04
4.627033E+00 1.586235E+00 2.586934E-04
4.622854E+00 1.586393E+00 2.546750E-04
4.618682E+00 1.586551E+00 2.507405E-04
4.614517E+00 1.586708E+00 2.468873E-04
4.610360E+00 1.586864E+00 2.431127E-04
4.606210E+00 1.587020E+00 2.394143E-04
4.602068E+00 1.587175E+00 2.357897E-04
4.597934E+00 1.587330E+00 2.322365E-04
4.593806E+00 1.587484E+00 2.287527E-04
4.589687E+00 1.587637E+00 2.253360E-04
4.585574E+00 1.587790E+00 2.219845E-04
4.581469E+00 1.587942E+00 2.186962E-04
4.577371E+00 1.588094E+00 2.154694E-04
4.573279E+00 1.588245E+00 2.123022E-04
4.569196E+00 1.588396E+00 2.091930E-04
4.565120E+00 1.588546E+00 2.061402E-04
4.561051E+00 1.588695E+00 2.031423E-04
4.556990E+00 1.588844E+00 2.001980E-04
4.552936E+00 1.588993E+00 1.973058E-04
4.548889E+00 1.589140E+00 1.944644E-04
4.544849E+00 1.589288E+00 1.916727E-04
4.540817E+00 1.589435E+00 1.889296E-04
4.536791E+00 1.589581E+00 1.862339E-04
4.532773E+00 1.589727E+00 1.835847E-04
4.528762E+00 1.589872E+00 1.809811E-04
4.524756E+00 1.590017E+00 1.784221E-04
4.520759E+00 1.590161E+00 1.759069E-04
4.516769E+00 1.590305E+00 1.734347E-04
4.512786E+00 1.590448E+00 1.710049E-04
4.508810E+00 1.590591E+00 1.686168E-04
4.504841E+00 1.590733E+00 1.662697E-04
4.500879E+00 1.590875E+00 1.639630E-04
4.496925E+00 1.591016E+00 1.616963E-04
4.492977E+00 1.591157E+00 1.594690E-04
4.489036E+00 1.591297E+00 1.572807E-04
4.485101E+00 1.591437E+00 1.551308E-04
4.481174E+00 1.591576E+00 1.530192E-04
4.477254E+00 1.591715E+00 1.509452E-04
4.473338E+00 1.591853E+00 1.489087E-04
4.469432E+00 1.591991E+00 1.469094E-04
4.465532E+00 1.592129E+00 1.449468E-04
4.461639E+00 1.592266E+00 1.430207E-04
4.457752E+00 1.592402E+00 1.411310E-04
4.453873E+00 1.592538E+00 1.392773E-04
4.450000E+00 1.592674E+00 1.374594E-04
4.446134E+00 1.592809E+00 1.356772E-04
4.442275E+00 1.592944E+00 1.339304E-04
4.438422E+00 1.593078E+00 1.322187E-04
4.434576E+00 1.593212E+00 1.305422E-04
4.430737E+00 1.593345E+00 1.289004E-04
4.426904E+00 1.593478E+00 1.272934E-04
4.423076E+00 1.593610E+00 1.257208E-04
4.419257E+00 1.593742E+00 1.241826E-04
4.415444E+00 1.593874E+00 1.226786E-04
4.411638E+00 1.594005E+00 1.212085E-04
4.407838E+00 1.594136E+00 1.197722E-04
4.404045E+00 1.594266E+00 1.183695E-04
4.400258E+00 1.594396E+00 1.170003E-04
4.396478E+00 1.594525E+00 1.156643E-04
4.392704E+00 1.594654E+00 1.143613E-04
4.388937E+00 1.594783E+00 1.130911E-04
4.385176E+00 1.594911E+00 1.118535E-04
4.381422E+00 1.595039E+00 1.106483E-04
4.377672E+00 1.595166E+00 1.094752E-04
4.373931E+00 1.595293E+00 1.083339E-04
4.370196E+00 1.595419E+00 1.072242E-04
4.366467E+00 1.595545E+00 1.061458E-04
4.362745E+00 1.595671E+00 1.050985E-04
4.359029E+00 1.595796E+00 1.040818E-04
4.355319E+00 1.595921E+00 1.030956E-04
4.351616E+00 1.596045E+00 1.021394E-04
4.347919E+00 1.596169E+00 1.012130E-04
4.344228E+00 1.596293E+00 1.003159E-04
4.340543E+00 1.596416E+00 9.944781E-05
4.336865E+00 1.596539E+00 9.860832E-05
4.333193E+00 1.596661E+00 9.779703E-05
4.329525E+00 1.596783E+00 9.701353E-05
4.325866E+00 1.596905E+00 9.625739E-05
4.322212E+00 1.597026E+00 9.552817E-05
4.318565E+00 1.597147E+00 9.482541E-05
4.314924E+00 1.597267E+00 9.414865E-05
4.311289E+00 1.597387E+00 9.349742E-05
4.307660E+00 1.597507E+00 9.287121E-05
4.304037E+00 1.597626E+00 9.226953E-05
4.300420E+00 1.597745E+00 9.169186E-05
4.296810E+00 1.597863E+00 9.113768E-05
4.293205E+00 1.597981E+00 9.060645E-05
4.289607E+00 1.598099E+00 9.009763E-05
4.286014E+00 1.598216E+00 8.961066E-05
4.282426E+00 1.598333E+00 8.914499E-05
4.278846E+00 1.598450E+00 8.870003E-05
4.275271E+00 1.598566E+00 8.827521E-05
4.271702E+00 1.598682E+00 8.786995E-05
4.268140E+00 1.598797E+00 8.748366E-05
4.264583E+00 1.598912E+00 8.711574E-05
4.261033E+00 1.599027E+00 8.676558E-05
4.257488E+00 1.599141E+00 8.643258E-05
4.253949E+00 1.599255E+00 8.611614E-05
4.250416E+00 1.599369E+00 8.581564E-05
4.246889E+00 1.599482E+00 8.553046E-05
4.243367E+00 1.599595E+00 8.525999E-05
4.239850E+00 1.599707E+00 8.500362E-05
4.236340E+00 1.599820E+00 8.476072E-05
4.232836E+00 1.599931E+00 8.453067E-05
4.229338E+00 1.600043E+00 8.431288E-05
4.225846E+00 1.600154E+00 8.410671E-05
4.222360E+00 1.600264E+00 8.391156E-05
4.218879E+00 1.600375E+00 8.372682E-05
4.215404E+00 1.600485E+00 8.355188E-05
4.211934E+00 1.600594E+00 8.338615E-05
4.208471E+00 1.600704E+00 8.322903E-05
4.205013E+00 1.600813E+00 8.307994E-05
4.201561E+00 1.600921E+00 8.293827E-05
4.198114E+00 1.601029E+00 8.280347E-05
4.194671E+00 1.601137E+00 8.267497E-05
4.191236E+00 1.601245E+00 8.255219E-05
4.187806E+00 1.601352E+00 8.243458E-05
4.184382E+00 1.601459E+00 8.232161E-05
4.180964E+00 1.601566E+00 8.221273E-05
4.177551E+00 1.601672E+00 8.210743E-05
4.174144E+00 1.601778E+00 8.200518E-05
4.170742E+00 1.601883E+00 8.190547E-05
4.167346E+00 1.601989E+00 8.180783E-05
4.163955E+00 1.602093E+00 8.171175E-05
4.160570E+00 1.602198E+00 8.161678E-05
4.157190E+00 1.602302E+00 8.152246E-05
4.153814E+00 1.602406E+00 8.142833E-05
4.150445E+00 1.602510E+00 8.133397E-05
4.147082E+00 1.602613E+00 8.123895E-05
4.143724E+00 1.602716E+00 8.114286E-05
4.140372E+00 1.602819E+00 8.104532E-05
4.137025E+00 1.602921E+00 8.094595E-05
4.133683E+00 1.603023E+00 8.084437E-05
4.130347E+00 1.603125E+00 8.074023E-05
4.127016E+00 1.603226E+00 8.063320E-05
4.123691E+00 1.603327E+00 8.052295E-05
4.120371E+00 1.603428E+00 8.040918E-05
4.117056E+00 1.603529E+00 8.029158E-05
4.113747E+00 1.603629E+00 8.016989E-05
4.110441E+00 1.603729E+00 8.004383E-05
4.107142E+00 1.603828E+00 7.991315E-05
4.103849E+00 1.603927E+00 7.977761E-05
4.100561E+00 1.604026E+00 7.963701E-05
4.097278E+00 1.604125E+00 7.949112E-05
4.094000E+00 1.604224E+00 7.933976E-05
4.090727E+00 1.604322E+00 7.918275E-05
4.087460E+00 1.604419E+00 7.901993E-05
4.084198E+00 1.604517E+00 7.885114E-05
4.080941E+00 1.604614E+00 7.867626E-05
4.077690E+00 1.604711E+00 7.849516E-05
4.074443E+00 1.604808E+00 7.830774E-05
4.071202E+00 1.604904E+00 7.811390E-05
4.067964E+00 1.605000E+00 7.791357E-05
4.064733E+00 1.605096E+00 7.770668E-05
4.061507E+00 1.605192E+00 7.749318E-05
4.058287E+00 1.605287E+00 7.727304E-05
4.055071E+00 1.605382E+00 7.704621E-05
4.051861E+00 1.605477E+00 7.681270E-05
4.048655E+00 1.605571E+00 7.657249E-05
4.045455E+00 1.605665E+00 7.632561E-05
4.042259E+00 1.605759E+00 7.607207E-05
4.039069E+00 1.605853E+00 7.581191E-05
4.035884E+00 1.605946E+00 7.554518E-05
4.032704E+00 1.606039E+00 7.527192E-05
4.029527E+00 1.606132E+00 7.499221E-05
4.026357E+00 1.606224E+00 7.470613E-05
4.023191E+00 1.606317E+00 7.441376E-05
4.020031E+00 1.606409E+00 7.411520E-05
4.016876E+00 1.606501E+00 7.381056E-05
4.013725E+00 1.606592E+00 7.349996E-05
4.010580E+00 1.606683E+00 7.318351E-05
4.007439E+00 1.606774E+00 7.286135E-05
4.004304E+00 1.606865E+00 7.253362E-05
4.001173E+00 1.606956E+00 7.220047E-05
3.998047E+00 1.607046E+00 7.186205E-05
3.994926E+00 1.607136E+00 7.151854E-05
3.991810E+00 1.607226E+00 7.117009E-05
3.988698E+00 1.607315E+00 7.081688E-05
3.985591E+00 1.607405E+00 7.045909E-05
3.982490E+00 1.607494E+00 7.009692E-05
3.979393E+00 1.607582E+00 6.973055E-05
3.976301E+00 1.607671E+00 6.936017E-05
3.973214E+00 1.607759E+00 6.898599E-05
3.970132E+00 1.607847E+00 6.860822E-05
3.967054E+00 1.607935E+00 6.822706E-05
3.963982E+00 1.608023E+00 6.784272E-05
3.960914E+00 1.608110E+00 6.745542E-05
3.957850E+00 1.608197E+00 6.706538E-05
3.954792E+00 1.608284E+00 6.667281E-05
3.951738E+00 1.608371E+00 6.627793E-05
3.948688E+00 1.608457E+00 6.588098E-05
3.945643E+00 1.608543E+00 6.548217E-05
3.942604E+00 1.608629E+00 6.508172E-05
3.939569E+00 1.608715E+00 6.467987E-05
3.936538E+00 1.608800E+00 6.427684E-05
3.933513E+00 1.608886E+00 6.387285E-05
3.930492E+00 1.608971E+00 6.346813E-05
3.927475E+00 1.609056E+00 6.306291E-05
3.924463E+00 1.609140E+00 6.265740E-05
3.921456E+00 1.609225E+00 6.225183E-05
3.918454E+00 1.609309E+00 6.184642E-05
3.915456E+00 1.609393E+00 6.144138E-05
3.912461E+00 1.609476E+00 6.103694E-05
3.909472E+00 1.609560E+00 6.063331E-05
3.906488E+00 1.609643E+00 6.023069E-05
3.903508E+00 1.609726E+00 5.982930E-05
3.900533E+00 1.609809E+00 5.942934E-05
3.897563E+00 1.609892E+00 5.903102E-05
3.894597E+00 1.609974E+00 5.863452E-05
3.891635E+00 1.610056E+00 5.824006E-05
3.888678E+00 1.610138E+00 5.784780E-05
3.885725E+00 1.610220E+00 5.745795E-05
3.882777E+00 1.610301E+00 5.707068E-05
3.879834E+00 1.610383E+00 5.668616E-05
3.876895E+00 1.610464E+00 5.630458E-05
3.873958E+00 1.610545E+00 5.592610E-05
3.871028E+00 1.610625E+00 5.555087E-05
3.868102E+00 1.610706E+00 5.517906E-05
3.865181E+00 1.610786E+00 5.481082E-05
3.862264E+00 1.610866E+00 5.444629E-05
3.859351E+00 1.610946E+00 5.408561E-05
3.856443E+00 1.611026E+00 5.372891E-05
3.853539E+00 1.611105E+00 5.337634E-05
3.850640E+00 1.611184E+00 5.302799E-05
3.847745E+00 1.611263E+00 5.268401E-05
3.844854E+00 1.611342E+00 5.234448E-05
3.841968E+00 1.611421E+00 5.200952E-05
3.839085E+00 1.611499E+00 5.167923E-05
3.836206E+00 1.611578E+00 5.135370E-05
3.833333E+00 1.611656E+00 5.103300E-05
3.830464E+00 1.611733E+00 5.071723E-05
3.827599E+00 1.611811E+00 5.040645E-05
3.824738E+00 1.611888E+00 5.010073E-05
3.821882E+00 1.611966E+00 4.980014E-05
3.819030E+00 1.612043E+00 4.950471E-05
3.816182E+00 1.612119E+00 4.921451E-05
3.813339E+00 1.612196E+00 4.892956E-05
3.810499E+00 1.612273E+00 4.864992E-05
3.807664E+00 1.612349E+00 4.837559E-05
3.804833E+00 1.612425E+00 4.810661E-05
3.802005E+00 1.612501E+00 4.784300E-05
3.799183E+00 1.612576E+00 4.758476E-05
3.796365E+00 1.612652E+00 4.733189E-05
3.793550E+00 1.612727E+00 4.708439E-05
3.790741E+00 1.612802E+00 4.684226E-05
3.787935E+00 1.612877E+00 4.660548E-05
3.785133E+00 1.612952E+00 4.637404E-05
3.782336E+00 1.613026E+00 4.614789E-05
3.779542E+00 1.613100E+00 4.592703E-05
3.776753E+00 1.613174E+00 4.571140E-05
3.773968E+00 1.613248E+00 4.550097E-05
3.771187E+00 1.613322E+00 4.529568E-05
3.768410E+00 1.613396E+00 4.509550E-05
3.765636E+00 1.613469E+00 4.490035E-05
3.762867E+00 1.613542E+00 4.471019E-05
3.760102E+00 1.613615E+00 4.452493E-05
3.757342E+00 1.613688E+00 4.434452E-05
3.754585E+00 1.613760E+00 4.416887E-05
3.751833E+00 1.613833E+00 4.399791E-05
3.749084E+00 1.613905E+00 4.383155E-05
3.746340E+00 1.613977E+00 4.366970E-05
3.743599E+00 1.614049E+00 4.351228E-05
3.740863E+00 1.614121E+00 4.335918E-05
3.738131E+00 1.614192E+00 4.321030E-05
3.735402E+00 1.614263E+00 4.306555E-05
3.732676E+00 1.614335E+00 4.292482E-05
3.729956E+00 1.614405E+00 4.278799E-05
3.727239E+00 1.614476E+00 4.265497E-05
3.724527E+00 1.614547E+00 4.252562E-05
3.721818E+00 1.614617E+00 4.239984E-05
3.719113E+00 1.614687E+00 4.227751E-05
3.716412E+00 1.614757E+00 4.215850E-05
3.713716E+00 1.614827E+00 4.204269E-05
3.711023E+00 1.614897E+00 4.192995E-05
3.708334E+00 1.614967E+00 4.182016E-05
3.705648E+00 1.615036E+00 4.171319E-05
3.702967E+00 1.615105E+00 4.160891E-05
3.700290E+00 1.615174E+00 4.150717E-05
3.697615E+00 1.615243E+00 4.140786E-05
3.694945E+00 1.615311E+00 4.131084E-05
3.692280E+00 1.615380E+00 4.121597E-05
3.689618E+00 1.615448E+00 4.112312E-05
3.686959E+00 1.615516E+00 4.103215E-05
3.684305E+00 1.615584E+00 4.094292E-05
3.681655E+00 1.615652E+00 4.085530E-05
3.679008E+00 1.615720E+00 4.076916E-05
3.676365E+00 1.615787E+00 4.068434E-05
3.673726E+00 1.615854E+00 4.060073E-05
3.671091E+00 1.615921E+00 4.051819E-05
3.668459E+00 1.615988E+00 4.043657E-05
3.665832E+00 1.616055E+00 4.035575E-05
3.663206E+00 1.616121E+00 4.027558E-05
3.660586E+00 1.616188E+00 4.019595E-05
3.657970E+00 1.616254E+00 4.011671E-05
3.655357E+00 1.616320E+00 4.003774E-05
3.652748E+00 1.616386E+00 3.995891E-05
3.650143E+00 1.616452E+00 3.988009E-05
3.647541E+00 1.616517E+00 3.980116E-05
3.644943E+00 1.616583E+00 3.972198E-05
3.642349E+00 1.616648E+00 3.964245E-05
3.639759E+00 1.616713E+00 3.956243E-05
3.637172E+00 1.616778E+00 3.948181E-05
3.634589E+00 1.616843E+00 3.940048E-05
3.632008E+00 1.616908E+00 3.931832E-05
3.629432E+00 1.616972E+00 3.923522E-05
3.626860E+00 1.617036E+00 3.915106E-05
3.624291E+00 1.617100E+00 3.906575E-05
3.621727E+00 1.617164E+00 3.897918E-05
3.619165E+00 1.617228E+00 3.889124E-05
3.616608E+00 1.617292E+00 3.880184E-05
3.614054E+00 1.617355E+00 3.871089E-05
3.611503E+00 1.617419E+00 3.861828E-05
3.608957E+00 1.617482E+00 3.852393E-05
3.606413E+00 1.617545E+00 3.842775E-05
3.603874E+00 1.617608E+00 3.832967E-05
3.601338E+00 1.617670E+00 3.822958E-05
3.598804E+00 1.617733E+00 3.812743E-05
3.596275E+00 1.617795E+00 3.802313E-05
3.593750E+00 1.617858E+00 3.791661E-05
3.591228E+00 1.617920E+00 3.780781E-05
3.588709E+00 1.617982E+00 3.769665E-05
3.586195E+00 1.618044E+00 3.758308E-05
3.583683E+00 1.618105E+00 3.746704E-05
3.581176E+00 1.618167E+00 3.734847E-05
3.578672E+00 1.618228E+00 3.722732E-05
3.576171E+00 1.618289E+00 3.710355E-05
3.573674E+00 1.618350E+00 3.697710E-05
3.571180E+00 1.618411E+00 3.684794E-05
3.568690E+00 1.618472E+00 3.671602E-05
3.566202E+00 1.618533E+00 3.658132E-05
3.563718E+00 1.618593E+00 3.644380E-05
3.561238E+00 1.618654E+00 3.630343E-05
3.558762E+00 1.618714E+00 3.616018E-05
3.556289E+00 1.618774E+00 3.601404E-05
3.553819E+00 1.618834E+00 3.586499E-05
3.551353E+00 1.618894E+00 3.571301E-05
3.548891E+00 1.618953E+00 3.555809E-05
3.546431E+00 1.619013E+00 3.540022E-05
3.543975E+00 1.619072E+00 3.523940E-05
3.541523E+00 1.619131E+00 3.507562E-05
3.539074E+00 1.619190E+00 3.490888E-05
3.536627E+00 1.619249E+00 3.473919E-05
3.534185E+00 1.619308E+00 3.456656E-05
3.531746E+00 1.619367E+00 3.439099E-05
3.529310E+00 1.619425E+00 3.421250E-05
3.526878E+00 1.619484E+00 3.403110E-05
3.524449E+00 1.619542E+00 3.384681E-05
3.522023E+00 1.619600E+00 3.365965E-05
3.519601E+00 1.619658E+00 3.346965E-05
3.517182E+00 1.619716E+00 3.327684E-05
3.514767E+00 1.619773E+00 3.308123E-05
3.512355E+00 1.619831E+00 3.288288E-05
3.509946E+00 1.619888E+00 3.268180E-05
3.507540E+00 1.619946E+00 3.247803E-05
3.505136E+00 1.620003E+00 3.227162E-05
3.502737E+00 1.620060E+00 3.206261E-05
3.500342E+00 1.620117E+00 3.185103E-05
3.497949E+00 1.620174E+00 3.163694E-05
3.495560E+00 1.620230E+00 3.142038E-05
3.493174E+00 1.620287E+00 3.120141E-05
3.490791E+00 1.620343E+00 3.098007E-05
3.488412E+00 1.620399E+00 3.075642E-05
3.486036E+00 1.620456E+00 3.053051E-05
3.483663E+00 1.620512E+00 3.030241E-05
3.481293E+00 1.620567E+00 3.007216E-05
3.478926E+00 1.620623E+00 2.983983E-05
3.476563E+00 1.620679E+00 2.960549E-05
3.474202E+00 1.620734E+00 2.936919E-05
3.471845E+00 1.620790E+00 2.913100E-05
3.469491E+00 1.620845E+00 2.889098E-05
3.467141E+00 1.620900E+00 2.864921E-05
3.464793E+00 1.620955E+00 2.840575E-05
3.462449E+00 1.621010E+00 2.816067E-05
3.460108E+00 1.621065E+00 2.791403E-05
3.457770E+00 1.621119E+00 2.766592E-05
3.455436E+00 1.621174E+00 2.741640E-05
3.453104E+00 1.621228E+00 2.716555E-05
3.450776E+00 1.621283E+00 2.691343E-05
3.448451E+00 1.621337E+00 2.666013E-05
3.446127E+00 1.621391E+00 2.640571E-05
3.443808E+00 1.621445E+00 2.615025E-05
3.441493E+00 1.621499E+00 2.589383E-05
3.439180E+00 1.621552E+00 2.563652E-05
3.436870E+00 1.621606E+00 2.537839E-05
3.434564E+00 1.621659E+00 2.511953E-05
3.432260E+00 1.621713E+00 2.486000E-05
3.429960E+00 1.621766E+00 2.459989E-05
3.427663E+00 1.621819E+00 2.433927E-05
3.425368E+00 1.621872E+00 2.407822E-05
3.423077E+00 1.621925E+00 2.381680E-05
3.420789E+00 1.621977E+00 2.355510E-05
3.418504E+00 1.622030E+00 2.329319E-05
3.416221E+00 1.622083E+00 2.303115E-05
3.413942E+00 1.622135E+00 2.276905E-05
3.411666E+00 1.622187E+00 2.250695E-05
3.409393E+00 1.622239E+00 2.224495E-05
3.407124E+00 1.622292E+00 2.198310E-05
3.404857E+00 1.622343E+00 2.172149E-05
3.402593E+00 1.622395E+00 2.146018E-05
3.400332E+00 1.622447E+00 2.119923E-05
3.398075E+00 1.622499E+00 2.093873E-05
3.395820E+00 1.622550E+00 2.067875E-05
3.393568E+00 1.622601E+00 2.041934E-05
3.391319E+00 1.622653E+00 2.016057E-05
3.389072E+00 1.622704E+00 1.990252E-05
3.386829E+00 1.622755E+00 1.964525E-05
3.384590E+00 1.622806E+00 1.938881E-05
3.382353E+00 1.622857E+00 1.913328E-05
3.380119E+00 1.622907E+00 1.887872E-05
3.377888E+00 1.622958E+00 1.862519E-05
3.375660E+00 1.623009E+00 1.837274E-05
3.373434E+00 1.623059E+00 1.812143E-05
3.371212E+00 1.623109E+00 1.787133E-05
3.368993E+00 1.623159E+00 1.762248E-05
3.366777E+00 1.623209E+00 1.737495E-05
3.364563E+00 1.623259E+00 1.712878E-05
3.362353E+00 1.623309E+00 1.688403E-05
3.360144E+00 1.623359E+00 1.664075E-05
3.357939E+00 1.623409E+00 1.639899E-05
3.355737E+00 1.623458E+00 1.615879E-05
3.353538E+00 1.623508E+00 1.592021E-05
3.351342E+00 1.623557E+00 1.568328E-05
3.349149E+00 1.623606E+00 1.544806E-05
3.346959E+00 1.623655E+00 1.521457E-05
3.344771E+00 1.623704E+00 1.498287E-05
3.342587E+00 1.623753E+00 1.475300E-05
3.340405E+00 1.623802E+00 1.452499E-05
3.338226E+00 1.623851E+00 1.429887E-05
3.336050E+00 1.623899E+00 1.407469E-05
3.333877E+00 1.623948E+00 1.385247E-05
3.331705E+00 1.623996E+00 1.363226E-05
3.329538E+00 1.624044E+00 1.341407E-05
3.327373E+00 1.624093E+00 1.319794E-05
3.325211E+00 1.624141E+00 1.298390E-05
3.323052E+00 1.624189E+00 1.277197E-05
3.320895E+00 1.624237E+00 1.256218E-05
3.318742E+00 1.624284E+00 1.235455E-05
3.316591E+00 1.624332E+00 1.214911E-05
3.314443E+00 1.624380E+00 1.194587E-05
3.312298E+00 1.624427E+00 1.174485E-05
3.310156E+00 1.624474E+00 1.154607E-05
3.308016E+00 1.624522E+00 1.134955E-05
3.305878E+00 1.624569E+00 1.115531E-05
3.303744E+00 1.624616E+00 1.096335E-05
3.301613E+00 1.624663E+00 1.077369E-05
3.299484E+00 1.624710E+00 1.058634E-05
3.297358E+00 1.624757E+00 1.040132E-05
3.295235E+00 1.624803E+00 1.021862E-05
3.293115E+00 1.624850E+00 1.003826E-05
3.290997E+00 1.624896E+00 9.860238E-06
3.288882E+00 1.624943E+00 9.684566E-06
3.286770E+00 1.624989E+00 9.511246E-06
3.284660E+00 1.625035E+00 9.340279E-06
3.282553E+00 1.625081E+00 9.171667E-06
3.280449E+00 1.625127E+00 9.005411E-06
3.278347E+00 1.625173E+00 8.841510E-06
3.276248E+00 1.625219E+00 8.679961E-06
3.274152E+00 1.625265E+00 8.520761E-06
3.272059E+00 1.625310E+00 8.363908E-06
3.269968E+00 1.625356E+00 8.209394E-06
3.267880E+00 1.625401E+00 8.057216E-06
3.265795E+00 1.625446E+00 7.907364E-06
3.263712E+00 1.625492E+00 7.759833E-06
3.261632E+00 1.625537E+00 7.614612E-06
3.259554E+00 1.625582E+00 7.471692E-06
3.257480E+00 1.625627E+00 7.331063E-06
3.255408E+00 1.625672E+00 7.192713E-06
3.253338E+00 1.625716E+00 7.056629E-06
3.251270E+00 1.625761E+00 6.922800E-06
3.249206E+00 1.625806E+00 6.791210E-06
3.247144E+00 1.625850E+00 6.661847E-06
3.245085E+00 1.625894E+00 6.534694E-06
3.243029E+00 1.625939E+00 6.409735E-06
3.240975E+00 1.625983E+00 6.286955E-06
3.238924E+00 1.626027E+00 6.166336E-06
3.236876E+00 1.626071E+00 6.047861E-06
3.234830E+00 1.626115E+00 5.931510E-06
3.232786E+00 1.626159E+00 5.817266E-06
3.230745E+00 1.626202E+00 5.705109E-06
3.228707E+00 1.626246E+00 5.595019E-06
3.226670E+00 1.626290E+00 5.486975E-06
3.224637E+00 1.626333E+00 5.380958E-06
3.222607E+00 1.626376E+00 5.276946E-06
3.220579E+00 1.626420E+00 5.174918E-06
3.218553E+00 1.626463E+00 5.074851E-06
3.216530E+00 1.626506E+00 4.976723E-06
3.214510E+00 1.626549E+00 4.880512E-06
3.212492E+00 1.626592E+00 4.786194E-06
3.210477E+00 1.626635E+00 4.693747E-06
3.208464E+00 1.626677E+00 4.603148E-06
3.206454E+00 1.626720E+00 4.514372E-06
3.204446E+00 1.626763E+00 4.427395E-06
3.202441E+00 1.626805E+00 4.342194E-06
3.200437E+00 1.626847E+00 4.258745E-06
3.198437E+00 1.626890E+00 4.177022E-06
3.196439E+00 1.626932E+00 4.097002E-06
3.194444E+00 1.626974E+00 4.018659E-06
3.192452E+00 1.627016E+00 3.941970E-06
3.190461E+00 1.627058E+00 3.866909E-06
3.188474E+00 1.627100E+00 3.793451E-06
3.186488E+00 1.627142E+00 3.721572E-06
3.184505E+00 1.627183E+00 3.651246E-06
3.182525E+00 1.627225E+00 3.582449E-06
3.180547E+00 1.627266E+00 3.515156E-06
3.178572E+00 1.627308E+00 3.449341E-06
3.176599E+00 1.627349E+00 3.384980E-06
3.174627E+00 1.627391E+00 3.322049E-06
3.172659E+00 1.627432E+00 3.260522E-06
3.170694E+00 1.627473E+00 3.200375E-06
3.168730E+00 1.627514E+00 3.141583E-06
3.166770E+00 1.627555E+00 3.084122E-06
3.164811E+00 1.627596E+00 3.027967E-06
3.162855E+00 1.627636E+00 2.973095E-06
3.160902E+00 1.627677E+00 2.919481E-06
3.158951E+00 1.627718E+00 2.867101E-06
3.157002E+00 1.627758E+00 2.815931E-06
3.155056E+00 1.627798E+00 2.765949E-06
3.153112E+00 1.627839E+00 2.717131E-06
3.151169E+00 1.627879E+00 2.669453E-06
3.149230E+00 1.627919E+00 2.622892E-06
3.147294E+00 1.627959E+00 2.577426E-06
3.145359E+00 1.627999E+00 2.533033E-06
3.143427E+00 1.628039E+00 2.489689E-06
3.141498E+00 1.628079E+00 2.447373E-06
3.139571E+00 1.628119E+00 2.406063E-06
3.137646E+00 1.628159E+00 2.365738E-06
3.135723E+00 1.628198E+00 2.326376E-06
3.133803E+00 1.628238E+00 2.287955E-06
3.131885E+00 1.628277E+00 2.250456E-06
3.129970E+00 1.628317E+00 2.213857E-06
3.128057E+00 1.628356E+00 2.178138E-06
3.126145E+00 1.628395E+00 2.143280E-06
3.124237E+00 1.628434E+00 2.109262E-06
3.122330E+00 1.628473E+00 2.076065E-06
3.120427E+00 1.628512E+00 2.043669E-06
3.118525E+00 1.628551E+00 2.012057E-06
3.116626E+00 1.628590E+00 1.981209E-06
3.114729E+00 1.628629E+00 1.951107E-06
3.112835E+00 1.628667E+00 1.921733E-06
3.110942E+00 1.628706E+00 1.893069E-06
3.109053E+00 1.628744E+00 1.865098E-06
3.107165E+00 1.628783E+00 1.837802E-06
3.105280E+00 1.628821E+00 1.811166E-06
3.103396E+00 1.628859E+00 1.785171E-06
3.101515E+00 1.628898E+00 1.759803E-06
3.099636E+00 1.628936E+00 1.735044E-06
3.097760E+00 1.628974E+00 1.710880E-06
3.095886E+00 1.629012E+00 1.687295E-06
3.094014E+00 1.629050E+00 1.664273E-06
3.092145E+00 1.629087E+00 1.641801E-06
3.090278E+00 1.629125E+00 1.619863E-06
3.088413E+00 1.629163E+00 1.598446E-06
3.086550E+00 1.629200E+00 1.577535E-06
3.084690E+00 1.629238E+00 1.557117E-06
3.082832E+00 1.629275E+00 1.537178E-06
3.080976E+00 1.629313E+00 1.517706E-06
3.079121E+00 1.629350E+00 1.498687E-06
3.077270E+00 1.629387E+00 1.480110E-06
3.075420E+00 1.629424E+00 1.461961E-06
3.073573E+00 1.629461E+00 1.444229E-06
3.071729E+00 1.629498E+00 1.426902E-06
3.069886E+00 1.629535E+00 1.409969E-06
3.068046E+00 1.629572E+00 1.393419E-06
3.066207E+00 1.629609E+00 1.377240E-06
3.064371E+00 1.629646E+00 1.361423E-06
3.062538E+00 1.629682E+00 1.345956E-06
3.060706E+00 1.629719E+00 1.330829E-06
3.058877E+00 1.629755E+00 1.316033E-06
3.057049E+00 1.629792E+00 1.301558E-06
3.055223E+00 1.629828E+00 1.287395E-06
3.053401E+00 1.629864E+00 1.273534E-06
3.051580E+00 1.629900E+00 1.259966E-06
3.049761E+00 1.629937E+00 1.246684E-06
3.047945E+00 1.629973E+00 1.233677E-06
3.046131E+00 1.630009E+00 1.220938E-06
3.044319E+00 1.630044E+00 1.208460E-06
3.042509E+00 1.630080E+00 1.196233E-06
3.040701E+00 1.630116E+00 1.184251E-06
3.038896E+00 1.630152E+00 1.172506E-06
3.037092E+00 1.630187E+00 1.160991E-06
3.035291E+00 1.630223E+00 1.149698E-06
3.033491E+00 1.630258E+00 1.138622E-06
3.031694E+00 1.630294E+00 1.127755E-06
3.029899E+00 1.630329E+00 1.117091E-06
3.028106E+00 1.630365E+00 1.106624E-06
3.026316E+00 1.630400E+00 1.096348E-06
3.024527E+00 1.630435E+00 1.086256E-06
3.022741E+00 1.630470E+00 1.076344E-06
3.020956E+00 1.630505E+00 1.066605E-06
3.019174E+00 1.630540E+00 1.057034E-06
3.017394E+00 1.630575E+00 1.047626E-06
3.015616E+00 1.630610E+00 1.038376E-06
3.013840E+00 1.630644E+00 1.029279E-06
3.012066E+00 1.630679E+00 1.020331E-06
3.010294E+00 1.630714E+00 1.011525E-06
3.008524E+00 1.630748E+00 1.002859E-06
3.006756E+00 1.630783E+00 9.943283E-07
3.004991E+00 1.630817E+00 9.859279E-07
3.003228E+00 1.630851E+00 9.776540E-07
3.001466E+00 1.630886E+00 9.695029E-07
2.999707E+00 1.630920E+00 9.614706E-07
2.997950E+00 1.630954E+00 9.535536E-07
2.996195E+00 1.630988E+00 9.457482E-07
2.994441E+00 1.631022E+00 9.380512E-07
2.992690E+00 1.631056E+00 9.304590E-07
2.990941E+00 1.631090E+00 9.229686E-07
2.989194E+00 1.631124E+00 9.155768E-07
2.987449E+00 1.631158E+00 9.082807E-07
2.985706E+00 1.631191E+00 9.010773E-07
2.983965E+00 1.631225E+00 8.939639E-07
2.982226E+00 1.631258E+00 8.869378E-07
2.980489E+00 1.631292E+00 8.799964E-07
2.978754E+00 1.631325E+00 8.731371E-07
2.977022E+00 1.631359E+00 8.663577E-07
2.975291E+00 1.631392E+00 8.596556E-07
2.973562E+00 1.631425E+00 8.530288E-07
2.971835E+00 1.631458E+00 8.464749E-07
2.970111E+00 1.631492E+00 8.399920E-07
2.968388E+00 1.631525E+00 8.335780E-07
2.966666E+00 1.631558E+00 8.272310E-07
2.964948E+00 1.631591E+00 8.209490E-07
2.963231E+00 1.631623E+00 8.147304E-07
2.961516E+00 1.631656E+00 8.085734E-07
2.959803E+00 1.631689E+00 8.024763E-07
2.958092E+00 1.631722E+00 7.964376E-07
2.956384E+00 1.631754E+00 7.904556E-07
2.954677E+00 1.631787E+00 7.845288E-07
2.952972E+00 1.631819E+00 7.786560E-07
2.951269E+00 1.631852E+00 7.728356E-07
2.949568E+00 1.631884E+00 7.670664E-07
2.947869E+00 1.631916E+00 7.613472E-07
2.946172E+00 1.631949E+00 7.556766E-07
2.944476E+00 1.631981E+00 7.500535E-07
2.942783E+00 1.632013E+00 7.444769E-07
2.941092E+00 1.632045E+00 7.389455E-07
2.939402E+00 1.632077E+00 7.334585E-07
2.937715E+00 1.632109E+00 7.280147E-07
2.936030E+00 1.632141E+00 7.226133E-07
2.934346E+00 1.632173E+00 7.172533E-07
2.932665E+00 1.632205E+00 7.119338E-07
2.930985E+00 1.632236E+00 7.066540E-07
2.929308E+00 1.632268E+00 7.014132E-07
2.927632E+00 1.632300E+00 6.962104E-07
2.925958E+00 1.632331E+00 6.910450E-07
2.924286E+00 1.632363E+00 6.859163E-07
2.922615E+00 1.632394E+00 6.808236E-07
2.920947E+00 1.632425E+00 6.757661E-07
2.919281E+00 1.632457E+00 6.707434E-07
2.917617E+00 1.632488E+00 6.657548E-07
2.915954E+00 1.632519E+00 6.607997E-07
2.914294E+00 1.632550E+00 6.558776E-07
2.912635E+00 1.632581E+00 6.509879E-07
2.910978E+00 1.632612E+00 6.461302E-07
2.909324E+00 1.632643E+00 6.413039E-07
2.907671E+00 1.632674E+00 6.365087E-07
2.906020E+00 1.632705E+00 6.317440E-07
2.904370E+00 1.632736E+00 6.270094E-07
2.902722E+00 1.632766E+00 6.223045E-07
2.901077E+00 1.632797E+00 6.176289E-07
2.899433E+00 1.632828E+00 6.129824E-07
2.897791E+00 1.632858E+00 6.083644E-07
2.896152E+00 1.632889E+00 6.037747E-07
2.894514E+00 1.632919E+00 5.992129E-07
2.892877E+00 1.632950E+00 5.946787E-07
2.891243E+00 1.632980E+00 5.901719E-07
2.889611E+00 1.633010E+00 5.856921E-07
2.887980E+00 1.633041E+00 5.812391E-07
2.886351E+00 1.633071E+00 5.768126E-07
2.884724E+00 1.633101E+00 5.724123E-07
2.883099E+00 1.633131E+00 5.680381E-07
2.881475E+00 1.633161E+00 5.636896E-07
2.879853E+00 1.633191E+00 5.593667E-07
2.878234E+00 1.633221E+00 5.550691E-07
2.876616E+00 1.633251E+00 5.507967E-07
2.875000E+00 1.633280E+00 5.465493E-07
2.873386E+00 1.633310E+00 5.423266E-07
2.871773E+00 1.633340E+00 5.381285E-07
2.870163E+00 1.633369E+00 5.339548E-07
2.868554E+00 1.633399E+00 5.298053E-07
2.866947E+00 1.633428E+00 5.256800E-07
2.865342E+00 1.633458E+00 5.215786E-07
2.863738E+00 1.633487E+00 5.175009E-07
2.862136E+00 1.633517E+00 5.134470E-07
2.860536E+00 1.633546E+00 5.094165E-07
2.858938E+00 1.633575E+00 5.054095E-07
2.857342E+00 1.633604E+00 5.014257E-07
2.855748E+00 1.633634E+00 4.974650E-07
2.854155E+00 1.633663E+00 4.935273E-07
2.852564E+00 1.633692E+00 4.896126E-07
2.850975E+00 1.633721E+00 4.857207E-07
2.849388E+00 1.633750E+00 4.818514E-07
2.847802E+00 1.633778E+00 4.780048E-07
2.846218E+00 1.633807E+00 4.741806E-07
2.844636E+00 1.633836E+00 4.703788E-07
2.843056E+00 1.633865E+00 4.665993E-07
2.841477E+00 1.633894E+00 4.628421E-07
2.839900E+00 1.633922E+00 4.591069E-07
2.838325E+00 1.633951E+00 4.553938E-07
2.836751E+00 1.633979E+00 4.517026E-07
2.835180E+00 1.634008E+00 4.480333E-07
2.833610E+00 1.634036E+00 4.443858E-07
2.832042E+00 1.634064E+00 4.407600E-07
2.830476E+00 1.634093E+00 4.371559E-07
2.828911E+00 1.634121E+00 4.335732E-07
2.827348E+00 1.634149E+00 4.300121E-07
2.825787E+00 1.634177E+00 4.264724E-07
2.824228E+00 1.634206E+00 4.229540E-07
2.822670E+00 1.634234E+00 4.194569E-07
2.821113E+00 1.634262E+00 4.159809E-07
2.819559E+00 1.634290E+00 4.125261E-07
2.818006E+00 1.634318E+00 4.090924E-07
2.816456E+00 1.634345E+00 4.056797E-07
2.814906E+00 1.634373E+00 4.022879E-07
2.813359E+00 1.634401E+00 3.989169E-07
2.811813E+00 1.634429E+00 3.955667E-07
2.810269E+00 1.634456E+00 3.922373E-07
2.808727E+00 1.634484E+00 3.889286E-07
2.807186E+00 1.634512E+00 3.856404E-07
2.805647E+00 1.634539E+00 3.823728E-07
2.804110E+00 1.634567E+00 3.791257E-07
2.802574E+00 1.634594E+00 3.758990E-07
2.801040E+00 1.634621E+00 3.726926E-07
2.799507E+00 1.634649E+00 3.695065E-07
2.797977E+00 1.634676E+00 3.663407E-07
2.796448E+00 1.634703E+00 3.631950E-07
2.794921E+00 1.634730E+00 3.600694E-07
2.793395E+00 1.634757E+00 3.569639E-07
2.791871E+00 1.634785E+00 3.538783E-07
2.790349E+00 1.634812E+00 3.508127E-07
2.788829E+00 1.634839E+00 3.477669E-07
2.787310E+00 1.634866E+00 3.447409E-07
2.785792E+00 1.634892E+00 3.417346E-07
2.784277E+00 1.634919E+00 3.387480E-07
2.782762E+00 1.634946E+00 3.357810E-07
2.781250E+00 1.634973E+00 3.328335E-07
2.779739E+00 1.635000E+00 3.299055E-07
2.778230E+00 1.635026E+00 3.269970E-07
2.776723E+00 1.635053E+00 3.241077E-07
2.775217E+00 1.635079E+00 3.212378E-07
2.773713E+00 1.635106E+00 3.183871E-07
2.772210E+00 1.635132E+00 3.155555E-07
2.770709E+00 1.635159E+00 3.127431E-07
2.769210E+00 1.635185E+00 3.099496E-07
2.767713E+00 1.635212E+00 3.071752E-07
2.766217E+00 1.635238E+00 3.044196E-07
2.764722E+00 1.635264E+00 3.016829E-07
2.763229E+00 1.635290E+00 2.989649E-07
2.761737E+00 1.635316E+00 2.962656E-07
2.760248E+00 1.635343E+00 2.935850E-07
2.758760E+00 1.635369E+00 2.909229E-07
2.757274E+00 1.635395E+00 2.882793E-07
2.755789E+00 1.635421E+00 2.856541E-07
2.754306E+00 1.635447E+00 2.830474E-07
2.752824E+00 1.635472E+00 2.804589E-07
2.751344E+00 1.635498E+00 2.778886E-07
2.749866E+00 1.635524E+00 2.753365E-07
2.748389E+00 1.635550E+00 2.728025E-07
2.746914E+00 1.635576E+00 2.702865E-07
2.745440E+00 1.635601E+00 2.677884E-07
2.743968E+00 1.635627E+00 2.653083E-07
2.742497E+00 1.635652E+00 2.628459E-07
2.741028E+00 1.635678E+00 2.604013E-07
2.739561E+00 1.635703E+00 2.579744E-07
2.738095E+00 1.635729E+00 2.555650E-07
2.736631E+00 1.635754E+00 2.531732E-07
2.735168E+00 1.635780E+00 2.507988E-07
2.733707E+00 1.635805E+00 2.484419E-07
2.732248E+00 1.635830E+00 2.461022E-07
2.730790E+00 1.635855E+00 2.437797E-07
2.729334E+00 1.635881E+00 2.414745E-07
2.727879E+00 1.635906E+00 2.391863E-07
2.726425E+00 1.635931E+00 2.369151E-07
2.724973E+00 1.635956E+00 2.346609E-07
2.723523E+00 1.635981E+00 2.324236E-07
2.722074E+00 1.636006E+00 2.302030E-07
2.720627E+00 1.636031E+00 2.279992E-07
2.719182E+00 1.636056E+00 2.258120E-07
2.717738E+00 1.636080E+00 2.236414E-07
2.716295E+00 1.636105E+00 2.214873E-07
2.714854E+00 1.636130E+00 2.193497E-07
2.713415E+00 1.636155E+00 2.172283E-07
2.711977E+00 1.636179E+00 2.151233E-07
2.710541E+00 1.636204E+00 2.130344E-07
2.709106E+00 1.636229E+00 2.109617E-07
2.707672E+00 1.636253E+00 2.089050E-07
2.706240E+00 1.636278E+00 2.068643E-07
2.704810E+00 1.636302E+00 2.048395E-07
2.703381E+00 1.636327E+00 2.028304E-07
2.701953E+00 1.636351E+00 2.008372E-07
2.700528E+00 1.636375E+00 1.988596E-07
2.699103E+00 1.636400E+00 1.968975E-07
2.697681E+00 1.636424E+00 1.949510E-07
2.696259E+00 1.636448E+00 1.930199E-07
2.694840E+00 1.636472E+00 1.911042E-07
2.693421E+00 1.636496E+00 1.892037E-07
2.692005E+00 1.636520E+00 1.873185E-07
2.690589E+00 1.636544E+00 1.854484E-07
2.689175E+00 1.636568E+00 1.835933E-07
2.687762E+00 1.636592E+00 1.817531E-07
2.686352E+00 1.636616E+00 1.799279E-07
2.684942E+00 1.636640E+00 1.781175E-07
2.683534E+00 1.636664E+00 1.763217E-07
2.682128E+00 1.636688E+00 1.745407E-07
2.680723E+00 1.636712E+00 1.727742E-07
2.679319E+00 1.636735E+00 1.710222E-07
2.677917E+00 1.636759E+00 1.692847E-07
2.676517E+00 1.636783E+00 1.675615E-07
2.675118E+00 1.636806E+00 1.658525E-07
2.673720E+00 1.636830E+00 1.641577E-07
2.672323E+00 1.636853E+00 1.624770E-07
2.670929E+00 1.636877E+00 1.608104E-07
2.669536E+00 1.636900E+00 1.591577E-07
2.668144E+00 1.636924E+00 1.575188E-07
2.666753E+00 1.636947E+00 1.558938E-07
2.665365E+00 1.636971E+00 1.542824E-07
2.663977E+00 1.636994E+00 1.526847E-07
2.662591E+00 1.637017E+00 1.511006E-07
2.661207E+00 1.637040E+00 1.495299E-07
2.659823E+00 1.637064E+00 1.479726E-07
2.658442E+00 1.637087E+00 1.464286E-07
2.657062E+00 1.637110E+00 1.448979E-07
2.655682E+00 1.637133E+00 1.433803E-07
2.654305E+00 1.637156E+00 1.418758E-07
2.652929E+00 1.637179E+00 1.403844E-07
2.651554E+00 1.637202E+00 1.389058E-07
2.650181E+00 1.637225E+00 1.374401E-07
2.648809E+00 1.637248E+00 1.359872E-07
2.647439E+00 1.637270E+00 1.345469E-07
2.646070E+00 1.637293E+00 1.331193E-07
2.644703E+00 1.637316E+00 1.317042E-07
2.643337E+00 1.637339E+00 1.303016E-07
2.641972E+00 1.637361E+00 1.289114E-07
2.640609E+00 1.637384E+00 1.275334E-07
2.639247E+00 1.637407E+00 1.261677E-07
2.637886E+00 1.637429E+00 1.248141E-07
2.636527E+00 1.637452E+00 1.234726E-07
2.635170E+00 1.637474E+00 1.221431E-07
2.633814E+00 1.637497E+00 1.208255E-07
2.632459E+00 1.637519E+00 1.195198E-07
2.631105E+00 1.637542E+00 1.182258E-07
2.629753E+00 1.637564E+00 1.169435E-07
2.628403E+00 1.637586E+00 1.156729E-07
2.627054E+00 1.637608E+00 1.144137E-07
2.625706E+00 1.637631E+00 1.131660E-07
2.624359E+00 1.637653E+00 1.119297E-07
2.623014E+00 1.637675E+00 1.107048E-07
2.621670E+00 1.637697E+00 1.094910E-07
2.620327E+00 1.637719E+00 1.082884E-07
2.618986E+00 1.637741E+00 1.070969E-07
2.617647E+00 1.637763E+00 1.059164E-07
2.616309E+00 1.637785E+00 1.047468E-07
2.614972E+00 1.637807E+00 1.035881E-07
2.613636E+00 1.637829E+00 1.024401E-07
2.612302E+00 1.637851E+00 1.013029E-07
2.610969E+00 1.637873E+00 1.001763E-07
2.609638E+00 1.637895E+00 9.906029E-08
2.608308E+00 1.637917E+00 9.795474E-08
2.606979E+00 1.637938E+00 9.685961E-08
2.605652E+00 1.637960E+00 9.577482E-08
2.604325E+00 1.637982E+00 9.470029E-08
2.603001E+00 1.638003E+00 9.363596E-08
2.601677E+00 1.638025E+00 9.258174E-08
2.600356E+00 1.638047E+00 9.153758E-08
2.599035E+00 1.638068E+00 9.050340E-08
2.597716E+00 1.638090E+00 8.947912E-08
2.596398E+00 1.638111E+00 8.846467E-08
2.595081E+00 1.638132E+00 8.745998E-08
2.593766E+00 1.638154E+00 8.646499E-08
2.592452E+00 1.638175E+00 8.547961E-08
2.591139E+00 1.638196E+00 8.450378E-08
2.589828E+00 1.638218E+00 8.353743E-08
2.588518E+00 1.638239E+00 8.258049E-08
2.587209E+00 1.638260E+00 8.163288E-08
2.585902E+00 1.638281E+00 8.069455E-08
2.584596E+00 1.638303E+00 7.976541E-08
2.583291E+00 1.638324E+00 7.884540E-08
2.581988E+00 1.638345E+00 7.793445E-08
2.580686E+00 1.638366E+00 7.703249E-08
2.579385E+00 1.638387E+00 7.613946E-08
2.578086E+00 1.638408E+00 7.525528E-08
2.576788E+00 1.638429E+00 7.437988E-08
2.575491E+00 1.638450E+00 7.351321E-08
2.574195E+00 1.638471E+00 7.265518E-08
2.572901E+00 1.638491E+00 7.180574E-08
2.571608E+00 1.638512E+00 7.096482E-08
2.570316E+00 1.638533E+00 7.013235E-08
2.569026E+00 1.638554E+00 6.930827E-08
2.567737E+00 1.638574E+00 6.849250E-08
2.566449E+00 1.638595E+00 6.768499E-08
2.565163E+00 1.638616E+00 6.688566E-08
2.563878E+00 1.638636E+00 6.609446E-08
2.562594E+00 1.638657E+00 6.531131E-08
2.561311E+00 1.638678E+00 6.453616E-08
2.560030E+00 1.638698E+00 6.376894E-08
2.558750E+00 1.638719E+00 6.300958E-08
2.557471E+00 1.638739E+00 6.225802E-08
2.556194E+00 1.638759E+00 6.151421E-08
2.554917E+00 1.638780E+00 6.077806E-08
2.553642E+00 1.638800E+00 6.004953E-08
2.552369E+00 1.638820E+00 5.932855E-08
2.551097E+00 1.638841E+00 5.861505E-08
2.549826E+00 1.638861E+00 5.790898E-08
2.548556E+00 1.638881E+00 5.721028E-08
2.547287E+00 1.638901E+00 5.651888E-08
2.546020E+00 1.638922E+00 5.583472E-08
2.544754E+00 1.638942E+00 5.515774E-08
2.543489E+00 1.638962E+00 5.448788E-08
2.542226E+00 1.638982E+00 5.382508E-08
2.540964E+00 1.639002E+00 5.316929E-08
2.539703E+00 1.639022E+00 5.252044E-08
2.538442E+00 1.639042E+00 5.187847E-08
2.537184E+00 1.639062E+00 5.124332E-08
2.535926E+00 1.639082E+00 5.061494E-08
2.534670E+00 1.639102E+00 4.999327E-08
2.533416E+00 1.639121E+00 4.937825E-08
2.532162E+00 1.639141E+00 4.876982E-08
2.530910E+00 1.639161E+00 4.816792E-08
2.529659E+00 1.639181E+00 4.757250E-08
2.528409E+00 1.639201E+00 4.698351E-08
2.527161E+00 1.639220E+00 4.640088E-08
2.525913E+00 1.639240E+00 4.582456E-08
2.524667E+00 1.639259E+00 4.525450E-08
2.523422E+00 1.639279E+00 4.469063E-08
2.522178E+00 1.639299E+00 4.413291E-08
2.520936E+00 1.639318E+00 4.358128E-08
2.519695E+00 1.639338E+00 4.303568E-08
2.518455E+00 1.639357E+00 4.249607E-08
2.517216E+00 1.639377E+00 4.196238E-08
2.515978E+00 1.639396E+00 4.143456E-08
2.514742E+00 1.639415E+00 4.091257E-08
2.513507E+00 1.639435E+00 4.039635E-08
2.512273E+00 1.639454E+00 3.988584E-08
2.511040E+00 1.639473E+00 3.938100E-08
2.509809E+00 1.639493E+00 3.888177E-08
2.508579E+00 1.639512E+00 3.838810E-08
2.507349E+00 1.639531E+00 3.789994E-08
2.506121E+00 1.639550E+00 3.741724E-08
2.504895E+00 1.639569E+00 3.693995E-08
2.503669E+00 1.639588E+00 3.646802E-08
2.502445E+00 1.639608E+00 3.600140E-08
2.501222E+00 1.639627E+00 3.554003E-08
2.500000E+00 1.639646E+00 3.508388E-08
