5.117500E+03 2.745746E+00 7.738419E-03
2.558750E+03 2.745178E+00 1.544657E-02
1.705833E+03 2.744237E+00 2.309432E-02
1.279375E+03 2.742926E+00 3.065176E-02
1.023500E+03 2.741256E+00 3.808941E-02
8.529170E+02 2.739235E+00 4.537836E-02
7.310716E+02 2.736877E+00 5.249043E-02
6.396876E+02 2.734197E+00 5.939847E-02
5.686112E+02 2.731213E+00 6.607654E-02
5.117500E+02 2.727944E+00 7.250022E-02
4.652273E+02 2.724414E+00 7.864686E-02
4.264583E+02 2.720645E+00 8.449584E-02
3.936538E+02 2.716665E+00 9.002889E-02
3.655357E+02 2.712500E+00 9.523026E-02
3.411666E+02 2.708180E+00 1.000870E-01
3.198437E+02 2.703735E+00 1.045890E-01
3.010294E+02 2.699195E+00 1.087291E-01
2.843056E+02 2.694590E+00 1.125035E-01
2.693421E+02 2.689952E+00 1.159109E-01
2.558750E+02 2.685310E+00 1.189533E-01
2.436905E+02 2.680692E+00 1.216355E-01
2.326136E+02 2.676128E+00 1.239645E-01
2.225000E+02 2.671644E+00 1.259501E-01
2.132292E+02 2.667263E+00 1.276038E-01
2.047000E+02 2.663009E+00 1.289393E-01
1.968269E+02 2.658903E+00 1.299712E-01
1.895370E+02 2.654962E+00 1.307159E-01
1.827678E+02 2.651205E+00 1.311902E-01
1.764655E+02 2.647645E+00 1.314118E-01
1.705833E+02 2.644294E+00 1.313985E-01
1.650807E+02 2.641164E+00 1.311685E-01
1.599219E+02 2.638264E+00 1.307397E-01
1.550758E+02 2.635600E+00 1.301297E-01
1.505147E+02 2.633177E+00 1.293558E-01
1.462143E+02 2.631001E+00 1.284348E-01
1.421528E+02 2.629074E+00 1.273825E-01
1.383108E+02 2.627398E+00 1.262146E-01
1.346710E+02 2.625974E+00 1.249455E-01
1.312179E+02 2.624802E+00 1.235892E-01
1.279375E+02 2.623881E+00 1.221587E-01
1.248171E+02 2.623211E+00 1.206663E-01
1.218452E+02 2.622789E+00 1.191236E-01
1.190116E+02 2.622614E+00 1.175414E-01
1.163068E+02 2.622684E+00 1.159298E-01
1.137222E+02 2.622997E+00 1.142983E-01
1.112500E+02 2.623549E+00 1.126557E-01
1.088830E+02 2.624339E+00 1.110104E-01
1.066146E+02 2.625364E+00 1.093700E-01
1.044388E+02 2.626622E+00 1.077418E-01
1.023500E+02 2.628109E+00 1.061328E-01
1.003431E+02 2.629825E+00 1.045492E-01
9.841348E+01 2.631766E+00 1.029974E-01
9.655660E+01 2.633932E+00 1.014830E-01
9.476849E+01 2.636319E+00 1.000116E-01
9.304541E+01 2.638926E+00 9.858849E-02
9.138396E+01 2.641752E+00 9.721885E-02
8.978071E+01 2.644796E+00 9.590760E-02
8.823275E+01 2.648055E+00 9.465955E-02
8.673727E+01 2.651530E+00 9.347939E-02
8.529170E+01 2.655219E+00 9.237174E-02
8.389346E+01 2.659122E+00 9.134112E-02
8.254033E+01 2.663239E+00 9.039204E-02
8.123015E+01 2.667568E+00 8.952893E-02
7.996092E+01 2.672110E+00 8.875622E-02
7.873080E+01 2.676865E+00 8.807834E-02
7.753789E+01 2.681833E+00 8.749970E-02
7.638060E+01 2.687015E+00 8.702473E-02
7.525734E+01 2.692410E+00 8.665790E-02
7.416665E+01 2.698021E+00 8.640370E-02
7.310716E+01 2.703848E+00 8.626664E-02
7.207747E+01 2.709893E+00 8.625131E-02
7.107639E+01 2.716156E+00 8.636235E-02
7.010273E+01 2.722640E+00 8.660447E-02
6.915538E+01 2.729346E+00 8.698249E-02
6.823335E+01 2.736277E+00 8.750131E-02
6.733553E+01 2.743437E+00 8.816596E-02
6.646104E+01 2.750826E+00 8.898163E-02
6.560896E+01 2.758450E+00 8.995368E-02
6.477846E+01 2.766313E+00 9.108767E-02
6.396876E+01 2.774418E+00 9.238941E-02
6.317902E+01 2.782770E+00 9.386500E-02
6.240853E+01 2.791375E+00 9.552089E-02
6.165661E+01 2.800240E+00 9.736390E-02
6.092264E+01 2.809370E+00 9.940135E-02
6.020589E+01 2.818775E+00 1.016411E-01
5.950582E+01 2.828461E+00 1.040915E-01
5.882183E+01 2.838438E+00 1.067619E-01
5.815340E+01 2.848716E+00 1.096622E-01
5.750001E+01 2.859307E+00 1.128035E-01
5.686112E+01 2.870222E+00 1.161978E-01
5.623626E+01 2.881475E+00 1.198584E-01
5.562499E+01 2.893080E+00 1.238001E-01
5.502687E+01 2.905053E+00 1.280393E-01
5.444150E+01 2.917411E+00 1.325943E-01
5.386843E+01 2.930172E+00 1.374854E-01
5.330729E+01 2.943357E+00 1.427355E-01
5.275773E+01 2.956987E+00 1.483701E-01
5.221938E+01 2.971086E+00 1.544179E-01
5.169193E+01 2.985679E+00 1.609113E-01
5.117500E+01 3.000791E+00 1.678867E-01
5.066832E+01 3.016453E+00 1.753851E-01
5.017156E+01 3.032696E+00 1.834530E-01
4.968445E+01 3.049551E+00 1.921432E-01
4.920674E+01 3.067053E+00 2.015155E-01
4.873810E+01 3.085240E+00 2.116379E-01
4.827830E+01 3.104150E+00 2.225881E-01
4.782710E+01 3.123823E+00 2.344548E-01
4.738427E+01 3.144300E+00 2.473393E-01
4.694955E+01 3.165624E+00 2.613584E-01
4.652273E+01 3.187837E+00 2.766458E-01
4.610360E+01 3.210981E+00 2.933562E-01
4.569196E+01 3.235093E+00 3.116681E-01
4.528762E+01 3.260206E+00 3.317879E-01
4.489036E+01 3.286346E+00 3.539555E-01
4.450000E+01 3.313524E+00 3.784489E-01
4.411638E+01 3.341734E+00 4.055919E-01
4.373931E+01 3.370942E+00 4.357604E-01
4.336865E+01 3.401073E+00 4.693913E-01
4.300420E+01 3.431997E+00 5.069907E-01
4.264583E+01 3.463509E+00 5.491421E-01
4.229338E+01 3.495291E+00 5.965129E-01
4.194671E+01 3.526883E+00 6.498570E-01
4.160570E+01 3.557622E+00 7.100085E-01
4.127016E+01 3.586581E+00 7.778615E-01
4.094000E+01 3.612484E+00 8.543244E-01
4.061507E+01 3.633617E+00 9.402360E-01
4.029527E+01 3.647735E+00 1.036223E+00
3.998047E+01 3.651996E+00 1.142480E+00
3.967054E+01 3.642980E+00 1.258467E+00
3.936538E+01 3.616838E+00 1.382520E+00
3.906488E+01 3.569685E+00 1.511477E+00
3.876895E+01 3.498263E+00 1.640423E+00
3.847745E+01 3.400830E+00 1.762810E+00
3.819030E+01 3.278043E+00 1.871091E+00
3.790741E+01 3.133450E+00 1.957899E+00
3.762867E+01 2.973265E+00 2.017428E+00
3.735402E+01 2.805373E+00 2.046513E+00
3.708334E+01 2.637947E+00 2.044986E+00
3.681655E+01 2.478181E+00 2.015264E+00
3.655357E+01 2.331545E+00 1.961458E+00
3.629432E+01 2.201613E+00 1.888427E+00
3.603874E+01 2.090294E+00 1.801050E+00
3.578672E+01 1.998240E+00 1.703803E+00
3.553819E+01 1.925245E+00 1.600597E+00
3.529310E+01 1.870546E+00 1.494778E+00
3.505136E+01 1.833013E+00 1.389195E+00
3.481293E+01 1.811243E+00 1.286269E+00
3.457770E+01 1.803599E+00 1.188025E+00
3.434564E+01 1.808248E+00 1.096074E+00
3.411666E+01 1.823227E+00 1.011584E+00
3.389072E+01 1.846545E+00 9.352517E-01
3.366777E+01 1.876303E+00 8.673340E-01
3.344771E+01 1.910797E+00 8.077114E-01
3.323052E+01 1.948586E+00 7.559906E-01
3.301613E+01 1.988512E+00 7.116095E-01
3.280449E+01 2.029687E+00 6.739277E-01
3.259554E+01 2.071457E+00 6.422941E-01
3.238924E+01 2.113359E+00 6.160908E-01
3.218553E+01 2.155077E+00 5.947573E-01
3.198437E+01 2.196409E+00 5.778013E-01
3.178572E+01 2.237233E+00 5.648013E-01
3.158951E+01 2.277486E+00 5.554036E-01
3.139571E+01 2.317142E+00 5.493177E-01
3.120427E+01 2.356204E+00 5.463103E-01
3.101515E+01 2.394690E+00 5.461996E-01
3.082832E+01 2.432628E+00 5.488500E-01
3.064371E+01 2.470046E+00 5.541675E-01
3.046131E+01 2.506971E+00 5.620958E-01
3.028106E+01 2.543424E+00 5.726129E-01
3.010294E+01 2.579415E+00 5.857292E-01
2.992690E+01 2.614943E+00 6.014846E-01
2.975291E+01 2.649986E+00 6.199472E-01
2.958092E+01 2.684503E+00 6.412116E-01
2.941092E+01 2.718426E+00 6.653972E-01
2.924286E+01 2.751655E+00 6.926466E-01
2.907671E+01 2.784052E+00 7.231226E-01
2.891243E+01 2.815436E+00 7.570054E-01
2.875000E+01 2.845569E+00 7.944873E-01
2.858938E+01 2.874154E+00 8.357656E-01
2.843056E+01 2.900820E+00 8.810332E-01
2.827348E+01 2.925114E+00 9.304649E-01
2.811813E+01 2.946493E+00 9.841992E-01
2.796448E+01 2.964316E+00 1.042315E+00
2.781250E+01 2.977840E+00 1.104803E+00
2.766217E+01 2.986228E+00 1.171529E+00
2.751344E+01 2.988564E+00 1.242195E+00
2.736631E+01 2.983878E+00 1.316294E+00
2.722074E+01 2.971201E+00 1.393077E+00
2.707672E+01 2.949623E+00 1.471516E+00
2.693421E+01 2.918385E+00 1.550302E+00
2.679319E+01 2.876972E+00 1.627859E+00
2.665365E+01 2.825207E+00 1.702406E+00
2.651554E+01 2.763335E+00 1.772052E+00
2.637886E+01 2.692059E+00 1.834921E+00
2.624359E+01 2.612539E+00 1.889305E+00
2.610969E+01 2.526331E+00 1.933793E+00
2.597716E+01 2.435272E+00 1.967382E+00
2.584596E+01 2.341344E+00 1.989533E+00
2.571608E+01 2.246529E+00 2.000173E+00
2.558750E+01 2.152681E+00 1.999645E+00
2.546020E+01 2.061433E+00 1.988628E+00
2.533416E+01 1.974144E+00 1.968038E+00
2.520936E+01 1.891883E+00 1.938928E+00
2.508579E+01 1.815447E+00 1.902409E+00
2.496342E+01 1.745388E+00 1.859583E+00
2.484223E+01 1.682067E+00 1.811499E+00
2.472222E+01 1.625688E+00 1.759132E+00
2.460336E+01 1.576351E+00 1.703374E+00
2.448565E+01 1.534078E+00 1.645034E+00
2.436905E+01 1.498846E+00 1.584857E+00
2.425355E+01 1.470602E+00 1.523533E+00
2.413915E+01 1.449274E+00 1.461716E+00
2.402582E+01 1.434773E+00 1.400048E+00
2.391355E+01 1.426984E+00 1.339167E+00
2.380233E+01 1.425752E+00 1.279715E+00
2.369213E+01 1.430872E+00 1.222345E+00
2.358295E+01 1.442068E+00 1.167707E+00
2.347477E+01 1.458984E+00 1.116434E+00
2.336758E+01 1.481181E+00 1.069120E+00
2.326136E+01 1.508145E+00 1.026295E+00
2.315611E+01 1.539305E+00 9.884144E-01
2.305180E+01 1.574053E+00 9.558419E-01
2.294843E+01 1.611775E+00 9.288575E-01
2.284598E+01 1.651865E+00 9.076680E-01
2.274444E+01 1.693740E+00 8.924253E-01
2.264380E+01 1.736844E+00 8.832480E-01
2.254405E+01 1.780636E+00 8.802405E-01
2.244518E+01 1.824584E+00 8.835088E-01
2.234716E+01 1.868139E+00 8.931693E-01
2.225000E+01 1.910711E+00 9.093501E-01
2.215368E+01 1.951645E+00 9.321834E-01
2.205819E+01 1.990189E+00 9.617861E-01
2.196352E+01 2.025472E+00 9.982292E-01
2.186966E+01 2.056487E+00 1.041492E+00
2.177660E+01 2.082079E+00 1.091400E+00
2.168432E+01 2.100965E+00 1.147555E+00
2.159282E+01 2.111780E+00 1.209250E+00
2.150210E+01 2.113161E+00 1.275398E+00
2.141213E+01 2.103880E+00 1.344483E+00
2.132292E+01 2.083002E+00 1.414560E+00
2.123444E+01 2.050070E+00 1.483331E+00
2.114669E+01 2.005247E+00 1.548309E+00
2.105967E+01 1.949399E+00 1.607042E+00
2.097336E+01 1.884060E+00 1.657378E+00
2.088775E+01 1.811294E+00 1.697684E+00
2.080284E+01 1.733462E+00 1.726994E+00
2.071863E+01 1.652971E+00 1.745037E+00
2.063508E+01 1.572043E+00 1.752155E+00
2.055221E+01 1.492562E+00 1.749168E+00
2.047000E+01 1.415992E+00 1.737190E+00
2.038844E+01 1.343375E+00 1.717480E+00
2.030754E+01 1.275370E+00 1.691305E+00
2.022727E+01 1.212325E+00 1.659861E+00
2.014764E+01 1.154348E+00 1.624215E+00
2.006863E+01 1.101379E+00 1.585292E+00
1.999023E+01 1.053245E+00 1.543864E+00
1.991245E+01 1.009706E+00 1.500566E+00
1.983527E+01 9.704909E-01 1.455909E+00
1.975869E+01 9.353183E-01 1.410302E+00
1.968269E+01 9.039139E-01 1.364061E+00
1.960728E+01 8.760206E-01 1.317435E+00
1.953244E+01 8.514041E-01 1.270616E+00
1.945818E+01 8.298565E-01 1.223750E+00
1.938447E+01 8.111971E-01 1.176952E+00
1.931132E+01 7.952730E-01 1.130313E+00
1.923872E+01 7.819576E-01 1.083905E+00
1.916667E+01 7.711490E-01 1.037796E+00
1.909515E+01 7.627679E-01 9.920479E-01
1.902416E+01 7.567541E-01 9.467268E-01
1.895370E+01 7.530632E-01 9.019072E-01
1.888377E+01 7.516613E-01 8.576763E-01
1.881434E+01 7.525194E-01 8.141376E-01
1.874542E+01 7.556059E-01 7.714123E-01
1.867701E+01 7.608791E-01 7.296404E-01
1.860909E+01 7.682788E-01 6.889769E-01
1.854167E+01 7.777188E-01 6.495868E-01
1.847473E+01 7.890812E-01 6.116363E-01
1.840827E+01 8.022148E-01 5.752824E-01
1.834229E+01 8.169365E-01 5.406612E-01
1.827678E+01 8.330378E-01 5.078787E-01
1.821175E+01 8.502944E-01 4.770031E-01
1.814716E+01 8.684772E-01 4.480627E-01
1.808304E+01 8.873635E-01 4.210466E-01
1.801937E+01 9.067457E-01 3.959102E-01
1.795614E+01 9.264378E-01 3.725810E-01
1.789336E+01 9.462790E-01 3.509674E-01
1.783101E+01 9.661345E-01 3.309647E-01
1.776910E+01 9.858943E-01 3.124624E-01
1.770761E+01 1.005471E+00 2.953483E-01
1.764655E+01 1.024798E+00 2.795128E-01
1.758591E+01 1.043826E+00 2.648508E-01
1.752569E+01 1.062516E+00 2.512636E-01
1.746587E+01 1.080846E+00 2.386594E-01
1.740646E+01 1.098800E+00 2.269541E-01
1.734746E+01 1.116369E+00 2.160704E-01
1.728885E+01 1.133551E+00 2.059383E-01
1.723064E+01 1.150348E+00 1.964944E-01
1.717282E+01 1.166764E+00 1.876810E-01
1.711538E+01 1.182807E+00 1.794464E-01
1.705833E+01 1.198486E+00 1.717437E-01
1.700166E+01 1.213812E+00 1.645305E-01
1.694536E+01 1.228796E+00 1.577686E-01
1.688944E+01 1.243449E+00 1.514235E-01
1.683388E+01 1.257785E+00 1.454640E-01
1.677869E+01 1.271815E+00 1.398617E-01
1.672386E+01 1.285551E+00 1.345910E-01
1.666938E+01 1.299006E+00 1.296286E-01
1.661526E+01 1.312192E+00 1.249534E-01
1.656149E+01 1.325119E+00 1.205461E-01
1.650807E+01 1.337800E+00 1.163891E-01
1.645498E+01 1.350246E+00 1.124665E-01
1.640224E+01 1.362467E+00 1.087636E-01
1.634984E+01 1.374473E+00 1.052669E-01
1.629777E+01 1.386274E+00 1.019644E-01
1.624603E+01 1.397881E+00 9.884458E-02
1.619462E+01 1.409302E+00 9.589728E-02
1.614353E+01 1.420547E+00 9.311297E-02
1.609277E+01 1.431624E+00 9.048294E-02
1.604232E+01 1.442541E+00 8.799913E-02
1.599219E+01 1.453307E+00 8.565417E-02
1.594237E+01 1.463929E+00 8.344121E-02
1.589286E+01 1.474415E+00 8.135396E-02
1.584365E+01 1.484772E+00 7.938661E-02
1.579475E+01 1.495007E+00 7.753380E-02
1.574615E+01 1.505127E+00 7.579057E-02
1.569785E+01 1.515139E+00 7.415235E-02
1.564985E+01 1.525049E+00 7.261490E-02
1.560213E+01 1.534864E+00 7.117434E-02
1.555471E+01 1.544589E+00 6.982705E-02
1.550758E+01 1.554231E+00 6.856973E-02
1.546072E+01 1.563795E+00 6.739932E-02
1.541416E+01 1.573287E+00 6.631302E-02
1.536787E+01 1.582713E+00 6.530824E-02
1.532186E+01 1.592078E+00 6.438263E-02
1.527612E+01 1.601387E+00 6.353403E-02
1.523065E+01 1.610646E+00 6.276049E-02
1.518546E+01 1.619861E+00 6.206023E-02
1.514053E+01 1.629035E+00 6.143165E-02
1.509587E+01 1.638174E+00 6.087334E-02
1.505147E+01 1.647284E+00 6.038402E-02
1.500733E+01 1.656369E+00 5.996259E-02
1.496345E+01 1.665434E+00 5.960809E-02
1.491983E+01 1.674485E+00 5.931973E-02
1.487645E+01 1.683525E+00 5.909684E-02
1.483333E+01 1.692561E+00 5.893891E-02
1.479046E+01 1.701597E+00 5.884556E-02
1.474784E+01 1.710638E+00 5.881656E-02
1.470546E+01 1.719689E+00 5.885182E-02
1.466332E+01 1.728755E+00 5.895137E-02
1.462143E+01 1.737842E+00 5.911542E-02
1.457977E+01 1.746954E+00 5.934428E-02
1.453835E+01 1.756097E+00 5.963843E-02
1.449717E+01 1.765276E+00 5.999851E-02
1.445622E+01 1.774496E+00 6.042528E-02
1.441549E+01 1.783763E+00 6.091967E-02
1.437500E+01 1.793082E+00 6.148278E-02
1.433473E+01 1.802460E+00 6.211588E-02
1.429469E+01 1.811902E+00 6.282040E-02
1.425487E+01 1.821414E+00 6.359797E-02
1.421528E+01 1.831002E+00 6.445040E-02
1.417590E+01 1.840672E+00 6.537970E-02
1.413674E+01 1.850432E+00 6.638811E-02
1.409780E+01 1.860288E+00 6.747809E-02
1.405907E+01 1.870246E+00 6.865233E-02
1.402055E+01 1.880314E+00 6.991381E-02
1.398224E+01 1.890500E+00 7.126574E-02
1.394414E+01 1.900811E+00 7.271166E-02
1.390625E+01 1.911255E+00 7.425541E-02
1.386856E+01 1.921840E+00 7.590118E-02
1.383108E+01 1.932576E+00 7.765351E-02
1.379380E+01 1.943471E+00 7.951734E-02
1.375672E+01 1.954534E+00 8.149805E-02
1.371984E+01 1.965775E+00 8.360149E-02
1.368316E+01 1.977206E+00 8.583398E-02
1.364667E+01 1.988835E+00 8.820242E-02
1.361037E+01 2.000676E+00 9.071431E-02
1.357427E+01 2.012739E+00 9.337777E-02
1.353836E+01 2.025036E+00 9.620168E-02
1.350264E+01 2.037582E+00 9.919568E-02
1.346710E+01 2.050389E+00 1.023703E-01
1.343176E+01 2.063472E+00 1.057369E-01
1.339660E+01 2.076846E+00 1.093080E-01
1.336162E+01 2.090528E+00 1.130974E-01
1.332682E+01 2.104533E+00 1.171198E-01
1.329221E+01 2.118879E+00 1.213917E-01
1.325777E+01 2.133586E+00 1.259309E-01
1.322351E+01 2.148673E+00 1.307571E-01
1.318943E+01 2.164161E+00 1.358918E-01
1.315553E+01 2.180072E+00 1.413588E-01
1.312179E+01 2.196429E+00 1.471843E-01
1.308824E+01 2.213257E+00 1.533970E-01
1.305485E+01 2.230581E+00 1.600290E-01
1.302163E+01 2.248430E+00 1.671155E-01
1.298858E+01 2.266832E+00 1.746957E-01
1.295570E+01 2.285818E+00 1.828131E-01
1.292298E+01 2.305419E+00 1.915162E-01
1.289043E+01 2.325669E+00 2.008590E-01
1.285804E+01 2.346603E+00 2.109018E-01
1.282581E+01 2.368258E+00 2.217120E-01
1.279375E+01 2.390673E+00 2.333656E-01
1.276185E+01 2.413885E+00 2.459475E-01
1.273010E+01 2.437935E+00 2.595535E-01
1.269851E+01 2.462864E+00 2.742917E-01
1.266708E+01 2.488712E+00 2.902843E-01
1.263580E+01 2.515519E+00 3.076695E-01
1.260468E+01 2.543321E+00 3.266042E-01
1.257371E+01 2.572152E+00 3.472665E-01
1.254289E+01 2.602038E+00 3.698590E-01
1.251222E+01 2.632999E+00 3.946125E-01
1.248171E+01 2.665039E+00 4.217897E-01
1.245134E+01 2.698147E+00 4.516901E-01
1.242112E+01 2.732284E+00 4.846543E-01
1.239104E+01 2.767379E+00 5.210694E-01
1.236111E+01 2.803315E+00 5.613739E-01
1.233133E+01 2.839913E+00 6.060613E-01
1.230168E+01 2.876914E+00 6.556834E-01
1.227218E+01 2.913951E+00 7.108495E-01
1.224282E+01 2.950520E+00 7.722206E-01
1.221360E+01 2.985939E+00 8.404953E-01
1.218452E+01 3.019307E+00 9.163827E-01
1.215558E+01 3.049451E+00 1.000556E+00
1.212678E+01 3.074877E+00 1.093579E+00
1.209811E+01 3.093738E+00 1.195802E+00
1.206957E+01 3.103820E+00 1.307214E+00
1.204118E+01 3.102592E+00 1.427264E+00
1.201291E+01 3.087333E+00 1.554658E+00
1.198478E+01 3.055373E+00 1.687187E+00
1.195678E+01 3.004456E+00 1.821633E+00
1.192890E+01 2.933175E+00 1.953850E+00
1.190116E+01 2.841411E+00 2.079071E+00
1.187355E+01 2.730603E+00 2.192436E+00
1.184606E+01 2.603743E+00 2.289657E+00
1.181871E+01 2.465049E+00 2.367614E+00
1.179148E+01 2.319371E+00 2.424721E+00
1.176437E+01 2.171542E+00 2.460971E+00
1.173739E+01 2.025814E+00 2.477682E+00
1.171053E+01 1.885534E+00 2.477077E+00
1.168379E+01 1.753034E+00 2.461842E+00
1.165718E+01 1.629710E+00 2.434749E+00
1.163068E+01 1.516189E+00 2.398402E+00
1.160431E+01 1.412530E+00 2.355097E+00
1.157805E+01 1.318405E+00 2.306765E+00
1.155192E+01 1.233255E+00 2.254974E+00
1.152590E+01 1.156397E+00 2.200964E+00
1.150000E+01 1.087101E+00 2.145695E+00
1.147422E+01 1.024645E+00 2.089893E+00
1.144855E+01 9.683377E-01 2.034102E+00
1.142299E+01 9.175418E-01 1.978715E+00
1.139755E+01 8.716765E-01 1.924015E+00
1.137222E+01 8.302206E-01 1.870196E+00
1.134701E+01 7.927103E-01 1.817387E+00
1.132190E+01 7.587350E-01 1.765666E+00
1.129691E+01 7.279331E-01 1.715075E+00
1.127203E+01 6.999868E-01 1.665629E+00
1.124725E+01 6.746172E-01 1.617320E+00
1.122259E+01 6.515801E-01 1.570128E+00
1.119803E+01 6.306616E-01 1.524022E+00
1.117358E+01 6.116748E-01 1.478965E+00
1.114924E+01 5.944561E-01 1.434913E+00
1.112500E+01 5.788630E-01 1.391822E+00
1.110087E+01 5.647712E-01 1.349645E+00
1.107684E+01 5.520729E-01 1.308334E+00
1.105292E+01 5.406744E-01 1.267844E+00
1.102910E+01 5.304954E-01 1.228128E+00
1.100538E+01 5.214671E-01 1.189143E+00
1.098176E+01 5.135312E-01 1.150847E+00
1.095824E+01 5.066392E-01 1.113200E+00
1.093483E+01 5.007515E-01 1.076165E+00
1.091151E+01 4.958368E-01 1.039708E+00
1.088830E+01 4.918712E-01 1.003799E+00
1.086518E+01 4.888382E-01 9.684105E-01
1.084216E+01 4.867281E-01 9.335202E-01
1.081924E+01 4.855372E-01 8.991107E-01
1.079641E+01 4.852677E-01 8.651705E-01
1.077368E+01 4.859267E-01 8.316942E-01
1.075105E+01 4.875255E-01 7.986844E-01
1.072851E+01 4.900788E-01 7.661518E-01
1.070607E+01 4.936028E-01 7.341168E-01
1.068372E+01 4.981137E-01 7.026100E-01
1.066146E+01 5.036254E-01 6.716730E-01
1.063929E+01 5.101468E-01 6.413584E-01
1.061722E+01 5.176785E-01 6.117295E-01
1.059524E+01 5.262101E-01 5.828583E-01
1.057335E+01 5.357167E-01 5.548236E-01
1.055155E+01 5.461569E-01 5.277067E-01
1.052983E+01 5.574712E-01 5.015873E-01
1.050821E+01 5.695828E-01 4.765381E-01
1.048668E+01 5.823990E-01 4.526199E-01
1.046524E+01 5.958151E-01 4.298780E-01
1.044388E+01 6.097191E-01 4.083389E-01
1.042261E+01 6.239964E-01 3.880099E-01
1.040142E+01 6.385354E-01 3.688793E-01
1.038032E+01 6.532313E-01 3.509190E-01
1.035931E+01 6.679891E-01 3.340871E-01
1.033838E+01 6.827256E-01 3.183316E-01
1.031754E+01 6.973702E-01 3.035935E-01
1.029678E+01 7.118646E-01 2.898101E-01
1.027610E+01 7.261621E-01 2.769172E-01
1.025551E+01 7.402263E-01 2.648513E-01
1.023500E+01 7.540299E-01 2.535509E-01
1.021457E+01 7.675533E-01 2.429574E-01
1.019422E+01 7.807834E-01 2.330160E-01
1.017396E+01 7.937123E-01 2.236754E-01
1.015377E+01 8.063362E-01 2.148885E-01
1.013366E+01 8.186546E-01 2.066121E-01
1.011364E+01 8.306696E-01 1.988066E-01
1.009369E+01 8.423853E-01 1.914359E-01
1.007382E+01 8.538072E-01 1.844673E-01
1.005403E+01 8.649418E-01 1.778710E-01
1.003431E+01 8.757966E-01 1.716200E-01
1.001468E+01 8.863791E-01 1.656897E-01
9.995112E+00 8.966975E-01 1.600578E-01
9.975630E+00 9.067599E-01 1.547040E-01
9.956222E+00 9.165744E-01 1.496099E-01
9.936891E+00 9.261492E-01 1.447586E-01
9.917634E+00 9.354921E-01 1.401349E-01
9.898452E+00 9.446108E-01 1.357246E-01
9.879344E+00 9.535128E-01 1.315148E-01
9.860309E+00 9.622052E-01 1.274938E-01
9.841348E+00 9.706951E-01 1.236506E-01
9.822459E+00 9.789891E-01 1.199753E-01
9.803643E+00 9.870936E-01 1.164585E-01
9.784899E+00 9.950146E-01 1.130916E-01
9.766226E+00 1.002758E+00 1.098668E-01
9.747615E+00 1.010330E+00 1.067764E-01
9.729084E+00 1.017734E+00 1.038137E-01
9.710623E+00 1.024978E+00 1.009721E-01
9.692233E+00 1.032064E+00 9.824548E-02
9.673912E+00 1.038999E+00 9.562825E-02
9.655660E+00 1.045786E+00 9.311501E-02
9.637477E+00 1.052430E+00 9.070070E-02
9.619362E+00 1.058935E+00 8.838058E-02
9.601315E+00 1.065305E+00 8.615013E-02
9.583336E+00 1.071544E+00 8.400511E-02
9.565424E+00 1.077655E+00 8.194147E-02
9.547578E+00 1.083642E+00 7.995540E-02
9.529800E+00 1.089509E+00 7.804328E-02
9.512078E+00 1.095258E+00 7.620165E-02
9.494431E+00 1.100893E+00 7.442725E-02
9.476849E+00 1.106416E+00 7.271697E-02
9.459333E+00 1.111832E+00 7.106786E-02
9.441881E+00 1.117143E+00 6.947709E-02
9.424493E+00 1.122351E+00 6.794200E-02
9.407170E+00 1.127459E+00 6.646004E-02
9.389909E+00 1.132471E+00 6.502879E-02
9.372712E+00 1.137388E+00 6.364595E-02
9.355578E+00 1.142212E+00 6.230933E-02
9.338507E+00 1.146948E+00 6.101684E-02
9.321498E+00 1.151596E+00 5.976650E-02
9.304541E+00 1.156159E+00 5.855642E-02
9.287655E+00 1.160639E+00 5.738483E-02
9.270831E+00 1.165039E+00 5.625001E-02
9.254067E+00 1.169361E+00 5.515034E-02
9.237363E+00 1.173605E+00 5.408430E-02
9.220720E+00 1.177776E+00 5.305041E-02
9.204137E+00 1.181874E+00 5.204731E-02
9.187613E+00 1.185901E+00 5.107366E-02
9.171148E+00 1.189859E+00 5.012823E-02
9.154743E+00 1.193750E+00 4.920982E-02
9.138396E+00 1.197576E+00 4.831732E-02
9.122107E+00 1.201338E+00 4.744965E-02
9.105876E+00 1.205038E+00 4.660581E-02
9.089694E+00 1.208677E+00 4.578482E-02
9.073579E+00 1.212257E+00 4.498578E-02
9.057520E+00 1.215780E+00 4.420783E-02
9.041518E+00 1.219247E+00 4.345013E-02
9.025572E+00 1.222658E+00 4.271191E-02
9.009683E+00 1.226017E+00 4.199244E-02
8.993849E+00 1.229323E+00 4.129099E-02
8.978071E+00 1.232578E+00 4.060691E-02
8.962348E+00 1.235784E+00 3.993956E-02
8.946680E+00 1.238941E+00 3.928833E-02
8.931067E+00 1.242051E+00 3.865265E-02
8.915509E+00 1.245114E+00 3.803198E-02
8.899996E+00 1.248133E+00 3.742578E-02
8.884545E+00 1.251108E+00 3.683356E-02
8.869148E+00 1.254039E+00 3.625485E-02
8.853804E+00 1.256928E+00 3.568920E-02
8.838513E+00 1.259777E+00 3.513618E-02
8.823275E+00 1.262585E+00 3.459537E-02
8.808089E+00 1.265354E+00 3.406639E-02
8.792956E+00 1.268084E+00 3.354885E-02
8.777874E+00 1.270777E+00 3.304240E-02
8.762844E+00 1.273433E+00 3.254669E-02
8.747866E+00 1.276053E+00 3.206140E-02
8.732938E+00 1.278638E+00 3.158621E-02
8.718061E+00 1.281188E+00 3.112081E-02
8.703228E+00 1.283705E+00 3.066492E-02
8.688452E+00 1.286189E+00 3.021827E-02
8.673727E+00 1.288640E+00 2.978057E-02
8.659051E+00 1.291060E+00 2.935158E-02
8.644425E+00 1.293449E+00 2.893105E-02
8.629848E+00 1.295807E+00 2.851874E-02
8.615320E+00 1.298135E+00 2.811443E-02
8.600841E+00 1.300435E+00 2.771789E-02
8.586411E+00 1.302706E+00 2.732892E-02
8.572029E+00 1.304949E+00 2.694730E-02
8.557695E+00 1.307164E+00 2.657285E-02
8.543409E+00 1.309352E+00 2.620537E-02
8.529170E+00 1.311514E+00 2.584469E-02
8.514972E+00 1.313650E+00 2.549062E-02
8.500828E+00 1.315761E+00 2.514299E-02
8.486731E+00 1.317847E+00 2.480165E-02
8.472681E+00 1.319908E+00 2.446643E-02
8.458677E+00 1.321945E+00 2.413717E-02
8.444719E+00 1.323958E+00 2.381374E-02
8.430808E+00 1.325949E+00 2.349599E-02
8.416942E+00 1.327916E+00 2.318378E-02
8.403121E+00 1.329862E+00 2.287698E-02
8.389346E+00 1.331785E+00 2.257545E-02
8.375616E+00 1.333687E+00 2.227907E-02
8.361931E+00 1.335568E+00 2.198772E-02
8.348284E+00 1.337428E+00 2.170129E-02
8.334688E+00 1.339267E+00 2.141965E-02
8.321136E+00 1.341086E+00 2.114270E-02
8.307628E+00 1.342886E+00 2.087033E-02
8.294164E+00 1.344667E+00 2.060244E-02
8.280744E+00 1.346428E+00 2.033893E-02
8.267367E+00 1.348170E+00 2.007969E-02
8.254033E+00 1.349894E+00 1.982465E-02
8.240742E+00 1.351600E+00 1.957369E-02
8.227493E+00 1.353289E+00 1.932675E-02
8.214288E+00 1.354959E+00 1.908372E-02
8.201124E+00 1.356613E+00 1.884452E-02
8.188003E+00 1.358249E+00 1.860909E-02
8.174917E+00 1.359869E+00 1.837732E-02
8.161879E+00 1.361473E+00 1.814916E-02
8.148883E+00 1.363060E+00 1.792452E-02
8.135929E+00 1.364632E+00 1.770334E-02
8.123015E+00 1.366187E+00 1.748554E-02
8.110142E+00 1.367728E+00 1.727105E-02
8.097310E+00 1.369253E+00 1.705982E-02
8.084519E+00 1.370764E+00 1.685177E-02
8.071768E+00 1.372259E+00 1.664684E-02
8.059057E+00 1.373740E+00 1.644497E-02
8.046386E+00 1.375208E+00 1.624611E-02
8.033755E+00 1.376661E+00 1.605020E-02
8.021163E+00 1.378100E+00 1.585717E-02
8.008604E+00 1.379525E+00 1.566699E-02
7.996092E+00 1.380938E+00 1.547958E-02
7.983618E+00 1.382337E+00 1.529492E-02
7.971183E+00 1.383723E+00 1.511293E-02
7.958786E+00 1.385096E+00 1.493358E-02
7.946428E+00 1.386457E+00 1.475682E-02
7.934109E+00 1.387805E+00 1.458260E-02
7.921827E+00 1.389141E+00 1.441088E-02
7.909584E+00 1.390465E+00 1.424162E-02
7.897378E+00 1.391777E+00 1.407477E-02
7.885210E+00 1.393077E+00 1.391030E-02
7.873080E+00 1.394366E+00 1.374815E-02
7.860980E+00 1.395643E+00 1.358830E-02
7.848924E+00 1.396909E+00 1.343071E-02
7.836905E+00 1.398164E+00 1.327534E-02
7.824922E+00 1.399408E+00 1.312215E-02
7.812976E+00 1.400641E+00 1.297112E-02
7.801067E+00 1.401864E+00 1.282220E-02
7.789193E+00 1.403076E+00 1.267537E-02
7.777356E+00 1.404278E+00 1.253058E-02
7.765555E+00 1.405469E+00 1.238782E-02
7.753789E+00 1.406651E+00 1.224705E-02
7.742059E+00 1.407822E+00 1.210825E-02
7.730365E+00 1.408984E+00 1.197137E-02
7.718706E+00 1.410136E+00 1.183640E-02
7.707076E+00 1.411279E+00 1.170331E-02
7.695487E+00 1.412412E+00 1.157208E-02
7.683932E+00 1.413536E+00 1.144267E-02
7.672413E+00 1.414651E+00 1.131506E-02
7.660927E+00 1.415756E+00 1.118923E-02
7.649477E+00 1.416853E+00 1.106516E-02
7.638060E+00 1.417941E+00 1.094282E-02
7.626677E+00 1.419020E+00 1.082218E-02
7.615328E+00 1.420090E+00 1.070324E-02
7.604013E+00 1.421153E+00 1.058596E-02
7.592732E+00 1.422206E+00 1.047033E-02
7.581484E+00 1.423252E+00 1.035633E-02
7.570269E+00 1.424289E+00 1.024393E-02
7.559082E+00 1.425318E+00 1.013313E-02
7.547933E+00 1.426339E+00 1.002389E-02
7.536817E+00 1.427352E+00 9.916207E-03
7.525734E+00 1.428358E+00 9.810058E-03
7.514684E+00 1.429355E+00 9.705428E-03
7.503666E+00 1.430346E+00 9.602301E-03
7.492680E+00 1.431328E+00 9.500659E-03
7.481726E+00 1.432303E+00 9.400489E-03
7.470804E+00 1.433271E+00 9.301774E-03
7.459914E+00 1.434232E+00 9.204500E-03
7.449056E+00 1.435185E+00 9.108652E-03
7.438229E+00 1.436132E+00 9.014218E-03
7.427428E+00 1.437071E+00 8.921183E-03
7.416665E+00 1.438003E+00 8.829533E-03
7.405932E+00 1.438929E+00 8.739258E-03
7.395230E+00 1.439848E+00 8.650342E-03
7.384559E+00 1.440760E+00 8.562776E-03
7.373919E+00 1.441665E+00 8.476546E-03
7.363309E+00 1.442564E+00 8.391641E-03
7.352730E+00 1.443456E+00 8.308050E-03
7.342182E+00 1.444342E+00 8.225762E-03
7.331663E+00 1.445222E+00 8.144766E-03
7.321175E+00 1.446095E+00 8.065051E-03
7.310716E+00 1.446962E+00 7.986608E-03
7.300288E+00 1.447823E+00 7.909426E-03
7.289884E+00 1.448678E+00 7.833495E-03
7.279514E+00 1.449527E+00 7.758806E-03
7.269175E+00 1.450370E+00 7.685349E-03
7.258864E+00 1.451207E+00 7.613115E-03
7.248583E+00 1.452038E+00 7.542096E-03
7.238331E+00 1.452864E+00 7.472282E-03
7.228108E+00 1.453683E+00 7.403664E-03
7.217913E+00 1.454497E+00 7.336234E-03
7.207747E+00 1.455306E+00 7.269984E-03
7.197610E+00 1.456108E+00 7.204905E-03
7.187502E+00 1.456906E+00 7.140990E-03
7.177422E+00 1.457698E+00 7.078229E-03
7.167364E+00 1.458484E+00 7.016615E-03
7.157341E+00 1.459265E+00 6.956140E-03
7.147345E+00 1.460041E+00 6.896797E-03
7.137377E+00 1.460811E+00 6.838577E-03
7.127436E+00 1.461577E+00 6.781473E-03
7.117524E+00 1.462337E+00 6.725477E-03
7.107639E+00 1.463092E+00 6.670582E-03
7.097781E+00 1.463842E+00 6.616780E-03
7.087951E+00 1.464586E+00 6.564064E-03
7.078148E+00 1.465326E+00 6.512426E-03
7.068372E+00 1.466061E+00 6.461859E-03
7.058623E+00 1.466791E+00 6.412355E-03
7.048900E+00 1.467516E+00 6.363907E-03
7.039200E+00 1.468237E+00 6.316507E-03
7.029531E+00 1.468952E+00 6.270147E-03
7.019889E+00 1.469663E+00 6.224821E-03
7.010273E+00 1.470369E+00 6.180520E-03
7.000683E+00 1.471070E+00 6.137237E-03
6.991120E+00 1.471767E+00 6.094964E-03
6.981583E+00 1.472459E+00 6.053693E-03
6.972071E+00 1.473147E+00 6.013417E-03
6.962586E+00 1.473830E+00 5.974128E-03
6.953126E+00 1.474508E+00 5.935817E-03
6.943692E+00 1.475182E+00 5.898477E-03
6.934284E+00 1.475852E+00 5.862099E-03
6.924901E+00 1.476517E+00 5.826676E-03
6.915538E+00 1.477178E+00 5.792198E-03
6.906206E+00 1.477834E+00 5.758658E-03
6.896899E+00 1.478486E+00 5.726046E-03
6.887617E+00 1.479134E+00 5.694354E-03
6.878360E+00 1.479778E+00 5.663573E-03
6.869127E+00 1.480417E+00 5.633695E-03
6.859920E+00 1.481052E+00 5.604709E-03
6.850737E+00 1.481683E+00 5.576608E-03
6.841578E+00 1.482310E+00 5.549380E-03
6.832445E+00 1.482933E+00 5.523018E-03
6.823335E+00 1.483551E+00 5.497510E-03
6.814250E+00 1.484166E+00 5.472848E-03
6.805184E+00 1.484776E+00 5.449021E-03
6.796147E+00 1.485382E+00 5.426019E-03
6.787134E+00 1.485985E+00 5.403832E-03
6.778145E+00 1.486583E+00 5.382449E-03
6.769179E+00 1.487178E+00 5.361859E-03
6.760237E+00 1.487768E+00 5.342053E-03
6.751319E+00 1.488355E+00 5.323017E-03
6.742425E+00 1.488938E+00 5.304743E-03
6.733553E+00 1.489517E+00 5.287217E-03
6.724705E+00 1.490092E+00 5.270429E-03
6.715881E+00 1.490663E+00 5.254367E-03
6.707079E+00 1.491230E+00 5.239018E-03
6.698301E+00 1.491794E+00 5.224372E-03
6.689540E+00 1.492354E+00 5.210415E-03
6.680808E+00 1.492910E+00 5.197135E-03
6.672098E+00 1.493463E+00 5.184520E-03
6.663410E+00 1.494011E+00 5.172557E-03
6.654746E+00 1.494557E+00 5.161233E-03
6.646104E+00 1.495098E+00 5.150534E-03
6.637484E+00 1.495636E+00 5.140447E-03
6.628886E+00 1.496170E+00 5.130960E-03
6.620311E+00 1.496701E+00 5.122058E-03
6.611758E+00 1.497228E+00 5.113728E-03
6.603227E+00 1.497751E+00 5.105955E-03
6.594718E+00 1.498271E+00 5.098725E-03
6.586231E+00 1.498787E+00 5.092025E-03
6.577762E+00 1.499300E+00 5.085839E-03
6.569318E+00 1.499810E+00 5.080154E-03
6.560896E+00 1.500316E+00 5.074954E-03
6.552496E+00 1.500818E+00 5.070225E-03
6.544117E+00 1.501317E+00 5.065952E-03
6.535760E+00 1.501813E+00 5.062119E-03
6.527424E+00 1.502305E+00 5.058711E-03
6.519109E+00 1.502794E+00 5.055713E-03
6.510815E+00 1.503280E+00 5.053110E-03
6.502542E+00 1.503762E+00 5.050885E-03
6.494291E+00 1.504241E+00 5.049023E-03
6.486060E+00 1.504717E+00 5.047509E-03
6.477846E+00 1.505189E+00 5.046326E-03
6.469657E+00 1.505658E+00 5.045458E-03
6.461489E+00 1.506124E+00 5.044889E-03
6.453341E+00 1.506587E+00 5.044603E-03
6.445213E+00 1.507046E+00 5.044585E-03
6.437107E+00 1.507503E+00 5.044816E-03
6.429020E+00 1.507956E+00 5.045282E-03
6.420954E+00 1.508406E+00 5.045965E-03
6.412908E+00 1.508853E+00 5.046849E-03
6.404882E+00 1.509296E+00 5.047918E-03
6.396876E+00 1.509737E+00 5.049156E-03
6.388890E+00 1.510175E+00 5.050544E-03
6.380925E+00 1.510609E+00 5.052068E-03
6.372975E+00 1.511041E+00 5.053710E-03
6.365048E+00 1.511470E+00 5.055454E-03
6.357142E+00 1.511895E+00 5.057284E-03
6.349255E+00 1.512318E+00 5.059181E-03
6.341387E+00 1.512737E+00 5.061131E-03
6.333539E+00 1.513154E+00 5.063117E-03
6.325711E+00 1.513568E+00 5.065122E-03
6.317902E+00 1.513979E+00 5.067129E-03
6.310112E+00 1.514387E+00 5.069123E-03
6.302341E+00 1.514792E+00 5.071087E-03
6.294589E+00 1.515195E+00 5.073005E-03
6.286857E+00 1.515595E+00 5.074860E-03
6.279143E+00 1.515992E+00 5.076637E-03
6.271444E+00 1.516386E+00 5.078320E-03
6.263769E+00 1.516777E+00 5.079893E-03
6.256111E+00 1.517166E+00 5.081340E-03
6.248473E+00 1.517552E+00 5.082645E-03
6.240853E+00 1.517935E+00 5.083794E-03
6.233252E+00 1.518316E+00 5.084771E-03
6.225669E+00 1.518694E+00 5.085560E-03
6.218105E+00 1.519070E+00 5.086147E-03
6.210559E+00 1.519443E+00 5.086518E-03
6.203031E+00 1.519813E+00 5.086656E-03
6.195522E+00 1.520181E+00 5.086549E-03
6.188031E+00 1.520547E+00 5.086182E-03
6.180554E+00 1.520910E+00 5.085541E-03
6.173099E+00 1.521270E+00 5.084611E-03
6.165661E+00 1.521629E+00 5.083381E-03
6.158242E+00 1.521984E+00 5.081836E-03
6.150841E+00 1.522338E+00 5.079964E-03
6.143457E+00 1.522689E+00 5.077752E-03
6.136091E+00 1.523037E+00 5.075187E-03
6.128743E+00 1.523384E+00 5.072257E-03
6.121412E+00 1.523728E+00 5.068951E-03
6.114099E+00 1.524070E+00 5.065257E-03
6.106803E+00 1.524410E+00 5.061164E-03
6.099525E+00 1.524747E+00 5.056661E-03
6.092264E+00 1.525083E+00 5.051738E-03
6.085016E+00 1.525416E+00 5.046384E-03
6.077790E+00 1.525747E+00 5.040590E-03
6.070580E+00 1.526076E+00 5.034347E-03
6.063388E+00 1.526403E+00 5.027645E-03
6.056213E+00 1.526729E+00 5.020476E-03
6.049054E+00 1.527052E+00 5.012832E-03
6.041913E+00 1.527373E+00 5.004706E-03
6.034788E+00 1.527692E+00 4.996089E-03
6.027680E+00 1.528009E+00 4.986977E-03
6.020589E+00 1.528325E+00 4.977361E-03
6.013515E+00 1.528638E+00 4.967237E-03
6.006457E+00 1.528950E+00 4.956599E-03
5.999412E+00 1.529260E+00 4.945442E-03
5.992387E+00 1.529568E+00 4.933762E-03
5.985379E+00 1.529874E+00 4.921556E-03
5.978387E+00 1.530179E+00 4.908821E-03
5.971411E+00 1.530482E+00 4.895553E-03
5.964452E+00 1.530784E+00 4.881751E-03
5.957509E+00 1.531083E+00 4.867413E-03
5.950582E+00 1.531382E+00 4.852539E-03
5.943671E+00 1.531678E+00 4.837128E-03
5.936776E+00 1.531973E+00 4.821181E-03
5.929897E+00 1.532267E+00 4.804699E-03
5.923034E+00 1.532559E+00 4.787684E-03
5.916187E+00 1.532850E+00 4.770137E-03
5.909352E+00 1.533139E+00 4.752061E-03
5.902536E+00 1.533427E+00 4.733461E-03
5.895736E+00 1.533714E+00 4.714341E-03
5.888952E+00 1.533999E+00 4.694705E-03
5.882183E+00 1.534283E+00 4.674559E-03
5.875430E+00 1.534565E+00 4.653909E-03
5.868693E+00 1.534847E+00 4.632762E-03
5.861971E+00 1.535127E+00 4.611126E-03
5.855264E+00 1.535406E+00 4.589009E-03
5.848572E+00 1.535683E+00 4.566419E-03
5.841896E+00 1.535960E+00 4.543367E-03
5.835235E+00 1.536235E+00 4.519861E-03
5.828589E+00 1.536510E+00 4.495914E-03
5.821955E+00 1.536783E+00 4.471535E-03
5.815340E+00 1.537055E+00 4.446738E-03
5.808739E+00 1.537326E+00 4.421533E-03
5.802154E+00 1.537597E+00 4.395935E-03
5.795583E+00 1.537866E+00 4.369956E-03
5.789027E+00 1.538134E+00 4.343610E-03
5.782486E+00 1.538401E+00 4.316912E-03
5.775960E+00 1.538667E+00 4.289876E-03
5.769448E+00 1.538933E+00 4.262517E-03
5.762951E+00 1.539197E+00 4.234850E-03
5.756469E+00 1.539461E+00 4.206891E-03
5.750001E+00 1.539723E+00 4.178655E-03
5.743545E+00 1.539985E+00 4.150159E-03
5.737106E+00 1.540246E+00 4.121418E-03
5.730682E+00 1.540506E+00 4.092449E-03
5.724272E+00 1.540766E+00 4.063267E-03
5.717877E+00 1.541024E+00 4.033888E-03
5.711495E+00 1.541282E+00 4.004328E-03
5.705128E+00 1.541539E+00 3.974604E-03
5.698775E+00 1.541795E+00 3.944730E-03
5.692437E+00 1.542050E+00 3.914721E-03
5.686112E+00 1.542304E+00 3.884593E-03
5.679801E+00 1.542558E+00 3.854359E-03
5.673505E+00 1.542811E+00 3.824034E-03
5.667222E+00 1.543063E+00 3.793630E-03
5.660950E+00 1.543315E+00 3.763161E-03
5.654695E+00 1.543565E+00 3.732639E-03
5.648454E+00 1.543815E+00 3.702074E-03
5.642226E+00 1.544064E+00 3.671479E-03
5.636013E+00 1.544313E+00 3.640862E-03
5.629813E+00 1.544560E+00 3.610232E-03
5.623626E+00 1.544807E+00 3.579599E-03
5.617454E+00 1.545053E+00 3.548969E-03
5.611294E+00 1.545298E+00 3.518348E-03
5.605149E+00 1.545543E+00 3.487742E-03
5.599016E+00 1.545786E+00 3.457156E-03
5.592897E+00 1.546029E+00 3.426593E-03
5.586792E+00 1.546271E+00 3.396056E-03
5.580697E+00 1.546513E+00 3.365547E-03
5.574618E+00 1.546753E+00 3.335066E-03
5.568552E+00 1.546993E+00 3.304614E-03
5.562499E+00 1.547232E+00 3.274189E-03
5.556460E+00 1.547470E+00 3.243790E-03
5.550434E+00 1.547707E+00 3.213414E-03
5.544421E+00 1.547944E+00 3.183057E-03
5.538420E+00 1.548179E+00 3.152717E-03
5.532433E+00 1.548414E+00 3.122388E-03
5.526459E+00 1.548648E+00 3.092065E-03
5.520497E+00 1.548882E+00 3.061742E-03
5.514549E+00 1.549114E+00 3.031414E-03
5.508610E+00 1.549346E+00 3.001074E-03
5.502687E+00 1.549577E+00 2.970715E-03
5.496777E+00 1.549807E+00 2.940331E-03
5.490879E+00 1.550036E+00 2.909914E-03
5.484994E+00 1.550265E+00 2.879458E-03
5.479122E+00 1.550493E+00 2.848956E-03
5.473262E+00 1.550720E+00 2.818401E-03
5.467415E+00 1.550946E+00 2.787788E-03
5.461580E+00 1.551172E+00 2.757110E-03
5.455758E+00 1.551397E+00 2.726362E-03
5.449948E+00 1.551621E+00 2.695539E-03
5.444150E+00 1.551845E+00 2.664638E-03
5.438365E+00 1.552067E+00 2.633653E-03
5.432589E+00 1.552290E+00 2.602584E-03
5.426828E+00 1.552511E+00 2.571428E-03
5.421080E+00 1.552732E+00 2.540183E-03
5.415343E+00 1.552952E+00 2.508851E-03
5.409619E+00 1.553172E+00 2.477432E-03
5.403907E+00 1.553391E+00 2.445929E-03
5.398207E+00 1.553610E+00 2.414344E-03
5.392519E+00 1.553828E+00 2.382682E-03
5.386843E+00 1.554046E+00 2.350949E-03
5.381178E+00 1.554263E+00 2.319151E-03
5.375526E+00 1.554479E+00 2.287296E-03
5.369886E+00 1.554695E+00 2.255392E-03
5.364257E+00 1.554911E+00 2.223450E-03
5.358638E+00 1.555126E+00 2.191480E-03
5.353032E+00 1.555341E+00 2.159494E-03
5.347439E+00 1.555555E+00 2.127507E-03
5.341858E+00 1.555769E+00 2.095530E-03
5.336288E+00 1.555983E+00 2.063580E-03
5.330729E+00 1.556196E+00 2.031671E-03
5.325182E+00 1.556409E+00 1.999820E-03
5.319647E+00 1.556621E+00 1.968044E-03
5.314123E+00 1.556833E+00 1.936359E-03
5.308611E+00 1.557045E+00 1.904785E-03
5.303110E+00 1.557257E+00 1.873339E-03
5.297620E+00 1.557468E+00 1.842039E-03
5.292139E+00 1.557679E+00 1.810905E-03
5.286672E+00 1.557889E+00 1.779956E-03
5.281217E+00 1.558099E+00 1.749209E-03
5.275773E+00 1.558309E+00 1.718684E-03
5.270339E+00 1.558519E+00 1.688398E-03
5.264917E+00 1.558728E+00 1.658372E-03
5.259507E+00 1.558937E+00 1.628621E-03
5.254107E+00 1.559145E+00 1.599164E-03
5.248718E+00 1.559354E+00 1.570017E-03
5.243341E+00 1.559562E+00 1.541196E-03
5.237974E+00 1.559769E+00 1.512718E-03
5.232619E+00 1.559976E+00 1.484597E-03
5.227274E+00 1.560183E+00 1.456846E-03
5.221938E+00 1.560390E+00 1.429479E-03
5.216615E+00 1.560596E+00 1.402509E-03
5.211303E+00 1.560802E+00 1.375946E-03
5.206001E+00 1.561007E+00 1.349801E-03
5.200711E+00 1.561212E+00 1.324083E-03
5.195431E+00 1.561416E+00 1.298801E-03
5.190162E+00 1.561620E+00 1.273962E-03
5.184904E+00 1.561824E+00 1.249572E-03
5.179656E+00 1.562027E+00 1.225637E-03
5.174419E+00 1.562229E+00 1.202161E-03
5.169193E+00 1.562432E+00 1.179148E-03
5.163977E+00 1.562633E+00 1.156599E-03
5.158769E+00 1.562834E+00 1.134516E-03
5.153574E+00 1.563035E+00 1.112900E-03
5.148389E+00 1.563235E+00 1.091750E-03
5.143215E+00 1.563434E+00 1.071065E-03
5.138052E+00 1.563633E+00 1.050843E-03
5.132898E+00 1.563831E+00 1.031081E-03
5.127755E+00 1.564029E+00 1.011775E-03
5.122623E+00 1.564226E+00 9.929210E-04
5.117500E+00 1.564422E+00 9.745143E-04
5.112388E+00 1.564618E+00 9.565493E-04
5.107286E+00 1.564813E+00 9.390197E-04
5.102194E+00 1.565007E+00 9.219192E-04
5.097113E+00 1.565201E+00 9.052406E-04
5.092039E+00 1.565394E+00 8.889767E-04
5.086977E+00 1.565587E+00 8.731195E-04
5.081926E+00 1.565778E+00 8.576610E-04
5.076884E+00 1.565969E+00 8.425930E-04
5.071853E+00 1.566160E+00 8.279067E-04
5.066832E+00 1.566349E+00 8.135936E-04
5.061820E+00 1.566538E+00 7.996448E-04
5.056818E+00 1.566726E+00 7.860511E-04
5.051827E+00 1.566914E+00 7.728038E-04
5.046845E+00 1.567101E+00 7.598936E-04
5.041873E+00 1.567287E+00 7.473114E-04
5.036910E+00 1.567472E+00 7.350484E-04
5.031958E+00 1.567657E+00 7.230954E-04
5.027013E+00 1.567840E+00 7.114436E-04
5.022080E+00 1.568024E+00 7.000841E-04
5.017156E+00 1.568206E+00 6.890083E-04
5.012242E+00 1.568388E+00 6.782077E-04
5.007338E+00 1.568569E+00 6.676738E-04
5.002444E+00 1.568749E+00 6.573984E-04
4.997559E+00 1.568928E+00 6.473735E-04
4.992683E+00 1.569107E+00 6.375912E-04
4.987817E+00 1.569285E+00 6.280439E-04
4.982961E+00 1.569463E+00 6.187241E-04
4.978114E+00 1.569639E+00 6.096245E-04
4.973276E+00 1.569815E+00 6.007382E-04
4.968445E+00 1.569990E+00 5.920584E-04
4.963627E+00 1.570165E+00 5.835783E-04
4.958817E+00 1.570338E+00 5.752917E-04
4.954017E+00 1.570511E+00 5.671923E-04
4.949226E+00 1.570684E+00 5.592742E-04
4.944444E+00 1.570856E+00 5.515317E-04
4.939672E+00 1.571026E+00 5.439591E-04
4.934909E+00 1.571197E+00 5.365512E-04
4.930155E+00 1.571366E+00 5.293028E-04
4.925410E+00 1.571535E+00 5.222089E-04
4.920674E+00 1.571703E+00 5.152648E-04
4.915947E+00 1.571871E+00 5.084659E-04
4.911230E+00 1.572038E+00 5.018077E-04
4.906519E+00 1.572204E+00 4.952861E-04
4.901819E+00 1.572370E+00 4.888969E-04
4.897128E+00 1.572535E+00 4.826362E-04
4.892447E+00 1.572699E+00 4.765003E-04
4.887774E+00 1.572862E+00 4.704855E-04
4.883111E+00 1.573025E+00 4.645883E-04
4.878456E+00 1.573188E+00 4.588054E-04
4.873810E+00 1.573349E+00 4.531337E-04
4.869173E+00 1.573510E+00 4.475698E-04
4.864544E+00 1.573671E+00 4.421110E-04
4.859925E+00 1.573830E+00 4.367543E-04
4.855314E+00 1.573989E+00 4.314969E-04
4.850712E+00 1.574148E+00 4.263362E-04
4.846116E+00 1.574306E+00 4.212696E-04
4.841532E+00 1.574463E+00 4.162946E-04
4.836956E+00 1.574620E+00 4.114090E-04
4.832389E+00 1.574776E+00 4.066102E-04
4.827830E+00 1.574931E+00 4.018962E-04
4.823280E+00 1.575086E+00 3.972647E-04
4.818738E+00 1.575240E+00 3.927138E-04
4.814205E+00 1.575394E+00 3.882414E-04
4.809681E+00 1.575547E+00 3.838455E-04
4.805165E+00 1.575700E+00 3.795243E-04
4.800657E+00 1.575852E+00 3.752759E-04
4.796158E+00 1.576003E+00 3.710987E-04
4.791666E+00 1.576154E+00 3.669909E-04
4.787183E+00 1.576304E+00 3.629508E-04
4.782710E+00 1.576454E+00 3.589769E-04
4.778244E+00 1.576603E+00 3.550676E-04
4.773787E+00 1.576751E+00 3.512214E-04
4.769338E+00 1.576899E+00 3.474368E-04
4.764898E+00 1.577047E+00 3.437124E-04
4.760465E+00 1.577193E+00 3.400469E-04
4.756041E+00 1.577340E+00 3.364388E-04
4.751625E+00 1.577486E+00 3.328870E-04
4.747218E+00 1.577631E+00 3.293901E-04
4.742818E+00 1.577775E+00 3.259469E-04
4.738427E+00 1.577920E+00 3.225562E-04
4.734042E+00 1.578063E+00 3.192168E-04
4.729666E+00 1.578206E+00 3.159277E-04
4.725299E+00 1.578349E+00 3.126877E-04
4.720940E+00 1.578491E+00 3.094957E-04
4.716590E+00 1.578633E+00 3.063507E-04
4.712247E+00 1.578774E+00 3.032517E-04
4.707912E+00 1.578914E+00 3.001978E-04
4.703585E+00 1.579054E+00 2.971878E-04
4.699266E+00 1.579194E+00 2.942210E-04
4.694955E+00 1.579333E+00 2.912963E-04
4.690652E+00 1.579471E+00 2.884130E-04
4.686356E+00 1.579609E+00 2.855701E-04
4.682067E+00 1.579747E+00 2.827668E-04
4.677787E+00 1.579884E+00 2.800023E-04
4.673515E+00 1.580020E+00 2.772758E-04
4.669251E+00 1.580156E+00 2.745866E-04
4.664995E+00 1.580292E+00 2.719337E-04
4.660747E+00 1.580427E+00 2.693166E-04
4.656506E+00 1.580562E+00 2.667345E-04
4.652273E+00 1.580696E+00 2.641868E-04
4.648048E+00 1.580829E+00 2.616726E-04
4.643830E+00 1.580962E+00 2.591915E-04
4.639620E+00 1.581095E+00 2.567427E-04
4.635417E+00 1.581227E+00 2.543256E-04
4.631223E+00 1.581359E+00 2.519396E-04
4.627033E+00 1.581491E+00 2.495842E-04
4.622854E+00 1.581621E+00 2.472587E-04
4.618682E+00 1.581752E+00 2.449626E-04
4.614517E+00 1.581882E+00 2.426954E-04
4.610360E+00 1.582011E+00 2.404565E-04
4.606210E+00 1.582140E+00 2.382454E-04
4.602068E+00 1.582269E+00 2.360617E-04
4.597934E+00 1.582397E+00 2.339048E-04
4.593806E+00 1.582525E+00 2.317743E-04
4.589687E+00 1.582652E+00 2.296698E-04
4.585574E+00 1.582779E+00 2.275908E-04
4.581469E+00 1.582906E+00 2.255368E-04
4.577371E+00 1.583032E+00 2.235076E-04
4.573279E+00 1.583157E+00 2.215026E-04
4.569196E+00 1.583282E+00 2.195216E-04
4.565120E+00 1.583407E+00 2.175641E-04
4.561051E+00 1.583531E+00 2.156298E-04
4.556990E+00 1.583655E+00 2.137183E-04
4.552936E+00 1.583779E+00 2.118294E-04
4.548889E+00 1.583902E+00 2.099627E-04
4.544849E+00 1.584024E+00 2.081179E-04
4.540817E+00 1.584147E+00 2.062947E-04
4.536791E+00 1.584269E+00 2.044928E-04
4.532773E+00 1.584390E+00 2.027120E-04
4.528762E+00 1.584511E+00 2.009519E-04
4.524756E+00 1.584632E+00 1.992125E-04
4.520759E+00 1.584752E+00 1.974934E-04
4.516769E+00 1.584872E+00 1.957943E-04
4.512786E+00 1.584991E+00 1.941152E-04
4.508810E+00 1.585110E+00 1.924557E-04
4.504841E+00 1.585229E+00 1.908157E-04
4.500879E+00 1.585347E+00 1.891950E-04
4.496925E+00 1.585465E+00 1.875934E-04
4.492977E+00 1.585582E+00 1.860108E-04
4.489036E+00 1.585699E+00 1.844470E-04
4.485101E+00 1.585816E+00 1.829018E-04
4.481174E+00 1.585933E+00 1.813752E-04
4.477254E+00 1.586048E+00 1.798669E-04
4.473338E+00 1.586164E+00 1.783769E-04
4.469432E+00 1.586279E+00 1.769050E-04
4.465532E+00 1.586394E+00 1.754512E-04
4.461639E+00 1.586509E+00 1.740153E-04
4.457752E+00 1.586623E+00 1.725973E-04
4.453873E+00 1.586736E+00 1.711970E-04
4.450000E+00 1.586850E+00 1.698144E-04
4.446134E+00 1.586963E+00 1.684494E-04
4.442275E+00 1.587075E+00 1.671020E-04
4.438422E+00 1.587188E+00 1.657720E-04
4.434576E+00 1.587300E+00 1.644594E-04
4.430737E+00 1.587411E+00 1.631643E-04
4.426904E+00 1.587522E+00 1.618864E-04
4.423076E+00 1.587633E+00 1.606258E-04
4.419257E+00 1.587744E+00 1.593825E-04
4.415444E+00 1.587854E+00 1.581564E-04
4.411638E+00 1.587964E+00 1.569474E-04
4.407838E+00 1.588073E+00 1.557556E-04
4.404045E+00 1.588182E+00 1.545809E-04
4.400258E+00 1.588291E+00 1.534234E-04
4.396478E+00 1.588400E+00 1.522828E-04
4.392704E+00 1.588508E+00 1.511594E-04
4.388937E+00 1.588615E+00 1.500530E-04
4.385176E+00 1.588723E+00 1.489636E-04
4.381422E+00 1.588830E+00 1.478911E-04
4.377672E+00 1.588937E+00 1.468357E-04
4.373931E+00 1.589043E+00 1.457972E-04
4.370196E+00 1.589149E+00 1.447757E-04
4.366467E+00 1.589255E+00 1.437711E-04
4.362745E+00 1.589360E+00 1.427834E-04
4.359029E+00 1.589465E+00 1.418126E-04
4.355319E+00 1.589570E+00 1.408586E-04
4.351616E+00 1.589675E+00 1.399214E-04
4.347919E+00 1.589779E+00 1.390010E-04
4.344228E+00 1.589882E+00 1.380974E-04
4.340543E+00 1.589986E+00 1.372105E-04
4.336865E+00 1.590089E+00 1.363402E-04
4.333193E+00 1.590192E+00 1.354866E-04
4.329525E+00 1.590294E+00 1.346495E-04
4.325866E+00 1.590397E+00 1.338289E-04
4.322212E+00 1.590499E+00 1.330248E-04
4.318565E+00 1.590600E+00 1.322371E-04
4.314924E+00 1.590701E+00 1.314657E-04
4.311289E+00 1.590802E+00 1.307105E-04
4.307660E+00 1.590903E+00 1.299714E-04
4.304037E+00 1.591003E+00 1.292483E-04
4.300420E+00 1.591103E+00 1.285412E-04
4.296810E+00 1.591203E+00 1.278499E-04
4.293205E+00 1.591302E+00 1.271743E-04
4.289607E+00 1.591401E+00 1.265143E-04
4.286014E+00 1.591500E+00 1.258697E-04
4.282426E+00 1.591599E+00 1.252404E-04
4.278846E+00 1.591697E+00 1.246262E-04
4.275271E+00 1.591795E+00 1.240270E-04
4.271702E+00 1.591892E+00 1.234426E-04
4.268140E+00 1.591990E+00 1.228728E-04
4.264583E+00 1.592087E+00 1.223175E-04
4.261033E+00 1.592183E+00 1.217763E-04
4.257488E+00 1.592280E+00 1.212492E-04
4.253949E+00 1.592376E+00 1.207359E-04
4.250416E+00 1.592472E+00 1.202362E-04
4.246889E+00 1.592567E+00 1.197498E-04
4.243367E+00 1.592662E+00 1.192765E-04
4.239850E+00 1.592757E+00 1.188160E-04
4.236340E+00 1.592852E+00 1.183681E-04
4.232836E+00 1.592946E+00 1.179324E-04
4.229338E+00 1.593040E+00 1.175087E-04
4.225846E+00 1.593134E+00 1.170968E-04
4.222360E+00 1.593228E+00 1.166962E-04
4.218879E+00 1.593321E+00 1.163066E-04
4.215404E+00 1.593414E+00 1.159278E-04
4.211934E+00 1.593506E+00 1.155594E-04
4.208471E+00 1.593599E+00 1.152011E-04
4.205013E+00 1.593691E+00 1.148525E-04
4.201561E+00 1.593783E+00 1.145132E-04
4.198114E+00 1.593874E+00 1.141830E-04
4.194671E+00 1.593965E+00 1.138613E-04
4.191236E+00 1.594056E+00 1.135479E-04
4.187806E+00 1.594147E+00 1.132423E-04
4.184382E+00 1.594237E+00 1.129441E-04
4.180964E+00 1.594327E+00 1.126530E-04
4.177551E+00 1.594417E+00 1.123686E-04
4.174144E+00 1.594507E+00 1.120903E-04
4.170742E+00 1.594596E+00 1.118179E-04
4.167346E+00 1.594685E+00 1.115508E-04
4.163955E+00 1.594774E+00 1.112887E-04
4.160570E+00 1.594862E+00 1.110312E-04
4.157190E+00 1.594951E+00 1.107777E-04
4.153814E+00 1.595039E+00 1.105280E-04
4.150445E+00 1.595126E+00 1.102814E-04
4.147082E+00 1.595214E+00 1.100377E-04
4.143724E+00 1.595301E+00 1.097963E-04
4.140372E+00 1.595388E+00 1.095568E-04
4.137025E+00 1.595474E+00 1.093189E-04
4.133683E+00 1.595561E+00 1.090820E-04
4.130347E+00 1.595647E+00 1.088457E-04
4.127016E+00 1.595733E+00 1.086096E-04
4.123691E+00 1.595818E+00 1.083733E-04
4.120371E+00 1.595904E+00 1.081363E-04
4.117056E+00 1.595989E+00 1.078983E-04
4.113747E+00 1.596074E+00 1.076587E-04
4.110441E+00 1.596158E+00 1.074173E-04
4.107142E+00 1.596243E+00 1.071736E-04
4.103849E+00 1.596327E+00 1.069272E-04
4.100561E+00 1.596410E+00 1.066777E-04
4.097278E+00 1.596494E+00 1.064247E-04
4.094000E+00 1.596577E+00 1.061679E-04
4.090727E+00 1.596660E+00 1.059069E-04
4.087460E+00 1.596743E+00 1.056413E-04
4.084198E+00 1.596826E+00 1.053708E-04
4.080941E+00 1.596908E+00 1.050951E-04
4.077690E+00 1.596990E+00 1.048138E-04
4.074443E+00 1.597072E+00 1.045267E-04
4.071202E+00 1.597154E+00 1.042334E-04
4.067964E+00 1.597235E+00 1.039337E-04
4.064733E+00 1.597317E+00 1.036272E-04
4.061507E+00 1.597398E+00 1.033137E-04
4.058287E+00 1.597478E+00 1.029930E-04
4.055071E+00 1.597559E+00 1.026648E-04
4.051861E+00 1.597639E+00 1.023289E-04
4.048655E+00 1.597719E+00 1.019851E-04
4.045455E+00 1.597799E+00 1.016333E-04
4.042259E+00 1.597878E+00 1.012731E-04
4.039069E+00 1.597958E+00 1.009046E-04
4.035884E+00 1.598037E+00 1.005275E-04
4.032704E+00 1.598116E+00 1.001417E-04
4.029527E+00 1.598194E+00 9.974703E-05
4.026357E+00 1.598273E+00 9.934349E-05
4.023191E+00 1.598351E+00 9.893096E-05
4.020031E+00 1.598429E+00 9.850937E-05
4.016876E+00 1.598507E+00 9.807868E-05
4.013725E+00 1.598584E+00 9.763883E-05
4.010580E+00 1.598662E+00 9.718982E-05
4.007439E+00 1.598739E+00 9.673165E-05
4.004304E+00 1.598816E+00 9.626431E-05
4.001173E+00 1.598893E+00 9.578785E-05
3.998047E+00 1.598969E+00 9.530230E-05
3.994926E+00 1.599045E+00 9.480772E-05
3.991810E+00 1.599122E+00 9.430418E-05
3.988698E+00 1.599197E+00 9.379177E-05
3.985591E+00 1.599273E+00 9.327059E-05
3.982490E+00 1.599349E+00 9.274075E-05
3.979393E+00 1.599424E+00 9.220238E-05
3.976301E+00 1.599499E+00 9.165562E-05
3.973214E+00 1.599574E+00 9.110063E-05
3.970132E+00 1.599649E+00 9.053756E-05
3.967054E+00 1.599723E+00 8.996661E-05
3.963982E+00 1.599797E+00 8.938795E-05
3.960914E+00 1.599871E+00 8.880179E-05
3.957850E+00 1.599945E+00 8.820833E-05
3.954792E+00 1.600019E+00 8.760781E-05
3.951738E+00 1.600093E+00 8.700045E-05
3.948688E+00 1.600166E+00 8.638648E-05
3.945643E+00 1.600239E+00 8.576616E-05
3.942604E+00 1.600312E+00 8.513975E-05
3.939569E+00 1.600385E+00 8.450750E-05
3.936538E+00 1.600457E+00 8.386968E-05
3.933513E+00 1.600530E+00 8.322657E-05
3.930492E+00 1.600602E+00 8.257846E-05
3.927475E+00 1.600674E+00 8.192563E-05
3.924463E+00 1.600746E+00 8.126837E-05
3.921456E+00 1.600817E+00 8.060697E-05
3.918454E+00 1.600889E+00 7.994174E-05
3.915456E+00 1.600960E+00 7.927298E-05
3.912461E+00 1.601031E+00 7.860098E-05
3.909472E+00 1.601102E+00 7.792605E-05
3.906488E+00 1.601173E+00 7.724851E-05
3.903508E+00 1.601244E+00 7.656866E-05
3.900533E+00 1.601314E+00 7.588679E-05
3.897563E+00 1.601384E+00 7.520323E-05
3.894597E+00 1.601454E+00 7.451827E-05
3.891635E+00 1.601524E+00 7.383222E-05
3.888678E+00 1.601594E+00 7.314538E-05
3.885725E+00 1.601663E+00 7.245804E-05
3.882777E+00 1.601733E+00 7.177052E-05
3.879834E+00 1.601802E+00 7.108308E-05
3.876895E+00 1.601871E+00 7.039604E-05
3.873958E+00 1.601940E+00 6.970966E-05
3.871028E+00 1.602008E+00 6.902423E-05
3.868102E+00 1.602077E+00 6.834002E-05
3.865181E+00 1.602145E+00 6.765730E-05
3.862264E+00 1.602213E+00 6.697634E-05
3.859351E+00 1.602281E+00 6.629739E-05
3.856443E+00 1.602349E+00 6.562070E-05
3.853539E+00 1.602417E+00 6.494652E-05
3.850640E+00 1.602484E+00 6.427509E-05
3.847745E+00 1.602551E+00 6.360662E-05
3.844854E+00 1.602619E+00 6.294135E-05
3.841968E+00 1.602685E+00 6.227949E-05
3.839085E+00 1.602752E+00 6.162124E-05
3.836206E+00 1.602819E+00 6.096681E-05
3.833333E+00 1.602885E+00 6.031639E-05
3.830464E+00 1.602952E+00 5.967015E-05
3.827599E+00 1.603018E+00 5.902828E-05
3.824738E+00 1.603084E+00 5.839094E-05
3.821882E+00 1.603150E+00 5.775828E-05
3.819030E+00 1.603215E+00 5.713046E-05
3.816182E+00 1.603281E+00 5.650762E-05
3.813339E+00 1.603346E+00 5.588988E-05
3.810499E+00 1.603411E+00 5.527738E-05
3.807664E+00 1.603477E+00 5.467023E-05
3.804833E+00 1.603541E+00 5.406853E-05
3.802005E+00 1.603606E+00 5.347238E-05
3.799183E+00 1.603671E+00 5.288188E-05
3.796365E+00 1.603735E+00 5.229710E-05
3.793550E+00 1.603799E+00 5.171812E-05
3.790741E+00 1.603863E+00 5.114502E-05
3.787935E+00 1.603927E+00 5.057783E-05
3.785133E+00 1.603991E+00 5.001663E-05
3.782336E+00 1.604055E+00 4.946144E-05
3.779542E+00 1.604118E+00 4.891231E-05
3.776753E+00 1.604181E+00 4.836927E-05
3.773968E+00 1.604245E+00 4.783234E-05
3.771187E+00 1.604308E+00 4.730153E-05
3.768410E+00 1.604370E+00 4.677685E-05
3.765636E+00 1.604433E+00 4.625832E-05
3.762867E+00 1.604496E+00 4.574591E-05
3.760102E+00 1.604558E+00 4.523964E-05
3.757342E+00 1.604620E+00 4.473947E-05
3.754585E+00 1.604682E+00 4.424540E-05
3.751833E+00 1.604744E+00 4.375739E-05
3.749084E+00 1.604806E+00 4.327541E-05
3.746340E+00 1.604868E+00 4.279944E-05
3.743599E+00 1.604929E+00 4.232943E-05
3.740863E+00 1.604990E+00 4.186534E-05
3.738131E+00 1.605051E+00 4.140713E-05
3.735402E+00 1.605112E+00 4.095473E-05
3.732676E+00 1.605173E+00 4.050810E-05
3.729956E+00 1.605234E+00 4.006717E-05
3.727239E+00 1.605295E+00 3.963190E-05
3.724527E+00 1.605355E+00 3.920221E-05
3.721818E+00 1.605415E+00 3.877803E-05
3.719113E+00 1.605475E+00 3.835931E-05
3.716412E+00 1.605535E+00 3.794596E-05
3.713716E+00 1.605595E+00 3.753792E-05
3.711023E+00 1.605655E+00 3.713511E-05
3.708334E+00 1.605714E+00 3.673745E-05
3.705648E+00 1.605774E+00 3.634488E-05
3.702967E+00 1.605833E+00 3.595730E-05
3.700290E+00 1.605892E+00 3.557463E-05
3.697615E+00 1.605951E+00 3.519681E-05
3.694945E+00 1.606010E+00 3.482375E-05
3.692280E+00 1.606069E+00 3.445536E-05
3.689618E+00 1.606127E+00 3.409156E-05
3.686959E+00 1.606185E+00 3.373228E-05
3.684305E+00 1.606244E+00 3.337743E-05
3.681655E+00 1.606302E+00 3.302693E-05
3.679008E+00 1.606360E+00 3.268069E-05
3.676365E+00 1.606418E+00 3.233864E-05
3.673726E+00 1.606475E+00 3.200070E-05
3.671091E+00 1.606533E+00 3.166678E-05
3.668459E+00 1.606590E+00 3.133680E-05
3.665832E+00 1.606647E+00 3.101070E-05
3.663206E+00 1.606704E+00 3.068838E-05
3.660586E+00 1.606761E+00 3.036977E-05
3.657970E+00 1.606818E+00 3.005481E-05
3.655357E+00 1.606875E+00 2.974340E-05
3.652748E+00 1.606932E+00 2.943549E-05
3.650143E+00 1.606988E+00 2.913100E-05
3.647541E+00 1.607044E+00 2.882985E-05
3.644943E+00 1.607100E+00 2.853198E-05
3.642349E+00 1.607156E+00 2.823732E-05
3.639759E+00 1.607212E+00 2.794581E-05
3.637172E+00 1.607268E+00 2.765737E-05
3.634589E+00 1.607324E+00 2.737195E-05
3.632008E+00 1.607379E+00 2.708949E-05
3.629432E+00 1.607435E+00 2.680992E-05
3.626860E+00 1.607490E+00 2.653318E-05
3.624291E+00 1.607545E+00 2.625923E-05
3.621727E+00 1.607600E+00 2.598800E-05
3.619165E+00 1.607655E+00 2.571944E-05
3.616608E+00 1.607709E+00 2.545350E-05
3.614054E+00 1.607764E+00 2.519012E-05
3.611503E+00 1.607818E+00 2.492926E-05
3.608957E+00 1.607873E+00 2.467087E-05
3.606413E+00 1.607927E+00 2.441491E-05
3.603874E+00 1.607981E+00 2.416133E-05
3.601338E+00 1.608035E+00 2.391009E-05
3.598804E+00 1.608088E+00 2.366114E-05
3.596275E+00 1.608142E+00 2.341445E-05
3.593750E+00 1.608196E+00 2.316998E-05
3.591228E+00 1.608249E+00 2.292769E-05
3.588709E+00 1.608302E+00 2.268754E-05
3.586195E+00 1.608355E+00 2.244951E-05
3.583683E+00 1.608409E+00 2.221356E-05
3.581176E+00 1.608461E+00 2.197966E-05
3.578672E+00 1.608514E+00 2.174777E-05
3.576171E+00 1.608567E+00 2.151787E-05
3.573674E+00 1.608619E+00 2.128994E-05
3.571180E+00 1.608672E+00 2.106394E-05
3.568690E+00 1.608724E+00 2.083984E-05
3.566202E+00 1.608776E+00 2.061764E-05
3.563718E+00 1.608828E+00 2.039729E-05
3.561238E+00 1.608880E+00 2.017879E-05
3.558762E+00 1.608932E+00 1.996210E-05
3.556289E+00 1.608984E+00 1.974722E-05
3.553819E+00 1.609035E+00 1.953411E-05
3.551353E+00 1.609087E+00 1.932276E-05
3.548891E+00 1.609138E+00 1.911316E-05
3.546431E+00 1.609189E+00 1.890528E-05
3.543975E+00 1.609240E+00 1.869911E-05
3.541523E+00 1.609291E+00 1.849464E-05
3.539074E+00 1.609342E+00 1.829185E-05
3.536627E+00 1.609393E+00 1.809073E-05
3.534185E+00 1.609443E+00 1.789126E-05
3.531746E+00 1.609494E+00 1.769343E-05
3.529310E+00 1.609544E+00 1.749723E-05
3.526878E+00 1.609594E+00 1.730265E-05
3.524449E+00 1.609645E+00 1.710967E-05
3.522023E+00 1.609695E+00 1.691829E-05
3.519601E+00 1.609745E+00 1.672850E-05
3.517182E+00 1.609794E+00 1.654029E-05
3.514767E+00 1.609844E+00 1.635364E-05
3.512355E+00 1.609894E+00 1.616856E-05
3.509946E+00 1.609943E+00 1.598502E-05
3.507540E+00 1.609992E+00 1.580303E-05
3.505136E+00 1.610042E+00 1.562257E-05
3.502737E+00 1.610091E+00 1.544364E-05
3.500342E+00 1.610140E+00 1.526623E-05
3.497949E+00 1.610189E+00 1.509033E-05
3.495560E+00 1.610237E+00 1.491594E-05
3.493174E+00 1.610286E+00 1.474305E-05
3.490791E+00 1.610335E+00 1.457166E-05
3.488412E+00 1.610383E+00 1.440175E-05
3.486036E+00 1.610431E+00 1.423332E-05
3.483663E+00 1.610480E+00 1.406637E-05
3.481293E+00 1.610528E+00 1.390089E-05
3.478926E+00 1.610576E+00 1.373688E-05
3.476563E+00 1.610624E+00 1.357432E-05
3.474202E+00 1.610671E+00 1.341322E-05
3.471845E+00 1.610719E+00 1.325356E-05
3.469491E+00 1.610767E+00 1.309535E-05
3.467141E+00 1.610814E+00 1.293857E-05
3.464793E+00 1.610861E+00 1.278323E-05
3.462449E+00 1.610909E+00 1.262931E-05
3.460108E+00 1.610956E+00 1.247681E-05
3.457770E+00 1.611003E+00 1.232573E-05
3.455436E+00 1.611050E+00 1.217606E-05
3.453104E+00 1.611097E+00 1.202780E-05
3.450776E+00 1.611143E+00 1.188094E-05
3.448451E+00 1.611190E+00 1.173547E-05
3.446127E+00 1.611236E+00 1.159139E-05
3.443808E+00 1.611283E+00 1.144869E-05
3.441493E+00 1.611329E+00 1.130738E-05
3.439180E+00 1.611375E+00 1.116743E-05
3.436870E+00 1.611422E+00 1.102886E-05
3.434564E+00 1.611467E+00 1.089164E-05
3.432260E+00 1.611513E+00 1.075578E-05
3.429960E+00 1.611559E+00 1.062127E-05
3.427663E+00 1.611605E+00 1.048811E-05
3.425368E+00 1.611650E+00 1.035629E-05
3.423077E+00 1.611696E+00 1.022580E-05
3.420789E+00 1.611741E+00 1.009663E-05
3.418504E+00 1.611787E+00 9.968788E-06
3.416221E+00 1.611832E+00 9.842259E-06
3.413942E+00 1.611877E+00 9.717038E-06
3.411666E+00 1.611922E+00 9.593119E-06
3.409393E+00 1.611967E+00 9.470496E-06
3.407124E+00 1.612012E+00 9.349162E-06
3.404857E+00 1.612056E+00 9.229110E-06
3.402593E+00 1.612101E+00 9.110335E-06
3.400332E+00 1.612145E+00 8.992829E-06
3.398075E+00 1.612190E+00 8.876585E-06
3.395820E+00 1.612234E+00 8.761597E-06
3.393568E+00 1.612278E+00 8.647858E-06
3.391319E+00 1.612322E+00 8.535360E-06
3.389072E+00 1.612366E+00 8.424097E-06
3.386829E+00 1.612410E+00 8.314061E-06
3.384590E+00 1.612454E+00 8.205245E-06
3.382353E+00 1.612498E+00 8.097642E-06
3.380119E+00 1.612541E+00 7.991244E-06
3.377888E+00 1.612585E+00 7.886045E-06
3.375660E+00 1.612628E+00 7.782036E-06
3.373434E+00 1.612672E+00 7.679210E-06
3.371212E+00 1.612715E+00 7.577559E-06
3.368993E+00 1.612758E+00 7.477076E-06
3.366777E+00 1.612801E+00 7.377752E-06
3.364563E+00 1.612844E+00 7.279580E-06
3.362353E+00 1.612887E+00 7.182552E-06
3.360144E+00 1.612930E+00 7.086661E-06
3.357939E+00 1.612972E+00 6.991897E-06
3.355737E+00 1.613015E+00 6.898254E-06
3.353538E+00 1.613057E+00 6.805722E-06
3.351342E+00 1.613100E+00 6.714294E-06
3.349149E+00 1.613142E+00 6.623962E-06
3.346959E+00 1.613184E+00 6.534718E-06
3.344771E+00 1.613226E+00 6.446552E-06
3.342587E+00 1.613268E+00 6.359457E-06
3.340405E+00 1.613310E+00 6.273425E-06
3.338226E+00 1.613352E+00 6.188446E-06
3.336050E+00 1.613394E+00 6.104514E-06
3.333877E+00 1.613436E+00 6.021618E-06
3.331705E+00 1.613477E+00 5.939752E-06
3.329538E+00 1.613519E+00 5.858905E-06
3.327373E+00 1.613560E+00 5.779070E-06
3.325211E+00 1.613601E+00 5.700239E-06
3.323052E+00 1.613643E+00 5.622402E-06
3.320895E+00 1.613684E+00 5.545551E-06
3.318742E+00 1.613725E+00 5.469678E-06
3.316591E+00 1.613766E+00 5.394773E-06
3.314443E+00 1.613807E+00 5.320829E-06
3.312298E+00 1.613847E+00 5.247836E-06
3.310156E+00 1.613888E+00 5.175786E-06
3.308016E+00 1.613929E+00 5.104671E-06
3.305878E+00 1.613969E+00 5.034481E-06
3.303744E+00 1.614010E+00 4.965208E-06
3.301613E+00 1.614050E+00 4.896843E-06
3.299484E+00 1.614090E+00 4.829379E-06
3.297358E+00 1.614131E+00 4.762805E-06
3.295235E+00 1.614171E+00 4.697114E-06
3.293115E+00 1.614211E+00 4.632296E-06
3.290997E+00 1.614251E+00 4.568344E-06
3.288882E+00 1.614290E+00 4.505248E-06
3.286770E+00 1.614330E+00 4.443000E-06
3.284660E+00 1.614370E+00 4.381592E-06
3.282553E+00 1.614409E+00 4.321014E-06
3.280449E+00 1.614449E+00 4.261259E-06
3.278347E+00 1.614488E+00 4.202317E-06
3.276248E+00 1.614528E+00 4.144180E-06
3.274152E+00 1.614567E+00 4.086841E-06
3.272059E+00 1.614606E+00 4.030289E-06
3.269968E+00 1.614645E+00 3.974517E-06
3.267880E+00 1.614684E+00 3.919517E-06
3.265795E+00 1.614723E+00 3.865279E-06
3.263712E+00 1.614762E+00 3.811797E-06
3.261632E+00 1.614801E+00 3.759060E-06
3.259554E+00 1.614839E+00 3.707062E-06
3.257480E+00 1.614878E+00 3.655793E-06
3.255408E+00 1.614916E+00 3.605246E-06
3.253338E+00 1.614955E+00 3.555412E-06
3.251270E+00 1.614993E+00 3.506283E-06
3.249206E+00 1.615032E+00 3.457851E-06
3.247144E+00 1.615070E+00 3.410108E-06
3.245085E+00 1.615108E+00 3.363046E-06
3.243029E+00 1.615146E+00 3.316657E-06
3.240975E+00 1.615184E+00 3.270933E-06
3.238924E+00 1.615222E+00 3.225866E-06
3.236876E+00 1.615259E+00 3.181448E-06
3.234830E+00 1.615297E+00 3.137671E-06
3.232786E+00 1.615335E+00 3.094528E-06
3.230745E+00 1.615372E+00 3.052010E-06
3.228707E+00 1.615410E+00 3.010111E-06
3.226670E+00 1.615447E+00 2.968822E-06
3.224637E+00 1.615485E+00 2.928136E-06
3.222607E+00 1.615522E+00 2.888045E-06
3.220579E+00 1.615559E+00 2.848542E-06
3.218553E+00 1.615596E+00 2.809619E-06
3.216530E+00 1.615633E+00 2.771269E-06
3.214510E+00 1.615670E+00 2.733485E-06
3.212492E+00 1.615707E+00 2.696259E-06
3.210477E+00 1.615744E+00 2.659585E-06
3.208464E+00 1.615780E+00 2.623454E-06
3.206454E+00 1.615817E+00 2.587860E-06
3.204446E+00 1.615854E+00 2.552796E-06
3.202441E+00 1.615890E+00 2.518254E-06
3.200437E+00 1.615927E+00 2.484228E-06
3.198437E+00 1.615963E+00 2.450711E-06
3.196439E+00 1.615999E+00 2.417696E-06
3.194444E+00 1.616035E+00 2.385177E-06
3.192452E+00 1.616071E+00 2.353145E-06
3.190461E+00 1.616107E+00 2.321596E-06
3.188474E+00 1.616143E+00 2.290522E-06
3.186488E+00 1.616179E+00 2.259916E-06
3.184505E+00 1.616215E+00 2.229773E-06
3.182525E+00 1.616251E+00 2.200085E-06
3.180547E+00 1.616287E+00 2.170847E-06
3.178572E+00 1.616322E+00 2.142051E-06
3.176599E+00 1.616358E+00 2.113693E-06
3.174627E+00 1.616393E+00 2.085764E-06
3.172659E+00 1.616429E+00 2.058261E-06
3.170694E+00 1.616464E+00 2.031176E-06
3.168730E+00 1.616499E+00 2.004503E-06
3.166770E+00 1.616534E+00 1.978236E-06
3.164811E+00 1.616569E+00 1.952370E-06
3.162855E+00 1.616604E+00 1.926898E-06
3.160902E+00 1.616639E+00 1.901816E-06
3.158951E+00 1.616674E+00 1.877116E-06
3.157002E+00 1.616709E+00 1.852794E-06
3.155056E+00 1.616744E+00 1.828844E-06
3.153112E+00 1.616778E+00 1.805260E-06
3.151169E+00 1.616813E+00 1.782037E-06
3.149230E+00 1.616848E+00 1.759170E-06
3.147294E+00 1.616882E+00 1.736652E-06
3.145359E+00 1.616916E+00 1.714480E-06
3.143427E+00 1.616951E+00 1.692647E-06
3.141498E+00 1.616985E+00 1.671148E-06
3.139571E+00 1.617019E+00 1.649979E-06
3.137646E+00 1.617053E+00 1.629134E-06
3.135723E+00 1.617087E+00 1.608608E-06
3.133803E+00 1.617121E+00 1.588397E-06
3.131885E+00 1.617155E+00 1.568495E-06
3.129970E+00 1.617189E+00 1.548898E-06
3.128057E+00 1.617223E+00 1.529600E-06
3.126145E+00 1.617257E+00 1.510598E-06
3.124237E+00 1.617290E+00 1.491886E-06
3.122330E+00 1.617324E+00 1.473460E-06
3.120427E+00 1.617357E+00 1.455315E-06
3.118525E+00 1.617391E+00 1.437448E-06
3.116626E+00 1.617424E+00 1.419853E-06
3.114729E+00 1.617457E+00 1.402526E-06
3.112835E+00 1.617491E+00 1.385463E-06
3.110942E+00 1.617524E+00 1.368659E-06
3.109053E+00 1.617557E+00 1.352111E-06
3.107165E+00 1.617590E+00 1.335814E-06
3.105280E+00 1.617623E+00 1.319765E-06
3.103396E+00 1.617656E+00 1.303958E-06
3.101515E+00 1.617689E+00 1.288391E-06
3.099636E+00 1.617722E+00 1.273059E-06
3.097760E+00 1.617754E+00 1.257959E-06
3.095886E+00 1.617787E+00 1.243086E-06
3.094014E+00 1.617819E+00 1.228437E-06
3.092145E+00 1.617852E+00 1.214009E-06
3.090278E+00 1.617884E+00 1.199797E-06
3.088413E+00 1.617917E+00 1.185797E-06
3.086550E+00 1.617949E+00 1.172008E-06
3.084690E+00 1.617981E+00 1.158424E-06
3.082832E+00 1.618014E+00 1.145042E-06
3.080976E+00 1.618046E+00 1.131860E-06
3.079121E+00 1.618078E+00 1.118873E-06
3.077270E+00 1.618110E+00 1.106079E-06
3.075420E+00 1.618142E+00 1.093474E-06
3.073573E+00 1.618174E+00 1.081054E-06
3.071729E+00 1.618206E+00 1.068818E-06
3.069886E+00 1.618237E+00 1.056761E-06
3.068046E+00 1.618269E+00 1.044881E-06
3.066207E+00 1.618301E+00 1.033175E-06
3.064371E+00 1.618332E+00 1.021639E-06
3.062538E+00 1.618364E+00 1.010271E-06
3.060706E+00 1.618395E+00 9.990683E-07
3.058877E+00 1.618427E+00 9.880273E-07
3.057049E+00 1.618458E+00 9.771456E-07
3.055223E+00 1.618489E+00 9.664204E-07
3.053401E+00 1.618520E+00 9.558490E-07
3.051580E+00 1.618552E+00 9.454288E-07
3.049761E+00 1.618583E+00 9.351572E-07
3.047945E+00 1.618614E+00 9.250316E-07
3.046131E+00 1.618645E+00 9.150494E-07
3.044319E+00 1.618676E+00 9.052082E-07
3.042509E+00 1.618706E+00 8.955056E-07
3.040701E+00 1.618737E+00 8.859391E-07
3.038896E+00 1.618768E+00 8.765064E-07
3.037092E+00 1.618799E+00 8.672051E-07
3.035291E+00 1.618829E+00 8.580329E-07
3.033491E+00 1.618860E+00 8.489876E-07
3.031694E+00 1.618890E+00 8.400671E-07
3.029899E+00 1.618921E+00 8.312690E-07
3.028106E+00 1.618951E+00 8.225913E-07
3.026316E+00 1.618981E+00 8.140319E-07
3.024527E+00 1.619012E+00 8.055886E-07
3.022741E+00 1.619042E+00 7.972596E-07
3.020956E+00 1.619072E+00 7.890427E-07
3.019174E+00 1.619102E+00 7.809360E-07
3.017394E+00 1.619132E+00 7.729377E-07
3.015616E+00 1.619162E+00 7.650457E-07
3.013840E+00 1.619192E+00 7.572582E-07
3.012066E+00 1.619222E+00 7.495735E-07
3.010294E+00 1.619252E+00 7.419897E-07
3.008524E+00 1.619282E+00 7.345050E-07
3.006756E+00 1.619311E+00 7.271178E-07
3.004991E+00 1.619341E+00 7.198262E-07
3.003228E+00 1.619370E+00 7.126288E-07
3.001466E+00 1.619400E+00 7.055237E-07
2.999707E+00 1.619429E+00 6.985094E-07
2.997950E+00 1.619459E+00 6.915844E-07
2.996195E+00 1.619488E+00 6.847470E-07
2.994441E+00 1.619517E+00 6.779958E-07
2.992690E+00 1.619547E+00 6.713292E-07
2.990941E+00 1.619576E+00 6.647459E-07
2.989194E+00 1.619605E+00 6.582442E-07
2.987449E+00 1.619634E+00 6.518229E-07
2.985706E+00 1.619663E+00 6.454805E-07
2.983965E+00 1.619692E+00 6.392158E-07
2.982226E+00 1.619721E+00 6.330272E-07
2.980489E+00 1.619750E+00 6.269136E-07
2.978754E+00 1.619779E+00 6.208737E-07
2.977022E+00 1.619807E+00 6.149061E-07
2.975291E+00 1.619836E+00 6.090097E-07
2.973562E+00 1.619865E+00 6.031833E-07
2.971835E+00 1.619893E+00 5.974256E-07
2.970111E+00 1.619922E+00 5.917354E-07
2.968388E+00 1.619950E+00 5.861118E-07
2.966666E+00 1.619979E+00 5.805534E-07
2.964948E+00 1.620007E+00 5.750592E-07
2.963231E+00 1.620035E+00 5.696282E-07
2.961516E+00 1.620064E+00 5.642593E-07
2.959803E+00 1.620092E+00 5.589514E-07
2.958092E+00 1.620120E+00 5.537035E-07
2.956384E+00 1.620148E+00 5.485146E-07
2.954677E+00 1.620176E+00 5.433838E-07
2.952972E+00 1.620204E+00 5.383101E-07
2.951269E+00 1.620232E+00 5.332925E-07
2.949568E+00 1.620260E+00 5.283302E-07
2.947869E+00 1.620288E+00 5.234221E-07
2.946172E+00 1.620316E+00 5.185676E-07
2.944476E+00 1.620343E+00 5.137655E-07
2.942783E+00 1.620371E+00 5.090153E-07
2.941092E+00 1.620399E+00 5.043159E-07
2.939402E+00 1.620426E+00 4.996666E-07
2.937715E+00 1.620454E+00 4.950665E-07
2.936030E+00 1.620481E+00 4.905150E-07
2.934346E+00 1.620509E+00 4.860112E-07
2.932665E+00 1.620536E+00 4.815544E-07
2.930985E+00 1.620563E+00 4.771438E-07
2.929308E+00 1.620591E+00 4.727787E-07
2.927632E+00 1.620618E+00 4.684585E-07
2.925958E+00 1.620645E+00 4.641823E-07
2.924286E+00 1.620672E+00 4.599496E-07
2.922615E+00 1.620699E+00 4.557597E-07
2.920947E+00 1.620726E+00 4.516119E-07
2.919281E+00 1.620753E+00 4.475056E-07
2.917617E+00 1.620780E+00 4.434402E-07
2.915954E+00 1.620807E+00 4.394150E-07
2.914294E+00 1.620834E+00 4.354295E-07
2.912635E+00 1.620861E+00 4.314831E-07
2.910978E+00 1.620888E+00 4.275751E-07
2.909324E+00 1.620914E+00 4.237051E-07
2.907671E+00 1.620941E+00 4.198725E-07
2.906020E+00 1.620967E+00 4.160767E-07
2.904370E+00 1.620994E+00 4.123172E-07
2.902722E+00 1.621020E+00 4.085935E-07
2.901077E+00 1.621047E+00 4.049052E-07
2.899433E+00 1.621073E+00 4.012516E-07
2.897791E+00 1.621100E+00 3.976323E-07
2.896152E+00 1.621126E+00 3.940468E-07
2.894514E+00 1.621152E+00 3.904948E-07
2.892877E+00 1.621178E+00 3.869756E-07
2.891243E+00 1.621205E+00 3.834889E-07
2.889611E+00 1.621231E+00 3.800342E-07
2.887980E+00 1.621257E+00 3.766111E-07
2.886351E+00 1.621283E+00 3.732192E-07
2.884724E+00 1.621309E+00 3.698581E-07
2.883099E+00 1.621335E+00 3.665273E-07
2.881475E+00 1.621360E+00 3.632266E-07
2.879853E+00 1.621386E+00 3.599553E-07
2.878234E+00 1.621412E+00 3.567133E-07
2.876616E+00 1.621438E+00 3.535002E-07
2.875000E+00 1.621464E+00 3.503155E-07
2.873386E+00 1.621489E+00 3.471589E-07
2.871773E+00 1.621515E+00 3.440301E-07
2.870163E+00 1.621540E+00 3.409287E-07
2.868554E+00 1.621566E+00 3.378544E-07
2.866947E+00 1.621591E+00 3.348069E-07
2.865342E+00 1.621617E+00 3.317858E-07
2.863738E+00 1.621642E+00 3.287909E-07
2.862136E+00 1.621667E+00 3.258218E-07
2.860536E+00 1.621693E+00 3.228782E-07
2.858938E+00 1.621718E+00 3.199598E-07
2.857342E+00 1.621743E+00 3.170664E-07
2.855748E+00 1.621768E+00 3.141977E-07
2.854155E+00 1.621793E+00 3.113533E-07
2.852564E+00 1.621818E+00 3.085330E-07
2.850975E+00 1.621843E+00 3.057365E-07
2.849388E+00 1.621868E+00 3.029637E-07
2.847802E+00 1.621893E+00 3.002141E-07
2.846218E+00 1.621918E+00 2.974876E-07
2.844636E+00 1.621943E+00 2.947839E-07
2.843056E+00 1.621968E+00 2.921028E-07
2.841477E+00 1.621992E+00 2.894441E-07
2.839900E+00 1.622017E+00 2.868074E-07
2.838325E+00 1.622042E+00 2.841927E-07
2.836751E+00 1.622066E+00 2.815996E-07
2.835180E+00 1.622091E+00 2.790279E-07
2.833610E+00 1.622115E+00 2.764774E-07
2.832042E+00 1.622140E+00 2.739480E-07
2.830476E+00 1.622164E+00 2.714393E-07
2.828911E+00 1.622189E+00 2.689512E-07
2.827348E+00 1.622213E+00 2.664836E-07
2.825787E+00 1.622237E+00 2.640361E-07
2.824228E+00 1.622261E+00 2.616087E-07
2.822670E+00 1.622286E+00 2.592010E-07
2.821113E+00 1.622310E+00 2.568130E-07
2.819559E+00 1.622334E+00 2.544444E-07
2.818006E+00 1.622358E+00 2.520951E-07
2.816456E+00 1.622382E+00 2.497649E-07
2.814906E+00 1.622406E+00 2.474537E-07
2.813359E+00 1.622430E+00 2.451611E-07
2.811813E+00 1.622454E+00 2.428872E-07
2.810269E+00 1.622478E+00 2.406316E-07
2.808727E+00 1.622502E+00 2.383944E-07
2.807186E+00 1.622525E+00 2.361752E-07
2.805647E+00 1.622549E+00 2.339739E-07
2.804110E+00 1.622573E+00 2.317905E-07
2.802574E+00 1.622597E+00 2.296246E-07
2.801040E+00 1.622620E+00 2.274763E-07
2.799507E+00 1.622644E+00 2.253453E-07
2.797977E+00 1.622667E+00 2.232315E-07
2.796448E+00 1.622691E+00 2.211347E-07
2.794921E+00 1.622714E+00 2.190549E-07
2.793395E+00 1.622738E+00 2.169918E-07
2.791871E+00 1.622761E+00 2.149454E-07
2.790349E+00 1.622784E+00 2.129155E-07
2.788829E+00 1.622808E+00 2.109019E-07
2.787310E+00 1.622831E+00 2.089046E-07
2.785792E+00 1.622854E+00 2.069235E-07
2.784277E+00 1.622877E+00 2.049583E-07
2.782762E+00 1.622900E+00 2.030089E-07
2.781250E+00 1.622923E+00 2.010754E-07
2.779739E+00 1.622947E+00 1.991574E-07
2.778230E+00 1.622970E+00 1.972549E-07
2.776723E+00 1.622993E+00 1.953679E-07
2.775217E+00 1.623015E+00 1.934961E-07
2.773713E+00 1.623038E+00 1.916394E-07
2.772210E+00 1.623061E+00 1.897978E-07
2.770709E+00 1.623084E+00 1.879712E-07
2.769210E+00 1.623107E+00 1.861593E-07
2.767713E+00 1.623129E+00 1.843622E-07
2.766217E+00 1.623152E+00 1.825796E-07
2.764722E+00 1.623175E+00 1.808116E-07
2.763229E+00 1.623197E+00 1.790580E-07
2.761737E+00 1.623220E+00 1.773186E-07
2.760248E+00 1.623243E+00 1.755934E-07
2.758760E+00 1.623265E+00 1.738824E-07
2.757274E+00 1.623288E+00 1.721853E-07
2.755789E+00 1.623310E+00 1.705020E-07
2.754306E+00 1.623332E+00 1.688326E-07
2.752824E+00 1.623355E+00 1.671769E-07
2.751344E+00 1.623377E+00 1.655347E-07
2.749866E+00 1.623399E+00 1.639061E-07
2.748389E+00 1.623421E+00 1.622909E-07
2.746914E+00 1.623444E+00 1.606889E-07
2.745440E+00 1.623466E+00 1.591002E-07
2.743968E+00 1.623488E+00 1.575247E-07
2.742497E+00 1.623510E+00 1.559621E-07
2.741028E+00 1.623532E+00 1.544125E-07
2.739561E+00 1.623554E+00 1.528758E-07
2.738095E+00 1.623576E+00 1.513518E-07
2.736631E+00 1.623598E+00 1.498405E-07
2.735168E+00 1.623620E+00 1.483419E-07
2.733707E+00 1.623642E+00 1.468557E-07
2.732248E+00 1.623663E+00 1.453819E-07
2.730790E+00 1.623685E+00 1.439205E-07
2.729334E+00 1.623707E+00 1.424714E-07
2.727879E+00 1.623729E+00 1.410344E-07
2.726425E+00 1.623750E+00 1.396095E-07
2.724973E+00 1.623772E+00 1.381967E-07
2.723523E+00 1.623794E+00 1.367957E-07
2.722074E+00 1.623815E+00 1.354066E-07
2.720627E+00 1.623837E+00 1.340293E-07
2.719182E+00 1.623858E+00 1.326637E-07
2.717738E+00 1.623880E+00 1.313096E-07
2.716295E+00 1.623901E+00 1.299672E-07
2.714854E+00 1.623922E+00 1.286361E-07
2.713415E+00 1.623944E+00 1.273165E-07
2.711977E+00 1.623965E+00 1.260081E-07
2.710541E+00 1.623986E+00 1.247110E-07
2.709106E+00 1.624007E+00 1.234250E-07
2.707672E+00 1.624029E+00 1.221501E-07
2.706240E+00 1.624050E+00 1.208862E-07
2.704810E+00 1.624071E+00 1.196332E-07
2.703381E+00 1.624092E+00 1.183911E-07
2.701953E+00 1.624113E+00 1.171598E-07
2.700528E+00 1.624134E+00 1.159391E-07
2.699103E+00 1.624155E+00 1.147291E-07
2.697681E+00 1.624176E+00 1.135297E-07
2.696259E+00 1.624197E+00 1.123407E-07
2.694840E+00 1.624218E+00 1.111622E-07
2.693421E+00 1.624239E+00 1.099940E-07
2.692005E+00 1.624259E+00 1.088361E-07
2.690589E+00 1.624280E+00 1.076884E-07
2.689175E+00 1.624301E+00 1.065509E-07
2.687762E+00 1.624322E+00 1.054234E-07
2.686352E+00 1.624342E+00 1.043059E-07
2.684942E+00 1.624363E+00 1.031984E-07
2.683534E+00 1.624384E+00 1.021007E-07
2.682128E+00 1.624404E+00 1.010128E-07
2.680723E+00 1.624425E+00 9.993464E-08
2.679319E+00 1.624445E+00 9.886615E-08
2.677917E+00 1.624466E+00 9.780726E-08
2.676517E+00 1.624486E+00 9.675790E-08
2.675118E+00 1.624506E+00 9.571800E-08
2.673720E+00 1.624527E+00 9.468751E-08
2.672323E+00 1.624547E+00 9.366634E-08
2.670929E+00 1.624567E+00 9.265445E-08
2.669536E+00 1.624588E+00 9.165175E-08
2.668144E+00 1.624608E+00 9.065820E-08
2.666753E+00 1.624628E+00 8.967373E-08
2.665365E+00 1.624648E+00 8.869826E-08
2.663977E+00 1.624668E+00 8.773175E-08
2.662591E+00 1.624688E+00 8.677412E-08
2.661207E+00 1.624708E+00 8.582531E-08
2.659823E+00 1.624728E+00 8.488526E-08
2.658442E+00 1.624748E+00 8.395391E-08
2.657062E+00 1.624768E+00 8.303120E-08
2.655682E+00 1.624788E+00 8.211706E-08
2.654305E+00 1.624808E+00 8.121143E-08
2.652929E+00 1.624828E+00 8.031425E-08
2.651554E+00 1.624848E+00 7.942546E-08
2.650181E+00 1.624868E+00 7.854501E-08
2.648809E+00 1.624887E+00 7.767282E-08
2.647439E+00 1.624907E+00 7.680885E-08
2.646070E+00 1.624927E+00 7.595302E-08
2.644703E+00 1.624947E+00 7.510529E-08
2.643337E+00 1.624966E+00 7.426558E-08
2.641972E+00 1.624986E+00 7.343385E-08
2.640609E+00 1.625005E+00 7.261003E-08
2.639247E+00 1.625025E+00 7.179407E-08
2.637886E+00 1.625044E+00 7.098591E-08
2.636527E+00 1.625064E+00 7.018549E-08
2.635170E+00 1.625083E+00 6.939274E-08
2.633814E+00 1.625103E+00 6.860763E-08
2.632459E+00 1.625122E+00 6.783008E-08
2.631105E+00 1.625141E+00 6.706004E-08
2.629753E+00 1.625161E+00 6.629746E-08
2.628403E+00 1.625180E+00 6.554227E-08
2.627054E+00 1.625199E+00 6.479443E-08
2.625706E+00 1.625218E+00 6.405388E-08
2.624359E+00 1.625238E+00 6.332055E-08
2.623014E+00 1.625257E+00 6.259440E-08
2.621670E+00 1.625276E+00 6.187538E-08
2.620327E+00 1.625295E+00 6.116342E-08
2.618986E+00 1.625314E+00 6.045847E-08
2.617647E+00 1.625333E+00 5.976048E-08
2.616309E+00 1.625352E+00 5.906939E-08
2.614972E+00 1.625371E+00 5.838516E-08
2.613636E+00 1.625390E+00 5.770772E-08
2.612302E+00 1.625409E+00 5.703702E-08
2.610969E+00 1.625428E+00 5.637302E-08
2.609638E+00 1.625447E+00 5.571565E-08
2.608308E+00 1.625465E+00 5.506487E-08
2.606979E+00 1.625484E+00 5.442063E-08
2.605652E+00 1.625503E+00 5.378286E-08
2.604325E+00 1.625522E+00 5.315153E-08
2.603001E+00 1.625540E+00 5.252657E-08
2.601677E+00 1.625559E+00 5.190795E-08
2.600356E+00 1.625578E+00 5.129560E-08
2.599035E+00 1.625596E+00 5.068948E-08
2.597716E+00 1.625615E+00 5.008953E-08
2.596398E+00 1.625633E+00 4.949572E-08
2.595081E+00 1.625652E+00 4.890797E-08
2.593766E+00 1.625670E+00 4.832626E-08
2.592452E+00 1.625689E+00 4.775052E-08
2.591139E+00 1.625707E+00 4.718071E-08
2.589828E+00 1.625726E+00 4.661678E-08
2.588518E+00 1.625744E+00 4.605869E-08
2.587209E+00 1.625762E+00 4.550637E-08
2.585902E+00 1.625781E+00 4.495980E-08
2.584596E+00 1.625799E+00 4.441891E-08
2.583291E+00 1.625817E+00 4.388366E-08
2.581988E+00 1.625835E+00 4.335400E-08
2.580686E+00 1.625854E+00 4.282989E-08
2.579385E+00 1.625872E+00 4.231128E-08
2.578086E+00 1.625890E+00 4.179812E-08
2.576788E+00 1.625908E+00 4.129036E-08
2.575491E+00 1.625926E+00 4.078797E-08
2.574195E+00 1.625944E+00 4.029089E-08
2.572901E+00 1.625962E+00 3.979909E-08
2.571608E+00 1.625980E+00 3.931250E-08
2.570316E+00 1.625998E+00 3.883110E-08
2.569026E+00 1.626016E+00 3.835483E-08
2.567737E+00 1.626034E+00 3.788365E-08
2.566449E+00 1.626052E+00 3.741752E-08
2.565163E+00 1.626070E+00 3.695639E-08
2.563878E+00 1.626088E+00 3.650021E-08
2.562594E+00 1.626105E+00 3.604896E-08
2.561311E+00 1.626123E+00 3.560257E-08
2.560030E+00 1.626141E+00 3.516102E-08
2.558750E+00 1.626159E+00 3.472425E-08
2.557471E+00 1.626176E+00 3.429222E-08
2.556194E+00 1.626194E+00 3.386490E-08
2.554917E+00 1.626211E+00 3.344224E-08
2.553642E+00 1.626229E+00 3.302419E-08
2.552369E+00 1.626247E+00 3.261073E-08
2.551097E+00 1.626264E+00 3.220180E-08
2.549826E+00 1.626282E+00 3.179736E-08
2.548556E+00 1.626299E+00 3.139738E-08
2.547287E+00 1.626317E+00 3.100182E-08
2.546020E+00 1.626334E+00 3.061062E-08
2.544754E+00 1.626351E+00 3.022377E-08
2.543489E+00 1.626369E+00 2.984120E-08
2.542226E+00 1.626386E+00 2.946290E-08
2.540964E+00 1.626404E+00 2.908881E-08
2.539703E+00 1.626421E+00 2.871890E-08
2.538442E+00 1.626438E+00 2.835312E-08
2.537184E+00 1.626455E+00 2.799145E-08
2.535926E+00 1.626473E+00 2.763384E-08
2.534670E+00 1.626490E+00 2.728025E-08
2.533416E+00 1.626507E+00 2.693066E-08
2.532162E+00 1.626524E+00 2.658501E-08
2.530910E+00 1.626541E+00 2.624327E-08
2.529659E+00 1.626558E+00 2.590541E-08
2.528409E+00 1.626575E+00 2.557139E-08
2.527161E+00 1.626592E+00 2.524118E-08
2.525913E+00 1.626609E+00 2.491473E-08
2.524667E+00 1.626626E+00 2.459201E-08
2.523422E+00 1.626643E+00 2.427299E-08
2.522178E+00 1.626660E+00 2.395762E-08
2.520936E+00 1.626677E+00 2.364589E-08
2.519695E+00 1.626694E+00 2.333774E-08
2.518455E+00 1.626711E+00 2.303315E-08
2.517216E+00 1.626727E+00 2.273208E-08
2.515978E+00 1.626744E+00 2.243449E-08
2.514742E+00 1.626761E+00 2.214036E-08
2.513507E+00 1.626778E+00 2.184965E-08
2.512273E+00 1.626794E+00 2.156233E-08
2.511040E+00 1.626811E+00 2.127836E-08
2.509809E+00 1.626828E+00 2.099770E-08
2.508579E+00 1.626844E+00 2.072034E-08
2.507349E+00 1.626861E+00 2.044623E-08
2.506121E+00 1.626878E+00 2.017534E-08
2.504895E+00 1.626894E+00 1.990765E-08
2.503669E+00 1.626911E+00 1.964311E-08
2.502445E+00 1.626927E+00 1.938170E-08
2.501222E+00 1.626944E+00 1.912339E-08
2.500000E+00 1.626960E+00 1.886814E-08
