5.117500E+03 2.697748E+00 2.647948E-03
2.558750E+03 2.697669E+00 5.289477E-03
1.705833E+03 2.697537E+00 7.918193E-03
1.279375E+03 2.697353E+00 1.052771E-02
1.023500E+03 2.697120E+00 1.311171E-02
8.529170E+02 2.696839E+00 1.566393E-02
7.310716E+02 2.696514E+00 1.817822E-02
6.396876E+02 2.696148E+00 2.064856E-02
5.686112E+02 2.695743E+00 2.306917E-02
5.117500E+02 2.695305E+00 2.543445E-02
4.652273E+02 2.694839E+00 2.773915E-02
4.264583E+02 2.694349E+00 2.997841E-02
3.936538E+02 2.693843E+00 3.214778E-02
3.655357E+02 2.693325E+00 3.424335E-02
3.411666E+02 2.692804E+00 3.626178E-02
3.198437E+02 2.692285E+00 3.820038E-02
3.010294E+02 2.691779E+00 4.005716E-02
2.843056E+02 2.691290E+00 4.183084E-02
2.693421E+02 2.690828E+00 4.352092E-02
2.558750E+02 2.690400E+00 4.512767E-02
2.436905E+02 2.690015E+00 4.665215E-02
2.326136E+02 2.689679E+00 4.809615E-02
2.225000E+02 2.689401E+00 4.946221E-02
2.132292E+02 2.689188E+00 5.075356E-02
2.047000E+02 2.689046E+00 5.197405E-02
1.968269E+02 2.688981E+00 5.312809E-02
1.895370E+02 2.689000E+00 5.422059E-02
1.827678E+02 2.689107E+00 5.525688E-02
1.764655E+02 2.689308E+00 5.624262E-02
1.705833E+02 2.689606E+00 5.718371E-02
1.650807E+02 2.690004E+00 5.808623E-02
1.599219E+02 2.690506E+00 5.895635E-02
1.550758E+02 2.691114E+00 5.980022E-02
1.505147E+02 2.691829E+00 6.062395E-02
1.462143E+02 2.692652E+00 6.143353E-02
1.421528E+02 2.693585E+00 6.223474E-02
1.383108E+02 2.694627E+00 6.303311E-02
1.346710E+02 2.695779E+00 6.383391E-02
1.312179E+02 2.697040E+00 6.464206E-02
1.279375E+02 2.698410E+00 6.546215E-02
1.248171E+02 2.699889E+00 6.629839E-02
1.218452E+02 2.701475E+00 6.715465E-02
1.190116E+02 2.703170E+00 6.803441E-02
1.163068E+02 2.704972E+00 6.894087E-02
1.137222E+02 2.706881E+00 6.987693E-02
1.112500E+02 2.708900E+00 7.084529E-02
1.088830E+02 2.711029E+00 7.184858E-02
1.066146E+02 2.713271E+00 7.288946E-02
1.044388E+02 2.715629E+00 7.397087E-02
1.023500E+02 2.718109E+00 7.509626E-02
1.003431E+02 2.720715E+00 7.626996E-02
9.841348E+01 2.723458E+00 7.749767E-02
9.655660E+01 2.726347E+00 7.878713E-02
9.476849E+01 2.729394E+00 8.014893E-02
9.304541E+01 2.732614E+00 8.159780E-02
9.138396E+01 2.736025E+00 8.315412E-02
8.978071E+01 2.739645E+00 8.484617E-02
8.823275E+01 2.743497E+00 8.671297E-02
8.673727E+01 2.747602E+00 8.880831E-02
8.529170E+01 2.751975E+00 9.120567E-02
8.389346E+01 2.756626E+00 9.400443E-02
8.254033E+01 2.761539E+00 9.733664E-02
8.123015E+01 2.766660E+00 1.013727E-01
7.996092E+01 2.771865E+00 1.063210E-01
7.873080E+01 2.776917E+00 1.124119E-01
7.753789E+01 2.781410E+00 1.198486E-01
7.638060E+01 2.784730E+00 1.287009E-01
7.525734E+01 2.786084E+00 1.387317E-01
7.416665E+01 2.784682E+00 1.492074E-01
7.310716E+01 2.780112E+00 1.588533E-01
7.207747E+01 2.772746E+00 1.661536E-01
7.107639E+01 2.763814E+00 1.699602E-01
7.010273E+01 2.754953E+00 1.699904E-01
6.915538E+01 2.747566E+00 1.668208E-01
6.823335E+01 2.742441E+00 1.614652E-01
6.733553E+01 2.739778E+00 1.549330E-01
6.646104E+01 2.739414E+00 1.480001E-01
6.560896E+01 2.741036E+00 1.411767E-01
6.477846E+01 2.744315E+00 1.347641E-01
6.396876E+01 2.748960E+00 1.289254E-01
6.317902E+01 2.754733E+00 1.237410E-01
6.240853E+01 2.761450E+00 1.192441E-01
6.165661E+01 2.768972E+00 1.154436E-01
6.092264E+01 2.777204E+00 1.123417E-01
6.020589E+01 2.786089E+00 1.099478E-01
5.950582E+01 2.795602E+00 1.082953E-01
5.882183E+01 2.805744E+00 1.074625E-01
5.815340E+01 2.816524E+00 1.076005E-01
5.750001E+01 2.827931E+00 1.089740E-01
5.686112E+01 2.839855E+00 1.120152E-01
5.623626E+01 2.851918E+00 1.173708E-01
5.562499E+01 2.863125E+00 1.258381E-01
5.502687E+01 2.871335E+00 1.378437E-01
5.444150E+01 2.873197E+00 1.518622E-01
5.386843E+01 2.866703E+00 1.625225E-01
5.330729E+01 2.855987E+00 1.633675E-01
5.275773E+01 2.849321E+00 1.543993E-01
5.221938E+01 2.850633E+00 1.415202E-01
5.169193E+01 2.858482E+00 1.295138E-01
5.117500E+01 2.870226E+00 1.200033E-01
5.066832E+01 2.884042E+00 1.129488E-01
5.017156E+01 2.898981E+00 1.078708E-01
4.968445E+01 2.914610E+00 1.043061E-01
4.920674E+01 2.930757E+00 1.019070E-01
4.873810E+01 2.947377E+00 1.004343E-01
4.827830E+01 2.964480E+00 9.972931E-02
4.782710E+01 2.982104E+00 9.969099E-02
4.738427E+01 3.000299E+00 1.002580E-01
4.694955E+01 3.019122E+00 1.013976E-01
4.652273E+01 3.038635E+00 1.030981E-01
4.610360E+01 3.058901E+00 1.053643E-01
4.569196E+01 3.079989E+00 1.082149E-01
4.528762E+01 3.101971E+00 1.116811E-01
4.489036E+01 3.124927E+00 1.158062E-01
4.450000E+01 3.148941E+00 1.206463E-01
4.411638E+01 3.174105E+00 1.262712E-01
4.373931E+01 3.200523E+00 1.327670E-01
4.336865E+01 3.228307E+00 1.402384E-01
4.300420E+01 3.257581E+00 1.488132E-01
4.264583E+01 3.288485E+00 1.586472E-01
4.229338E+01 3.321171E+00 1.699314E-01
4.194671E+01 3.355809E+00 1.829008E-01
4.160570E+01 3.392580E+00 1.978471E-01
4.127016E+01 3.431682E+00 2.151344E-01
4.094000E+01 3.473316E+00 2.352197E-01
4.061507E+01 3.517676E+00 2.586803E-01
4.029527E+01 3.564923E+00 2.862455E-01
3.998047E+01 3.615136E+00 3.188320E-01
3.967054E+01 3.668234E+00 3.575684E-01
3.936538E+01 3.723853E+00 4.037824E-01
3.906488E+01 3.781202E+00 4.588902E-01
3.876895E+01 3.839004E+00 5.241262E-01
3.847745E+01 3.895766E+00 6.001754E-01
3.819030E+01 3.950569E+00 6.871903E-01
3.790741E+01 4.003811E+00 7.859781E-01
3.762867E+01 4.056256E+00 9.000380E-01
3.735402E+01 4.105971E+00 1.036171E+00
3.708334E+01 4.145334E+00 1.202239E+00
3.681655E+01 4.159962E+00 1.403232E+00
3.655357E+01 4.129794E+00 1.636618E+00
3.629432E+01 4.033494E+00 1.887515E+00
3.603874E+01 3.857488E+00 2.127159E+00
3.578672E+01 3.605377E+00 2.319601E+00
3.553819E+01 3.299538E+00 2.433672E+00
3.529310E+01 2.975989E+00 2.451891E+00
3.505136E+01 2.676374E+00 2.377624E+00
3.481293E+01 2.432211E+00 2.236457E+00
3.457770E+01 2.252778E+00 2.061788E+00
3.434564E+01 2.130406E+00 1.878434E+00
3.411666E+01 2.052833E+00 1.698849E+00
3.389072E+01 2.010254E+00 1.527667E+00
3.366777E+01 1.996538E+00 1.366508E+00
3.344771E+01 2.008175E+00 1.216698E+00
3.323052E+01 2.042770E+00 1.080427E+00
3.301613E+01 2.097557E+00 9.608735E-01
3.280449E+01 2.168197E+00 8.613742E-01
3.259554E+01 2.248398E+00 7.837803E-01
3.238924E+01 2.331094E+00 7.264059E-01
3.218553E+01 2.412159E+00 6.833503E-01
3.198437E+01 2.493989E+00 6.491362E-01
3.178572E+01 2.581091E+00 6.247457E-01
3.158951E+01 2.673549E+00 6.144778E-01
3.139571E+01 2.768458E+00 6.208939E-01
3.120427E+01 2.862858E+00 6.450095E-01
3.101515E+01 2.953952E+00 6.877720E-01
3.082832E+01 3.038112E+00 7.504732E-01
3.064371E+01 3.109809E+00 8.340670E-01
3.046131E+01 3.161047E+00 9.373990E-01
3.028106E+01 3.182412E+00 1.054501E+00
3.010294E+01 3.167077E+00 1.172638E+00
2.992690E+01 3.116701E+00 1.274697E+00
2.975291E+01 3.043586E+00 1.347016E+00
2.958092E+01 2.964946E+00 1.386284E+00
2.941092E+01 2.894447E+00 1.398821E+00
2.924286E+01 2.838468E+00 1.394740E+00
2.907671E+01 2.797373E+00 1.383118E+00
2.891243E+01 2.768201E+00 1.370116E+00
2.875000E+01 2.746692E+00 1.358824E+00
2.858938E+01 2.728569E+00 1.349539E+00
2.843056E+01 2.710586E+00 1.340093E+00
2.827348E+01 2.691673E+00 1.326441E+00
2.811813E+01 2.674015E+00 1.303955E+00
2.796448E+01 2.663403E+00 1.269606E+00
2.781250E+01 2.667926E+00 1.224496E+00
2.766217E+01 2.694510E+00 1.175140E+00
2.751344E+01 2.745124E+00 1.131100E+00
2.736631E+01 2.816978E+00 1.100449E+00
2.722074E+01 2.905892E+00 1.088424E+00
2.707672E+01 3.007878E+00 1.099035E+00
2.693421E+01 3.118662E+00 1.136259E+00
2.679319E+01 3.232729E+00 1.204198E+00
2.665365E+01 3.342356E+00 1.306480E+00
2.651554E+01 3.436918E+00 1.444692E+00
2.637886E+01 3.503514E+00 1.615760E+00
2.624359E+01 3.530312E+00 1.809736E+00
2.610969E+01 3.511698E+00 2.011165E+00
2.597716E+01 3.450675E+00 2.204682E+00
2.584596E+01 3.355993E+00 2.380094E+00
2.571608E+01 3.237618E+00 2.533361E+00
2.558750E+01 3.103685E+00 2.665237E+00
2.546020E+01 2.958614E+00 2.779170E+00
2.533416E+01 2.802462E+00 2.878305E+00
2.520936E+01 2.632466E+00 2.962499E+00
2.508579E+01 2.446408E+00 3.027057E+00
2.496342E+01 2.246213E+00 3.064233E+00
2.484223E+01 2.039571E+00 3.067247E+00
2.472222E+01 1.837791E+00 3.034475E+00
2.460336E+01 1.651204E+00 2.970384E+00
2.448565E+01 1.485953E+00 2.882868E+00
2.436905E+01 1.343857E+00 2.779965E+00
2.425355E+01 1.223977E+00 2.668058E+00
2.413915E+01 1.124181E+00 2.551560E+00
2.402582E+01 1.042135E+00 2.433277E+00
2.391355E+01 9.757869E-01 2.314909E+00
2.380233E+01 9.235388E-01 2.197489E+00
2.369213E+01 8.842754E-01 2.081720E+00
2.358295E+01 8.573105E-01 1.968247E+00
2.347477E+01 8.422672E-01 1.857880E+00
2.336758E+01 8.388680E-01 1.751773E+00
2.326136E+01 8.466224E-01 1.651474E+00
2.315611E+01 8.644884E-01 1.558768E+00
2.305180E+01 8.906972E-01 1.475282E+00
2.294843E+01 9.228915E-01 1.402054E+00
2.284598E+01 9.584731E-01 1.339314E+00
2.274444E+01 9.949404E-01 1.286468E+00
2.264380E+01 1.030181E+00 1.242156E+00
2.254405E+01 1.062806E+00 1.204426E+00
2.244518E+01 1.092404E+00 1.171164E+00
2.234716E+01 1.119439E+00 1.140653E+00
2.225000E+01 1.144757E+00 1.111936E+00
2.215368E+01 1.168990E+00 1.084687E+00
2.205819E+01 1.192287E+00 1.058670E+00
2.196352E+01 1.214615E+00 1.033178E+00
2.186966E+01 1.236486E+00 1.006965E+00
2.177660E+01 1.259508E+00 9.789319E-01
2.168432E+01 1.286100E+00 9.491017E-01
2.159282E+01 1.318465E+00 9.189625E-01
2.150210E+01 1.357781E+00 8.909089E-01
2.141213E+01 1.404137E+00 8.674488E-01
2.132292E+01 1.456926E+00 8.508292E-01
2.123444E+01 1.515132E+00 8.431090E-01
2.114669E+01 1.577287E+00 8.462994E-01
2.105967E+01 1.641263E+00 8.622789E-01
2.097336E+01 1.704202E+00 8.925016E-01
2.088775E+01 1.762627E+00 9.377256E-01
2.080284E+01 1.812583E+00 9.978316E-01
2.071863E+01 1.849744E+00 1.071586E+00
2.063508E+01 1.869664E+00 1.156248E+00
2.055221E+01 1.868397E+00 1.247158E+00
2.047000E+01 1.843579E+00 1.337637E+00
2.038844E+01 1.795790E+00 1.419657E+00
2.030754E+01 1.729531E+00 1.485643E+00
2.022727E+01 1.652661E+00 1.531058E+00
2.014764E+01 1.573806E+00 1.556000E+00
2.006863E+01 1.499434E+00 1.564366E+00
1.999023E+01 1.432661E+00 1.561480E+00
1.991245E+01 1.373834E+00 1.552175E+00
1.983527E+01 1.321652E+00 1.539990E+00
1.975869E+01 1.274045E+00 1.527078E+00
1.968269E+01 1.228729E+00 1.514311E+00
1.960728E+01 1.183627E+00 1.501425E+00
1.953244E+01 1.137267E+00 1.487239E+00
1.945818E+01 1.089102E+00 1.470028E+00
1.938447E+01 1.039641E+00 1.448054E+00
1.931132E+01 9.902552E-01 1.420104E+00
1.923872E+01 9.427292E-01 1.385799E+00
1.916667E+01 8.987704E-01 1.345590E+00
1.909515E+01 8.596686E-01 1.300516E+00
1.902416E+01 8.261728E-01 1.251887E+00
1.895370E+01 7.985310E-01 1.201032E+00
1.888377E+01 7.766031E-01 1.149132E+00
1.881434E+01 7.599860E-01 1.097149E+00
1.874542E+01 7.481283E-01 1.045790E+00
1.867701E+01 7.404256E-01 9.955182E-01
1.860909E+01 7.362960E-01 9.465872E-01
1.854167E+01 7.352323E-01 8.990843E-01
1.847473E+01 7.368301E-01 8.529826E-01
1.840827E+01 7.407981E-01 8.081896E-01
1.834229E+01 7.469532E-01 7.645874E-01
1.827678E+01 7.552102E-01 7.220634E-01
1.821175E+01 7.655673E-01 6.805347E-01
1.814716E+01 7.780896E-01 6.399674E-01
1.808304E+01 7.928956E-01 6.003939E-01
1.801937E+01 8.101344E-01 5.619299E-01
1.795614E+01 8.299614E-01 5.247915E-01
1.789336E+01 8.524962E-01 4.893066E-01
1.783101E+01 8.777693E-01 4.559084E-01
1.776910E+01 9.056624E-01 4.250928E-01
1.770761E+01 9.358828E-01 3.973345E-01
1.764655E+01 9.679979E-01 3.729954E-01
1.758591E+01 1.001528E+00 3.522803E-01
1.752569E+01 1.036035E+00 3.352623E-01
1.746587E+01 1.071173E+00 3.219540E-01
1.740646E+01 1.106682E+00 3.123829E-01
1.734746E+01 1.142355E+00 3.066482E-01
1.728885E+01 1.177974E+00 3.049572E-01
1.723064E+01 1.213248E+00 3.076416E-01
1.717282E+01 1.247716E+00 3.151531E-01
1.711538E+01 1.280644E+00 3.280208E-01
1.705833E+01 1.310889E+00 3.467414E-01
1.700166E+01 1.336793E+00 3.715587E-01
1.694536E+01 1.356182E+00 4.021001E-01
1.688944E+01 1.366631E+00 4.369180E-01
1.683388E+01 1.366144E+00 4.731722E-01
1.677869E+01 1.354127E+00 5.068629E-01
1.672386E+01 1.332091E+00 5.338502E-01
1.666938E+01 1.303425E+00 5.512355E-01
1.661526E+01 1.272224E+00 5.581810E-01
1.656149E+01 1.242009E+00 5.556974E-01
1.650807E+01 1.215060E+00 5.457882E-01
1.645498E+01 1.192440E+00 5.306249E-01
1.640224E+01 1.174357E+00 5.120746E-01
1.634984E+01 1.160539E+00 4.915516E-01
1.629777E+01 1.150510E+00 4.700461E-01
1.624603E+01 1.143750E+00 4.482165E-01
1.619462E+01 1.139773E+00 4.264841E-01
1.614353E+01 1.138155E+00 4.051089E-01
1.609277E+01 1.138542E+00 3.842465E-01
1.604232E+01 1.140646E+00 3.639869E-01
1.599219E+01 1.144234E+00 3.443813E-01
1.594237E+01 1.149118E+00 3.254585E-01
1.589286E+01 1.155144E+00 3.072364E-01
1.584365E+01 1.162185E+00 2.897291E-01
1.579475E+01 1.170132E+00 2.729498E-01
1.574615E+01 1.178888E+00 2.569127E-01
1.569785E+01 1.188363E+00 2.416323E-01
1.564985E+01 1.198470E+00 2.271219E-01
1.560213E+01 1.209120E+00 2.133909E-01
1.555471E+01 1.220228E+00 2.004429E-01
1.550758E+01 1.231712E+00 1.882735E-01
1.546072E+01 1.243488E+00 1.768695E-01
1.541416E+01 1.255482E+00 1.662088E-01
1.536787E+01 1.267624E+00 1.562616E-01
1.532186E+01 1.279855E+00 1.469918E-01
1.527612E+01 1.292123E+00 1.383592E-01
1.523065E+01 1.304387E+00 1.303211E-01
1.518546E+01 1.316612E+00 1.228345E-01
1.514053E+01 1.328774E+00 1.158569E-01
1.509587E+01 1.340854E+00 1.093480E-01
1.505147E+01 1.352839E+00 1.032697E-01
1.500733E+01 1.364720E+00 9.758695E-02
1.496345E+01 1.376493E+00 9.226777E-02
1.491983E+01 1.388156E+00 8.728334E-02
1.487645E+01 1.399710E+00 8.260767E-02
1.483333E+01 1.411157E+00 7.821766E-02
1.479046E+01 1.422501E+00 7.409279E-02
1.474784E+01 1.433746E+00 7.021481E-02
1.470546E+01 1.444896E+00 6.656760E-02
1.466332E+01 1.455958E+00 6.313689E-02
1.462143E+01 1.466935E+00 5.991004E-02
1.457977E+01 1.477834E+00 5.687581E-02
1.453835E+01 1.488660E+00 5.402413E-02
1.449717E+01 1.499418E+00 5.134601E-02
1.445622E+01 1.510114E+00 4.883336E-02
1.441549E+01 1.520751E+00 4.647880E-02
1.437500E+01 1.531335E+00 4.427559E-02
1.433473E+01 1.541870E+00 4.221752E-02
1.429469E+01 1.552361E+00 4.029883E-02
1.425487E+01 1.562812E+00 3.851410E-02
1.421528E+01 1.573228E+00 3.685824E-02
1.417590E+01 1.583614E+00 3.532641E-02
1.413674E+01 1.593972E+00 3.391401E-02
1.409780E+01 1.604309E+00 3.261663E-02
1.405907E+01 1.614628E+00 3.143004E-02
1.402055E+01 1.624935E+00 3.035018E-02
1.398224E+01 1.635234E+00 2.937317E-02
1.394414E+01 1.645530E+00 2.849526E-02
1.390625E+01 1.655829E+00 2.771289E-02
1.386856E+01 1.666135E+00 2.702265E-02
1.383108E+01 1.676457E+00 2.642133E-02
1.379380E+01 1.686797E+00 2.590587E-02
1.375672E+01 1.697165E+00 2.547342E-02
1.371984E+01 1.707566E+00 2.512135E-02
1.368316E+01 1.718007E+00 2.484720E-02
1.364667E+01 1.728496E+00 2.464878E-02
1.361037E+01 1.739041E+00 2.452412E-02
1.357427E+01 1.749650E+00 2.447149E-02
1.353836E+01 1.760331E+00 2.448944E-02
1.350264E+01 1.771094E+00 2.457678E-02
1.346710E+01 1.781948E+00 2.473263E-02
1.343176E+01 1.792904E+00 2.495638E-02
1.339660E+01 1.803972E+00 2.524779E-02
1.336162E+01 1.815163E+00 2.560691E-02
1.332682E+01 1.826489E+00 2.603419E-02
1.329221E+01 1.837963E+00 2.653044E-02
1.325777E+01 1.849598E+00 2.709693E-02
1.322351E+01 1.861407E+00 2.773532E-02
1.318943E+01 1.873407E+00 2.844781E-02
1.315553E+01 1.885612E+00 2.923712E-02
1.312179E+01 1.898040E+00 3.010653E-02
1.308824E+01 1.910709E+00 3.106002E-02
1.305485E+01 1.923638E+00 3.210229E-02
1.302163E+01 1.936847E+00 3.323883E-02
1.298858E+01 1.950360E+00 3.447611E-02
1.295570E+01 1.964199E+00 3.582163E-02
1.292298E+01 1.978391E+00 3.728412E-02
1.289043E+01 1.992964E+00 3.887373E-02
1.285804E+01 2.007947E+00 4.060223E-02
1.282581E+01 2.023375E+00 4.248330E-02
1.279375E+01 2.039282E+00 4.453288E-02
1.276185E+01 2.055707E+00 4.676959E-02
1.273010E+01 2.072694E+00 4.921520E-02
1.269851E+01 2.090289E+00 5.189532E-02
1.266708E+01 2.108544E+00 5.484013E-02
1.263580E+01 2.127516E+00 5.808544E-02
1.260468E+01 2.147267E+00 6.167394E-02
1.257371E+01 2.167867E+00 6.565678E-02
1.254289E+01 2.189391E+00 7.009571E-02
1.251222E+01 2.211925E+00 7.506575E-02
1.248171E+01 2.235562E+00 8.065888E-02
1.245134E+01 2.260404E+00 8.698850E-02
1.242112E+01 2.286565E+00 9.419611E-02
1.239104E+01 2.314163E+00 1.024595E-01
1.236111E+01 2.343327E+00 1.120045E-01
1.233133E+01 2.374183E+00 1.231204E-01
1.230168E+01 2.406847E+00 1.361810E-01
1.227218E+01 2.441405E+00 1.516724E-01
1.224282E+01 2.477866E+00 1.702279E-01
1.221360E+01 2.516097E+00 1.926671E-01
1.218452E+01 2.555686E+00 2.200270E-01
1.215558E+01 2.595725E+00 2.535443E-01
1.212678E+01 2.634466E+00 2.944957E-01
1.209811E+01 2.668897E+00 3.436909E-01
1.206957E+01 2.694550E+00 4.003312E-01
1.204118E+01 2.706391E+00 4.602046E-01
1.201291E+01 2.701929E+00 5.144800E-01
1.198478E+01 2.685728E+00 5.520521E-01
1.195678E+01 2.670480E+00 5.662767E-01
1.192890E+01 2.671268E+00 5.603858E-01
1.190116E+01 2.697885E+00 5.458441E-01
1.187355E+01 2.751916E+00 5.360402E-01
1.184606E+01 2.829288E+00 5.412360E-01
1.181871E+01 2.924491E+00 5.676769E-01
1.179148E+01 3.032994E+00 6.196415E-01
1.176437E+01 3.151225E+00 7.019068E-01
1.173739E+01 3.274972E+00 8.214778E-01
1.171053E+01 3.396492E+00 9.883809E-01
1.168379E+01 3.499810E+00 1.214577E+00
1.165718E+01 3.554546E+00 1.507537E+00
1.163068E+01 3.515330E+00 1.853276E+00
1.160431E+01 3.345372E+00 2.196977E+00
1.157805E+01 3.059913E+00 2.461348E+00
1.155192E+01 2.724592E+00 2.605068E+00
1.152590E+01 2.402158E+00 2.640362E+00
1.150000E+01 2.124280E+00 2.601919E+00
1.147422E+01 1.898094E+00 2.521845E+00
1.144855E+01 1.718864E+00 2.422384E+00
1.142299E+01 1.578157E+00 2.316817E+00
1.139755E+01 1.467663E+00 2.212284E+00
1.137222E+01 1.380470E+00 2.112245E+00
1.134701E+01 1.311232E+00 2.018131E+00
1.132190E+01 1.255931E+00 1.930309E+00
1.129691E+01 1.211580E+00 1.848624E+00
1.127203E+01 1.175962E+00 1.772693E+00
1.124725E+01 1.147419E+00 1.702048E+00
1.122259E+01 1.124707E+00 1.636218E+00
1.119803E+01 1.106882E+00 1.574760E+00
1.117358E+01 1.093226E+00 1.517281E+00
1.114924E+01 1.083185E+00 1.463437E+00
1.112500E+01 1.076334E+00 1.412935E+00
1.110087E+01 1.072345E+00 1.365534E+00
1.107684E+01 1.070962E+00 1.321039E+00
1.105292E+01 1.071988E+00 1.279299E+00
1.102910E+01 1.075270E+00 1.240205E+00
1.100538E+01 1.080692E+00 1.203691E+00
1.098176E+01 1.088160E+00 1.169732E+00
1.095824E+01 1.097597E+00 1.138345E+00
1.093483E+01 1.108935E+00 1.109592E+00
1.091151E+01 1.122105E+00 1.083577E+00
1.088830E+01 1.137028E+00 1.060451E+00
1.086518E+01 1.153598E+00 1.040414E+00
1.084216E+01 1.171673E+00 1.023710E+00
1.081924E+01 1.191055E+00 1.010625E+00
1.079641E+01 1.211471E+00 1.001482E+00
1.077368E+01 1.232549E+00 9.966195E-01
1.075105E+01 1.253806E+00 9.963727E-01
1.072851E+01 1.274623E+00 1.001036E+00
1.070607E+01 1.294244E+00 1.010822E+00
1.068372E+01 1.311787E+00 1.025806E+00
1.066146E+01 1.326272E+00 1.045873E+00
1.063929E+01 1.336674E+00 1.070678E+00
1.061722E+01 1.342001E+00 1.099619E+00
1.059524E+01 1.341371E+00 1.131849E+00
1.057335E+01 1.334081E+00 1.166311E+00
1.055155E+01 1.319656E+00 1.201808E+00
1.052983E+01 1.297865E+00 1.237059E+00
1.050821E+01 1.268707E+00 1.270759E+00
1.048668E+01 1.232404E+00 1.301601E+00
1.046524E+01 1.189394E+00 1.328291E+00
1.044388E+01 1.140362E+00 1.349568E+00
1.042261E+01 1.086274E+00 1.364249E+00
1.040142E+01 1.028407E+00 1.371321E+00
1.038032E+01 9.683187E-01 1.370065E+00
1.035931E+01 9.077617E-01 1.360172E+00
1.033838E+01 8.485278E-01 1.341817E+00
1.031754E+01 7.922713E-01 1.315646E+00
1.029678E+01 7.403547E-01 1.282693E+00
1.027610E+01 6.937583E-01 1.244232E+00
1.025551E+01 6.530607E-01 1.201633E+00
1.023500E+01 6.184742E-01 1.156236E+00
1.021457E+01 5.899104E-01 1.109266E+00
1.019422E+01 5.670535E-01 1.061780E+00
1.017396E+01 5.494273E-01 1.014649E+00
1.015377E+01 5.364576E-01 9.685439E-01
1.013366E+01 5.275291E-01 9.239458E-01
1.011364E+01 5.220328E-01 8.811646E-01
1.009369E+01 5.194013E-01 8.403701E-01
1.007382E+01 5.191288E-01 8.016260E-01
1.005403E+01 5.207772E-01 7.649211E-01
1.003431E+01 5.239753E-01 7.301940E-01
1.001468E+01 5.284123E-01 6.973528E-01
9.995112E+00 5.338298E-01 6.662889E-01
9.975630E+00 5.400147E-01 6.368831E-01
9.956222E+00 5.467916E-01 6.090151E-01
9.936891E+00 5.540172E-01 5.825643E-01
9.917634E+00 5.615744E-01 5.574137E-01
9.898452E+00 5.693688E-01 5.334511E-01
9.879344E+00 5.773244E-01 5.105687E-01
9.860309E+00 5.853813E-01 4.886659E-01
9.841348E+00 5.934927E-01 4.676462E-01
9.822459E+00 6.016234E-01 4.474202E-01
9.803643E+00 6.097481E-01 4.279023E-01
9.784899E+00 6.178499E-01 4.090125E-01
9.766226E+00 6.259197E-01 3.906747E-01
9.747615E+00 6.339558E-01 3.728165E-01
9.729084E+00 6.419632E-01 3.553690E-01
9.710623E+00 6.499539E-01 3.382658E-01
9.692233E+00 6.579472E-01 3.214428E-01
9.673912E+00 6.659709E-01 3.048376E-01
9.655660E+00 6.740626E-01 2.883899E-01
9.637477E+00 6.822717E-01 2.720411E-01
9.619362E+00 6.906635E-01 2.557361E-01
9.601315E+00 6.993226E-01 2.394259E-01
9.583336E+00 7.083590E-01 2.230729E-01
9.565424E+00 7.179139E-01 2.066621E-01
9.547578E+00 7.281636E-01 1.902192E-01
9.529800E+00 7.393134E-01 1.738401E-01
9.512078E+00 7.515694E-01 1.577282E-01
9.494431E+00 7.650705E-01 1.422190E-01
9.476849E+00 7.797887E-01 1.277474E-01
9.459333E+00 7.954644E-01 1.147245E-01
9.441881E+00 8.116603E-01 1.033849E-01
9.424493E+00 8.279160E-01 9.372784E-02
9.407170E+00 8.438730E-01 8.558137E-02
9.389909E+00 8.593122E-01 7.870557E-02
9.372712E+00 8.741270E-01 7.286430E-02
9.355578E+00 8.882841E-01 6.785561E-02
9.338507E+00 9.017900E-01 6.351727E-02
9.321498E+00 9.146732E-01 5.972235E-02
9.304541E+00 9.269705E-01 5.637221E-02
9.287655E+00 9.387208E-01 5.339004E-02
9.270831E+00 9.499633E-01 5.071560E-02
9.254067E+00 9.607345E-01 4.830109E-02
9.237363E+00 9.710686E-01 4.610830E-02
9.220720E+00 9.809963E-01 4.410630E-02
9.204137E+00 9.905458E-01 4.226981E-02
9.187613E+00 9.997431E-01 4.057795E-02
9.171148E+00 1.008611E+00 3.901335E-02
9.154743E+00 1.017171E+00 3.756143E-02
9.138396E+00 1.025443E+00 3.620980E-02
9.122107E+00 1.033443E+00 3.494794E-02
9.105876E+00 1.041188E+00 3.376680E-02
9.089694E+00 1.048691E+00 3.265854E-02
9.073579E+00 1.055967E+00 3.161639E-02
9.057520E+00 1.063028E+00 3.063439E-02
9.041518E+00 1.069884E+00 2.970732E-02
9.025572E+00 1.076548E+00 2.883059E-02
9.009683E+00 1.083027E+00 2.800011E-02
8.993849E+00 1.089332E+00 2.721224E-02
8.978071E+00 1.095469E+00 2.646375E-02
8.962348E+00 1.101448E+00 2.575171E-02
8.946680E+00 1.107274E+00 2.507350E-02
8.931067E+00 1.112956E+00 2.442676E-02
8.915509E+00 1.118499E+00 2.380935E-02
8.899996E+00 1.123909E+00 2.321932E-02
8.884545E+00 1.129191E+00 2.265489E-02
8.869148E+00 1.134351E+00 2.211445E-02
8.853804E+00 1.139393E+00 2.159651E-02
8.838513E+00 1.144322E+00 2.109973E-02
8.823275E+00 1.149143E+00 2.062284E-02
8.808089E+00 1.153860E+00 2.016470E-02
8.792956E+00 1.158475E+00 1.972424E-02
8.777874E+00 1.162994E+00 1.930049E-02
8.762844E+00 1.167419E+00 1.889252E-02
8.747866E+00 1.171754E+00 1.849951E-02
8.732938E+00 1.176002E+00 1.812066E-02
8.718061E+00 1.180165E+00 1.775525E-02
8.703228E+00 1.184247E+00 1.740258E-02
8.688452E+00 1.188250E+00 1.706204E-02
8.673727E+00 1.192177E+00 1.673301E-02
8.659051E+00 1.196030E+00 1.641495E-02
8.644425E+00 1.199812E+00 1.610733E-02
8.629848E+00 1.203524E+00 1.580967E-02
8.615320E+00 1.207169E+00 1.552150E-02
8.600841E+00 1.210749E+00 1.524239E-02
8.586411E+00 1.214266E+00 1.497194E-02
8.572029E+00 1.217721E+00 1.470976E-02
8.557695E+00 1.221117E+00 1.445549E-02
8.543409E+00 1.224455E+00 1.420879E-02
8.529170E+00 1.227737E+00 1.396933E-02
8.514972E+00 1.230963E+00 1.373681E-02
8.500828E+00 1.234137E+00 1.351095E-02
8.486731E+00 1.237259E+00 1.329146E-02
8.472681E+00 1.240330E+00 1.307808E-02
8.458677E+00 1.243353E+00 1.287058E-02
8.444719E+00 1.246327E+00 1.266871E-02
8.430808E+00 1.249255E+00 1.247225E-02
8.416942E+00 1.252138E+00 1.228100E-02
8.403121E+00 1.254976E+00 1.209474E-02
8.389346E+00 1.257772E+00 1.191329E-02
8.375616E+00 1.260525E+00 1.173647E-02
8.361931E+00 1.263237E+00 1.156409E-02
8.348284E+00 1.265910E+00 1.139599E-02
8.334688E+00 1.268543E+00 1.123203E-02
8.321136E+00 1.271138E+00 1.107204E-02
8.307628E+00 1.273695E+00 1.091587E-02
8.294164E+00 1.276217E+00 1.076339E-02
8.280744E+00 1.278703E+00 1.061447E-02
8.267367E+00 1.281154E+00 1.046898E-02
8.254033E+00 1.283571E+00 1.032679E-02
8.240742E+00 1.285955E+00 1.018780E-02
8.227493E+00 1.288307E+00 1.005188E-02
8.214288E+00 1.290627E+00 9.918934E-03
8.201124E+00 1.292916E+00 9.788859E-03
8.188003E+00 1.295174E+00 9.661555E-03
8.174917E+00 1.297403E+00 9.536927E-03
8.161879E+00 1.299602E+00 9.414880E-03
8.148883E+00 1.301774E+00 9.295333E-03
8.135929E+00 1.303917E+00 9.178198E-03
8.123015E+00 1.306033E+00 9.063399E-03
8.110142E+00 1.308122E+00 8.950852E-03
8.097310E+00 1.310186E+00 8.840488E-03
8.084519E+00 1.312223E+00 8.732230E-03
8.071768E+00 1.314235E+00 8.626015E-03
8.059057E+00 1.316223E+00 8.521773E-03
8.046386E+00 1.318187E+00 8.419438E-03
8.033755E+00 1.320126E+00 8.318954E-03
8.021163E+00 1.322043E+00 8.220257E-03
8.008604E+00 1.323937E+00 8.123293E-03
7.996092E+00 1.325808E+00 8.028006E-03
7.983618E+00 1.327658E+00 7.934343E-03
7.971183E+00 1.329486E+00 7.842254E-03
7.958786E+00 1.331293E+00 7.751690E-03
7.946428E+00 1.333079E+00 7.662605E-03
7.934109E+00 1.334846E+00 7.574952E-03
7.921827E+00 1.336592E+00 7.488690E-03
7.909584E+00 1.338318E+00 7.403777E-03
7.897378E+00 1.340026E+00 7.320172E-03
7.885210E+00 1.341714E+00 7.237840E-03
7.873080E+00 1.343385E+00 7.156742E-03
7.860980E+00 1.345037E+00 7.076846E-03
7.848924E+00 1.346671E+00 6.998118E-03
7.836905E+00 1.348288E+00 6.920528E-03
7.824922E+00 1.349887E+00 6.844046E-03
7.812976E+00 1.351470E+00 6.768646E-03
7.801067E+00 1.353035E+00 6.694301E-03
7.789193E+00 1.354585E+00 6.620989E-03
7.777356E+00 1.356119E+00 6.548687E-03
7.765555E+00 1.357637E+00 6.477376E-03
7.753789E+00 1.359139E+00 6.407038E-03
7.742059E+00 1.360627E+00 6.337658E-03
7.730365E+00 1.362099E+00 6.269222E-03
7.718706E+00 1.363557E+00 6.201718E-03
7.707076E+00 1.365000E+00 6.135137E-03
7.695487E+00 1.366429E+00 6.069472E-03
7.683932E+00 1.367844E+00 6.004718E-03
7.672413E+00 1.369246E+00 5.940873E-03
7.660927E+00 1.370634E+00 5.877935E-03
7.649477E+00 1.372008E+00 5.815907E-03
7.638060E+00 1.373370E+00 5.754791E-03
7.626677E+00 1.374719E+00 5.694595E-03
7.615328E+00 1.376055E+00 5.635324E-03
7.604013E+00 1.377379E+00 5.576989E-03
7.592732E+00 1.378690E+00 5.519599E-03
7.581484E+00 1.379990E+00 5.463167E-03
7.570269E+00 1.381277E+00 5.407706E-03
7.559082E+00 1.382553E+00 5.353229E-03
7.547933E+00 1.383817E+00 5.299751E-03
7.536817E+00 1.385070E+00 5.247284E-03
7.525734E+00 1.386311E+00 5.195842E-03
7.514684E+00 1.387541E+00 5.145438E-03
7.503666E+00 1.388761E+00 5.096083E-03
7.492680E+00 1.389969E+00 5.047786E-03
7.481726E+00 1.391167E+00 5.000554E-03
7.470804E+00 1.392354E+00 4.954390E-03
7.459914E+00 1.393531E+00 4.909296E-03
7.449056E+00 1.394697E+00 4.865268E-03
7.438229E+00 1.395852E+00 4.822299E-03
7.427428E+00 1.396998E+00 4.780376E-03
7.416665E+00 1.398133E+00 4.739483E-03
7.405932E+00 1.399258E+00 4.699598E-03
7.395230E+00 1.400374E+00 4.660692E-03
7.384559E+00 1.401479E+00 4.622733E-03
7.373919E+00 1.402575E+00 4.585682E-03
7.363309E+00 1.403661E+00 4.549495E-03
7.352730E+00 1.404736E+00 4.514120E-03
7.342182E+00 1.405803E+00 4.479504E-03
7.331663E+00 1.406860E+00 4.445587E-03
7.321175E+00 1.407908E+00 4.412305E-03
7.310716E+00 1.408946E+00 4.379590E-03
7.300288E+00 1.409975E+00 4.347370E-03
7.289884E+00 1.410995E+00 4.315573E-03
7.279514E+00 1.412006E+00 4.284124E-03
7.269175E+00 1.413008E+00 4.252945E-03
7.258864E+00 1.414001E+00 4.221962E-03
7.248583E+00 1.414985E+00 4.191099E-03
7.238331E+00 1.415961E+00 4.160282E-03
7.228108E+00 1.416929E+00 4.129442E-03
7.217913E+00 1.417888E+00 4.098510E-03
7.207747E+00 1.418839E+00 4.067424E-03
7.197610E+00 1.419782E+00 4.036125E-03
7.187502E+00 1.420717E+00 4.004560E-03
7.177422E+00 1.421644E+00 3.972684E-03
7.167364E+00 1.422564E+00 3.940457E-03
7.157341E+00 1.423476E+00 3.907843E-03
7.147345E+00 1.424381E+00 3.874818E-03
7.137377E+00 1.425280E+00 3.841361E-03
7.127436E+00 1.426170E+00 3.807460E-03
7.117524E+00 1.427055E+00 3.773108E-03
7.107639E+00 1.427932E+00 3.738306E-03
7.097781E+00 1.428803E+00 3.703059E-03
7.087951E+00 1.429668E+00 3.667378E-03
7.078148E+00 1.430526E+00 3.631278E-03
7.068372E+00 1.431378E+00 3.594779E-03
7.058623E+00 1.432224E+00 3.557904E-03
7.048900E+00 1.433065E+00 3.520677E-03
7.039200E+00 1.433899E+00 3.483126E-03
7.029531E+00 1.434728E+00 3.445279E-03
7.019889E+00 1.435552E+00 3.407164E-03
7.010273E+00 1.436369E+00 3.368812E-03
7.000683E+00 1.437182E+00 3.330251E-03
6.991120E+00 1.437989E+00 3.291510E-03
6.981583E+00 1.438791E+00 3.252616E-03
6.972071E+00 1.439588E+00 3.213599E-03
6.962586E+00 1.440380E+00 3.174482E-03
6.953126E+00 1.441167E+00 3.135295E-03
6.943692E+00 1.441949E+00 3.096063E-03
6.934284E+00 1.442727E+00 3.056812E-03
6.924901E+00 1.443499E+00 3.017570E-03
6.915538E+00 1.444267E+00 2.978365E-03
6.906206E+00 1.445031E+00 2.939228E-03
6.896899E+00 1.445790E+00 2.900190E-03
6.887617E+00 1.446545E+00 2.861285E-03
6.878360E+00 1.447295E+00 2.822551E-03
6.869127E+00 1.448041E+00 2.784027E-03
6.859920E+00 1.448784E+00 2.745755E-03
6.850737E+00 1.449522E+00 2.707783E-03
6.841578E+00 1.450256E+00 2.670159E-03
6.832445E+00 1.450986E+00 2.632937E-03
6.823335E+00 1.451712E+00 2.596171E-03
6.814250E+00 1.452434E+00 2.559918E-03
6.805184E+00 1.453153E+00 2.524238E-03
6.796147E+00 1.453868E+00 2.489192E-03
6.787134E+00 1.454579E+00 2.454841E-03
6.778145E+00 1.455287E+00 2.421246E-03
6.769179E+00 1.455990E+00 2.388469E-03
6.760237E+00 1.456691E+00 2.356568E-03
6.751319E+00 1.457387E+00 2.325601E-03
6.742425E+00 1.458080E+00 2.295622E-03
6.733553E+00 1.458769E+00 2.266684E-03
6.724705E+00 1.459455E+00 2.238832E-03
6.715881E+00 1.460137E+00 2.212111E-03
6.707079E+00 1.460816E+00 2.186559E-03
6.698301E+00 1.461491E+00 2.162209E-03
6.689540E+00 1.462162E+00 2.139089E-03
6.680808E+00 1.462830E+00 2.117223E-03
6.672098E+00 1.463493E+00 2.096629E-03
6.663410E+00 1.464153E+00 2.077319E-03
6.654746E+00 1.464809E+00 2.059302E-03
6.646104E+00 1.465462E+00 2.042582E-03
6.637484E+00 1.466111E+00 2.027157E-03
6.628886E+00 1.466756E+00 2.013024E-03
6.620311E+00 1.467396E+00 2.000172E-03
6.611758E+00 1.468034E+00 1.988590E-03
6.603227E+00 1.468666E+00 1.978263E-03
6.594718E+00 1.469296E+00 1.969171E-03
6.586231E+00 1.469921E+00 1.961293E-03
6.577762E+00 1.470542E+00 1.954604E-03
6.569318E+00 1.471160E+00 1.949075E-03
6.560896E+00 1.471774E+00 1.944674E-03
6.552496E+00 1.472383E+00 1.941369E-03
6.544117E+00 1.472989E+00 1.939119E-03
6.535760E+00 1.473590E+00 1.937886E-03
6.527424E+00 1.474187E+00 1.937622E-03
6.519109E+00 1.474781E+00 1.938280E-03
6.510815E+00 1.475370E+00 1.939809E-03
6.502542E+00 1.475956E+00 1.942154E-03
6.494291E+00 1.476537E+00 1.945258E-03
6.486060E+00 1.477115E+00 1.949064E-03
6.477846E+00 1.477689E+00 1.953511E-03
6.469657E+00 1.478259E+00 1.958541E-03
6.461489E+00 1.478824E+00 1.964097E-03
6.453341E+00 1.479387E+00 1.970123E-03
6.445213E+00 1.479945E+00 1.976571E-03
6.437107E+00 1.480500E+00 1.983396E-03
6.429020E+00 1.481051E+00 1.990562E-03
6.420954E+00 1.481599E+00 1.998043E-03
6.412908E+00 1.482144E+00 2.005823E-03
6.404882E+00 1.482684E+00 2.013897E-03
6.396876E+00 1.483222E+00 2.022276E-03
6.388890E+00 1.483757E+00 2.030981E-03
6.380925E+00 1.484289E+00 2.040051E-03
6.372975E+00 1.484818E+00 2.049535E-03
6.365048E+00 1.485344E+00 2.059498E-03
6.357142E+00 1.485867E+00 2.070016E-03
6.349255E+00 1.486388E+00 2.081176E-03
6.341387E+00 1.486905E+00 2.093072E-03
6.333539E+00 1.487420E+00 2.105809E-03
6.325711E+00 1.487933E+00 2.119491E-03
6.317902E+00 1.488443E+00 2.134225E-03
6.310112E+00 1.488950E+00 2.150116E-03
6.302341E+00 1.489454E+00 2.167263E-03
6.294589E+00 1.489956E+00 2.185757E-03
6.286857E+00 1.490454E+00 2.205680E-03
6.279143E+00 1.490950E+00 2.227099E-03
6.271444E+00 1.491442E+00 2.250064E-03
6.263769E+00 1.491931E+00 2.274611E-03
6.256111E+00 1.492417E+00 2.300753E-03
6.248473E+00 1.492899E+00 2.328487E-03
6.240853E+00 1.493378E+00 2.357786E-03
6.233252E+00 1.493853E+00 2.388606E-03
6.225669E+00 1.494324E+00 2.420881E-03
6.218105E+00 1.494791E+00 2.454528E-03
6.210559E+00 1.495253E+00 2.489445E-03
6.203031E+00 1.495712E+00 2.525517E-03
6.195522E+00 1.496166E+00 2.562612E-03
6.188031E+00 1.496616E+00 2.600591E-03
6.180554E+00 1.497061E+00 2.639304E-03
6.173099E+00 1.497502E+00 2.678598E-03
6.165661E+00 1.497939E+00 2.718315E-03
6.158242E+00 1.498371E+00 2.758300E-03
6.150841E+00 1.498798E+00 2.798398E-03
6.143457E+00 1.499222E+00 2.838466E-03
6.136091E+00 1.499641E+00 2.878364E-03
6.128743E+00 1.500055E+00 2.917966E-03
6.121412E+00 1.500466E+00 2.957162E-03
6.114099E+00 1.500872E+00 2.995853E-03
6.106803E+00 1.501274E+00 3.033959E-03
6.099525E+00 1.501673E+00 3.071419E-03
6.092264E+00 1.502068E+00 3.108188E-03
6.085016E+00 1.502459E+00 3.144238E-03
6.077790E+00 1.502846E+00 3.179557E-03
6.070580E+00 1.503230E+00 3.214150E-03
6.063388E+00 1.503611E+00 3.248031E-03
6.056213E+00 1.503989E+00 3.281224E-03
6.049054E+00 1.504363E+00 3.313760E-03
6.041913E+00 1.504733E+00 3.345669E-03
6.034788E+00 1.505101E+00 3.376978E-03
6.027680E+00 1.505465E+00 3.407708E-03
6.020589E+00 1.505826E+00 3.437868E-03
6.013515E+00 1.506184E+00 3.467448E-03
6.006457E+00 1.506537E+00 3.496421E-03
5.999412E+00 1.506888E+00 3.524733E-03
5.992387E+00 1.507234E+00 3.552305E-03
5.985379E+00 1.507578E+00 3.579028E-03
5.978387E+00 1.507917E+00 3.604763E-03
5.971411E+00 1.508252E+00 3.629344E-03
5.964452E+00 1.508584E+00 3.652573E-03
5.957509E+00 1.508911E+00 3.674229E-03
5.950582E+00 1.509235E+00 3.694065E-03
5.943671E+00 1.509555E+00 3.711821E-03
5.936776E+00 1.509871E+00 3.727222E-03
5.929897E+00 1.510184E+00 3.739989E-03
5.923034E+00 1.510493E+00 3.749847E-03
5.916187E+00 1.510799E+00 3.756533E-03
5.909352E+00 1.511102E+00 3.759802E-03
5.902536E+00 1.511403E+00 3.759442E-03
5.895736E+00 1.511701E+00 3.755276E-03
5.888952E+00 1.511998E+00 3.747176E-03
5.882183E+00 1.512294E+00 3.735065E-03
5.875430E+00 1.512588E+00 3.718930E-03
5.868693E+00 1.512883E+00 3.698819E-03
5.861971E+00 1.513177E+00 3.674851E-03
5.855264E+00 1.513472E+00 3.647216E-03
5.848572E+00 1.513769E+00 3.616174E-03
5.841896E+00 1.514066E+00 3.582058E-03
5.835235E+00 1.514366E+00 3.545269E-03
5.828589E+00 1.514669E+00 3.506283E-03
5.821955E+00 1.514974E+00 3.465641E-03
5.815340E+00 1.515282E+00 3.423958E-03
5.808739E+00 1.515593E+00 3.381916E-03
5.802154E+00 1.515907E+00 3.340266E-03
5.795583E+00 1.516225E+00 3.299813E-03
5.789027E+00 1.516546E+00 3.261409E-03
5.782486E+00 1.516869E+00 3.225925E-03
5.775960E+00 1.517195E+00 3.194211E-03
5.769448E+00 1.517522E+00 3.167045E-03
5.762951E+00 1.517849E+00 3.145073E-03
5.756469E+00 1.518176E+00 3.128734E-03
5.750001E+00 1.518500E+00 3.118189E-03
5.743545E+00 1.518821E+00 3.113262E-03
5.737106E+00 1.519136E+00 3.113396E-03
5.730682E+00 1.519446E+00 3.117633E-03
5.724272E+00 1.519748E+00 3.124642E-03
5.717877E+00 1.520041E+00 3.132774E-03
5.711495E+00 1.520326E+00 3.140158E-03
5.705128E+00 1.520602E+00 3.144842E-03
5.698775E+00 1.520871E+00 3.144941E-03
5.692437E+00 1.521134E+00 3.138817E-03
5.686112E+00 1.521392E+00 3.125234E-03
5.679801E+00 1.521649E+00 3.103499E-03
5.673505E+00 1.521904E+00 3.073539E-03
5.667222E+00 1.522161E+00 3.035925E-03
5.660950E+00 1.522423E+00 2.991799E-03
5.654695E+00 1.522688E+00 2.942751E-03
5.648454E+00 1.522960E+00 2.890626E-03
5.642226E+00 1.523238E+00 2.837326E-03
5.636013E+00 1.523521E+00 2.784611E-03
5.629813E+00 1.523810E+00 2.733951E-03
5.623626E+00 1.524102E+00 2.686431E-03
5.617454E+00 1.524397E+00 2.642725E-03
5.611294E+00 1.524693E+00 2.603119E-03
5.605149E+00 1.524990E+00 2.567575E-03
5.599016E+00 1.525286E+00 2.535814E-03
5.592897E+00 1.525581E+00 2.507405E-03
5.586792E+00 1.525874E+00 2.481840E-03
5.580697E+00 1.526164E+00 2.458605E-03
5.574618E+00 1.526453E+00 2.437214E-03
5.568552E+00 1.526740E+00 2.417246E-03
5.562499E+00 1.527024E+00 2.398350E-03
5.556460E+00 1.527306E+00 2.380248E-03
5.550434E+00 1.527586E+00 2.362732E-03
5.544421E+00 1.527864E+00 2.345649E-03
5.538420E+00 1.528141E+00 2.328894E-03
5.532433E+00 1.528416E+00 2.312395E-03
5.526459E+00 1.528689E+00 2.296107E-03
5.520497E+00 1.528960E+00 2.280002E-03
5.514549E+00 1.529230E+00 2.264064E-03
5.508610E+00 1.529499E+00 2.248284E-03
5.502687E+00 1.529766E+00 2.232656E-03
5.496777E+00 1.530032E+00 2.217177E-03
5.490879E+00 1.530297E+00 2.201843E-03
5.484994E+00 1.530560E+00 2.186649E-03
5.479122E+00 1.530822E+00 2.171589E-03
5.473262E+00 1.531083E+00 2.156658E-03
5.467415E+00 1.531342E+00 2.141844E-03
5.461580E+00 1.531601E+00 2.127136E-03
5.455758E+00 1.531858E+00 2.112521E-03
5.449948E+00 1.532113E+00 2.097983E-03
5.444150E+00 1.532367E+00 2.083504E-03
5.438365E+00 1.532620E+00 2.069066E-03
5.432589E+00 1.532872E+00 2.054646E-03
5.426828E+00 1.533123E+00 2.040224E-03
5.421080E+00 1.533372E+00 2.025775E-03
5.415343E+00 1.533620E+00 2.011275E-03
5.409619E+00 1.533866E+00 1.996700E-03
5.403907E+00 1.534112E+00 1.982026E-03
5.398207E+00 1.534356E+00 1.967229E-03
5.392519E+00 1.534599E+00 1.952286E-03
5.386843E+00 1.534841E+00 1.937179E-03
5.381178E+00 1.535082E+00 1.921890E-03
5.375526E+00 1.535322E+00 1.906403E-03
5.369886E+00 1.535560E+00 1.890708E-03
5.364257E+00 1.535798E+00 1.874798E-03
5.358638E+00 1.536034E+00 1.858669E-03
5.353032E+00 1.536270E+00 1.842322E-03
5.347439E+00 1.536505E+00 1.825762E-03
5.341858E+00 1.536738E+00 1.808992E-03
5.336288E+00 1.536970E+00 1.792022E-03
5.330729E+00 1.537203E+00 1.774855E-03
5.325182E+00 1.537433E+00 1.757495E-03
5.319647E+00 1.537663E+00 1.739940E-03
5.314123E+00 1.537892E+00 1.722182E-03
5.308611E+00 1.538120E+00 1.704203E-03
5.303110E+00 1.538347E+00 1.685976E-03
5.297620E+00 1.538573E+00 1.667465E-03
5.292139E+00 1.538798E+00 1.648622E-03
5.286672E+00 1.539022E+00 1.629395E-03
5.281217E+00 1.539244E+00 1.609723E-03
5.275773E+00 1.539467E+00 1.589544E-03
5.270339E+00 1.539688E+00 1.568801E-03
5.264917E+00 1.539909E+00 1.547442E-03
5.259507E+00 1.540129E+00 1.525428E-03
5.254107E+00 1.540348E+00 1.502737E-03
5.248718E+00 1.540567E+00 1.479365E-03
5.243341E+00 1.540786E+00 1.455333E-03
5.237974E+00 1.541005E+00 1.430683E-03
5.232619E+00 1.541223E+00 1.405478E-03
5.227274E+00 1.541442E+00 1.379806E-03
5.221938E+00 1.541660E+00 1.353767E-03
5.216615E+00 1.541879E+00 1.327474E-03
5.211303E+00 1.542098E+00 1.301048E-03
5.206001E+00 1.542318E+00 1.274611E-03
5.200711E+00 1.542537E+00 1.248281E-03
5.195431E+00 1.542757E+00 1.222170E-03
5.190162E+00 1.542977E+00 1.196379E-03
5.184904E+00 1.543197E+00 1.170996E-03
5.179656E+00 1.543417E+00 1.146097E-03
5.174419E+00 1.543637E+00 1.121745E-03
5.169193E+00 1.543857E+00 1.097990E-03
5.163977E+00 1.544077E+00 1.074872E-03
5.158769E+00 1.544296E+00 1.052425E-03
5.153574E+00 1.544516E+00 1.030675E-03
5.148389E+00 1.544735E+00 1.009647E-03
5.143215E+00 1.544955E+00 9.893622E-04
5.138052E+00 1.545173E+00 9.698436E-04
5.132898E+00 1.545392E+00 9.511146E-04
5.127755E+00 1.545610E+00 9.332008E-04
5.122623E+00 1.545827E+00 9.161286E-04
5.117500E+00 1.546045E+00 8.999264E-04
5.112388E+00 1.546261E+00 8.846231E-04
5.107286E+00 1.546477E+00 8.702464E-04
5.102194E+00 1.546692E+00 8.568214E-04
5.097113E+00 1.546906E+00 8.443707E-04
5.092039E+00 1.547121E+00 8.329102E-04
5.086977E+00 1.547333E+00 8.224483E-04
5.081926E+00 1.547545E+00 8.129846E-04
5.076884E+00 1.547756E+00 8.045071E-04
5.071853E+00 1.547966E+00 7.969917E-04
5.066832E+00 1.548174E+00 7.904005E-04
5.061820E+00 1.548381E+00 7.846796E-04
5.056818E+00 1.548587E+00 7.797617E-04
5.051827E+00 1.548790E+00 7.755616E-04
5.046845E+00 1.548993E+00 7.719801E-04
5.041873E+00 1.549193E+00 7.689038E-04
5.036910E+00 1.549392E+00 7.662053E-04
5.031958E+00 1.549589E+00 7.637461E-04
5.027013E+00 1.549784E+00 7.613794E-04
5.022080E+00 1.549978E+00 7.589520E-04
5.017156E+00 1.550169E+00 7.563081E-04
5.012242E+00 1.550359E+00 7.532933E-04
5.007338E+00 1.550547E+00 7.497571E-04
5.002444E+00 1.550734E+00 7.455579E-04
4.997559E+00 1.550919E+00 7.405670E-04
4.992683E+00 1.551102E+00 7.346711E-04
4.987817E+00 1.551284E+00 7.277762E-04
4.982961E+00 1.551465E+00 7.198104E-04
4.978114E+00 1.551646E+00 7.107272E-04
4.973276E+00 1.551826E+00 7.005045E-04
4.968445E+00 1.552004E+00 6.891481E-04
4.963627E+00 1.552184E+00 6.766891E-04
4.958817E+00 1.552362E+00 6.631850E-04
4.954017E+00 1.552540E+00 6.487167E-04
4.949226E+00 1.552719E+00 6.333856E-04
4.944444E+00 1.552897E+00 6.173108E-04
4.939672E+00 1.553077E+00 6.006265E-04
4.934909E+00 1.553255E+00 5.834747E-04
4.930155E+00 1.553436E+00 5.660042E-04
4.925410E+00 1.553615E+00 5.483646E-04
4.920674E+00 1.553796E+00 5.307020E-04
4.915947E+00 1.553977E+00 5.131556E-04
4.911230E+00 1.554159E+00 4.958555E-04
4.906519E+00 1.554340E+00 4.789179E-04
4.901819E+00 1.554522E+00 4.624449E-04
4.897128E+00 1.554704E+00 4.465224E-04
4.892447E+00 1.554886E+00 4.312192E-04
4.887774E+00 1.555069E+00 4.165877E-04
4.883111E+00 1.555251E+00 4.026640E-04
4.878456E+00 1.555432E+00 3.894687E-04
4.873810E+00 1.555614E+00 3.770087E-04
4.869173E+00 1.555795E+00 3.652785E-04
4.864544E+00 1.555976E+00 3.542623E-04
4.859925E+00 1.556156E+00 3.439355E-04
4.855314E+00 1.556336E+00 3.342669E-04
4.850712E+00 1.556515E+00 3.252202E-04
4.846116E+00 1.556693E+00 3.167559E-04
4.841532E+00 1.556871E+00 3.088326E-04
4.836956E+00 1.557047E+00 3.014084E-04
4.832389E+00 1.557223E+00 2.944418E-04
4.827830E+00 1.557398E+00 2.878929E-04
4.823280E+00 1.557573E+00 2.817234E-04
4.818738E+00 1.557747E+00 2.758978E-04
4.814205E+00 1.557919E+00 2.703834E-04
4.809681E+00 1.558092E+00 2.651504E-04
4.805165E+00 1.558263E+00 2.601717E-04
4.800657E+00 1.558434E+00 2.554235E-04
4.796158E+00 1.558604E+00 2.508845E-04
4.791666E+00 1.558773E+00 2.465359E-04
4.787183E+00 1.558941E+00 2.423615E-04
4.782710E+00 1.559109E+00 2.383470E-04
4.778244E+00 1.559275E+00 2.344799E-04
4.773787E+00 1.559442E+00 2.307494E-04
4.769338E+00 1.559607E+00 2.271459E-04
4.764898E+00 1.559772E+00 2.236609E-04
4.760465E+00 1.559936E+00 2.202870E-04
4.756041E+00 1.560099E+00 2.170175E-04
4.751625E+00 1.560262E+00 2.138460E-04
4.747218E+00 1.560424E+00 2.107670E-04
4.742818E+00 1.560585E+00 2.077749E-04
4.738427E+00 1.560746E+00 2.048648E-04
4.734042E+00 1.560906E+00 2.020318E-04
4.729666E+00 1.561065E+00 1.992713E-04
4.725299E+00 1.561224E+00 1.965787E-04
4.720940E+00 1.561382E+00 1.939497E-04
4.716590E+00 1.561539E+00 1.913800E-04
4.712247E+00 1.561696E+00 1.888657E-04
4.707912E+00 1.561852E+00 1.864027E-04
4.703585E+00 1.562008E+00 1.839874E-04
4.699266E+00 1.562163E+00 1.816162E-04
4.694955E+00 1.562318E+00 1.792859E-04
4.690652E+00 1.562472E+00 1.769933E-04
4.686356E+00 1.562625E+00 1.747357E-04
4.682067E+00 1.562778E+00 1.725105E-04
4.677787E+00 1.562930E+00 1.703155E-04
4.673515E+00 1.563081E+00 1.681488E-04
4.669251E+00 1.563232E+00 1.660086E-04
4.664995E+00 1.563383E+00 1.638937E-04
4.660747E+00 1.563532E+00 1.618029E-04
4.656506E+00 1.563682E+00 1.597356E-04
4.652273E+00 1.563831E+00 1.576911E-04
4.648048E+00 1.563979E+00 1.556691E-04
4.643830E+00 1.564127E+00 1.536696E-04
4.639620E+00 1.564274E+00 1.516928E-04
4.635417E+00 1.564420E+00 1.497388E-04
4.631223E+00 1.564567E+00 1.478080E-04
4.627033E+00 1.564712E+00 1.459009E-04
4.622854E+00 1.564857E+00 1.440181E-04
4.618682E+00 1.565002E+00 1.421601E-04
4.614517E+00 1.565146E+00 1.403275E-04
4.610360E+00 1.565289E+00 1.385208E-04
4.606210E+00 1.565433E+00 1.367404E-04
4.602068E+00 1.565576E+00 1.349869E-04
4.597934E+00 1.565718E+00 1.332605E-04
4.593806E+00 1.565859E+00 1.315615E-04
4.589687E+00 1.566001E+00 1.298899E-04
4.585574E+00 1.566141E+00 1.282458E-04
4.581469E+00 1.566281E+00 1.266291E-04
4.577371E+00 1.566421E+00 1.250395E-04
4.573279E+00 1.566560E+00 1.234766E-04
4.569196E+00 1.566699E+00 1.219401E-04
4.565120E+00 1.566838E+00 1.204294E-04
4.561051E+00 1.566975E+00 1.189439E-04
4.556990E+00 1.567113E+00 1.174829E-04
4.552936E+00 1.567249E+00 1.160457E-04
4.548889E+00 1.567386E+00 1.146315E-04
4.544849E+00 1.567522E+00 1.132394E-04
4.540817E+00 1.567657E+00 1.118687E-04
4.536791E+00 1.567792E+00 1.105184E-04
4.532773E+00 1.567927E+00 1.091877E-04
4.528762E+00 1.568061E+00 1.078759E-04
4.524756E+00 1.568195E+00 1.065821E-04
4.520759E+00 1.568328E+00 1.053055E-04
4.516769E+00 1.568460E+00 1.040454E-04
4.512786E+00 1.568593E+00 1.028012E-04
4.508810E+00 1.568725E+00 1.015721E-04
4.504841E+00 1.568856E+00 1.003576E-04
4.500879E+00 1.568987E+00 9.915712E-05
4.496925E+00 1.569118E+00 9.797013E-05
4.492977E+00 1.569248E+00 9.679628E-05
4.489036E+00 1.569377E+00 9.563511E-05
4.485101E+00 1.569507E+00 9.448626E-05
4.481174E+00 1.569636E+00 9.334949E-05
4.477254E+00 1.569764E+00 9.222449E-05
4.473338E+00 1.569892E+00 9.111106E-05
4.469432E+00 1.570019E+00 9.000904E-05
4.465532E+00 1.570147E+00 8.891828E-05
4.461639E+00 1.570273E+00 8.783866E-05
4.457752E+00 1.570400E+00 8.677014E-05
4.453873E+00 1.570526E+00 8.571260E-05
4.450000E+00 1.570651E+00 8.466612E-05
4.446134E+00 1.570776E+00 8.363060E-05
4.442275E+00 1.570901E+00 8.260613E-05
4.438422E+00 1.571025E+00 8.159268E-05
4.434576E+00 1.571150E+00 8.059036E-05
4.430737E+00 1.571273E+00 7.959924E-05
4.426904E+00 1.571396E+00 7.861936E-05
4.423076E+00 1.571519E+00 7.765079E-05
4.419257E+00 1.571641E+00 7.669372E-05
4.415444E+00 1.571764E+00 7.574820E-05
4.411638E+00 1.571885E+00 7.481434E-05
4.407838E+00 1.572006E+00 7.389227E-05
4.404045E+00 1.572127E+00 7.298215E-05
4.400258E+00 1.572248E+00 7.208410E-05
4.396478E+00 1.572368E+00 7.119824E-05
4.392704E+00 1.572487E+00 7.032475E-05
4.388937E+00 1.572607E+00 6.946374E-05
4.385176E+00 1.572726E+00 6.861540E-05
4.381422E+00 1.572844E+00 6.777986E-05
4.377672E+00 1.572963E+00 6.695729E-05
4.373931E+00 1.573080E+00 6.614784E-05
4.370196E+00 1.573198E+00 6.535170E-05
4.366467E+00 1.573315E+00 6.456901E-05
4.362745E+00 1.573432E+00 6.379997E-05
4.359029E+00 1.573548E+00 6.304473E-05
4.355319E+00 1.573664E+00 6.230349E-05
4.351616E+00 1.573780E+00 6.157641E-05
4.347919E+00 1.573896E+00 6.086369E-05
4.344228E+00 1.574011E+00 6.016551E-05
4.340543E+00 1.574125E+00 5.948207E-05
4.336865E+00 1.574239E+00 5.881355E-05
4.333193E+00 1.574353E+00 5.816017E-05
4.329525E+00 1.574467E+00 5.752211E-05
4.325866E+00 1.574580E+00 5.689959E-05
4.322212E+00 1.574693E+00 5.629281E-05
4.318565E+00 1.574806E+00 5.570200E-05
4.314924E+00 1.574918E+00 5.512735E-05
4.311289E+00 1.575030E+00 5.456909E-05
4.307660E+00 1.575142E+00 5.402744E-05
4.304037E+00 1.575253E+00 5.350262E-05
4.300420E+00 1.575363E+00 5.299485E-05
4.296810E+00 1.575474E+00 5.250435E-05
4.293205E+00 1.575584E+00 5.203133E-05
4.289607E+00 1.575694E+00 5.157602E-05
4.286014E+00 1.575804E+00 5.113863E-05
4.282426E+00 1.575913E+00 5.071937E-05
4.278846E+00 1.576022E+00 5.031843E-05
4.275271E+00 1.576131E+00 4.993602E-05
4.271702E+00 1.576239E+00 4.957230E-05
4.268140E+00 1.576347E+00 4.922746E-05
4.264583E+00 1.576454E+00 4.890165E-05
4.261033E+00 1.576562E+00 4.859500E-05
4.257488E+00 1.576669E+00 4.830764E-05
4.253949E+00 1.576775E+00 4.803966E-05
4.250416E+00 1.576881E+00 4.779114E-05
4.246889E+00 1.576987E+00 4.756212E-05
4.243367E+00 1.577093E+00 4.735261E-05
4.239850E+00 1.577199E+00 4.716259E-05
4.236340E+00 1.577303E+00 4.699203E-05
4.232836E+00 1.577408E+00 4.684082E-05
4.229338E+00 1.577512E+00 4.670883E-05
4.225846E+00 1.577617E+00 4.659588E-05
4.222360E+00 1.577720E+00 4.650176E-05
4.218879E+00 1.577824E+00 4.642621E-05
4.215404E+00 1.577927E+00 4.636889E-05
4.211934E+00 1.578030E+00 4.632944E-05
4.208471E+00 1.578132E+00 4.630744E-05
4.205013E+00 1.578234E+00 4.630242E-05
4.201561E+00 1.578337E+00 4.631384E-05
4.198114E+00 1.578438E+00 4.634112E-05
4.194671E+00 1.578539E+00 4.638361E-05
4.191236E+00 1.578640E+00 4.644062E-05
4.187806E+00 1.578741E+00 4.651141E-05
4.184382E+00 1.578841E+00 4.659518E-05
4.180964E+00 1.578941E+00 4.669108E-05
4.177551E+00 1.579041E+00 4.679821E-05
4.174144E+00 1.579140E+00 4.691563E-05
4.170742E+00 1.579239E+00 4.704237E-05
4.167346E+00 1.579338E+00 4.717741E-05
4.163955E+00 1.579437E+00 4.731971E-05
4.160570E+00 1.579534E+00 4.746819E-05
4.157190E+00 1.579632E+00 4.762175E-05
4.153814E+00 1.579730E+00 4.777929E-05
4.150445E+00 1.579827E+00 4.793969E-05
4.147082E+00 1.579924E+00 4.810183E-05
4.143724E+00 1.580021E+00 4.826458E-05
4.140372E+00 1.580117E+00 4.842684E-05
4.137025E+00 1.580213E+00 4.858754E-05
4.133683E+00 1.580309E+00 4.874560E-05
4.130347E+00 1.580404E+00 4.889999E-05
4.127016E+00 1.580499E+00 4.904972E-05
4.123691E+00 1.580594E+00 4.919385E-05
4.120371E+00 1.580689E+00 4.933148E-05
4.117056E+00 1.580783E+00 4.946178E-05
4.113747E+00 1.580877E+00 4.958397E-05
4.110441E+00 1.580971E+00 4.969737E-05
4.107142E+00 1.581064E+00 4.980133E-05
4.103849E+00 1.581158E+00 4.989532E-05
4.100561E+00 1.581251E+00 4.997886E-05
4.097278E+00 1.581343E+00 5.005157E-05
4.094000E+00 1.581436E+00 5.011316E-05
4.090727E+00 1.581528E+00 5.016341E-05
4.087460E+00 1.581620E+00 5.020222E-05
4.084198E+00 1.581711E+00 5.022954E-05
4.080941E+00 1.581802E+00 5.024543E-05
4.077690E+00 1.581893E+00 5.025001E-05
4.074443E+00 1.581984E+00 5.024351E-05
4.071202E+00 1.582075E+00 5.022622E-05
4.067964E+00 1.582165E+00 5.019851E-05
4.064733E+00 1.582255E+00 5.016079E-05
4.061507E+00 1.582345E+00 5.011357E-05
4.058287E+00 1.582434E+00 5.005737E-05
4.055071E+00 1.582523E+00 4.999279E-05
4.051861E+00 1.582613E+00 4.992046E-05
4.048655E+00 1.582701E+00 4.984102E-05
4.045455E+00 1.582790E+00 4.975516E-05
4.042259E+00 1.582878E+00 4.966356E-05
4.039069E+00 1.582966E+00 4.956692E-05
4.035884E+00 1.583054E+00 4.946591E-05
4.032704E+00 1.583141E+00 4.936122E-05
4.029527E+00 1.583229E+00 4.925350E-05
4.026357E+00 1.583316E+00 4.914336E-05
4.023191E+00 1.583403E+00 4.903139E-05
4.020031E+00 1.583489E+00 4.891814E-05
4.016876E+00 1.583576E+00 4.880409E-05
4.013725E+00 1.583662E+00 4.868967E-05
4.010580E+00 1.583748E+00 4.857526E-05
4.007439E+00 1.583833E+00 4.846117E-05
4.004304E+00 1.583919E+00 4.834763E-05
4.001173E+00 1.584004E+00 4.823480E-05
3.998047E+00 1.584089E+00 4.812279E-05
3.994926E+00 1.584174E+00 4.801161E-05
3.991810E+00 1.584258E+00 4.790121E-05
3.988698E+00 1.584342E+00 4.779148E-05
3.985591E+00 1.584426E+00 4.768221E-05
3.982490E+00 1.584510E+00 4.757315E-05
3.979393E+00 1.584594E+00 4.746399E-05
3.976301E+00 1.584677E+00 4.735435E-05
3.973214E+00 1.584760E+00 4.724380E-05
3.970132E+00 1.584843E+00 4.713187E-05
3.967054E+00 1.584926E+00 4.701805E-05
3.963982E+00 1.585008E+00 4.690180E-05
3.960914E+00 1.585090E+00 4.678254E-05
3.957850E+00 1.585172E+00 4.665971E-05
3.954792E+00 1.585254E+00 4.653269E-05
3.951738E+00 1.585335E+00 4.640090E-05
3.948688E+00 1.585417E+00 4.626375E-05
3.945643E+00 1.585498E+00 4.612065E-05
3.942604E+00 1.585579E+00 4.597106E-05
3.939569E+00 1.585659E+00 4.581444E-05
3.936538E+00 1.585740E+00 4.565031E-05
3.933513E+00 1.585819E+00 4.547820E-05
3.930492E+00 1.585900E+00 4.529770E-05
3.927475E+00 1.585979E+00 4.510847E-05
3.924463E+00 1.586059E+00 4.491018E-05
3.921456E+00 1.586138E+00 4.470261E-05
3.918454E+00 1.586217E+00 4.448554E-05
3.915456E+00 1.586296E+00 4.425886E-05
3.912461E+00 1.586375E+00 4.402252E-05
3.909472E+00 1.586454E+00 4.377650E-05
3.906488E+00 1.586532E+00 4.352086E-05
3.903508E+00 1.586610E+00 4.325574E-05
3.900533E+00 1.586688E+00 4.298132E-05
3.897563E+00 1.586765E+00 4.269784E-05
3.894597E+00 1.586843E+00 4.240560E-05
3.891635E+00 1.586920E+00 4.210495E-05
3.888678E+00 1.586997E+00 4.179628E-05
3.885725E+00 1.587074E+00 4.148003E-05
3.882777E+00 1.587151E+00 4.115669E-05
3.879834E+00 1.587227E+00 4.082676E-05
3.876895E+00 1.587303E+00 4.049079E-05
3.873958E+00 1.587379E+00 4.014934E-05
3.871028E+00 1.587455E+00 3.980300E-05
3.868102E+00 1.587531E+00 3.945236E-05
3.865181E+00 1.587607E+00 3.909802E-05
3.862264E+00 1.587682E+00 3.874060E-05
3.859351E+00 1.587757E+00 3.838070E-05
3.856443E+00 1.587832E+00 3.801893E-05
3.853539E+00 1.587907E+00 3.765588E-05
3.850640E+00 1.587982E+00 3.729211E-05
3.847745E+00 1.588056E+00 3.692820E-05
3.844854E+00 1.588130E+00 3.656468E-05
3.841968E+00 1.588204E+00 3.620207E-05
3.839085E+00 1.588278E+00 3.584086E-05
3.836206E+00 1.588352E+00 3.548150E-05
3.833333E+00 1.588425E+00 3.512443E-05
3.830464E+00 1.588498E+00 3.477005E-05
3.827599E+00 1.588572E+00 3.441872E-05
3.824738E+00 1.588645E+00 3.407078E-05
3.821882E+00 1.588717E+00 3.372654E-05
3.819030E+00 1.588790E+00 3.338624E-05
3.816182E+00 1.588862E+00 3.305014E-05
3.813339E+00 1.588935E+00 3.271843E-05
3.810499E+00 1.589007E+00 3.239128E-05
3.807664E+00 1.589079E+00 3.206883E-05
3.804833E+00 1.589150E+00 3.175118E-05
3.802005E+00 1.589222E+00 3.143842E-05
3.799183E+00 1.589293E+00 3.113059E-05
3.796365E+00 1.589364E+00 3.082772E-05
3.793550E+00 1.589435E+00 3.052980E-05
3.790741E+00 1.589506E+00 3.023682E-05
3.787935E+00 1.589577E+00 2.994874E-05
3.785133E+00 1.589647E+00 2.966547E-05
3.782336E+00 1.589718E+00 2.938695E-05
3.779542E+00 1.589788E+00 2.911307E-05
3.776753E+00 1.589858E+00 2.884371E-05
3.773968E+00 1.589927E+00 2.857876E-05
3.771187E+00 1.589997E+00 2.831807E-05
3.768410E+00 1.590066E+00 2.806149E-05
3.765636E+00 1.590136E+00 2.780886E-05
3.762867E+00 1.590205E+00 2.756003E-05
3.760102E+00 1.590274E+00 2.731482E-05
3.757342E+00 1.590343E+00 2.707306E-05
3.754585E+00 1.590411E+00 2.683459E-05
3.751833E+00 1.590479E+00 2.659922E-05
3.749084E+00 1.590547E+00 2.636678E-05
3.746340E+00 1.590616E+00 2.613711E-05
3.743599E+00 1.590684E+00 2.591003E-05
3.740863E+00 1.590751E+00 2.568539E-05
3.738131E+00 1.590819E+00 2.546302E-05
3.735402E+00 1.590886E+00 2.524279E-05
3.732676E+00 1.590953E+00 2.502456E-05
3.729956E+00 1.591020E+00 2.480819E-05
3.727239E+00 1.591087E+00 2.459356E-05
3.724527E+00 1.591154E+00 2.438058E-05
3.721818E+00 1.591221E+00 2.416913E-05
3.719113E+00 1.591287E+00 2.395914E-05
3.716412E+00 1.591353E+00 2.375054E-05
3.713716E+00 1.591419E+00 2.354327E-05
3.711023E+00 1.591485E+00 2.333727E-05
3.708334E+00 1.591550E+00 2.313254E-05
3.705648E+00 1.591616E+00 2.292904E-05
3.702967E+00 1.591682E+00 2.272677E-05
3.700290E+00 1.591747E+00 2.252574E-05
3.697615E+00 1.591812E+00 2.232597E-05
3.694945E+00 1.591877E+00 2.212749E-05
3.692280E+00 1.591942E+00 2.193035E-05
3.689618E+00 1.592006E+00 2.173460E-05
3.686959E+00 1.592071E+00 2.154031E-05
3.684305E+00 1.592135E+00 2.134754E-05
3.681655E+00 1.592199E+00 2.115639E-05
3.679008E+00 1.592263E+00 2.096692E-05
3.676365E+00 1.592327E+00 2.077923E-05
3.673726E+00 1.592391E+00 2.059343E-05
3.671091E+00 1.592454E+00 2.040960E-05
3.668459E+00 1.592518E+00 2.022785E-05
3.665832E+00 1.592581E+00 2.004827E-05
3.663206E+00 1.592644E+00 1.987096E-05
3.660586E+00 1.592707E+00 1.969603E-05
3.657970E+00 1.592770E+00 1.952355E-05
3.655357E+00 1.592832E+00 1.935363E-05
3.652748E+00 1.592895E+00 1.918635E-05
3.650143E+00 1.592957E+00 1.902178E-05
3.647541E+00 1.593019E+00 1.886000E-05
3.644943E+00 1.593081E+00 1.870107E-05
3.642349E+00 1.593143E+00 1.854503E-05
3.639759E+00 1.593205E+00 1.839195E-05
3.637172E+00 1.593266E+00 1.824186E-05
3.634589E+00 1.593328E+00 1.809478E-05
3.632008E+00 1.593389E+00 1.795073E-05
3.629432E+00 1.593450E+00 1.780973E-05
3.626860E+00 1.593511E+00 1.767176E-05
3.624291E+00 1.593572E+00 1.753683E-05
3.621727E+00 1.593633E+00 1.740490E-05
3.619165E+00 1.593693E+00 1.727596E-05
3.616608E+00 1.593754E+00 1.714996E-05
3.614054E+00 1.593814E+00 1.702686E-05
3.611503E+00 1.593874E+00 1.690660E-05
3.608957E+00 1.593934E+00 1.678912E-05
3.606413E+00 1.593994E+00 1.667436E-05
3.603874E+00 1.594053E+00 1.656224E-05
3.601338E+00 1.594113E+00 1.645267E-05
3.598804E+00 1.594172E+00 1.634559E-05
3.596275E+00 1.594232E+00 1.624088E-05
3.593750E+00 1.594291E+00 1.613847E-05
3.591228E+00 1.594350E+00 1.603826E-05
3.588709E+00 1.594409E+00 1.594015E-05
3.586195E+00 1.594467E+00 1.584404E-05
3.583683E+00 1.594526E+00 1.574982E-05
3.581176E+00 1.594584E+00 1.565740E-05
3.578672E+00 1.594643E+00 1.556668E-05
3.576171E+00 1.594701E+00 1.547754E-05
3.573674E+00 1.594759E+00 1.538990E-05
3.571180E+00 1.594817E+00 1.530364E-05
3.568690E+00 1.594875E+00 1.521868E-05
3.566202E+00 1.594932E+00 1.513490E-05
3.563718E+00 1.594989E+00 1.505223E-05
3.561238E+00 1.595047E+00 1.497055E-05
3.558762E+00 1.595104E+00 1.488979E-05
3.556289E+00 1.595161E+00 1.480986E-05
3.553819E+00 1.595218E+00 1.473067E-05
3.551353E+00 1.595275E+00 1.465213E-05
3.548891E+00 1.595331E+00 1.457417E-05
3.546431E+00 1.595388E+00 1.449672E-05
3.543975E+00 1.595444E+00 1.441969E-05
3.541523E+00 1.595501E+00 1.434302E-05
3.539074E+00 1.595557E+00 1.426665E-05
3.536627E+00 1.595613E+00 1.419051E-05
3.534185E+00 1.595669E+00 1.411454E-05
3.531746E+00 1.595724E+00 1.403867E-05
3.529310E+00 1.595780E+00 1.396287E-05
3.526878E+00 1.595835E+00 1.388707E-05
3.524449E+00 1.595891E+00 1.381123E-05
3.522023E+00 1.595946E+00 1.373529E-05
3.519601E+00 1.596001E+00 1.365923E-05
3.517182E+00 1.596056E+00 1.358300E-05
3.514767E+00 1.596111E+00 1.350656E-05
3.512355E+00 1.596166E+00 1.342988E-05
3.509946E+00 1.596220E+00 1.335292E-05
3.507540E+00 1.596275E+00 1.327566E-05
3.505136E+00 1.596329E+00 1.319806E-05
3.502737E+00 1.596383E+00 1.312011E-05
3.500342E+00 1.596437E+00 1.304177E-05
3.497949E+00 1.596491E+00 1.296303E-05
3.495560E+00 1.596545E+00 1.288387E-05
3.493174E+00 1.596599E+00 1.280427E-05
3.490791E+00 1.596652E+00 1.272422E-05
3.488412E+00 1.596706E+00 1.264370E-05
3.486036E+00 1.596759E+00 1.256270E-05
3.483663E+00 1.596812E+00 1.248122E-05
3.481293E+00 1.596865E+00 1.239923E-05
3.478926E+00 1.596918E+00 1.231675E-05
3.476563E+00 1.596971E+00 1.223376E-05
3.474202E+00 1.597024E+00 1.215025E-05
3.471845E+00 1.597077E+00 1.206624E-05
3.469491E+00 1.597129E+00 1.198171E-05
3.467141E+00 1.597182E+00 1.189667E-05
3.464793E+00 1.597233E+00 1.181112E-05
3.462449E+00 1.597286E+00 1.172507E-05
3.460108E+00 1.597338E+00 1.163852E-05
3.457770E+00 1.597390E+00 1.155146E-05
3.455436E+00 1.597441E+00 1.146392E-05
3.453104E+00 1.597493E+00 1.137591E-05
3.450776E+00 1.597545E+00 1.128742E-05
3.448451E+00 1.597596E+00 1.119848E-05
3.446127E+00 1.597647E+00 1.110909E-05
3.443808E+00 1.597699E+00 1.101926E-05
3.441493E+00 1.597750E+00 1.092901E-05
3.439180E+00 1.597801E+00 1.083835E-05
3.436870E+00 1.597851E+00 1.074730E-05
3.434564E+00 1.597902E+00 1.065588E-05
3.432260E+00 1.597953E+00 1.056410E-05
3.429960E+00 1.598004E+00 1.047197E-05
3.427663E+00 1.598054E+00 1.037952E-05
3.425368E+00 1.598104E+00 1.028677E-05
3.423077E+00 1.598154E+00 1.019373E-05
3.420789E+00 1.598204E+00 1.010042E-05
3.418504E+00 1.598255E+00 1.000688E-05
3.416221E+00 1.598304E+00 9.913105E-06
3.413942E+00 1.598354E+00 9.819130E-06
3.411666E+00 1.598404E+00 9.724978E-06
3.409393E+00 1.598453E+00 9.630665E-06
3.407124E+00 1.598503E+00 9.536218E-06
3.404857E+00 1.598552E+00 9.441659E-06
3.402593E+00 1.598601E+00 9.347012E-06
3.400332E+00 1.598650E+00 9.252297E-06
3.398075E+00 1.598699E+00 9.157543E-06
3.395820E+00 1.598748E+00 9.062774E-06
3.393568E+00 1.598797E+00 8.968008E-06
3.391319E+00 1.598846E+00 8.873275E-06
3.389072E+00 1.598894E+00 8.778596E-06
3.386829E+00 1.598942E+00 8.683998E-06
3.384590E+00 1.598991E+00 8.589503E-06
3.382353E+00 1.599039E+00 8.495134E-06
3.380119E+00 1.599087E+00 8.400921E-06
3.377888E+00 1.599136E+00 8.306885E-06
3.375660E+00 1.599183E+00 8.213050E-06
3.373434E+00 1.599231E+00 8.119437E-06
3.371212E+00 1.599279E+00 8.026077E-06
3.368993E+00 1.599327E+00 7.932987E-06
3.366777E+00 1.599374E+00 7.840196E-06
3.364563E+00 1.599422E+00 7.747724E-06
3.362353E+00 1.599469E+00 7.655594E-06
3.360144E+00 1.599516E+00 7.563827E-06
3.357939E+00 1.599563E+00 7.472451E-06
3.355737E+00 1.599610E+00 7.381482E-06
3.353538E+00 1.599657E+00 7.290947E-06
3.351342E+00 1.599704E+00 7.200862E-06
3.349149E+00 1.599751E+00 7.111253E-06
3.346959E+00 1.599797E+00 7.022137E-06
3.344771E+00 1.599844E+00 6.933536E-06
3.342587E+00 1.599890E+00 6.845470E-06
3.340405E+00 1.599936E+00 6.757959E-06
3.338226E+00 1.599982E+00 6.671020E-06
3.336050E+00 1.600029E+00 6.584667E-06
3.333877E+00 1.600075E+00 6.498927E-06
3.331705E+00 1.600121E+00 6.413814E-06
3.329538E+00 1.600166E+00 6.329341E-06
3.327373E+00 1.600212E+00 6.245527E-06
3.325211E+00 1.600258E+00 6.162391E-06
3.323052E+00 1.600303E+00 6.079941E-06
3.320895E+00 1.600349E+00 5.998197E-06
3.318742E+00 1.600394E+00 5.917175E-06
3.316591E+00 1.600439E+00 5.836883E-06
3.314443E+00 1.600485E+00 5.757334E-06
3.312298E+00 1.600530E+00 5.678544E-06
3.310156E+00 1.600575E+00 5.600525E-06
3.308016E+00 1.600620E+00 5.523285E-06
3.305878E+00 1.600664E+00 5.446838E-06
3.303744E+00 1.600709E+00 5.371193E-06
3.301613E+00 1.600753E+00 5.296356E-06
3.299484E+00 1.600798E+00 5.222343E-06
3.297358E+00 1.600842E+00 5.149154E-06
3.295235E+00 1.600887E+00 5.076802E-06
3.293115E+00 1.600931E+00 5.005293E-06
3.290997E+00 1.600975E+00 4.934633E-06
3.288882E+00 1.601019E+00 4.864829E-06
3.286770E+00 1.601063E+00 4.795886E-06
3.284660E+00 1.601107E+00 4.727809E-06
3.282553E+00 1.601150E+00 4.660601E-06
3.280449E+00 1.601194E+00 4.594267E-06
3.278347E+00 1.601237E+00 4.528810E-06
3.276248E+00 1.601281E+00 4.464232E-06
3.274152E+00 1.601324E+00 4.400536E-06
3.272059E+00 1.601368E+00 4.337723E-06
3.269968E+00 1.601411E+00 4.275795E-06
3.267880E+00 1.601454E+00 4.214751E-06
3.265795E+00 1.601497E+00 4.154593E-06
3.263712E+00 1.601540E+00 4.095318E-06
3.261632E+00 1.601583E+00 4.036927E-06
3.259554E+00 1.601626E+00 3.979419E-06
3.257480E+00 1.601668E+00 3.922790E-06
3.255408E+00 1.601711E+00 3.867040E-06
3.253338E+00 1.601753E+00 3.812165E-06
3.251270E+00 1.601795E+00 3.758161E-06
3.249206E+00 1.601837E+00 3.705027E-06
3.247144E+00 1.601880E+00 3.652757E-06
3.245085E+00 1.601922E+00 3.601348E-06
3.243029E+00 1.601964E+00 3.550794E-06
3.240975E+00 1.602006E+00 3.501090E-06
3.238924E+00 1.602048E+00 3.452232E-06
3.236876E+00 1.602090E+00 3.404213E-06
3.234830E+00 1.602131E+00 3.357027E-06
3.232786E+00 1.602173E+00 3.310667E-06
3.230745E+00 1.602214E+00 3.265127E-06
3.228707E+00 1.602256E+00 3.220401E-06
3.226670E+00 1.602297E+00 3.176480E-06
3.224637E+00 1.602338E+00 3.133357E-06
3.222607E+00 1.602379E+00 3.091024E-06
3.220579E+00 1.602420E+00 3.049473E-06
3.218553E+00 1.602461E+00 3.008697E-06
3.216530E+00 1.602502E+00 2.968685E-06
3.214510E+00 1.602543E+00 2.929430E-06
3.212492E+00 1.602584E+00 2.890924E-06
3.210477E+00 1.602625E+00 2.853156E-06
3.208464E+00 1.602665E+00 2.816117E-06
3.206454E+00 1.602706E+00 2.779798E-06
3.204446E+00 1.602746E+00 2.744191E-06
3.202441E+00 1.602786E+00 2.709284E-06
3.200437E+00 1.602827E+00 2.675068E-06
3.198437E+00 1.602867E+00 2.641534E-06
3.196439E+00 1.602907E+00 2.608671E-06
3.194444E+00 1.602947E+00 2.576469E-06
3.192452E+00 1.602987E+00 2.544918E-06
3.190461E+00 1.603026E+00 2.514009E-06
3.188474E+00 1.603066E+00 2.483729E-06
3.186488E+00 1.603106E+00 2.454071E-06
3.184505E+00 1.603145E+00 2.425022E-06
3.182525E+00 1.603185E+00 2.396573E-06
3.180547E+00 1.603225E+00 2.368713E-06
3.178572E+00 1.603264E+00 2.341432E-06
3.176599E+00 1.603303E+00 2.314719E-06
3.174627E+00 1.603343E+00 2.288564E-06
3.172659E+00 1.603382E+00 2.262957E-06
3.170694E+00 1.603421E+00 2.237888E-06
3.168730E+00 1.603460E+00 2.213345E-06
3.166770E+00 1.603498E+00 2.189319E-06
3.164811E+00 1.603537E+00 2.165800E-06
3.162855E+00 1.603576E+00 2.142776E-06
3.160902E+00 1.603614E+00 2.120239E-06
3.158951E+00 1.603653E+00 2.098179E-06
3.157002E+00 1.603691E+00 2.076584E-06
3.155056E+00 1.603730E+00 2.055445E-06
3.153112E+00 1.603768E+00 2.034753E-06
3.151169E+00 1.603807E+00 2.014498E-06
3.149230E+00 1.603845E+00 1.994669E-06
3.147294E+00 1.603883E+00 1.975258E-06
3.145359E+00 1.603921E+00 1.956255E-06
3.143427E+00 1.603959E+00 1.937651E-06
3.141498E+00 1.603997E+00 1.919436E-06
3.139571E+00 1.604034E+00 1.901601E-06
3.137646E+00 1.604072E+00 1.884138E-06
3.135723E+00 1.604110E+00 1.867036E-06
3.133803E+00 1.604147E+00 1.850289E-06
3.131885E+00 1.604185E+00 1.833886E-06
3.129970E+00 1.604222E+00 1.817819E-06
3.128057E+00 1.604260E+00 1.802081E-06
3.126145E+00 1.604297E+00 1.786663E-06
3.124237E+00 1.604334E+00 1.771556E-06
3.122330E+00 1.604371E+00 1.756752E-06
3.120427E+00 1.604408E+00 1.742245E-06
3.118525E+00 1.604445E+00 1.728025E-06
3.116626E+00 1.604482E+00 1.714085E-06
3.114729E+00 1.604519E+00 1.700419E-06
3.112835E+00 1.604555E+00 1.687019E-06
3.110942E+00 1.604592E+00 1.673877E-06
3.109053E+00 1.604629E+00 1.660986E-06
3.107165E+00 1.604665E+00 1.648339E-06
3.105280E+00 1.604702E+00 1.635931E-06
3.103396E+00 1.604738E+00 1.623754E-06
3.101515E+00 1.604774E+00 1.611802E-06
3.099636E+00 1.604811E+00 1.600068E-06
3.097760E+00 1.604847E+00 1.588546E-06
3.095886E+00 1.604883E+00 1.577230E-06
3.094014E+00 1.604919E+00 1.566114E-06
3.092145E+00 1.604955E+00 1.555193E-06
3.090278E+00 1.604991E+00 1.544461E-06
3.088413E+00 1.605027E+00 1.533911E-06
3.086550E+00 1.605062E+00 1.523540E-06
3.084690E+00 1.605098E+00 1.513341E-06
3.082832E+00 1.605133E+00 1.503310E-06
3.080976E+00 1.605169E+00 1.493442E-06
3.079121E+00 1.605204E+00 1.483731E-06
3.077270E+00 1.605240E+00 1.474173E-06
3.075420E+00 1.605275E+00 1.464763E-06
3.073573E+00 1.605310E+00 1.455497E-06
3.071729E+00 1.605346E+00 1.446371E-06
3.069886E+00 1.605381E+00 1.437380E-06
3.068046E+00 1.605416E+00 1.428520E-06
3.066207E+00 1.605451E+00 1.419787E-06
3.064371E+00 1.605486E+00 1.411177E-06
3.062538E+00 1.605520E+00 1.402687E-06
3.060706E+00 1.605555E+00 1.394312E-06
3.058877E+00 1.605590E+00 1.386050E-06
3.057049E+00 1.605625E+00 1.377897E-06
3.055223E+00 1.605659E+00 1.369848E-06
3.053401E+00 1.605694E+00 1.361903E-06
3.051580E+00 1.605728E+00 1.354055E-06
3.049761E+00 1.605763E+00 1.346304E-06
3.047945E+00 1.605797E+00 1.338646E-06
3.046131E+00 1.605831E+00 1.331078E-06
3.044319E+00 1.605865E+00 1.323597E-06
3.042509E+00 1.605899E+00 1.316201E-06
3.040701E+00 1.605933E+00 1.308887E-06
3.038896E+00 1.605967E+00 1.301653E-06
3.037092E+00 1.606001E+00 1.294495E-06
3.035291E+00 1.606035E+00 1.287413E-06
3.033491E+00 1.606069E+00 1.280403E-06
3.031694E+00 1.606102E+00 1.273463E-06
3.029899E+00 1.606136E+00 1.266592E-06
3.028106E+00 1.606170E+00 1.259786E-06
3.026316E+00 1.606203E+00 1.253045E-06
3.024527E+00 1.606237E+00 1.246367E-06
3.022741E+00 1.606270E+00 1.239748E-06
3.020956E+00 1.606303E+00 1.233189E-06
3.019174E+00 1.606336E+00 1.226686E-06
3.017394E+00 1.606370E+00 1.220240E-06
3.015616E+00 1.606403E+00 1.213847E-06
3.013840E+00 1.606436E+00 1.207506E-06
3.012066E+00 1.606469E+00 1.201216E-06
3.010294E+00 1.606502E+00 1.194975E-06
3.008524E+00 1.606535E+00 1.188783E-06
3.006756E+00 1.606567E+00 1.182638E-06
3.004991E+00 1.606600E+00 1.176538E-06
3.003228E+00 1.606633E+00 1.170483E-06
3.001466E+00 1.606666E+00 1.164471E-06
2.999707E+00 1.606698E+00 1.158500E-06
2.997950E+00 1.606731E+00 1.152572E-06
2.996195E+00 1.606763E+00 1.146683E-06
2.994441E+00 1.606796E+00 1.140833E-06
2.992690E+00 1.606828E+00 1.135022E-06
2.990941E+00 1.606860E+00 1.129247E-06
2.989194E+00 1.606892E+00 1.123509E-06
2.987449E+00 1.606924E+00 1.117807E-06
2.985706E+00 1.606957E+00 1.112139E-06
2.983965E+00 1.606989E+00 1.106506E-06
2.982226E+00 1.607020E+00 1.100906E-06
2.980489E+00 1.607052E+00 1.095338E-06
2.978754E+00 1.607084E+00 1.089803E-06
2.977022E+00 1.607116E+00 1.084298E-06
2.975291E+00 1.607148E+00 1.078825E-06
2.973562E+00 1.607180E+00 1.073381E-06
2.971835E+00 1.607211E+00 1.067967E-06
2.970111E+00 1.607242E+00 1.062583E-06
2.968388E+00 1.607274E+00 1.057227E-06
2.966666E+00 1.607306E+00 1.051898E-06
2.964948E+00 1.607336E+00 1.046598E-06
2.963231E+00 1.607368E+00 1.041324E-06
2.961516E+00 1.607399E+00 1.036077E-06
2.959803E+00 1.607430E+00 1.030857E-06
2.958092E+00 1.607462E+00 1.025663E-06
2.956384E+00 1.607493E+00 1.020494E-06
2.954677E+00 1.607524E+00 1.015350E-06
2.952972E+00 1.607555E+00 1.010231E-06
2.951269E+00 1.607586E+00 1.005137E-06
2.949568E+00 1.607616E+00 1.000068E-06
2.947869E+00 1.607647E+00 9.950217E-07
2.946172E+00 1.607678E+00 9.899999E-07
2.944476E+00 1.607708E+00 9.850010E-07
2.942783E+00 1.607739E+00 9.800256E-07
2.941092E+00 1.607770E+00 9.750731E-07
2.939402E+00 1.607800E+00 9.701435E-07
2.937715E+00 1.607831E+00 9.652361E-07
2.936030E+00 1.607861E+00 9.603512E-07
2.934346E+00 1.607891E+00 9.554887E-07
2.932665E+00 1.607922E+00 9.506478E-07
2.930985E+00 1.607952E+00 9.458289E-07
2.929308E+00 1.607982E+00 9.410312E-07
2.927632E+00 1.608012E+00 9.362553E-07
2.925958E+00 1.608042E+00 9.315006E-07
2.924286E+00 1.608072E+00 9.267670E-07
2.922615E+00 1.608102E+00 9.220544E-07
2.920947E+00 1.608132E+00 9.173624E-07
2.919281E+00 1.608161E+00 9.126914E-07
2.917617E+00 1.608192E+00 9.080411E-07
2.915954E+00 1.608221E+00 9.034113E-07
2.914294E+00 1.608251E+00 8.988016E-07
2.912635E+00 1.608281E+00 8.942121E-07
2.910978E+00 1.608310E+00 8.896433E-07
2.909324E+00 1.608339E+00 8.850940E-07
2.907671E+00 1.608369E+00 8.805651E-07
2.906020E+00 1.608398E+00 8.760561E-07
2.904370E+00 1.608428E+00 8.715668E-07
2.902722E+00 1.608457E+00 8.670972E-07
2.901077E+00 1.608486E+00 8.626471E-07
2.899433E+00 1.608515E+00 8.582168E-07
2.897791E+00 1.608544E+00 8.538060E-07
2.896152E+00 1.608573E+00 8.494145E-07
2.894514E+00 1.608603E+00 8.450425E-07
2.892877E+00 1.608631E+00 8.406897E-07
2.891243E+00 1.608660E+00 8.363563E-07
2.889611E+00 1.608689E+00 8.320419E-07
2.887980E+00 1.608718E+00 8.277468E-07
2.886351E+00 1.608747E+00 8.234706E-07
2.884724E+00 1.608775E+00 8.192133E-07
2.883099E+00 1.608804E+00 8.149753E-07
2.881475E+00 1.608833E+00 8.107560E-07
2.879853E+00 1.608861E+00 8.065555E-07
2.878234E+00 1.608890E+00 8.023740E-07
2.876616E+00 1.608918E+00 7.982112E-07
2.875000E+00 1.608946E+00 7.940670E-07
2.873386E+00 1.608975E+00 7.899418E-07
2.871773E+00 1.609003E+00 7.858348E-07
2.870163E+00 1.609031E+00 7.817467E-07
2.868554E+00 1.609060E+00 7.776771E-07
2.866947E+00 1.609088E+00 7.736256E-07
2.865342E+00 1.609116E+00 7.695928E-07
2.863738E+00 1.609144E+00 7.655785E-07
2.862136E+00 1.609172E+00 7.615825E-07
2.860536E+00 1.609200E+00 7.576048E-07
2.858938E+00 1.609227E+00 7.536455E-07
2.857342E+00 1.609255E+00 7.497044E-07
2.855748E+00 1.609283E+00 7.457815E-07
2.854155E+00 1.609311E+00 7.418766E-07
2.852564E+00 1.609339E+00 7.379901E-07
2.850975E+00 1.609366E+00 7.341214E-07
2.849388E+00 1.609394E+00 7.302709E-07
2.847802E+00 1.609421E+00 7.264384E-07
2.846218E+00 1.609449E+00 7.226239E-07
2.844636E+00 1.609476E+00 7.188272E-07
2.843056E+00 1.609504E+00 7.150487E-07
2.841477E+00 1.609531E+00 7.112875E-07
2.839900E+00 1.609558E+00 7.075447E-07
2.838325E+00 1.609586E+00 7.038193E-07
2.836751E+00 1.609613E+00 7.001115E-07
2.835180E+00 1.609640E+00 6.964218E-07
2.833610E+00 1.609667E+00 6.927493E-07
2.832042E+00 1.609694E+00 6.890949E-07
2.830476E+00 1.609721E+00 6.854578E-07
2.828911E+00 1.609748E+00 6.818381E-07
2.827348E+00 1.609775E+00 6.782361E-07
2.825787E+00 1.609802E+00 6.746514E-07
2.824228E+00 1.609829E+00 6.710840E-07
2.822670E+00 1.609855E+00 6.675341E-07
2.821113E+00 1.609882E+00 6.640017E-07
2.819559E+00 1.609909E+00 6.604862E-07
2.818006E+00 1.609935E+00 6.569882E-07
2.816456E+00 1.609962E+00 6.535075E-07
2.814906E+00 1.609989E+00 6.500436E-07
2.813359E+00 1.610015E+00 6.465971E-07
2.811813E+00 1.610041E+00 6.431675E-07
2.810269E+00 1.610068E+00 6.397548E-07
2.808727E+00 1.610094E+00 6.363591E-07
2.807186E+00 1.610120E+00 6.329807E-07
2.805647E+00 1.610147E+00 6.296187E-07
2.804110E+00 1.610173E+00 6.262738E-07
2.802574E+00 1.610199E+00 6.229454E-07
2.801040E+00 1.610225E+00 6.196341E-07
2.799507E+00 1.610251E+00 6.163394E-07
2.797977E+00 1.610277E+00 6.130614E-07
2.796448E+00 1.610303E+00 6.097996E-07
2.794921E+00 1.610329E+00 6.065548E-07
2.793395E+00 1.610355E+00 6.033265E-07
2.791871E+00 1.610381E+00 6.001143E-07
2.790349E+00 1.610407E+00 5.969186E-07
2.788829E+00 1.610432E+00 5.937394E-07
2.787310E+00 1.610458E+00 5.905764E-07
2.785792E+00 1.610484E+00 5.874299E-07
2.784277E+00 1.610509E+00 5.842996E-07
2.782762E+00 1.610535E+00 5.811852E-07
2.781250E+00 1.610560E+00 5.780870E-07
2.779739E+00 1.610586E+00 5.750050E-07
2.778230E+00 1.610611E+00 5.719391E-07
2.776723E+00 1.610637E+00 5.688889E-07
2.775217E+00 1.610662E+00 5.658544E-07
2.773713E+00 1.610687E+00 5.628363E-07
2.772210E+00 1.610712E+00 5.598337E-07
2.770709E+00 1.610738E+00 5.568467E-07
2.769210E+00 1.610763E+00 5.538756E-07
2.767713E+00 1.610788E+00 5.509203E-07
2.766217E+00 1.610813E+00 5.479804E-07
2.764722E+00 1.610838E+00 5.450562E-07
2.763229E+00 1.610863E+00 5.421474E-07
2.761737E+00 1.610888E+00 5.392539E-07
2.760248E+00 1.610913E+00 5.363759E-07
2.758760E+00 1.610938E+00 5.335131E-07
2.757274E+00 1.610963E+00 5.306659E-07
2.755789E+00 1.610988E+00 5.278337E-07
2.754306E+00 1.611012E+00 5.250166E-07
2.752824E+00 1.611037E+00 5.222148E-07
2.751344E+00 1.611062E+00 5.194277E-07
2.749866E+00 1.611086E+00 5.166561E-07
2.748389E+00 1.611111E+00 5.138991E-07
2.746914E+00 1.611135E+00 5.111569E-07
2.745440E+00 1.611160E+00 5.084298E-07
2.743968E+00 1.611184E+00 5.057175E-07
2.742497E+00 1.611209E+00 5.030198E-07
2.741028E+00 1.611233E+00 5.003367E-07
2.739561E+00 1.611257E+00 4.976682E-07
2.738095E+00 1.611282E+00 4.950142E-07
2.736631E+00 1.611306E+00 4.923750E-07
2.735168E+00 1.611330E+00 4.897500E-07
2.733707E+00 1.611354E+00 4.871393E-07
2.732248E+00 1.611378E+00 4.845433E-07
2.730790E+00 1.611402E+00 4.819612E-07
2.729334E+00 1.611426E+00 4.793933E-07
2.727879E+00 1.611450E+00 4.768396E-07
2.726425E+00 1.611474E+00 4.743002E-07
2.724973E+00 1.611498E+00 4.717747E-07
2.723523E+00 1.611522E+00 4.692631E-07
2.722074E+00 1.611546E+00 4.667655E-07
2.720627E+00 1.611570E+00 4.642817E-07
2.719182E+00 1.611593E+00 4.618117E-07
2.717738E+00 1.611617E+00 4.593555E-07
2.716295E+00 1.611641E+00 4.569129E-07
2.714854E+00 1.611665E+00 4.544840E-07
2.713415E+00 1.611688E+00 4.520686E-07
2.711977E+00 1.611712E+00 4.496668E-07
2.710541E+00 1.611735E+00 4.472783E-07
2.709106E+00 1.611759E+00 4.449033E-07
2.707672E+00 1.611782E+00 4.425415E-07
2.706240E+00 1.611805E+00 4.401931E-07
2.704810E+00 1.611829E+00 4.378579E-07
2.703381E+00 1.611852E+00 4.355358E-07
2.701953E+00 1.611876E+00 4.332268E-07
2.700528E+00 1.611898E+00 4.309308E-07
2.699103E+00 1.611922E+00 4.286478E-07
2.697681E+00 1.611945E+00 4.263777E-07
2.696259E+00 1.611968E+00 4.241205E-07
2.694840E+00 1.611991E+00 4.218761E-07
2.693421E+00 1.612014E+00 4.196444E-07
2.692005E+00 1.612037E+00 4.174253E-07
2.690589E+00 1.612060E+00 4.152189E-07
2.689175E+00 1.612083E+00 4.130251E-07
2.687762E+00 1.612106E+00 4.108437E-07
2.686352E+00 1.612129E+00 4.086748E-07
2.684942E+00 1.612152E+00 4.065182E-07
2.683534E+00 1.612174E+00 4.043740E-07
2.682128E+00 1.612197E+00 4.022420E-07
2.680723E+00 1.612220E+00 4.001222E-07
2.679319E+00 1.612242E+00 3.980145E-07
2.677917E+00 1.612265E+00 3.959190E-07
2.676517E+00 1.612288E+00 3.938354E-07
2.675118E+00 1.612310E+00 3.917639E-07
2.673720E+00 1.612333E+00 3.897042E-07
2.672323E+00 1.612355E+00 3.876563E-07
2.670929E+00 1.612378E+00 3.856203E-07
2.669536E+00 1.612400E+00 3.835959E-07
2.668144E+00 1.612422E+00 3.815833E-07
2.666753E+00 1.612445E+00 3.795822E-07
2.665365E+00 1.612467E+00 3.775926E-07
2.663977E+00 1.612489E+00 3.756146E-07
2.662591E+00 1.612511E+00 3.736480E-07
2.661207E+00 1.612534E+00 3.716928E-07
2.659823E+00 1.612556E+00 3.697488E-07
2.658442E+00 1.612578E+00 3.678162E-07
2.657062E+00 1.612600E+00 3.658947E-07
2.655682E+00 1.612622E+00 3.639843E-07
2.654305E+00 1.612644E+00 3.620850E-07
2.652929E+00 1.612666E+00 3.601968E-07
2.651554E+00 1.612688E+00 3.583195E-07
2.650181E+00 1.612710E+00 3.564531E-07
2.648809E+00 1.612731E+00 3.545976E-07
2.647439E+00 1.612753E+00 3.527528E-07
2.646070E+00 1.612775E+00 3.509188E-07
2.644703E+00 1.612797E+00 3.490954E-07
2.643337E+00 1.612818E+00 3.472827E-07
2.641972E+00 1.612840E+00 3.454805E-07
2.640609E+00 1.612862E+00 3.436888E-07
2.639247E+00 1.612883E+00 3.419075E-07
2.637886E+00 1.612905E+00 3.401366E-07
2.636527E+00 1.612926E+00 3.383761E-07
2.635170E+00 1.612948E+00 3.366258E-07
2.633814E+00 1.612969E+00 3.348857E-07
2.632459E+00 1.612991E+00 3.331559E-07
2.631105E+00 1.613012E+00 3.314360E-07
2.629753E+00 1.613034E+00 3.297263E-07
2.628403E+00 1.613055E+00 3.280265E-07
2.627054E+00 1.613076E+00 3.263366E-07
2.625706E+00 1.613097E+00 3.246567E-07
2.624359E+00 1.613118E+00 3.229865E-07
2.623014E+00 1.613140E+00 3.213261E-07
2.621670E+00 1.613161E+00 3.196754E-07
2.620327E+00 1.613182E+00 3.180344E-07
2.618986E+00 1.613203E+00 3.164030E-07
2.617647E+00 1.613224E+00 3.147811E-07
2.616309E+00 1.613245E+00 3.131687E-07
2.614972E+00 1.613266E+00 3.115657E-07
2.613636E+00 1.613287E+00 3.099721E-07
2.612302E+00 1.613308E+00 3.083878E-07
2.610969E+00 1.613329E+00 3.068128E-07
2.609638E+00 1.613349E+00 3.052471E-07
2.608308E+00 1.613370E+00 3.036904E-07
2.606979E+00 1.613391E+00 3.021429E-07
2.605652E+00 1.613412E+00 3.006045E-07
2.604325E+00 1.613432E+00 2.990750E-07
2.603001E+00 1.613453E+00 2.975545E-07
2.601677E+00 1.613474E+00 2.960429E-07
2.600356E+00 1.613495E+00 2.945401E-07
2.599035E+00 1.613515E+00 2.930462E-07
2.597716E+00 1.613536E+00 2.915609E-07
2.596398E+00 1.613556E+00 2.900844E-07
2.595081E+00 1.613576E+00 2.886164E-07
2.593766E+00 1.613597E+00 2.871571E-07
2.592452E+00 1.613617E+00 2.857063E-07
2.591139E+00 1.613638E+00 2.842639E-07
2.589828E+00 1.613658E+00 2.828300E-07
2.588518E+00 1.613679E+00 2.814045E-07
2.587209E+00 1.613698E+00 2.799873E-07
2.585902E+00 1.613719E+00 2.785784E-07
2.584596E+00 1.613739E+00 2.771776E-07
2.583291E+00 1.613759E+00 2.757851E-07
2.581988E+00 1.613779E+00 2.744007E-07
2.580686E+00 1.613799E+00 2.730243E-07
2.579385E+00 1.613820E+00 2.716560E-07
2.578086E+00 1.613839E+00 2.702957E-07
2.576788E+00 1.613860E+00 2.689433E-07
2.575491E+00 1.613879E+00 2.675987E-07
2.574195E+00 1.613899E+00 2.662620E-07
2.572901E+00 1.613919E+00 2.649330E-07
2.571608E+00 1.613939E+00 2.636118E-07
2.570316E+00 1.613959E+00 2.622983E-07
2.569026E+00 1.613979E+00 2.609924E-07
2.567737E+00 1.613999E+00 2.596941E-07
2.566449E+00 1.614018E+00 2.584033E-07
2.565163E+00 1.614038E+00 2.571200E-07
2.563878E+00 1.614058E+00 2.558442E-07
2.562594E+00 1.614077E+00 2.545757E-07
2.561311E+00 1.614097E+00 2.533146E-07
2.560030E+00 1.614117E+00 2.520608E-07
2.558750E+00 1.614136E+00 2.508143E-07
2.557471E+00 1.614156E+00 2.495750E-07
2.556194E+00 1.614175E+00 2.483428E-07
2.554917E+00 1.614195E+00 2.471178E-07
2.553642E+00 1.614214E+00 2.458998E-07
2.552369E+00 1.614234E+00 2.446888E-07
2.551097E+00 1.614253E+00 2.434849E-07
2.549826E+00 1.614272E+00 2.422878E-07
2.548556E+00 1.614292E+00 2.410977E-07
2.547287E+00 1.614311E+00 2.399145E-07
2.546020E+00 1.614331E+00 2.387380E-07
2.544754E+00 1.614350E+00 2.375682E-07
2.543489E+00 1.614369E+00 2.364053E-07
2.542226E+00 1.614388E+00 2.352489E-07
2.540964E+00 1.614407E+00 2.340993E-07
2.539703E+00 1.614426E+00 2.329561E-07
2.538442E+00 1.614445E+00 2.318196E-07
2.537184E+00 1.614465E+00 2.306895E-07
2.535926E+00 1.614483E+00 2.295659E-07
2.534670E+00 1.614502E+00 2.284488E-07
2.533416E+00 1.614522E+00 2.273380E-07
2.532162E+00 1.614540E+00 2.262335E-07
2.530910E+00 1.614559E+00 2.251353E-07
2.529659E+00 1.614578E+00 2.240434E-07
2.528409E+00 1.614597E+00 2.229577E-07
2.527161E+00 1.614616E+00 2.218781E-07
2.525913E+00 1.614634E+00 2.208047E-07
2.524667E+00 1.614654E+00 2.197374E-07
2.523422E+00 1.614672E+00 2.186761E-07
2.522178E+00 1.614691E+00 2.176208E-07
2.520936E+00 1.614710E+00 2.165716E-07
2.519695E+00 1.614728E+00 2.155282E-07
2.518455E+00 1.614747E+00 2.144907E-07
2.517216E+00 1.614765E+00 2.134591E-07
2.515978E+00 1.614784E+00 2.124333E-07
2.514742E+00 1.614802E+00 2.114132E-07
2.513507E+00 1.614821E+00 2.103989E-07
2.512273E+00 1.614840E+00 2.093904E-07
2.511040E+00 1.614858E+00 2.083874E-07
2.509809E+00 1.614876E+00 2.073901E-07
2.508579E+00 1.614895E+00 2.063984E-07
2.507349E+00 1.614913E+00 2.054122E-07
2.506121E+00 1.614931E+00 2.044315E-07
2.504895E+00 1.614949E+00 2.034563E-07
2.503669E+00 1.614968E+00 2.024865E-07
2.502445E+00 1.614986E+00 2.015222E-07
2.501222E+00 1.615004E+00 2.005632E-07
2.500000E+00 1.615022E+00 1.996095E-07
