5.117500E+03 2.688870E+00 2.200962E-04
2.558750E+03 2.689028E+00 4.426701E-04
1.705833E+03 2.689292E+00 6.702230E-04
1.279375E+03 2.689663E+00 9.053030E-04
1.023500E+03 2.690139E+00 1.150528E-03
8.529170E+02 2.690722E+00 1.408607E-03
7.310716E+02 2.691413E+00 1.682366E-03
6.396876E+02 2.692211E+00 1.974763E-03
5.686112E+02 2.693117E+00 2.288913E-03
5.117500E+02 2.694132E+00 2.628103E-03
4.652273E+02 2.695257E+00 2.995812E-03
4.264583E+02 2.696491E+00 3.395725E-03
3.936538E+02 2.697836E+00 3.831746E-03
3.655357E+02 2.699291E+00 4.308008E-03
3.411666E+02 2.700857E+00 4.828885E-03
3.198437E+02 2.702534E+00 5.398991E-03
3.010294E+02 2.704322E+00 6.023189E-03
2.843056E+02 2.706221E+00 6.706585E-03
2.693421E+02 2.708229E+00 7.454521E-03
2.558750E+02 2.710347E+00 8.272570E-03
2.436905E+02 2.712573E+00 9.166516E-03
2.326136E+02 2.714905E+00 1.014234E-02
2.225000E+02 2.717342E+00 1.120619E-02
2.132292E+02 2.719881E+00 1.236436E-02
2.047000E+02 2.722519E+00 1.362325E-02
1.968269E+02 2.725252E+00 1.498931E-02
1.895370E+02 2.728077E+00 1.646902E-02
1.827678E+02 2.730988E+00 1.806884E-02
1.764655E+02 2.733981E+00 1.979513E-02
1.705833E+02 2.737050E+00 2.165409E-02
1.650807E+02 2.740188E+00 2.365173E-02
1.599219E+02 2.743389E+00 2.579375E-02
1.550758E+02 2.746643E+00 2.808551E-02
1.505147E+02 2.749943E+00 3.053192E-02
1.462143E+02 2.753279E+00 3.313741E-02
1.421528E+02 2.756642E+00 3.590577E-02
1.383108E+02 2.760022E+00 3.884014E-02
1.346710E+02 2.763407E+00 4.194292E-02
1.312179E+02 2.766787E+00 4.521566E-02
1.279375E+02 2.770148E+00 4.865900E-02
1.248171E+02 2.773481E+00 5.227261E-02
1.218452E+02 2.776771E+00 5.605511E-02
1.190116E+02 2.780006E+00 6.000400E-02
1.163068E+02 2.783174E+00 6.411562E-02
1.137222E+02 2.786262E+00 6.838510E-02
1.112500E+02 2.789257E+00 7.280632E-02
1.088830E+02 2.792148E+00 7.737189E-02
1.066146E+02 2.794922E+00 8.207311E-02
1.044388E+02 2.797569E+00 8.689999E-02
1.023500E+02 2.800077E+00 9.184126E-02
1.003431E+02 2.802438E+00 9.688436E-02
9.841348E+01 2.804642E+00 1.020155E-01
9.655660E+01 2.806682E+00 1.072198E-01
9.476849E+01 2.808552E+00 1.124812E-01
9.304541E+01 2.810248E+00 1.177826E-01
9.138396E+01 2.811766E+00 1.231059E-01
8.978071E+01 2.813105E+00 1.284326E-01
8.823275E+01 2.814267E+00 1.337431E-01
8.673727E+01 2.815255E+00 1.390175E-01
8.529170E+01 2.816074E+00 1.442358E-01
8.389346E+01 2.816734E+00 1.493777E-01
8.254033E+01 2.817245E+00 1.544233E-01
8.123015E+01 2.817623E+00 1.593532E-01
7.996092E+01 2.817885E+00 1.641488E-01
7.873080E+01 2.818054E+00 1.687930E-01
7.753789E+01 2.818156E+00 1.732709E-01
7.638060E+01 2.818223E+00 1.775699E-01
7.525734E+01 2.818292E+00 1.816815E-01
7.416665E+01 2.818407E+00 1.856023E-01
7.310716E+01 2.818619E+00 1.893362E-01
7.207747E+01 2.818989E+00 1.928972E-01
7.107639E+01 2.819589E+00 1.963142E-01
7.010273E+01 2.820504E+00 1.996385E-01
6.915538E+01 2.821835E+00 2.029547E-01
6.823335E+01 2.823699E+00 2.064009E-01
6.733553E+01 2.826223E+00 2.102008E-01
6.646104E+01 2.829525E+00 2.147183E-01
6.560896E+01 2.833647E+00 2.205462E-01
6.477846E+01 2.838383E+00 2.286299E-01
6.396876E+01 2.842823E+00 2.403462E-01
6.317902E+01 2.844428E+00 2.571172E-01
6.240853E+01 2.838090E+00 2.783406E-01
6.165661E+01 2.818695E+00 2.971986E-01
6.092264E+01 2.790222E+00 3.023090E-01
6.020589E+01 2.765938E+00 2.915636E-01
5.950582E+01 2.752925E+00 2.739941E-01
5.882183E+01 2.749028E+00 2.571103E-01
5.815340E+01 2.750255E+00 2.432341E-01
5.750001E+01 2.754024E+00 2.322158E-01
5.686112E+01 2.759054E+00 2.233598E-01
5.623626E+01 2.764783E+00 2.160420E-01
5.562499E+01 2.770984E+00 2.098140E-01
5.502687E+01 2.777580E+00 2.043759E-01
5.444150E+01 2.784565E+00 1.995340E-01
5.386843E+01 2.791954E+00 1.951662E-01
5.330729E+01 2.799775E+00 1.911982E-01
5.275773E+01 2.808057E+00 1.875884E-01
5.221938E+01 2.816826E+00 1.843173E-01
5.169193E+01 2.826107E+00 1.813809E-01
5.117500E+01 2.835919E+00 1.787864E-01
5.066832E+01 2.846282E+00 1.765490E-01
5.017156E+01 2.857208E+00 1.746900E-01
4.968445E+01 2.868711E+00 1.732356E-01
4.920674E+01 2.880802E+00 1.722157E-01
4.873810E+01 2.893488E+00 1.716644E-01
4.827830E+01 2.906778E+00 1.716189E-01
4.782710E+01 2.920680E+00 1.721202E-01
4.738427E+01 2.935198E+00 1.732133E-01
4.694955E+01 2.950338E+00 1.749479E-01
4.652273E+01 2.966105E+00 1.773791E-01
4.610360E+01 2.982502E+00 1.805686E-01
4.569196E+01 2.999531E+00 1.845859E-01
4.528762E+01 3.017189E+00 1.895097E-01
4.489036E+01 3.035473E+00 1.954299E-01
4.450000E+01 3.054370E+00 2.024497E-01
4.411638E+01 3.073859E+00 2.106876E-01
4.373931E+01 3.093905E+00 2.202797E-01
4.336865E+01 3.114453E+00 2.313817E-01
4.300420E+01 3.135420E+00 2.441702E-01
4.264583E+01 3.156682E+00 2.588420E-01
4.229338E+01 3.178064E+00 2.756106E-01
4.194671E+01 3.199320E+00 2.946969E-01
4.160570E+01 3.220112E+00 3.163118E-01
4.127016E+01 3.239996E+00 3.406257E-01
4.094000E+01 3.258410E+00 3.677224E-01
4.061507E+01 3.274684E+00 3.975363E-01
4.029527E+01 3.288083E+00 4.297830E-01
3.998047E+01 3.297906E+00 4.639033E-01
3.967054E+01 3.303615E+00 4.990626E-01
3.936538E+01 3.304979E+00 5.342424E-01
3.906488E+01 3.302131E+00 5.684228E-01
3.876895E+01 3.295478E+00 6.007747E-01
3.847745E+01 3.285479E+00 6.307197E-01
3.819030E+01 3.272450E+00 6.577649E-01
3.790741E+01 3.256611E+00 6.811986E-01
3.762867E+01 3.238439E+00 6.999158E-01
3.735402E+01 3.219138E+00 7.126378E-01
3.708334E+01 3.200818E+00 7.185290E-01
3.681655E+01 3.186117E+00 7.178462E-01
3.655357E+01 3.177420E+00 7.121439E-01
3.629432E+01 3.176147E+00 7.038812E-01
3.603874E+01 3.182514E+00 6.957149E-01
3.578672E+01 3.195760E+00 6.899043E-01
3.553819E+01 3.214583E+00 6.880390E-01
3.529310E+01 3.237524E+00 6.910530E-01
3.505136E+01 3.263209E+00 6.993779E-01
3.481293E+01 3.290446E+00 7.131192E-01
3.457770E+01 3.318237E+00 7.321967E-01
3.434564E+01 3.345740E+00 7.564356E-01
3.411666E+01 3.372228E+00 7.856153E-01
3.389072E+01 3.397046E+00 8.194880E-01
3.366777E+01 3.419579E+00 8.577781E-01
3.344771E+01 3.439231E+00 9.001683E-01
3.323052E+01 3.455418E+00 9.462803E-01
3.301613E+01 3.467571E+00 9.956525E-01
3.280449E+01 3.475155E+00 1.047720E+00
3.259554E+01 3.477694E+00 1.101798E+00
3.238924E+01 3.474809E+00 1.157081E+00
3.218553E+01 3.466262E+00 1.212646E+00
3.198437E+01 3.452004E+00 1.267483E+00
3.178572E+01 3.432206E+00 1.320537E+00
3.158951E+01 3.407292E+00 1.370769E+00
3.139571E+01 3.377939E+00 1.417228E+00
3.120427E+01 3.345059E+00 1.459125E+00
3.101515E+01 3.309756E+00 1.495902E+00
3.082832E+01 3.273255E+00 1.527279E+00
3.064371E+01 3.236825E+00 1.553287E+00
3.046131E+01 3.201697E+00 1.574265E+00
3.028106E+01 3.168984E+00 1.590839E+00
3.010294E+01 3.139615E+00 1.603878E+00
2.992690E+01 3.114292E+00 1.614440E+00
2.975291E+01 3.093455E+00 1.623710E+00
2.958092E+01 3.077273E+00 1.632939E+00
2.941092E+01 3.065644E+00 1.643389E+00
2.924286E+01 3.058203E+00 1.656280E+00
2.907671E+01 3.054337E+00 1.672748E+00
2.891243E+01 3.053206E+00 1.693805E+00
2.875000E+01 3.053762E+00 1.720308E+00
2.858938E+01 3.054769E+00 1.752921E+00
2.843056E+01 3.054821E+00 1.792076E+00
2.827348E+01 3.052381E+00 1.837938E+00
2.811813E+01 3.045813E+00 1.890354E+00
2.796448E+01 3.033442E+00 1.948807E+00
2.781250E+01 3.013641E+00 2.012380E+00
2.766217E+01 2.984929E+00 2.079734E+00
2.751344E+01 2.946105E+00 2.149121E+00
2.736631E+01 2.896379E+00 2.218446E+00
2.722074E+01 2.835494E+00 2.285382E+00
2.707672E+01 2.763804E+00 2.347537E+00
2.693421E+01 2.682287E+00 2.402653E+00
2.679319E+01 2.592482E+00 2.448805E+00
2.665365E+01 2.496344E+00 2.484552E+00
2.651554E+01 2.396063E+00 2.509038E+00
2.637886E+01 2.293864E+00 2.521999E+00
2.624359E+01 2.191831E+00 2.523702E+00
2.610969E+01 2.091778E+00 2.514842E+00
2.597716E+01 1.995180E+00 2.496403E+00
2.584596E+01 1.903150E+00 2.469538E+00
2.571608E+01 1.816462E+00 2.435451E+00
2.558750E+01 1.735596E+00 2.395323E+00
2.546020E+01 1.660792E+00 2.350251E+00
2.533416E+01 1.592109E+00 2.301221E+00
2.520936E+01 1.529475E+00 2.249094E+00
2.508579E+01 1.472734E+00 2.194609E+00
2.496342E+01 1.421676E+00 2.138387E+00
2.484223E+01 1.376069E+00 2.080951E+00
2.472222E+01 1.335675E+00 2.022735E+00
2.460336E+01 1.300264E+00 1.964105E+00
2.448565E+01 1.269623E+00 1.905368E+00
2.436905E+01 1.243562E+00 1.846795E+00
2.425355E+01 1.221914E+00 1.788625E+00
2.413915E+01 1.204537E+00 1.731084E+00
2.402582E+01 1.191309E+00 1.674393E+00
2.391355E+01 1.182124E+00 1.618778E+00
2.380233E+01 1.176888E+00 1.564480E+00
2.369213E+01 1.175505E+00 1.511764E+00
2.358295E+01 1.177869E+00 1.460919E+00
2.347477E+01 1.183846E+00 1.412267E+00
2.336758E+01 1.193261E+00 1.366153E+00
2.326136E+01 1.205882E+00 1.322944E+00
2.315611E+01 1.221397E+00 1.283007E+00
2.305180E+01 1.239411E+00 1.246690E+00
2.294843E+01 1.259436E+00 1.214291E+00
2.284598E+01 1.280901E+00 1.186023E+00
2.274444E+01 1.303174E+00 1.161981E+00
2.264380E+01 1.325599E+00 1.142118E+00
2.254405E+01 1.347544E+00 1.126235E+00
2.244518E+01 1.368453E+00 1.113988E+00
2.234716E+01 1.387898E+00 1.104920E+00
2.225000E+01 1.405608E+00 1.098517E+00
2.215368E+01 1.421481E+00 1.094266E+00
2.205819E+01 1.435564E+00 1.091722E+00
2.196352E+01 1.448011E+00 1.090559E+00
2.186966E+01 1.459022E+00 1.090592E+00
2.177660E+01 1.468772E+00 1.091782E+00
2.168432E+01 1.477364E+00 1.094203E+00
2.159282E+01 1.484775E+00 1.098002E+00
2.150210E+01 1.490841E+00 1.103334E+00
2.141213E+01 1.495259E+00 1.110304E+00
2.132292E+01 1.497610E+00 1.118904E+00
2.123444E+01 1.497409E+00 1.128966E+00
2.114669E+01 1.494168E+00 1.140135E+00
2.105967E+01 1.487475E+00 1.151866E+00
2.097336E+01 1.477064E+00 1.163459E+00
2.088775E+01 1.462875E+00 1.174111E+00
2.080284E+01 1.445077E+00 1.183006E+00
2.071863E+01 1.424067E+00 1.189390E+00
2.063508E+01 1.400425E+00 1.192651E+00
2.055221E+01 1.374845E+00 1.192361E+00
2.047000E+01 1.348070E+00 1.188288E+00
2.038844E+01 1.320824E+00 1.180385E+00
2.030754E+01 1.293767E+00 1.168751E+00
2.022727E+01 1.267470E+00 1.153596E+00
2.014764E+01 1.242406E+00 1.135195E+00
2.006863E+01 1.218958E+00 1.113860E+00
1.999023E+01 1.197428E+00 1.089917E+00
1.991245E+01 1.178054E+00 1.063689E+00
1.983527E+01 1.161025E+00 1.035491E+00
1.975869E+01 1.146490E+00 1.005628E+00
1.968269E+01 1.134566E+00 9.743950E-01
1.960728E+01 1.125350E+00 9.420809E-01
1.953244E+01 1.118913E+00 9.089700E-01
1.945818E+01 1.115311E+00 8.753464E-01
1.938447E+01 1.114574E+00 8.414953E-01
1.931132E+01 1.116711E+00 8.077040E-01
1.923872E+01 1.121706E+00 7.742608E-01
1.916667E+01 1.129511E+00 7.414518E-01
1.909515E+01 1.140050E+00 7.095571E-01
1.902416E+01 1.153214E+00 6.788445E-01
1.895370E+01 1.168867E+00 6.495637E-01
1.888377E+01 1.186849E+00 6.219413E-01
1.881434E+01 1.206980E+00 5.961768E-01
1.874542E+01 1.229070E+00 5.724413E-01
1.867701E+01 1.252925E+00 5.508782E-01
1.860909E+01 1.278355E+00 5.316068E-01
1.854167E+01 1.305174E+00 5.147269E-01
1.847473E+01 1.333209E+00 5.003257E-01
1.840827E+01 1.362299E+00 4.884843E-01
1.834229E+01 1.392291E+00 4.792846E-01
1.827678E+01 1.423041E+00 4.728159E-01
1.821175E+01 1.454405E+00 4.691806E-01
1.814716E+01 1.486238E+00 4.684990E-01
1.808304E+01 1.518378E+00 4.709133E-01
1.801937E+01 1.550642E+00 4.765895E-01
1.795614E+01 1.582814E+00 4.857173E-01
1.789336E+01 1.614624E+00 4.985078E-01
1.783101E+01 1.645738E+00 5.151868E-01
1.776910E+01 1.675740E+00 5.359823E-01
1.770761E+01 1.704110E+00 5.611051E-01
1.764655E+01 1.730209E+00 5.907200E-01
1.758591E+01 1.753269E+00 6.249055E-01
1.752569E+01 1.772393E+00 6.636011E-01
1.746587E+01 1.786573E+00 7.065458E-01
1.740646E+01 1.794736E+00 7.532113E-01
1.734746E+01 1.795828E+00 8.027452E-01
1.728885E+01 1.788925E+00 8.539406E-01
1.723064E+01 1.773374E+00 9.052536E-01
1.717282E+01 1.748935E+00 9.548870E-01
1.711538E+01 1.715885E+00 1.000940E+00
1.705833E+01 1.675050E+00 1.041604E+00
1.700166E+01 1.627753E+00 1.075365E+00
1.694536E+01 1.575664E+00 1.101162E+00
1.688944E+01 1.520616E+00 1.118461E+00
1.683388E+01 1.464405E+00 1.127246E+00
1.677869E+01 1.408635E+00 1.127935E+00
1.672386E+01 1.354624E+00 1.121253E+00
1.666938E+01 1.303370E+00 1.108103E+00
1.661526E+01 1.255563E+00 1.089457E+00
1.656149E+01 1.211628E+00 1.066268E+00
1.650807E+01 1.171778E+00 1.039422E+00
1.645498E+01 1.136069E+00 1.009711E+00
1.640224E+01 1.104449E+00 9.778196E-01
1.634984E+01 1.076792E+00 9.443327E-01
1.629777E+01 1.052930E+00 9.097441E-01
1.624603E+01 1.032672E+00 8.744686E-01
1.619462E+01 1.015817E+00 8.388559E-01
1.614353E+01 1.002162E+00 8.032019E-01
1.609277E+01 9.915056E-01 7.677598E-01
1.604232E+01 9.836486E-01 7.327475E-01
1.599219E+01 9.783959E-01 6.983540E-01
1.594237E+01 9.755540E-01 6.647437E-01
1.589286E+01 9.749304E-01 6.320580E-01
1.584365E+01 9.763334E-01 6.004174E-01
1.579475E+01 9.795717E-01 5.699207E-01
1.574615E+01 9.844556E-01 5.406457E-01
1.569785E+01 9.907986E-01 5.126491E-01
1.564985E+01 9.984194E-01 4.859667E-01
1.560213E+01 1.007144E+00 4.606147E-01
1.555471E+01 1.016810E+00 4.365912E-01
1.550758E+01 1.027263E+00 4.138784E-01
1.546072E+01 1.038366E+00 3.924452E-01
1.541416E+01 1.049992E+00 3.722500E-01
1.536787E+01 1.062032E+00 3.532431E-01
1.532186E+01 1.074388E+00 3.353693E-01
1.527612E+01 1.086976E+00 3.185700E-01
1.523065E+01 1.099724E+00 3.027852E-01
1.518546E+01 1.112572E+00 2.879550E-01
1.514053E+01 1.125469E+00 2.740202E-01
1.509587E+01 1.138372E+00 2.609239E-01
1.505147E+01 1.151248E+00 2.486116E-01
1.500733E+01 1.164069E+00 2.370317E-01
1.496345E+01 1.176811E+00 2.261356E-01
1.491983E+01 1.189458E+00 2.158780E-01
1.487645E+01 1.201996E+00 2.062167E-01
1.483333E+01 1.214414E+00 1.971125E-01
1.479046E+01 1.226703E+00 1.885293E-01
1.474784E+01 1.238860E+00 1.804338E-01
1.470546E+01 1.250880E+00 1.727950E-01
1.466332E+01 1.262761E+00 1.655848E-01
1.462143E+01 1.274501E+00 1.587768E-01
1.457977E+01 1.286101E+00 1.523472E-01
1.453835E+01 1.297562E+00 1.462738E-01
1.449717E+01 1.308886E+00 1.405362E-01
1.445622E+01 1.320073E+00 1.351155E-01
1.441549E+01 1.331126E+00 1.299944E-01
1.437500E+01 1.342049E+00 1.251568E-01
1.433473E+01 1.352843E+00 1.205879E-01
1.429469E+01 1.363512E+00 1.162739E-01
1.425487E+01 1.374059E+00 1.122020E-01
1.421528E+01 1.384487E+00 1.083603E-01
1.417590E+01 1.394799E+00 1.047378E-01
1.413674E+01 1.405000E+00 1.013241E-01
1.409780E+01 1.415091E+00 9.810967E-02
1.405907E+01 1.425077E+00 9.508542E-02
1.402055E+01 1.434961E+00 9.224294E-02
1.398224E+01 1.444747E+00 8.957433E-02
1.394414E+01 1.454437E+00 8.707214E-02
1.390625E+01 1.464036E+00 8.472941E-02
1.386856E+01 1.473546E+00 8.253957E-02
1.383108E+01 1.482971E+00 8.049642E-02
1.379380E+01 1.492315E+00 7.859414E-02
1.375672E+01 1.501581E+00 7.682725E-02
1.371984E+01 1.510771E+00 7.519055E-02
1.368316E+01 1.519891E+00 7.367918E-02
1.364667E+01 1.528943E+00 7.228851E-02
1.361037E+01 1.537931E+00 7.101422E-02
1.357427E+01 1.546858E+00 6.985221E-02
1.353836E+01 1.555728E+00 6.879863E-02
1.350264E+01 1.564544E+00 6.784988E-02
1.346710E+01 1.573310E+00 6.700255E-02
1.343176E+01 1.582029E+00 6.625347E-02
1.339660E+01 1.590706E+00 6.559966E-02
1.336162E+01 1.599344E+00 6.503835E-02
1.332682E+01 1.607946E+00 6.456697E-02
1.329221E+01 1.616516E+00 6.418313E-02
1.325777E+01 1.625059E+00 6.388464E-02
1.322351E+01 1.633578E+00 6.366949E-02
1.318943E+01 1.642077E+00 6.353585E-02
1.315553E+01 1.650560E+00 6.348206E-02
1.312179E+01 1.659031E+00 6.350667E-02
1.308824E+01 1.667494E+00 6.360837E-02
1.305485E+01 1.675953E+00 6.378604E-02
1.302163E+01 1.684414E+00 6.403874E-02
1.298858E+01 1.692879E+00 6.436570E-02
1.295570E+01 1.701354E+00 6.476633E-02
1.292298E+01 1.709842E+00 6.524021E-02
1.289043E+01 1.718349E+00 6.578711E-02
1.285804E+01 1.726880E+00 6.640697E-02
1.282581E+01 1.735438E+00 6.709993E-02
1.279375E+01 1.744030E+00 6.786630E-02
1.276185E+01 1.752659E+00 6.870660E-02
1.273010E+01 1.761332E+00 6.962153E-02
1.269851E+01 1.770053E+00 7.061202E-02
1.266708E+01 1.778828E+00 7.167918E-02
1.263580E+01 1.787663E+00 7.282436E-02
1.260468E+01 1.796563E+00 7.404914E-02
1.257371E+01 1.805534E+00 7.535531E-02
1.254289E+01 1.814583E+00 7.674494E-02
1.251222E+01 1.823715E+00 7.822035E-02
1.248171E+01 1.832938E+00 7.978413E-02
1.245134E+01 1.842258E+00 8.143917E-02
1.242112E+01 1.851682E+00 8.318866E-02
1.239104E+01 1.861217E+00 8.503613E-02
1.236111E+01 1.870871E+00 8.698545E-02
1.233133E+01 1.880652E+00 8.904089E-02
1.230168E+01 1.890568E+00 9.120708E-02
1.227218E+01 1.900627E+00 9.348913E-02
1.224282E+01 1.910839E+00 9.589258E-02
1.221360E+01 1.921212E+00 9.842350E-02
1.218452E+01 1.931756E+00 1.010885E-01
1.215558E+01 1.942482E+00 1.038948E-01
1.212678E+01 1.953399E+00 1.068502E-01
1.209811E+01 1.964520E+00 1.099633E-01
1.206957E+01 1.975855E+00 1.132434E-01
1.204118E+01 1.987418E+00 1.167007E-01
1.201291E+01 1.999220E+00 1.203462E-01
1.198478E+01 2.011275E+00 1.241922E-01
1.195678E+01 2.023598E+00 1.282519E-01
1.192890E+01 2.036203E+00 1.325397E-01
1.190116E+01 2.049106E+00 1.370716E-01
1.187355E+01 2.062324E+00 1.418650E-01
1.184606E+01 2.075875E+00 1.469389E-01
1.181871E+01 2.089776E+00 1.523145E-01
1.179148E+01 2.104048E+00 1.580149E-01
1.176437E+01 2.118710E+00 1.640656E-01
1.173739E+01 2.133786E+00 1.704950E-01
1.171053E+01 2.149297E+00 1.773342E-01
1.168379E+01 2.165268E+00 1.846181E-01
1.165718E+01 2.181725E+00 1.923853E-01
1.163068E+01 2.198695E+00 2.006788E-01
1.160431E+01 2.216204E+00 2.095467E-01
1.157805E+01 2.234284E+00 2.190428E-01
1.155192E+01 2.252964E+00 2.292276E-01
1.152590E+01 2.272276E+00 2.401691E-01
1.150000E+01 2.292252E+00 2.519440E-01
1.147422E+01 2.312925E+00 2.646390E-01
1.144855E+01 2.334327E+00 2.783522E-01
1.142299E+01 2.356491E+00 2.931950E-01
1.139755E+01 2.379445E+00 3.092941E-01
1.137222E+01 2.403214E+00 3.267935E-01
1.134701E+01 2.427820E+00 3.458575E-01
1.132190E+01 2.453274E+00 3.666728E-01
1.129691E+01 2.479576E+00 3.894523E-01
1.127203E+01 2.506708E+00 4.144378E-01
1.124725E+01 2.534630E+00 4.419034E-01
1.122259E+01 2.563272E+00 4.721583E-01
1.119803E+01 2.592519E+00 5.055493E-01
1.117358E+01 2.622206E+00 5.424614E-01
1.114924E+01 2.652094E+00 5.833170E-01
1.112500E+01 2.681857E+00 6.285706E-01
1.110087E+01 2.711054E+00 6.786988E-01
1.107684E+01 2.739108E+00 7.341827E-01
1.105292E+01 2.765276E+00 7.954784E-01
1.102910E+01 2.788627E+00 8.629755E-01
1.100538E+01 2.808024E+00 9.369377E-01
1.098176E+01 2.822125E+00 1.017427E+00
1.095824E+01 2.829408E+00 1.104211E+00
1.093483E+01 2.828233E+00 1.196669E+00
1.091151E+01 2.816961E+00 1.293704E+00
1.088830E+01 2.794113E+00 1.393691E+00
1.086518E+01 2.758569E+00 1.494499E+00
1.084216E+01 2.709778E+00 1.593597E+00
1.081924E+01 2.647911E+00 1.688258E+00
1.079641E+01 2.573932E+00 1.775833E+00
1.077368E+01 2.489527E+00 1.854039E+00
1.075105E+01 2.396927E+00 1.921198E+00
1.072851E+01 2.298640E+00 1.976364E+00
1.070607E+01 2.197172E+00 2.019329E+00
1.068372E+01 2.094795E+00 2.050518E+00
1.066146E+01 1.993395E+00 2.070819E+00
1.063929E+01 1.894410E+00 2.081397E+00
1.061722E+01 1.798836E+00 2.083529E+00
1.059524E+01 1.707283E+00 2.078471E+00
1.057335E+01 1.620054E+00 2.067381E+00
1.055155E+01 1.537228E+00 2.051268E+00
1.052983E+01 1.458733E+00 2.030978E+00
1.050821E+01 1.384405E+00 2.007202E+00
1.048668E+01 1.314041E+00 1.980486E+00
1.046524E+01 1.247426E+00 1.951260E+00
1.044388E+01 1.184357E+00 1.919858E+00
1.042261E+01 1.124656E+00 1.886546E+00
1.040142E+01 1.068174E+00 1.851536E+00
1.038032E+01 1.014788E+00 1.815011E+00
1.035931E+01 9.644020E-01 1.777131E+00
1.033838E+01 9.169397E-01 1.738049E+00
1.031754E+01 8.723364E-01 1.697911E+00
1.029678E+01 8.305343E-01 1.656866E+00
1.027610E+01 7.914769E-01 1.615059E+00
1.025551E+01 7.551041E-01 1.572636E+00
1.023500E+01 7.213502E-01 1.529741E+00
1.021457E+01 6.901415E-01 1.486511E+00
1.019422E+01 6.613965E-01 1.443076E+00
1.017396E+01 6.350262E-01 1.399554E+00
1.015377E+01 6.109361E-01 1.356052E+00
1.013366E+01 5.890277E-01 1.312663E+00
1.011364E+01 5.692008E-01 1.269467E+00
1.009369E+01 5.513558E-01 1.226528E+00
1.007382E+01 5.353963E-01 1.183898E+00
1.005403E+01 5.212310E-01 1.141612E+00
1.003431E+01 5.087754E-01 1.099699E+00
1.001468E+01 4.979539E-01 1.058174E+00
9.995112E+00 4.887013E-01 1.017043E+00
9.975630E+00 4.809638E-01 9.763086E-01
9.956222E+00 4.747002E-01 9.359667E-01
9.936891E+00 4.698827E-01 8.960122E-01
9.917634E+00 4.664979E-01 8.564412E-01
9.898452E+00 4.645461E-01 8.172539E-01
9.879344E+00 4.640422E-01 7.784583E-01
9.860309E+00 4.650138E-01 7.400746E-01
9.841348E+00 4.674994E-01 7.021398E-01
9.822459E+00 4.715448E-01 6.647119E-01
9.803643E+00 4.771975E-01 6.278753E-01
9.784899E+00 4.844985E-01 5.917436E-01
9.766226E+00 4.934719E-01 5.564609E-01
9.747615E+00 5.041127E-01 5.221987E-01
9.729084E+00 5.163752E-01 4.891475E-01
9.710623E+00 5.301636E-01 4.575032E-01
9.692233E+00 5.453296E-01 4.274485E-01
9.673912E+00 5.616771E-01 3.991345E-01
9.655660E+00 5.789756E-01 3.726648E-01
9.637477E+00 5.969787E-01 3.480878E-01
9.619362E+00 6.154430E-01 3.253963E-01
9.601315E+00 6.341440E-01 3.045354E-01
9.583336E+00 6.528868E-01 2.854135E-01
9.565424E+00 6.715108E-01 2.679157E-01
9.547578E+00 6.898898E-01 2.519142E-01
9.529800E+00 7.079290E-01 2.372782E-01
9.512078E+00 7.255607E-01 2.238797E-01
9.494431E+00 7.427390E-01 2.115980E-01
9.476849E+00 7.594359E-01 2.003213E-01
9.459333E+00 7.756364E-01 1.899480E-01
9.441881E+00 7.913358E-01 1.803868E-01
9.424493E+00 8.065367E-01 1.715561E-01
9.407170E+00 8.212470E-01 1.633832E-01
9.389909E+00 8.354782E-01 1.558036E-01
9.372712E+00 8.492442E-01 1.487602E-01
9.355578E+00 8.625608E-01 1.422025E-01
9.338507E+00 8.754443E-01 1.360854E-01
9.321498E+00 8.879114E-01 1.303691E-01
9.304541E+00 8.999792E-01 1.250181E-01
9.287655E+00 9.116642E-01 1.200008E-01
9.270831E+00 9.229827E-01 1.152890E-01
9.254067E+00 9.339505E-01 1.108574E-01
9.237363E+00 9.445827E-01 1.066834E-01
9.220720E+00 9.548940E-01 1.027467E-01
9.204137E+00 9.648983E-01 9.902880E-02
9.187613E+00 9.746090E-01 9.551328E-02
9.171148E+00 9.840386E-01 9.218514E-02
9.154743E+00 9.931992E-01 8.903082E-02
9.138396E+00 1.002102E+00 8.603799E-02
9.122107E+00 1.010759E+00 8.319544E-02
9.105876E+00 1.019179E+00 8.049292E-02
9.089694E+00 1.027372E+00 7.792111E-02
9.073579E+00 1.035348E+00 7.547143E-02
9.057520E+00 1.043116E+00 7.313606E-02
9.041518E+00 1.050683E+00 7.090778E-02
9.025572E+00 1.058058E+00 6.877998E-02
9.009683E+00 1.065248E+00 6.674653E-02
8.993849E+00 1.072260E+00 6.480182E-02
8.978071E+00 1.079102E+00 6.294063E-02
8.962348E+00 1.085779E+00 6.115814E-02
8.946680E+00 1.092298E+00 5.944989E-02
8.931067E+00 1.098664E+00 5.781173E-02
8.915509E+00 1.104884E+00 5.623982E-02
8.899996E+00 1.110962E+00 5.473057E-02
8.884545E+00 1.116902E+00 5.328064E-02
8.869148E+00 1.122712E+00 5.188693E-02
8.853804E+00 1.128393E+00 5.054653E-02
8.838513E+00 1.133952E+00 4.925673E-02
8.823275E+00 1.139392E+00 4.801498E-02
8.808089E+00 1.144717E+00 4.681892E-02
8.792956E+00 1.149931E+00 4.566631E-02
8.777874E+00 1.155038E+00 4.455507E-02
8.762844E+00 1.160040E+00 4.348323E-02
8.747866E+00 1.164942E+00 4.244894E-02
8.732938E+00 1.169746E+00 4.145047E-02
8.718061E+00 1.174456E+00 4.048619E-02
8.703228E+00 1.179074E+00 3.955455E-02
8.688452E+00 1.183604E+00 3.865410E-02
8.673727E+00 1.188047E+00 3.778348E-02
8.659051E+00 1.192407E+00 3.694139E-02
8.644425E+00 1.196686E+00 3.612660E-02
8.629848E+00 1.200886E+00 3.533796E-02
8.615320E+00 1.205009E+00 3.457437E-02
8.600841E+00 1.209058E+00 3.383479E-02
8.586411E+00 1.213035E+00 3.311825E-02
8.572029E+00 1.216942E+00 3.242381E-02
8.557695E+00 1.220781E+00 3.175058E-02
8.543409E+00 1.224553E+00 3.109773E-02
8.529170E+00 1.228261E+00 3.046445E-02
8.514972E+00 1.231906E+00 2.984999E-02
8.500828E+00 1.235490E+00 2.925363E-02
8.486731E+00 1.239014E+00 2.867467E-02
8.472681E+00 1.242480E+00 2.811247E-02
8.458677E+00 1.245890E+00 2.756641E-02
8.444719E+00 1.249244E+00 2.703588E-02
8.430808E+00 1.252545E+00 2.652032E-02
8.416942E+00 1.255794E+00 2.601919E-02
8.403121E+00 1.258992E+00 2.553198E-02
8.389346E+00 1.262139E+00 2.505819E-02
8.375616E+00 1.265239E+00 2.459735E-02
8.361931E+00 1.268290E+00 2.414901E-02
8.348284E+00 1.271296E+00 2.371274E-02
8.334688E+00 1.274256E+00 2.328813E-02
8.321136E+00 1.277173E+00 2.287478E-02
8.307628E+00 1.280046E+00 2.247232E-02
8.294164E+00 1.282877E+00 2.208038E-02
8.280744E+00 1.285667E+00 2.169862E-02
8.267367E+00 1.288417E+00 2.132671E-02
8.254033E+00 1.291128E+00 2.096432E-02
8.240742E+00 1.293800E+00 2.061115E-02
8.227493E+00 1.296434E+00 2.026690E-02
8.214288E+00 1.299032E+00 1.993130E-02
8.201124E+00 1.301594E+00 1.960407E-02
8.188003E+00 1.304121E+00 1.928496E-02
8.174917E+00 1.306613E+00 1.897370E-02
8.161879E+00 1.309072E+00 1.867007E-02
8.148883E+00 1.311497E+00 1.837382E-02
8.135929E+00 1.313891E+00 1.808474E-02
8.123015E+00 1.316252E+00 1.780261E-02
8.110142E+00 1.318583E+00 1.752723E-02
8.097310E+00 1.320884E+00 1.725839E-02
8.084519E+00 1.323154E+00 1.699591E-02
8.071768E+00 1.325396E+00 1.673959E-02
8.059057E+00 1.327609E+00 1.648926E-02
8.046386E+00 1.329794E+00 1.624475E-02
8.033755E+00 1.331952E+00 1.600589E-02
8.021163E+00 1.334082E+00 1.577253E-02
8.008604E+00 1.336187E+00 1.554450E-02
7.996092E+00 1.338265E+00 1.532165E-02
7.983618E+00 1.340318E+00 1.510385E-02
7.971183E+00 1.342346E+00 1.489096E-02
7.958786E+00 1.344350E+00 1.468283E-02
7.946428E+00 1.346330E+00 1.447934E-02
7.934109E+00 1.348286E+00 1.428036E-02
7.921827E+00 1.350219E+00 1.408578E-02
7.909584E+00 1.352129E+00 1.389546E-02
7.897378E+00 1.354017E+00 1.370931E-02
7.885210E+00 1.355883E+00 1.352720E-02
7.873080E+00 1.357728E+00 1.334903E-02
7.860980E+00 1.359552E+00 1.317470E-02
7.848924E+00 1.361355E+00 1.300411E-02
7.836905E+00 1.363137E+00 1.283715E-02
7.824922E+00 1.364900E+00 1.267374E-02
7.812976E+00 1.366643E+00 1.251378E-02
7.801067E+00 1.368366E+00 1.235719E-02
7.789193E+00 1.370071E+00 1.220388E-02
7.777356E+00 1.371756E+00 1.205376E-02
7.765555E+00 1.373424E+00 1.190675E-02
7.753789E+00 1.375073E+00 1.176278E-02
7.742059E+00 1.376705E+00 1.162177E-02
7.730365E+00 1.378319E+00 1.148365E-02
7.718706E+00 1.379916E+00 1.134833E-02
7.707076E+00 1.381496E+00 1.121576E-02
7.695487E+00 1.383059E+00 1.108586E-02
7.683932E+00 1.384606E+00 1.095857E-02
7.672413E+00 1.386137E+00 1.083383E-02
7.660927E+00 1.387653E+00 1.071157E-02
7.649477E+00 1.389152E+00 1.059172E-02
7.638060E+00 1.390636E+00 1.047424E-02
7.626677E+00 1.392106E+00 1.035907E-02
7.615328E+00 1.393560E+00 1.024614E-02
7.604013E+00 1.394999E+00 1.013540E-02
7.592732E+00 1.396425E+00 1.002681E-02
7.581484E+00 1.397836E+00 9.920301E-03
7.570269E+00 1.399233E+00 9.815834E-03
7.559082E+00 1.400616E+00 9.713356E-03
7.547933E+00 1.401986E+00 9.612821E-03
7.536817E+00 1.403342E+00 9.514182E-03
7.525734E+00 1.404685E+00 9.417393E-03
7.514684E+00 1.406016E+00 9.322410E-03
7.503666E+00 1.407333E+00 9.229190E-03
7.492680E+00 1.408638E+00 9.137693E-03
7.481726E+00 1.409931E+00 9.047875E-03
7.470804E+00 1.411211E+00 8.959699E-03
7.459914E+00 1.412480E+00 8.873125E-03
7.449056E+00 1.413736E+00 8.788115E-03
7.438229E+00 1.414981E+00 8.704632E-03
7.427428E+00 1.416214E+00 8.622641E-03
7.416665E+00 1.417436E+00 8.542107E-03
7.405932E+00 1.418647E+00 8.462995E-03
7.395230E+00 1.419847E+00 8.385272E-03
7.384559E+00 1.421036E+00 8.308905E-03
7.373919E+00 1.422214E+00 8.233864E-03
7.363309E+00 1.423381E+00 8.160116E-03
7.352730E+00 1.424538E+00 8.087632E-03
7.342182E+00 1.425685E+00 8.016382E-03
7.331663E+00 1.426822E+00 7.946339E-03
7.321175E+00 1.427949E+00 7.877473E-03
7.310716E+00 1.429066E+00 7.809758E-03
7.300288E+00 1.430173E+00 7.743167E-03
7.289884E+00 1.431270E+00 7.677675E-03
7.279514E+00 1.432359E+00 7.613256E-03
7.269175E+00 1.433437E+00 7.549887E-03
7.258864E+00 1.434507E+00 7.487542E-03
7.248583E+00 1.435568E+00 7.426200E-03
7.238331E+00 1.436619E+00 7.365836E-03
7.228108E+00 1.437662E+00 7.306431E-03
7.217913E+00 1.438696E+00 7.247962E-03
7.207747E+00 1.439722E+00 7.190409E-03
7.197610E+00 1.440739E+00 7.133752E-03
7.187502E+00 1.441747E+00 7.077972E-03
7.177422E+00 1.442748E+00 7.023050E-03
7.167364E+00 1.443740E+00 6.968968E-03
7.157341E+00 1.444724E+00 6.915708E-03
7.147345E+00 1.445701E+00 6.863255E-03
7.137377E+00 1.446669E+00 6.811592E-03
7.127436E+00 1.447630E+00 6.760703E-03
7.117524E+00 1.448584E+00 6.710575E-03
7.107639E+00 1.449529E+00 6.661193E-03
7.097781E+00 1.450468E+00 6.612545E-03
7.087951E+00 1.451399E+00 6.564617E-03
7.078148E+00 1.452323E+00 6.517400E-03
7.068372E+00 1.453240E+00 6.470881E-03
7.058623E+00 1.454150E+00 6.425051E-03
7.048900E+00 1.455053E+00 6.379903E-03
7.039200E+00 1.455949E+00 6.335427E-03
7.029531E+00 1.456839E+00 6.291617E-03
7.019889E+00 1.457722E+00 6.248468E-03
7.010273E+00 1.458598E+00 6.205975E-03
7.000683E+00 1.459468E+00 6.164136E-03
6.991120E+00 1.460332E+00 6.122948E-03
6.981583E+00 1.461189E+00 6.082412E-03
6.972071E+00 1.462041E+00 6.042528E-03
6.962586E+00 1.462886E+00 6.003299E-03
6.953126E+00 1.463725E+00 5.964729E-03
6.943692E+00 1.464559E+00 5.926825E-03
6.934284E+00 1.465386E+00 5.889596E-03
6.924901E+00 1.466208E+00 5.853050E-03
6.915538E+00 1.467025E+00 5.817200E-03
6.906206E+00 1.467835E+00 5.782060E-03
6.896899E+00 1.468641E+00 5.747647E-03
6.887617E+00 1.469441E+00 5.713979E-03
6.878360E+00 1.470235E+00 5.681078E-03
6.869127E+00 1.471025E+00 5.648966E-03
6.859920E+00 1.471809E+00 5.617669E-03
6.850737E+00 1.472588E+00 5.587217E-03
6.841578E+00 1.473362E+00 5.557638E-03
6.832445E+00 1.474131E+00 5.528966E-03
6.823335E+00 1.474895E+00 5.501236E-03
6.814250E+00 1.475655E+00 5.474486E-03
6.805184E+00 1.476409E+00 5.448754E-03
6.796147E+00 1.477159E+00 5.424082E-03
6.787134E+00 1.477904E+00 5.400513E-03
6.778145E+00 1.478644E+00 5.378089E-03
6.769179E+00 1.479380E+00 5.356857E-03
6.760237E+00 1.480111E+00 5.336863E-03
6.751319E+00 1.480838E+00 5.318151E-03
6.742425E+00 1.481559E+00 5.300768E-03
6.733553E+00 1.482277E+00 5.284759E-03
6.724705E+00 1.482990E+00 5.270168E-03
6.715881E+00 1.483698E+00 5.257038E-03
6.707079E+00 1.484401E+00 5.245408E-03
6.698301E+00 1.485101E+00 5.235315E-03
6.689540E+00 1.485795E+00 5.226793E-03
6.680808E+00 1.486485E+00 5.219873E-03
6.672098E+00 1.487170E+00 5.214577E-03
6.663410E+00 1.487850E+00 5.210927E-03
6.654746E+00 1.488526E+00 5.208935E-03
6.646104E+00 1.489197E+00 5.208609E-03
6.637484E+00 1.489863E+00 5.209948E-03
6.628886E+00 1.490524E+00 5.212945E-03
6.620311E+00 1.491180E+00 5.217584E-03
6.611758E+00 1.491831E+00 5.223842E-03
6.603227E+00 1.492477E+00 5.231687E-03
6.594718E+00 1.493118E+00 5.241077E-03
6.586231E+00 1.493754E+00 5.251962E-03
6.577762E+00 1.494384E+00 5.264285E-03
6.569318E+00 1.495010E+00 5.277978E-03
6.560896E+00 1.495629E+00 5.292965E-03
6.552496E+00 1.496244E+00 5.309162E-03
6.544117E+00 1.496853E+00 5.326479E-03
6.535760E+00 1.497456E+00 5.344817E-03
6.527424E+00 1.498055E+00 5.364072E-03
6.519109E+00 1.498647E+00 5.384132E-03
6.510815E+00 1.499234E+00 5.404882E-03
6.502542E+00 1.499816E+00 5.426204E-03
6.494291E+00 1.500392E+00 5.447975E-03
6.486060E+00 1.500963E+00 5.470071E-03
6.477846E+00 1.501528E+00 5.492368E-03
6.469657E+00 1.502088E+00 5.514742E-03
6.461489E+00 1.502642E+00 5.537069E-03
6.453341E+00 1.503192E+00 5.559229E-03
6.445213E+00 1.503736E+00 5.581106E-03
6.437107E+00 1.504275E+00 5.602589E-03
6.429020E+00 1.504808E+00 5.623570E-03
6.420954E+00 1.505337E+00 5.643952E-03
6.412908E+00 1.505861E+00 5.663641E-03
6.404882E+00 1.506381E+00 5.682556E-03
6.396876E+00 1.506896E+00 5.700621E-03
6.388890E+00 1.507406E+00 5.717771E-03
6.380925E+00 1.507912E+00 5.733951E-03
6.372975E+00 1.508414E+00 5.749117E-03
6.365048E+00 1.508911E+00 5.763233E-03
6.357142E+00 1.509405E+00 5.776275E-03
6.349255E+00 1.509895E+00 5.788228E-03
6.341387E+00 1.510381E+00 5.799087E-03
6.333539E+00 1.510863E+00 5.808856E-03
6.325711E+00 1.511342E+00 5.817548E-03
6.317902E+00 1.511818E+00 5.825184E-03
6.310112E+00 1.512290E+00 5.831792E-03
6.302341E+00 1.512760E+00 5.837406E-03
6.294589E+00 1.513226E+00 5.842066E-03
6.286857E+00 1.513689E+00 5.845817E-03
6.279143E+00 1.514149E+00 5.848706E-03
6.271444E+00 1.514607E+00 5.850782E-03
6.263769E+00 1.515062E+00 5.852099E-03
6.256111E+00 1.515514E+00 5.852708E-03
6.248473E+00 1.515963E+00 5.852660E-03
6.240853E+00 1.516409E+00 5.852005E-03
6.233252E+00 1.516854E+00 5.850792E-03
6.225669E+00 1.517295E+00 5.849065E-03
6.218105E+00 1.517734E+00 5.846865E-03
6.210559E+00 1.518170E+00 5.844231E-03
6.203031E+00 1.518604E+00 5.841194E-03
6.195522E+00 1.519035E+00 5.837782E-03
6.188031E+00 1.519464E+00 5.834019E-03
6.180554E+00 1.519890E+00 5.829920E-03
6.173099E+00 1.520313E+00 5.825498E-03
6.165661E+00 1.520734E+00 5.820759E-03
6.158242E+00 1.521153E+00 5.815706E-03
6.150841E+00 1.521569E+00 5.810335E-03
6.143457E+00 1.521982E+00 5.804639E-03
6.136091E+00 1.522393E+00 5.798607E-03
6.128743E+00 1.522802E+00 5.792222E-03
6.121412E+00 1.523207E+00 5.785467E-03
6.114099E+00 1.523611E+00 5.778321E-03
6.106803E+00 1.524012E+00 5.770761E-03
6.099525E+00 1.524410E+00 5.762763E-03
6.092264E+00 1.524806E+00 5.754302E-03
6.085016E+00 1.525199E+00 5.745351E-03
6.077790E+00 1.525590E+00 5.735887E-03
6.070580E+00 1.525979E+00 5.725883E-03
6.063388E+00 1.526365E+00 5.715318E-03
6.056213E+00 1.526749E+00 5.704169E-03
6.049054E+00 1.527131E+00 5.692417E-03
6.041913E+00 1.527511E+00 5.680044E-03
6.034788E+00 1.527889E+00 5.667037E-03
6.027680E+00 1.528264E+00 5.653384E-03
6.020589E+00 1.528637E+00 5.639076E-03
6.013515E+00 1.529009E+00 5.624110E-03
6.006457E+00 1.529378E+00 5.608484E-03
5.999412E+00 1.529746E+00 5.592201E-03
5.992387E+00 1.530112E+00 5.575267E-03
5.985379E+00 1.530476E+00 5.557691E-03
5.978387E+00 1.530838E+00 5.539487E-03
5.971411E+00 1.531199E+00 5.520672E-03
5.964452E+00 1.531558E+00 5.501266E-03
5.957509E+00 1.531916E+00 5.481291E-03
5.950582E+00 1.532272E+00 5.460775E-03
5.943671E+00 1.532626E+00 5.439745E-03
5.936776E+00 1.532979E+00 5.418233E-03
5.929897E+00 1.533331E+00 5.396273E-03
5.923034E+00 1.533682E+00 5.373900E-03
5.916187E+00 1.534031E+00 5.351151E-03
5.909352E+00 1.534379E+00 5.328064E-03
5.902536E+00 1.534725E+00 5.304679E-03
5.895736E+00 1.535071E+00 5.281037E-03
5.888952E+00 1.535415E+00 5.257177E-03
5.882183E+00 1.535758E+00 5.233142E-03
5.875430E+00 1.536100E+00 5.208971E-03
5.868693E+00 1.536441E+00 5.184706E-03
5.861971E+00 1.536781E+00 5.160387E-03
5.855264E+00 1.537119E+00 5.136052E-03
5.848572E+00 1.537456E+00 5.111741E-03
5.841896E+00 1.537793E+00 5.087491E-03
5.835235E+00 1.538128E+00 5.063336E-03
5.828589E+00 1.538462E+00 5.039311E-03
5.821955E+00 1.538794E+00 5.015448E-03
5.815340E+00 1.539126E+00 4.991778E-03
5.808739E+00 1.539457E+00 4.968328E-03
5.802154E+00 1.539786E+00 4.945127E-03
5.795583E+00 1.540114E+00 4.922196E-03
5.789027E+00 1.540441E+00 4.899559E-03
5.782486E+00 1.540766E+00 4.877234E-03
5.775960E+00 1.541091E+00 4.855240E-03
5.769448E+00 1.541414E+00 4.833590E-03
5.762951E+00 1.541736E+00 4.812299E-03
5.756469E+00 1.542056E+00 4.791375E-03
5.750001E+00 1.542376E+00 4.770826E-03
5.743545E+00 1.542693E+00 4.750659E-03
5.737106E+00 1.543010E+00 4.730876E-03
5.730682E+00 1.543325E+00 4.711480E-03
5.724272E+00 1.543639E+00 4.692468E-03
5.717877E+00 1.543951E+00 4.673839E-03
5.711495E+00 1.544262E+00 4.655587E-03
5.705128E+00 1.544571E+00 4.637706E-03
5.698775E+00 1.544879E+00 4.620187E-03
5.692437E+00 1.545185E+00 4.603019E-03
5.686112E+00 1.545490E+00 4.586193E-03
5.679801E+00 1.545793E+00 4.569693E-03
5.673505E+00 1.546095E+00 4.553507E-03
5.667222E+00 1.546395E+00 4.537618E-03
5.660950E+00 1.546694E+00 4.522009E-03
5.654695E+00 1.546991E+00 4.506662E-03
5.648454E+00 1.547286E+00 4.491560E-03
5.642226E+00 1.547580E+00 4.476682E-03
5.636013E+00 1.547872E+00 4.462008E-03
5.629813E+00 1.548163E+00 4.447517E-03
5.623626E+00 1.548452E+00 4.433189E-03
5.617454E+00 1.548739E+00 4.419001E-03
5.611294E+00 1.549025E+00 4.404931E-03
5.605149E+00 1.549310E+00 4.390958E-03
5.599016E+00 1.549592E+00 4.377059E-03
5.592897E+00 1.549873E+00 4.363212E-03
5.586792E+00 1.550153E+00 4.349394E-03
5.580697E+00 1.550430E+00 4.335584E-03
5.574618E+00 1.550707E+00 4.321760E-03
5.568552E+00 1.550981E+00 4.307900E-03
5.562499E+00 1.551255E+00 4.293982E-03
5.556460E+00 1.551526E+00 4.279986E-03
5.550434E+00 1.551796E+00 4.265891E-03
5.544421E+00 1.552065E+00 4.251678E-03
5.538420E+00 1.552332E+00 4.237327E-03
5.532433E+00 1.552597E+00 4.222819E-03
5.526459E+00 1.552861E+00 4.208135E-03
5.520497E+00 1.553124E+00 4.193259E-03
5.514549E+00 1.553385E+00 4.178173E-03
5.508610E+00 1.553645E+00 4.162861E-03
5.502687E+00 1.553903E+00 4.147307E-03
5.496777E+00 1.554160E+00 4.131498E-03
5.490879E+00 1.554416E+00 4.115418E-03
5.484994E+00 1.554670E+00 4.099055E-03
5.479122E+00 1.554923E+00 4.082396E-03
5.473262E+00 1.555175E+00 4.065430E-03
5.467415E+00 1.555425E+00 4.048146E-03
5.461580E+00 1.555674E+00 4.030534E-03
5.455758E+00 1.555922E+00 4.012584E-03
5.449948E+00 1.556169E+00 3.994289E-03
5.444150E+00 1.556414E+00 3.975640E-03
5.438365E+00 1.556659E+00 3.956632E-03
5.432589E+00 1.556902E+00 3.937258E-03
5.426828E+00 1.557144E+00 3.917513E-03
5.421080E+00 1.557385E+00 3.897393E-03
5.415343E+00 1.557625E+00 3.876894E-03
5.409619E+00 1.557864E+00 3.856014E-03
5.403907E+00 1.558102E+00 3.834751E-03
5.398207E+00 1.558339E+00 3.813103E-03
5.392519E+00 1.558575E+00 3.791072E-03
5.386843E+00 1.558810E+00 3.768656E-03
5.381178E+00 1.559044E+00 3.745857E-03
5.375526E+00 1.559277E+00 3.722678E-03
5.369886E+00 1.559509E+00 3.699120E-03
5.364257E+00 1.559740E+00 3.675189E-03
5.358638E+00 1.559971E+00 3.650889E-03
5.353032E+00 1.560201E+00 3.626224E-03
5.347439E+00 1.560430E+00 3.601200E-03
5.341858E+00 1.560658E+00 3.575826E-03
5.336288E+00 1.560886E+00 3.550107E-03
5.330729E+00 1.561112E+00 3.524053E-03
5.325182E+00 1.561339E+00 3.497674E-03
5.319647E+00 1.561564E+00 3.470978E-03
5.314123E+00 1.561789E+00 3.443978E-03
5.308611E+00 1.562013E+00 3.416684E-03
5.303110E+00 1.562236E+00 3.389110E-03
5.297620E+00 1.562459E+00 3.361268E-03
5.292139E+00 1.562682E+00 3.333174E-03
5.286672E+00 1.562904E+00 3.304841E-03
5.281217E+00 1.563125E+00 3.276287E-03
5.275773E+00 1.563346E+00 3.247526E-03
5.270339E+00 1.563566E+00 3.218577E-03
5.264917E+00 1.563786E+00 3.189458E-03
5.259507E+00 1.564005E+00 3.160186E-03
5.254107E+00 1.564224E+00 3.130781E-03
5.248718E+00 1.564442E+00 3.101263E-03
5.243341E+00 1.564660E+00 3.071652E-03
5.237974E+00 1.564877E+00 3.041967E-03
5.232619E+00 1.565094E+00 3.012230E-03
5.227274E+00 1.565311E+00 2.982461E-03
5.221938E+00 1.565527E+00 2.952681E-03
5.216615E+00 1.565742E+00 2.922911E-03
5.211303E+00 1.565958E+00 2.893170E-03
5.206001E+00 1.566172E+00 2.863478E-03
5.200711E+00 1.566387E+00 2.833855E-03
5.195431E+00 1.566601E+00 2.804319E-03
5.190162E+00 1.566814E+00 2.774887E-03
5.184904E+00 1.567027E+00 2.745575E-03
5.179656E+00 1.567240E+00 2.716400E-03
5.174419E+00 1.567452E+00 2.687373E-03
5.169193E+00 1.567663E+00 2.658508E-03
5.163977E+00 1.567874E+00 2.629813E-03
5.158769E+00 1.568085E+00 2.601299E-03
5.153574E+00 1.568294E+00 2.572969E-03
5.148389E+00 1.568504E+00 2.544830E-03
5.143215E+00 1.568713E+00 2.516882E-03
5.138052E+00 1.568921E+00 2.489125E-03
5.132898E+00 1.569128E+00 2.461557E-03
5.127755E+00 1.569335E+00 2.434172E-03
5.122623E+00 1.569542E+00 2.406964E-03
5.117500E+00 1.569748E+00 2.379922E-03
5.112388E+00 1.569953E+00 2.353035E-03
5.107286E+00 1.570157E+00 2.326290E-03
5.102194E+00 1.570361E+00 2.299672E-03
5.097113E+00 1.570564E+00 2.273163E-03
5.092039E+00 1.570766E+00 2.246745E-03
5.086977E+00 1.570968E+00 2.220400E-03
5.081926E+00 1.571169E+00 2.194107E-03
5.076884E+00 1.571369E+00 2.167845E-03
5.071853E+00 1.571568E+00 2.141594E-03
5.066832E+00 1.571767E+00 2.115334E-03
5.061820E+00 1.571965E+00 2.089043E-03
5.056818E+00 1.572163E+00 2.062703E-03
5.051827E+00 1.572360E+00 2.036296E-03
5.046845E+00 1.572556E+00 2.009805E-03
5.041873E+00 1.572752E+00 1.983215E-03
5.036910E+00 1.572947E+00 1.956514E-03
5.031958E+00 1.573142E+00 1.929692E-03
5.027013E+00 1.573336E+00 1.902739E-03
5.022080E+00 1.573530E+00 1.875653E-03
5.017156E+00 1.573723E+00 1.848430E-03
5.012242E+00 1.573915E+00 1.821071E-03
5.007338E+00 1.574108E+00 1.793581E-03
5.002444E+00 1.574300E+00 1.765967E-03
4.997559E+00 1.574491E+00 1.738239E-03
4.992683E+00 1.574683E+00 1.710411E-03
4.987817E+00 1.574874E+00 1.682498E-03
4.982961E+00 1.575065E+00 1.654521E-03
4.978114E+00 1.575255E+00 1.626499E-03
4.973276E+00 1.575445E+00 1.598458E-03
4.968445E+00 1.575636E+00 1.570423E-03
4.963627E+00 1.575826E+00 1.542421E-03
4.958817E+00 1.576015E+00 1.514482E-03
4.954017E+00 1.576205E+00 1.486635E-03
4.949226E+00 1.576394E+00 1.458912E-03
4.944444E+00 1.576584E+00 1.431343E-03
4.939672E+00 1.576773E+00 1.403961E-03
4.934909E+00 1.576962E+00 1.376795E-03
4.930155E+00 1.577151E+00 1.349876E-03
4.925410E+00 1.577340E+00 1.323234E-03
4.920674E+00 1.577529E+00 1.296897E-03
4.915947E+00 1.577717E+00 1.270891E-03
4.911230E+00 1.577905E+00 1.245243E-03
4.906519E+00 1.578093E+00 1.219974E-03
4.901819E+00 1.578281E+00 1.195108E-03
4.897128E+00 1.578469E+00 1.170662E-03
4.892447E+00 1.578656E+00 1.146653E-03
4.887774E+00 1.578843E+00 1.123097E-03
4.883111E+00 1.579030E+00 1.100006E-03
4.878456E+00 1.579217E+00 1.077390E-03
4.873810E+00 1.579403E+00 1.055257E-03
4.869173E+00 1.579588E+00 1.033613E-03
4.864544E+00 1.579774E+00 1.012460E-03
4.859925E+00 1.579959E+00 9.918009E-04
4.855314E+00 1.580143E+00 9.716353E-04
4.850712E+00 1.580327E+00 9.519609E-04
4.846116E+00 1.580511E+00 9.327740E-04
4.841532E+00 1.580694E+00 9.140697E-04
4.836956E+00 1.580877E+00 8.958414E-04
4.832389E+00 1.581059E+00 8.780815E-04
4.827830E+00 1.581240E+00 8.607816E-04
4.823280E+00 1.581421E+00 8.439322E-04
4.818738E+00 1.581602E+00 8.275232E-04
4.814205E+00 1.581781E+00 8.115441E-04
4.809681E+00 1.581961E+00 7.959838E-04
4.805165E+00 1.582139E+00 7.808308E-04
4.800657E+00 1.582317E+00 7.660738E-04
4.796158E+00 1.582495E+00 7.517011E-04
4.791666E+00 1.582671E+00 7.377010E-04
4.787183E+00 1.582847E+00 7.240621E-04
4.782710E+00 1.583023E+00 7.107729E-04
4.778244E+00 1.583198E+00 6.978224E-04
4.773787E+00 1.583372E+00 6.851995E-04
4.769338E+00 1.583545E+00 6.728937E-04
4.764898E+00 1.583718E+00 6.608946E-04
4.760465E+00 1.583891E+00 6.491924E-04
4.756041E+00 1.584062E+00 6.377773E-04
4.751625E+00 1.584233E+00 6.266403E-04
4.747218E+00 1.584404E+00 6.157725E-04
4.742818E+00 1.584573E+00 6.051653E-04
4.738427E+00 1.584742E+00 5.948107E-04
4.734042E+00 1.584911E+00 5.847009E-04
4.729666E+00 1.585079E+00 5.748286E-04
4.725299E+00 1.585246E+00 5.651865E-04
4.720940E+00 1.585412E+00 5.557681E-04
4.716590E+00 1.585578E+00 5.465667E-04
4.712247E+00 1.585744E+00 5.375763E-04
4.707912E+00 1.585908E+00 5.287910E-04
4.703585E+00 1.586072E+00 5.202050E-04
4.699266E+00 1.586236E+00 5.118130E-04
4.694955E+00 1.586398E+00 5.036098E-04
4.690652E+00 1.586561E+00 4.955904E-04
4.686356E+00 1.586722E+00 4.877501E-04
4.682067E+00 1.586883E+00 4.800841E-04
4.677787E+00 1.587043E+00 4.725880E-04
4.673515E+00 1.587203E+00 4.652576E-04
4.669251E+00 1.587362E+00 4.580887E-04
4.664995E+00 1.587521E+00 4.510774E-04
4.660747E+00 1.587679E+00 4.442196E-04
4.656506E+00 1.587836E+00 4.375118E-04
4.652273E+00 1.587993E+00 4.309502E-04
4.648048E+00 1.588149E+00 4.245312E-04
4.643830E+00 1.588305E+00 4.182516E-04
4.639620E+00 1.588460E+00 4.121079E-04
4.635417E+00 1.588614E+00 4.060970E-04
4.631223E+00 1.588768E+00 4.002156E-04
4.627033E+00 1.588921E+00 3.944607E-04
4.622854E+00 1.589074E+00 3.888294E-04
4.618682E+00 1.589226E+00 3.833188E-04
4.614517E+00 1.589378E+00 3.779260E-04
4.610360E+00 1.589529E+00 3.726484E-04
4.606210E+00 1.589679E+00 3.674832E-04
4.602068E+00 1.589829E+00 3.624279E-04
4.597934E+00 1.589978E+00 3.574800E-04
4.593806E+00 1.590127E+00 3.526370E-04
4.589687E+00 1.590275E+00 3.478966E-04
4.585574E+00 1.590423E+00 3.432565E-04
4.581469E+00 1.590570E+00 3.387145E-04
4.577371E+00 1.590717E+00 3.342683E-04
4.573279E+00 1.590863E+00 3.299160E-04
4.569196E+00 1.591009E+00 3.256553E-04
4.565120E+00 1.591154E+00 3.214844E-04
4.561051E+00 1.591298E+00 3.174014E-04
4.556990E+00 1.591442E+00 3.134043E-04
4.552936E+00 1.591586E+00 3.094914E-04
4.548889E+00 1.591729E+00 3.056609E-04
4.544849E+00 1.591871E+00 3.019111E-04
4.540817E+00 1.592013E+00 2.982404E-04
4.536791E+00 1.592154E+00 2.946471E-04
4.532773E+00 1.592295E+00 2.911298E-04
4.528762E+00 1.592436E+00 2.876868E-04
4.524756E+00 1.592576E+00 2.843169E-04
4.520759E+00 1.592715E+00 2.810184E-04
4.516769E+00 1.592854E+00 2.777902E-04
4.512786E+00 1.592992E+00 2.746308E-04
4.508810E+00 1.593130E+00 2.715389E-04
4.504841E+00 1.593268E+00 2.685133E-04
4.500879E+00 1.593405E+00 2.655528E-04
4.496925E+00 1.593541E+00 2.626562E-04
4.492977E+00 1.593677E+00 2.598223E-04
4.489036E+00 1.593813E+00 2.570500E-04
4.485101E+00 1.593948E+00 2.543382E-04
4.481174E+00 1.594082E+00 2.516859E-04
4.477254E+00 1.594216E+00 2.490919E-04
4.473338E+00 1.594350E+00 2.465553E-04
4.469432E+00 1.594483E+00 2.440751E-04
4.465532E+00 1.594616E+00 2.416503E-04
4.461639E+00 1.594748E+00 2.392799E-04
4.457752E+00 1.594879E+00 2.369630E-04
4.453873E+00 1.595011E+00 2.346986E-04
4.450000E+00 1.595142E+00 2.324859E-04
4.446134E+00 1.595272E+00 2.303240E-04
4.442275E+00 1.595402E+00 2.282119E-04
4.438422E+00 1.595531E+00 2.261488E-04
4.434576E+00 1.595660E+00 2.241339E-04
4.430737E+00 1.595789E+00 2.221662E-04
4.426904E+00 1.595917E+00 2.202449E-04
4.423076E+00 1.596045E+00 2.183692E-04
4.419257E+00 1.596172E+00 2.165383E-04
4.415444E+00 1.596299E+00 2.147512E-04
4.411638E+00 1.596425E+00 2.130073E-04
4.407838E+00 1.596551E+00 2.113055E-04
4.404045E+00 1.596677E+00 2.096452E-04
4.400258E+00 1.596802E+00 2.080255E-04
4.396478E+00 1.596926E+00 2.064456E-04
4.392704E+00 1.597051E+00 2.049046E-04
4.388937E+00 1.597174E+00 2.034018E-04
4.385176E+00 1.597298E+00 2.019362E-04
4.381422E+00 1.597421E+00 2.005072E-04
4.377672E+00 1.597543E+00 1.991138E-04
4.373931E+00 1.597665E+00 1.977551E-04
4.370196E+00 1.597787E+00 1.964305E-04
4.366467E+00 1.597908E+00 1.951391E-04
4.362745E+00 1.598029E+00 1.938799E-04
4.359029E+00 1.598150E+00 1.926522E-04
4.355319E+00 1.598270E+00 1.914552E-04
4.351616E+00 1.598389E+00 1.902879E-04
4.347919E+00 1.598509E+00 1.891496E-04
4.344228E+00 1.598627E+00 1.880393E-04
4.340543E+00 1.598746E+00 1.869563E-04
4.336865E+00 1.598864E+00 1.858997E-04
4.333193E+00 1.598982E+00 1.848686E-04
4.329525E+00 1.599099E+00 1.838622E-04
4.325866E+00 1.599216E+00 1.828795E-04
4.322212E+00 1.599332E+00 1.819199E-04
4.318565E+00 1.599448E+00 1.809823E-04
4.314924E+00 1.599564E+00 1.800660E-04
4.311289E+00 1.599679E+00 1.791701E-04
4.307660E+00 1.599794E+00 1.782937E-04
4.304037E+00 1.599908E+00 1.774360E-04
4.300420E+00 1.600023E+00 1.765961E-04
4.296810E+00 1.600136E+00 1.757732E-04
4.293205E+00 1.600250E+00 1.749665E-04
4.289607E+00 1.600363E+00 1.741751E-04
4.286014E+00 1.600475E+00 1.733981E-04
4.282426E+00 1.600588E+00 1.726349E-04
4.278846E+00 1.600699E+00 1.718845E-04
4.275271E+00 1.600811E+00 1.711462E-04
4.271702E+00 1.600922E+00 1.704191E-04
4.268140E+00 1.601033E+00 1.697024E-04
4.264583E+00 1.601143E+00 1.689955E-04
4.261033E+00 1.601253E+00 1.682975E-04
4.257488E+00 1.601363E+00 1.676076E-04
4.253949E+00 1.601472E+00 1.669252E-04
4.250416E+00 1.601581E+00 1.662495E-04
4.246889E+00 1.601690E+00 1.655798E-04
4.243367E+00 1.601798E+00 1.649153E-04
4.239850E+00 1.601906E+00 1.642555E-04
4.236340E+00 1.602013E+00 1.635996E-04
4.232836E+00 1.602121E+00 1.629470E-04
4.229338E+00 1.602228E+00 1.622970E-04
4.225846E+00 1.602334E+00 1.616491E-04
4.222360E+00 1.602440E+00 1.610027E-04
4.218879E+00 1.602546E+00 1.603571E-04
4.215404E+00 1.602652E+00 1.597119E-04
4.211934E+00 1.602757E+00 1.590664E-04
4.208471E+00 1.602861E+00 1.584203E-04
4.205013E+00 1.602966E+00 1.577730E-04
4.201561E+00 1.603070E+00 1.571239E-04
4.198114E+00 1.603174E+00 1.564728E-04
4.194671E+00 1.603277E+00 1.558191E-04
4.191236E+00 1.603381E+00 1.551625E-04
4.187806E+00 1.603484E+00 1.545026E-04
4.184382E+00 1.603586E+00 1.538390E-04
4.180964E+00 1.603688E+00 1.531715E-04
4.177551E+00 1.603790E+00 1.524996E-04
4.174144E+00 1.603892E+00 1.518232E-04
4.170742E+00 1.603993E+00 1.511420E-04
4.167346E+00 1.604094E+00 1.504557E-04
4.163955E+00 1.604195E+00 1.497641E-04
4.160570E+00 1.604295E+00 1.490671E-04
4.157190E+00 1.604395E+00 1.483646E-04
4.153814E+00 1.604495E+00 1.476562E-04
4.150445E+00 1.604594E+00 1.469421E-04
4.147082E+00 1.604693E+00 1.462220E-04
4.143724E+00 1.604792E+00 1.454960E-04
4.140372E+00 1.604891E+00 1.447639E-04
4.137025E+00 1.604989E+00 1.440257E-04
4.133683E+00 1.605087E+00 1.432816E-04
4.130347E+00 1.605185E+00 1.425314E-04
4.127016E+00 1.605282E+00 1.417753E-04
4.123691E+00 1.605379E+00 1.410133E-04
4.120371E+00 1.605476E+00 1.402455E-04
4.117056E+00 1.605572E+00 1.394720E-04
4.113747E+00 1.605669E+00 1.386929E-04
4.110441E+00 1.605765E+00 1.379085E-04
4.107142E+00 1.605860E+00 1.371188E-04
4.103849E+00 1.605956E+00 1.363240E-04
4.100561E+00 1.606051E+00 1.355244E-04
4.097278E+00 1.606146E+00 1.347202E-04
4.094000E+00 1.606240E+00 1.339115E-04
4.090727E+00 1.606335E+00 1.330987E-04
4.087460E+00 1.606429E+00 1.322820E-04
4.084198E+00 1.606523E+00 1.314617E-04
4.080941E+00 1.606616E+00 1.306380E-04
4.077690E+00 1.606709E+00 1.298113E-04
4.074443E+00 1.606802E+00 1.289818E-04
4.071202E+00 1.606895E+00 1.281499E-04
4.067964E+00 1.606988E+00 1.273160E-04
4.064733E+00 1.607080E+00 1.264802E-04
4.061507E+00 1.607172E+00 1.256430E-04
4.058287E+00 1.607263E+00 1.248048E-04
4.055071E+00 1.607355E+00 1.239658E-04
4.051861E+00 1.607446E+00 1.231264E-04
4.048655E+00 1.607537E+00 1.222871E-04
4.045455E+00 1.607628E+00 1.214480E-04
4.042259E+00 1.607718E+00 1.206097E-04
4.039069E+00 1.607808E+00 1.197724E-04
4.035884E+00 1.607898E+00 1.189366E-04
4.032704E+00 1.607988E+00 1.181026E-04
4.029527E+00 1.608077E+00 1.172707E-04
4.026357E+00 1.608167E+00 1.164414E-04
4.023191E+00 1.608256E+00 1.156149E-04
4.020031E+00 1.608344E+00 1.147917E-04
4.016876E+00 1.608433E+00 1.139721E-04
4.013725E+00 1.608521E+00 1.131564E-04
4.010580E+00 1.608609E+00 1.123449E-04
4.007439E+00 1.608697E+00 1.115381E-04
4.004304E+00 1.608784E+00 1.107362E-04
4.001173E+00 1.608872E+00 1.099395E-04
3.998047E+00 1.608959E+00 1.091484E-04
3.994926E+00 1.609045E+00 1.083632E-04
3.991810E+00 1.609132E+00 1.075841E-04
3.988698E+00 1.609218E+00 1.068115E-04
3.985591E+00 1.609304E+00 1.060455E-04
3.982490E+00 1.609390E+00 1.052866E-04
3.979393E+00 1.609476E+00 1.045348E-04
3.976301E+00 1.609561E+00 1.037906E-04
3.973214E+00 1.609647E+00 1.030540E-04
3.970132E+00 1.609732E+00 1.023254E-04
3.967054E+00 1.609816E+00 1.016049E-04
3.963982E+00 1.609901E+00 1.008927E-04
3.960914E+00 1.609985E+00 1.001890E-04
3.957850E+00 1.610069E+00 9.949396E-05
3.954792E+00 1.610153E+00 9.880777E-05
3.951738E+00 1.610237E+00 9.813056E-05
3.948688E+00 1.610320E+00 9.746245E-05
3.945643E+00 1.610403E+00 9.680357E-05
3.942604E+00 1.610486E+00 9.615401E-05
3.939569E+00 1.610569E+00 9.551388E-05
3.936538E+00 1.610651E+00 9.488325E-05
3.933513E+00 1.610734E+00 9.426219E-05
3.930492E+00 1.610816E+00 9.365075E-05
3.927475E+00 1.610897E+00 9.304897E-05
3.924463E+00 1.610979E+00 9.245688E-05
3.921456E+00 1.611060E+00 9.187451E-05
3.918454E+00 1.611142E+00 9.130184E-05
3.915456E+00 1.611223E+00 9.073888E-05
3.912461E+00 1.611303E+00 9.018561E-05
3.909472E+00 1.611384E+00 8.964198E-05
3.906488E+00 1.611464E+00 8.910797E-05
3.903508E+00 1.611544E+00 8.858351E-05
3.900533E+00 1.611624E+00 8.806855E-05
3.897563E+00 1.611704E+00 8.756300E-05
3.894597E+00 1.611783E+00 8.706678E-05
3.891635E+00 1.611862E+00 8.657979E-05
3.888678E+00 1.611941E+00 8.610194E-05
3.885725E+00 1.612020E+00 8.563310E-05
3.882777E+00 1.612099E+00 8.517315E-05
3.879834E+00 1.612177E+00 8.472197E-05
3.876895E+00 1.612255E+00 8.427940E-05
3.873958E+00 1.612333E+00 8.384531E-05
3.871028E+00 1.612411E+00 8.341954E-05
3.868102E+00 1.612489E+00 8.300193E-05
3.865181E+00 1.612566E+00 8.259231E-05
3.862264E+00 1.612643E+00 8.219050E-05
3.859351E+00 1.612720E+00 8.179633E-05
3.856443E+00 1.612797E+00 8.140960E-05
3.853539E+00 1.612873E+00 8.103013E-05
3.850640E+00 1.612950E+00 8.065773E-05
3.847745E+00 1.613026E+00 8.029219E-05
3.844854E+00 1.613102E+00 7.993331E-05
3.841968E+00 1.613177E+00 7.958088E-05
3.839085E+00 1.613253E+00 7.923469E-05
3.836206E+00 1.613328E+00 7.889453E-05
3.833333E+00 1.613403E+00 7.856019E-05
3.830464E+00 1.613478E+00 7.823144E-05
3.827599E+00 1.613553E+00 7.790808E-05
3.824738E+00 1.613627E+00 7.758987E-05
3.821882E+00 1.613701E+00 7.727660E-05
3.819030E+00 1.613776E+00 7.696805E-05
3.816182E+00 1.613849E+00 7.666400E-05
3.813339E+00 1.613923E+00 7.636422E-05
3.810499E+00 1.613997E+00 7.606849E-05
3.807664E+00 1.614070E+00 7.577660E-05
3.804833E+00 1.614143E+00 7.548832E-05
3.802005E+00 1.614216E+00 7.520343E-05
3.799183E+00 1.614289E+00 7.492173E-05
3.796365E+00 1.614361E+00 7.464299E-05
3.793550E+00 1.614433E+00 7.436700E-05
3.790741E+00 1.614506E+00 7.409356E-05
3.787935E+00 1.614578E+00 7.382244E-05
3.785133E+00 1.614649E+00 7.355346E-05
3.782336E+00 1.614721E+00 7.328641E-05
3.779542E+00 1.614792E+00 7.302108E-05
3.776753E+00 1.614863E+00 7.275728E-05
3.773968E+00 1.614934E+00 7.249483E-05
3.771187E+00 1.615005E+00 7.223353E-05
3.768410E+00 1.615076E+00 7.197320E-05
3.765636E+00 1.615146E+00 7.171366E-05
3.762867E+00 1.615217E+00 7.145473E-05
3.760102E+00 1.615287E+00 7.119624E-05
3.757342E+00 1.615357E+00 7.093802E-05
3.754585E+00 1.615426E+00 7.067991E-05
3.751833E+00 1.615496E+00 7.042175E-05
3.749084E+00 1.615565E+00 7.016339E-05
3.746340E+00 1.615634E+00 6.990468E-05
3.743599E+00 1.615703E+00 6.964547E-05
3.740863E+00 1.615772E+00 6.938563E-05
3.738131E+00 1.615841E+00 6.912502E-05
3.735402E+00 1.615909E+00 6.886350E-05
3.732676E+00 1.615977E+00 6.860097E-05
3.729956E+00 1.616046E+00 6.833729E-05
3.727239E+00 1.616113E+00 6.807235E-05
3.724527E+00 1.616181E+00 6.780604E-05
3.721818E+00 1.616249E+00 6.753826E-05
3.719113E+00 1.616316E+00 6.726891E-05
3.716412E+00 1.616383E+00 6.699789E-05
3.713716E+00 1.616450E+00 6.672512E-05
3.711023E+00 1.616517E+00 6.645050E-05
3.708334E+00 1.616584E+00 6.617397E-05
3.705648E+00 1.616651E+00 6.589543E-05
3.702967E+00 1.616717E+00 6.561484E-05
3.700290E+00 1.616783E+00 6.533211E-05
3.697615E+00 1.616849E+00 6.504719E-05
3.694945E+00 1.616915E+00 6.476002E-05
3.692280E+00 1.616981E+00 6.447056E-05
3.689618E+00 1.617046E+00 6.417875E-05
3.686959E+00 1.617112E+00 6.388456E-05
3.684305E+00 1.617177E+00 6.358794E-05
3.681655E+00 1.617242E+00 6.328886E-05
3.679008E+00 1.617307E+00 6.298729E-05
3.676365E+00 1.617372E+00 6.268322E-05
3.673726E+00 1.617436E+00 6.237661E-05
3.671091E+00 1.617501E+00 6.206745E-05
3.668459E+00 1.617565E+00 6.175573E-05
3.665832E+00 1.617629E+00 6.144143E-05
3.663206E+00 1.617693E+00 6.112456E-05
3.660586E+00 1.617757E+00 6.080511E-05
3.657970E+00 1.617820E+00 6.048309E-05
3.655357E+00 1.617884E+00 6.015849E-05
3.652748E+00 1.617947E+00 5.983134E-05
3.650143E+00 1.618010E+00 5.950163E-05
3.647541E+00 1.618073E+00 5.916938E-05
3.644943E+00 1.618136E+00 5.883462E-05
3.642349E+00 1.618199E+00 5.849737E-05
3.639759E+00 1.618261E+00 5.815764E-05
3.637172E+00 1.618324E+00 5.781547E-05
3.634589E+00 1.618386E+00 5.747088E-05
3.632008E+00 1.618448E+00 5.712391E-05
3.629432E+00 1.618510E+00 5.677460E-05
3.626860E+00 1.618572E+00 5.642297E-05
3.624291E+00 1.618633E+00 5.606907E-05
3.621727E+00 1.618695E+00 5.571294E-05
3.619165E+00 1.618756E+00 5.535463E-05
3.616608E+00 1.618817E+00 5.499418E-05
3.614054E+00 1.618879E+00 5.463163E-05
3.611503E+00 1.618939E+00 5.426705E-05
3.608957E+00 1.619000E+00 5.390047E-05
3.606413E+00 1.619061E+00 5.353196E-05
3.603874E+00 1.619121E+00 5.316156E-05
3.601338E+00 1.619182E+00 5.278933E-05
3.598804E+00 1.619242E+00 5.241534E-05
3.596275E+00 1.619302E+00 5.203964E-05
3.593750E+00 1.619362E+00 5.166228E-05
3.591228E+00 1.619421E+00 5.128334E-05
3.588709E+00 1.619481E+00 5.090287E-05
3.586195E+00 1.619541E+00 5.052094E-05
3.583683E+00 1.619600E+00 5.013761E-05
3.581176E+00 1.619659E+00 4.975295E-05
3.578672E+00 1.619718E+00 4.936702E-05
3.576171E+00 1.619777E+00 4.897989E-05
3.573674E+00 1.619836E+00 4.859163E-05
3.571180E+00 1.619895E+00 4.820231E-05
3.568690E+00 1.619953E+00 4.781198E-05
3.566202E+00 1.620011E+00 4.742074E-05
3.563718E+00 1.620070E+00 4.702863E-05
3.561238E+00 1.620128E+00 4.663573E-05
3.558762E+00 1.620186E+00 4.624212E-05
3.556289E+00 1.620244E+00 4.584786E-05
3.553819E+00 1.620301E+00 4.545302E-05
3.551353E+00 1.620359E+00 4.505768E-05
3.548891E+00 1.620416E+00 4.466190E-05
3.546431E+00 1.620474E+00 4.426575E-05
3.543975E+00 1.620531E+00 4.386931E-05
3.541523E+00 1.620588E+00 4.347264E-05
3.539074E+00 1.620645E+00 4.307581E-05
3.536627E+00 1.620701E+00 4.267890E-05
3.534185E+00 1.620758E+00 4.228198E-05
3.531746E+00 1.620815E+00 4.188511E-05
3.529310E+00 1.620871E+00 4.148836E-05
3.526878E+00 1.620927E+00 4.109180E-05
3.524449E+00 1.620983E+00 4.069550E-05
3.522023E+00 1.621039E+00 4.029953E-05
3.519601E+00 1.621095E+00 3.990395E-05
3.517182E+00 1.621151E+00 3.950884E-05
3.514767E+00 1.621207E+00 3.911425E-05
3.512355E+00 1.621262E+00 3.872025E-05
3.509946E+00 1.621318E+00 3.832692E-05
3.507540E+00 1.621373E+00 3.793430E-05
3.505136E+00 1.621428E+00 3.754247E-05
3.502737E+00 1.621483E+00 3.715149E-05
3.500342E+00 1.621538E+00 3.676142E-05
3.497949E+00 1.621593E+00 3.637232E-05
3.495560E+00 1.621647E+00 3.598425E-05
3.493174E+00 1.621702E+00 3.559728E-05
3.490791E+00 1.621756E+00 3.521145E-05
3.488412E+00 1.621810E+00 3.482684E-05
3.486036E+00 1.621864E+00 3.444349E-05
3.483663E+00 1.621918E+00 3.406146E-05
3.481293E+00 1.621972E+00 3.368081E-05
3.478926E+00 1.622026E+00 3.330159E-05
3.476563E+00 1.622080E+00 3.292386E-05
3.474202E+00 1.622133E+00 3.254766E-05
3.471845E+00 1.622187E+00 3.217305E-05
3.469491E+00 1.622240E+00 3.180009E-05
3.467141E+00 1.622293E+00 3.142881E-05
3.464793E+00 1.622346E+00 3.105927E-05
3.462449E+00 1.622399E+00 3.069151E-05
3.460108E+00 1.622452E+00 3.032558E-05
3.457770E+00 1.622505E+00 2.996153E-05
3.455436E+00 1.622557E+00 2.959940E-05
3.453104E+00 1.622610E+00 2.923923E-05
3.450776E+00 1.622662E+00 2.888107E-05
3.448451E+00 1.622714E+00 2.852496E-05
3.446127E+00 1.622767E+00 2.817093E-05
3.443808E+00 1.622819E+00 2.781902E-05
3.441493E+00 1.622870E+00 2.746928E-05
3.439180E+00 1.622922E+00 2.712174E-05
3.436870E+00 1.622974E+00 2.677643E-05
3.434564E+00 1.623025E+00 2.643340E-05
3.432260E+00 1.623077E+00 2.609266E-05
3.429960E+00 1.623128E+00 2.575426E-05
3.427663E+00 1.623179E+00 2.541823E-05
3.425368E+00 1.623230E+00 2.508459E-05
3.423077E+00 1.623281E+00 2.475338E-05
3.420789E+00 1.623332E+00 2.442462E-05
3.418504E+00 1.623383E+00 2.409834E-05
3.416221E+00 1.623434E+00 2.377457E-05
3.413942E+00 1.623484E+00 2.345332E-05
3.411666E+00 1.623535E+00 2.313463E-05
3.409393E+00 1.623585E+00 2.281852E-05
3.407124E+00 1.623635E+00 2.250500E-05
3.404857E+00 1.623685E+00 2.219411E-05
3.402593E+00 1.623735E+00 2.188585E-05
3.400332E+00 1.623785E+00 2.158024E-05
3.398075E+00 1.623835E+00 2.127731E-05
3.395820E+00 1.623885E+00 2.097706E-05
3.393568E+00 1.623934E+00 2.067953E-05
3.391319E+00 1.623984E+00 2.038471E-05
3.389072E+00 1.624033E+00 2.009262E-05
3.386829E+00 1.624082E+00 1.980327E-05
3.384590E+00 1.624131E+00 1.951668E-05
3.382353E+00 1.624180E+00 1.923286E-05
3.380119E+00 1.624229E+00 1.895181E-05
3.377888E+00 1.624278E+00 1.867354E-05
3.375660E+00 1.624327E+00 1.839807E-05
3.373434E+00 1.624375E+00 1.812539E-05
3.371212E+00 1.624424E+00 1.785551E-05
3.368993E+00 1.624472E+00 1.758845E-05
3.366777E+00 1.624520E+00 1.732419E-05
3.364563E+00 1.624569E+00 1.706275E-05
3.362353E+00 1.624617E+00 1.680412E-05
3.360144E+00 1.624665E+00 1.654831E-05
3.357939E+00 1.624712E+00 1.629532E-05
3.355737E+00 1.624760E+00 1.604515E-05
3.353538E+00 1.624808E+00 1.579779E-05
3.351342E+00 1.624855E+00 1.555325E-05
3.349149E+00 1.624903E+00 1.531152E-05
3.346959E+00 1.624950E+00 1.507260E-05
3.344771E+00 1.624997E+00 1.483648E-05
3.342587E+00 1.625045E+00 1.460316E-05
3.340405E+00 1.625092E+00 1.437263E-05
3.338226E+00 1.625139E+00 1.414490E-05
3.336050E+00 1.625185E+00 1.391994E-05
3.333877E+00 1.625232E+00 1.369775E-05
3.331705E+00 1.625279E+00 1.347832E-05
3.329538E+00 1.625325E+00 1.326165E-05
3.327373E+00 1.625372E+00 1.304773E-05
3.325211E+00 1.625418E+00 1.283654E-05
3.323052E+00 1.625464E+00 1.262807E-05
3.320895E+00 1.625510E+00 1.242231E-05
3.318742E+00 1.625556E+00 1.221926E-05
3.316591E+00 1.625602E+00 1.201889E-05
3.314443E+00 1.625648E+00 1.182119E-05
3.312298E+00 1.625694E+00 1.162616E-05
3.310156E+00 1.625740E+00 1.143377E-05
3.308016E+00 1.625785E+00 1.124401E-05
3.305878E+00 1.625831E+00 1.105687E-05
3.303744E+00 1.625876E+00 1.087233E-05
3.301613E+00 1.625921E+00 1.069038E-05
3.299484E+00 1.625966E+00 1.051099E-05
3.297358E+00 1.626011E+00 1.033415E-05
3.295235E+00 1.626056E+00 1.015985E-05
3.293115E+00 1.626101E+00 9.988063E-06
3.290997E+00 1.626146E+00 9.818775E-06
3.288882E+00 1.626191E+00 9.651966E-06
3.286770E+00 1.626235E+00 9.487617E-06
3.284660E+00 1.626280E+00 9.325711E-06
3.282553E+00 1.626324E+00 9.166226E-06
3.280449E+00 1.626368E+00 9.009145E-06
3.278347E+00 1.626413E+00 8.854445E-06
3.276248E+00 1.626457E+00 8.702108E-06
3.274152E+00 1.626501E+00 8.552113E-06
3.272059E+00 1.626545E+00 8.404438E-06
3.269968E+00 1.626588E+00 8.259063E-06
3.267880E+00 1.626632E+00 8.115966E-06
3.265795E+00 1.626676E+00 7.975127E-06
3.263712E+00 1.626719E+00 7.836523E-06
3.261632E+00 1.626763E+00 7.700132E-06
3.259554E+00 1.626806E+00 7.565933E-06
3.257480E+00 1.626849E+00 7.433903E-06
3.255408E+00 1.626893E+00 7.304021E-06
3.253338E+00 1.626936E+00 7.176262E-06
3.251270E+00 1.626979E+00 7.050606E-06
3.249206E+00 1.627022E+00 6.927028E-06
3.247144E+00 1.627064E+00 6.805508E-06
3.245085E+00 1.627107E+00 6.686020E-06
3.243029E+00 1.627150E+00 6.568543E-06
3.240975E+00 1.627192E+00 6.453054E-06
3.238924E+00 1.627235E+00 6.339529E-06
3.236876E+00 1.627277E+00 6.227945E-06
3.234830E+00 1.627319E+00 6.118279E-06
3.232786E+00 1.627362E+00 6.010508E-06
3.230745E+00 1.627404E+00 5.904609E-06
3.228707E+00 1.627446E+00 5.800558E-06
3.226670E+00 1.627488E+00 5.698332E-06
3.224637E+00 1.627529E+00 5.597908E-06
3.222607E+00 1.627571E+00 5.499262E-06
3.220579E+00 1.627613E+00 5.402372E-06
3.218553E+00 1.627654E+00 5.307215E-06
3.216530E+00 1.627696E+00 5.213766E-06
3.214510E+00 1.627737E+00 5.122004E-06
3.212492E+00 1.627779E+00 5.031904E-06
3.210477E+00 1.627820E+00 4.943445E-06
3.208464E+00 1.627861E+00 4.856603E-06
3.206454E+00 1.627902E+00 4.771356E-06
3.204446E+00 1.627943E+00 4.687681E-06
3.202441E+00 1.627984E+00 4.605554E-06
3.200437E+00 1.628025E+00 4.524955E-06
3.198437E+00 1.628065E+00 4.445860E-06
3.196439E+00 1.628106E+00 4.368246E-06
3.194444E+00 1.628147E+00 4.292093E-06
3.192452E+00 1.628187E+00 4.217378E-06
3.190461E+00 1.628227E+00 4.144078E-06
3.188474E+00 1.628268E+00 4.072173E-06
3.186488E+00 1.628308E+00 4.001640E-06
3.184505E+00 1.628348E+00 3.932458E-06
3.182525E+00 1.628388E+00 3.864606E-06
3.180547E+00 1.628428E+00 3.798062E-06
3.178572E+00 1.628468E+00 3.732806E-06
3.176599E+00 1.628508E+00 3.668816E-06
3.174627E+00 1.628547E+00 3.606073E-06
3.172659E+00 1.628587E+00 3.544554E-06
3.170694E+00 1.628627E+00 3.484241E-06
3.168730E+00 1.628666E+00 3.425113E-06
3.166770E+00 1.628705E+00 3.367149E-06
3.164811E+00 1.628745E+00 3.310331E-06
3.162855E+00 1.628784E+00 3.254637E-06
3.160902E+00 1.628823E+00 3.200050E-06
3.158951E+00 1.628862E+00 3.146550E-06
3.157002E+00 1.628901E+00 3.094117E-06
3.155056E+00 1.628940E+00 3.042734E-06
3.153112E+00 1.628979E+00 2.992380E-06
3.151169E+00 1.629018E+00 2.943038E-06
3.149230E+00 1.629056E+00 2.894690E-06
3.147294E+00 1.629095E+00 2.847317E-06
3.145359E+00 1.629133E+00 2.800901E-06
3.143427E+00 1.629172E+00 2.755426E-06
3.141498E+00 1.629210E+00 2.710873E-06
3.139571E+00 1.629248E+00 2.667226E-06
3.137646E+00 1.629287E+00 2.624467E-06
3.135723E+00 1.629325E+00 2.582579E-06
3.133803E+00 1.629363E+00 2.541547E-06
3.131885E+00 1.629401E+00 2.501353E-06
3.129970E+00 1.629439E+00 2.461981E-06
3.128057E+00 1.629476E+00 2.423416E-06
3.126145E+00 1.629514E+00 2.385642E-06
3.124237E+00 1.629552E+00 2.348643E-06
3.122330E+00 1.629589E+00 2.312404E-06
3.120427E+00 1.629627E+00 2.276910E-06
3.118525E+00 1.629664E+00 2.242146E-06
3.116626E+00 1.629702E+00 2.208097E-06
3.114729E+00 1.629739E+00 2.174749E-06
3.112835E+00 1.629776E+00 2.142088E-06
3.110942E+00 1.629813E+00 2.110100E-06
3.109053E+00 1.629850E+00 2.078770E-06
3.107165E+00 1.629887E+00 2.048086E-06
3.105280E+00 1.629924E+00 2.018034E-06
3.103396E+00 1.629961E+00 1.988600E-06
3.101515E+00 1.629998E+00 1.959772E-06
3.099636E+00 1.630034E+00 1.931537E-06
3.097760E+00 1.630071E+00 1.903883E-06
3.095886E+00 1.630108E+00 1.876796E-06
3.094014E+00 1.630144E+00 1.850266E-06
3.092145E+00 1.630180E+00 1.824279E-06
3.090278E+00 1.630217E+00 1.798825E-06
3.088413E+00 1.630253E+00 1.773892E-06
3.086550E+00 1.630289E+00 1.749468E-06
3.084690E+00 1.630325E+00 1.725542E-06
3.082832E+00 1.630361E+00 1.702103E-06
3.080976E+00 1.630397E+00 1.679141E-06
3.079121E+00 1.630433E+00 1.656645E-06
3.077270E+00 1.630469E+00 1.634604E-06
3.075420E+00 1.630505E+00 1.613009E-06
3.073573E+00 1.630540E+00 1.591849E-06
3.071729E+00 1.630576E+00 1.571115E-06
3.069886E+00 1.630612E+00 1.550797E-06
3.068046E+00 1.630647E+00 1.530885E-06
3.066207E+00 1.630682E+00 1.511370E-06
3.064371E+00 1.630718E+00 1.492244E-06
3.062538E+00 1.630753E+00 1.473497E-06
3.060706E+00 1.630788E+00 1.455120E-06
3.058877E+00 1.630823E+00 1.437105E-06
3.057049E+00 1.630858E+00 1.419443E-06
3.055223E+00 1.630893E+00 1.402127E-06
3.053401E+00 1.630928E+00 1.385148E-06
3.051580E+00 1.630963E+00 1.368498E-06
3.049761E+00 1.630998E+00 1.352170E-06
3.047945E+00 1.631032E+00 1.336156E-06
3.046131E+00 1.631067E+00 1.320448E-06
3.044319E+00 1.631102E+00 1.305039E-06
3.042509E+00 1.631136E+00 1.289923E-06
3.040701E+00 1.631171E+00 1.275092E-06
3.038896E+00 1.631205E+00 1.260538E-06
3.037092E+00 1.631239E+00 1.246257E-06
3.035291E+00 1.631273E+00 1.232241E-06
3.033491E+00 1.631308E+00 1.218483E-06
3.031694E+00 1.631342E+00 1.204978E-06
3.029899E+00 1.631376E+00 1.191719E-06
3.028106E+00 1.631410E+00 1.178700E-06
3.026316E+00 1.631444E+00 1.165916E-06
3.024527E+00 1.631477E+00 1.153361E-06
3.022741E+00 1.631511E+00 1.141029E-06
3.020956E+00 1.631545E+00 1.128914E-06
3.019174E+00 1.631578E+00 1.117012E-06
3.017394E+00 1.631612E+00 1.105318E-06
3.015616E+00 1.631646E+00 1.093825E-06
3.013840E+00 1.631679E+00 1.082529E-06
3.012066E+00 1.631712E+00 1.071426E-06
3.010294E+00 1.631746E+00 1.060510E-06
3.008524E+00 1.631779E+00 1.049777E-06
3.006756E+00 1.631812E+00 1.039223E-06
3.004991E+00 1.631845E+00 1.028843E-06
3.003228E+00 1.631878E+00 1.018632E-06
3.001466E+00 1.631911E+00 1.008586E-06
2.999707E+00 1.631944E+00 9.987023E-07
2.997950E+00 1.631977E+00 9.889757E-07
2.996195E+00 1.632010E+00 9.794026E-07
2.994441E+00 1.632043E+00 9.699792E-07
2.992690E+00 1.632075E+00 9.607017E-07
2.990941E+00 1.632108E+00 9.515666E-07
2.989194E+00 1.632140E+00 9.425704E-07
2.987449E+00 1.632173E+00 9.337095E-07
2.985706E+00 1.632205E+00 9.249807E-07
2.983965E+00 1.632238E+00 9.163807E-07
2.982226E+00 1.632270E+00 9.079064E-07
2.980489E+00 1.632302E+00 8.995546E-07
2.978754E+00 1.632334E+00 8.913223E-07
2.977022E+00 1.632366E+00 8.832066E-07
2.975291E+00 1.632399E+00 8.752046E-07
2.973562E+00 1.632431E+00 8.673136E-07
2.971835E+00 1.632462E+00 8.595308E-07
2.970111E+00 1.632494E+00 8.518536E-07
2.968388E+00 1.632526E+00 8.442795E-07
2.966666E+00 1.632558E+00 8.368059E-07
2.964948E+00 1.632590E+00 8.294304E-07
2.963231E+00 1.632621E+00 8.221507E-07
2.961516E+00 1.632653E+00 8.149644E-07
2.959803E+00 1.632684E+00 8.078694E-07
2.958092E+00 1.632716E+00 8.008634E-07
2.956384E+00 1.632747E+00 7.939443E-07
2.954677E+00 1.632778E+00 7.871102E-07
2.952972E+00 1.632810E+00 7.803589E-07
2.951269E+00 1.632841E+00 7.736885E-07
2.949568E+00 1.632872E+00 7.670972E-07
2.947869E+00 1.632903E+00 7.605831E-07
2.946172E+00 1.632934E+00 7.541444E-07
2.944476E+00 1.632965E+00 7.477794E-07
2.942783E+00 1.632996E+00 7.414865E-07
2.941092E+00 1.633027E+00 7.352639E-07
2.939402E+00 1.633058E+00 7.291102E-07
2.937715E+00 1.633089E+00 7.230237E-07
2.936030E+00 1.633119E+00 7.170029E-07
2.934346E+00 1.633150E+00 7.110465E-07
2.932665E+00 1.633180E+00 7.051529E-07
2.930985E+00 1.633211E+00 6.993209E-07
2.929308E+00 1.633241E+00 6.935491E-07
2.927632E+00 1.633272E+00 6.878362E-07
2.925958E+00 1.633302E+00 6.821809E-07
2.924286E+00 1.633332E+00 6.765821E-07
2.922615E+00 1.633363E+00 6.710386E-07
2.920947E+00 1.633393E+00 6.655492E-07
2.919281E+00 1.633423E+00 6.601128E-07
2.917617E+00 1.633453E+00 6.547283E-07
2.915954E+00 1.633483E+00 6.493947E-07
2.914294E+00 1.633513E+00 6.441110E-07
2.912635E+00 1.633543E+00 6.388762E-07
2.910978E+00 1.633573E+00 6.336893E-07
2.909324E+00 1.633603E+00 6.285495E-07
2.907671E+00 1.633632E+00 6.234558E-07
2.906020E+00 1.633662E+00 6.184073E-07
2.904370E+00 1.633692E+00 6.134033E-07
2.902722E+00 1.633721E+00 6.084429E-07
2.901077E+00 1.633751E+00 6.035253E-07
2.899433E+00 1.633780E+00 5.986498E-07
2.897791E+00 1.633810E+00 5.938156E-07
2.896152E+00 1.633839E+00 5.890219E-07
2.894514E+00 1.633868E+00 5.842682E-07
2.892877E+00 1.633897E+00 5.795537E-07
2.891243E+00 1.633927E+00 5.748777E-07
2.889611E+00 1.633956E+00 5.702397E-07
2.887980E+00 1.633985E+00 5.656390E-07
2.886351E+00 1.634014E+00 5.610751E-07
2.884724E+00 1.634043E+00 5.565473E-07
2.883099E+00 1.634072E+00 5.520551E-07
2.881475E+00 1.634101E+00 5.475979E-07
2.879853E+00 1.634130E+00 5.431752E-07
2.878234E+00 1.634158E+00 5.387866E-07
2.876616E+00 1.634187E+00 5.344315E-07
2.875000E+00 1.634216E+00 5.301095E-07
2.873386E+00 1.634244E+00 5.258200E-07
2.871773E+00 1.634273E+00 5.215627E-07
2.870163E+00 1.634301E+00 5.173371E-07
2.868554E+00 1.634330E+00 5.131428E-07
2.866947E+00 1.634358E+00 5.089793E-07
2.865342E+00 1.634387E+00 5.048464E-07
2.863738E+00 1.634415E+00 5.007435E-07
2.862136E+00 1.634443E+00 4.966704E-07
2.860536E+00 1.634471E+00 4.926266E-07
2.858938E+00 1.634499E+00 4.886119E-07
2.857342E+00 1.634528E+00 4.846259E-07
2.855748E+00 1.634556E+00 4.806682E-07
2.854155E+00 1.634584E+00 4.767386E-07
2.852564E+00 1.634612E+00 4.728367E-07
2.850975E+00 1.634639E+00 4.689622E-07
2.849388E+00 1.634667E+00 4.651149E-07
2.847802E+00 1.634695E+00 4.612945E-07
2.846218E+00 1.634723E+00 4.575006E-07
2.844636E+00 1.634750E+00 4.537331E-07
2.843056E+00 1.634778E+00 4.499916E-07
2.841477E+00 1.634806E+00 4.462760E-07
2.839900E+00 1.634833E+00 4.425860E-07
2.838325E+00 1.634861E+00 4.389213E-07
2.836751E+00 1.634888E+00 4.352817E-07
2.835180E+00 1.634916E+00 4.316670E-07
2.833610E+00 1.634943E+00 4.280770E-07
2.832042E+00 1.634970E+00 4.245114E-07
2.830476E+00 1.634997E+00 4.209701E-07
2.828911E+00 1.635025E+00 4.174529E-07
2.827348E+00 1.635052E+00 4.139596E-07
2.825787E+00 1.635079E+00 4.104899E-07
2.824228E+00 1.635106E+00 4.070438E-07
2.822670E+00 1.635133E+00 4.036209E-07
2.821113E+00 1.635160E+00 4.002212E-07
2.819559E+00 1.635187E+00 3.968445E-07
2.818006E+00 1.635214E+00 3.934906E-07
2.816456E+00 1.635241E+00 3.901594E-07
2.814906E+00 1.635267E+00 3.868506E-07
2.813359E+00 1.635294E+00 3.835642E-07
2.811813E+00 1.635321E+00 3.803000E-07
2.810269E+00 1.635347E+00 3.770578E-07
2.808727E+00 1.635374E+00 3.738375E-07
2.807186E+00 1.635400E+00 3.706390E-07
2.805647E+00 1.635427E+00 3.674621E-07
2.804110E+00 1.635453E+00 3.643067E-07
2.802574E+00 1.635480E+00 3.611726E-07
2.801040E+00 1.635506E+00 3.580598E-07
2.799507E+00 1.635532E+00 3.549681E-07
2.797977E+00 1.635559E+00 3.518973E-07
2.796448E+00 1.635585E+00 3.488474E-07
2.794921E+00 1.635611E+00 3.458183E-07
2.793395E+00 1.635637E+00 3.428097E-07
2.791871E+00 1.635663E+00 3.398217E-07
2.790349E+00 1.635689E+00 3.368541E-07
2.788829E+00 1.635715E+00 3.339067E-07
2.787310E+00 1.635741E+00 3.309795E-07
2.785792E+00 1.635767E+00 3.280724E-07
2.784277E+00 1.635793E+00 3.251852E-07
2.782762E+00 1.635819E+00 3.223178E-07
2.781250E+00 1.635844E+00 3.194703E-07
2.779739E+00 1.635870E+00 3.166423E-07
2.778230E+00 1.635896E+00 3.138339E-07
2.776723E+00 1.635921E+00 3.110450E-07
2.775217E+00 1.635947E+00 3.082754E-07
2.773713E+00 1.635972E+00 3.055251E-07
2.772210E+00 1.635998E+00 3.027939E-07
2.770709E+00 1.636023E+00 3.000817E-07
2.769210E+00 1.636049E+00 2.973886E-07
2.767713E+00 1.636074E+00 2.947143E-07
2.766217E+00 1.636099E+00 2.920588E-07
2.764722E+00 1.636125E+00 2.894220E-07
2.763229E+00 1.636150E+00 2.868038E-07
2.761737E+00 1.636175E+00 2.842041E-07
2.760248E+00 1.636200E+00 2.816228E-07
2.758760E+00 1.636225E+00 2.790599E-07
2.757274E+00 1.636250E+00 2.765152E-07
2.755789E+00 1.636275E+00 2.739887E-07
2.754306E+00 1.636300E+00 2.714803E-07
2.752824E+00 1.636325E+00 2.689898E-07
2.751344E+00 1.636350E+00 2.665173E-07
2.749866E+00 1.636375E+00 2.640625E-07
2.748389E+00 1.636400E+00 2.616256E-07
2.746914E+00 1.636424E+00 2.592062E-07
2.745440E+00 1.636449E+00 2.568045E-07
2.743968E+00 1.636474E+00 2.544202E-07
2.742497E+00 1.636498E+00 2.520533E-07
2.741028E+00 1.636523E+00 2.497037E-07
2.739561E+00 1.636547E+00 2.473714E-07
2.738095E+00 1.636572E+00 2.450563E-07
2.736631E+00 1.636596E+00 2.427582E-07
2.735168E+00 1.636621E+00 2.404771E-07
2.733707E+00 1.636645E+00 2.382130E-07
2.732248E+00 1.636669E+00 2.359656E-07
2.730790E+00 1.636694E+00 2.337350E-07
2.729334E+00 1.636718E+00 2.315211E-07
2.727879E+00 1.636742E+00 2.293238E-07
2.726425E+00 1.636766E+00 2.271430E-07
2.724973E+00 1.636790E+00 2.249787E-07
2.723523E+00 1.636814E+00 2.228307E-07
2.722074E+00 1.636838E+00 2.206990E-07
2.720627E+00 1.636862E+00 2.185834E-07
2.719182E+00 1.636886E+00 2.164840E-07
2.717738E+00 1.636910E+00 2.144007E-07
2.716295E+00 1.636934E+00 2.123332E-07
2.714854E+00 1.636958E+00 2.102817E-07
2.713415E+00 1.636982E+00 2.082460E-07
2.711977E+00 1.637005E+00 2.062260E-07
2.710541E+00 1.637029E+00 2.042216E-07
2.709106E+00 1.637053E+00 2.022328E-07
2.707672E+00 1.637076E+00 2.002595E-07
2.706240E+00 1.637100E+00 1.983017E-07
2.704810E+00 1.637123E+00 1.963591E-07
2.703381E+00 1.637147E+00 1.944318E-07
2.701953E+00 1.637170E+00 1.925197E-07
2.700528E+00 1.637194E+00 1.906226E-07
2.699103E+00 1.637217E+00 1.887406E-07
2.697681E+00 1.637241E+00 1.868736E-07
2.696259E+00 1.637264E+00 1.850214E-07
2.694840E+00 1.637287E+00 1.831840E-07
2.693421E+00 1.637310E+00 1.813613E-07
2.692005E+00 1.637334E+00 1.795532E-07
2.690589E+00 1.637357E+00 1.777597E-07
2.689175E+00 1.637380E+00 1.759806E-07
2.687762E+00 1.637403E+00 1.742160E-07
2.686352E+00 1.637426E+00 1.724657E-07
2.684942E+00 1.637449E+00 1.707296E-07
2.683534E+00 1.637472E+00 1.690077E-07
2.682128E+00 1.637495E+00 1.672999E-07
2.680723E+00 1.637518E+00 1.656061E-07
2.679319E+00 1.637540E+00 1.639262E-07
2.677917E+00 1.637563E+00 1.622602E-07
2.676517E+00 1.637586E+00 1.606080E-07
2.675118E+00 1.637609E+00 1.589694E-07
2.673720E+00 1.637631E+00 1.573445E-07
2.672323E+00 1.637654E+00 1.557332E-07
2.670929E+00 1.637677E+00 1.541353E-07
2.669536E+00 1.637699E+00 1.525508E-07
2.668144E+00 1.637722E+00 1.509796E-07
2.666753E+00 1.637744E+00 1.494217E-07
2.665365E+00 1.637767E+00 1.478769E-07
2.663977E+00 1.637789E+00 1.463453E-07
2.662591E+00 1.637811E+00 1.448266E-07
2.661207E+00 1.637834E+00 1.433209E-07
2.659823E+00 1.637856E+00 1.418280E-07
2.658442E+00 1.637878E+00 1.403479E-07
2.657062E+00 1.637901E+00 1.388806E-07
2.655682E+00 1.637923E+00 1.374258E-07
2.654305E+00 1.637945E+00 1.359836E-07
2.652929E+00 1.637967E+00 1.345539E-07
2.651554E+00 1.637989E+00 1.331366E-07
2.650181E+00 1.638011E+00 1.317317E-07
2.648809E+00 1.638033E+00 1.303389E-07
2.647439E+00 1.638055E+00 1.289584E-07
2.646070E+00 1.638077E+00 1.275900E-07
2.644703E+00 1.638099E+00 1.262335E-07
2.643337E+00 1.638121E+00 1.248891E-07
2.641972E+00 1.638143E+00 1.235565E-07
2.640609E+00 1.638165E+00 1.222357E-07
2.639247E+00 1.638186E+00 1.209267E-07
2.637886E+00 1.638208E+00 1.196292E-07
2.636527E+00 1.638230E+00 1.183434E-07
2.635170E+00 1.638251E+00 1.170691E-07
2.633814E+00 1.638273E+00 1.158062E-07
2.632459E+00 1.638295E+00 1.145547E-07
2.631105E+00 1.638316E+00 1.133144E-07
2.629753E+00 1.638338E+00 1.120854E-07
2.628403E+00 1.638359E+00 1.108675E-07
2.627054E+00 1.638381E+00 1.096606E-07
2.625706E+00 1.638402E+00 1.084648E-07
2.624359E+00 1.638423E+00 1.072798E-07
2.623014E+00 1.638445E+00 1.061057E-07
2.621670E+00 1.638466E+00 1.049424E-07
2.620327E+00 1.638487E+00 1.037897E-07
2.618986E+00 1.638508E+00 1.026477E-07
2.617647E+00 1.638530E+00 1.015163E-07
2.616309E+00 1.638551E+00 1.003953E-07
2.614972E+00 1.638572E+00 9.928471E-08
2.613636E+00 1.638593E+00 9.818448E-08
2.612302E+00 1.638614E+00 9.709451E-08
2.610969E+00 1.638635E+00 9.601474E-08
2.609638E+00 1.638656E+00 9.494509E-08
2.608308E+00 1.638677E+00 9.388550E-08
2.606979E+00 1.638698E+00 9.283589E-08
2.605652E+00 1.638719E+00 9.179619E-08
2.604325E+00 1.638740E+00 9.076633E-08
2.603001E+00 1.638760E+00 8.974624E-08
2.601677E+00 1.638781E+00 8.873585E-08
2.600356E+00 1.638802E+00 8.773510E-08
2.599035E+00 1.638823E+00 8.674391E-08
2.597716E+00 1.638843E+00 8.576221E-08
2.596398E+00 1.638864E+00 8.478994E-08
2.595081E+00 1.638885E+00 8.382703E-08
2.593766E+00 1.638905E+00 8.287340E-08
2.592452E+00 1.638926E+00 8.192900E-08
2.591139E+00 1.638946E+00 8.099375E-08
2.589828E+00 1.638967E+00 8.006758E-08
2.588518E+00 1.638987E+00 7.915042E-08
2.587209E+00 1.639008E+00 7.824222E-08
2.585902E+00 1.639028E+00 7.734290E-08
2.584596E+00 1.639048E+00 7.645240E-08
2.583291E+00 1.639069E+00 7.557065E-08
2.581988E+00 1.639089E+00 7.469758E-08
2.580686E+00 1.639109E+00 7.383313E-08
2.579385E+00 1.639129E+00 7.297723E-08
2.578086E+00 1.639150E+00 7.212981E-08
2.576788E+00 1.639170E+00 7.129082E-08
2.575491E+00 1.639190E+00 7.046019E-08
2.574195E+00 1.639210E+00 6.963785E-08
2.572901E+00 1.639230E+00 6.882373E-08
2.571608E+00 1.639250E+00 6.801778E-08
2.570316E+00 1.639270E+00 6.721993E-08
2.569026E+00 1.639290E+00 6.643011E-08
2.567737E+00 1.639310E+00 6.564827E-08
2.566449E+00 1.639330E+00 6.487433E-08
2.565163E+00 1.639350E+00 6.410825E-08
2.563878E+00 1.639370E+00 6.334994E-08
2.562594E+00 1.639389E+00 6.259936E-08
2.561311E+00 1.639409E+00 6.185645E-08
2.560030E+00 1.639429E+00 6.112113E-08
2.558750E+00 1.639449E+00 6.039334E-08
2.557471E+00 1.639468E+00 5.967304E-08
2.556194E+00 1.639488E+00 5.896015E-08
2.554917E+00 1.639508E+00 5.825462E-08
2.553642E+00 1.639527E+00 5.755638E-08
2.552369E+00 1.639547E+00 5.686537E-08
2.551097E+00 1.639566E+00 5.618155E-08
2.549826E+00 1.639586E+00 5.550484E-08
2.548556E+00 1.639605E+00 5.483518E-08
2.547287E+00 1.639625E+00 5.417253E-08
2.546020E+00 1.639644E+00 5.351682E-08
2.544754E+00 1.639663E+00 5.286799E-08
2.543489E+00 1.639683E+00 5.222598E-08
2.542226E+00 1.639702E+00 5.159074E-08
2.540964E+00 1.639721E+00 5.096221E-08
2.539703E+00 1.639741E+00 5.034033E-08
2.538442E+00 1.639760E+00 4.972505E-08
2.537184E+00 1.639779E+00 4.911631E-08
2.535926E+00 1.639798E+00 4.851406E-08
2.534670E+00 1.639817E+00 4.791823E-08
2.533416E+00 1.639836E+00 4.732878E-08
2.532162E+00 1.639855E+00 4.674564E-08
2.530910E+00 1.639874E+00 4.616877E-08
2.529659E+00 1.639893E+00 4.559810E-08
2.528409E+00 1.639912E+00 4.503359E-08
2.527161E+00 1.639931E+00 4.447519E-08
2.525913E+00 1.639950E+00 4.392282E-08
2.524667E+00 1.639969E+00 4.337646E-08
2.523422E+00 1.639988E+00 4.283603E-08
2.522178E+00 1.640007E+00 4.230149E-08
2.520936E+00 1.640026E+00 4.177279E-08
2.519695E+00 1.640044E+00 4.124987E-08
2.518455E+00 1.640063E+00 4.073268E-08
2.517216E+00 1.640082E+00 4.022118E-08
2.515978E+00 1.640101E+00 3.971530E-08
2.514742E+00 1.640119E+00 3.921500E-08
2.513507E+00 1.640138E+00 3.872023E-08
2.512273E+00 1.640156E+00 3.823094E-08
2.511040E+00 1.640175E+00 3.774708E-08
2.509809E+00 1.640194E+00 3.726860E-08
2.508579E+00 1.640212E+00 3.679545E-08
2.507349E+00 1.640231E+00 3.632757E-08
2.506121E+00 1.640249E+00 3.586493E-08
2.504895E+00 1.640267E+00 3.540748E-08
2.503669E+00 1.640286E+00 3.495516E-08
2.502445E+00 1.640304E+00 3.450793E-08
2.501222E+00 1.640323E+00 3.406574E-08
2.500000E+00 1.640341E+00 3.362854E-08
