5.117500E+03 2.743628E+00 4.559525E-05
2.558750E+03 2.743713E+00 9.124794E-05
1.705833E+03 2.743856E+00 1.370171E-04
1.279375E+03 2.744056E+00 1.829647E-04
1.023500E+03 2.744314E+00 2.291578E-04
8.529170E+02 2.744629E+00 2.756695E-04
7.310716E+02 2.745003E+00 3.225818E-04
6.396876E+02 2.745435E+00 3.699865E-04
5.686112E+02 2.745925E+00 4.179884E-04
5.117500E+02 2.746475E+00 4.667071E-04
4.652273E+02 2.747085E+00 5.162802E-04
4.264583E+02 2.747755E+00 5.668656E-04
3.936538E+02 2.748485E+00 6.186458E-04
3.655357E+02 2.749278E+00 6.718307E-04
3.411666E+02 2.750133E+00 7.266623E-04
3.198437E+02 2.751051E+00 7.834190E-04
3.010294E+02 2.752033E+00 8.424207E-04
2.843056E+02 2.753081E+00 9.040344E-04
2.693421E+02 2.754194E+00 9.686802E-04
2.558750E+02 2.755375E+00 1.036838E-03
2.436905E+02 2.756624E+00 1.109054E-03
2.326136E+02 2.757943E+00 1.185950E-03
2.225000E+02 2.759333E+00 1.268232E-03
2.132292E+02 2.760795E+00 1.356694E-03
2.047000E+02 2.762332E+00 1.452236E-03
1.968269E+02 2.763943E+00 1.555869E-03
1.895370E+02 2.765631E+00 1.668724E-03
1.827678E+02 2.767398E+00 1.792067E-03
1.764655E+02 2.769246E+00 1.927310E-03
1.705833E+02 2.771175E+00 2.076020E-03
1.650807E+02 2.773188E+00 2.239934E-03
1.599219E+02 2.775286E+00 2.420966E-03
1.550758E+02 2.777472E+00 2.621227E-03
1.505147E+02 2.779747E+00 2.843029E-03
1.462143E+02 2.782112E+00 3.088897E-03
1.421528E+02 2.784571E+00 3.361585E-03
1.383108E+02 2.787124E+00 3.664076E-03
1.346710E+02 2.789772E+00 3.999600E-03
1.312179E+02 2.792518E+00 4.371630E-03
1.279375E+02 2.795363E+00 4.783895E-03
1.248171E+02 2.798308E+00 5.240378E-03
1.218452E+02 2.801353E+00 5.745313E-03
1.190116E+02 2.804501E+00 6.303189E-03
1.163068E+02 2.807751E+00 6.918738E-03
1.137222E+02 2.811103E+00 7.596923E-03
1.112500E+02 2.814559E+00 8.342932E-03
1.088830E+02 2.818116E+00 9.162149E-03
1.066146E+02 2.821775E+00 1.006014E-02
1.044388E+02 2.825535E+00 1.104263E-02
1.023500E+02 2.829392E+00 1.211544E-02
1.003431E+02 2.833347E+00 1.328450E-02
9.841348E+01 2.837395E+00 1.455577E-02
9.655660E+01 2.841535E+00 1.593519E-02
9.476849E+01 2.845761E+00 1.742866E-02
9.304541E+01 2.850070E+00 1.904195E-02
9.138396E+01 2.854456E+00 2.078066E-02
8.978071E+01 2.858915E+00 2.265015E-02
8.823275E+01 2.863441E+00 2.465545E-02
8.673727E+01 2.868026E+00 2.680125E-02
8.529170E+01 2.872663E+00 2.909173E-02
8.389346E+01 2.877345E+00 3.153058E-02
8.254033E+01 2.882064E+00 3.412086E-02
8.123015E+01 2.886811E+00 3.686496E-02
7.996092E+01 2.891576E+00 3.976451E-02
7.873080E+01 2.896351E+00 4.282031E-02
7.753789E+01 2.901125E+00 4.603226E-02
7.638060E+01 2.905890E+00 4.939931E-02
7.525734E+01 2.910634E+00 5.291938E-02
7.416665E+01 2.915349E+00 5.658934E-02
7.310716E+01 2.920025E+00 6.040494E-02
7.207747E+01 2.924652E+00 6.436080E-02
7.107639E+01 2.929222E+00 6.845038E-02
7.010273E+01 2.933726E+00 7.266600E-02
6.915538E+01 2.938158E+00 7.699883E-02
6.823335E+01 2.942511E+00 8.143890E-02
6.733553E+01 2.946780E+00 8.597523E-02
6.646104E+01 2.950962E+00 9.059580E-02
6.560896E+01 2.955056E+00 9.528775E-02
6.477846E+01 2.959061E+00 1.000375E-01
6.396876E+01 2.962982E+00 1.048308E-01
6.317902E+01 2.966823E+00 1.096533E-01
6.240853E+01 2.970595E+00 1.144905E-01
6.165661E+01 2.974310E+00 1.193284E-01
6.092264E+01 2.977986E+00 1.241537E-01
6.020589E+01 2.981647E+00 1.289552E-01
5.950582E+01 2.985322E+00 1.337239E-01
5.882183E+01 2.989048E+00 1.384551E-01
5.815340E+01 2.992874E+00 1.431503E-01
5.750001E+01 2.996858E+00 1.478195E-01
5.686112E+01 3.001076E+00 1.524867E-01
5.623626E+01 3.005622E+00 1.571963E-01
5.562499E+01 3.010618E+00 1.620247E-01
5.502687E+01 3.016215E+00 1.670998E-01
5.444150E+01 3.022609E+00 1.726347E-01
5.386843E+01 3.030042E+00 1.789878E-01
5.330729E+01 3.038795E+00 1.867757E-01
5.275773E+01 3.049116E+00 1.970865E-01
5.221938E+01 3.060952E+00 2.118734E-01
5.169193E+01 3.072994E+00 2.345536E-01
5.117500E+01 3.079812E+00 2.700399E-01
5.066832E+01 3.066263E+00 3.192553E-01
5.017156E+01 3.013739E+00 3.593938E-01
4.968445E+01 2.944871E+00 3.509851E-01
4.920674E+01 2.907137E+00 3.077845E-01
4.873810E+01 2.900867E+00 2.666823E-01
4.827830E+01 2.908132E+00 2.377636E-01
4.782710E+01 2.919262E+00 2.183019E-01
4.738427E+01 2.930932E+00 2.046918E-01
4.694955E+01 2.942259E+00 1.945526E-01
4.652273E+01 2.953159E+00 1.864800E-01
4.610360E+01 2.963772E+00 1.796538E-01
4.569196E+01 2.974290E+00 1.735873E-01
4.528762E+01 2.984895E+00 1.679866E-01
4.489036E+01 2.995752E+00 1.626724E-01
4.450000E+01 3.007004E+00 1.575366E-01
4.411638E+01 3.018779E+00 1.525165E-01
4.373931E+01 3.031193E+00 1.475797E-01
4.336865E+01 3.044355E+00 1.427152E-01
4.300420E+01 3.058368E+00 1.379279E-01
4.264583E+01 3.073336E+00 1.332347E-01
4.229338E+01 3.089364E+00 1.286633E-01
4.194671E+01 3.106561E+00 1.242508E-01
4.160570E+01 3.125050E+00 1.200448E-01
4.127016E+01 3.144961E+00 1.161037E-01
4.094000E+01 3.166445E+00 1.125002E-01
4.061507E+01 3.189677E+00 1.093242E-01
4.029527E+01 3.214862E+00 1.066898E-01
3.998047E+01 3.242244E+00 1.047440E-01
3.967054E+01 3.272124E+00 1.036822E-01
3.936538E+01 3.304871E+00 1.037705E-01
3.906488E+01 3.340948E+00 1.053842E-01
3.876895E+01 3.380941E+00 1.090709E-01
3.847745E+01 3.425592E+00 1.156617E-01
3.819030E+01 3.475833E+00 1.264723E-01
3.790741E+01 3.532774E+00 1.436842E-01
3.762867E+01 3.597503E+00 1.710844E-01
3.735402E+01 3.670181E+00 2.154881E-01
3.708334E+01 3.746623E+00 2.890353E-01
3.681655E+01 3.807096E+00 4.093009E-01
3.655357E+01 3.794377E+00 5.749286E-01
3.629432E+01 3.654824E+00 6.843851E-01
3.603874E+01 3.518915E+00 6.190607E-01
3.578672E+01 3.530845E+00 4.913892E-01
3.553819E+01 3.646686E+00 4.182170E-01
3.529310E+01 3.810883E+00 4.154591E-01
3.505136E+01 4.008675E+00 4.849784E-01
3.481293E+01 4.240463E+00 6.546990E-01
3.457770E+01 4.484986E+00 1.004713E+00
3.434564E+01 4.578503E+00 1.674784E+00
3.411666E+01 4.025486E+00 2.514870E+00
3.389072E+01 2.914384E+00 2.633445E+00
3.366777E+01 2.182000E+00 2.055882E+00
3.344771E+01 1.973322E+00 1.369791E+00
3.323052E+01 2.097081E+00 8.545398E-01
3.301613E+01 2.323382E+00 5.633058E-01
3.280449E+01 2.536666E+00 4.131016E-01
3.259554E+01 2.718833E+00 3.378006E-01
3.238924E+01 2.875469E+00 3.066135E-01
3.218553E+01 3.013315E+00 3.076157E-01
3.198437E+01 3.135311E+00 3.391226E-01
3.178572E+01 3.236661E+00 4.060181E-01
3.158951E+01 3.296638E+00 5.134288E-01
3.139571E+01 3.272387E+00 6.419919E-01
3.120427E+01 3.143025E+00 7.076652E-01
3.101515E+01 3.003940E+00 6.304525E-01
3.082832E+01 2.968450E+00 4.753235E-01
3.064371E+01 3.023775E+00 3.412315E-01
3.046131E+01 3.115944E+00 2.527818E-01
3.028106E+01 3.216040E+00 1.991118E-01
3.010294E+01 3.314718E+00 1.674933E-01
2.992690E+01 3.410279E+00 1.496529E-01
2.975291E+01 3.503410E+00 1.408062E-01
2.958092E+01 3.595403E+00 1.382616E-01
2.941092E+01 3.687631E+00 1.405391E-01
2.924286E+01 3.781420E+00 1.468869E-01
2.907671E+01 3.878059E+00 1.570292E-01
2.891243E+01 3.978841E+00 1.710440E-01
2.875000E+01 4.085121E+00 1.893195E-01
2.858938E+01 4.198373E+00 2.125680E-01
2.843056E+01 4.320260E+00 2.418917E-01
2.827348E+01 4.452704E+00 2.789128E-01
2.811813E+01 4.597964E+00 3.259938E-01
2.796448E+01 4.758702E+00 3.866025E-01
2.781250E+01 4.938005E+00 4.659149E-01
2.766217E+01 5.139240E+00 5.718242E-01
2.751344E+01 5.365456E+00 7.166319E-01
2.736631E+01 5.617513E+00 9.198130E-01
2.722074E+01 5.888883E+00 1.212031E+00
2.707672E+01 6.152280E+00 1.638415E+00
2.693421E+01 6.330736E+00 2.249049E+00
2.679319E+01 6.264621E+00 3.038797E+00
2.665365E+01 5.780044E+00 3.818288E+00
2.651554E+01 4.949401E+00 4.249495E+00
2.637886E+01 4.111292E+00 4.210143E+00
2.624359E+01 3.504993E+00 3.861516E+00
2.610969E+01 3.174471E+00 3.389136E+00
2.597716E+01 3.091560E+00 2.908172E+00
2.584596E+01 3.217438E+00 2.494273E+00
2.571608E+01 3.502594E+00 2.203355E+00
2.558750E+01 3.891705E+00 2.065177E+00
2.546020E+01 4.343047E+00 2.091689E+00
2.533416E+01 4.829250E+00 2.303377E+00
2.520936E+01 5.311519E+00 2.749814E+00
2.508579E+01 5.684697E+00 3.506171E+00
2.496342E+01 5.702071E+00 4.581112E+00
2.484223E+01 5.077206E+00 5.673215E+00
2.472222E+01 3.969278E+00 6.252797E+00
2.460336E+01 2.908897E+00 6.238307E+00
2.448565E+01 2.137944E+00 5.928220E+00
2.436905E+01 1.620929E+00 5.543655E+00
2.425355E+01 1.273061E+00 5.171516E+00
2.413915E+01 1.031795E+00 4.835561E+00
2.402582E+01 8.584261E-01 4.537747E+00
2.391355E+01 7.296235E-01 4.273798E+00
2.380233E+01 6.310898E-01 4.038343E+00
2.369213E+01 5.538050E-01 3.826453E+00
2.358295E+01 4.918982E-01 3.633982E+00
2.347477E+01 4.414338E-01 3.457538E+00
2.336758E+01 3.997031E-01 3.294363E+00
2.326136E+01 3.647998E-01 3.142200E+00
2.315611E+01 3.353585E-01 2.999180E+00
2.305180E+01 3.103915E-01 2.863735E+00
2.294843E+01 2.891839E-01 2.734522E+00
2.284598E+01 2.712278E-01 2.610371E+00
2.274444E+01 2.561807E-01 2.490236E+00
2.264380E+01 2.438423E-01 2.373166E+00
2.254405E+01 2.341436E-01 2.258279E+00
2.244518E+01 2.271458E-01 2.144741E+00
2.234716E+01 2.230470E-01 2.031757E+00
2.225000E+01 2.221953E-01 1.918562E+00
2.215368E+01 2.251089E-01 1.804429E+00
2.205819E+01 2.325032E-01 1.688661E+00
2.196352E+01 2.453343E-01 1.570609E+00
2.186966E+01 2.648712E-01 1.449681E+00
2.177660E+01 2.928266E-01 1.325389E+00
2.168432E+01 3.315845E-01 1.197493E+00
2.159282E+01 3.845216E-01 1.066435E+00
2.150210E+01 4.561484E-01 9.344256E-01
2.141213E+01 5.509257E-01 8.073210E-01
2.132292E+01 6.691435E-01 6.950364E-01
2.123444E+01 8.033999E-01 6.060498E-01
2.114669E+01 9.434873E-01 5.410279E-01
2.105967E+01 1.083461E+00 4.951942E-01
2.097336E+01 1.222174E+00 4.635891E-01
2.088775E+01 1.360992E+00 4.430476E-01
2.080284E+01 1.502291E+00 4.321683E-01
2.071863E+01 1.648929E+00 4.309789E-01
2.063508E+01 1.804191E+00 4.408293E-01
2.055221E+01 1.971941E+00 4.646410E-01
2.047000E+01 2.156856E+00 5.076653E-01
2.038844E+01 2.364524E+00 5.791217E-01
2.030754E+01 2.600819E+00 6.955337E-01
2.022727E+01 2.868297E+00 8.872629E-01
2.014764E+01 3.151677E+00 1.209060E+00
2.006863E+01 3.370715E+00 1.740005E+00
1.999023E+01 3.303117E+00 2.481667E+00
1.991245E+01 2.763557E+00 3.109155E+00
1.983527E+01 2.055170E+00 3.284508E+00
1.975869E+01 1.520112E+00 3.156318E+00
1.968269E+01 1.180912E+00 2.945038E+00
1.960728E+01 9.675076E-01 2.739063E+00
1.953244E+01 8.263233E-01 2.559494E+00
1.945818E+01 7.258163E-01 2.406488E+00
1.938447E+01 6.480186E-01 2.274763E+00
1.931132E+01 5.828247E-01 2.158078E+00
1.923872E+01 5.249945E-01 2.050623E+00
1.916667E+01 4.724851E-01 1.947650E+00
1.909515E+01 4.252516E-01 1.845847E+00
1.902416E+01 3.842059E-01 1.743431E+00
1.895370E+01 3.503847E-01 1.639877E+00
1.888377E+01 3.244733E-01 1.535408E+00
1.881434E+01 3.067134E-01 1.430481E+00
1.874542E+01 2.970788E-01 1.325431E+00
1.867701E+01 2.955610E-01 1.220328E+00
1.860909E+01 3.024594E-01 1.115028E+00
1.854167E+01 3.186377E-01 1.009385E+00
1.847473E+01 3.457181E-01 9.036511E-01
1.840827E+01 3.860648E-01 7.992035E-01
1.834229E+01 4.420457E-01 6.995689E-01
1.827678E+01 5.138674E-01 6.107883E-01
1.821175E+01 5.971815E-01 5.389695E-01
1.814716E+01 6.844711E-01 4.861078E-01
1.808304E+01 7.694870E-01 4.496085E-01
1.801937E+01 8.491897E-01 4.252534E-01
1.795614E+01 9.228781E-01 4.093301E-01
1.789336E+01 9.909777E-01 3.991348E-01
1.783101E+01 1.054346E+00 3.928256E-01
1.776910E+01 1.113964E+00 3.891866E-01
1.770761E+01 1.170816E+00 3.874459E-01
1.764655E+01 1.225846E+00 3.871542E-01
1.758591E+01 1.279948E+00 3.881052E-01
1.752569E+01 1.333972E+00 3.902868E-01
1.746587E+01 1.388736E+00 3.938512E-01
1.740646E+01 1.445046E+00 3.991048E-01
1.734746E+01 1.503720E+00 4.065137E-01
1.728885E+01 1.565620E+00 4.167316E-01
1.723064E+01 1.631677E+00 4.306536E-01
1.717282E+01 1.702930E+00 4.495090E-01
1.711538E+01 1.780545E+00 4.750146E-01
1.705833E+01 1.865825E+00 5.096214E-01
1.700166E+01 1.960141E+00 5.569166E-01
1.694536E+01 2.064693E+00 6.222776E-01
1.688944E+01 2.179823E+00 7.139105E-01
1.683388E+01 2.303197E+00 8.443550E-01
1.677869E+01 2.425317E+00 1.031949E+00
1.672386E+01 2.519690E+00 1.299029E+00
1.666938E+01 2.528309E+00 1.655545E+00
1.661526E+01 2.368926E+00 2.052751E+00
1.656149E+01 2.020384E+00 2.356620E+00
1.650807E+01 1.596665E+00 2.463443E+00
1.645498E+01 1.228837E+00 2.406611E+00
1.640224E+01 9.579384E-01 2.271977E+00
1.634984E+01 7.692008E-01 2.116273E+00
1.629777E+01 6.382468E-01 1.964056E+00
1.624603E+01 5.460182E-01 1.823353E+00
1.619462E+01 4.797837E-01 1.695514E+00
1.614353E+01 4.313511E-01 1.579545E+00
1.609277E+01 3.954412E-01 1.473806E+00
1.604232E+01 3.686027E-01 1.376629E+00
1.599219E+01 3.485429E-01 1.286513E+00
1.594237E+01 3.337210E-01 1.202165E+00
1.589286E+01 3.231006E-01 1.122489E+00
1.584365E+01 3.159978E-01 1.046554E+00
1.579475E+01 3.119903E-01 9.735631E-01
1.574615E+01 3.108650E-01 9.028358E-01
1.569785E+01 3.125933E-01 8.337905E-01
1.564985E+01 3.173265E-01 7.659486E-01
1.560213E+01 3.254057E-01 6.989598E-01
1.555471E+01 3.373734E-01 6.326656E-01
1.550758E+01 3.539574E-01 5.672178E-01
1.546072E+01 3.759612E-01 5.032506E-01
1.541416E+01 4.039687E-01 4.420235E-01
1.536787E+01 4.378625E-01 3.853097E-01
1.532186E+01 4.764749E-01 3.348256E-01
1.527612E+01 5.178388E-01 2.914839E-01
1.523065E+01 5.599344E-01 2.551277E-01
1.518546E+01 6.012710E-01 2.248810E-01
1.514053E+01 6.409985E-01 1.996429E-01
1.509587E+01 6.787466E-01 1.783926E-01
1.505147E+01 7.144315E-01 1.602941E-01
1.500733E+01 7.481173E-01 1.446983E-01
1.496345E+01 7.799343E-01 1.311113E-01
1.491983E+01 8.100356E-01 1.191582E-01
1.487645E+01 8.385752E-01 1.085531E-01
1.483333E+01 8.656981E-01 9.907567E-02
1.479046E+01 8.915362E-01 9.055456E-02
1.474784E+01 9.162076E-01 8.285457E-02
1.470546E+01 9.398167E-01 7.586788E-02
1.466332E+01 9.624555E-01 6.950736E-02
1.462143E+01 9.842051E-01 6.370175E-02
1.457977E+01 1.005136E+00 5.839204E-02
1.453835E+01 1.025312E+00 5.352872E-02
1.449717E+01 1.044788E+00 4.906976E-02
1.445622E+01 1.063612E+00 4.497901E-02
1.441549E+01 1.081827E+00 4.122503E-02
1.437500E+01 1.099474E+00 3.778015E-02
1.433473E+01 1.116586E+00 3.461976E-02
1.429469E+01 1.133194E+00 3.172174E-02
1.425487E+01 1.149326E+00 2.906606E-02
1.421528E+01 1.165009E+00 2.663442E-02
1.417590E+01 1.180266E+00 2.441002E-02
1.413674E+01 1.195119E+00 2.237733E-02
1.409780E+01 1.209587E+00 2.052195E-02
1.405907E+01 1.223689E+00 1.883049E-02
1.402055E+01 1.237443E+00 1.729046E-02
1.398224E+01 1.250866E+00 1.589022E-02
1.394414E+01 1.263973E+00 1.461887E-02
1.390625E+01 1.276778E+00 1.346626E-02
1.386856E+01 1.289297E+00 1.242288E-02
1.383108E+01 1.301541E+00 1.147989E-02
1.379380E+01 1.313524E+00 1.062903E-02
1.375672E+01 1.325259E+00 9.862626E-03
1.371984E+01 1.336757E+00 9.173537E-03
1.368316E+01 1.348030E+00 8.555143E-03
1.364667E+01 1.359088E+00 8.001313E-03
1.361037E+01 1.369943E+00 7.506380E-03
1.357427E+01 1.380604E+00 7.065112E-03
1.353836E+01 1.391080E+00 6.672695E-03
1.350264E+01 1.401383E+00 6.324701E-03
1.346710E+01 1.411520E+00 6.017070E-03
1.343176E+01 1.421501E+00 5.746084E-03
1.339660E+01 1.431334E+00 5.508346E-03
1.336162E+01 1.441028E+00 5.300759E-03
1.332682E+01 1.450590E+00 5.120506E-03
1.329221E+01 1.460028E+00 4.965026E-03
1.325777E+01 1.469350E+00 4.832003E-03
1.322351E+01 1.478563E+00 4.719340E-03
1.318943E+01 1.487673E+00 4.625146E-03
1.315553E+01 1.496689E+00 4.547720E-03
1.312179E+01 1.505616E+00 4.485536E-03
1.308824E+01 1.514460E+00 4.437227E-03
1.305485E+01 1.523229E+00 4.401574E-03
1.302163E+01 1.531928E+00 4.377491E-03
1.298858E+01 1.540562E+00 4.364017E-03
1.295570E+01 1.549139E+00 4.360302E-03
1.292298E+01 1.557663E+00 4.365600E-03
1.289043E+01 1.566139E+00 4.379256E-03
1.285804E+01 1.574574E+00 4.400704E-03
1.282581E+01 1.582973E+00 4.429453E-03
1.279375E+01 1.591340E+00 4.465082E-03
1.276185E+01 1.599681E+00 4.507238E-03
1.273010E+01 1.608001E+00 4.555622E-03
1.269851E+01 1.616305E+00 4.609992E-03
1.266708E+01 1.624598E+00 4.670153E-03
1.263580E+01 1.632885E+00 4.735954E-03
1.260468E+01 1.641170E+00 4.807286E-03
1.257371E+01 1.649459E+00 4.884078E-03
1.254289E+01 1.657757E+00 4.966291E-03
1.251222E+01 1.666067E+00 5.053921E-03
1.248171E+01 1.674396E+00 5.146993E-03
1.245134E+01 1.682748E+00 5.245559E-03
1.242112E+01 1.691128E+00 5.349699E-03
1.239104E+01 1.699541E+00 5.459518E-03
1.236111E+01 1.707993E+00 5.575144E-03
1.233133E+01 1.716487E+00 5.696731E-03
1.230168E+01 1.725030E+00 5.824454E-03
1.227218E+01 1.733627E+00 5.958513E-03
1.224282E+01 1.742284E+00 6.099128E-03
1.221360E+01 1.751005E+00 6.246546E-03
1.218452E+01 1.759798E+00 6.401034E-03
1.215558E+01 1.768666E+00 6.562885E-03
1.212678E+01 1.777618E+00 6.732419E-03
1.209811E+01 1.786658E+00 6.909978E-03
1.206957E+01 1.795794E+00 7.095934E-03
1.204118E+01 1.805032E+00 7.290689E-03
1.201291E+01 1.814379E+00 7.494674E-03
1.198478E+01 1.823842E+00 7.708353E-03
1.195678E+01 1.833429E+00 7.932228E-03
1.192890E+01 1.843148E+00 8.166835E-03
1.190116E+01 1.853007E+00 8.412753E-03
1.187355E+01 1.863014E+00 8.670605E-03
1.184606E+01 1.873179E+00 8.941062E-03
1.181871E+01 1.883511E+00 9.224847E-03
1.179148E+01 1.894019E+00 9.522738E-03
1.176437E+01 1.904715E+00 9.835578E-03
1.173739E+01 1.915608E+00 1.016427E-02
1.171053E+01 1.926712E+00 1.050981E-02
1.168379E+01 1.938038E+00 1.087325E-02
1.165718E+01 1.949599E+00 1.125574E-02
1.163068E+01 1.961408E+00 1.165854E-02
1.160431E+01 1.973482E+00 1.208301E-02
1.157805E+01 1.985834E+00 1.253063E-02
1.155192E+01 1.998483E+00 1.300301E-02
1.152590E+01 2.011445E+00 1.350191E-02
1.150000E+01 2.024739E+00 1.402925E-02
1.147422E+01 2.038386E+00 1.458716E-02
1.144855E+01 2.052408E+00 1.517793E-02
1.142299E+01 2.066828E+00 1.580412E-02
1.139755E+01 2.081671E+00 1.646852E-02
1.137222E+01 2.096965E+00 1.717423E-02
1.134701E+01 2.112739E+00 1.792467E-02
1.132190E+01 2.129024E+00 1.872364E-02
1.129691E+01 2.145856E+00 1.957533E-02
1.127203E+01 2.163272E+00 2.048446E-02
1.124725E+01 2.181313E+00 2.145626E-02
1.122259E+01 2.200024E+00 2.249660E-02
1.119803E+01 2.219455E+00 2.361210E-02
1.117358E+01 2.239658E+00 2.481018E-02
1.114924E+01 2.260694E+00 2.609926E-02
1.112500E+01 2.282628E+00 2.748888E-02
1.110087E+01 2.305533E+00 2.898992E-02
1.107684E+01 2.329491E+00 3.061479E-02
1.105292E+01 2.354591E+00 3.237779E-02
1.102910E+01 2.380936E+00 3.429539E-02
1.100538E+01 2.408639E+00 3.638668E-02
1.098176E+01 2.437830E+00 3.867395E-02
1.095824E+01 2.468656E+00 4.118331E-02
1.093483E+01 2.501284E+00 4.394555E-02
1.091151E+01 2.535907E+00 4.699731E-02
1.088830E+01 2.572748E+00 5.038240E-02
1.086518E+01 2.612067E+00 5.415373E-02
1.084216E+01 2.654169E+00 5.837574E-02
1.081924E+01 2.699416E+00 6.312777E-02
1.079641E+01 2.748240E+00 6.850861E-02
1.077368E+01 2.801166E+00 7.464290E-02
1.075105E+01 2.858839E+00 8.169028E-02
1.072851E+01 2.922060E+00 8.985882E-02
1.070607E+01 2.991849E+00 9.942524E-02
1.068372E+01 3.069530E+00 1.107667E-01
1.066146E+01 3.156866E+00 1.244123E-01
1.063929E+01 3.256292E+00 1.411326E-01
1.061722E+01 3.371313E+00 1.621058E-01
1.059524E+01 3.507290E+00 1.892704E-01
1.057335E+01 3.673097E+00 2.262436E-01
1.055155E+01 3.884803E+00 2.813023E-01
1.052983E+01 4.173098E+00 3.784049E-01
1.050821E+01 4.589425E+00 5.995081E-01
1.048668E+01 5.115990E+00 1.225828E+00
1.046524E+01 4.965685E+00 2.555937E+00
1.044388E+01 3.706815E+00 3.003932E+00
1.042261E+01 3.007452E+00 2.552755E+00
1.040142E+01 2.828812E+00 2.083692E+00
1.038032E+01 2.893972E+00 1.730194E+00
1.035931E+01 3.102512E+00 1.476649E+00
1.033838E+01 3.440895E+00 1.308844E+00
1.031754E+01 3.947564E+00 1.246821E+00
1.029678E+01 4.711330E+00 1.394250E+00
1.027610E+01 5.841517E+00 2.127338E+00
1.025551E+01 6.622432E+00 4.596797E+00
1.023500E+01 4.000465E+00 6.784552E+00
1.021457E+01 1.966540E+00 6.049248E+00
1.019422E+01 1.183658E+00 5.204162E+00
1.017396E+01 8.190861E-01 4.590940E+00
1.015377E+01 6.160249E-01 4.137031E+00
1.013366E+01 4.889001E-01 3.785288E+00
1.011364E+01 4.027847E-01 3.502004E+00
1.009369E+01 3.410702E-01 3.266869E+00
1.007382E+01 2.949418E-01 3.067020E+00
1.005403E+01 2.593231E-01 2.893914E+00
1.003431E+01 2.310998E-01 2.741641E+00
1.001468E+01 2.082627E-01 2.605971E+00
9.995112E+00 1.894613E-01 2.483783E+00
9.975630E+00 1.737568E-01 2.372719E+00
9.956222E+00 1.604775E-01 2.270960E+00
9.936891E+00 1.491311E-01 2.177072E+00
9.917634E+00 1.393489E-01 2.089911E+00
9.898452E+00 1.308500E-01 2.008546E+00
9.879344E+00 1.234169E-01 1.932215E+00
9.860309E+00 1.168789E-01 1.860282E+00
9.841348E+00 1.111001E-01 1.792214E+00
9.822459E+00 1.059715E-01 1.727556E+00
9.803643E+00 1.014048E-01 1.665920E+00
9.784899E+00 9.732771E-02 1.606971E+00
9.766226E+00 9.368090E-02 1.550416E+00
9.747615E+00 9.041534E-02 1.495998E+00
9.729084E+00 8.749039E-02 1.443487E+00
9.710623E+00 8.487234E-02 1.392681E+00
9.692233E+00 8.253328E-02 1.343395E+00
9.673912E+00 8.045023E-02 1.295462E+00
9.655660E+00 7.860452E-02 1.248728E+00
9.637477E+00 7.698122E-02 1.203050E+00
9.619362E+00 7.556892E-02 1.158296E+00
9.601315E+00 7.435943E-02 1.114337E+00
9.583336E+00 7.334778E-02 1.071050E+00
9.565424E+00 7.253225E-02 1.028317E+00
9.547578E+00 7.191462E-02 9.860168E-01
9.529800E+00 7.150056E-02 9.440302E-01
9.512078E+00 7.130036E-02 9.022323E-01
9.494431E+00 7.132992E-02 8.604919E-01
9.476849E+00 7.161230E-02 8.186676E-01
9.459333E+00 7.218011E-02 7.766036E-01
9.441881E+00 7.307897E-02 7.341235E-01
9.424493E+00 7.437319E-02 6.910231E-01
9.407170E+00 7.615462E-02 6.470589E-01
9.389909E+00 7.855774E-02 6.019329E-01
9.372712E+00 8.178602E-02 5.552700E-01
9.355578E+00 8.616100E-02 5.065852E-01
9.338507E+00 9.221977E-02 4.552375E-01
9.321498E+00 1.009238E-01 4.003801E-01
9.304541E+00 1.141358E-01 3.409890E-01
9.287655E+00 1.356756E-01 2.764630E-01
9.270831E+00 1.723312E-01 2.099035E-01
9.254067E+00 2.269076E-01 1.538285E-01
9.237363E+00 2.870423E-01 1.174057E-01
9.220720E+00 3.422219E-01 9.512934E-02
9.204137E+00 3.908247E-01 8.051103E-02
9.187613E+00 4.337958E-01 7.014338E-02
9.171148E+00 4.722299E-01 6.233963E-02
9.154743E+00 5.069949E-01 5.620345E-02
9.138396E+00 5.387426E-01 5.121885E-02
9.122107E+00 5.679645E-01 4.706770E-02
9.105876E+00 5.950380E-01 4.354258E-02
9.089694E+00 6.202586E-01 4.050195E-02
9.073579E+00 6.438622E-01 3.784554E-02
9.057520E+00 6.660402E-01 3.550006E-02
9.041518E+00 6.869504E-01 3.341054E-02
9.025572E+00 7.067248E-01 3.153478E-02
9.009683E+00 7.254748E-01 2.983981E-02
8.993849E+00 7.432955E-01 2.829938E-02
8.978071E+00 7.602691E-01 2.689233E-02
8.962348E+00 7.764669E-01 2.560135E-02
8.946680E+00 7.919512E-01 2.441213E-02
8.931067E+00 8.067770E-01 2.331272E-02
8.915509E+00 8.209932E-01 2.229306E-02
8.899996E+00 8.346430E-01 2.134457E-02
8.884545E+00 8.477655E-01 2.045993E-02
8.869148E+00 8.603957E-01 1.963281E-02
8.853804E+00 8.725650E-01 1.885774E-02
8.838513E+00 8.843022E-01 1.812992E-02
8.823275E+00 8.956333E-01 1.744516E-02
8.808089E+00 9.065822E-01 1.679975E-02
8.792956E+00 9.171705E-01 1.619044E-02
8.777874E+00 9.274182E-01 1.561429E-02
8.762844E+00 9.373438E-01 1.506871E-02
8.747866E+00 9.469642E-01 1.455138E-02
8.732938E+00 9.562951E-01 1.406021E-02
8.718061E+00 9.653509E-01 1.359330E-02
8.703228E+00 9.741453E-01 1.314895E-02
8.688452E+00 9.826906E-01 1.272562E-02
8.673727E+00 9.909987E-01 1.232190E-02
8.659051E+00 9.990804E-01 1.193651E-02
8.644425E+00 1.006946E+00 1.156828E-02
8.629848E+00 1.014605E+00 1.121613E-02
8.615320E+00 1.022066E+00 1.087909E-02
8.600841E+00 1.029338E+00 1.055625E-02
8.586411E+00 1.036428E+00 1.024677E-02
8.572029E+00 1.043344E+00 9.949903E-03
8.557695E+00 1.050094E+00 9.664923E-03
8.543409E+00 1.056683E+00 9.391177E-03
8.529170E+00 1.063118E+00 9.128057E-03
8.514972E+00 1.069405E+00 8.874997E-03
8.500828E+00 1.075549E+00 8.631472E-03
8.486731E+00 1.081555E+00 8.396992E-03
8.472681E+00 1.087429E+00 8.171100E-03
8.458677E+00 1.093176E+00 7.953371E-03
8.444719E+00 1.098800E+00 7.743406E-03
8.430808E+00 1.104304E+00 7.540833E-03
8.416942E+00 1.109694E+00 7.345302E-03
8.403121E+00 1.114974E+00 7.156487E-03
8.389346E+00 1.120146E+00 6.974081E-03
8.375616E+00 1.125214E+00 6.797794E-03
8.361931E+00 1.130182E+00 6.627355E-03
8.348284E+00 1.135054E+00 6.462508E-03
8.334688E+00 1.139831E+00 6.303013E-03
8.321136E+00 1.144517E+00 6.148643E-03
8.307628E+00 1.149115E+00 5.999183E-03
8.294164E+00 1.153628E+00 5.854430E-03
8.280744E+00 1.158058E+00 5.714193E-03
8.267367E+00 1.162407E+00 5.578291E-03
8.254033E+00 1.166678E+00 5.446552E-03
8.240742E+00 1.170873E+00 5.318814E-03
8.227493E+00 1.174995E+00 5.194923E-03
8.214288E+00 1.179045E+00 5.074732E-03
8.201124E+00 1.183025E+00 4.958103E-03
8.188003E+00 1.186938E+00 4.844904E-03
8.174917E+00 1.190785E+00 4.735009E-03
8.161879E+00 1.194568E+00 4.628299E-03
8.148883E+00 1.198289E+00 4.524660E-03
8.135929E+00 1.201949E+00 4.423984E-03
8.123015E+00 1.205550E+00 4.326169E-03
8.110142E+00 1.209093E+00 4.231116E-03
8.097310E+00 1.212581E+00 4.138731E-03
8.084519E+00 1.216014E+00 4.048925E-03
8.071768E+00 1.219394E+00 3.961613E-03
8.059057E+00 1.222722E+00 3.876711E-03
8.046386E+00 1.225999E+00 3.794144E-03
8.033755E+00 1.229227E+00 3.713835E-03
8.021163E+00 1.232407E+00 3.635714E-03
8.008604E+00 1.235540E+00 3.559712E-03
7.996092E+00 1.238627E+00 3.485764E-03
7.983618E+00 1.241669E+00 3.413806E-03
7.971183E+00 1.244667E+00 3.343779E-03
7.958786E+00 1.247623E+00 3.275625E-03
7.946428E+00 1.250537E+00 3.209288E-03
7.934109E+00 1.253410E+00 3.144716E-03
7.921827E+00 1.256243E+00 3.081857E-03
7.909584E+00 1.259037E+00 3.020663E-03
7.897378E+00 1.261793E+00 2.961086E-03
7.885210E+00 1.264512E+00 2.903082E-03
7.873080E+00 1.267194E+00 2.846606E-03
7.860980E+00 1.269840E+00 2.791618E-03
7.848924E+00 1.272452E+00 2.738078E-03
7.836905E+00 1.275029E+00 2.685947E-03
7.824922E+00 1.277573E+00 2.635189E-03
7.812976E+00 1.280084E+00 2.585768E-03
7.801067E+00 1.282564E+00 2.537652E-03
7.789193E+00 1.285011E+00 2.490808E-03
7.777356E+00 1.287428E+00 2.445207E-03
7.765555E+00 1.289815E+00 2.400819E-03
7.753789E+00 1.292172E+00 2.357619E-03
7.742059E+00 1.294501E+00 2.315581E-03
7.730365E+00 1.296801E+00 2.274683E-03
7.718706E+00 1.299073E+00 2.234902E-03
7.707076E+00 1.301318E+00 2.196222E-03
7.695487E+00 1.303537E+00 2.158624E-03
7.683932E+00 1.305729E+00 2.122095E-03
7.672413E+00 1.307895E+00 2.086624E-03
7.660927E+00 1.310037E+00 2.052202E-03
7.649477E+00 1.312154E+00 2.018825E-03
7.638060E+00 1.314246E+00 1.986490E-03
7.626677E+00 1.316315E+00 1.955200E-03
7.615328E+00 1.318361E+00 1.924960E-03
7.604013E+00 1.320384E+00 1.895781E-03
7.592732E+00 1.322384E+00 1.867676E-03
7.581484E+00 1.324363E+00 1.840666E-03
7.570269E+00 1.326320E+00 1.814774E-03
7.559082E+00 1.328256E+00 1.790029E-03
7.547933E+00 1.330171E+00 1.766465E-03
7.536817E+00 1.332065E+00 1.744121E-03
7.525734E+00 1.333940E+00 1.723041E-03
7.514684E+00 1.335795E+00 1.703274E-03
7.503666E+00 1.337630E+00 1.684872E-03
7.492680E+00 1.339447E+00 1.667893E-03
7.481726E+00 1.341244E+00 1.652395E-03
7.470804E+00 1.343023E+00 1.638442E-03
7.459914E+00 1.344784E+00 1.626098E-03
7.449056E+00 1.346527E+00 1.615425E-03
7.438229E+00 1.348252E+00 1.606488E-03
7.427428E+00 1.349960E+00 1.599346E-03
7.416665E+00 1.351650E+00 1.594055E-03
7.405932E+00 1.353323E+00 1.590666E-03
7.395230E+00 1.354978E+00 1.589221E-03
7.384559E+00 1.356617E+00 1.589752E-03
7.373919E+00 1.358239E+00 1.592279E-03
7.363309E+00 1.359844E+00 1.596809E-03
7.352730E+00 1.361433E+00 1.603332E-03
7.342182E+00 1.363005E+00 1.611821E-03
7.331663E+00 1.364561E+00 1.622229E-03
7.321175E+00 1.366100E+00 1.634488E-03
7.310716E+00 1.367622E+00 1.648508E-03
7.300288E+00 1.369129E+00 1.664176E-03
7.289884E+00 1.370618E+00 1.681355E-03
7.279514E+00 1.372092E+00 1.699886E-03
7.269175E+00 1.373549E+00 1.719584E-03
7.258864E+00 1.374991E+00 1.740244E-03
7.248583E+00 1.376416E+00 1.761638E-03
7.238331E+00 1.377825E+00 1.783521E-03
7.228108E+00 1.379218E+00 1.805630E-03
7.217913E+00 1.380596E+00 1.827690E-03
7.207747E+00 1.381958E+00 1.849412E-03
7.197610E+00 1.383305E+00 1.870504E-03
7.187502E+00 1.384636E+00 1.890670E-03
7.177422E+00 1.385953E+00 1.909616E-03
7.167364E+00 1.387255E+00 1.927054E-03
7.157341E+00 1.388543E+00 1.942708E-03
7.147345E+00 1.389817E+00 1.956315E-03
7.137377E+00 1.391078E+00 1.967635E-03
7.127436E+00 1.392325E+00 1.976449E-03
7.117524E+00 1.393560E+00 1.982569E-03
7.107639E+00 1.394783E+00 1.985838E-03
7.097781E+00 1.395994E+00 1.986132E-03
7.087951E+00 1.397194E+00 1.983365E-03
7.078148E+00 1.398383E+00 1.977491E-03
7.068372E+00 1.399562E+00 1.968505E-03
7.058623E+00 1.400731E+00 1.956442E-03
7.048900E+00 1.401891E+00 1.941382E-03
7.039200E+00 1.403042E+00 1.923448E-03
7.029531E+00 1.404185E+00 1.902806E-03
7.019889E+00 1.405320E+00 1.879667E-03
7.010273E+00 1.406447E+00 1.854288E-03
7.000683E+00 1.407568E+00 1.826973E-03
6.991120E+00 1.408682E+00 1.798072E-03
6.981583E+00 1.409790E+00 1.767982E-03
6.972071E+00 1.410892E+00 1.737146E-03
6.962586E+00 1.411988E+00 1.706048E-03
6.953126E+00 1.413078E+00 1.675207E-03
6.943692E+00 1.414163E+00 1.645160E-03
6.934284E+00 1.415241E+00 1.616447E-03
6.924901E+00 1.416314E+00 1.589583E-03
6.915538E+00 1.417381E+00 1.565026E-03
6.906206E+00 1.418440E+00 1.543143E-03
6.896899E+00 1.419493E+00 1.524171E-03
6.887617E+00 1.420537E+00 1.508183E-03
6.878360E+00 1.421573E+00 1.495061E-03
6.869127E+00 1.422599E+00 1.484479E-03
6.859920E+00 1.423616E+00 1.475911E-03
6.850737E+00 1.424622E+00 1.468654E-03
6.841578E+00 1.425618E+00 1.461866E-03
6.832445E+00 1.426604E+00 1.454638E-03
6.823335E+00 1.427579E+00 1.446062E-03
6.814250E+00 1.428545E+00 1.435316E-03
6.805184E+00 1.429503E+00 1.421742E-03
6.796147E+00 1.430452E+00 1.404904E-03
6.787134E+00 1.431395E+00 1.384639E-03
6.778145E+00 1.432332E+00 1.361062E-03
6.769179E+00 1.433264E+00 1.334558E-03
6.760237E+00 1.434192E+00 1.305738E-03
6.751319E+00 1.435118E+00 1.275378E-03
6.742425E+00 1.436040E+00 1.244338E-03
6.733553E+00 1.436959E+00 1.213491E-03
6.724705E+00 1.437876E+00 1.183648E-03
6.715881E+00 1.438789E+00 1.155496E-03
6.707079E+00 1.439698E+00 1.129566E-03
6.698301E+00 1.440603E+00 1.106211E-03
6.689540E+00 1.441504E+00 1.085610E-03
6.680808E+00 1.442399E+00 1.067780E-03
6.672098E+00 1.443289E+00 1.052611E-03
6.663410E+00 1.444172E+00 1.039898E-03
6.654746E+00 1.445049E+00 1.029375E-03
6.646104E+00 1.445920E+00 1.020746E-03
6.637484E+00 1.446784E+00 1.013717E-03
6.628886E+00 1.447641E+00 1.008010E-03
6.620311E+00 1.448492E+00 1.003379E-03
6.611758E+00 1.449337E+00 9.996201E-04
6.603227E+00 1.450175E+00 9.965687E-04
6.594718E+00 1.451007E+00 9.941029E-04
6.586231E+00 1.451834E+00 9.921395E-04
6.577762E+00 1.452654E+00 9.906304E-04
6.569318E+00 1.453470E+00 9.895584E-04
6.560896E+00 1.454279E+00 9.889339E-04
6.552496E+00 1.455084E+00 9.887914E-04
6.544117E+00 1.455883E+00 9.891872E-04
6.535760E+00 1.456677E+00 9.901971E-04
6.527424E+00 1.457467E+00 9.919139E-04
6.519109E+00 1.458251E+00 9.944458E-04
6.510815E+00 1.459031E+00 9.979139E-04
6.502542E+00 1.459806E+00 1.002449E-03
6.494291E+00 1.460576E+00 1.008187E-03
6.486060E+00 1.461341E+00 1.015267E-03
6.477846E+00 1.462102E+00 1.023821E-03
6.469657E+00 1.462857E+00 1.033973E-03
6.461489E+00 1.463608E+00 1.045827E-03
6.453341E+00 1.464353E+00 1.059462E-03
6.445213E+00 1.465092E+00 1.074923E-03
6.437107E+00 1.465826E+00 1.092212E-03
6.429020E+00 1.466554E+00 1.111284E-03
6.420954E+00 1.467276E+00 1.132035E-03
6.412908E+00 1.467991E+00 1.154306E-03
6.404882E+00 1.468700E+00 1.177872E-03
6.396876E+00 1.469401E+00 1.202447E-03
6.388890E+00 1.470096E+00 1.227688E-03
6.380925E+00 1.470783E+00 1.253195E-03
6.372975E+00 1.471463E+00 1.278528E-03
6.365048E+00 1.472135E+00 1.303215E-03
6.357142E+00 1.472801E+00 1.326764E-03
6.349255E+00 1.473459E+00 1.348687E-03
6.341387E+00 1.474111E+00 1.368511E-03
6.333539E+00 1.474756E+00 1.385797E-03
6.325711E+00 1.475395E+00 1.400163E-03
6.317902E+00 1.476029E+00 1.411293E-03
6.310112E+00 1.476658E+00 1.418957E-03
6.302341E+00 1.477283E+00 1.423017E-03
6.294589E+00 1.477904E+00 1.423435E-03
6.286857E+00 1.478522E+00 1.420278E-03
6.279143E+00 1.479138E+00 1.413711E-03
6.271444E+00 1.479752E+00 1.403995E-03
6.263769E+00 1.480365E+00 1.391471E-03
6.256111E+00 1.480976E+00 1.376553E-03
6.248473E+00 1.481588E+00 1.359706E-03
6.240853E+00 1.482199E+00 1.341428E-03
6.233252E+00 1.482810E+00 1.322238E-03
6.225669E+00 1.483422E+00 1.302650E-03
6.218105E+00 1.484033E+00 1.283165E-03
6.210559E+00 1.484645E+00 1.264255E-03
6.203031E+00 1.485256E+00 1.246355E-03
6.195522E+00 1.485868E+00 1.229860E-03
6.188031E+00 1.486480E+00 1.215126E-03
6.180554E+00 1.487091E+00 1.202477E-03
6.173099E+00 1.487702E+00 1.192218E-03
6.165661E+00 1.488312E+00 1.184646E-03
6.158242E+00 1.488921E+00 1.180072E-03
6.150841E+00 1.489530E+00 1.178842E-03
6.143457E+00 1.490138E+00 1.181352E-03
6.136091E+00 1.490745E+00 1.188064E-03
6.128743E+00 1.491351E+00 1.199512E-03
6.121412E+00 1.491955E+00 1.216292E-03
6.114099E+00 1.492557E+00 1.239049E-03
6.106803E+00 1.493156E+00 1.268430E-03
6.099525E+00 1.493751E+00 1.305033E-03
6.092264E+00 1.494342E+00 1.349334E-03
6.085016E+00 1.494926E+00 1.401599E-03
6.077790E+00 1.495502E+00 1.461801E-03
6.070580E+00 1.496069E+00 1.529532E-03
6.063388E+00 1.496624E+00 1.603941E-03
6.056213E+00 1.497166E+00 1.683690E-03
6.049054E+00 1.497694E+00 1.766959E-03
6.041913E+00 1.498206E+00 1.851487E-03
6.034788E+00 1.498702E+00 1.934668E-03
6.027680E+00 1.499182E+00 2.013690E-03
6.020589E+00 1.499646E+00 2.085705E-03
6.013515E+00 1.500097E+00 2.148036E-03
6.006457E+00 1.500536E+00 2.198377E-03
5.999412E+00 1.500967E+00 2.234984E-03
5.992387E+00 1.501392E+00 2.256828E-03
5.985379E+00 1.501815E+00 2.263689E-03
5.978387E+00 1.502238E+00 2.256186E-03
5.971411E+00 1.502666E+00 2.235727E-03
5.964452E+00 1.503100E+00 2.204388E-03
5.957509E+00 1.503542E+00 2.164738E-03
5.950582E+00 1.503994E+00 2.119621E-03
5.943671E+00 1.504455E+00 2.071932E-03
5.936776E+00 1.504926E+00 2.024404E-03
5.929897E+00 1.505405E+00 1.979437E-03
5.923034E+00 1.505892E+00 1.938970E-03
5.916187E+00 1.506383E+00 1.904422E-03
5.909352E+00 1.506878E+00 1.876678E-03
5.902536E+00 1.507375E+00 1.856129E-03
5.895736E+00 1.507871E+00 1.842747E-03
5.888952E+00 1.508366E+00 1.836173E-03
5.882183E+00 1.508858E+00 1.835817E-03
5.875430E+00 1.509347E+00 1.840952E-03
5.868693E+00 1.509832E+00 1.850793E-03
5.861971E+00 1.510312E+00 1.864563E-03
5.855264E+00 1.510788E+00 1.881534E-03
5.848572E+00 1.511258E+00 1.901061E-03
5.841896E+00 1.511724E+00 1.922589E-03
5.835235E+00 1.512185E+00 1.945663E-03
5.828589E+00 1.512642E+00 1.969913E-03
5.821955E+00 1.513094E+00 1.995053E-03
5.815340E+00 1.513542E+00 2.020860E-03
5.808739E+00 1.513986E+00 2.047169E-03
5.802154E+00 1.514426E+00 2.073853E-03
5.795583E+00 1.514862E+00 2.100819E-03
5.789027E+00 1.515295E+00 2.127998E-03
5.782486E+00 1.515724E+00 2.155334E-03
5.775960E+00 1.516150E+00 2.182785E-03
5.769448E+00 1.516572E+00 2.210316E-03
5.762951E+00 1.516991E+00 2.237896E-03
5.756469E+00 1.517407E+00 2.265498E-03
5.750001E+00 1.517820E+00 2.293095E-03
5.743545E+00 1.518230E+00 2.320664E-03
5.737106E+00 1.518636E+00 2.348180E-03
5.730682E+00 1.519040E+00 2.375620E-03
5.724272E+00 1.519440E+00 2.402960E-03
5.717877E+00 1.519838E+00 2.430176E-03
5.711495E+00 1.520232E+00 2.457246E-03
5.705128E+00 1.520624E+00 2.484144E-03
5.698775E+00 1.521012E+00 2.510848E-03
5.692437E+00 1.521398E+00 2.537333E-03
5.686112E+00 1.521781E+00 2.563576E-03
5.679801E+00 1.522161E+00 2.589553E-03
5.673505E+00 1.522539E+00 2.615240E-03
5.667222E+00 1.522913E+00 2.640613E-03
5.660950E+00 1.523285E+00 2.665647E-03
5.654695E+00 1.523654E+00 2.690319E-03
5.648454E+00 1.524021E+00 2.714606E-03
5.642226E+00 1.524384E+00 2.738483E-03
5.636013E+00 1.524745E+00 2.761926E-03
5.629813E+00 1.525104E+00 2.784913E-03
5.623626E+00 1.525460E+00 2.807420E-03
5.617454E+00 1.525813E+00 2.829423E-03
5.611294E+00 1.526164E+00 2.850901E-03
5.605149E+00 1.526512E+00 2.871829E-03
5.599016E+00 1.526858E+00 2.892186E-03
5.592897E+00 1.527202E+00 2.911949E-03
5.586792E+00 1.527543E+00 2.931098E-03
5.580697E+00 1.527881E+00 2.949610E-03
5.574618E+00 1.528217E+00 2.967464E-03
5.568552E+00 1.528551E+00 2.984640E-03
5.562499E+00 1.528883E+00 3.001117E-03
5.556460E+00 1.529212E+00 3.016877E-03
5.550434E+00 1.529539E+00 3.031899E-03
5.544421E+00 1.529864E+00 3.046165E-03
5.538420E+00 1.530187E+00 3.059657E-03
5.532433E+00 1.530508E+00 3.072357E-03
5.526459E+00 1.530826E+00 3.084248E-03
5.520497E+00 1.531143E+00 3.095315E-03
5.514549E+00 1.531457E+00 3.105541E-03
5.508610E+00 1.531770E+00 3.114912E-03
5.502687E+00 1.532080E+00 3.123413E-03
5.496777E+00 1.532389E+00 3.131031E-03
5.490879E+00 1.532695E+00 3.137753E-03
5.484994E+00 1.533000E+00 3.143567E-03
5.479122E+00 1.533303E+00 3.148462E-03
5.473262E+00 1.533604E+00 3.152429E-03
5.467415E+00 1.533904E+00 3.155457E-03
5.461580E+00 1.534202E+00 3.157538E-03
5.455758E+00 1.534498E+00 3.158665E-03
5.449948E+00 1.534793E+00 3.158830E-03
5.444150E+00 1.535086E+00 3.158029E-03
5.438365E+00 1.535377E+00 3.156255E-03
5.432589E+00 1.535667E+00 3.153506E-03
5.426828E+00 1.535956E+00 3.149779E-03
5.421080E+00 1.536243E+00 3.145072E-03
5.415343E+00 1.536529E+00 3.139384E-03
5.409619E+00 1.536813E+00 3.132715E-03
5.403907E+00 1.537096E+00 3.125066E-03
5.398207E+00 1.537378E+00 3.116440E-03
5.392519E+00 1.537659E+00 3.106840E-03
5.386843E+00 1.537938E+00 3.096271E-03
5.381178E+00 1.538217E+00 3.084737E-03
5.375526E+00 1.538494E+00 3.072245E-03
5.369886E+00 1.538770E+00 3.058803E-03
5.364257E+00 1.539046E+00 3.044420E-03
5.358638E+00 1.539320E+00 3.029103E-03
5.353032E+00 1.539593E+00 3.012866E-03
5.347439E+00 1.539866E+00 2.995717E-03
5.341858E+00 1.540138E+00 2.977672E-03
5.336288E+00 1.540408E+00 2.958742E-03
5.330729E+00 1.540678E+00 2.938942E-03
5.325182E+00 1.540948E+00 2.918288E-03
5.319647E+00 1.541216E+00 2.896796E-03
5.314123E+00 1.541484E+00 2.874484E-03
5.308611E+00 1.541752E+00 2.851370E-03
5.303110E+00 1.542018E+00 2.827472E-03
5.297620E+00 1.542285E+00 2.802810E-03
5.292139E+00 1.542550E+00 2.777405E-03
5.286672E+00 1.542815E+00 2.751279E-03
5.281217E+00 1.543080E+00 2.724454E-03
5.275773E+00 1.543345E+00 2.696952E-03
5.270339E+00 1.543608E+00 2.668798E-03
5.264917E+00 1.543872E+00 2.640016E-03
5.259507E+00 1.544135E+00 2.610630E-03
5.254107E+00 1.544398E+00 2.580667E-03
5.248718E+00 1.544661E+00 2.550153E-03
5.243341E+00 1.544924E+00 2.519116E-03
5.237974E+00 1.545186E+00 2.487584E-03
5.232619E+00 1.545448E+00 2.455586E-03
5.227274E+00 1.545710E+00 2.423152E-03
5.221938E+00 1.545972E+00 2.390314E-03
5.216615E+00 1.546234E+00 2.357106E-03
5.211303E+00 1.546496E+00 2.323561E-03
5.206001E+00 1.546758E+00 2.289716E-03
5.200711E+00 1.547020E+00 2.255612E-03
5.195431E+00 1.547282E+00 2.221290E-03
5.190162E+00 1.547544E+00 2.186797E-03
5.184904E+00 1.547807E+00 2.152182E-03
5.179656E+00 1.548070E+00 2.117501E-03
5.174419E+00 1.548333E+00 2.082815E-03
5.169193E+00 1.548596E+00 2.048191E-03
5.163977E+00 1.548860E+00 2.013704E-03
5.158769E+00 1.549124E+00 1.979438E-03
5.153574E+00 1.549388E+00 1.945485E-03
5.148389E+00 1.549653E+00 1.911950E-03
5.143215E+00 1.549919E+00 1.878946E-03
5.138052E+00 1.550185E+00 1.846599E-03
5.132898E+00 1.550452E+00 1.815047E-03
5.127755E+00 1.550719E+00 1.784441E-03
5.122623E+00 1.550987E+00 1.754942E-03
5.117500E+00 1.551255E+00 1.726722E-03
5.112388E+00 1.551524E+00 1.699963E-03
5.107286E+00 1.551793E+00 1.674856E-03
5.102194E+00 1.552063E+00 1.651594E-03
5.097113E+00 1.552333E+00 1.630373E-03
5.092039E+00 1.552603E+00 1.611388E-03
5.086977E+00 1.552873E+00 1.594824E-03
5.081926E+00 1.553142E+00 1.580856E-03
5.076884E+00 1.553411E+00 1.569639E-03
5.071853E+00 1.553679E+00 1.561306E-03
5.066832E+00 1.553946E+00 1.555956E-03
5.061820E+00 1.554211E+00 1.553655E-03
5.056818E+00 1.554474E+00 1.554422E-03
5.051827E+00 1.554735E+00 1.558230E-03
5.046845E+00 1.554993E+00 1.564996E-03
5.041873E+00 1.555248E+00 1.574579E-03
5.036910E+00 1.555500E+00 1.586777E-03
5.031958E+00 1.555747E+00 1.601328E-03
5.027013E+00 1.555991E+00 1.617903E-03
5.022080E+00 1.556229E+00 1.636115E-03
5.017156E+00 1.556463E+00 1.655520E-03
5.012242E+00 1.556691E+00 1.675618E-03
5.007338E+00 1.556915E+00 1.695869E-03
5.002444E+00 1.557133E+00 1.715693E-03
4.997559E+00 1.557345E+00 1.734487E-03
4.992683E+00 1.557552E+00 1.751631E-03
4.987817E+00 1.557754E+00 1.766507E-03
4.982961E+00 1.557950E+00 1.778510E-03
4.978114E+00 1.558143E+00 1.787062E-03
4.973276E+00 1.558331E+00 1.791627E-03
4.968445E+00 1.558515E+00 1.791725E-03
4.963627E+00 1.558696E+00 1.786949E-03
4.958817E+00 1.558875E+00 1.776970E-03
4.954017E+00 1.559051E+00 1.761553E-03
4.949226E+00 1.559227E+00 1.740565E-03
4.944444E+00 1.559402E+00 1.713974E-03
4.939672E+00 1.559578E+00 1.681861E-03
4.934909E+00 1.559755E+00 1.644411E-03
4.930155E+00 1.559934E+00 1.601912E-03
4.925410E+00 1.560115E+00 1.554747E-03
4.920674E+00 1.560299E+00 1.503386E-03
4.915947E+00 1.560486E+00 1.448369E-03
4.911230E+00 1.560677E+00 1.390293E-03
4.906519E+00 1.560872E+00 1.329796E-03
4.901819E+00 1.561072E+00 1.267539E-03
4.897128E+00 1.561276E+00 1.204186E-03
4.892447E+00 1.561485E+00 1.140391E-03
4.887774E+00 1.561697E+00 1.076782E-03
4.883111E+00 1.561914E+00 1.013943E-03
4.878456E+00 1.562135E+00 9.524084E-04
4.873810E+00 1.562359E+00 8.926485E-04
4.869173E+00 1.562586E+00 8.350674E-04
4.864544E+00 1.562817E+00 7.799978E-04
4.859925E+00 1.563049E+00 7.276997E-04
4.855314E+00 1.563283E+00 6.783626E-04
4.850712E+00 1.563519E+00 6.321082E-04
4.846116E+00 1.563756E+00 5.889959E-04
4.841532E+00 1.563993E+00 5.490287E-04
4.836956E+00 1.564231E+00 5.121604E-04
4.832389E+00 1.564469E+00 4.783032E-04
4.827830E+00 1.564706E+00 4.473355E-04
4.823280E+00 1.564943E+00 4.191094E-04
4.818738E+00 1.565179E+00 3.934578E-04
4.814205E+00 1.565414E+00 3.702007E-04
4.809681E+00 1.565647E+00 3.491519E-04
4.805165E+00 1.565880E+00 3.301230E-04
4.800657E+00 1.566110E+00 3.129286E-04
4.796158E+00 1.566340E+00 2.973891E-04
4.791666E+00 1.566567E+00 2.833337E-04
4.787183E+00 1.566793E+00 2.706021E-04
4.782710E+00 1.567018E+00 2.590462E-04
4.778244E+00 1.567241E+00 2.485303E-04
4.773787E+00 1.567462E+00 2.389317E-04
4.769338E+00 1.567682E+00 2.301404E-04
4.764898E+00 1.567901E+00 2.220590E-04
4.760465E+00 1.568118E+00 2.146013E-04
4.756041E+00 1.568333E+00 2.076922E-04
4.751625E+00 1.568547E+00 2.012665E-04
4.747218E+00 1.568760E+00 1.952678E-04
4.742818E+00 1.568971E+00 1.896477E-04
4.738427E+00 1.569181E+00 1.843647E-04
4.734042E+00 1.569390E+00 1.793835E-04
4.729666E+00 1.569598E+00 1.746739E-04
4.725299E+00 1.569805E+00 1.702101E-04
4.720940E+00 1.570010E+00 1.659704E-04
4.716590E+00 1.570214E+00 1.619359E-04
4.712247E+00 1.570418E+00 1.580904E-04
4.707912E+00 1.570620E+00 1.544201E-04
4.703585E+00 1.570821E+00 1.509128E-04
4.699266E+00 1.571021E+00 1.475578E-04
4.694955E+00 1.571220E+00 1.443457E-04
4.690652E+00 1.571418E+00 1.412680E-04
4.686356E+00 1.571616E+00 1.383171E-04
4.682067E+00 1.571812E+00 1.354859E-04
4.677787E+00 1.572007E+00 1.327682E-04
4.673515E+00 1.572202E+00 1.301579E-04
4.669251E+00 1.572395E+00 1.276494E-04
4.664995E+00 1.572588E+00 1.252375E-04
4.660747E+00 1.572780E+00 1.229173E-04
4.656506E+00 1.572971E+00 1.206841E-04
4.652273E+00 1.573161E+00 1.185334E-04
4.648048E+00 1.573351E+00 1.164609E-04
4.643830E+00 1.573539E+00 1.144627E-04
4.639620E+00 1.573727E+00 1.125347E-04
4.635417E+00 1.573914E+00 1.106733E-04
4.631223E+00 1.574100E+00 1.088750E-04
4.627033E+00 1.574285E+00 1.071362E-04
4.622854E+00 1.574470E+00 1.054539E-04
4.618682E+00 1.574653E+00 1.038248E-04
4.614517E+00 1.574837E+00 1.022460E-04
4.610360E+00 1.575019E+00 1.007147E-04
4.606210E+00 1.575200E+00 9.922816E-05
4.602068E+00 1.575381E+00 9.778377E-05
4.597934E+00 1.575561E+00 9.637911E-05
4.593806E+00 1.575740E+00 9.501183E-05
4.589687E+00 1.575919E+00 9.367973E-05
4.585574E+00 1.576097E+00 9.238069E-05
4.581469E+00 1.576274E+00 9.111273E-05
4.577371E+00 1.576451E+00 8.987395E-05
4.573279E+00 1.576627E+00 8.866259E-05
4.569196E+00 1.576802E+00 8.747695E-05
4.565120E+00 1.576976E+00 8.631545E-05
4.561051E+00 1.577150E+00 8.517661E-05
4.556990E+00 1.577323E+00 8.405902E-05
4.552936E+00 1.577496E+00 8.296137E-05
4.548889E+00 1.577667E+00 8.188244E-05
4.544849E+00 1.577839E+00 8.082109E-05
4.540817E+00 1.578009E+00 7.977624E-05
4.536791E+00 1.578179E+00 7.874691E-05
4.532773E+00 1.578348E+00 7.773218E-05
4.528762E+00 1.578517E+00 7.673120E-05
4.524756E+00 1.578685E+00 7.574320E-05
4.520759E+00 1.578852E+00 7.476745E-05
4.516769E+00 1.579019E+00 7.380330E-05
4.512786E+00 1.579185E+00 7.285015E-05
4.508810E+00 1.579351E+00 7.190746E-05
4.504841E+00 1.579516E+00 7.097474E-05
4.500879E+00 1.579680E+00 7.005155E-05
4.496925E+00 1.579844E+00 6.913751E-05
4.492977E+00 1.580007E+00 6.823227E-05
4.489036E+00 1.580170E+00 6.733552E-05
4.485101E+00 1.580332E+00 6.644702E-05
4.481174E+00 1.580494E+00 6.556652E-05
4.477254E+00 1.580655E+00 6.469386E-05
4.473338E+00 1.580815E+00 6.382887E-05
4.469432E+00 1.580975E+00 6.297143E-05
4.465532E+00 1.581134E+00 6.212147E-05
4.461639E+00 1.581293E+00 6.127890E-05
4.457752E+00 1.581451E+00 6.044370E-05
4.453873E+00 1.581609E+00 5.961586E-05
4.450000E+00 1.581766E+00 5.879538E-05
4.446134E+00 1.581922E+00 5.798229E-05
4.442275E+00 1.582078E+00 5.717664E-05
4.438422E+00 1.582234E+00 5.637850E-05
4.434576E+00 1.582389E+00 5.558795E-05
4.430737E+00 1.582543E+00 5.480509E-05
4.426904E+00 1.582697E+00 5.403001E-05
4.423076E+00 1.582851E+00 5.326285E-05
4.419257E+00 1.583004E+00 5.250373E-05
4.415444E+00 1.583156E+00 5.175279E-05
4.411638E+00 1.583308E+00 5.101017E-05
4.407838E+00 1.583459E+00 5.027603E-05
4.404045E+00 1.583610E+00 4.955051E-05
4.400258E+00 1.583761E+00 4.883378E-05
4.396478E+00 1.583910E+00 4.812601E-05
4.392704E+00 1.584060E+00 4.742735E-05
4.388937E+00 1.584209E+00 4.673797E-05
4.385176E+00 1.584357E+00 4.605804E-05
4.381422E+00 1.584505E+00 4.538773E-05
4.377672E+00 1.584653E+00 4.472718E-05
4.373931E+00 1.584800E+00 4.407658E-05
4.370196E+00 1.584946E+00 4.343606E-05
4.366467E+00 1.585092E+00 4.280580E-05
4.362745E+00 1.585238E+00 4.218594E-05
4.359029E+00 1.585383E+00 4.157662E-05
4.355319E+00 1.585528E+00 4.097798E-05
4.351616E+00 1.585672E+00 4.039017E-05
4.347919E+00 1.585816E+00 3.981330E-05
4.344228E+00 1.585959E+00 3.924750E-05
4.340543E+00 1.586102E+00 3.869289E-05
4.336865E+00 1.586244E+00 3.814957E-05
4.333193E+00 1.586386E+00 3.761764E-05
4.329525E+00 1.586527E+00 3.709720E-05
4.325866E+00 1.586668E+00 3.658832E-05
4.322212E+00 1.586809E+00 3.609109E-05
4.318565E+00 1.586949E+00 3.560556E-05
4.314924E+00 1.587089E+00 3.513180E-05
4.311289E+00 1.587228E+00 3.466986E-05
4.307660E+00 1.587367E+00 3.421978E-05
4.304037E+00 1.587505E+00 3.378158E-05
4.300420E+00 1.587643E+00 3.335529E-05
4.296810E+00 1.587780E+00 3.294093E-05
4.293205E+00 1.587918E+00 3.253850E-05
4.289607E+00 1.588054E+00 3.214798E-05
4.286014E+00 1.588190E+00 3.176938E-05
4.282426E+00 1.588326E+00 3.140266E-05
4.278846E+00 1.588462E+00 3.104779E-05
4.275271E+00 1.588596E+00 3.070473E-05
4.271702E+00 1.588731E+00 3.037343E-05
4.268140E+00 1.588865E+00 3.005383E-05
4.264583E+00 1.588999E+00 2.974587E-05
4.261033E+00 1.589132E+00 2.944947E-05
4.257488E+00 1.589265E+00 2.916454E-05
4.253949E+00 1.589397E+00 2.889100E-05
4.250416E+00 1.589529E+00 2.862873E-05
4.246889E+00 1.589661E+00 2.837764E-05
4.243367E+00 1.589792E+00 2.813761E-05
4.239850E+00 1.589923E+00 2.790852E-05
4.236340E+00 1.590053E+00 2.769023E-05
4.232836E+00 1.590183E+00 2.748260E-05
4.229338E+00 1.590313E+00 2.728551E-05
4.225846E+00 1.590442E+00 2.709878E-05
4.222360E+00 1.590571E+00 2.692227E-05
4.218879E+00 1.590699E+00 2.675582E-05
4.215404E+00 1.590827E+00 2.659925E-05
4.211934E+00 1.590955E+00 2.645240E-05
4.208471E+00 1.591082E+00 2.631507E-05
4.205013E+00 1.591209E+00 2.618710E-05
4.201561E+00 1.591336E+00 2.606828E-05
4.198114E+00 1.591462E+00 2.595842E-05
4.194671E+00 1.591587E+00 2.585733E-05
4.191236E+00 1.591713E+00 2.576480E-05
4.187806E+00 1.591838E+00 2.568063E-05
4.184382E+00 1.591962E+00 2.560460E-05
4.180964E+00 1.592086E+00 2.553651E-05
4.177551E+00 1.592210E+00 2.547613E-05
4.174144E+00 1.592334E+00 2.542325E-05
4.170742E+00 1.592457E+00 2.537764E-05
4.167346E+00 1.592579E+00 2.533909E-05
4.163955E+00 1.592702E+00 2.530736E-05
4.160570E+00 1.592824E+00 2.528222E-05
4.157190E+00 1.592945E+00 2.526346E-05
4.153814E+00 1.593066E+00 2.525082E-05
4.150445E+00 1.593187E+00 2.524409E-05
4.147082E+00 1.593308E+00 2.524303E-05
4.143724E+00 1.593428E+00 2.524740E-05
4.140372E+00 1.593548E+00 2.525698E-05
4.137025E+00 1.593667E+00 2.527152E-05
4.133683E+00 1.593786E+00 2.529079E-05
4.130347E+00 1.593905E+00 2.531455E-05
4.127016E+00 1.594023E+00 2.534258E-05
4.123691E+00 1.594141E+00 2.537463E-05
4.120371E+00 1.594259E+00 2.541048E-05
4.117056E+00 1.594376E+00 2.544989E-05
4.113747E+00 1.594493E+00 2.549263E-05
4.110441E+00 1.594610E+00 2.553847E-05
4.107142E+00 1.594726E+00 2.558718E-05
4.103849E+00 1.594842E+00 2.563854E-05
4.100561E+00 1.594957E+00 2.569231E-05
4.097278E+00 1.595072E+00 2.574829E-05
4.094000E+00 1.595187E+00 2.580624E-05
4.090727E+00 1.595302E+00 2.586594E-05
4.087460E+00 1.595416E+00 2.592719E-05
4.084198E+00 1.595530E+00 2.598976E-05
4.080941E+00 1.595643E+00 2.605345E-05
4.077690E+00 1.595757E+00 2.611805E-05
4.074443E+00 1.595870E+00 2.618335E-05
4.071202E+00 1.595982E+00 2.624915E-05
4.067964E+00 1.596094E+00 2.631525E-05
4.064733E+00 1.596206E+00 2.638146E-05
4.061507E+00 1.596318E+00 2.644758E-05
4.058287E+00 1.596429E+00 2.651342E-05
4.055071E+00 1.596540E+00 2.657881E-05
4.051861E+00 1.596650E+00 2.664355E-05
4.048655E+00 1.596761E+00 2.670748E-05
4.045455E+00 1.596871E+00 2.677041E-05
4.042259E+00 1.596980E+00 2.683218E-05
4.039069E+00 1.597090E+00 2.689262E-05
4.035884E+00 1.597199E+00 2.695157E-05
4.032704E+00 1.597307E+00 2.700887E-05
4.029527E+00 1.597416E+00 2.706437E-05
4.026357E+00 1.597524E+00 2.711793E-05
4.023191E+00 1.597632E+00 2.716939E-05
4.020031E+00 1.597739E+00 2.721861E-05
4.016876E+00 1.597846E+00 2.726547E-05
4.013725E+00 1.597953E+00 2.730983E-05
4.010580E+00 1.598060E+00 2.735157E-05
4.007439E+00 1.598166E+00 2.739055E-05
4.004304E+00 1.598272E+00 2.742667E-05
4.001173E+00 1.598377E+00 2.745981E-05
3.998047E+00 1.598483E+00 2.748987E-05
3.994926E+00 1.598588E+00 2.751673E-05
3.991810E+00 1.598692E+00 2.754031E-05
3.988698E+00 1.598797E+00 2.756051E-05
3.985591E+00 1.598901E+00 2.757724E-05
3.982490E+00 1.599005E+00 2.759041E-05
3.979393E+00 1.599108E+00 2.759995E-05
3.976301E+00 1.599212E+00 2.760578E-05
3.973214E+00 1.599315E+00 2.760783E-05
3.970132E+00 1.599417E+00 2.760604E-05
3.967054E+00 1.599520E+00 2.760034E-05
3.963982E+00 1.599622E+00 2.759068E-05
3.960914E+00 1.599724E+00 2.757701E-05
3.957850E+00 1.599825E+00 2.755928E-05
3.954792E+00 1.599927E+00 2.753745E-05
3.951738E+00 1.600028E+00 2.751148E-05
3.948688E+00 1.600129E+00 2.748134E-05
3.945643E+00 1.600229E+00 2.744700E-05
3.942604E+00 1.600329E+00 2.740844E-05
3.939569E+00 1.600429E+00 2.736564E-05
3.936538E+00 1.600529E+00 2.731859E-05
3.933513E+00 1.600628E+00 2.726726E-05
3.930492E+00 1.600727E+00 2.721167E-05
3.927475E+00 1.600826E+00 2.715181E-05
3.924463E+00 1.600925E+00 2.708767E-05
3.921456E+00 1.601023E+00 2.701928E-05
3.918454E+00 1.601121E+00 2.694663E-05
3.915456E+00 1.601219E+00 2.686975E-05
3.912461E+00 1.601316E+00 2.678865E-05
3.909472E+00 1.601413E+00 2.670337E-05
3.906488E+00 1.601510E+00 2.661391E-05
3.903508E+00 1.601607E+00 2.652033E-05
3.900533E+00 1.601704E+00 2.642265E-05
3.897563E+00 1.601800E+00 2.632092E-05
3.894597E+00 1.601896E+00 2.621517E-05
3.891635E+00 1.601991E+00 2.610545E-05
3.888678E+00 1.602087E+00 2.599182E-05
3.885725E+00 1.602182E+00 2.587433E-05
3.882777E+00 1.602277E+00 2.575303E-05
3.879834E+00 1.602372E+00 2.562800E-05
3.876895E+00 1.602466E+00 2.549928E-05
3.873958E+00 1.602560E+00 2.536695E-05
3.871028E+00 1.602654E+00 2.523108E-05
3.868102E+00 1.602748E+00 2.509174E-05
3.865181E+00 1.602841E+00 2.494902E-05
3.862264E+00 1.602934E+00 2.480298E-05
3.859351E+00 1.603027E+00 2.465372E-05
3.856443E+00 1.603120E+00 2.450132E-05
3.853539E+00 1.603213E+00 2.434587E-05
3.850640E+00 1.603305E+00 2.418745E-05
3.847745E+00 1.603397E+00 2.402617E-05
3.844854E+00 1.603488E+00 2.386211E-05
3.841968E+00 1.603580E+00 2.369539E-05
3.839085E+00 1.603671E+00 2.352609E-05
3.836206E+00 1.603762E+00 2.335432E-05
3.833333E+00 1.603853E+00 2.318019E-05
3.830464E+00 1.603944E+00 2.300380E-05
3.827599E+00 1.604034E+00 2.282526E-05
3.824738E+00 1.604124E+00 2.264469E-05
3.821882E+00 1.604214E+00 2.246220E-05
3.819030E+00 1.604304E+00 2.227790E-05
3.816182E+00 1.604393E+00 2.209191E-05
3.813339E+00 1.604482E+00 2.190434E-05
3.810499E+00 1.604571E+00 2.171533E-05
3.807664E+00 1.604660E+00 2.152498E-05
3.804833E+00 1.604748E+00 2.133341E-05
3.802005E+00 1.604837E+00 2.114077E-05
3.799183E+00 1.604925E+00 2.094716E-05
3.796365E+00 1.605013E+00 2.075271E-05
3.793550E+00 1.605100E+00 2.055756E-05
3.790741E+00 1.605188E+00 2.036182E-05
3.787935E+00 1.605275E+00 2.016562E-05
3.785133E+00 1.605362E+00 1.996911E-05
3.782336E+00 1.605448E+00 1.977239E-05
3.779542E+00 1.605535E+00 1.957561E-05
3.776753E+00 1.605621E+00 1.937890E-05
3.773968E+00 1.605707E+00 1.918238E-05
3.771187E+00 1.605793E+00 1.898619E-05
3.768410E+00 1.605879E+00 1.879045E-05
3.765636E+00 1.605964E+00 1.859531E-05
3.762867E+00 1.606049E+00 1.840088E-05
3.760102E+00 1.606134E+00 1.820731E-05
3.757342E+00 1.606219E+00 1.801471E-05
3.754585E+00 1.606304E+00 1.782323E-05
3.751833E+00 1.606388E+00 1.763300E-05
3.749084E+00 1.606472E+00 1.744413E-05
3.746340E+00 1.606556E+00 1.725677E-05
3.743599E+00 1.606640E+00 1.707103E-05
3.740863E+00 1.606724E+00 1.688706E-05
3.738131E+00 1.606807E+00 1.670496E-05
3.735402E+00 1.606890E+00 1.652488E-05
3.732676E+00 1.606973E+00 1.634693E-05
3.729956E+00 1.607056E+00 1.617124E-05
3.727239E+00 1.607138E+00 1.599793E-05
3.724527E+00 1.607220E+00 1.582712E-05
3.721818E+00 1.607303E+00 1.565893E-05
3.719113E+00 1.607384E+00 1.549348E-05
3.716412E+00 1.607466E+00 1.533089E-05
3.713716E+00 1.607548E+00 1.517126E-05
3.711023E+00 1.607629E+00 1.501472E-05
3.708334E+00 1.607710E+00 1.486136E-05
3.705648E+00 1.607791E+00 1.471131E-05
3.702967E+00 1.607872E+00 1.456467E-05
3.700290E+00 1.607952E+00 1.442154E-05
3.697615E+00 1.608033E+00 1.428202E-05
3.694945E+00 1.608113E+00 1.414621E-05
3.692280E+00 1.608193E+00 1.401422E-05
3.689618E+00 1.608272E+00 1.388612E-05
3.686959E+00 1.608352E+00 1.376203E-05
3.684305E+00 1.608431E+00 1.364202E-05
3.681655E+00 1.608510E+00 1.352618E-05
3.679008E+00 1.608589E+00 1.341459E-05
3.676365E+00 1.608668E+00 1.330734E-05
3.673726E+00 1.608747E+00 1.320449E-05
3.671091E+00 1.608825E+00 1.310613E-05
3.668459E+00 1.608903E+00 1.301232E-05
3.665832E+00 1.608981E+00 1.292313E-05
3.663206E+00 1.609059E+00 1.283861E-05
3.660586E+00 1.609137E+00 1.275884E-05
3.657970E+00 1.609214E+00 1.268385E-05
3.655357E+00 1.609291E+00 1.261372E-05
3.652748E+00 1.609368E+00 1.254847E-05
3.650143E+00 1.609445E+00 1.248816E-05
3.647541E+00 1.609522E+00 1.243283E-05
3.644943E+00 1.609598E+00 1.238250E-05
3.642349E+00 1.609675E+00 1.233720E-05
3.639759E+00 1.609751E+00 1.229698E-05
3.637172E+00 1.609827E+00 1.226184E-05
3.634589E+00 1.609902E+00 1.223180E-05
3.632008E+00 1.609978E+00 1.220687E-05
3.629432E+00 1.610053E+00 1.218707E-05
3.626860E+00 1.610129E+00 1.217239E-05
3.624291E+00 1.610204E+00 1.216283E-05
3.621727E+00 1.610279E+00 1.215839E-05
3.619165E+00 1.610353E+00 1.215905E-05
3.616608E+00 1.610428E+00 1.216481E-05
3.614054E+00 1.610502E+00 1.217562E-05
3.611503E+00 1.610576E+00 1.219148E-05
3.608957E+00 1.610650E+00 1.221234E-05
3.606413E+00 1.610724E+00 1.223817E-05
3.603874E+00 1.610797E+00 1.226893E-05
3.601338E+00 1.610871E+00 1.230457E-05
3.598804E+00 1.610944E+00 1.234503E-05
3.596275E+00 1.611017E+00 1.239027E-05
3.593750E+00 1.611090E+00 1.244022E-05
3.591228E+00 1.611163E+00 1.249481E-05
3.588709E+00 1.611235E+00 1.255396E-05
3.586195E+00 1.611307E+00 1.261761E-05
3.583683E+00 1.611380E+00 1.268566E-05
3.581176E+00 1.611452E+00 1.275803E-05
3.578672E+00 1.611523E+00 1.283462E-05
3.576171E+00 1.611595E+00 1.291534E-05
3.573674E+00 1.611667E+00 1.300009E-05
3.571180E+00 1.611738E+00 1.308875E-05
3.568690E+00 1.611809E+00 1.318122E-05
3.566202E+00 1.611880E+00 1.327737E-05
3.563718E+00 1.611951E+00 1.337708E-05
3.561238E+00 1.612021E+00 1.348024E-05
3.558762E+00 1.612092E+00 1.358670E-05
3.556289E+00 1.612162E+00 1.369633E-05
3.553819E+00 1.612232E+00 1.380900E-05
3.551353E+00 1.612302E+00 1.392455E-05
3.548891E+00 1.612372E+00 1.404285E-05
3.546431E+00 1.612441E+00 1.416373E-05
3.543975E+00 1.612511E+00 1.428705E-05
3.541523E+00 1.612580E+00 1.441265E-05
3.539074E+00 1.612649E+00 1.454036E-05
3.536627E+00 1.612718E+00 1.467002E-05
3.534185E+00 1.612787E+00 1.480146E-05
3.531746E+00 1.612855E+00 1.493451E-05
3.529310E+00 1.612924E+00 1.506899E-05
3.526878E+00 1.612992E+00 1.520474E-05
3.524449E+00 1.613060E+00 1.534156E-05
3.522023E+00 1.613128E+00 1.547929E-05
3.519601E+00 1.613196E+00 1.561773E-05
3.517182E+00 1.613263E+00 1.575671E-05
3.514767E+00 1.613331E+00 1.589604E-05
3.512355E+00 1.613398E+00 1.603552E-05
3.509946E+00 1.613465E+00 1.617498E-05
3.507540E+00 1.613532E+00 1.631422E-05
3.505136E+00 1.613599E+00 1.645305E-05
3.502737E+00 1.613666E+00 1.659129E-05
3.500342E+00 1.613732E+00 1.672874E-05
3.497949E+00 1.613798E+00 1.686522E-05
3.495560E+00 1.613865E+00 1.700053E-05
3.493174E+00 1.613931E+00 1.713449E-05
3.490791E+00 1.613996E+00 1.726690E-05
3.488412E+00 1.614062E+00 1.739759E-05
3.486036E+00 1.614128E+00 1.752636E-05
3.483663E+00 1.614193E+00 1.765303E-05
3.481293E+00 1.614258E+00 1.777742E-05
3.478926E+00 1.614323E+00 1.789936E-05
3.476563E+00 1.614388E+00 1.801865E-05
3.474202E+00 1.614453E+00 1.813513E-05
3.471845E+00 1.614517E+00 1.824863E-05
3.469491E+00 1.614582E+00 1.835897E-05
3.467141E+00 1.614646E+00 1.846599E-05
3.464793E+00 1.614710E+00 1.856953E-05
3.462449E+00 1.614774E+00 1.866943E-05
3.460108E+00 1.614838E+00 1.876553E-05
3.457770E+00 1.614902E+00 1.885769E-05
3.455436E+00 1.614965E+00 1.894575E-05
3.453104E+00 1.615029E+00 1.902958E-05
3.450776E+00 1.615092E+00 1.910904E-05
3.448451E+00 1.615155E+00 1.918400E-05
3.446127E+00 1.615218E+00 1.925433E-05
3.443808E+00 1.615281E+00 1.931991E-05
3.441493E+00 1.615343E+00 1.938062E-05
3.439180E+00 1.615406E+00 1.943636E-05
3.436870E+00 1.615468E+00 1.948702E-05
3.434564E+00 1.615530E+00 1.953250E-05
3.432260E+00 1.615593E+00 1.957271E-05
3.429960E+00 1.615654E+00 1.960756E-05
3.427663E+00 1.615716E+00 1.963698E-05
3.425368E+00 1.615778E+00 1.966088E-05
3.423077E+00 1.615839E+00 1.967921E-05
3.420789E+00 1.615901E+00 1.969190E-05
3.418504E+00 1.615962E+00 1.969891E-05
3.416221E+00 1.616023E+00 1.970017E-05
3.413942E+00 1.616084E+00 1.969566E-05
3.411666E+00 1.616145E+00 1.968534E-05
3.409393E+00 1.616206E+00 1.966918E-05
3.407124E+00 1.616266E+00 1.964716E-05
3.404857E+00 1.616326E+00 1.961928E-05
3.402593E+00 1.616387E+00 1.958552E-05
3.400332E+00 1.616447E+00 1.954589E-05
3.398075E+00 1.616507E+00 1.950039E-05
3.395820E+00 1.616567E+00 1.944904E-05
3.393568E+00 1.616626E+00 1.939185E-05
3.391319E+00 1.616686E+00 1.932887E-05
3.389072E+00 1.616745E+00 1.926012E-05
3.386829E+00 1.616805E+00 1.918564E-05
3.384590E+00 1.616864E+00 1.910548E-05
3.382353E+00 1.616923E+00 1.901969E-05
3.380119E+00 1.616982E+00 1.892834E-05
3.377888E+00 1.617041E+00 1.883149E-05
3.375660E+00 1.617100E+00 1.872921E-05
3.373434E+00 1.617158E+00 1.862157E-05
3.371212E+00 1.617217E+00 1.850867E-05
3.368993E+00 1.617275E+00 1.839059E-05
3.366777E+00 1.617333E+00 1.826743E-05
3.364563E+00 1.617391E+00 1.813928E-05
3.362353E+00 1.617449E+00 1.800625E-05
3.360144E+00 1.617507E+00 1.786844E-05
3.357939E+00 1.617564E+00 1.772597E-05
3.355737E+00 1.617622E+00 1.757897E-05
3.353538E+00 1.617679E+00 1.742754E-05
3.351342E+00 1.617737E+00 1.727182E-05
3.349149E+00 1.617794E+00 1.711193E-05
3.346959E+00 1.617851E+00 1.694801E-05
3.344771E+00 1.617908E+00 1.678020E-05
3.342587E+00 1.617965E+00 1.660863E-05
3.340405E+00 1.618022E+00 1.643344E-05
3.338226E+00 1.618078E+00 1.625479E-05
3.336050E+00 1.618135E+00 1.607282E-05
3.333877E+00 1.618191E+00 1.588767E-05
3.331705E+00 1.618247E+00 1.569951E-05
3.329538E+00 1.618303E+00 1.550847E-05
3.327373E+00 1.618359E+00 1.531472E-05
3.325211E+00 1.618415E+00 1.511842E-05
3.323052E+00 1.618471E+00 1.491971E-05
3.320895E+00 1.618527E+00 1.471876E-05
3.318742E+00 1.618582E+00 1.451572E-05
3.316591E+00 1.618637E+00 1.431075E-05
3.314443E+00 1.618693E+00 1.410401E-05
3.312298E+00 1.618748E+00 1.389566E-05
3.310156E+00 1.618803E+00 1.368585E-05
3.308016E+00 1.618858E+00 1.347475E-05
3.305878E+00 1.618913E+00 1.326250E-05
3.303744E+00 1.618968E+00 1.304926E-05
3.301613E+00 1.619022E+00 1.283519E-05
3.299484E+00 1.619077E+00 1.262043E-05
3.297358E+00 1.619131E+00 1.240514E-05
3.295235E+00 1.619185E+00 1.218947E-05
3.293115E+00 1.619240E+00 1.197357E-05
3.290997E+00 1.619294E+00 1.175757E-05
3.288882E+00 1.619348E+00 1.154162E-05
3.286770E+00 1.619401E+00 1.132587E-05
3.284660E+00 1.619455E+00 1.111044E-05
3.282553E+00 1.619509E+00 1.089547E-05
3.280449E+00 1.619562E+00 1.068110E-05
3.278347E+00 1.619616E+00 1.046745E-05
3.276248E+00 1.619669E+00 1.025466E-05
3.274152E+00 1.619722E+00 1.004283E-05
3.272059E+00 1.619775E+00 9.832087E-06
3.269968E+00 1.619828E+00 9.622553E-06
3.267880E+00 1.619881E+00 9.414336E-06
3.265795E+00 1.619934E+00 9.207545E-06
3.263712E+00 1.619986E+00 9.002283E-06
3.261632E+00 1.620039E+00 8.798652E-06
3.259554E+00 1.620091E+00 8.596750E-06
3.257480E+00 1.620144E+00 8.396669E-06
3.255408E+00 1.620196E+00 8.198499E-06
3.253338E+00 1.620248E+00 8.002325E-06
3.251270E+00 1.620300E+00 7.808229E-06
3.249206E+00 1.620352E+00 7.616288E-06
3.247144E+00 1.620404E+00 7.426577E-06
3.245085E+00 1.620455E+00 7.239163E-06
3.243029E+00 1.620507E+00 7.054114E-06
3.240975E+00 1.620558E+00 6.871491E-06
3.238924E+00 1.620610E+00 6.691351E-06
3.236876E+00 1.620661E+00 6.513749E-06
3.234830E+00 1.620712E+00 6.338734E-06
3.232786E+00 1.620763E+00 6.166352E-06
3.230745E+00 1.620814E+00 5.996646E-06
3.228707E+00 1.620865E+00 5.829654E-06
3.226670E+00 1.620916E+00 5.665410E-06
3.224637E+00 1.620966E+00 5.503946E-06
3.222607E+00 1.621017E+00 5.345289E-06
3.220579E+00 1.621067E+00 5.189463E-06
3.218553E+00 1.621118E+00 5.036489E-06
3.216530E+00 1.621168E+00 4.886383E-06
3.214510E+00 1.621218E+00 4.739159E-06
3.212492E+00 1.621268E+00 4.594827E-06
3.210477E+00 1.621318E+00 4.453395E-06
3.208464E+00 1.621368E+00 4.314867E-06
3.206454E+00 1.621418E+00 4.179243E-06
3.204446E+00 1.621467E+00 4.046524E-06
3.202441E+00 1.621517E+00 3.916702E-06
3.200437E+00 1.621566E+00 3.789773E-06
3.198437E+00 1.621616E+00 3.665724E-06
3.196439E+00 1.621665E+00 3.544546E-06
3.194444E+00 1.621714E+00 3.426221E-06
3.192452E+00 1.621763E+00 3.310733E-06
3.190461E+00 1.621812E+00 3.198064E-06
3.188474E+00 1.621861E+00 3.088190E-06
3.186488E+00 1.621909E+00 2.981090E-06
3.184505E+00 1.621958E+00 2.876736E-06
3.182525E+00 1.622006E+00 2.775103E-06
3.180547E+00 1.622055E+00 2.676161E-06
3.178572E+00 1.622103E+00 2.579878E-06
3.176599E+00 1.622151E+00 2.486224E-06
3.174627E+00 1.622200E+00 2.395165E-06
3.172659E+00 1.622248E+00 2.306665E-06
3.170694E+00 1.622296E+00 2.220688E-06
3.168730E+00 1.622343E+00 2.137197E-06
3.166770E+00 1.622391E+00 2.056154E-06
3.164811E+00 1.622439E+00 1.977518E-06
3.162855E+00 1.622486E+00 1.901251E-06
3.160902E+00 1.622534E+00 1.827311E-06
3.158951E+00 1.622581E+00 1.755656E-06
3.157002E+00 1.622628E+00 1.686243E-06
3.155056E+00 1.622675E+00 1.619030E-06
3.153112E+00 1.622723E+00 1.553974E-06
3.151169E+00 1.622769E+00 1.491030E-06
3.149230E+00 1.622816E+00 1.430155E-06
3.147294E+00 1.622863E+00 1.371304E-06
3.145359E+00 1.622910E+00 1.314432E-06
3.143427E+00 1.622956E+00 1.259495E-06
3.141498E+00 1.623003E+00 1.206449E-06
3.139571E+00 1.623049E+00 1.155248E-06
3.137646E+00 1.623096E+00 1.105848E-06
3.135723E+00 1.623142E+00 1.058204E-06
3.133803E+00 1.623188E+00 1.012273E-06
3.131885E+00 1.623234E+00 9.680094E-07
3.129970E+00 1.623280E+00 9.253700E-07
3.128057E+00 1.623326E+00 8.843113E-07
3.126145E+00 1.623371E+00 8.447901E-07
3.124237E+00 1.623417E+00 8.067638E-07
3.122330E+00 1.623463E+00 7.701899E-07
3.120427E+00 1.623508E+00 7.350268E-07
3.118525E+00 1.623553E+00 7.012330E-07
3.116626E+00 1.623599E+00 6.687680E-07
3.114729E+00 1.623644E+00 6.375914E-07
3.112835E+00 1.623689E+00 6.076637E-07
3.110942E+00 1.623734E+00 5.789460E-07
3.109053E+00 1.623779E+00 5.513998E-07
3.107165E+00 1.623824E+00 5.249877E-07
3.105280E+00 1.623869E+00 4.996725E-07
3.103396E+00 1.623913E+00 4.754180E-07
3.101515E+00 1.623958E+00 4.521886E-07
3.099636E+00 1.624002E+00 4.299496E-07
3.097760E+00 1.624047E+00 4.086667E-07
3.095886E+00 1.624091E+00 3.883067E-07
3.094014E+00 1.624135E+00 3.688369E-07
3.092145E+00 1.624179E+00 3.502254E-07
3.090278E+00 1.624223E+00 3.324411E-07
3.088413E+00 1.624267E+00 3.154538E-07
3.086550E+00 1.624311E+00 2.992337E-07
3.084690E+00 1.624355E+00 2.837521E-07
3.082832E+00 1.624398E+00 2.689810E-07
3.080976E+00 1.624442E+00 2.548930E-07
3.079121E+00 1.624486E+00 2.414615E-07
3.077270E+00 1.624529E+00 2.286609E-07
3.075420E+00 1.624572E+00 2.164659E-07
3.073573E+00 1.624616E+00 2.048524E-07
3.071729E+00 1.624659E+00 1.937967E-07
3.069886E+00 1.624702E+00 1.832760E-07
3.068046E+00 1.624745E+00 1.732681E-07
3.066207E+00 1.624788E+00 1.637515E-07
3.064371E+00 1.624830E+00 1.547056E-07
3.062538E+00 1.624873E+00 1.461101E-07
3.060706E+00 1.624916E+00 1.379458E-07
3.058877E+00 1.624958E+00 1.301938E-07
3.057049E+00 1.625001E+00 1.228361E-07
3.055223E+00 1.625043E+00 1.158552E-07
3.053401E+00 1.625086E+00 1.092343E-07
3.051580E+00 1.625128E+00 1.029570E-07
3.049761E+00 1.625170E+00 9.700784E-08
3.047945E+00 1.625212E+00 9.137165E-08
3.046131E+00 1.625254E+00 8.603395E-08
3.044319E+00 1.625296E+00 8.098079E-08
3.042509E+00 1.625338E+00 7.619877E-08
3.040701E+00 1.625380E+00 7.167499E-08
3.038896E+00 1.625421E+00 6.739709E-08
3.037092E+00 1.625463E+00 6.335317E-08
3.035291E+00 1.625504E+00 5.953184E-08
3.033491E+00 1.625546E+00 5.592218E-08
3.031694E+00 1.625587E+00 5.251369E-08
3.029899E+00 1.625628E+00 4.929635E-08
3.028106E+00 1.625669E+00 4.626055E-08
3.026316E+00 1.625711E+00 4.339708E-08
3.024527E+00 1.625752E+00 4.069715E-08
3.022741E+00 1.625792E+00 3.815234E-08
3.020956E+00 1.625833E+00 3.575462E-08
3.019174E+00 1.625874E+00 3.349630E-08
3.017394E+00 1.625915E+00 3.137005E-08
3.015616E+00 1.625955E+00 2.936888E-08
3.013840E+00 1.625996E+00 2.748611E-08
3.012066E+00 1.626036E+00 2.571538E-08
3.010294E+00 1.626077E+00 2.405062E-08
3.008524E+00 1.626117E+00 2.248606E-08
3.006756E+00 1.626157E+00 2.101620E-08
3.004991E+00 1.626197E+00 1.963580E-08
3.003228E+00 1.626238E+00 1.833989E-08
3.001466E+00 1.626278E+00 1.712375E-08
2.999707E+00 1.626317E+00 1.598286E-08
2.997950E+00 1.626357E+00 1.491296E-08
2.996195E+00 1.626397E+00 1.390999E-08
2.994441E+00 1.626437E+00 1.297011E-08
2.992690E+00 1.626476E+00 1.208966E-08
2.990941E+00 1.626516E+00 1.126518E-08
2.989194E+00 1.626555E+00 1.049340E-08
2.987449E+00 1.626595E+00 9.771197E-09
2.985706E+00 1.626634E+00 9.095636E-09
2.983965E+00 1.626673E+00 8.463930E-09
2.982226E+00 1.626712E+00 7.873444E-09
2.980489E+00 1.626752E+00 7.321686E-09
2.978754E+00 1.626791E+00 6.806301E-09
2.977022E+00 1.626830E+00 6.325064E-09
2.975291E+00 1.626868E+00 5.875872E-09
2.973562E+00 1.626907E+00 5.456743E-09
2.971835E+00 1.626946E+00 5.065803E-09
2.970111E+00 1.626985E+00 4.701287E-09
2.968388E+00 1.627023E+00 4.361531E-09
2.966666E+00 1.627062E+00 4.044965E-09
2.964948E+00 1.627100E+00 3.750113E-09
2.963231E+00 1.627138E+00 3.475582E-09
2.961516E+00 1.627177E+00 3.220063E-09
2.959803E+00 1.627215E+00 2.982325E-09
2.958092E+00 1.627253E+00 2.761208E-09
2.956384E+00 1.627291E+00 2.555624E-09
2.954677E+00 1.627329E+00 2.364550E-09
2.952972E+00 1.627367E+00 2.187025E-09
2.951269E+00 1.627405E+00 2.022147E-09
2.949568E+00 1.627443E+00 1.869069E-09
2.947869E+00 1.627480E+00 1.726996E-09
2.946172E+00 1.627518E+00 1.595186E-09
2.944476E+00 1.627556E+00 1.472939E-09
2.942783E+00 1.627593E+00 1.359603E-09
2.941092E+00 1.627630E+00 1.254564E-09
2.939402E+00 1.627668E+00 1.157250E-09
2.937715E+00 1.627705E+00 1.067125E-09
2.936030E+00 1.627742E+00 9.836878E-10
2.934346E+00 1.627780E+00 9.064685E-10
2.932665E+00 1.627817E+00 8.350295E-10
2.930985E+00 1.627854E+00 7.689614E-10
2.929308E+00 1.627891E+00 7.078821E-10
2.927632E+00 1.627927E+00 6.514348E-10
2.925958E+00 1.627964E+00 5.992867E-10
2.924286E+00 1.628001E+00 5.511273E-10
2.922615E+00 1.628038E+00 5.066673E-10
2.920947E+00 1.628074E+00 4.656370E-10
2.919281E+00 1.628111E+00 4.277852E-10
2.917617E+00 1.628147E+00 3.928779E-10
2.915954E+00 1.628184E+00 3.606975E-10
2.914294E+00 1.628220E+00 3.310413E-10
2.912635E+00 1.628256E+00 3.037211E-10
2.910978E+00 1.628292E+00 2.785617E-10
2.909324E+00 1.628329E+00 2.554003E-10
2.907671E+00 1.628365E+00 2.340858E-10
2.906020E+00 1.628401E+00 2.144778E-10
2.904370E+00 1.628437E+00 1.964460E-10
2.902722E+00 1.628472E+00 1.798696E-10
2.901077E+00 1.628508E+00 1.646364E-10
2.899433E+00 1.628544E+00 1.506426E-10
2.897791E+00 1.628580E+00 1.377917E-10
2.896152E+00 1.628615E+00 1.259946E-10
2.894514E+00 1.628651E+00 1.151688E-10
2.892877E+00 1.628686E+00 1.052376E-10
2.891243E+00 1.628722E+00 9.613042E-11
2.889611E+00 1.628757E+00 8.778177E-11
2.887980E+00 1.628792E+00 8.013116E-11
2.886351E+00 1.628827E+00 7.312268E-11
2.884724E+00 1.628863E+00 6.670470E-11
2.883099E+00 1.628898E+00 6.082952E-11
2.881475E+00 1.628933E+00 5.545311E-11
2.879853E+00 1.628968E+00 5.053486E-11
2.878234E+00 1.629002E+00 4.603729E-11
2.876616E+00 1.629037E+00 4.192588E-11
2.875000E+00 1.629072E+00 3.816876E-11
2.873386E+00 1.629107E+00 3.473663E-11
2.871773E+00 1.629141E+00 3.160246E-11
2.870163E+00 1.629176E+00 2.874138E-11
2.868554E+00 1.629211E+00 2.613051E-11
2.866947E+00 1.629245E+00 2.374881E-11
2.865342E+00 1.629279E+00 2.157692E-11
2.863738E+00 1.629314E+00 1.959705E-11
2.862136E+00 1.629348E+00 1.779284E-11
2.860536E+00 1.629382E+00 1.614930E-11
2.858938E+00 1.629416E+00 1.465263E-11
2.857342E+00 1.629450E+00 1.329019E-11
2.855748E+00 1.629484E+00 1.205037E-11
2.854155E+00 1.629518E+00 1.092253E-11
2.852564E+00 1.629552E+00 9.896904E-12
2.850975E+00 1.629586E+00 8.964566E-12
2.849388E+00 1.629620E+00 8.117321E-12
2.847802E+00 1.629654E+00 7.347673E-12
2.846218E+00 1.629687E+00 6.648757E-12
2.844636E+00 1.629721E+00 6.014294E-12
2.843056E+00 1.629754E+00 5.438542E-12
2.841477E+00 1.629788E+00 4.916249E-12
2.839900E+00 1.629821E+00 4.442617E-12
2.838325E+00 1.629855E+00 4.013261E-12
2.836751E+00 1.629888E+00 3.624179E-12
2.835180E+00 1.629921E+00 3.271714E-12
2.833610E+00 1.629954E+00 2.952532E-12
2.832042E+00 1.629987E+00 2.663591E-12
2.830476E+00 1.630020E+00 2.402116E-12
2.828911E+00 1.630053E+00 2.165579E-12
2.827348E+00 1.630086E+00 1.951675E-12
2.825787E+00 1.630119E+00 1.758307E-12
2.824228E+00 1.630152E+00 1.583563E-12
2.822670E+00 1.630185E+00 1.425705E-12
2.821113E+00 1.630217E+00 1.283151E-12
2.819559E+00 1.630250E+00 1.154461E-12
2.818006E+00 1.630283E+00 1.038327E-12
2.816456E+00 1.630315E+00 9.335610E-13
2.814906E+00 1.630348E+00 8.390829E-13
2.813359E+00 1.630380E+00 7.539118E-13
2.811813E+00 1.630412E+00 6.771577E-13
2.810269E+00 1.630445E+00 6.080128E-13
2.808727E+00 1.630477E+00 5.457442E-13
2.807186E+00 1.630509E+00 4.896876E-13
2.805647E+00 1.630541E+00 4.392407E-13
2.804110E+00 1.630573E+00 3.938580E-13
2.802574E+00 1.630605E+00 3.530452E-13
2.801040E+00 1.630637E+00 3.163549E-13
2.799507E+00 1.630669E+00 2.833820E-13
2.797977E+00 1.630701E+00 2.537603E-13
2.796448E+00 1.630733E+00 2.271583E-13
2.794921E+00 1.630765E+00 2.032764E-13
2.793395E+00 1.630796E+00 1.818440E-13
2.791871E+00 1.630828E+00 1.626165E-13
2.790349E+00 1.630859E+00 1.453730E-13
2.788829E+00 1.630891E+00 1.299141E-13
2.787310E+00 1.630922E+00 1.160600E-13
2.785792E+00 1.630954E+00 1.036483E-13
2.784277E+00 1.630985E+00 9.253276E-14
2.782762E+00 1.631016E+00 8.258143E-14
2.781250E+00 1.631048E+00 7.367545E-14
2.779739E+00 1.631079E+00 6.570777E-14
2.778230E+00 1.631110E+00 5.858201E-14
2.776723E+00 1.631141E+00 5.221139E-14
2.775217E+00 1.631172E+00 4.651788E-14
2.773713E+00 1.631203E+00 4.143125E-14
2.772210E+00 1.631234E+00 3.688839E-14
2.770709E+00 1.631265E+00 3.283257E-14
2.769210E+00 1.631296E+00 2.921284E-14
2.767713E+00 1.631326E+00 2.598340E-14
2.766217E+00 1.631357E+00 2.310319E-14
2.764722E+00 1.631388E+00 2.053531E-14
2.763229E+00 1.631418E+00 1.824670E-14
2.761737E+00 1.631449E+00 1.620768E-14
2.760248E+00 1.631479E+00 1.439166E-14
2.758760E+00 1.631510E+00 1.277481E-14
2.757274E+00 1.631540E+00 1.133578E-14
2.755789E+00 1.631570E+00 1.005546E-14
2.754306E+00 1.631601E+00 8.916743E-15
2.752824E+00 1.631631E+00 7.904310E-15
2.751344E+00 1.631661E+00 7.004469E-15
2.749866E+00 1.631691E+00 6.204975E-15
2.748389E+00 1.631721E+00 5.494882E-15
2.746914E+00 1.631751E+00 4.864411E-15
2.745440E+00 1.631781E+00 4.304827E-15
2.743968E+00 1.631811E+00 3.808330E-15
2.742497E+00 1.631841E+00 3.367961E-15
2.741028E+00 1.631871E+00 2.977509E-15
2.739561E+00 1.631900E+00 2.631435E-15
2.738095E+00 1.631930E+00 2.324801E-15
2.736631E+00 1.631960E+00 2.053205E-15
2.735168E+00 1.631989E+00 1.812727E-15
2.733707E+00 1.632019E+00 1.599876E-15
2.732248E+00 1.632048E+00 1.411541E-15
2.730790E+00 1.632078E+00 1.244957E-15
2.729334E+00 1.632107E+00 1.097662E-15
2.727879E+00 1.632137E+00 9.674673E-16
2.726425E+00 1.632166E+00 8.524279E-16
2.724973E+00 1.632195E+00 7.508143E-16
2.723523E+00 1.632224E+00 6.610906E-16
2.722074E+00 1.632254E+00 5.818928E-16
2.720627E+00 1.632283E+00 5.120100E-16
2.719182E+00 1.632312E+00 4.503679E-16
2.717738E+00 1.632341E+00 3.960135E-16
2.716295E+00 1.632370E+00 3.481017E-16
2.714854E+00 1.632399E+00 3.058833E-16
2.713415E+00 1.632427E+00 2.686946E-16
2.711977E+00 1.632456E+00 2.359476E-16
2.710541E+00 1.632485E+00 2.071218E-16
2.709106E+00 1.632514E+00 1.817564E-16
2.707672E+00 1.632542E+00 1.594435E-16
2.706240E+00 1.632571E+00 1.398227E-16
2.704810E+00 1.632599E+00 1.225751E-16
2.703381E+00 1.632628E+00 1.074187E-16
2.701953E+00 1.632656E+00 9.410475E-17
2.700528E+00 1.632685E+00 8.241315E-17
2.699103E+00 1.632713E+00 7.214979E-17
2.697681E+00 1.632742E+00 6.314328E-17
2.696259E+00 1.632770E+00 5.524242E-17
2.694840E+00 1.632798E+00 4.831388E-17
2.693421E+00 1.632826E+00 4.224006E-17
2.692005E+00 1.632854E+00 3.691737E-17
2.690589E+00 1.632882E+00 3.225452E-17
2.689175E+00 1.632910E+00 2.817111E-17
2.687762E+00 1.632938E+00 2.459636E-17
2.686352E+00 1.632966E+00 2.146798E-17
2.684942E+00 1.632994E+00 1.873118E-17
2.683534E+00 1.633022E+00 1.633777E-17
2.682128E+00 1.633050E+00 1.424537E-17
2.680723E+00 1.633078E+00 1.241676E-17
2.679319E+00 1.633105E+00 1.081923E-17
2.677917E+00 1.633133E+00 9.424065E-18
2.676517E+00 1.633161E+00 8.206038E-18
2.675118E+00 1.633188E+00 7.143029E-18
2.673720E+00 1.633216E+00 6.215625E-18
2.672323E+00 1.633243E+00 5.406806E-18
2.670929E+00 1.633271E+00 4.701650E-18
2.669536E+00 1.633298E+00 4.087082E-18
2.668144E+00 1.633325E+00 3.551649E-18
2.666753E+00 1.633353E+00 3.085321E-18
2.665365E+00 1.633380E+00 2.679317E-18
2.663977E+00 1.633407E+00 2.325956E-18
2.662591E+00 1.633434E+00 2.018517E-18
2.661207E+00 1.633461E+00 1.751125E-18
2.659823E+00 1.633488E+00 1.518641E-18
2.658442E+00 1.633515E+00 1.316579E-18
2.657062E+00 1.633542E+00 1.141017E-18
2.655682E+00 1.633569E+00 9.885329E-19
2.654305E+00 1.633596E+00 8.561377E-19
2.652929E+00 1.633623E+00 7.412245E-19
2.651554E+00 1.633650E+00 6.415189E-19
2.650181E+00 1.633677E+00 5.550381E-19
2.648809E+00 1.633703E+00 4.800536E-19
2.647439E+00 1.633730E+00 4.150595E-19
2.646070E+00 1.633757E+00 3.587439E-19
2.644703E+00 1.633783E+00 3.099648E-19
2.643337E+00 1.633810E+00 2.677280E-19
2.641972E+00 1.633836E+00 2.311686E-19
2.640609E+00 1.633863E+00 1.995343E-19
2.639247E+00 1.633889E+00 1.721710E-19
2.637886E+00 1.633915E+00 1.485101E-19
2.636527E+00 1.633942E+00 1.280577E-19
2.635170E+00 1.633968E+00 1.103848E-19
2.633814E+00 1.633994E+00 9.511877E-20
2.632459E+00 1.634020E+00 8.193642E-20
2.631105E+00 1.634046E+00 7.055721E-20
2.629753E+00 1.634073E+00 6.073787E-20
2.628403E+00 1.634099E+00 5.226746E-20
2.627054E+00 1.634125E+00 4.496317E-20
2.625706E+00 1.634151E+00 3.866662E-20
2.624359E+00 1.634177E+00 3.324063E-20
2.623014E+00 1.634202E+00 2.856643E-20
2.621670E+00 1.634228E+00 2.454124E-20
2.620327E+00 1.634254E+00 2.107613E-20
2.618986E+00 1.634280E+00 1.809418E-20
2.617647E+00 1.634306E+00 1.552890E-20
2.616309E+00 1.634331E+00 1.332283E-20
2.614972E+00 1.634357E+00 1.142631E-20
2.613636E+00 1.634382E+00 9.796461E-21
2.612302E+00 1.634408E+00 8.396269E-21
2.610969E+00 1.634433E+00 7.193783E-21
2.609638E+00 1.634459E+00 6.161440E-21
2.608308E+00 1.634484E+00 5.275468E-21
2.606979E+00 1.634510E+00 4.515373E-21
2.605652E+00 1.634535E+00 3.863494E-21
2.604325E+00 1.634560E+00 3.304614E-21
2.603001E+00 1.634586E+00 2.825630E-21
2.601677E+00 1.634611E+00 2.415259E-21
2.600356E+00 1.634636E+00 2.063794E-21
2.599035E+00 1.634661E+00 1.762880E-21
2.597716E+00 1.634686E+00 1.505336E-21
2.596398E+00 1.634711E+00 1.284985E-21
2.595081E+00 1.634736E+00 1.096521E-21
2.593766E+00 1.634761E+00 9.353838E-22
2.592452E+00 1.634786E+00 7.976584E-22
2.591139E+00 1.634811E+00 6.799833E-22
2.589828E+00 1.634836E+00 5.794738E-22
2.588518E+00 1.634861E+00 4.936552E-22
2.587209E+00 1.634886E+00 4.204050E-22
2.585902E+00 1.634910E+00 3.579039E-22
2.584596E+00 1.634935E+00 3.045926E-22
2.583291E+00 1.634960E+00 2.591354E-22
2.581988E+00 1.634984E+00 2.203884E-22
2.580686E+00 1.635009E+00 1.873722E-22
2.579385E+00 1.635033E+00 1.592488E-22
2.578086E+00 1.635058E+00 1.353013E-22
2.576788E+00 1.635082E+00 1.149166E-22
2.575491E+00 1.635107E+00 9.757039E-23
2.574195E+00 1.635131E+00 8.281488E-23
2.572901E+00 1.635156E+00 7.026738E-23
2.571608E+00 1.635180E+00 5.960109E-23
2.570316E+00 1.635204E+00 5.053705E-23
2.569026E+00 1.635228E+00 4.283718E-23
2.567737E+00 1.635253E+00 3.629839E-23
2.566449E+00 1.635277E+00 3.074747E-23
2.565163E+00 1.635301E+00 2.603677E-23
2.563878E+00 1.635325E+00 2.204046E-23
2.562594E+00 1.635349E+00 1.865136E-23
2.561311E+00 1.635373E+00 1.577816E-23
2.560030E+00 1.635397E+00 1.334316E-23
2.558750E+00 1.635421E+00 1.128023E-23
2.557471E+00 1.635445E+00 9.533096E-24
2.556194E+00 1.635468E+00 8.053919E-24
2.554917E+00 1.635492E+00 6.802024E-24
2.553642E+00 1.635516E+00 5.742842E-24
2.552369E+00 1.635540E+00 4.847010E-24
2.551097E+00 1.635563E+00 4.089589E-24
2.549826E+00 1.635587E+00 3.449408E-24
2.548556E+00 1.635611E+00 2.908500E-24
2.547287E+00 1.635634E+00 2.451625E-24
2.546020E+00 1.635658E+00 2.065855E-24
2.544754E+00 1.635681E+00 1.740232E-24
2.543489E+00 1.635705E+00 1.465471E-24
2.542226E+00 1.635728E+00 1.233702E-24
2.540964E+00 1.635752E+00 1.038264E-24
2.539703E+00 1.635775E+00 8.735164E-25
2.538442E+00 1.635798E+00 7.346847E-25
2.537184E+00 1.635822E+00 6.177305E-25
2.535926E+00 1.635845E+00 5.192385E-25
2.534670E+00 1.635868E+00 4.363213E-25
2.533416E+00 1.635891E+00 3.665383E-25
2.532162E+00 1.635914E+00 3.078281E-25
2.530910E+00 1.635937E+00 2.584495E-25
2.529659E+00 1.635961E+00 2.169323E-25
2.528409E+00 1.635984E+00 1.820360E-25
2.527161E+00 1.636007E+00 1.527139E-25
2.525913E+00 1.636029E+00 1.280832E-25
2.524667E+00 1.636052E+00 1.073995E-25
2.523422E+00 1.636075E+00 9.003571E-26
2.522178E+00 1.636098E+00 7.546320E-26
2.520936E+00 1.636121E+00 6.323685E-26
2.519695E+00 1.636144E+00 5.298188E-26
2.518455E+00 1.636166E+00 4.438284E-26
2.517216E+00 1.636189E+00 3.717430E-26
2.515978E+00 1.636212E+00 3.113303E-26
2.514742E+00 1.636234E+00 2.607131E-26
2.513507E+00 1.636257E+00 2.183136E-26
2.512273E+00 1.636280E+00 1.828062E-26
2.511040E+00 1.636302E+00 1.530770E-26
2.509809E+00 1.636325E+00 1.281911E-26
2.508579E+00 1.636347E+00 1.073634E-26
2.507349E+00 1.636370E+00 8.993516E-27
2.506121E+00 1.636392E+00 7.535381E-27
2.504895E+00 1.636414E+00 6.315590E-27
2.503669E+00 1.636437E+00 5.295292E-27
2.502445E+00 1.636459E+00 4.441924E-27
2.501222E+00 1.636481E+00 3.728207E-27
2.500000E+00 1.636503E+00 3.131290E-27
