5.117500E+03 2.701575E+00 6.559261E-03
2.558750E+03 2.701116E+00 1.309514E-02
1.705833E+03 2.700354E+00 1.958431E-02
1.279375E+03 2.699293E+00 2.600352E-02
1.023500E+03 2.697939E+00 3.232971E-02
8.529170E+02 2.696298E+00 3.854005E-02
7.310716E+02 2.694379E+00 4.461210E-02
6.396876E+02 2.692194E+00 5.052394E-02
5.686112E+02 2.689756E+00 5.625432E-02
5.117500E+02 2.687078E+00 6.178292E-02
4.652273E+02 2.684177E+00 6.709051E-02
4.264583E+02 2.681071E+00 7.215919E-02
3.936538E+02 2.677781E+00 7.697263E-02
3.655357E+02 2.674327E+00 8.151631E-02
3.411666E+02 2.670731E+00 8.577769E-02
3.198437E+02 2.667018E+00 8.974638E-02
3.010294E+02 2.663211E+00 9.341431E-02
2.843056E+02 2.659336E+00 9.677576E-02
2.693421E+02 2.655418E+00 9.982748E-02
2.558750E+02 2.651482E+00 1.025686E-01
2.436905E+02 2.647553E+00 1.050006E-01
2.326136E+02 2.643653E+00 1.071272E-01
2.225000E+02 2.639807E+00 1.089543E-01
2.132292E+02 2.636037E+00 1.104896E-01
2.047000E+02 2.632362E+00 1.117426E-01
1.968269E+02 2.628802E+00 1.127241E-01
1.895370E+02 2.625375E+00 1.134464E-01
1.827678E+02 2.622095E+00 1.139226E-01
1.764655E+02 2.618978E+00 1.141667E-01
1.705833E+02 2.616036E+00 1.141930E-01
1.650807E+02 2.613279E+00 1.140164E-01
1.599219E+02 2.610717E+00 1.136517E-01
1.550758E+02 2.608358E+00 1.131140E-01
1.505147E+02 2.606208E+00 1.124178E-01
1.462143E+02 2.604273E+00 1.115776E-01
1.421528E+02 2.602556E+00 1.106074E-01
1.383108E+02 2.601060E+00 1.095207E-01
1.346710E+02 2.599787E+00 1.083305E-01
1.312179E+02 2.598739E+00 1.070491E-01
1.279375E+02 2.597917E+00 1.056884E-01
1.248171E+02 2.597319E+00 1.042596E-01
1.218452E+02 2.596946E+00 1.027731E-01
1.190116E+02 2.596797E+00 1.012390E-01
1.163068E+02 2.596871E+00 9.966645E-02
1.137222E+02 2.597166E+00 9.806434E-02
1.112500E+02 2.597681E+00 9.644088E-02
1.088830E+02 2.598414E+00 9.480377E-02
1.066146E+02 2.599362E+00 9.316027E-02
1.044388E+02 2.600526E+00 9.151718E-02
1.023500E+02 2.601902E+00 8.988090E-02
1.003431E+02 2.603489E+00 8.825746E-02
9.841348E+01 2.605285E+00 8.665257E-02
9.655660E+01 2.607289E+00 8.507163E-02
9.476849E+01 2.609499E+00 8.351976E-02
9.304541E+01 2.611915E+00 8.200186E-02
9.138396E+01 2.614533E+00 8.052262E-02
8.978071E+01 2.617355E+00 7.908654E-02
8.823275E+01 2.620378E+00 7.769796E-02
8.673727E+01 2.623602E+00 7.636107E-02
8.529170E+01 2.627026E+00 7.507997E-02
8.389346E+01 2.630650E+00 7.385862E-02
8.254033E+01 2.634473E+00 7.270091E-02
8.123015E+01 2.638496E+00 7.161067E-02
7.996092E+01 2.642717E+00 7.059164E-02
7.873080E+01 2.647138E+00 6.964752E-02
7.753789E+01 2.651759E+00 6.878197E-02
7.638060E+01 2.656579E+00 6.799859E-02
7.525734E+01 2.661600E+00 6.730098E-02
7.416665E+01 2.666823E+00 6.669270E-02
7.310716E+01 2.672249E+00 6.617729E-02
7.207747E+01 2.677878E+00 6.575828E-02
7.107639E+01 2.683712E+00 6.543921E-02
7.010273E+01 2.689754E+00 6.522359E-02
6.915538E+01 2.696005E+00 6.511497E-02
6.823335E+01 2.702468E+00 6.511691E-02
6.733553E+01 2.709144E+00 6.523301E-02
6.646104E+01 2.716038E+00 6.546693E-02
6.560896E+01 2.723153E+00 6.582238E-02
6.477846E+01 2.730493E+00 6.630317E-02
6.396876E+01 2.738061E+00 6.691322E-02
6.317902E+01 2.745864E+00 6.765661E-02
6.240853E+01 2.753906E+00 6.853760E-02
6.165661E+01 2.762194E+00 6.956065E-02
6.092264E+01 2.770734E+00 7.073051E-02
6.020589E+01 2.779534E+00 7.205224E-02
5.950582E+01 2.788602E+00 7.353129E-02
5.882183E+01 2.797948E+00 7.517355E-02
5.815340E+01 2.807582E+00 7.698542E-02
5.750001E+01 2.817514E+00 7.897394E-02
5.686112E+01 2.827757E+00 8.114683E-02
5.623626E+01 2.838325E+00 8.351263E-02
5.562499E+01 2.849232E+00 8.608083E-02
5.502687E+01 2.860494E+00 8.886196E-02
5.444150E+01 2.872129E+00 9.186782E-02
5.386843E+01 2.884156E+00 9.511160E-02
5.330729E+01 2.896595E+00 9.860808E-02
5.275773E+01 2.909470E+00 1.023739E-01
5.221938E+01 2.922806E+00 1.064278E-01
5.169193E+01 2.936629E+00 1.107909E-01
5.117500E+01 2.950968E+00 1.154872E-01
5.066832E+01 2.965856E+00 1.205436E-01
5.017156E+01 2.981328E+00 1.259908E-01
4.968445E+01 2.997421E+00 1.318638E-01
4.920674E+01 3.014176E+00 1.382022E-01
4.873810E+01 3.031639E+00 1.450515E-01
4.827830E+01 3.049857E+00 1.524633E-01
4.782710E+01 3.068885E+00 1.604974E-01
4.738427E+01 3.088780E+00 1.692221E-01
4.694955E+01 3.109605E+00 1.787163E-01
4.652273E+01 3.131428E+00 1.890715E-01
4.610360E+01 3.154322E+00 2.003937E-01
4.569196E+01 3.178368E+00 2.128067E-01
4.528762E+01 3.203653E+00 2.264549E-01
4.489036E+01 3.230267E+00 2.415082E-01
4.450000E+01 3.258309E+00 2.581669E-01
4.411638E+01 3.287881E+00 2.766679E-01
4.373931E+01 3.319091E+00 2.972932E-01
4.336865E+01 3.352043E+00 3.203793E-01
4.300420E+01 3.386840E+00 3.463297E-01
4.264583E+01 3.423573E+00 3.756300E-01
4.229338E+01 3.462309E+00 4.088668E-01
4.194671E+01 3.503074E+00 4.467502E-01
4.160570E+01 3.545829E+00 4.901416E-01
4.127016E+01 3.590423E+00 5.400848E-01
4.094000E+01 3.636539E+00 5.978402E-01
4.061507E+01 3.683596E+00 6.649182E-01
4.029527E+01 3.730623E+00 7.430993E-01
3.998047E+01 3.776062E+00 8.344242E-01
3.967054E+01 3.817510E+00 9.411142E-01
3.936538E+01 3.851386E+00 1.065357E+00
3.906488E+01 3.872568E+00 1.208861E+00
3.876895E+01 3.874122E+00 1.372055E+00
3.847745E+01 3.847413E+00 1.552865E+00
3.819030E+01 3.783050E+00 1.745217E+00
3.790741E+01 3.673091E+00 1.937904E+00
3.762867E+01 3.514344E+00 2.114991E+00
3.735402E+01 3.311388E+00 2.258767E+00
3.708334E+01 3.077062E+00 2.354671E+00
3.681655E+01 2.829337E+00 2.395618E+00
3.655357E+01 2.586197E+00 2.383111E+00
3.629432E+01 2.361536E+00 2.324980E+00
3.603874E+01 2.163690E+00 2.231790E+00
3.578672E+01 1.996182E+00 2.113954E+00
3.553819E+01 1.859327E+00 1.980255E+00
3.529310E+01 1.751743E+00 1.837517E+00
3.505136E+01 1.671386E+00 1.690888E+00
3.481293E+01 1.616093E+00 1.544345E+00
3.457770E+01 1.583747E+00 1.401161E+00
3.434564E+01 1.572183E+00 1.264229E+00
3.411666E+01 1.578981E+00 1.136149E+00
3.389072E+01 1.601311E+00 1.019097E+00
3.366777E+01 1.635975E+00 9.145556E-01
3.344771E+01 1.679672E+00 8.231286E-01
3.323052E+01 1.729349E+00 7.445577E-01
3.301613E+01 1.782482E+00 6.779387E-01
3.280449E+01 1.837171E+00 6.220117E-01
3.259554E+01 1.892104E+00 5.754117E-01
3.238924E+01 1.946444E+00 5.368326E-01
3.218553E+01 1.999704E+00 5.051104E-01
3.198437E+01 2.051640E+00 4.792510E-01
3.178572E+01 2.102164E+00 4.584281E-01
3.158951E+01 2.151293E+00 4.419668E-01
3.139571E+01 2.199103E+00 4.293228E-01
3.120427E+01 2.245708E+00 4.200624E-01
3.101515E+01 2.291240E+00 4.138441E-01
3.082832E+01 2.335838E+00 4.104039E-01
3.064371E+01 2.379645E+00 4.095436E-01
3.046131E+01 2.422799E+00 4.111207E-01
3.028106E+01 2.465434E+00 4.150416E-01
3.010294E+01 2.507676E+00 4.212564E-01
2.992690E+01 2.549641E+00 4.297551E-01
2.975291E+01 2.591437E+00 4.405650E-01
2.958092E+01 2.633161E+00 4.537499E-01
2.941092E+01 2.674894E+00 4.694096E-01
2.924286E+01 2.716704E+00 4.876807E-01
2.907671E+01 2.758640E+00 5.087380E-01
2.891243E+01 2.800726E+00 5.327965E-01
2.875000E+01 2.842959E+00 5.601143E-01
2.858938E+01 2.885297E+00 5.909952E-01
2.843056E+01 2.927654E+00 6.257915E-01
2.827348E+01 2.969880E+00 6.649065E-01
2.811813E+01 3.011748E+00 7.087949E-01
2.796448E+01 3.052933E+00 7.579615E-01
2.781250E+01 3.092983E+00 8.129546E-01
2.766217E+01 3.131288E+00 8.743521E-01
2.751344E+01 3.167040E+00 9.427376E-01
2.736631E+01 3.199196E+00 1.018660E+00
2.722074E+01 3.226432E+00 1.102572E+00
2.707672E+01 3.247119E+00 1.194740E+00
2.693421E+01 3.259305E+00 1.295123E+00
2.679319E+01 3.260755E+00 1.403223E+00
2.665365E+01 3.249047E+00 1.517911E+00
2.651554E+01 3.221758E+00 1.637268E+00
2.637886E+01 3.176760E+00 1.758486E+00
2.624359E+01 3.112587E+00 1.877889E+00
2.610969E+01 3.028827E+00 1.991142E+00
2.597716E+01 2.926424E+00 2.093663E+00
2.584596E+01 2.807765E+00 2.181169E+00
2.571608E+01 2.676498E+00 2.250254E+00
2.558750E+01 2.537088E+00 2.298810E+00
2.546020E+01 2.394243E+00 2.326189E+00
2.533416E+01 2.252358E+00 2.333088E+00
2.520936E+01 2.115119E+00 2.321233E+00
2.508579E+01 1.985314E+00 2.292974E+00
2.496342E+01 1.864825E+00 2.250912E+00
2.484223E+01 1.754741E+00 2.197609E+00
2.472222E+01 1.655539E+00 2.135403E+00
2.460336E+01 1.567260E+00 2.066317E+00
2.448565E+01 1.489670E+00 1.992042E+00
2.436905E+01 1.422390E+00 1.913947E+00
2.425355E+01 1.364989E+00 1.833131E+00
2.413915E+01 1.317050E+00 1.750473E+00
2.402582E+01 1.278211E+00 1.666690E+00
2.391355E+01 1.248188E+00 1.582393E+00
2.380233E+01 1.226782E+00 1.498145E+00
2.369213E+01 1.213873E+00 1.414514E+00
2.358295E+01 1.209388E+00 1.332113E+00
2.347477E+01 1.213267E+00 1.251644E+00
2.336758E+01 1.225396E+00 1.173913E+00
2.326136E+01 1.245549E+00 1.099813E+00
2.315611E+01 1.273323E+00 1.030286E+00
2.305180E+01 1.308108E+00 9.662356E-01
2.294843E+01 1.349105E+00 9.084466E-01
2.284598E+01 1.395382E+00 8.575088E-01
2.274444E+01 1.445965E+00 8.137892E-01
2.264380E+01 1.499922E+00 7.774492E-01
2.254405E+01 1.556429E+00 7.484974E-01
2.244518E+01 1.614798E+00 7.268575E-01
2.234716E+01 1.674473E+00 7.124343E-01
2.225000E+01 1.735012E+00 7.051681E-01
2.215368E+01 1.796045E+00 7.050743E-01
2.205819E+01 1.857237E+00 7.122710E-01
2.196352E+01 1.918233E+00 7.269951E-01
2.186966E+01 1.978614E+00 7.496094E-01
2.177660E+01 2.037828E+00 7.805982E-01
2.168432E+01 2.095124E+00 8.205493E-01
2.159282E+01 2.149474E+00 8.701135E-01
2.150210E+01 2.199482E+00 9.299292E-01
2.141213E+01 2.243304E+00 1.000499E+00
2.132292E+01 2.278588E+00 1.082000E+00
2.123444E+01 2.302486E+00 1.174024E+00
2.114669E+01 2.311790E+00 1.275257E+00
2.105967E+01 2.303260E+00 1.383177E+00
2.097336E+01 2.274175E+00 1.493878E+00
2.088775E+01 2.223032E+00 1.602197E+00
2.080284E+01 2.150200E+00 1.702267E+00
2.071863E+01 2.058228E+00 1.788438E+00
2.063508E+01 1.951585E+00 1.856297E+00
2.055221E+01 1.835880E+00 1.903399E+00
2.047000E+01 1.716835E+00 1.929446E+00
2.038844E+01 1.599419E+00 1.935926E+00
2.030754E+01 1.487362E+00 1.925465E+00
2.022727E+01 1.383059E+00 1.901161E+00
2.014764E+01 1.287753E+00 1.866074E+00
2.006863E+01 1.201824E+00 1.822935E+00
1.999023E+01 1.125076E+00 1.774013E+00
1.991245E+01 1.056979E+00 1.721109E+00
1.983527E+01 9.968355E-01 1.665600E+00
1.975869E+01 9.439003E-01 1.608508E+00
1.968269E+01 8.974426E-01 1.550577E+00
1.960728E+01 8.567865E-01 1.492333E+00
1.953244E+01 8.213282E-01 1.434139E+00
1.945818E+01 7.905420E-01 1.376237E+00
1.938447E+01 7.639798E-01 1.318784E+00
1.931132E+01 7.412671E-01 1.261873E+00
1.923872E+01 7.220974E-01 1.205557E+00
1.916667E+01 7.062266E-01 1.149862E+00
1.909515E+01 6.934669E-01 1.094800E+00
1.902416E+01 6.836815E-01 1.040381E+00
1.895370E+01 6.767787E-01 9.866233E-01
1.888377E+01 6.727056E-01 9.335604E-01
1.881434E+01 6.714403E-01 8.812535E-01
1.874542E+01 6.729822E-01 8.297984E-01
1.867701E+01 6.773385E-01 7.793337E-01
1.860909E+01 6.845078E-01 7.300446E-01
1.854167E+01 6.944598E-01 6.821621E-01
1.847473E+01 7.071148E-01 6.359535E-01
1.840827E+01 7.223257E-01 5.917033E-01
1.834229E+01 7.398687E-01 5.496865E-01
1.827678E+01 7.594470E-01 5.101379E-01
1.821175E+01 7.807079E-01 4.732257E-01
1.814716E+01 8.032701E-01 4.390353E-01
1.808304E+01 8.267539E-01 4.075667E-01
1.801937E+01 8.508073E-01 3.787447E-01
1.795614E+01 8.751238E-01 3.524364E-01
1.789336E+01 8.994503E-01 3.284713E-01
1.783101E+01 9.235880E-01 3.066593E-01
1.776910E+01 9.473870E-01 2.868053E-01
1.770761E+01 9.707398E-01 2.687190E-01
1.764655E+01 9.935730E-01 2.522214E-01
1.758591E+01 1.015840E+00 2.371478E-01
1.752569E+01 1.037516E+00 2.233491E-01
1.746587E+01 1.058589E+00 2.106920E-01
1.740646E+01 1.079061E+00 1.990579E-01
1.734746E+01 1.098940E+00 1.883422E-01
1.728885E+01 1.118240E+00 1.784520E-01
1.723064E+01 1.136979E+00 1.693059E-01
1.717282E+01 1.155177E+00 1.608317E-01
1.711538E+01 1.172856E+00 1.529659E-01
1.705833E+01 1.190038E+00 1.456524E-01
1.700166E+01 1.206745E+00 1.388413E-01
1.694536E+01 1.222999E+00 1.324885E-01
1.688944E+01 1.238821E+00 1.265548E-01
1.683388E+01 1.254234E+00 1.210052E-01
1.677869E+01 1.269256E+00 1.158085E-01
1.672386E+01 1.283908E+00 1.109367E-01
1.666938E+01 1.298207E+00 1.063648E-01
1.661526E+01 1.312172E+00 1.020703E-01
1.656149E+01 1.325819E+00 9.803273E-02
1.650807E+01 1.339165E+00 9.423387E-02
1.645498E+01 1.352224E+00 9.065710E-02
1.640224E+01 1.365011E+00 8.728738E-02
1.634984E+01 1.377541E+00 8.411105E-02
1.629777E+01 1.389825E+00 8.111567E-02
1.624603E+01 1.401877E+00 7.828992E-02
1.619462E+01 1.413708E+00 7.562343E-02
1.614353E+01 1.425330E+00 7.310675E-02
1.609277E+01 1.436753E+00 7.073120E-02
1.604232E+01 1.447988E+00 6.848884E-02
1.599219E+01 1.459045E+00 6.637236E-02
1.594237E+01 1.469932E+00 6.437504E-02
1.589286E+01 1.480659E+00 6.249070E-02
1.584365E+01 1.491235E+00 6.071364E-02
1.579475E+01 1.501667E+00 5.903860E-02
1.574615E+01 1.511964E+00 5.746074E-02
1.569785E+01 1.522134E+00 5.597556E-02
1.564985E+01 1.532182E+00 5.457894E-02
1.560213E+01 1.542118E+00 5.326702E-02
1.555471E+01 1.551947E+00 5.203627E-02
1.550758E+01 1.561676E+00 5.088341E-02
1.546072E+01 1.571311E+00 4.980540E-02
1.541416E+01 1.580859E+00 4.879944E-02
1.536787E+01 1.590326E+00 4.786294E-02
1.532186E+01 1.599717E+00 4.699349E-02
1.527612E+01 1.609039E+00 4.618890E-02
1.523065E+01 1.618296E+00 4.544712E-02
1.518546E+01 1.627495E+00 4.476628E-02
1.514053E+01 1.636641E+00 4.414467E-02
1.509587E+01 1.645739E+00 4.358071E-02
1.505147E+01 1.654795E+00 4.307297E-02
1.500733E+01 1.663812E+00 4.262015E-02
1.496345E+01 1.672798E+00 4.222108E-02
1.491983E+01 1.681756E+00 4.187470E-02
1.487645E+01 1.690692E+00 4.158009E-02
1.483333E+01 1.699610E+00 4.133641E-02
1.479046E+01 1.708516E+00 4.114298E-02
1.474784E+01 1.717414E+00 4.099918E-02
1.470546E+01 1.726309E+00 4.090452E-02
1.466332E+01 1.735207E+00 4.085861E-02
1.462143E+01 1.744113E+00 4.086118E-02
1.457977E+01 1.753030E+00 4.091203E-02
1.453835E+01 1.761965E+00 4.101110E-02
1.449717E+01 1.770923E+00 4.115841E-02
1.445622E+01 1.779908E+00 4.135409E-02
1.441549E+01 1.788925E+00 4.159838E-02
1.437500E+01 1.797981E+00 4.189163E-02
1.433473E+01 1.807081E+00 4.223430E-02
1.429469E+01 1.816229E+00 4.262696E-02
1.425487E+01 1.825432E+00 4.307030E-02
1.421528E+01 1.834695E+00 4.356514E-02
1.417590E+01 1.844025E+00 4.411242E-02
1.413674E+01 1.853427E+00 4.471320E-02
1.409780E+01 1.862907E+00 4.536871E-02
1.405907E+01 1.872472E+00 4.608030E-02
1.402055E+01 1.882128E+00 4.684947E-02
1.398224E+01 1.891883E+00 4.767792E-02
1.394414E+01 1.901742E+00 4.856747E-02
1.390625E+01 1.911714E+00 4.952017E-02
1.386856E+01 1.921806E+00 5.053823E-02
1.383108E+01 1.932026E+00 5.162410E-02
1.379380E+01 1.942382E+00 5.278043E-02
1.375672E+01 1.952882E+00 5.401012E-02
1.371984E+01 1.963536E+00 5.531633E-02
1.368316E+01 1.974351E+00 5.670249E-02
1.364667E+01 1.985339E+00 5.817236E-02
1.361037E+01 1.996510E+00 5.972999E-02
1.357427E+01 2.007873E+00 6.137980E-02
1.353836E+01 2.019439E+00 6.312661E-02
1.350264E+01 2.031222E+00 6.497565E-02
1.346710E+01 2.043232E+00 6.693259E-02
1.343176E+01 2.055483E+00 6.900364E-02
1.339660E+01 2.067988E+00 7.119553E-02
1.336162E+01 2.080762E+00 7.351560E-02
1.332682E+01 2.093820E+00 7.597188E-02
1.329221E+01 2.107178E+00 7.857309E-02
1.325777E+01 2.120853E+00 8.132879E-02
1.322351E+01 2.134864E+00 8.424942E-02
1.318943E+01 2.149228E+00 8.734643E-02
1.315553E+01 2.163967E+00 9.063234E-02
1.312179E+01 2.179103E+00 9.412093E-02
1.308824E+01 2.194659E+00 9.782732E-02
1.305485E+01 2.210658E+00 1.017682E-01
1.302163E+01 2.227128E+00 1.059619E-01
1.298858E+01 2.244097E+00 1.104287E-01
1.295570E+01 2.261595E+00 1.151911E-01
1.292298E+01 2.279654E+00 1.202740E-01
1.289043E+01 2.298308E+00 1.257050E-01
1.285804E+01 2.317595E+00 1.315149E-01
1.282581E+01 2.337554E+00 1.377381E-01
1.279375E+01 2.358229E+00 1.444129E-01
1.276185E+01 2.379666E+00 1.515823E-01
1.273010E+01 2.401913E+00 1.592947E-01
1.269851E+01 2.425024E+00 1.676044E-01
1.266708E+01 2.449057E+00 1.765730E-01
1.263580E+01 2.474074E+00 1.862699E-01
1.260468E+01 2.500141E+00 1.967741E-01
1.257371E+01 2.527331E+00 2.081756E-01
1.254289E+01 2.555719E+00 2.205771E-01
1.251222E+01 2.585390E+00 2.340965E-01
1.248171E+01 2.616431E+00 2.488691E-01
1.245134E+01 2.648938E+00 2.650511E-01
1.242112E+01 2.683009E+00 2.828234E-01
1.239104E+01 2.718751E+00 3.023960E-01
1.236111E+01 2.756274E+00 3.240140E-01
1.233133E+01 2.795689E+00 3.479637E-01
1.230168E+01 2.837109E+00 3.745818E-01
1.227218E+01 2.880643E+00 4.042642E-01
1.224282E+01 2.926390E+00 4.374791E-01
1.221360E+01 2.974427E+00 4.747808E-01
1.218452E+01 3.024801E+00 5.168269E-01
1.215558E+01 3.077504E+00 5.643984E-01
1.212678E+01 3.132447E+00 6.184222E-01
1.209811E+01 3.189413E+00 6.799948E-01
1.206957E+01 3.248004E+00 7.504054E-01
1.204118E+01 3.307550E+00 8.311529E-01
1.201291E+01 3.366994E+00 9.239455E-01
1.198478E+01 3.424733E+00 1.030668E+00
1.195678E+01 3.478421E+00 1.153283E+00
1.192890E+01 3.524733E+00 1.293629E+00
1.190116E+01 3.559142E+00 1.453050E+00
1.187355E+01 3.575798E+00 1.631800E+00
1.184606E+01 3.567686E+00 1.828219E+00
1.181871E+01 3.527304E+00 2.037793E+00
1.179148E+01 3.448050E+00 2.252465E+00
1.176437E+01 3.326230E+00 2.460796E+00
1.173739E+01 3.163026E+00 2.649481E+00
1.171053E+01 2.965329E+00 2.806139E+00
1.168379E+01 2.744644E+00 2.922275E+00
1.165718E+01 2.514374E+00 2.994985E+00
1.163068E+01 2.286826E+00 3.026686E+00
1.160431E+01 2.071236E+00 3.023379E+00
1.157805E+01 1.873210E+00 2.992561E+00
1.155192E+01 1.695217E+00 2.941602E+00
1.152590E+01 1.537498E+00 2.876849E+00
1.150000E+01 1.398950E+00 2.803330E+00
1.147422E+01 1.277803E+00 2.724804E+00
1.144855E+01 1.172054E+00 2.643962E+00
1.142299E+01 1.079730E+00 2.562667E+00
1.139755E+01 9.990061E-01 2.482168E+00
1.137222E+01 9.282660E-01 2.403268E+00
1.134701E+01 8.661069E-01 2.326461E+00
1.132190E+01 8.113290E-01 2.252022E+00
1.129691E+01 7.629138E-01 2.180083E+00
1.127203E+01 7.200007E-01 2.110673E+00
1.124725E+01 6.818632E-01 2.043761E+00
1.122259E+01 6.478881E-01 1.979272E+00
1.119803E+01 6.175571E-01 1.917106E+00
1.117358E+01 5.904317E-01 1.857152E+00
1.114924E+01 5.661394E-01 1.799288E+00
1.112500E+01 5.443636E-01 1.743395E+00
1.110087E+01 5.248341E-01 1.689352E+00
1.107684E+01 5.073199E-01 1.637046E+00
1.105292E+01 4.916230E-01 1.586364E+00
1.102910E+01 4.775735E-01 1.537203E+00
1.100538E+01 4.650252E-01 1.489464E+00
1.098176E+01 4.538520E-01 1.443054E+00
1.095824E+01 4.439455E-01 1.397888E+00
1.093483E+01 4.352123E-01 1.353884E+00
1.091151E+01 4.275721E-01 1.310967E+00
1.088830E+01 4.209560E-01 1.269069E+00
1.086518E+01 4.153052E-01 1.228124E+00
1.084216E+01 4.105700E-01 1.188072E+00
1.081924E+01 4.067085E-01 1.148859E+00
1.079641E+01 4.036865E-01 1.110434E+00
1.077368E+01 4.014763E-01 1.072750E+00
1.075105E+01 4.000562E-01 1.035765E+00
1.072851E+01 3.994105E-01 9.994416E-01
1.070607E+01 3.995289E-01 9.637467E-01
1.068372E+01 4.004061E-01 9.286515E-01
1.066146E+01 4.020415E-01 8.941323E-01
1.063929E+01 4.044391E-01 8.601710E-01
1.061722E+01 4.076067E-01 8.267553E-01
1.059524E+01 4.115557E-01 7.938798E-01
1.057335E+01 4.163000E-01 7.615463E-01
1.055155E+01 4.218551E-01 7.297650E-01
1.052983E+01 4.282368E-01 6.985553E-01
1.050821E+01 4.354594E-01 6.679457E-01
1.048668E+01 4.435333E-01 6.379753E-01
1.046524E+01 4.524628E-01 6.086922E-01
1.044388E+01 4.622430E-01 5.801535E-01
1.042261E+01 4.728573E-01 5.524232E-01
1.040142E+01 4.842749E-01 5.255686E-01
1.038032E+01 4.964493E-01 4.996574E-01
1.035931E+01 5.093180E-01 4.747526E-01
1.033838E+01 5.228041E-01 4.509082E-01
1.031754E+01 5.368185E-01 4.281652E-01
1.029678E+01 5.512646E-01 4.065486E-01
1.027610E+01 5.660422E-01 3.860662E-01
1.025551E+01 5.810528E-01 3.667088E-01
1.023500E+01 5.962033E-01 3.484519E-01
1.021457E+01 6.114092E-01 3.312584E-01
1.019422E+01 6.265966E-01 3.150815E-01
1.017396E+01 6.417028E-01 2.998682E-01
1.015377E+01 6.566764E-01 2.855620E-01
1.013366E+01 6.714766E-01 2.721053E-01
1.011364E+01 6.860720E-01 2.594414E-01
1.009369E+01 7.004391E-01 2.475157E-01
1.007382E+01 7.145615E-01 2.362767E-01
1.005403E+01 7.284280E-01 2.256763E-01
1.003431E+01 7.420318E-01 2.156704E-01
1.001468E+01 7.553694E-01 2.062182E-01
9.995112E+00 7.684399E-01 1.972829E-01
9.975630E+00 7.812443E-01 1.888308E-01
9.956222E+00 7.937848E-01 1.808314E-01
9.936891E+00 8.060644E-01 1.732568E-01
9.917634E+00 8.180869E-01 1.660817E-01
9.898452E+00 8.298563E-01 1.592828E-01
9.879344E+00 8.413767E-01 1.528390E-01
9.860309E+00 8.526525E-01 1.467306E-01
9.841348E+00 8.636878E-01 1.409395E-01
9.822459E+00 8.744868E-01 1.354486E-01
9.803643E+00 8.850536E-01 1.302422E-01
9.784899E+00 8.953921E-01 1.253055E-01
9.766226E+00 9.055064E-01 1.206242E-01
9.747615E+00 9.154001E-01 1.161853E-01
9.729084E+00 9.250772E-01 1.119760E-01
9.710623E+00 9.345413E-01 1.079844E-01
9.692233E+00 9.437962E-01 1.041989E-01
9.673912E+00 9.528456E-01 1.006086E-01
9.655660E+00 9.616933E-01 9.720299E-02
9.637477E+00 9.703430E-01 9.397207E-02
9.619362E+00 9.787987E-01 9.090623E-02
9.601315E+00 9.870641E-01 8.799629E-02
9.583336E+00 9.951431E-01 8.523349E-02
9.565424E+00 1.003040E+00 8.260946E-02
9.547578E+00 1.010758E+00 8.011621E-02
9.529800E+00 1.018302E+00 7.774614E-02
9.512078E+00 1.025676E+00 7.549202E-02
9.494431E+00 1.032883E+00 7.334697E-02
9.476849E+00 1.039928E+00 7.130450E-02
9.459333E+00 1.046816E+00 6.935844E-02
9.441881E+00 1.053549E+00 6.750297E-02
9.424493E+00 1.060133E+00 6.573258E-02
9.407170E+00 1.066571E+00 6.404211E-02
9.389909E+00 1.072867E+00 6.242668E-02
9.372712E+00 1.079025E+00 6.088172E-02
9.355578E+00 1.085050E+00 5.940294E-02
9.338507E+00 1.090945E+00 5.798633E-02
9.321498E+00 1.096714E+00 5.662812E-02
9.304541E+00 1.102360E+00 5.532480E-02
9.287655E+00 1.107888E+00 5.407310E-02
9.270831E+00 1.113300E+00 5.286996E-02
9.254067E+00 1.118601E+00 5.171253E-02
9.237363E+00 1.123794E+00 5.059817E-02
9.220720E+00 1.128881E+00 4.952440E-02
9.204137E+00 1.133867E+00 4.848893E-02
9.187613E+00 1.138754E+00 4.748963E-02
9.171148E+00 1.143545E+00 4.652453E-02
9.154743E+00 1.148244E+00 4.559177E-02
9.138396E+00 1.152853E+00 4.468964E-02
9.122107E+00 1.157374E+00 4.381656E-02
9.105876E+00 1.161810E+00 4.297105E-02
9.089694E+00 1.166165E+00 4.215172E-02
9.073579E+00 1.170440E+00 4.135731E-02
9.057520E+00 1.174637E+00 4.058660E-02
9.041518E+00 1.178759E+00 3.983850E-02
9.025572E+00 1.182809E+00 3.911196E-02
9.009683E+00 1.186787E+00 3.840601E-02
8.993849E+00 1.190696E+00 3.771975E-02
8.978071E+00 1.194539E+00 3.705233E-02
8.962348E+00 1.198316E+00 3.640296E-02
8.946680E+00 1.202030E+00 3.577088E-02
8.931067E+00 1.205683E+00 3.515539E-02
8.915509E+00 1.209275E+00 3.455585E-02
8.899996E+00 1.212809E+00 3.397162E-02
8.884545E+00 1.216287E+00 3.340212E-02
8.869148E+00 1.219709E+00 3.284680E-02
8.853804E+00 1.223077E+00 3.230513E-02
8.838513E+00 1.226393E+00 3.177662E-02
8.823275E+00 1.229657E+00 3.126079E-02
8.808089E+00 1.232871E+00 3.075721E-02
8.792956E+00 1.236037E+00 3.026545E-02
8.777874E+00 1.239155E+00 2.978510E-02
8.762844E+00 1.242227E+00 2.931578E-02
8.747866E+00 1.245253E+00 2.885713E-02
8.732938E+00 1.248236E+00 2.840880E-02
8.718061E+00 1.251175E+00 2.797046E-02
8.703228E+00 1.254072E+00 2.754178E-02
8.688452E+00 1.256927E+00 2.712246E-02
8.673727E+00 1.259743E+00 2.671221E-02
8.659051E+00 1.262519E+00 2.631075E-02
8.644425E+00 1.265256E+00 2.591781E-02
8.629848E+00 1.267956E+00 2.553314E-02
8.615320E+00 1.270619E+00 2.515649E-02
8.600841E+00 1.273246E+00 2.478762E-02
8.586411E+00 1.275838E+00 2.442631E-02
8.572029E+00 1.278395E+00 2.407234E-02
8.557695E+00 1.280919E+00 2.372549E-02
8.543409E+00 1.283409E+00 2.338557E-02
8.529170E+00 1.285867E+00 2.305238E-02
8.514972E+00 1.288293E+00 2.272573E-02
8.500828E+00 1.290689E+00 2.240544E-02
8.486731E+00 1.293054E+00 2.209135E-02
8.472681E+00 1.295389E+00 2.178327E-02
8.458677E+00 1.297694E+00 2.148105E-02
8.444719E+00 1.299971E+00 2.118453E-02
8.430808E+00 1.302220E+00 2.089357E-02
8.416942E+00 1.304442E+00 2.060801E-02
8.403121E+00 1.306636E+00 2.032771E-02
8.389346E+00 1.308804E+00 2.005255E-02
8.375616E+00 1.310946E+00 1.978238E-02
8.361931E+00 1.313062E+00 1.951709E-02
8.348284E+00 1.315153E+00 1.925654E-02
8.334688E+00 1.317220E+00 1.900062E-02
8.321136E+00 1.319263E+00 1.874922E-02
8.307628E+00 1.321282E+00 1.850223E-02
8.294164E+00 1.323278E+00 1.825953E-02
8.280744E+00 1.325250E+00 1.802103E-02
8.267367E+00 1.327201E+00 1.778661E-02
8.254033E+00 1.329129E+00 1.755619E-02
8.240742E+00 1.331036E+00 1.732968E-02
8.227493E+00 1.332922E+00 1.710697E-02
8.214288E+00 1.334787E+00 1.688798E-02
8.201124E+00 1.336631E+00 1.667262E-02
8.188003E+00 1.338455E+00 1.646081E-02
8.174917E+00 1.340259E+00 1.625248E-02
8.161879E+00 1.342044E+00 1.604753E-02
8.148883E+00 1.343809E+00 1.584589E-02
8.135929E+00 1.345556E+00 1.564750E-02
8.123015E+00 1.347284E+00 1.545227E-02
8.110142E+00 1.348994E+00 1.526014E-02
8.097310E+00 1.350687E+00 1.507105E-02
8.084519E+00 1.352361E+00 1.488491E-02
8.071768E+00 1.354018E+00 1.470168E-02
8.059057E+00 1.355659E+00 1.452129E-02
8.046386E+00 1.357282E+00 1.434367E-02
8.033755E+00 1.358889E+00 1.416877E-02
8.021163E+00 1.360480E+00 1.399654E-02
8.008604E+00 1.362054E+00 1.382691E-02
7.996092E+00 1.363613E+00 1.365983E-02
7.983618E+00 1.365157E+00 1.349525E-02
7.971183E+00 1.366685E+00 1.333313E-02
7.958786E+00 1.368198E+00 1.317340E-02
7.946428E+00 1.369697E+00 1.301602E-02
7.934109E+00 1.371180E+00 1.286095E-02
7.921827E+00 1.372650E+00 1.270814E-02
7.909584E+00 1.374105E+00 1.255753E-02
7.897378E+00 1.375547E+00 1.240910E-02
7.885210E+00 1.376975E+00 1.226280E-02
7.873080E+00 1.378389E+00 1.211858E-02
7.860980E+00 1.379790E+00 1.197641E-02
7.848924E+00 1.381178E+00 1.183625E-02
7.836905E+00 1.382553E+00 1.169805E-02
7.824922E+00 1.383916E+00 1.156179E-02
7.812976E+00 1.385265E+00 1.142743E-02
7.801067E+00 1.386603E+00 1.129492E-02
7.789193E+00 1.387928E+00 1.116425E-02
7.777356E+00 1.389241E+00 1.103536E-02
7.765555E+00 1.390543E+00 1.090824E-02
7.753789E+00 1.391833E+00 1.078285E-02
7.742059E+00 1.393111E+00 1.065915E-02
7.730365E+00 1.394378E+00 1.053713E-02
7.718706E+00 1.395634E+00 1.041674E-02
7.707076E+00 1.396878E+00 1.029796E-02
7.695487E+00 1.398112E+00 1.018076E-02
7.683932E+00 1.399336E+00 1.006512E-02
7.672413E+00 1.400548E+00 9.951013E-03
7.660927E+00 1.401750E+00 9.838405E-03
7.649477E+00 1.402942E+00 9.727275E-03
7.638060E+00 1.404124E+00 9.617598E-03
7.626677E+00 1.405296E+00 9.509351E-03
7.615328E+00 1.406457E+00 9.402510E-03
7.604013E+00 1.407610E+00 9.297053E-03
7.592732E+00 1.408752E+00 9.192958E-03
7.581484E+00 1.409885E+00 9.090203E-03
7.570269E+00 1.411009E+00 8.988767E-03
7.559082E+00 1.412123E+00 8.888631E-03
7.547933E+00 1.413228E+00 8.789773E-03
7.536817E+00 1.414325E+00 8.692176E-03
7.525734E+00 1.415412E+00 8.595820E-03
7.514684E+00 1.416490E+00 8.500687E-03
7.503666E+00 1.417560E+00 8.406760E-03
7.492680E+00 1.418622E+00 8.314021E-03
7.481726E+00 1.419675E+00 8.222453E-03
7.470804E+00 1.420719E+00 8.132040E-03
7.459914E+00 1.421756E+00 8.042767E-03
7.449056E+00 1.422784E+00 7.954618E-03
7.438229E+00 1.423804E+00 7.867578E-03
7.427428E+00 1.424817E+00 7.781633E-03
7.416665E+00 1.425821E+00 7.696769E-03
7.405932E+00 1.426818E+00 7.612973E-03
7.395230E+00 1.427807E+00 7.530231E-03
7.384559E+00 1.428789E+00 7.448530E-03
7.373919E+00 1.429763E+00 7.367858E-03
7.363309E+00 1.430730E+00 7.288205E-03
7.352730E+00 1.431689E+00 7.209557E-03
7.342182E+00 1.432642E+00 7.131904E-03
7.331663E+00 1.433587E+00 7.055236E-03
7.321175E+00 1.434525E+00 6.979542E-03
7.310716E+00 1.435457E+00 6.904812E-03
7.300288E+00 1.436381E+00 6.831037E-03
7.289884E+00 1.437299E+00 6.758208E-03
7.279514E+00 1.438210E+00 6.686316E-03
7.269175E+00 1.439115E+00 6.615353E-03
7.258864E+00 1.440013E+00 6.545310E-03
7.248583E+00 1.440904E+00 6.476180E-03
7.238331E+00 1.441789E+00 6.407956E-03
7.228108E+00 1.442668E+00 6.340631E-03
7.217913E+00 1.443541E+00 6.274198E-03
7.207747E+00 1.444408E+00 6.208652E-03
7.197610E+00 1.445268E+00 6.143985E-03
7.187502E+00 1.446123E+00 6.080193E-03
7.177422E+00 1.446971E+00 6.017270E-03
7.167364E+00 1.447814E+00 5.955211E-03
7.157341E+00 1.448651E+00 5.894013E-03
7.147345E+00 1.449482E+00 5.833669E-03
7.137377E+00 1.450307E+00 5.774177E-03
7.127436E+00 1.451127E+00 5.715533E-03
7.117524E+00 1.451941E+00 5.657733E-03
7.107639E+00 1.452750E+00 5.600774E-03
7.097781E+00 1.453553E+00 5.544653E-03
7.087951E+00 1.454351E+00 5.489368E-03
7.078148E+00 1.455144E+00 5.434917E-03
7.068372E+00 1.455931E+00 5.381297E-03
7.058623E+00 1.456713E+00 5.328506E-03
7.048900E+00 1.457490E+00 5.276544E-03
7.039200E+00 1.458262E+00 5.225408E-03
7.029531E+00 1.459029E+00 5.175099E-03
7.019889E+00 1.459791E+00 5.125614E-03
7.010273E+00 1.460548E+00 5.076953E-03
7.000683E+00 1.461300E+00 5.029117E-03
6.991120E+00 1.462047E+00 4.982104E-03
6.981583E+00 1.462789E+00 4.935914E-03
6.972071E+00 1.463527E+00 4.890549E-03
6.962586E+00 1.464260E+00 4.846008E-03
6.953126E+00 1.464988E+00 4.802291E-03
6.943692E+00 1.465712E+00 4.759399E-03
6.934284E+00 1.466431E+00 4.717334E-03
6.924901E+00 1.467145E+00 4.676096E-03
6.915538E+00 1.467855E+00 4.635686E-03
6.906206E+00 1.468561E+00 4.596104E-03
6.896899E+00 1.469262E+00 4.557354E-03
6.887617E+00 1.469958E+00 4.519435E-03
6.878360E+00 1.470651E+00 4.482349E-03
6.869127E+00 1.471339E+00 4.446098E-03
6.859920E+00 1.472023E+00 4.410683E-03
6.850737E+00 1.472702E+00 4.376105E-03
6.841578E+00 1.473378E+00 4.342366E-03
6.832445E+00 1.474049E+00 4.309469E-03
6.823335E+00 1.474716E+00 4.277413E-03
6.814250E+00 1.475379E+00 4.246201E-03
6.805184E+00 1.476038E+00 4.215834E-03
6.796147E+00 1.476693E+00 4.186314E-03
6.787134E+00 1.477344E+00 4.157642E-03
6.778145E+00 1.477991E+00 4.129819E-03
6.769179E+00 1.478634E+00 4.102847E-03
6.760237E+00 1.479273E+00 4.076726E-03
6.751319E+00 1.479908E+00 4.051457E-03
6.742425E+00 1.480539E+00 4.027042E-03
6.733553E+00 1.481167E+00 4.003481E-03
6.724705E+00 1.481790E+00 3.980774E-03
6.715881E+00 1.482410E+00 3.958921E-03
6.707079E+00 1.483026E+00 3.937924E-03
6.698301E+00 1.483638E+00 3.917781E-03
6.689540E+00 1.484247E+00 3.898492E-03
6.680808E+00 1.484851E+00 3.880057E-03
6.672098E+00 1.485452E+00 3.862474E-03
6.663410E+00 1.486050E+00 3.845743E-03
6.654746E+00 1.486643E+00 3.829862E-03
6.646104E+00 1.487233E+00 3.814829E-03
6.637484E+00 1.487820E+00 3.800643E-03
6.628886E+00 1.488403E+00 3.787300E-03
6.620311E+00 1.488982E+00 3.774799E-03
6.611758E+00 1.489557E+00 3.763135E-03
6.603227E+00 1.490129E+00 3.752306E-03
6.594718E+00 1.490698E+00 3.742308E-03
6.586231E+00 1.491263E+00 3.733135E-03
6.577762E+00 1.491824E+00 3.724785E-03
6.569318E+00 1.492382E+00 3.717251E-03
6.560896E+00 1.492936E+00 3.710528E-03
6.552496E+00 1.493487E+00 3.704610E-03
6.544117E+00 1.494035E+00 3.699490E-03
6.535760E+00 1.494579E+00 3.695163E-03
6.527424E+00 1.495119E+00 3.691619E-03
6.519109E+00 1.495656E+00 3.688853E-03
6.510815E+00 1.496190E+00 3.686854E-03
6.502542E+00 1.496720E+00 3.685615E-03
6.494291E+00 1.497246E+00 3.685126E-03
6.486060E+00 1.497770E+00 3.685377E-03
6.477846E+00 1.498290E+00 3.686359E-03
6.469657E+00 1.498806E+00 3.688059E-03
6.461489E+00 1.499319E+00 3.690468E-03
6.453341E+00 1.499829E+00 3.693573E-03
6.445213E+00 1.500335E+00 3.697361E-03
6.437107E+00 1.500838E+00 3.701820E-03
6.429020E+00 1.501338E+00 3.706937E-03
6.420954E+00 1.501834E+00 3.712697E-03
6.412908E+00 1.502327E+00 3.719086E-03
6.404882E+00 1.502816E+00 3.726090E-03
6.396876E+00 1.503302E+00 3.733692E-03
6.388890E+00 1.503785E+00 3.741877E-03
6.380925E+00 1.504265E+00 3.750629E-03
6.372975E+00 1.504741E+00 3.759930E-03
6.365048E+00 1.505214E+00 3.769762E-03
6.357142E+00 1.505684E+00 3.780109E-03
6.349255E+00 1.506150E+00 3.790952E-03
6.341387E+00 1.506613E+00 3.802271E-03
6.333539E+00 1.507073E+00 3.814047E-03
6.325711E+00 1.507530E+00 3.826261E-03
6.317902E+00 1.507983E+00 3.838892E-03
6.310112E+00 1.508433E+00 3.851919E-03
6.302341E+00 1.508880E+00 3.865322E-03
6.294589E+00 1.509324E+00 3.879079E-03
6.286857E+00 1.509764E+00 3.893168E-03
6.279143E+00 1.510201E+00 3.907567E-03
6.271444E+00 1.510635E+00 3.922252E-03
6.263769E+00 1.511066E+00 3.937202E-03
6.256111E+00 1.511494E+00 3.952393E-03
6.248473E+00 1.511919E+00 3.967800E-03
6.240853E+00 1.512340E+00 3.983400E-03
6.233252E+00 1.512758E+00 3.999169E-03
6.225669E+00 1.513173E+00 4.015083E-03
6.218105E+00 1.513585E+00 4.031115E-03
6.210559E+00 1.513994E+00 4.047242E-03
6.203031E+00 1.514400E+00 4.063439E-03
6.195522E+00 1.514803E+00 4.079679E-03
6.188031E+00 1.515203E+00 4.095937E-03
6.180554E+00 1.515600E+00 4.112187E-03
6.173099E+00 1.515993E+00 4.128404E-03
6.165661E+00 1.516384E+00 4.144561E-03
6.158242E+00 1.516772E+00 4.160633E-03
6.150841E+00 1.517156E+00 4.176593E-03
6.143457E+00 1.517538E+00 4.192415E-03
6.136091E+00 1.517917E+00 4.208074E-03
6.128743E+00 1.518293E+00 4.223542E-03
6.121412E+00 1.518666E+00 4.238794E-03
6.114099E+00 1.519037E+00 4.253803E-03
6.106803E+00 1.519404E+00 4.268544E-03
6.099525E+00 1.519769E+00 4.282991E-03
6.092264E+00 1.520131E+00 4.297118E-03
6.085016E+00 1.520490E+00 4.310900E-03
6.077790E+00 1.520846E+00 4.324311E-03
6.070580E+00 1.521200E+00 4.337326E-03
6.063388E+00 1.521550E+00 4.349920E-03
6.056213E+00 1.521899E+00 4.362068E-03
6.049054E+00 1.522244E+00 4.373747E-03
6.041913E+00 1.522587E+00 4.384932E-03
6.034788E+00 1.522928E+00 4.395600E-03
6.027680E+00 1.523266E+00 4.405727E-03
6.020589E+00 1.523601E+00 4.415290E-03
6.013515E+00 1.523934E+00 4.424268E-03
6.006457E+00 1.524264E+00 4.432638E-03
5.999412E+00 1.524592E+00 4.440378E-03
5.992387E+00 1.524918E+00 4.447469E-03
5.985379E+00 1.525241E+00 4.453889E-03
5.978387E+00 1.525562E+00 4.459619E-03
5.971411E+00 1.525881E+00 4.464639E-03
5.964452E+00 1.526197E+00 4.468931E-03
5.957509E+00 1.526511E+00 4.472477E-03
5.950582E+00 1.526823E+00 4.475260E-03
5.943671E+00 1.527133E+00 4.477264E-03
5.936776E+00 1.527440E+00 4.478472E-03
5.929897E+00 1.527746E+00 4.478870E-03
5.923034E+00 1.528049E+00 4.478443E-03
5.916187E+00 1.528351E+00 4.477178E-03
5.909352E+00 1.528650E+00 4.475062E-03
5.902536E+00 1.528948E+00 4.472083E-03
5.895736E+00 1.529244E+00 4.468232E-03
5.888952E+00 1.529538E+00 4.463497E-03
5.882183E+00 1.529830E+00 4.457869E-03
5.875430E+00 1.530120E+00 4.451341E-03
5.868693E+00 1.530409E+00 4.443905E-03
5.861971E+00 1.530696E+00 4.435555E-03
5.855264E+00 1.530981E+00 4.426286E-03
5.848572E+00 1.531264E+00 4.416093E-03
5.841896E+00 1.531546E+00 4.404973E-03
5.835235E+00 1.531827E+00 4.392923E-03
5.828589E+00 1.532106E+00 4.379943E-03
5.821955E+00 1.532384E+00 4.366032E-03
5.815340E+00 1.532660E+00 4.351191E-03
5.808739E+00 1.532935E+00 4.335421E-03
5.802154E+00 1.533208E+00 4.318726E-03
5.795583E+00 1.533480E+00 4.301110E-03
5.789027E+00 1.533751E+00 4.282576E-03
5.782486E+00 1.534021E+00 4.263132E-03
5.775960E+00 1.534290E+00 4.242784E-03
5.769448E+00 1.534557E+00 4.221541E-03
5.762951E+00 1.534824E+00 4.199410E-03
5.756469E+00 1.535089E+00 4.176403E-03
5.750001E+00 1.535353E+00 4.152529E-03
5.743545E+00 1.535617E+00 4.127802E-03
5.737106E+00 1.535879E+00 4.102234E-03
5.730682E+00 1.536141E+00 4.075839E-03
5.724272E+00 1.536401E+00 4.048632E-03
5.717877E+00 1.536661E+00 4.020628E-03
5.711495E+00 1.536920E+00 3.991844E-03
5.705128E+00 1.537178E+00 3.962298E-03
5.698775E+00 1.537436E+00 3.932007E-03
5.692437E+00 1.537693E+00 3.900990E-03
5.686112E+00 1.537949E+00 3.869268E-03
5.679801E+00 1.538205E+00 3.836860E-03
5.673505E+00 1.538460E+00 3.803789E-03
5.667222E+00 1.538715E+00 3.770074E-03
5.660950E+00 1.538969E+00 3.735740E-03
5.654695E+00 1.539222E+00 3.700808E-03
5.648454E+00 1.539475E+00 3.665301E-03
5.642226E+00 1.539728E+00 3.629244E-03
5.636013E+00 1.539980E+00 3.592660E-03
5.629813E+00 1.540232E+00 3.555574E-03
5.623626E+00 1.540484E+00 3.518010E-03
5.617454E+00 1.540735E+00 3.479991E-03
5.611294E+00 1.540986E+00 3.441544E-03
5.605149E+00 1.541237E+00 3.402691E-03
5.599016E+00 1.541488E+00 3.363459E-03
5.592897E+00 1.541739E+00 3.323877E-03
5.586792E+00 1.541990E+00 3.283980E-03
5.580697E+00 1.542241E+00 3.243822E-03
5.574618E+00 1.542493E+00 3.203490E-03
5.568552E+00 1.542745E+00 3.163131E-03
5.562499E+00 1.542998E+00 3.122995E-03
5.556460E+00 1.543252E+00 3.083480E-03
5.550434E+00 1.543507E+00 3.045181E-03
5.544421E+00 1.543764E+00 3.008910E-03
5.538420E+00 1.544021E+00 2.975655E-03
5.532433E+00 1.544279E+00 2.946456E-03
5.526459E+00 1.544535E+00 2.922166E-03
5.520497E+00 1.544788E+00 2.903133E-03
5.514549E+00 1.545036E+00 2.888875E-03
5.508610E+00 1.545276E+00 2.877847E-03
5.502687E+00 1.545507E+00 2.867450E-03
5.496777E+00 1.545728E+00 2.854324E-03
5.490879E+00 1.545940E+00 2.834940E-03
5.484994E+00 1.546146E+00 2.806347E-03
5.479122E+00 1.546350E+00 2.766858E-03
5.473262E+00 1.546556E+00 2.716474E-03
5.467415E+00 1.546766E+00 2.656885E-03
5.461580E+00 1.546985E+00 2.591040E-03
5.455758E+00 1.547212E+00 2.522451E-03
5.449948E+00 1.547448E+00 2.454439E-03
5.444150E+00 1.547691E+00 2.389560E-03
5.438365E+00 1.547938E+00 2.329327E-03
5.432589E+00 1.548188E+00 2.274236E-03
5.426828E+00 1.548439E+00 2.224006E-03
5.421080E+00 1.548689E+00 2.177901E-03
5.415343E+00 1.548938E+00 2.135027E-03
5.409619E+00 1.549185E+00 2.094539E-03
5.403907E+00 1.549431E+00 2.055757E-03
5.398207E+00 1.549676E+00 2.018187E-03
5.392519E+00 1.549918E+00 1.981508E-03
5.386843E+00 1.550160E+00 1.945525E-03
5.381178E+00 1.550401E+00 1.910130E-03
5.375526E+00 1.550641E+00 1.875267E-03
5.369886E+00 1.550880E+00 1.840913E-03
5.364257E+00 1.551118E+00 1.807058E-03
5.358638E+00 1.551356E+00 1.773699E-03
5.353032E+00 1.551593E+00 1.740837E-03
5.347439E+00 1.551829E+00 1.708476E-03
5.341858E+00 1.552065E+00 1.676617E-03
5.336288E+00 1.552300E+00 1.645264E-03
5.330729E+00 1.552534E+00 1.614419E-03
5.325182E+00 1.552768E+00 1.584084E-03
5.319647E+00 1.553001E+00 1.554260E-03
5.314123E+00 1.553234E+00 1.524949E-03
5.308611E+00 1.553465E+00 1.496150E-03
5.303110E+00 1.553697E+00 1.467864E-03
5.297620E+00 1.553927E+00 1.440090E-03
5.292139E+00 1.554157E+00 1.412827E-03
5.286672E+00 1.554386E+00 1.386074E-03
5.281217E+00 1.554614E+00 1.359828E-03
5.275773E+00 1.554842E+00 1.334088E-03
5.270339E+00 1.555069E+00 1.308850E-03
5.264917E+00 1.555296E+00 1.284112E-03
5.259507E+00 1.555521E+00 1.259868E-03
5.254107E+00 1.555746E+00 1.236117E-03
5.248718E+00 1.555971E+00 1.212852E-03
5.243341E+00 1.556194E+00 1.190069E-03
5.237974E+00 1.556417E+00 1.167763E-03
5.232619E+00 1.556639E+00 1.145929E-03
5.227274E+00 1.556860E+00 1.124560E-03
5.221938E+00 1.557081E+00 1.103652E-03
5.216615E+00 1.557301E+00 1.083197E-03
5.211303E+00 1.557520E+00 1.063189E-03
5.206001E+00 1.557738E+00 1.043622E-03
5.200711E+00 1.557955E+00 1.024488E-03
5.195431E+00 1.558172E+00 1.005781E-03
5.190162E+00 1.558388E+00 9.874931E-04
5.184904E+00 1.558603E+00 9.696175E-04
5.179656E+00 1.558817E+00 9.521465E-04
5.174419E+00 1.559031E+00 9.350727E-04
5.169193E+00 1.559244E+00 9.183883E-04
5.163977E+00 1.559456E+00 9.020857E-04
5.158769E+00 1.559667E+00 8.861572E-04
5.153574E+00 1.559877E+00 8.705949E-04
5.148389E+00 1.560086E+00 8.553910E-04
5.143215E+00 1.560295E+00 8.405378E-04
5.138052E+00 1.560503E+00 8.260274E-04
5.132898E+00 1.560710E+00 8.118520E-04
5.127755E+00 1.560916E+00 7.980038E-04
5.122623E+00 1.561122E+00 7.844752E-04
5.117500E+00 1.561326E+00 7.712583E-04
5.112388E+00 1.561530E+00 7.583457E-04
5.107286E+00 1.561733E+00 7.457296E-04
5.102194E+00 1.561936E+00 7.334027E-04
5.097113E+00 1.562137E+00 7.213576E-04
5.092039E+00 1.562337E+00 7.095869E-04
5.086977E+00 1.562537E+00 6.980834E-04
5.081926E+00 1.562736E+00 6.868401E-04
5.076884E+00 1.562934E+00 6.758499E-04
5.071853E+00 1.563132E+00 6.651061E-04
5.066832E+00 1.563328E+00 6.546018E-04
5.061820E+00 1.563524E+00 6.443304E-04
5.056818E+00 1.563719E+00 6.342855E-04
5.051827E+00 1.563913E+00 6.244607E-04
5.046845E+00 1.564107E+00 6.148498E-04
5.041873E+00 1.564299E+00 6.054468E-04
5.036910E+00 1.564491E+00 5.962457E-04
5.031958E+00 1.564682E+00 5.872407E-04
5.027013E+00 1.564872E+00 5.784262E-04
5.022080E+00 1.565062E+00 5.697968E-04
5.017156E+00 1.565251E+00 5.613470E-04
5.012242E+00 1.565439E+00 5.530717E-04
5.007338E+00 1.565626E+00 5.449658E-04
5.002444E+00 1.565812E+00 5.370246E-04
4.997559E+00 1.565998E+00 5.292431E-04
4.992683E+00 1.566183E+00 5.216168E-04
4.987817E+00 1.566367E+00 5.141412E-04
4.982961E+00 1.566550E+00 5.068121E-04
4.978114E+00 1.566733E+00 4.996252E-04
4.973276E+00 1.566915E+00 4.925764E-04
4.968445E+00 1.567096E+00 4.856621E-04
4.963627E+00 1.567277E+00 4.788782E-04
4.958817E+00 1.567457E+00 4.722212E-04
4.954017E+00 1.567636E+00 4.656877E-04
4.949226E+00 1.567814E+00 4.592741E-04
4.944444E+00 1.567992E+00 4.529773E-04
4.939672E+00 1.568169E+00 4.467942E-04
4.934909E+00 1.568345E+00 4.407217E-04
4.930155E+00 1.568521E+00 4.347568E-04
4.925410E+00 1.568696E+00 4.288969E-04
4.920674E+00 1.568870E+00 4.231393E-04
4.915947E+00 1.569043E+00 4.174813E-04
4.911230E+00 1.569216E+00 4.119204E-04
4.906519E+00 1.569388E+00 4.064544E-04
4.901819E+00 1.569560E+00 4.010809E-04
4.897128E+00 1.569731E+00 3.957977E-04
4.892447E+00 1.569901E+00 3.906027E-04
4.887774E+00 1.570071E+00 3.854940E-04
4.883111E+00 1.570239E+00 3.804694E-04
4.878456E+00 1.570408E+00 3.755273E-04
4.873810E+00 1.570575E+00 3.706658E-04
4.869173E+00 1.570742E+00 3.658831E-04
4.864544E+00 1.570909E+00 3.611776E-04
4.859925E+00 1.571074E+00 3.565478E-04
4.855314E+00 1.571239E+00 3.519921E-04
4.850712E+00 1.571404E+00 3.475091E-04
4.846116E+00 1.571568E+00 3.430972E-04
4.841532E+00 1.571731E+00 3.387553E-04
4.836956E+00 1.571893E+00 3.344818E-04
4.832389E+00 1.572055E+00 3.302757E-04
4.827830E+00 1.572217E+00 3.261357E-04
4.823280E+00 1.572377E+00 3.220605E-04
4.818738E+00 1.572538E+00 3.180491E-04
4.814205E+00 1.572697E+00 3.141004E-04
4.809681E+00 1.572856E+00 3.102133E-04
4.805165E+00 1.573015E+00 3.063867E-04
4.800657E+00 1.573172E+00 3.026196E-04
4.796158E+00 1.573330E+00 2.989112E-04
4.791666E+00 1.573486E+00 2.952604E-04
4.787183E+00 1.573642E+00 2.916663E-04
4.782710E+00 1.573798E+00 2.881280E-04
4.778244E+00 1.573953E+00 2.846447E-04
4.773787E+00 1.574107E+00 2.812154E-04
4.769338E+00 1.574261E+00 2.778394E-04
4.764898E+00 1.574414E+00 2.745158E-04
4.760465E+00 1.574567E+00 2.712438E-04
4.756041E+00 1.574719E+00 2.680226E-04
4.751625E+00 1.574871E+00 2.648515E-04
4.747218E+00 1.575022E+00 2.617297E-04
4.742818E+00 1.575172E+00 2.586563E-04
4.738427E+00 1.575322E+00 2.556308E-04
4.734042E+00 1.575472E+00 2.526523E-04
4.729666E+00 1.575620E+00 2.497202E-04
4.725299E+00 1.575769E+00 2.468336E-04
4.720940E+00 1.575917E+00 2.439920E-04
4.716590E+00 1.576064E+00 2.411946E-04
4.712247E+00 1.576211E+00 2.384407E-04
4.707912E+00 1.576357E+00 2.357297E-04
4.703585E+00 1.576503E+00 2.330608E-04
4.699266E+00 1.576648E+00 2.304334E-04
4.694955E+00 1.576792E+00 2.278468E-04
4.690652E+00 1.576937E+00 2.253005E-04
4.686356E+00 1.577080E+00 2.227936E-04
4.682067E+00 1.577223E+00 2.203256E-04
4.677787E+00 1.577366E+00 2.178958E-04
4.673515E+00 1.577508E+00 2.155036E-04
4.669251E+00 1.577650E+00 2.131484E-04
4.664995E+00 1.577791E+00 2.108295E-04
4.660747E+00 1.577932E+00 2.085463E-04
4.656506E+00 1.578072E+00 2.062982E-04
4.652273E+00 1.578212E+00 2.040846E-04
4.648048E+00 1.578351E+00 2.019049E-04
4.643830E+00 1.578489E+00 1.997584E-04
4.639620E+00 1.578628E+00 1.976447E-04
4.635417E+00 1.578765E+00 1.955630E-04
4.631223E+00 1.578903E+00 1.935129E-04
4.627033E+00 1.579039E+00 1.914937E-04
4.622854E+00 1.579176E+00 1.895049E-04
4.618682E+00 1.579312E+00 1.875459E-04
4.614517E+00 1.579447E+00 1.856162E-04
4.610360E+00 1.579582E+00 1.837153E-04
4.606210E+00 1.579716E+00 1.818425E-04
4.602068E+00 1.579850E+00 1.799973E-04
4.597934E+00 1.579984E+00 1.781793E-04
4.593806E+00 1.580117E+00 1.763879E-04
4.589687E+00 1.580249E+00 1.746227E-04
4.585574E+00 1.580382E+00 1.728830E-04
4.581469E+00 1.580513E+00 1.711685E-04
4.577371E+00 1.580645E+00 1.694786E-04
4.573279E+00 1.580775E+00 1.678128E-04
4.569196E+00 1.580906E+00 1.661708E-04
4.565120E+00 1.581036E+00 1.645520E-04
4.561051E+00 1.581165E+00 1.629561E-04
4.556990E+00 1.581294E+00 1.613825E-04
4.552936E+00 1.581423E+00 1.598308E-04
4.548889E+00 1.581551E+00 1.583007E-04
4.544849E+00 1.581679E+00 1.567917E-04
4.540817E+00 1.581806E+00 1.553035E-04
4.536791E+00 1.581933E+00 1.538356E-04
4.532773E+00 1.582060E+00 1.523876E-04
4.528762E+00 1.582186E+00 1.509593E-04
4.524756E+00 1.582311E+00 1.495502E-04
4.520759E+00 1.582436E+00 1.481600E-04
4.516769E+00 1.582561E+00 1.467883E-04
4.512786E+00 1.582686E+00 1.454350E-04
4.508810E+00 1.582810E+00 1.440995E-04
4.504841E+00 1.582933E+00 1.427816E-04
4.500879E+00 1.583056E+00 1.414811E-04
4.496925E+00 1.583179E+00 1.401976E-04
4.492977E+00 1.583302E+00 1.389309E-04
4.489036E+00 1.583423E+00 1.376807E-04
4.485101E+00 1.583545E+00 1.364468E-04
4.481174E+00 1.583666E+00 1.352288E-04
4.477254E+00 1.583787E+00 1.340266E-04
4.473338E+00 1.583907E+00 1.328400E-04
4.469432E+00 1.584027E+00 1.316687E-04
4.465532E+00 1.584147E+00 1.305125E-04
4.461639E+00 1.584266E+00 1.293712E-04
4.457752E+00 1.584385E+00 1.282447E-04
4.453873E+00 1.584503E+00 1.271328E-04
4.450000E+00 1.584621E+00 1.260353E-04
4.446134E+00 1.584739E+00 1.249520E-04
4.442275E+00 1.584856E+00 1.238828E-04
4.438422E+00 1.584973E+00 1.228275E-04
4.434576E+00 1.585090E+00 1.217861E-04
4.430737E+00 1.585206E+00 1.207584E-04
4.426904E+00 1.585322E+00 1.197443E-04
4.423076E+00 1.585437E+00 1.187436E-04
4.419257E+00 1.585552E+00 1.177564E-04
4.415444E+00 1.585667E+00 1.167824E-04
4.411638E+00 1.585781E+00 1.158217E-04
4.407838E+00 1.585895E+00 1.148741E-04
4.404045E+00 1.586009E+00 1.139396E-04
4.400258E+00 1.586122E+00 1.130181E-04
4.396478E+00 1.586235E+00 1.121096E-04
4.392704E+00 1.586348E+00 1.112140E-04
4.388937E+00 1.586460E+00 1.103312E-04
4.385176E+00 1.586572E+00 1.094614E-04
4.381422E+00 1.586683E+00 1.086044E-04
4.377672E+00 1.586794E+00 1.077602E-04
4.373931E+00 1.586905E+00 1.069288E-04
4.370196E+00 1.587016E+00 1.061102E-04
4.366467E+00 1.587126E+00 1.053045E-04
4.362745E+00 1.587236E+00 1.045115E-04
4.359029E+00 1.587345E+00 1.037314E-04
4.355319E+00 1.587454E+00 1.029641E-04
4.351616E+00 1.587563E+00 1.022097E-04
4.347919E+00 1.587671E+00 1.014682E-04
4.344228E+00 1.587779E+00 1.007396E-04
4.340543E+00 1.587887E+00 1.000239E-04
4.336865E+00 1.587995E+00 9.932132E-05
4.333193E+00 1.588102E+00 9.863174E-05
4.329525E+00 1.588208E+00 9.795525E-05
4.325866E+00 1.588315E+00 9.729190E-05
4.322212E+00 1.588421E+00 9.664174E-05
4.318565E+00 1.588527E+00 9.600482E-05
4.314924E+00 1.588632E+00 9.538121E-05
4.311289E+00 1.588737E+00 9.477095E-05
4.307660E+00 1.588842E+00 9.417410E-05
4.304037E+00 1.588947E+00 9.359073E-05
4.300420E+00 1.589051E+00 9.302088E-05
4.296810E+00 1.589155E+00 9.246462E-05
4.293205E+00 1.589258E+00 9.192201E-05
4.289607E+00 1.589361E+00 9.139310E-05
4.286014E+00 1.589464E+00 9.087794E-05
4.282426E+00 1.589567E+00 9.037659E-05
4.278846E+00 1.589669E+00 8.988910E-05
4.275271E+00 1.589771E+00 8.941551E-05
4.271702E+00 1.589873E+00 8.895586E-05
4.268140E+00 1.589974E+00 8.851019E-05
4.264583E+00 1.590075E+00 8.807853E-05
4.261033E+00 1.590176E+00 8.766092E-05
4.257488E+00 1.590277E+00 8.725736E-05
4.253949E+00 1.590377E+00 8.686788E-05
4.250416E+00 1.590477E+00 8.649248E-05
4.246889E+00 1.590576E+00 8.613116E-05
4.243367E+00 1.590675E+00 8.578391E-05
4.239850E+00 1.590774E+00 8.545072E-05
4.236340E+00 1.590873E+00 8.513154E-05
4.232836E+00 1.590971E+00 8.482635E-05
4.229338E+00 1.591069E+00 8.453510E-05
4.225846E+00 1.591167E+00 8.425771E-05
4.222360E+00 1.591265E+00 8.399412E-05
4.218879E+00 1.591362E+00 8.374425E-05
4.215404E+00 1.591459E+00 8.350798E-05
4.211934E+00 1.591555E+00 8.328522E-05
4.208471E+00 1.591652E+00 8.307582E-05
4.205013E+00 1.591748E+00 8.287966E-05
4.201561E+00 1.591843E+00 8.269656E-05
4.198114E+00 1.591939E+00 8.252636E-05
4.194671E+00 1.592034E+00 8.236886E-05
4.191236E+00 1.592129E+00 8.222387E-05
4.187806E+00 1.592223E+00 8.209115E-05
4.184382E+00 1.592318E+00 8.197046E-05
4.180964E+00 1.592412E+00 8.186156E-05
4.177551E+00 1.592505E+00 8.176416E-05
4.174144E+00 1.592599E+00 8.167797E-05
4.170742E+00 1.592692E+00 8.160267E-05
4.167346E+00 1.592785E+00 8.153795E-05
4.163955E+00 1.592877E+00 8.148345E-05
4.160570E+00 1.592970E+00 8.143880E-05
4.157190E+00 1.593062E+00 8.140363E-05
4.153814E+00 1.593153E+00 8.137754E-05
4.150445E+00 1.593245E+00 8.136009E-05
4.147082E+00 1.593336E+00 8.135087E-05
4.143724E+00 1.593427E+00 8.134941E-05
4.140372E+00 1.593518E+00 8.135525E-05
4.137025E+00 1.593608E+00 8.136791E-05
4.133683E+00 1.593698E+00 8.138688E-05
4.130347E+00 1.593788E+00 8.141164E-05
4.127016E+00 1.593877E+00 8.144167E-05
4.123691E+00 1.593967E+00 8.147643E-05
4.120371E+00 1.594056E+00 8.151535E-05
4.117056E+00 1.594144E+00 8.155787E-05
4.113747E+00 1.594233E+00 8.160342E-05
4.110441E+00 1.594321E+00 8.165139E-05
4.107142E+00 1.594409E+00 8.170121E-05
4.103849E+00 1.594497E+00 8.175225E-05
4.100561E+00 1.594584E+00 8.180390E-05
4.097278E+00 1.594671E+00 8.185556E-05
4.094000E+00 1.594758E+00 8.190659E-05
4.090727E+00 1.594845E+00 8.195637E-05
4.087460E+00 1.594931E+00 8.200426E-05
4.084198E+00 1.595017E+00 8.204965E-05
4.080941E+00 1.595103E+00 8.209191E-05
4.077690E+00 1.595189E+00 8.213040E-05
4.074443E+00 1.595274E+00 8.216451E-05
4.071202E+00 1.595359E+00 8.219362E-05
4.067964E+00 1.595444E+00 8.221712E-05
4.064733E+00 1.595528E+00 8.223441E-05
4.061507E+00 1.595613E+00 8.224489E-05
4.058287E+00 1.595697E+00 8.224798E-05
4.055071E+00 1.595781E+00 8.224311E-05
4.051861E+00 1.595864E+00 8.222972E-05
4.048655E+00 1.595947E+00 8.220727E-05
4.045455E+00 1.596031E+00 8.217523E-05
4.042259E+00 1.596113E+00 8.213311E-05
4.039069E+00 1.596196E+00 8.208039E-05
4.035884E+00 1.596278E+00 8.201662E-05
4.032704E+00 1.596360E+00 8.194136E-05
4.029527E+00 1.596442E+00 8.185416E-05
4.026357E+00 1.596524E+00 8.175463E-05
4.023191E+00 1.596605E+00 8.164240E-05
4.020031E+00 1.596686E+00 8.151710E-05
4.016876E+00 1.596767E+00 8.137842E-05
4.013725E+00 1.596848E+00 8.122606E-05
4.010580E+00 1.596929E+00 8.105974E-05
4.007439E+00 1.597009E+00 8.087922E-05
4.004304E+00 1.597089E+00 8.068429E-05
4.001173E+00 1.597169E+00 8.047477E-05
3.998047E+00 1.597248E+00 8.025050E-05
3.994926E+00 1.597328E+00 8.001136E-05
3.991810E+00 1.597407E+00 7.975726E-05
3.988698E+00 1.597486E+00 7.948814E-05
3.985591E+00 1.597564E+00 7.920395E-05
3.982490E+00 1.597643E+00 7.890472E-05
3.979393E+00 1.597721E+00 7.859046E-05
3.976301E+00 1.597799E+00 7.826123E-05
3.973214E+00 1.597877E+00 7.791713E-05
3.970132E+00 1.597955E+00 7.755827E-05
3.967054E+00 1.598032E+00 7.718481E-05
3.963982E+00 1.598109E+00 7.679691E-05
3.960914E+00 1.598186E+00 7.639480E-05
3.957850E+00 1.598263E+00 7.597869E-05
3.954792E+00 1.598340E+00 7.554885E-05
3.951738E+00 1.598416E+00 7.510555E-05
3.948688E+00 1.598492E+00 7.464911E-05
3.945643E+00 1.598568E+00 7.417986E-05
3.942604E+00 1.598644E+00 7.369815E-05
3.939569E+00 1.598720E+00 7.320435E-05
3.936538E+00 1.598795E+00 7.269885E-05
3.933513E+00 1.598870E+00 7.218207E-05
3.930492E+00 1.598945E+00 7.165444E-05
3.927475E+00 1.599020E+00 7.111640E-05
3.924463E+00 1.599095E+00 7.056841E-05
3.921456E+00 1.599169E+00 7.001094E-05
3.918454E+00 1.599244E+00 6.944448E-05
3.915456E+00 1.599318E+00 6.886951E-05
3.912461E+00 1.599392E+00 6.828655E-05
3.909472E+00 1.599465E+00 6.769609E-05
3.906488E+00 1.599539E+00 6.709867E-05
3.903508E+00 1.599612E+00 6.649479E-05
3.900533E+00 1.599685E+00 6.588498E-05
3.897563E+00 1.599758E+00 6.526977E-05
3.894597E+00 1.599831E+00 6.464968E-05
3.891635E+00 1.599904E+00 6.402524E-05
3.888678E+00 1.599976E+00 6.339697E-05
3.885725E+00 1.600048E+00 6.276538E-05
3.882777E+00 1.600121E+00 6.213100E-05
3.879834E+00 1.600192E+00 6.149432E-05
3.876895E+00 1.600264E+00 6.085585E-05
3.873958E+00 1.600336E+00 6.021608E-05
3.871028E+00 1.600407E+00 5.957550E-05
3.868102E+00 1.600478E+00 5.893458E-05
3.865181E+00 1.600549E+00 5.829378E-05
3.862264E+00 1.600620E+00 5.765355E-05
3.859351E+00 1.600691E+00 5.701432E-05
3.856443E+00 1.600761E+00 5.637653E-05
3.853539E+00 1.600832E+00 5.574058E-05
3.850640E+00 1.600902E+00 5.510686E-05
3.847745E+00 1.600972E+00 5.447576E-05
3.844854E+00 1.601042E+00 5.384763E-05
3.841968E+00 1.601111E+00 5.322283E-05
3.839085E+00 1.601181E+00 5.260169E-05
3.836206E+00 1.601250E+00 5.198452E-05
3.833333E+00 1.601319E+00 5.137161E-05
3.830464E+00 1.601388E+00 5.076325E-05
3.827599E+00 1.601457E+00 5.015971E-05
3.824738E+00 1.601526E+00 4.956122E-05
3.821882E+00 1.601594E+00 4.896801E-05
3.819030E+00 1.601663E+00 4.838030E-05
3.816182E+00 1.601731E+00 4.779828E-05
3.813339E+00 1.601799E+00 4.722213E-05
3.810499E+00 1.601867E+00 4.665200E-05
3.807664E+00 1.601934E+00 4.608804E-05
3.804833E+00 1.602002E+00 4.553039E-05
3.802005E+00 1.602069E+00 4.497914E-05
3.799183E+00 1.602136E+00 4.443441E-05
3.796365E+00 1.602203E+00 4.389627E-05
3.793550E+00 1.602270E+00 4.336478E-05
3.790741E+00 1.602337E+00 4.284001E-05
3.787935E+00 1.602403E+00 4.232200E-05
3.785133E+00 1.602470E+00 4.181076E-05
3.782336E+00 1.602536E+00 4.130633E-05
3.779542E+00 1.602602E+00 4.080869E-05
3.776753E+00 1.602668E+00 4.031784E-05
3.773968E+00 1.602733E+00 3.983377E-05
3.771187E+00 1.602799E+00 3.935644E-05
3.768410E+00 1.602864E+00 3.888582E-05
3.765636E+00 1.602930E+00 3.842186E-05
3.762867E+00 1.602995E+00 3.796451E-05
3.760102E+00 1.603059E+00 3.751370E-05
3.757342E+00 1.603124E+00 3.706935E-05
3.754585E+00 1.603189E+00 3.663141E-05
3.751833E+00 1.603253E+00 3.619977E-05
3.749084E+00 1.603317E+00 3.577436E-05
3.746340E+00 1.603381E+00 3.535508E-05
3.743599E+00 1.603445E+00 3.494183E-05
3.740863E+00 1.603509E+00 3.453452E-05
3.738131E+00 1.603573E+00 3.413303E-05
3.735402E+00 1.603636E+00 3.373727E-05
3.732676E+00 1.603700E+00 3.334712E-05
3.729956E+00 1.603763E+00 3.296246E-05
3.727239E+00 1.603826E+00 3.258319E-05
3.724527E+00 1.603889E+00 3.220920E-05
3.721818E+00 1.603951E+00 3.184036E-05
3.719113E+00 1.604014E+00 3.147656E-05
3.716412E+00 1.604076E+00 3.111770E-05
3.713716E+00 1.604138E+00 3.076364E-05
3.711023E+00 1.604200E+00 3.041428E-05
3.708334E+00 1.604262E+00 3.006951E-05
3.705648E+00 1.604324E+00 2.972921E-05
3.702967E+00 1.604386E+00 2.939327E-05
3.700290E+00 1.604447E+00 2.906158E-05
3.697615E+00 1.604509E+00 2.873404E-05
3.694945E+00 1.604570E+00 2.841055E-05
3.692280E+00 1.604631E+00 2.809099E-05
3.689618E+00 1.604692E+00 2.777527E-05
3.686959E+00 1.604752E+00 2.746329E-05
3.684305E+00 1.604813E+00 2.715496E-05
3.681655E+00 1.604873E+00 2.685018E-05
3.679008E+00 1.604934E+00 2.654886E-05
3.676365E+00 1.604994E+00 2.625091E-05
3.673726E+00 1.605054E+00 2.595626E-05
3.671091E+00 1.605113E+00 2.566482E-05
3.668459E+00 1.605173E+00 2.537651E-05
3.665832E+00 1.605233E+00 2.509126E-05
3.663206E+00 1.605292E+00 2.480899E-05
3.660586E+00 1.605351E+00 2.452964E-05
3.657970E+00 1.605410E+00 2.425313E-05
3.655357E+00 1.605469E+00 2.397941E-05
3.652748E+00 1.605528E+00 2.370841E-05
3.650143E+00 1.605587E+00 2.344008E-05
3.647541E+00 1.605645E+00 2.317436E-05
3.644943E+00 1.605704E+00 2.291120E-05
3.642349E+00 1.605762E+00 2.265055E-05
3.639759E+00 1.605820E+00 2.239235E-05
3.637172E+00 1.605878E+00 2.213658E-05
3.634589E+00 1.605936E+00 2.188318E-05
3.632008E+00 1.605994E+00 2.163211E-05
3.629432E+00 1.606051E+00 2.138334E-05
3.626860E+00 1.606109E+00 2.113683E-05
3.624291E+00 1.606166E+00 2.089254E-05
3.621727E+00 1.606223E+00 2.065045E-05
3.619165E+00 1.606280E+00 2.041053E-05
3.616608E+00 1.606337E+00 2.017275E-05
3.614054E+00 1.606394E+00 1.993707E-05
3.611503E+00 1.606450E+00 1.970349E-05
3.608957E+00 1.606507E+00 1.947197E-05
3.606413E+00 1.606563E+00 1.924250E-05
3.603874E+00 1.606619E+00 1.901505E-05
3.601338E+00 1.606675E+00 1.878960E-05
3.598804E+00 1.606731E+00 1.856615E-05
3.596275E+00 1.606787E+00 1.834467E-05
3.593750E+00 1.606843E+00 1.812515E-05
3.591228E+00 1.606898E+00 1.790757E-05
3.588709E+00 1.606954E+00 1.769192E-05
3.586195E+00 1.607009E+00 1.747819E-05
3.583683E+00 1.607064E+00 1.726637E-05
3.581176E+00 1.607119E+00 1.705645E-05
3.578672E+00 1.607174E+00 1.684842E-05
3.576171E+00 1.607229E+00 1.664226E-05
3.573674E+00 1.607284E+00 1.643798E-05
3.571180E+00 1.607338E+00 1.623555E-05
3.568690E+00 1.607392E+00 1.603499E-05
3.566202E+00 1.607447E+00 1.583627E-05
3.563718E+00 1.607501E+00 1.563939E-05
3.561238E+00 1.607555E+00 1.544435E-05
3.558762E+00 1.607609E+00 1.525114E-05
3.556289E+00 1.607662E+00 1.505975E-05
3.553819E+00 1.607716E+00 1.487017E-05
3.551353E+00 1.607770E+00 1.468241E-05
3.548891E+00 1.607823E+00 1.449646E-05
3.546431E+00 1.607876E+00 1.431230E-05
3.543975E+00 1.607929E+00 1.412995E-05
3.541523E+00 1.607982E+00 1.394938E-05
3.539074E+00 1.608035E+00 1.377060E-05
3.536627E+00 1.608088E+00 1.359361E-05
3.534185E+00 1.608141E+00 1.341839E-05
3.531746E+00 1.608193E+00 1.324494E-05
3.529310E+00 1.608246E+00 1.307325E-05
3.526878E+00 1.608298E+00 1.290333E-05
3.524449E+00 1.608350E+00 1.273516E-05
3.522023E+00 1.608402E+00 1.256874E-05
3.519601E+00 1.608454E+00 1.240407E-05
3.517182E+00 1.608506E+00 1.224114E-05
3.514767E+00 1.608557E+00 1.207994E-05
3.512355E+00 1.608609E+00 1.192046E-05
3.509946E+00 1.608660E+00 1.176271E-05
3.507540E+00 1.608712E+00 1.160667E-05
3.505136E+00 1.608763E+00 1.145235E-05
3.502737E+00 1.608814E+00 1.129972E-05
3.500342E+00 1.608865E+00 1.114879E-05
3.497949E+00 1.608916E+00 1.099955E-05
3.495560E+00 1.608967E+00 1.085199E-05
3.493174E+00 1.609017E+00 1.070610E-05
3.490791E+00 1.609068E+00 1.056188E-05
3.488412E+00 1.609118E+00 1.041932E-05
3.486036E+00 1.609168E+00 1.027841E-05
3.483663E+00 1.609219E+00 1.013915E-05
3.481293E+00 1.609269E+00 1.000152E-05
3.478926E+00 1.609318E+00 9.865516E-06
3.476563E+00 1.609368E+00 9.731131E-06
3.474202E+00 1.609418E+00 9.598355E-06
3.471845E+00 1.609468E+00 9.467180E-06
3.469491E+00 1.609517E+00 9.337596E-06
3.467141E+00 1.609566E+00 9.209595E-06
3.464793E+00 1.609616E+00 9.083166E-06
3.462449E+00 1.609665E+00 8.958301E-06
3.460108E+00 1.609714E+00 8.834989E-06
3.457770E+00 1.609763E+00 8.713221E-06
3.455436E+00 1.609812E+00 8.592986E-06
3.453104E+00 1.609860E+00 8.474274E-06
3.450776E+00 1.609909E+00 8.357076E-06
3.448451E+00 1.609957E+00 8.241379E-06
3.446127E+00 1.610006E+00 8.127175E-06
3.443808E+00 1.610054E+00 8.014451E-06
3.441493E+00 1.610102E+00 7.903198E-06
3.439180E+00 1.610150E+00 7.793403E-06
3.436870E+00 1.610198E+00 7.685057E-06
3.434564E+00 1.610246E+00 7.578147E-06
3.432260E+00 1.610294E+00 7.472662E-06
3.429960E+00 1.610341E+00 7.368592E-06
3.427663E+00 1.610389E+00 7.265923E-06
3.425368E+00 1.610436E+00 7.164645E-06
3.423077E+00 1.610484E+00 7.064746E-06
3.420789E+00 1.610531E+00 6.966214E-06
3.418504E+00 1.610578E+00 6.869037E-06
3.416221E+00 1.610625E+00 6.773202E-06
3.413942E+00 1.610672E+00 6.678699E-06
3.411666E+00 1.610719E+00 6.585515E-06
3.409393E+00 1.610765E+00 6.493637E-06
3.407124E+00 1.610812E+00 6.403054E-06
3.404857E+00 1.610858E+00 6.313752E-06
3.402593E+00 1.610905E+00 6.225720E-06
3.400332E+00 1.610951E+00 6.138946E-06
3.398075E+00 1.610997E+00 6.053416E-06
3.395820E+00 1.611043E+00 5.969119E-06
3.393568E+00 1.611089E+00 5.886042E-06
3.391319E+00 1.611135E+00 5.804171E-06
3.389072E+00 1.611181E+00 5.723496E-06
3.386829E+00 1.611226E+00 5.644003E-06
3.384590E+00 1.611272E+00 5.565679E-06
3.382353E+00 1.611317E+00 5.488513E-06
3.380119E+00 1.611363E+00 5.412490E-06
3.377888E+00 1.611408E+00 5.337600E-06
3.375660E+00 1.611453E+00 5.263829E-06
3.373434E+00 1.611498E+00 5.191164E-06
3.371212E+00 1.611543E+00 5.119594E-06
3.368993E+00 1.611588E+00 5.049104E-06
3.366777E+00 1.611633E+00 4.979684E-06
3.364563E+00 1.611678E+00 4.911320E-06
3.362353E+00 1.611722E+00 4.844000E-06
3.360144E+00 1.611767E+00 4.777711E-06
3.357939E+00 1.611811E+00 4.712441E-06
3.355737E+00 1.611855E+00 4.648177E-06
3.353538E+00 1.611899E+00 4.584907E-06
3.351342E+00 1.611944E+00 4.522619E-06
3.349149E+00 1.611987E+00 4.461301E-06
3.346959E+00 1.612031E+00 4.400939E-06
3.344771E+00 1.612075E+00 4.341523E-06
3.342587E+00 1.612119E+00 4.283039E-06
3.340405E+00 1.612162E+00 4.225475E-06
3.338226E+00 1.612206E+00 4.168821E-06
3.336050E+00 1.612249E+00 4.113062E-06
3.333877E+00 1.612293E+00 4.058189E-06
3.331705E+00 1.612336E+00 4.004188E-06
3.329538E+00 1.612379E+00 3.951048E-06
3.327373E+00 1.612422E+00 3.898757E-06
3.325211E+00 1.612465E+00 3.847303E-06
3.323052E+00 1.612508E+00 3.796676E-06
3.320895E+00 1.612551E+00 3.746862E-06
3.318742E+00 1.612593E+00 3.697852E-06
3.316591E+00 1.612636E+00 3.649633E-06
3.314443E+00 1.612678E+00 3.602194E-06
3.312298E+00 1.612721E+00 3.555524E-06
3.310156E+00 1.612763E+00 3.509612E-06
3.308016E+00 1.612805E+00 3.464446E-06
3.305878E+00 1.612848E+00 3.420017E-06
3.303744E+00 1.612890E+00 3.376312E-06
3.301613E+00 1.612932E+00 3.333321E-06
3.299484E+00 1.612973E+00 3.291034E-06
3.297358E+00 1.613015E+00 3.249439E-06
3.295235E+00 1.613057E+00 3.208526E-06
3.293115E+00 1.613098E+00 3.168285E-06
3.290997E+00 1.613140E+00 3.128706E-06
3.288882E+00 1.613181E+00 3.089777E-06
3.286770E+00 1.613223E+00 3.051490E-06
3.284660E+00 1.613264E+00 3.013833E-06
3.282553E+00 1.613305E+00 2.976798E-06
3.280449E+00 1.613346E+00 2.940373E-06
3.278347E+00 1.613387E+00 2.904550E-06
3.276248E+00 1.613428E+00 2.869318E-06
3.274152E+00 1.613469E+00 2.834669E-06
3.272059E+00 1.613510E+00 2.800592E-06
3.269968E+00 1.613550E+00 2.767078E-06
3.267880E+00 1.613591E+00 2.734118E-06
3.265795E+00 1.613631E+00 2.701703E-06
3.263712E+00 1.613672E+00 2.669824E-06
3.261632E+00 1.613712E+00 2.638472E-06
3.259554E+00 1.613752E+00 2.607637E-06
3.257480E+00 1.613792E+00 2.577311E-06
3.255408E+00 1.613832E+00 2.547486E-06
3.253338E+00 1.613872E+00 2.518153E-06
3.251270E+00 1.613912E+00 2.489304E-06
3.249206E+00 1.613952E+00 2.460929E-06
3.247144E+00 1.613991E+00 2.433022E-06
3.245085E+00 1.614031E+00 2.405573E-06
3.243029E+00 1.614071E+00 2.378575E-06
3.240975E+00 1.614110E+00 2.352019E-06
3.238924E+00 1.614149E+00 2.325899E-06
3.236876E+00 1.614189E+00 2.300206E-06
3.234830E+00 1.614228E+00 2.274932E-06
3.232786E+00 1.614267E+00 2.250071E-06
3.230745E+00 1.614306E+00 2.225614E-06
3.228707E+00 1.614345E+00 2.201555E-06
3.226670E+00 1.614384E+00 2.177885E-06
3.224637E+00 1.614423E+00 2.154599E-06
3.222607E+00 1.614461E+00 2.131689E-06
3.220579E+00 1.614500E+00 2.109148E-06
3.218553E+00 1.614539E+00 2.086969E-06
3.216530E+00 1.614577E+00 2.065145E-06
3.214510E+00 1.614615E+00 2.043670E-06
3.212492E+00 1.614654E+00 2.022538E-06
3.210477E+00 1.614692E+00 2.001742E-06
3.208464E+00 1.614730E+00 1.981276E-06
3.206454E+00 1.614768E+00 1.961132E-06
3.204446E+00 1.614806E+00 1.941307E-06
3.202441E+00 1.614844E+00 1.921792E-06
3.200437E+00 1.614882E+00 1.902583E-06
3.198437E+00 1.614920E+00 1.883673E-06
3.196439E+00 1.614957E+00 1.865057E-06
3.194444E+00 1.614995E+00 1.846728E-06
3.192452E+00 1.615033E+00 1.828683E-06
3.190461E+00 1.615070E+00 1.810914E-06
3.188474E+00 1.615107E+00 1.793417E-06
3.186488E+00 1.615145E+00 1.776186E-06
3.184505E+00 1.615182E+00 1.759216E-06
3.182525E+00 1.615219E+00 1.742502E-06
3.180547E+00 1.615256E+00 1.726039E-06
3.178572E+00 1.615293E+00 1.709821E-06
3.176599E+00 1.615330E+00 1.693845E-06
3.174627E+00 1.615367E+00 1.678105E-06
3.172659E+00 1.615404E+00 1.662597E-06
3.170694E+00 1.615440E+00 1.647316E-06
3.168730E+00 1.615477E+00 1.632257E-06
3.166770E+00 1.615514E+00 1.617415E-06
3.164811E+00 1.615550E+00 1.602788E-06
3.162855E+00 1.615587E+00 1.588370E-06
3.160902E+00 1.615623E+00 1.574157E-06
3.158951E+00 1.615659E+00 1.560144E-06
3.157002E+00 1.615695E+00 1.546329E-06
3.155056E+00 1.615731E+00 1.532706E-06
3.153112E+00 1.615767E+00 1.519273E-06
3.151169E+00 1.615803E+00 1.506024E-06
3.149230E+00 1.615839E+00 1.492957E-06
3.147294E+00 1.615875E+00 1.480068E-06
3.145359E+00 1.615911E+00 1.467352E-06
3.143427E+00 1.615946E+00 1.454807E-06
3.141498E+00 1.615982E+00 1.442429E-06
3.139571E+00 1.616018E+00 1.430215E-06
3.137646E+00 1.616053E+00 1.418160E-06
3.135723E+00 1.616088E+00 1.406263E-06
3.133803E+00 1.616124E+00 1.394519E-06
3.131885E+00 1.616159E+00 1.382926E-06
3.129970E+00 1.616194E+00 1.371481E-06
3.128057E+00 1.616229E+00 1.360179E-06
3.126145E+00 1.616264E+00 1.349020E-06
3.124237E+00 1.616299E+00 1.337999E-06
3.122330E+00 1.616334E+00 1.327113E-06
3.120427E+00 1.616369E+00 1.316361E-06
3.118525E+00 1.616404E+00 1.305738E-06
3.116626E+00 1.616438E+00 1.295244E-06
3.114729E+00 1.616473E+00 1.284874E-06
3.112835E+00 1.616508E+00 1.274626E-06
3.110942E+00 1.616542E+00 1.264499E-06
3.109053E+00 1.616577E+00 1.254489E-06
3.107165E+00 1.616611E+00 1.244594E-06
3.105280E+00 1.616645E+00 1.234811E-06
3.103396E+00 1.616679E+00 1.225139E-06
3.101515E+00 1.616713E+00 1.215575E-06
3.099636E+00 1.616748E+00 1.206117E-06
3.097760E+00 1.616782E+00 1.196763E-06
3.095886E+00 1.616815E+00 1.187511E-06
3.094014E+00 1.616849E+00 1.178358E-06
3.092145E+00 1.616883E+00 1.169303E-06
3.090278E+00 1.616917E+00 1.160343E-06
3.088413E+00 1.616951E+00 1.151478E-06
3.086550E+00 1.616984E+00 1.142704E-06
3.084690E+00 1.617018E+00 1.134021E-06
3.082832E+00 1.617051E+00 1.125425E-06
3.080976E+00 1.617085E+00 1.116916E-06
3.079121E+00 1.617118E+00 1.108493E-06
3.077270E+00 1.617151E+00 1.100152E-06
3.075420E+00 1.617184E+00 1.091893E-06
3.073573E+00 1.617217E+00 1.083714E-06
3.071729E+00 1.617251E+00 1.075613E-06
3.069886E+00 1.617284E+00 1.067589E-06
3.068046E+00 1.617317E+00 1.059641E-06
3.066207E+00 1.617349E+00 1.051767E-06
3.064371E+00 1.617382E+00 1.043965E-06
3.062538E+00 1.617415E+00 1.036235E-06
3.060706E+00 1.617448E+00 1.028575E-06
3.058877E+00 1.617480E+00 1.020983E-06
3.057049E+00 1.617513E+00 1.013458E-06
3.055223E+00 1.617545E+00 1.006000E-06
3.053401E+00 1.617578E+00 9.986064E-07
3.051580E+00 1.617610E+00 9.912766E-07
3.049761E+00 1.617642E+00 9.840094E-07
3.047945E+00 1.617675E+00 9.768037E-07
3.046131E+00 1.617707E+00 9.696582E-07
3.044319E+00 1.617739E+00 9.625721E-07
3.042509E+00 1.617771E+00 9.555442E-07
3.040701E+00 1.617803E+00 9.485736E-07
3.038896E+00 1.617835E+00 9.416592E-07
3.037092E+00 1.617867E+00 9.348001E-07
3.035291E+00 1.617899E+00 9.279954E-07
3.033491E+00 1.617930E+00 9.212441E-07
3.031694E+00 1.617962E+00 9.145454E-07
3.029899E+00 1.617994E+00 9.078984E-07
3.028106E+00 1.618025E+00 9.013022E-07
3.026316E+00 1.618057E+00 8.947561E-07
3.024527E+00 1.618088E+00 8.882592E-07
3.022741E+00 1.618120E+00 8.818108E-07
3.020956E+00 1.618151E+00 8.754101E-07
3.019174E+00 1.618182E+00 8.690564E-07
3.017394E+00 1.618214E+00 8.627489E-07
3.015616E+00 1.618245E+00 8.564870E-07
3.013840E+00 1.618276E+00 8.502700E-07
3.012066E+00 1.618307E+00 8.440972E-07
3.010294E+00 1.618338E+00 8.379680E-07
3.008524E+00 1.618369E+00 8.318817E-07
3.006756E+00 1.618400E+00 8.258378E-07
3.004991E+00 1.618430E+00 8.198357E-07
3.003228E+00 1.618461E+00 8.138747E-07
3.001466E+00 1.618492E+00 8.079544E-07
2.999707E+00 1.618522E+00 8.020741E-07
2.997950E+00 1.618553E+00 7.962334E-07
2.996195E+00 1.618583E+00 7.904318E-07
2.994441E+00 1.618614E+00 7.846687E-07
2.992690E+00 1.618644E+00 7.789436E-07
2.990941E+00 1.618675E+00 7.732561E-07
2.989194E+00 1.618705E+00 7.676057E-07
2.987449E+00 1.618735E+00 7.619920E-07
2.985706E+00 1.618765E+00 7.564145E-07
2.983965E+00 1.618795E+00 7.508729E-07
2.982226E+00 1.618825E+00 7.453666E-07
2.980489E+00 1.618855E+00 7.398954E-07
2.978754E+00 1.618885E+00 7.344588E-07
2.977022E+00 1.618915E+00 7.290564E-07
2.975291E+00 1.618945E+00 7.236879E-07
2.973562E+00 1.618975E+00 7.183529E-07
2.971835E+00 1.619004E+00 7.130510E-07
2.970111E+00 1.619034E+00 7.077820E-07
2.968388E+00 1.619064E+00 7.025455E-07
2.966666E+00 1.619093E+00 6.973412E-07
2.964948E+00 1.619123E+00 6.921687E-07
2.963231E+00 1.619152E+00 6.870279E-07
2.961516E+00 1.619181E+00 6.819183E-07
2.959803E+00 1.619211E+00 6.768397E-07
2.958092E+00 1.619240E+00 6.717918E-07
2.956384E+00 1.619269E+00 6.667744E-07
2.954677E+00 1.619298E+00 6.617871E-07
2.952972E+00 1.619328E+00 6.568298E-07
2.951269E+00 1.619357E+00 6.519022E-07
2.949568E+00 1.619386E+00 6.470040E-07
2.947869E+00 1.619415E+00 6.421350E-07
2.946172E+00 1.619443E+00 6.372950E-07
2.944476E+00 1.619472E+00 6.324837E-07
2.942783E+00 1.619501E+00 6.277010E-07
2.941092E+00 1.619530E+00 6.229467E-07
2.939402E+00 1.619558E+00 6.182204E-07
2.937715E+00 1.619587E+00 6.135221E-07
2.936030E+00 1.619616E+00 6.088515E-07
2.934346E+00 1.619644E+00 6.042085E-07
2.932665E+00 1.619673E+00 5.995928E-07
2.930985E+00 1.619701E+00 5.950043E-07
2.929308E+00 1.619729E+00 5.904427E-07
2.927632E+00 1.619758E+00 5.859081E-07
2.925958E+00 1.619786E+00 5.814001E-07
2.924286E+00 1.619814E+00 5.769186E-07
2.922615E+00 1.619842E+00 5.724634E-07
2.920947E+00 1.619870E+00 5.680344E-07
2.919281E+00 1.619898E+00 5.636315E-07
2.917617E+00 1.619926E+00 5.592545E-07
2.915954E+00 1.619954E+00 5.549032E-07
2.914294E+00 1.619982E+00 5.505775E-07
2.912635E+00 1.620010E+00 5.462773E-07
2.910978E+00 1.620038E+00 5.420024E-07
2.909324E+00 1.620065E+00 5.377527E-07
2.907671E+00 1.620093E+00 5.335281E-07
2.906020E+00 1.620121E+00 5.293284E-07
2.904370E+00 1.620148E+00 5.251536E-07
2.902722E+00 1.620176E+00 5.210035E-07
2.901077E+00 1.620203E+00 5.168779E-07
2.899433E+00 1.620231E+00 5.127769E-07
2.897791E+00 1.620258E+00 5.087002E-07
2.896152E+00 1.620285E+00 5.046477E-07
2.894514E+00 1.620313E+00 5.006194E-07
2.892877E+00 1.620340E+00 4.966151E-07
2.891243E+00 1.620367E+00 4.926347E-07
2.889611E+00 1.620394E+00 4.886781E-07
2.887980E+00 1.620421E+00 4.847453E-07
2.886351E+00 1.620448E+00 4.808360E-07
2.884724E+00 1.620475E+00 4.769503E-07
2.883099E+00 1.620502E+00 4.730880E-07
2.881475E+00 1.620529E+00 4.692490E-07
2.879853E+00 1.620556E+00 4.654333E-07
2.878234E+00 1.620583E+00 4.616406E-07
2.876616E+00 1.620610E+00 4.578711E-07
2.875000E+00 1.620636E+00 4.541244E-07
2.873386E+00 1.620663E+00 4.504007E-07
2.871773E+00 1.620689E+00 4.466997E-07
2.870163E+00 1.620716E+00 4.430214E-07
2.868554E+00 1.620742E+00 4.393657E-07
2.866947E+00 1.620769E+00 4.357325E-07
2.865342E+00 1.620795E+00 4.321217E-07
2.863738E+00 1.620822E+00 4.285333E-07
2.862136E+00 1.620848E+00 4.249671E-07
2.860536E+00 1.620874E+00 4.214231E-07
2.858938E+00 1.620900E+00 4.179012E-07
2.857342E+00 1.620927E+00 4.144013E-07
2.855748E+00 1.620953E+00 4.109234E-07
2.854155E+00 1.620979E+00 4.074673E-07
2.852564E+00 1.621005E+00 4.040329E-07
2.850975E+00 1.621031E+00 4.006203E-07
2.849388E+00 1.621057E+00 3.972293E-07
2.847802E+00 1.621083E+00 3.938598E-07
2.846218E+00 1.621108E+00 3.905118E-07
2.844636E+00 1.621134E+00 3.871852E-07
2.843056E+00 1.621160E+00 3.838799E-07
2.841477E+00 1.621186E+00 3.805958E-07
2.839900E+00 1.621211E+00 3.773328E-07
2.838325E+00 1.621237E+00 3.740909E-07
2.836751E+00 1.621263E+00 3.708701E-07
2.835180E+00 1.621288E+00 3.676701E-07
2.833610E+00 1.621314E+00 3.644910E-07
2.832042E+00 1.621339E+00 3.613327E-07
2.830476E+00 1.621364E+00 3.581951E-07
2.828911E+00 1.621390E+00 3.550781E-07
2.827348E+00 1.621415E+00 3.519816E-07
2.825787E+00 1.621440E+00 3.489056E-07
2.824228E+00 1.621465E+00 3.458501E-07
2.822670E+00 1.621491E+00 3.428148E-07
2.821113E+00 1.621516E+00 3.397998E-07
2.819559E+00 1.621541E+00 3.368050E-07
2.818006E+00 1.621566E+00 3.338302E-07
2.816456E+00 1.621591E+00 3.308755E-07
2.814906E+00 1.621616E+00 3.279408E-07
2.813359E+00 1.621641E+00 3.250259E-07
2.811813E+00 1.621665E+00 3.221308E-07
2.810269E+00 1.621690E+00 3.192554E-07
2.808727E+00 1.621715E+00 3.163997E-07
2.807186E+00 1.621740E+00 3.135636E-07
2.805647E+00 1.621764E+00 3.107470E-07
2.804110E+00 1.621789E+00 3.079498E-07
2.802574E+00 1.621814E+00 3.051719E-07
2.801040E+00 1.621838E+00 3.024134E-07
2.799507E+00 1.621863E+00 2.996740E-07
2.797977E+00 1.621887E+00 2.969538E-07
2.796448E+00 1.621911E+00 2.942526E-07
2.794921E+00 1.621936E+00 2.915704E-07
2.793395E+00 1.621960E+00 2.889071E-07
2.791871E+00 1.621984E+00 2.862626E-07
2.790349E+00 1.622009E+00 2.836369E-07
2.788829E+00 1.622033E+00 2.810298E-07
2.787310E+00 1.622057E+00 2.784413E-07
2.785792E+00 1.622081E+00 2.758714E-07
2.784277E+00 1.622105E+00 2.733199E-07
2.782762E+00 1.622129E+00 2.707867E-07
2.781250E+00 1.622153E+00 2.682719E-07
2.779739E+00 1.622177E+00 2.657753E-07
2.778230E+00 1.622201E+00 2.632968E-07
2.776723E+00 1.622225E+00 2.608363E-07
2.775217E+00 1.622249E+00 2.583939E-07
2.773713E+00 1.622273E+00 2.559693E-07
2.772210E+00 1.622296E+00 2.535626E-07
2.770709E+00 1.622320E+00 2.511737E-07
2.769210E+00 1.622344E+00 2.488024E-07
2.767713E+00 1.622367E+00 2.464487E-07
2.766217E+00 1.622391E+00 2.441125E-07
2.764722E+00 1.622414E+00 2.417937E-07
2.763229E+00 1.622438E+00 2.394923E-07
2.761737E+00 1.622461E+00 2.372082E-07
2.760248E+00 1.622485E+00 2.349413E-07
2.758760E+00 1.622508E+00 2.326916E-07
2.757274E+00 1.622532E+00 2.304588E-07
2.755789E+00 1.622555E+00 2.282431E-07
2.754306E+00 1.622578E+00 2.260442E-07
2.752824E+00 1.622601E+00 2.238621E-07
2.751344E+00 1.622624E+00 2.216968E-07
2.749866E+00 1.622648E+00 2.195481E-07
2.748389E+00 1.622671E+00 2.174160E-07
2.746914E+00 1.622694E+00 2.153004E-07
2.745440E+00 1.622717E+00 2.132011E-07
2.743968E+00 1.622740E+00 2.111183E-07
2.742497E+00 1.622763E+00 2.090516E-07
2.741028E+00 1.622786E+00 2.070012E-07
2.739561E+00 1.622808E+00 2.049668E-07
2.738095E+00 1.622831E+00 2.029484E-07
2.736631E+00 1.622854E+00 2.009460E-07
2.735168E+00 1.622877E+00 1.989594E-07
2.733707E+00 1.622900E+00 1.969886E-07
2.732248E+00 1.622922E+00 1.950335E-07
2.730790E+00 1.622945E+00 1.930940E-07
2.729334E+00 1.622967E+00 1.911700E-07
2.727879E+00 1.622990E+00 1.892615E-07
2.726425E+00 1.623012E+00 1.873683E-07
2.724973E+00 1.623035E+00 1.854905E-07
2.723523E+00 1.623057E+00 1.836278E-07
2.722074E+00 1.623080E+00 1.817803E-07
2.720627E+00 1.623102E+00 1.799478E-07
2.719182E+00 1.623124E+00 1.781302E-07
2.717738E+00 1.623147E+00 1.763276E-07
2.716295E+00 1.623169E+00 1.745398E-07
2.714854E+00 1.623191E+00 1.727666E-07
2.713415E+00 1.623213E+00 1.710082E-07
2.711977E+00 1.623235E+00 1.692642E-07
2.710541E+00 1.623258E+00 1.675348E-07
2.709106E+00 1.623280E+00 1.658198E-07
2.707672E+00 1.623302E+00 1.641190E-07
2.706240E+00 1.623324E+00 1.624326E-07
2.704810E+00 1.623346E+00 1.607602E-07
2.703381E+00 1.623367E+00 1.591020E-07
2.701953E+00 1.623389E+00 1.574577E-07
2.700528E+00 1.623411E+00 1.558274E-07
2.699103E+00 1.623433E+00 1.542109E-07
2.697681E+00 1.623455E+00 1.526081E-07
2.696259E+00 1.623476E+00 1.510190E-07
2.694840E+00 1.623498E+00 1.494436E-07
2.693421E+00 1.623520E+00 1.478816E-07
2.692005E+00 1.623541E+00 1.463330E-07
2.690589E+00 1.623563E+00 1.447978E-07
2.689175E+00 1.623585E+00 1.432759E-07
2.687762E+00 1.623606E+00 1.417672E-07
2.686352E+00 1.623628E+00 1.402716E-07
2.684942E+00 1.623649E+00 1.387890E-07
2.683534E+00 1.623670E+00 1.373194E-07
2.682128E+00 1.623692E+00 1.358626E-07
2.680723E+00 1.623713E+00 1.344186E-07
2.679319E+00 1.623734E+00 1.329874E-07
2.677917E+00 1.623756E+00 1.315688E-07
2.676517E+00 1.623777E+00 1.301627E-07
2.675118E+00 1.623798E+00 1.287691E-07
2.673720E+00 1.623819E+00 1.273879E-07
2.672323E+00 1.623840E+00 1.260190E-07
2.670929E+00 1.623861E+00 1.246624E-07
2.669536E+00 1.623882E+00 1.233179E-07
2.668144E+00 1.623903E+00 1.219855E-07
2.666753E+00 1.623924E+00 1.206651E-07
2.665365E+00 1.623945E+00 1.193567E-07
2.663977E+00 1.623966E+00 1.180600E-07
2.662591E+00 1.623987E+00 1.167752E-07
2.661207E+00 1.624008E+00 1.155020E-07
2.659823E+00 1.624029E+00 1.142405E-07
2.658442E+00 1.624050E+00 1.129905E-07
2.657062E+00 1.624070E+00 1.117519E-07
2.655682E+00 1.624091E+00 1.105248E-07
2.654305E+00 1.624112E+00 1.093089E-07
2.652929E+00 1.624132E+00 1.081043E-07
2.651554E+00 1.624153E+00 1.069108E-07
2.650181E+00 1.624173E+00 1.057284E-07
2.648809E+00 1.624194E+00 1.045570E-07
2.647439E+00 1.624214E+00 1.033965E-07
2.646070E+00 1.624235E+00 1.022469E-07
2.644703E+00 1.624255E+00 1.011081E-07
2.643337E+00 1.624276E+00 9.997991E-08
2.641972E+00 1.624296E+00 9.886239E-08
2.640609E+00 1.624316E+00 9.775541E-08
2.639247E+00 1.624337E+00 9.665890E-08
2.637886E+00 1.624357E+00 9.557279E-08
2.636527E+00 1.624377E+00 9.449701E-08
2.635170E+00 1.624397E+00 9.343149E-08
2.633814E+00 1.624418E+00 9.237614E-08
2.632459E+00 1.624438E+00 9.133089E-08
2.631105E+00 1.624458E+00 9.029568E-08
2.629753E+00 1.624478E+00 8.927042E-08
2.628403E+00 1.624498E+00 8.825505E-08
2.627054E+00 1.624518E+00 8.724950E-08
2.625706E+00 1.624538E+00 8.625368E-08
2.624359E+00 1.624558E+00 8.526754E-08
2.623014E+00 1.624578E+00 8.429099E-08
2.621670E+00 1.624598E+00 8.332397E-08
2.620327E+00 1.624617E+00 8.236641E-08
2.618986E+00 1.624637E+00 8.141822E-08
2.617647E+00 1.624657E+00 8.047936E-08
2.616309E+00 1.624677E+00 7.954973E-08
2.614972E+00 1.624696E+00 7.862928E-08
2.613636E+00 1.624716E+00 7.771793E-08
2.612302E+00 1.624736E+00 7.681561E-08
2.610969E+00 1.624755E+00 7.592226E-08
2.609638E+00 1.624775E+00 7.503781E-08
2.608308E+00 1.624794E+00 7.416218E-08
2.606979E+00 1.624814E+00 7.329531E-08
2.605652E+00 1.624833E+00 7.243712E-08
2.604325E+00 1.624853E+00 7.158756E-08
2.603001E+00 1.624872E+00 7.074656E-08
2.601677E+00 1.624892E+00 6.991404E-08
2.600356E+00 1.624911E+00 6.908994E-08
2.599035E+00 1.624930E+00 6.827420E-08
2.597716E+00 1.624950E+00 6.746674E-08
2.596398E+00 1.624969E+00 6.666750E-08
2.595081E+00 1.624988E+00 6.587642E-08
2.593766E+00 1.625007E+00 6.509343E-08
2.592452E+00 1.625027E+00 6.431846E-08
2.591139E+00 1.625046E+00 6.355145E-08
2.589828E+00 1.625065E+00 6.279234E-08
2.588518E+00 1.625084E+00 6.204106E-08
2.587209E+00 1.625103E+00 6.129754E-08
2.585902E+00 1.625122E+00 6.056173E-08
2.584596E+00 1.625141E+00 5.983355E-08
2.583291E+00 1.625160E+00 5.911295E-08
2.581988E+00 1.625179E+00 5.839987E-08
2.580686E+00 1.625198E+00 5.769423E-08
2.579385E+00 1.625217E+00 5.699599E-08
2.578086E+00 1.625235E+00 5.630507E-08
2.576788E+00 1.625254E+00 5.562142E-08
2.575491E+00 1.625273E+00 5.494497E-08
2.574195E+00 1.625292E+00 5.427566E-08
2.572901E+00 1.625310E+00 5.361344E-08
2.571608E+00 1.625329E+00 5.295824E-08
2.570316E+00 1.625348E+00 5.231001E-08
2.569026E+00 1.625366E+00 5.166868E-08
2.567737E+00 1.625385E+00 5.103419E-08
2.566449E+00 1.625404E+00 5.040648E-08
2.565163E+00 1.625422E+00 4.978551E-08
2.563878E+00 1.625441E+00 4.917120E-08
2.562594E+00 1.625459E+00 4.856350E-08
2.561311E+00 1.625478E+00 4.796235E-08
2.560030E+00 1.625496E+00 4.736770E-08
2.558750E+00 1.625514E+00 4.677949E-08
2.557471E+00 1.625533E+00 4.619766E-08
2.556194E+00 1.625551E+00 4.562215E-08
2.554917E+00 1.625569E+00 4.505291E-08
2.553642E+00 1.625588E+00 4.448989E-08
2.552369E+00 1.625606E+00 4.393303E-08
2.551097E+00 1.625624E+00 4.338226E-08
2.549826E+00 1.625642E+00 4.283755E-08
2.548556E+00 1.625661E+00 4.229883E-08
2.547287E+00 1.625679E+00 4.176605E-08
2.546020E+00 1.625697E+00 4.123916E-08
2.544754E+00 1.625715E+00 4.071810E-08
2.543489E+00 1.625733E+00 4.020282E-08
2.542226E+00 1.625751E+00 3.969327E-08
2.540964E+00 1.625769E+00 3.918939E-08
2.539703E+00 1.625787E+00 3.869113E-08
2.538442E+00 1.625805E+00 3.819845E-08
2.537184E+00 1.625823E+00 3.771128E-08
2.535926E+00 1.625841E+00 3.722959E-08
2.534670E+00 1.625858E+00 3.675331E-08
2.533416E+00 1.625876E+00 3.628240E-08
2.532162E+00 1.625894E+00 3.581680E-08
2.530910E+00 1.625912E+00 3.535647E-08
2.529659E+00 1.625930E+00 3.490137E-08
2.528409E+00 1.625947E+00 3.445143E-08
2.527161E+00 1.625965E+00 3.400661E-08
2.525913E+00 1.625983E+00 3.356686E-08
2.524667E+00 1.626000E+00 3.313213E-08
2.523422E+00 1.626018E+00 3.270238E-08
2.522178E+00 1.626035E+00 3.227756E-08
2.520936E+00 1.626053E+00 3.185762E-08
2.519695E+00 1.626070E+00 3.144251E-08
2.518455E+00 1.626088E+00 3.103219E-08
2.517216E+00 1.626105E+00 3.062662E-08
2.515978E+00 1.626123E+00 3.022574E-08
2.514742E+00 1.626140E+00 2.982950E-08
2.513507E+00 1.626158E+00 2.943788E-08
2.512273E+00 1.626175E+00 2.905081E-08
2.511040E+00 1.626192E+00 2.866826E-08
2.509809E+00 1.626210E+00 2.829018E-08
2.508579E+00 1.626227E+00 2.791652E-08
2.507349E+00 1.626244E+00 2.754725E-08
2.506121E+00 1.626261E+00 2.718232E-08
2.504895E+00 1.626279E+00 2.682169E-08
2.503669E+00 1.626296E+00 2.646531E-08
2.502445E+00 1.626313E+00 2.611314E-08
2.501222E+00 1.626330E+00 2.576514E-08
2.500000E+00 1.626347E+00 2.542127E-08
