5.117500E+03 2.616790E+00 1.218855E-04
2.558750E+03 2.616936E+00 2.461989E-04
1.705833E+03 2.617179E+00 3.753922E-04
1.279375E+03 2.617520E+00 5.119653E-04
1.023500E+03 2.617959E+00 6.584891E-04
8.529170E+02 2.618497E+00 8.176292E-04
7.310716E+02 2.619133E+00 9.921678E-04
6.396876E+02 2.619869E+00 1.185025E-03
5.686112E+02 2.620704E+00 1.399280E-03
5.117500E+02 2.621640E+00 1.638189E-03
4.652273E+02 2.622676E+00 1.905202E-03
4.264583E+02 2.623814E+00 2.203982E-03
3.936538E+02 2.625054E+00 2.538415E-03
3.655357E+02 2.626395E+00 2.912621E-03
3.411666E+02 2.627839E+00 3.330964E-03
3.198437E+02 2.629385E+00 3.798058E-03
3.010294E+02 2.631034E+00 4.318767E-03
2.843056E+02 2.632784E+00 4.898202E-03
2.693421E+02 2.634634E+00 5.541718E-03
2.558750E+02 2.636585E+00 6.254904E-03
2.436905E+02 2.638635E+00 7.043563E-03
2.326136E+02 2.640781E+00 7.913698E-03
2.225000E+02 2.643023E+00 8.871483E-03
2.132292E+02 2.645356E+00 9.923234E-03
2.047000E+02 2.647778E+00 1.107537E-02
1.968269E+02 2.650286E+00 1.233438E-02
1.895370E+02 2.652874E+00 1.370677E-02
1.827678E+02 2.655538E+00 1.519900E-02
1.764655E+02 2.658272E+00 1.681744E-02
1.705833E+02 2.661071E+00 1.856830E-02
1.650807E+02 2.663927E+00 2.045759E-02
1.599219E+02 2.666832E+00 2.249099E-02
1.550758E+02 2.669779E+00 2.467381E-02
1.505147E+02 2.672758E+00 2.701093E-02
1.462143E+02 2.675759E+00 2.950669E-02
1.421528E+02 2.678773E+00 3.216480E-02
1.383108E+02 2.681788E+00 3.498829E-02
1.346710E+02 2.684793E+00 3.797940E-02
1.312179E+02 2.687776E+00 4.113949E-02
1.279375E+02 2.690724E+00 4.446901E-02
1.248171E+02 2.693625E+00 4.796737E-02
1.218452E+02 2.696465E+00 5.163290E-02
1.190116E+02 2.699231E+00 5.546276E-02
1.163068E+02 2.701909E+00 5.945292E-02
1.137222E+02 2.704485E+00 6.359808E-02
1.112500E+02 2.706947E+00 6.789161E-02
1.088830E+02 2.709281E+00 7.232556E-02
1.066146E+02 2.711474E+00 7.689064E-02
1.044388E+02 2.713513E+00 8.157617E-02
1.023500E+02 2.715388E+00 8.637010E-02
1.003431E+02 2.717086E+00 9.125905E-02
9.841348E+01 2.718599E+00 9.622831E-02
9.655660E+01 2.719916E+00 1.012619E-01
9.476849E+01 2.721031E+00 1.063426E-01
9.304541E+01 2.721936E+00 1.114521E-01
9.138396E+01 2.722627E+00 1.165710E-01
8.978071E+01 2.723101E+00 1.216790E-01
8.823275E+01 2.723356E+00 1.267548E-01
8.673727E+01 2.723393E+00 1.317766E-01
8.529170E+01 2.723215E+00 1.367220E-01
8.389346E+01 2.722826E+00 1.415682E-01
8.254033E+01 2.722234E+00 1.462921E-01
8.123015E+01 2.721448E+00 1.508707E-01
7.996092E+01 2.720481E+00 1.552812E-01
7.873080E+01 2.719347E+00 1.595011E-01
7.753789E+01 2.718064E+00 1.635087E-01
7.638060E+01 2.716653E+00 1.672831E-01
7.525734E+01 2.715137E+00 1.708045E-01
7.416665E+01 2.713542E+00 1.740549E-01
7.310716E+01 2.711899E+00 1.770177E-01
7.207747E+01 2.710240E+00 1.796787E-01
7.107639E+01 2.708602E+00 1.820262E-01
7.010273E+01 2.707024E+00 1.840512E-01
6.915538E+01 2.705551E+00 1.857487E-01
6.823335E+01 2.704232E+00 1.871175E-01
6.733553E+01 2.703118E+00 1.881615E-01
6.646104E+01 2.702268E+00 1.888902E-01
6.560896E+01 2.701747E+00 1.893209E-01
6.477846E+01 2.701624E+00 1.894796E-01
6.396876E+01 2.701980E+00 1.894039E-01
6.317902E+01 2.702902E+00 1.891467E-01
6.240853E+01 2.704491E+00 1.887813E-01
6.165661E+01 2.706860E+00 1.884093E-01
6.092264E+01 2.710139E+00 1.881729E-01
6.020589E+01 2.714475E+00 1.882729E-01
5.950582E+01 2.720030E+00 1.889988E-01
5.882183E+01 2.726968E+00 1.907754E-01
5.815340E+01 2.735425E+00 1.942371E-01
5.750001E+01 2.745422E+00 2.003426E-01
5.686112E+01 2.756648E+00 2.105317E-01
5.623626E+01 2.767961E+00 2.268663E-01
5.562499E+01 2.776355E+00 2.518380E-01
5.502687E+01 2.775357E+00 2.868069E-01
5.444150E+01 2.754869E+00 3.272590E-01
5.386843E+01 2.708813E+00 3.571270E-01
5.330729E+01 2.649523E+00 3.570732E-01
5.275773E+01 2.601755E+00 3.271245E-01
5.221938E+01 2.577226E+00 2.850000E-01
5.169193E+01 2.571547E+00 2.450523E-01
5.117500E+01 2.576717E+00 2.121464E-01
5.066832E+01 2.587199E+00 1.861504E-01
5.017156E+01 2.600065E+00 1.656075E-01
4.968445E+01 2.613939E+00 1.491032E-01
4.920674E+01 2.628225E+00 1.355635E-01
4.873810E+01 2.642697E+00 1.242327E-01
4.827830E+01 2.657292E+00 1.145914E-01
4.782710E+01 2.672024E+00 1.062844E-01
4.738427E+01 2.686937E+00 9.906833E-02
4.694955E+01 2.702086E+00 9.277619E-02
4.652273E+01 2.717528E+00 8.729404E-02
4.610360E+01 2.733321E+00 8.254570E-02
4.569196E+01 2.749519E+00 7.848277E-02
4.528762E+01 2.766179E+00 7.507833E-02
4.489036E+01 2.783355E+00 7.232305E-02
4.450000E+01 2.801104E+00 7.022325E-02
4.411638E+01 2.819487E+00 6.880038E-02
4.373931E+01 2.838567E+00 6.809173E-02
4.336865E+01 2.858413E+00 6.815259E-02
4.300420E+01 2.879102E+00 6.905970E-02
4.264583E+01 2.900715E+00 7.091651E-02
4.229338E+01 2.923340E+00 7.386077E-02
4.194671E+01 2.947070E+00 7.807499E-02
4.160570E+01 2.971993E+00 8.380093E-02
4.127016E+01 2.998189E+00 9.135914E-02
4.094000E+01 3.025699E+00 1.011746E-01
4.061507E+01 3.054495E+00 1.138080E-01
4.029527E+01 3.084399E+00 1.299891E-01
3.998047E+01 3.114965E+00 1.506357E-01
3.967054E+01 3.145268E+00 1.768166E-01
3.936538E+01 3.173610E+00 2.095604E-01
3.906488E+01 3.197203E+00 2.493276E-01
3.876895E+01 3.212201E+00 2.949415E-01
3.847745E+01 3.214868E+00 3.421665E-01
3.819030E+01 3.204602E+00 3.833958E-01
3.790741E+01 3.187201E+00 4.108860E-01
3.762867E+01 3.173773E+00 4.228111E-01
3.735402E+01 3.174222E+00 4.258676E-01
3.708334E+01 3.191870E+00 4.313319E-01
3.681655E+01 3.223617E+00 4.499569E-01
3.655357E+01 3.262253E+00 4.902824E-01
3.629432E+01 3.296776E+00 5.589640E-01
3.603874E+01 3.310082E+00 6.592823E-01
3.578672E+01 3.277379E+00 7.839163E-01
3.553819E+01 3.175182E+00 9.024351E-01
3.529310E+01 3.009135E+00 9.622226E-01
3.505136E+01 2.831370E+00 9.271786E-01
3.481293E+01 2.703573E+00 8.151676E-01
3.457770E+01 2.649072E+00 6.763882E-01
3.434564E+01 2.653862E+00 5.502080E-01
3.411666E+01 2.693673E+00 4.516735E-01
3.389072E+01 2.750226E+00 3.807440E-01
3.366777E+01 2.813301E+00 3.326099E-01
3.344771E+01 2.877937E+00 3.025766E-01
3.323052E+01 2.941706E+00 2.874653E-01
3.301613E+01 3.002805E+00 2.856746E-01
3.280449E+01 3.058475E+00 2.965770E-01
3.259554E+01 3.103588E+00 3.186351E-01
3.238924E+01 3.131407E+00 3.451101E-01
3.218553E+01 3.141549E+00 3.611323E-01
3.198437E+01 3.149326E+00 3.550438E-01
3.178572E+01 3.173000E+00 3.341529E-01
3.158951E+01 3.215525E+00 3.139891E-01
3.139571E+01 3.270271E+00 3.026157E-01
3.120427E+01 3.331247E+00 3.011220E-01
3.101515E+01 3.395344E+00 3.083517E-01
3.082832E+01 3.461334E+00 3.231320E-01
3.064371E+01 3.528869E+00 3.448055E-01
3.046131E+01 3.597943E+00 3.732345E-01
3.028106E+01 3.668619E+00 4.087175E-01
3.010294E+01 3.740886E+00 4.519253E-01
2.992690E+01 3.814543E+00 5.038649E-01
2.975291E+01 3.889080E+00 5.658586E-01
2.958092E+01 3.963517E+00 6.395130E-01
2.941092E+01 4.036200E+00 7.266434E-01
2.924286E+01 4.104523E+00 8.290966E-01
2.907671E+01 4.164638E+00 9.483896E-01
2.891243E+01 4.211218E+00 1.085064E+00
2.875000E+01 4.237533E+00 1.237686E+00
2.858938E+01 4.236181E+00 1.401600E+00
2.843056E+01 4.200867E+00 1.567912E+00
2.827348E+01 4.129187E+00 1.723668E+00
2.811813E+01 4.025396E+00 1.854151E+00
2.796448E+01 3.901287E+00 1.947120E+00
2.781250E+01 3.773943E+00 1.997050E+00
2.766217E+01 3.661222E+00 2.006975E+00
2.751344E+01 3.577390E+00 1.987215E+00
2.736631E+01 3.530713E+00 1.952260E+00
2.722074E+01 3.523199E+00 1.917559E+00
2.707672E+01 3.551675E+00 1.897255E+00
2.693421E+01 3.609304E+00 1.903082E+00
2.679319E+01 3.686833E+00 1.944195E+00
2.665365E+01 3.773168E+00 2.027444E+00
2.651554E+01 3.855210E+00 2.157441E+00
2.637886E+01 3.917311E+00 2.335802E+00
2.624359E+01 3.941190E+00 2.559153E+00
2.610969E+01 3.907647E+00 2.816212E+00
2.597716E+01 3.801248E+00 3.085676E+00
2.584596E+01 3.617282E+00 3.338035E+00
2.571608E+01 3.366743E+00 3.543217E+00
2.558750E+01 3.074233E+00 3.680820E+00
2.546020E+01 2.768957E+00 3.745871E+00
2.533416E+01 2.475206E+00 3.746662E+00
2.520936E+01 2.207869E+00 3.698080E+00
2.508579E+01 1.973092E+00 3.615563E+00
2.496342E+01 1.771175E+00 3.511918E+00
2.484223E+01 1.599380E+00 3.396520E+00
2.472222E+01 1.453830E+00 3.275706E+00
2.460336E+01 1.330548E+00 3.153517E+00
2.448565E+01 1.225928E+00 3.032396E+00
2.436905E+01 1.136889E+00 2.913727E+00
2.425355E+01 1.060883E+00 2.798211E+00
2.413915E+01 9.958458E-01 2.686119E+00
2.402582E+01 9.401196E-01 2.577458E+00
2.391355E+01 8.923873E-01 2.472074E+00
2.380233E+01 8.516113E-01 2.369721E+00
2.369213E+01 8.169858E-01 2.270101E+00
2.358295E+01 7.878993E-01 2.172893E+00
2.347477E+01 7.639068E-01 2.077767E+00
2.336758E+01 7.447115E-01 1.984397E+00
2.326136E+01 7.301529E-01 1.892475E+00
2.315611E+01 7.202027E-01 1.801714E+00
2.305180E+01 7.149649E-01 1.711871E+00
2.294843E+01 7.146811E-01 1.622762E+00
2.284598E+01 7.197364E-01 1.534298E+00
2.274444E+01 7.306601E-01 1.446534E+00
2.264380E+01 7.481112E-01 1.359735E+00
2.254405E+01 7.728301E-01 1.274465E+00
2.244518E+01 8.055326E-01 1.191676E+00
2.234716E+01 8.467277E-01 1.112753E+00
2.225000E+01 8.964780E-01 1.039459E+00
2.215368E+01 9.541848E-01 9.737078E-01
2.205819E+01 1.018534E+00 9.172123E-01
2.196352E+01 1.087684E+00 8.711389E-01
2.186966E+01 1.159616E+00 8.359568E-01
2.177660E+01 1.232476E+00 8.115214E-01
2.168432E+01 1.304769E+00 7.972963E-01
2.159282E+01 1.375394E+00 7.925905E-01
2.150210E+01 1.443590E+00 7.967391E-01
2.141213E+01 1.508823E+00 8.092192E-01
2.132292E+01 1.570670E+00 8.297114E-01
2.123444E+01 1.628685E+00 8.581183E-01
2.114669E+01 1.682272E+00 8.945429E-01
2.105967E+01 1.730544E+00 9.392167E-01
2.097336E+01 1.772208E+00 9.923672E-01
2.088775E+01 1.805469E+00 1.054009E+00
2.080284E+01 1.828039E+00 1.123654E+00
2.071863E+01 1.837281E+00 1.199973E+00
2.063508E+01 1.830575E+00 1.280487E+00
2.055221E+01 1.805915E+00 1.361441E+00
2.047000E+01 1.762606E+00 1.438042E+00
2.038844E+01 1.701824E+00 1.505140E+00
2.030754E+01 1.626697E+00 1.558195E+00
2.022727E+01 1.541806E+00 1.594178E+00
2.014764E+01 1.452264E+00 1.612007E+00
2.006863E+01 1.362786E+00 1.612406E+00
1.999023E+01 1.277079E+00 1.597349E+00
1.991245E+01 1.197644E+00 1.569408E+00
1.983527E+01 1.125898E+00 1.531219E+00
1.975869E+01 1.062442E+00 1.485163E+00
1.968269E+01 1.007347E+00 1.433225E+00
1.960728E+01 9.603910E-01 1.376982E+00
1.953244E+01 9.212259E-01 1.317656E+00
1.945818E+01 8.894890E-01 1.256191E+00
1.938447E+01 8.648615E-01 1.193337E+00
1.931132E+01 8.470945E-01 1.129730E+00
1.923872E+01 8.360076E-01 1.065960E+00
1.916667E+01 8.314652E-01 1.002629E+00
1.909515E+01 8.333317E-01 9.403924E-01
1.902416E+01 8.414112E-01 8.799740E-01
1.895370E+01 8.553810E-01 8.221481E-01
1.888377E+01 8.747375E-01 7.676815E-01
1.881434E+01 8.987800E-01 7.172460E-01
1.874542E+01 9.266469E-01 6.713259E-01
1.867701E+01 9.573989E-01 6.301556E-01
1.860909E+01 9.901238E-01 5.937095E-01
1.854167E+01 1.024028E+00 5.617420E-01
1.847473E+01 1.058490E+00 5.338581E-01
1.840827E+01 1.093081E+00 5.095905E-01
1.834229E+01 1.127550E+00 4.884638E-01
1.827678E+01 1.161797E+00 4.700410E-01
1.821175E+01 1.195839E+00 4.539515E-01
1.814716E+01 1.229774E+00 4.399049E-01
1.808304E+01 1.263761E+00 4.276948E-01
1.801937E+01 1.297990E+00 4.171975E-01
1.795614E+01 1.332674E+00 4.083680E-01
1.789336E+01 1.368032E+00 4.012354E-01
1.783101E+01 1.404288E+00 3.959005E-01
1.776910E+01 1.441661E+00 3.925364E-01
1.770761E+01 1.480366E+00 3.913917E-01
1.764655E+01 1.520606E+00 3.927999E-01
1.758591E+01 1.562569E+00 3.971932E-01
1.752569E+01 1.606413E+00 4.051226E-01
1.746587E+01 1.652248E+00 4.172852E-01
1.740646E+01 1.700098E+00 4.345580E-01
1.734746E+01 1.749846E+00 4.580372E-01
1.728885E+01 1.801138E+00 4.890774E-01
1.723064E+01 1.853240E+00 5.293163E-01
1.717282E+01 1.904824E+00 5.806575E-01
1.711538E+01 1.953670E+00 6.451516E-01
1.705833E+01 1.996301E+00 7.246783E-01
1.700166E+01 2.027673E+00 8.202968E-01
1.694536E+01 2.041178E+00 9.311642E-01
1.688944E+01 2.029456E+00 1.053171E+00
1.683388E+01 1.986430E+00 1.177994E+00
1.677869E+01 1.910230E+00 1.293802E+00
1.672386E+01 1.805312E+00 1.388320E+00
1.666938E+01 1.681755E+00 1.452976E+00
1.661526E+01 1.551774E+00 1.485364E+00
1.656149E+01 1.425860E+00 1.488609E+00
1.650807E+01 1.310789E+00 1.468803E+00
1.645498E+01 1.209690E+00 1.432532E+00
1.640224E+01 1.123125E+00 1.385459E+00
1.634984E+01 1.050225E+00 1.331883E+00
1.629777E+01 9.895145E-01 1.274823E+00
1.624603E+01 9.393869E-01 1.216298E+00
1.619462E+01 8.983369E-01 1.157611E+00
1.614353E+01 8.650539E-01 1.099576E+00
1.609277E+01 8.384395E-01 1.042692E+00
1.604232E+01 8.175919E-01 9.872563E-01
1.599219E+01 8.017780E-01 9.334483E-01
1.594237E+01 7.904015E-01 8.813772E-01
1.589286E+01 7.829731E-01 8.311180E-01
1.584365E+01 7.790833E-01 7.827312E-01
1.579475E+01 7.783792E-01 7.362744E-01
1.574615E+01 7.805441E-01 6.918058E-01
1.569785E+01 7.852826E-01 6.493836E-01
1.564985E+01 7.923096E-01 6.090606E-01
1.560213E+01 8.013442E-01 5.708777E-01
1.555471E+01 8.121084E-01 5.348567E-01
1.550758E+01 8.243298E-01 5.009949E-01
1.546072E+01 8.377467E-01 4.692622E-01
1.541416E+01 8.521139E-01 4.396014E-01
1.536787E+01 8.672084E-01 4.119313E-01
1.532186E+01 8.828331E-01 3.861512E-01
1.527612E+01 8.988191E-01 3.621477E-01
1.523065E+01 9.150252E-01 3.397994E-01
1.518546E+01 9.313367E-01 3.189831E-01
1.514053E+01 9.476629E-01 2.995775E-01
1.509587E+01 9.639337E-01 2.814666E-01
1.505147E+01 9.800965E-01 2.645412E-01
1.500733E+01 9.961134E-01 2.487010E-01
1.496345E+01 1.011958E+00 2.338541E-01
1.491983E+01 1.027612E+00 2.199181E-01
1.487645E+01 1.043066E+00 2.068188E-01
1.483333E+01 1.058315E+00 1.944903E-01
1.479046E+01 1.073357E+00 1.828743E-01
1.474784E+01 1.088192E+00 1.719190E-01
1.470546E+01 1.102825E+00 1.615788E-01
1.466332E+01 1.117259E+00 1.518134E-01
1.462143E+01 1.131498E+00 1.425872E-01
1.457977E+01 1.145548E+00 1.338686E-01
1.453835E+01 1.159412E+00 1.256293E-01
1.449717E+01 1.173095E+00 1.178441E-01
1.445622E+01 1.186601E+00 1.104903E-01
1.441549E+01 1.199932E+00 1.035471E-01
1.437500E+01 1.213092E+00 9.699548E-02
1.433473E+01 1.226083E+00 9.081789E-02
1.429469E+01 1.238906E+00 8.499785E-02
1.425487E+01 1.251563E+00 7.951983E-02
1.421528E+01 1.264055E+00 7.436905E-02
1.417590E+01 1.276383E+00 6.953136E-02
1.413674E+01 1.288548E+00 6.499311E-02
1.409780E+01 1.300550E+00 6.074108E-02
1.405907E+01 1.312390E+00 5.676239E-02
1.402055E+01 1.324069E+00 5.304452E-02
1.398224E+01 1.335588E+00 4.957522E-02
1.394414E+01 1.346948E+00 4.634254E-02
1.390625E+01 1.358150E+00 4.333480E-02
1.386856E+01 1.369195E+00 4.054063E-02
1.383108E+01 1.380087E+00 3.794895E-02
1.379380E+01 1.390826E+00 3.554899E-02
1.375672E+01 1.401415E+00 3.333029E-02
1.371984E+01 1.411857E+00 3.128277E-02
1.368316E+01 1.422155E+00 2.939666E-02
1.364667E+01 1.432312E+00 2.766259E-02
1.361037E+01 1.442332E+00 2.607155E-02
1.357427E+01 1.452219E+00 2.461491E-02
1.353836E+01 1.461975E+00 2.328445E-02
1.350264E+01 1.471607E+00 2.207233E-02
1.346710E+01 1.481117E+00 2.097111E-02
1.343176E+01 1.490511E+00 1.997373E-02
1.339660E+01 1.499794E+00 1.907352E-02
1.336162E+01 1.508970E+00 1.826421E-02
1.332682E+01 1.518044E+00 1.753989E-02
1.329221E+01 1.527021E+00 1.689501E-02
1.325777E+01 1.535907E+00 1.632439E-02
1.322351E+01 1.544706E+00 1.582317E-02
1.318943E+01 1.553424E+00 1.538684E-02
1.315553E+01 1.562065E+00 1.501121E-02
1.312179E+01 1.570637E+00 1.469237E-02
1.308824E+01 1.579143E+00 1.442672E-02
1.305485E+01 1.587589E+00 1.421095E-02
1.302163E+01 1.595980E+00 1.404198E-02
1.298858E+01 1.604322E+00 1.391702E-02
1.295570E+01 1.612621E+00 1.383350E-02
1.292298E+01 1.620880E+00 1.378907E-02
1.289043E+01 1.629107E+00 1.378161E-02
1.285804E+01 1.637306E+00 1.380920E-02
1.282581E+01 1.645482E+00 1.387011E-02
1.279375E+01 1.653642E+00 1.396280E-02
1.276185E+01 1.661790E+00 1.408591E-02
1.273010E+01 1.669931E+00 1.423823E-02
1.269851E+01 1.678072E+00 1.441872E-02
1.266708E+01 1.686218E+00 1.462648E-02
1.263580E+01 1.694374E+00 1.486076E-02
1.260468E+01 1.702546E+00 1.512096E-02
1.257371E+01 1.710739E+00 1.540659E-02
1.254289E+01 1.718959E+00 1.571729E-02
1.251222E+01 1.727212E+00 1.605285E-02
1.248171E+01 1.735503E+00 1.641315E-02
1.245134E+01 1.743839E+00 1.679820E-02
1.242112E+01 1.752226E+00 1.720812E-02
1.239104E+01 1.760670E+00 1.764316E-02
1.236111E+01 1.769176E+00 1.810366E-02
1.233133E+01 1.777752E+00 1.859008E-02
1.230168E+01 1.786404E+00 1.910300E-02
1.227218E+01 1.795140E+00 1.964313E-02
1.224282E+01 1.803965E+00 2.021126E-02
1.221360E+01 1.812887E+00 2.080833E-02
1.218452E+01 1.821914E+00 2.143540E-02
1.215558E+01 1.831054E+00 2.209365E-02
1.212678E+01 1.840314E+00 2.278442E-02
1.209811E+01 1.849703E+00 2.350915E-02
1.206957E+01 1.859229E+00 2.426948E-02
1.204118E+01 1.868903E+00 2.506718E-02
1.201291E+01 1.878733E+00 2.590419E-02
1.198478E+01 1.888729E+00 2.678266E-02
1.195678E+01 1.898903E+00 2.770492E-02
1.192890E+01 1.909264E+00 2.867351E-02
1.190116E+01 1.919826E+00 2.969122E-02
1.187355E+01 1.930599E+00 3.076109E-02
1.184606E+01 1.941598E+00 3.188644E-02
1.181871E+01 1.952836E+00 3.307088E-02
1.179148E+01 1.964327E+00 3.431839E-02
1.176437E+01 1.976088E+00 3.563331E-02
1.173739E+01 1.988135E+00 3.702039E-02
1.171053E+01 2.000486E+00 3.848485E-02
1.168379E+01 2.013160E+00 4.003244E-02
1.165718E+01 2.026178E+00 4.166950E-02
1.163068E+01 2.039561E+00 4.340302E-02
1.160431E+01 2.053333E+00 4.524076E-02
1.157805E+01 2.067521E+00 4.719133E-02
1.155192E+01 2.082151E+00 4.926437E-02
1.152590E+01 2.097254E+00 5.147065E-02
1.150000E+01 2.112862E+00 5.382230E-02
1.147422E+01 2.129012E+00 5.633301E-02
1.144855E+01 2.145742E+00 5.901837E-02
1.142299E+01 2.163094E+00 6.189616E-02
1.139755E+01 2.181117E+00 6.498682E-02
1.137222E+01 2.199860E+00 6.831396E-02
1.134701E+01 2.219381E+00 7.190503E-02
1.132190E+01 2.239742E+00 7.579208E-02
1.129691E+01 2.261012E+00 8.001278E-02
1.127203E+01 2.283266E+00 8.461159E-02
1.124725E+01 2.306587E+00 8.964124E-02
1.122259E+01 2.331069E+00 9.516451E-02
1.119803E+01 2.356810E+00 1.012564E-01
1.117358E+01 2.383923E+00 1.080065E-01
1.114924E+01 2.412526E+00 1.155228E-01
1.112500E+01 2.442750E+00 1.239344E-01
1.110087E+01 2.474736E+00 1.333970E-01
1.107684E+01 2.508631E+00 1.440974E-01
1.105292E+01 2.544592E+00 1.562600E-01
1.102910E+01 2.582779E+00 1.701543E-01
1.100538E+01 2.623352E+00 1.861025E-01
1.098176E+01 2.666466E+00 2.044893E-01
1.095824E+01 2.712258E+00 2.257720E-01
1.093483E+01 2.760837E+00 2.504914E-01
1.091151E+01 2.812268E+00 2.792824E-01
1.088830E+01 2.866543E+00 3.128840E-01
1.086518E+01 2.923555E+00 3.521462E-01
1.084216E+01 2.983057E+00 3.980307E-01
1.081924E+01 3.044615E+00 4.516036E-01
1.079641E+01 3.107552E+00 5.140124E-01
1.077368E+01 3.170889E+00 5.864436E-01
1.075105E+01 3.233288E+00 6.700532E-01
1.072851E+01 3.293006E+00 7.658663E-01
1.070607E+01 3.347879E+00 8.746457E-01
1.068372E+01 3.395352E+00 9.967381E-01
1.066146E+01 3.432577E+00 1.131916E+00
1.063929E+01 3.456569E+00 1.279251E+00
1.061722E+01 3.464432E+00 1.437045E+00
1.059524E+01 3.453595E+00 1.602861E+00
1.057335E+01 3.422025E+00 1.773642E+00
1.055155E+01 3.368364E+00 1.945900E+00
1.052983E+01 3.291975E+00 2.115914E+00
1.050821E+01 3.192906E+00 2.279885E+00
1.048668E+01 3.071855E+00 2.434019E+00
1.046524E+01 2.930162E+00 2.574571E+00
1.044388E+01 2.769882E+00 2.697890E+00
1.042261E+01 2.593893E+00 2.800571E+00
1.040142E+01 2.405970E+00 2.879716E+00
1.038032E+01 2.210711E+00 2.933301E+00
1.035931E+01 2.013253E+00 2.960526E+00
1.033838E+01 1.818814E+00 2.962016E+00
1.031754E+01 1.632156E+00 2.939785E+00
1.029678E+01 1.457126E+00 2.896944E+00
1.027610E+01 1.296394E+00 2.837265E+00
1.025551E+01 1.151413E+00 2.764708E+00
1.023500E+01 1.022562E+00 2.683033E+00
1.021457E+01 9.093884E-01 2.595543E+00
1.019422E+01 8.108828E-01 2.504960E+00
1.017396E+01 7.257133E-01 2.413414E+00
1.015377E+01 6.524146E-01 2.322487E+00
1.013366E+01 5.895183E-01 2.233300E+00
1.011364E+01 5.356335E-01 2.146598E+00
1.009369E+01 4.894919E-01 2.062838E+00
1.007382E+01 4.499663E-01 1.982262E+00
1.005403E+01 4.160730E-01 1.904956E+00
1.003431E+01 3.869646E-01 1.830893E+00
1.001468E+01 3.619187E-01 1.759973E+00
9.995112E+00 3.403233E-01 1.692049E+00
9.975630E+00 3.216632E-01 1.626940E+00
9.956222E+00 3.055067E-01 1.564452E+00
9.936891E+00 2.914935E-01 1.504382E+00
9.917634E+00 2.793239E-01 1.446528E+00
9.898452E+00 2.687502E-01 1.390691E+00
9.879344E+00 2.595683E-01 1.336677E+00
9.860309E+00 2.516116E-01 1.284303E+00
9.841348E+00 2.447454E-01 1.233391E+00
9.822459E+00 2.388624E-01 1.183775E+00
9.803643E+00 2.338794E-01 1.135293E+00
9.784899E+00 2.297345E-01 1.087793E+00
9.766226E+00 2.263852E-01 1.041128E+00
9.747615E+00 2.238077E-01 9.951546E-01
9.729084E+00 2.219960E-01 9.497356E-01
9.710623E+00 2.209635E-01 9.047347E-01
9.692233E+00 2.207440E-01 8.600174E-01
9.673912E+00 2.213954E-01 8.154499E-01
9.655660E+00 2.230043E-01 7.708992E-01
9.637477E+00 2.256930E-01 7.262341E-01
9.619362E+00 2.296300E-01 6.813295E-01
9.601315E+00 2.350428E-01 6.360748E-01
9.583336E+00 2.422347E-01 5.903909E-01
9.565424E+00 2.516035E-01 5.442622E-01
9.547578E+00 2.636520E-01 4.977931E-01
9.529800E+00 2.789716E-01 4.512957E-01
9.512078E+00 2.981562E-01 4.054022E-01
9.494431E+00 3.215990E-01 3.611391E-01
9.476849E+00 3.491934E-01 3.198286E-01
9.459333E+00 3.801379E-01 2.827197E-01
9.441881E+00 4.131014E-01 2.505305E-01
9.424493E+00 4.466809E-01 2.232713E-01
9.407170E+00 4.797831E-01 2.004377E-01
9.389909E+00 5.117317E-01 1.813199E-01
9.372712E+00 5.421900E-01 1.652184E-01
9.355578E+00 5.710403E-01 1.515353E-01
9.338507E+00 5.982890E-01 1.397910E-01
9.321498E+00 6.240046E-01 1.296110E-01
9.304541E+00 6.482834E-01 1.207050E-01
9.287655E+00 6.712303E-01 1.128475E-01
9.270831E+00 6.929490E-01 1.058622E-01
9.254067E+00 7.135376E-01 9.960974E-02
9.237363E+00 7.330867E-01 9.397892E-02
9.220720E+00 7.516788E-01 8.888012E-02
9.204137E+00 7.693885E-01 8.424032E-02
9.187613E+00 7.862832E-01 7.999944E-02
9.171148E+00 8.024236E-01 7.610764E-02
9.154743E+00 8.178644E-01 7.252317E-02
9.138396E+00 8.326551E-01 6.921081E-02
9.122107E+00 8.468403E-01 6.614062E-02
9.105876E+00 8.604606E-01 6.328698E-02
9.089694E+00 8.735527E-01 6.062782E-02
9.073579E+00 8.861501E-01 5.814405E-02
9.057520E+00 8.982833E-01 5.581901E-02
9.041518E+00 9.099804E-01 5.363813E-02
9.025572E+00 9.212669E-01 5.158861E-02
9.009683E+00 9.321662E-01 4.965913E-02
8.993849E+00 9.427002E-01 4.783964E-02
8.978071E+00 9.528886E-01 4.612122E-02
8.962348E+00 9.627500E-01 4.449589E-02
8.946680E+00 9.723015E-01 4.295649E-02
8.931067E+00 9.815588E-01 4.149658E-02
8.915509E+00 9.905366E-01 4.011037E-02
8.899996E+00 9.992487E-01 3.879260E-02
8.884545E+00 1.007708E+00 3.753851E-02
8.869148E+00 1.015926E+00 3.634377E-02
8.853804E+00 1.023914E+00 3.520445E-02
8.838513E+00 1.031682E+00 3.411695E-02
8.823275E+00 1.039241E+00 3.307795E-02
8.808089E+00 1.046599E+00 3.208446E-02
8.792956E+00 1.053765E+00 3.113368E-02
8.777874E+00 1.060747E+00 3.022306E-02
8.762844E+00 1.067553E+00 2.935024E-02
8.747866E+00 1.074190E+00 2.851306E-02
8.732938E+00 1.080664E+00 2.770948E-02
8.718061E+00 1.086982E+00 2.693766E-02
8.703228E+00 1.093150E+00 2.619584E-02
8.688452E+00 1.099175E+00 2.548244E-02
8.673727E+00 1.105060E+00 2.479595E-02
8.659051E+00 1.110812E+00 2.413497E-02
8.644425E+00 1.116435E+00 2.349820E-02
8.629848E+00 1.121934E+00 2.288444E-02
8.615320E+00 1.127313E+00 2.229254E-02
8.600841E+00 1.132576E+00 2.172145E-02
8.586411E+00 1.137728E+00 2.117016E-02
8.572029E+00 1.142773E+00 2.063774E-02
8.557695E+00 1.147713E+00 2.012332E-02
8.543409E+00 1.152553E+00 1.962607E-02
8.529170E+00 1.157295E+00 1.914521E-02
8.514972E+00 1.161943E+00 1.868002E-02
8.500828E+00 1.166500E+00 1.822982E-02
8.486731E+00 1.170968E+00 1.779394E-02
8.472681E+00 1.175351E+00 1.737178E-02
8.458677E+00 1.179651E+00 1.696276E-02
8.444719E+00 1.183870E+00 1.656634E-02
8.430808E+00 1.188011E+00 1.618199E-02
8.416942E+00 1.192077E+00 1.580923E-02
8.403121E+00 1.196069E+00 1.544760E-02
8.389346E+00 1.199990E+00 1.509665E-02
8.375616E+00 1.203841E+00 1.475597E-02
8.361931E+00 1.207625E+00 1.442516E-02
8.348284E+00 1.211344E+00 1.410385E-02
8.334688E+00 1.214999E+00 1.379169E-02
8.321136E+00 1.218592E+00 1.348832E-02
8.307628E+00 1.222124E+00 1.319343E-02
8.294164E+00 1.225599E+00 1.290671E-02
8.280744E+00 1.229016E+00 1.262787E-02
8.267367E+00 1.232377E+00 1.235663E-02
8.254033E+00 1.235685E+00 1.209272E-02
8.240742E+00 1.238940E+00 1.183589E-02
8.227493E+00 1.242143E+00 1.158589E-02
8.214288E+00 1.245296E+00 1.134250E-02
8.201124E+00 1.248401E+00 1.110549E-02
8.188003E+00 1.251458E+00 1.087466E-02
8.174917E+00 1.254468E+00 1.064980E-02
8.161879E+00 1.257434E+00 1.043071E-02
8.148883E+00 1.260355E+00 1.021722E-02
8.135929E+00 1.263233E+00 1.000914E-02
8.123015E+00 1.266068E+00 9.806312E-03
8.110142E+00 1.268863E+00 9.608565E-03
8.097310E+00 1.271618E+00 9.415745E-03
8.084519E+00 1.274333E+00 9.227705E-03
8.071768E+00 1.277010E+00 9.044299E-03
8.059057E+00 1.279649E+00 8.865393E-03
8.046386E+00 1.282252E+00 8.690852E-03
8.033755E+00 1.284819E+00 8.520552E-03
8.021163E+00 1.287351E+00 8.354370E-03
8.008604E+00 1.289849E+00 8.192191E-03
7.996092E+00 1.292313E+00 8.033902E-03
7.983618E+00 1.294745E+00 7.879396E-03
7.971183E+00 1.297144E+00 7.728571E-03
7.958786E+00 1.299512E+00 7.581327E-03
7.946428E+00 1.301849E+00 7.437571E-03
7.934109E+00 1.304157E+00 7.297211E-03
7.921827E+00 1.306434E+00 7.160160E-03
7.909584E+00 1.308683E+00 7.026337E-03
7.897378E+00 1.310904E+00 6.895662E-03
7.885210E+00 1.313097E+00 6.768059E-03
7.873080E+00 1.315263E+00 6.643457E-03
7.860980E+00 1.317403E+00 6.521788E-03
7.848924E+00 1.319516E+00 6.402989E-03
7.836905E+00 1.321604E+00 6.286999E-03
7.824922E+00 1.323667E+00 6.173763E-03
7.812976E+00 1.325706E+00 6.063228E-03
7.801067E+00 1.327720E+00 5.955346E-03
7.789193E+00 1.329712E+00 5.850074E-03
7.777356E+00 1.331680E+00 5.747373E-03
7.765555E+00 1.333625E+00 5.647207E-03
7.753789E+00 1.335548E+00 5.549548E-03
7.742059E+00 1.337450E+00 5.454370E-03
7.730365E+00 1.339330E+00 5.361652E-03
7.718706E+00 1.341190E+00 5.271380E-03
7.707076E+00 1.343029E+00 5.183545E-03
7.695487E+00 1.344847E+00 5.098141E-03
7.683932E+00 1.346646E+00 5.015169E-03
7.672413E+00 1.348426E+00 4.934636E-03
7.660927E+00 1.350186E+00 4.856553E-03
7.649477E+00 1.351928E+00 4.780936E-03
7.638060E+00 1.353651E+00 4.707806E-03
7.626677E+00 1.355357E+00 4.637189E-03
7.615328E+00 1.357044E+00 4.569115E-03
7.604013E+00 1.358714E+00 4.503618E-03
7.592732E+00 1.360367E+00 4.440733E-03
7.581484E+00 1.362003E+00 4.380499E-03
7.570269E+00 1.363622E+00 4.322956E-03
7.559082E+00 1.365224E+00 4.268144E-03
7.547933E+00 1.366810E+00 4.216102E-03
7.536817E+00 1.368380E+00 4.166867E-03
7.525734E+00 1.369933E+00 4.120473E-03
7.514684E+00 1.371471E+00 4.076949E-03
7.503666E+00 1.372994E+00 4.036317E-03
7.492680E+00 1.374500E+00 3.998592E-03
7.481726E+00 1.375991E+00 3.963780E-03
7.470804E+00 1.377467E+00 3.931874E-03
7.459914E+00 1.378927E+00 3.902857E-03
7.449056E+00 1.380372E+00 3.876696E-03
7.438229E+00 1.381802E+00 3.853344E-03
7.427428E+00 1.383217E+00 3.832737E-03
7.416665E+00 1.384616E+00 3.814793E-03
7.405932E+00 1.386000E+00 3.799414E-03
7.395230E+00 1.387370E+00 3.786480E-03
7.384559E+00 1.388724E+00 3.775854E-03
7.373919E+00 1.390063E+00 3.767380E-03
7.363309E+00 1.391388E+00 3.760883E-03
7.352730E+00 1.392697E+00 3.756168E-03
7.342182E+00 1.393992E+00 3.753027E-03
7.331663E+00 1.395272E+00 3.751235E-03
7.321175E+00 1.396537E+00 3.750551E-03
7.310716E+00 1.397788E+00 3.750726E-03
7.300288E+00 1.399024E+00 3.751501E-03
7.289884E+00 1.400246E+00 3.752609E-03
7.279514E+00 1.401454E+00 3.753782E-03
7.269175E+00 1.402648E+00 3.754749E-03
7.258864E+00 1.403829E+00 3.755245E-03
7.248583E+00 1.404996E+00 3.755010E-03
7.238331E+00 1.406150E+00 3.753793E-03
7.228108E+00 1.407292E+00 3.751359E-03
7.217913E+00 1.408420E+00 3.747485E-03
7.207747E+00 1.409537E+00 3.741972E-03
7.197610E+00 1.410642E+00 3.734641E-03
7.187502E+00 1.411736E+00 3.725338E-03
7.177422E+00 1.412818E+00 3.713936E-03
7.167364E+00 1.413890E+00 3.700337E-03
7.157341E+00 1.414952E+00 3.684470E-03
7.147345E+00 1.416003E+00 3.666297E-03
7.137377E+00 1.417046E+00 3.645810E-03
7.127436E+00 1.418079E+00 3.623031E-03
7.117524E+00 1.419104E+00 3.598008E-03
7.107639E+00 1.420120E+00 3.570822E-03
7.097781E+00 1.421128E+00 3.541573E-03
7.087951E+00 1.422129E+00 3.510389E-03
7.078148E+00 1.423122E+00 3.477417E-03
7.068372E+00 1.424109E+00 3.442819E-03
7.058623E+00 1.425088E+00 3.406774E-03
7.048900E+00 1.426061E+00 3.369469E-03
7.039200E+00 1.427028E+00 3.331098E-03
7.029531E+00 1.427989E+00 3.291859E-03
7.019889E+00 1.428943E+00 3.251951E-03
7.010273E+00 1.429892E+00 3.211567E-03
7.000683E+00 1.430834E+00 3.170895E-03
6.991120E+00 1.431771E+00 3.130115E-03
6.981583E+00 1.432703E+00 3.089394E-03
6.972071E+00 1.433629E+00 3.048889E-03
6.962586E+00 1.434549E+00 3.008740E-03
6.953126E+00 1.435463E+00 2.969074E-03
6.943692E+00 1.436372E+00 2.930000E-03
6.934284E+00 1.437275E+00 2.891613E-03
6.924901E+00 1.438173E+00 2.853994E-03
6.915538E+00 1.439065E+00 2.817206E-03
6.906206E+00 1.439952E+00 2.781301E-03
6.896899E+00 1.440833E+00 2.746317E-03
6.887617E+00 1.441708E+00 2.712282E-03
6.878360E+00 1.442577E+00 2.679214E-03
6.869127E+00 1.443441E+00 2.647122E-03
6.859920E+00 1.444300E+00 2.616009E-03
6.850737E+00 1.445152E+00 2.585874E-03
6.841578E+00 1.445999E+00 2.556711E-03
6.832445E+00 1.446841E+00 2.528513E-03
6.823335E+00 1.447677E+00 2.501269E-03
6.814250E+00 1.448507E+00 2.474971E-03
6.805184E+00 1.449332E+00 2.449609E-03
6.796147E+00 1.450151E+00 2.425176E-03
6.787134E+00 1.450965E+00 2.401666E-03
6.778145E+00 1.451774E+00 2.379074E-03
6.769179E+00 1.452577E+00 2.357398E-03
6.760237E+00 1.453375E+00 2.336639E-03
6.751319E+00 1.454168E+00 2.316798E-03
6.742425E+00 1.454956E+00 2.297881E-03
6.733553E+00 1.455738E+00 2.279895E-03
6.724705E+00 1.456516E+00 2.262848E-03
6.715881E+00 1.457288E+00 2.246752E-03
6.707079E+00 1.458056E+00 2.231622E-03
6.698301E+00 1.458818E+00 2.217473E-03
6.689540E+00 1.459576E+00 2.204324E-03
6.680808E+00 1.460328E+00 2.192196E-03
6.672098E+00 1.461076E+00 2.181114E-03
6.663410E+00 1.461819E+00 2.171104E-03
6.654746E+00 1.462557E+00 2.162196E-03
6.646104E+00 1.463291E+00 2.154424E-03
6.637484E+00 1.464020E+00 2.147820E-03
6.628886E+00 1.464744E+00 2.142424E-03
6.620311E+00 1.465463E+00 2.138273E-03
6.611758E+00 1.466178E+00 2.135405E-03
6.603227E+00 1.466887E+00 2.133860E-03
6.594718E+00 1.467593E+00 2.133673E-03
6.586231E+00 1.468293E+00 2.134876E-03
6.577762E+00 1.468988E+00 2.137495E-03
6.569318E+00 1.469679E+00 2.141547E-03
6.560896E+00 1.470365E+00 2.147039E-03
6.552496E+00 1.471045E+00 2.153966E-03
6.544117E+00 1.471721E+00 2.162306E-03
6.535760E+00 1.472391E+00 2.172020E-03
6.527424E+00 1.473056E+00 2.183050E-03
6.519109E+00 1.473715E+00 2.195315E-03
6.510815E+00 1.474369E+00 2.208716E-03
6.502542E+00 1.475018E+00 2.223128E-03
6.494291E+00 1.475661E+00 2.238406E-03
6.486060E+00 1.476298E+00 2.254385E-03
6.477846E+00 1.476929E+00 2.270882E-03
6.469657E+00 1.477555E+00 2.287699E-03
6.461489E+00 1.478175E+00 2.304626E-03
6.453341E+00 1.478790E+00 2.321448E-03
6.445213E+00 1.479399E+00 2.337948E-03
6.437107E+00 1.480002E+00 2.353917E-03
6.429020E+00 1.480601E+00 2.369155E-03
6.420954E+00 1.481194E+00 2.383479E-03
6.412908E+00 1.481783E+00 2.396733E-03
6.404882E+00 1.482366E+00 2.408789E-03
6.396876E+00 1.482946E+00 2.419554E-03
6.388890E+00 1.483522E+00 2.428975E-03
6.380925E+00 1.484094E+00 2.437042E-03
6.372975E+00 1.484662E+00 2.443788E-03
6.365048E+00 1.485227E+00 2.449293E-03
6.357142E+00 1.485790E+00 2.453681E-03
6.349255E+00 1.486350E+00 2.457116E-03
6.341387E+00 1.486907E+00 2.459802E-03
6.333539E+00 1.487463E+00 2.461977E-03
6.325711E+00 1.488016E+00 2.463903E-03
6.317902E+00 1.488568E+00 2.465864E-03
6.310112E+00 1.489117E+00 2.468155E-03
6.302341E+00 1.489665E+00 2.471075E-03
6.294589E+00 1.490211E+00 2.474919E-03
6.286857E+00 1.490755E+00 2.479967E-03
6.279143E+00 1.491297E+00 2.486481E-03
6.271444E+00 1.491836E+00 2.494695E-03
6.263769E+00 1.492374E+00 2.504808E-03
6.256111E+00 1.492908E+00 2.516983E-03
6.248473E+00 1.493439E+00 2.531337E-03
6.240853E+00 1.493967E+00 2.547944E-03
6.233252E+00 1.494491E+00 2.566831E-03
6.225669E+00 1.495012E+00 2.587976E-03
6.218105E+00 1.495528E+00 2.611312E-03
6.210559E+00 1.496040E+00 2.636727E-03
6.203031E+00 1.496547E+00 2.664065E-03
6.195522E+00 1.497049E+00 2.693133E-03
6.188031E+00 1.497546E+00 2.723702E-03
6.180554E+00 1.498038E+00 2.755513E-03
6.173099E+00 1.498524E+00 2.788283E-03
6.165661E+00 1.499004E+00 2.821706E-03
6.158242E+00 1.499479E+00 2.855463E-03
6.150841E+00 1.499948E+00 2.889224E-03
6.143457E+00 1.500411E+00 2.922657E-03
6.136091E+00 1.500869E+00 2.955430E-03
6.128743E+00 1.501321E+00 2.987215E-03
6.121412E+00 1.501768E+00 3.017700E-03
6.114099E+00 1.502209E+00 3.046584E-03
6.106803E+00 1.502645E+00 3.073589E-03
6.099525E+00 1.503077E+00 3.098460E-03
6.092264E+00 1.503504E+00 3.120972E-03
6.085016E+00 1.503926E+00 3.140926E-03
6.077790E+00 1.504345E+00 3.158162E-03
6.070580E+00 1.504760E+00 3.172552E-03
6.063388E+00 1.505172E+00 3.184005E-03
6.056213E+00 1.505581E+00 3.192471E-03
6.049054E+00 1.505987E+00 3.197936E-03
6.041913E+00 1.506390E+00 3.200423E-03
6.034788E+00 1.506792E+00 3.199996E-03
6.027680E+00 1.507193E+00 3.196752E-03
6.020589E+00 1.507592E+00 3.190822E-03
6.013515E+00 1.507990E+00 3.182367E-03
6.006457E+00 1.508387E+00 3.171579E-03
5.999412E+00 1.508783E+00 3.158670E-03
5.992387E+00 1.509179E+00 3.143876E-03
5.985379E+00 1.509576E+00 3.127448E-03
5.978387E+00 1.509972E+00 3.109647E-03
5.971411E+00 1.510368E+00 3.090745E-03
5.964452E+00 1.510764E+00 3.071014E-03
5.957509E+00 1.511160E+00 3.050727E-03
5.950582E+00 1.511557E+00 3.030150E-03
5.943671E+00 1.511954E+00 3.009543E-03
5.936776E+00 1.512351E+00 2.989149E-03
5.929897E+00 1.512748E+00 2.969200E-03
5.923034E+00 1.513145E+00 2.949908E-03
5.916187E+00 1.513542E+00 2.931465E-03
5.909352E+00 1.513938E+00 2.914044E-03
5.902536E+00 1.514334E+00 2.897792E-03
5.895736E+00 1.514730E+00 2.882835E-03
5.888952E+00 1.515124E+00 2.869277E-03
5.882183E+00 1.515518E+00 2.857196E-03
5.875430E+00 1.515911E+00 2.846651E-03
5.868693E+00 1.516302E+00 2.837678E-03
5.861971E+00 1.516692E+00 2.830294E-03
5.855264E+00 1.517081E+00 2.824497E-03
5.848572E+00 1.517467E+00 2.820270E-03
5.841896E+00 1.517852E+00 2.817581E-03
5.835235E+00 1.518235E+00 2.816382E-03
5.828589E+00 1.518616E+00 2.816618E-03
5.821955E+00 1.518994E+00 2.818223E-03
5.815340E+00 1.519370E+00 2.821123E-03
5.808739E+00 1.519744E+00 2.825238E-03
5.802154E+00 1.520115E+00 2.830487E-03
5.795583E+00 1.520484E+00 2.836782E-03
5.789027E+00 1.520850E+00 2.844036E-03
5.782486E+00 1.521214E+00 2.852161E-03
5.775960E+00 1.521575E+00 2.861071E-03
5.769448E+00 1.521934E+00 2.870679E-03
5.762951E+00 1.522289E+00 2.880903E-03
5.756469E+00 1.522642E+00 2.891661E-03
5.750001E+00 1.522993E+00 2.902878E-03
5.743545E+00 1.523340E+00 2.914479E-03
5.737106E+00 1.523685E+00 2.926395E-03
5.730682E+00 1.524028E+00 2.938560E-03
5.724272E+00 1.524368E+00 2.950912E-03
5.717877E+00 1.524705E+00 2.963393E-03
5.711495E+00 1.525040E+00 2.975949E-03
5.705128E+00 1.525372E+00 2.988530E-03
5.698775E+00 1.525701E+00 3.001090E-03
5.692437E+00 1.526029E+00 3.013584E-03
5.686112E+00 1.526353E+00 3.025972E-03
5.679801E+00 1.526676E+00 3.038217E-03
5.673505E+00 1.526996E+00 3.050284E-03
5.667222E+00 1.527313E+00 3.062142E-03
5.660950E+00 1.527629E+00 3.073760E-03
5.654695E+00 1.527942E+00 3.085109E-03
5.648454E+00 1.528252E+00 3.096165E-03
5.642226E+00 1.528561E+00 3.106903E-03
5.636013E+00 1.528867E+00 3.117300E-03
5.629813E+00 1.529172E+00 3.127334E-03
5.623626E+00 1.529474E+00 3.136986E-03
5.617454E+00 1.529774E+00 3.146236E-03
5.611294E+00 1.530072E+00 3.155066E-03
5.605149E+00 1.530368E+00 3.163459E-03
5.599016E+00 1.530662E+00 3.171399E-03
5.592897E+00 1.530954E+00 3.178870E-03
5.586792E+00 1.531244E+00 3.185856E-03
5.580697E+00 1.531532E+00 3.192345E-03
5.574618E+00 1.531818E+00 3.198322E-03
5.568552E+00 1.532103E+00 3.203774E-03
5.562499E+00 1.532385E+00 3.208689E-03
5.556460E+00 1.532666E+00 3.213055E-03
5.550434E+00 1.532945E+00 3.216860E-03
5.544421E+00 1.533222E+00 3.220094E-03
5.538420E+00 1.533498E+00 3.222746E-03
5.532433E+00 1.533772E+00 3.224807E-03
5.526459E+00 1.534044E+00 3.226266E-03
5.520497E+00 1.534315E+00 3.227117E-03
5.514549E+00 1.534584E+00 3.227349E-03
5.508610E+00 1.534851E+00 3.226956E-03
5.502687E+00 1.535117E+00 3.225930E-03
5.496777E+00 1.535382E+00 3.224265E-03
5.490879E+00 1.535645E+00 3.221954E-03
5.484994E+00 1.535906E+00 3.218992E-03
5.479122E+00 1.536166E+00 3.215374E-03
5.473262E+00 1.536425E+00 3.211095E-03
5.467415E+00 1.536682E+00 3.206152E-03
5.461580E+00 1.536938E+00 3.200541E-03
5.455758E+00 1.537193E+00 3.194260E-03
5.449948E+00 1.537447E+00 3.187306E-03
5.444150E+00 1.537699E+00 3.179678E-03
5.438365E+00 1.537950E+00 3.171376E-03
5.432589E+00 1.538199E+00 3.162398E-03
5.426828E+00 1.538448E+00 3.152746E-03
5.421080E+00 1.538696E+00 3.142420E-03
5.415343E+00 1.538942E+00 3.131422E-03
5.409619E+00 1.539187E+00 3.119754E-03
5.403907E+00 1.539432E+00 3.107419E-03
5.398207E+00 1.539675E+00 3.094420E-03
5.392519E+00 1.539917E+00 3.080761E-03
5.386843E+00 1.540159E+00 3.066447E-03
5.381178E+00 1.540399E+00 3.051484E-03
5.375526E+00 1.540639E+00 3.035877E-03
5.369886E+00 1.540877E+00 3.019633E-03
5.364257E+00 1.541115E+00 3.002758E-03
5.358638E+00 1.541352E+00 2.985262E-03
5.353032E+00 1.541588E+00 2.967151E-03
5.347439E+00 1.541824E+00 2.948435E-03
5.341858E+00 1.542058E+00 2.929123E-03
5.336288E+00 1.542292E+00 2.909226E-03
5.330729E+00 1.542526E+00 2.888753E-03
5.325182E+00 1.542758E+00 2.867716E-03
5.319647E+00 1.542990E+00 2.846127E-03
5.314123E+00 1.543222E+00 2.823997E-03
5.308611E+00 1.543453E+00 2.801340E-03
5.303110E+00 1.543683E+00 2.778168E-03
5.297620E+00 1.543913E+00 2.754495E-03
5.292139E+00 1.544142E+00 2.730334E-03
5.286672E+00 1.544371E+00 2.705702E-03
5.281217E+00 1.544599E+00 2.680611E-03
5.275773E+00 1.544827E+00 2.655079E-03
5.270339E+00 1.545054E+00 2.629120E-03
5.264917E+00 1.545281E+00 2.602751E-03
5.259507E+00 1.545508E+00 2.575989E-03
5.254107E+00 1.545734E+00 2.548852E-03
5.248718E+00 1.545960E+00 2.521357E-03
5.243341E+00 1.546186E+00 2.493524E-03
5.237974E+00 1.546412E+00 2.465372E-03
5.232619E+00 1.546637E+00 2.436922E-03
5.227274E+00 1.546862E+00 2.408197E-03
5.221938E+00 1.547087E+00 2.379220E-03
5.216615E+00 1.547312E+00 2.350016E-03
5.211303E+00 1.547536E+00 2.320614E-03
5.206001E+00 1.547761E+00 2.291043E-03
5.200711E+00 1.547985E+00 2.261337E-03
5.195431E+00 1.548210E+00 2.231534E-03
5.190162E+00 1.548435E+00 2.201676E-03
5.184904E+00 1.548659E+00 2.171809E-03
5.179656E+00 1.548884E+00 2.141986E-03
5.174419E+00 1.549109E+00 2.112267E-03
5.169193E+00 1.549334E+00 2.082719E-03
5.163977E+00 1.549559E+00 2.053416E-03
5.158769E+00 1.549784E+00 2.024442E-03
5.153574E+00 1.550010E+00 1.995889E-03
5.148389E+00 1.550236E+00 1.967859E-03
5.143215E+00 1.550462E+00 1.940462E-03
5.138052E+00 1.550688E+00 1.913818E-03
5.132898E+00 1.550915E+00 1.888053E-03
5.127755E+00 1.551142E+00 1.863302E-03
5.122623E+00 1.551369E+00 1.839701E-03
5.117500E+00 1.551596E+00 1.817391E-03
5.112388E+00 1.551822E+00 1.796511E-03
5.107286E+00 1.552049E+00 1.777195E-03
5.102194E+00 1.552276E+00 1.759567E-03
5.097113E+00 1.552501E+00 1.743741E-03
5.092039E+00 1.552727E+00 1.729810E-03
5.086977E+00 1.552951E+00 1.717844E-03
5.081926E+00 1.553174E+00 1.707885E-03
5.076884E+00 1.553396E+00 1.699941E-03
5.071853E+00 1.553616E+00 1.693982E-03
5.066832E+00 1.553833E+00 1.689938E-03
5.061820E+00 1.554049E+00 1.687690E-03
5.056818E+00 1.554262E+00 1.687078E-03
5.051827E+00 1.554472E+00 1.687889E-03
5.046845E+00 1.554679E+00 1.689867E-03
5.041873E+00 1.554883E+00 1.692712E-03
5.036910E+00 1.555083E+00 1.696082E-03
5.031958E+00 1.555280E+00 1.699600E-03
5.027013E+00 1.555473E+00 1.702863E-03
5.022080E+00 1.555663E+00 1.705448E-03
5.017156E+00 1.555848E+00 1.706922E-03
5.012242E+00 1.556031E+00 1.706855E-03
5.007338E+00 1.556210E+00 1.704827E-03
5.002444E+00 1.556385E+00 1.700443E-03
4.997559E+00 1.556559E+00 1.693345E-03
4.992683E+00 1.556729E+00 1.683220E-03
4.987817E+00 1.556898E+00 1.669810E-03
4.982961E+00 1.557065E+00 1.652923E-03
4.978114E+00 1.557232E+00 1.632441E-03
4.973276E+00 1.557398E+00 1.608317E-03
4.968445E+00 1.557563E+00 1.580587E-03
4.963627E+00 1.557730E+00 1.549361E-03
4.958817E+00 1.557897E+00 1.514827E-03
4.954017E+00 1.558066E+00 1.477242E-03
4.949226E+00 1.558237E+00 1.436922E-03
4.944444E+00 1.558409E+00 1.394237E-03
4.939672E+00 1.558585E+00 1.349599E-03
4.934909E+00 1.558762E+00 1.303444E-03
4.930155E+00 1.558943E+00 1.256226E-03
4.925410E+00 1.559126E+00 1.208402E-03
4.920674E+00 1.559312E+00 1.160416E-03
4.915947E+00 1.559501E+00 1.112692E-03
4.911230E+00 1.559693E+00 1.065625E-03
4.906519E+00 1.559886E+00 1.019568E-03
4.901819E+00 1.560082E+00 9.748311E-04
4.897128E+00 1.560280E+00 9.316746E-04
4.892447E+00 1.560479E+00 8.903082E-04
4.887774E+00 1.560680E+00 8.508910E-04
4.883111E+00 1.560882E+00 8.135326E-04
4.878456E+00 1.561084E+00 7.782965E-04
4.873810E+00 1.561287E+00 7.452042E-04
4.869173E+00 1.561490E+00 7.142399E-04
4.864544E+00 1.561693E+00 6.853561E-04
4.859925E+00 1.561896E+00 6.584792E-04
4.855314E+00 1.562098E+00 6.335153E-04
4.850712E+00 1.562300E+00 6.103552E-04
4.846116E+00 1.562501E+00 5.888795E-04
4.841532E+00 1.562701E+00 5.689634E-04
4.836956E+00 1.562900E+00 5.504800E-04
4.832389E+00 1.563098E+00 5.333040E-04
4.827830E+00 1.563294E+00 5.173141E-04
4.823280E+00 1.563490E+00 5.023949E-04
4.818738E+00 1.563685E+00 4.884386E-04
4.814205E+00 1.563878E+00 4.753457E-04
4.809681E+00 1.564071E+00 4.630258E-04
4.805165E+00 1.564262E+00 4.513973E-04
4.800657E+00 1.564452E+00 4.403877E-04
4.796158E+00 1.564641E+00 4.299327E-04
4.791666E+00 1.564829E+00 4.199762E-04
4.787183E+00 1.565015E+00 4.104695E-04
4.782710E+00 1.565201E+00 4.013702E-04
4.778244E+00 1.565386E+00 3.926421E-04
4.773787E+00 1.565570E+00 3.842539E-04
4.769338E+00 1.565753E+00 3.761789E-04
4.764898E+00 1.565935E+00 3.683942E-04
4.760465E+00 1.566116E+00 3.608801E-04
4.756041E+00 1.566296E+00 3.536198E-04
4.751625E+00 1.566475E+00 3.465984E-04
4.747218E+00 1.566653E+00 3.398033E-04
4.742818E+00 1.566831E+00 3.332230E-04
4.738427E+00 1.567007E+00 3.268474E-04
4.734042E+00 1.567183E+00 3.206677E-04
4.729666E+00 1.567358E+00 3.146753E-04
4.725299E+00 1.567533E+00 3.088629E-04
4.720940E+00 1.567706E+00 3.032232E-04
4.716590E+00 1.567879E+00 2.977497E-04
4.712247E+00 1.568051E+00 2.924361E-04
4.707912E+00 1.568222E+00 2.872764E-04
4.703585E+00 1.568393E+00 2.822649E-04
4.699266E+00 1.568562E+00 2.773960E-04
4.694955E+00 1.568731E+00 2.726645E-04
4.690652E+00 1.568900E+00 2.680652E-04
4.686356E+00 1.569067E+00 2.635930E-04
4.682067E+00 1.569234E+00 2.592432E-04
4.677787E+00 1.569400E+00 2.550111E-04
4.673515E+00 1.569566E+00 2.508921E-04
4.669251E+00 1.569731E+00 2.468818E-04
4.664995E+00 1.569895E+00 2.429759E-04
4.660747E+00 1.570058E+00 2.391702E-04
4.656506E+00 1.570221E+00 2.354606E-04
4.652273E+00 1.570383E+00 2.318434E-04
4.648048E+00 1.570544E+00 2.283146E-04
4.643830E+00 1.570705E+00 2.248707E-04
4.639620E+00 1.570865E+00 2.215082E-04
4.635417E+00 1.571025E+00 2.182235E-04
4.631223E+00 1.571184E+00 2.150134E-04
4.627033E+00 1.571342E+00 2.118748E-04
4.622854E+00 1.571499E+00 2.088046E-04
4.618682E+00 1.571656E+00 2.057999E-04
4.614517E+00 1.571813E+00 2.028578E-04
4.610360E+00 1.571968E+00 1.999758E-04
4.606210E+00 1.572124E+00 1.971512E-04
4.602068E+00 1.572278E+00 1.943816E-04
4.597934E+00 1.572432E+00 1.916646E-04
4.593806E+00 1.572585E+00 1.889980E-04
4.589687E+00 1.572738E+00 1.863797E-04
4.585574E+00 1.572890E+00 1.838076E-04
4.581469E+00 1.573042E+00 1.812799E-04
4.577371E+00 1.573193E+00 1.787947E-04
4.573279E+00 1.573343E+00 1.763502E-04
4.569196E+00 1.573493E+00 1.739450E-04
4.565120E+00 1.573643E+00 1.715774E-04
4.561051E+00 1.573791E+00 1.692460E-04
4.556990E+00 1.573940E+00 1.669495E-04
4.552936E+00 1.574087E+00 1.646866E-04
4.548889E+00 1.574234E+00 1.624562E-04
4.544849E+00 1.574381E+00 1.602572E-04
4.540817E+00 1.574527E+00 1.580885E-04
4.536791E+00 1.574673E+00 1.559492E-04
4.532773E+00 1.574818E+00 1.538385E-04
4.528762E+00 1.574962E+00 1.517555E-04
4.524756E+00 1.575106E+00 1.496996E-04
4.520759E+00 1.575249E+00 1.476700E-04
4.516769E+00 1.575392E+00 1.456663E-04
4.512786E+00 1.575535E+00 1.436878E-04
4.508810E+00 1.575677E+00 1.417340E-04
4.504841E+00 1.575818E+00 1.398046E-04
4.500879E+00 1.575959E+00 1.378992E-04
4.496925E+00 1.576100E+00 1.360173E-04
4.492977E+00 1.576240E+00 1.341589E-04
4.489036E+00 1.576379E+00 1.323236E-04
4.485101E+00 1.576518E+00 1.305111E-04
4.481174E+00 1.576657E+00 1.287215E-04
4.477254E+00 1.576795E+00 1.269545E-04
4.473338E+00 1.576932E+00 1.252100E-04
4.469432E+00 1.577069E+00 1.234880E-04
4.465532E+00 1.577206E+00 1.217885E-04
4.461639E+00 1.577342E+00 1.201114E-04
4.457752E+00 1.577478E+00 1.184568E-04
4.453873E+00 1.577613E+00 1.168246E-04
4.450000E+00 1.577748E+00 1.152151E-04
4.446134E+00 1.577882E+00 1.136281E-04
4.442275E+00 1.578016E+00 1.120639E-04
4.438422E+00 1.578150E+00 1.105224E-04
4.434576E+00 1.578283E+00 1.090039E-04
4.430737E+00 1.578416E+00 1.075085E-04
4.426904E+00 1.578548E+00 1.060362E-04
4.423076E+00 1.578679E+00 1.045871E-04
4.419257E+00 1.578811E+00 1.031616E-04
4.415444E+00 1.578942E+00 1.017596E-04
4.411638E+00 1.579072E+00 1.003813E-04
4.407838E+00 1.579202E+00 9.902680E-05
4.404045E+00 1.579332E+00 9.769632E-05
4.400258E+00 1.579461E+00 9.638994E-05
4.396478E+00 1.579589E+00 9.510779E-05
4.392704E+00 1.579718E+00 9.384999E-05
4.388937E+00 1.579846E+00 9.261664E-05
4.385176E+00 1.579973E+00 9.140786E-05
4.381422E+00 1.580100E+00 9.022373E-05
4.377672E+00 1.580227E+00 8.906434E-05
4.373931E+00 1.580353E+00 8.792976E-05
4.370196E+00 1.580479E+00 8.682005E-05
4.366467E+00 1.580605E+00 8.573525E-05
4.362745E+00 1.580730E+00 8.467541E-05
4.359029E+00 1.580854E+00 8.364053E-05
4.355319E+00 1.580978E+00 8.263063E-05
4.351616E+00 1.581102E+00 8.164570E-05
4.347919E+00 1.581226E+00 8.068571E-05
4.344228E+00 1.581349E+00 7.975062E-05
4.340543E+00 1.581471E+00 7.884038E-05
4.336865E+00 1.581594E+00 7.795492E-05
4.333193E+00 1.581716E+00 7.709414E-05
4.329525E+00 1.581837E+00 7.625794E-05
4.325866E+00 1.581958E+00 7.544620E-05
4.322212E+00 1.582079E+00 7.465879E-05
4.318565E+00 1.582199E+00 7.389554E-05
4.314924E+00 1.582319E+00 7.315629E-05
4.311289E+00 1.582439E+00 7.244086E-05
4.307660E+00 1.582558E+00 7.174903E-05
4.304037E+00 1.582677E+00 7.108059E-05
4.300420E+00 1.582795E+00 7.043530E-05
4.296810E+00 1.582913E+00 6.981292E-05
4.293205E+00 1.583031E+00 6.921317E-05
4.289607E+00 1.583148E+00 6.863577E-05
4.286014E+00 1.583265E+00 6.808044E-05
4.282426E+00 1.583382E+00 6.754685E-05
4.278846E+00 1.583498E+00 6.703469E-05
4.275271E+00 1.583614E+00 6.654362E-05
4.271702E+00 1.583729E+00 6.607328E-05
4.268140E+00 1.583844E+00 6.562332E-05
4.264583E+00 1.583959E+00 6.519336E-05
4.261033E+00 1.584073E+00 6.478302E-05
4.257488E+00 1.584187E+00 6.439189E-05
4.253949E+00 1.584301E+00 6.401957E-05
4.250416E+00 1.584414E+00 6.366564E-05
4.246889E+00 1.584527E+00 6.332967E-05
4.243367E+00 1.584640E+00 6.301123E-05
4.239850E+00 1.584752E+00 6.270987E-05
4.236340E+00 1.584864E+00 6.242513E-05
4.232836E+00 1.584975E+00 6.215657E-05
4.229338E+00 1.585086E+00 6.190372E-05
4.225846E+00 1.585197E+00 6.166609E-05
4.222360E+00 1.585307E+00 6.144322E-05
4.218879E+00 1.585417E+00 6.123463E-05
4.215404E+00 1.585527E+00 6.103982E-05
4.211934E+00 1.585637E+00 6.085830E-05
4.208471E+00 1.585746E+00 6.068959E-05
4.205013E+00 1.585854E+00 6.053319E-05
4.201561E+00 1.585963E+00 6.038860E-05
4.198114E+00 1.586071E+00 6.025533E-05
4.194671E+00 1.586178E+00 6.013286E-05
4.191236E+00 1.586286E+00 6.002071E-05
4.187806E+00 1.586393E+00 5.991838E-05
4.184382E+00 1.586500E+00 5.982536E-05
4.180964E+00 1.586606E+00 5.974116E-05
4.177551E+00 1.586712E+00 5.966528E-05
4.174144E+00 1.586818E+00 5.959724E-05
4.170742E+00 1.586923E+00 5.953654E-05
4.167346E+00 1.587028E+00 5.948269E-05
4.163955E+00 1.587133E+00 5.943522E-05
4.160570E+00 1.587237E+00 5.939365E-05
4.157190E+00 1.587341E+00 5.935749E-05
4.153814E+00 1.587445E+00 5.932629E-05
4.150445E+00 1.587548E+00 5.929959E-05
4.147082E+00 1.587651E+00 5.927692E-05
4.143724E+00 1.587754E+00 5.925783E-05
4.140372E+00 1.587857E+00 5.924188E-05
4.137025E+00 1.587959E+00 5.922865E-05
4.133683E+00 1.588061E+00 5.921769E-05
4.130347E+00 1.588162E+00 5.920858E-05
4.127016E+00 1.588263E+00 5.920092E-05
4.123691E+00 1.588364E+00 5.919430E-05
4.120371E+00 1.588465E+00 5.918832E-05
4.117056E+00 1.588565E+00 5.918260E-05
4.113747E+00 1.588665E+00 5.917676E-05
4.110441E+00 1.588765E+00 5.917043E-05
4.107142E+00 1.588864E+00 5.916325E-05
4.103849E+00 1.588963E+00 5.915488E-05
4.100561E+00 1.589062E+00 5.914498E-05
4.097278E+00 1.589161E+00 5.913321E-05
4.094000E+00 1.589259E+00 5.911927E-05
4.090727E+00 1.589357E+00 5.910284E-05
4.087460E+00 1.589454E+00 5.908363E-05
4.084198E+00 1.589552E+00 5.906135E-05
4.080941E+00 1.589649E+00 5.903573E-05
4.077690E+00 1.589745E+00 5.900650E-05
4.074443E+00 1.589842E+00 5.897341E-05
4.071202E+00 1.589938E+00 5.893623E-05
4.067964E+00 1.590034E+00 5.889472E-05
4.064733E+00 1.590129E+00 5.884866E-05
4.061507E+00 1.590225E+00 5.879785E-05
4.058287E+00 1.590320E+00 5.874208E-05
4.055071E+00 1.590414E+00 5.868118E-05
4.051861E+00 1.590509E+00 5.861498E-05
4.048655E+00 1.590603E+00 5.854330E-05
4.045455E+00 1.590697E+00 5.846601E-05
4.042259E+00 1.590791E+00 5.838296E-05
4.039069E+00 1.590884E+00 5.829402E-05
4.035884E+00 1.590977E+00 5.819907E-05
4.032704E+00 1.591070E+00 5.809802E-05
4.029527E+00 1.591163E+00 5.799076E-05
4.026357E+00 1.591255E+00 5.787721E-05
4.023191E+00 1.591347E+00 5.775730E-05
4.020031E+00 1.591439E+00 5.763097E-05
4.016876E+00 1.591530E+00 5.749816E-05
4.013725E+00 1.591622E+00 5.735883E-05
4.010580E+00 1.591713E+00 5.721295E-05
4.007439E+00 1.591803E+00 5.706051E-05
4.004304E+00 1.591894E+00 5.690148E-05
4.001173E+00 1.591984E+00 5.673587E-05
3.998047E+00 1.592074E+00 5.656369E-05
3.994926E+00 1.592164E+00 5.638496E-05
3.991810E+00 1.592253E+00 5.619969E-05
3.988698E+00 1.592342E+00 5.600794E-05
3.985591E+00 1.592431E+00 5.580974E-05
3.982490E+00 1.592520E+00 5.560514E-05
3.979393E+00 1.592609E+00 5.539422E-05
3.976301E+00 1.592697E+00 5.517704E-05
3.973214E+00 1.592785E+00 5.495368E-05
3.970132E+00 1.592873E+00 5.472422E-05
3.967054E+00 1.592960E+00 5.448877E-05
3.963982E+00 1.593047E+00 5.424742E-05
3.960914E+00 1.593134E+00 5.400029E-05
3.957850E+00 1.593221E+00 5.374749E-05
3.954792E+00 1.593308E+00 5.348913E-05
3.951738E+00 1.593394E+00 5.322536E-05
3.948688E+00 1.593480E+00 5.295631E-05
3.945643E+00 1.593566E+00 5.268211E-05
3.942604E+00 1.593652E+00 5.240292E-05
3.939569E+00 1.593737E+00 5.211889E-05
3.936538E+00 1.593822E+00 5.183017E-05
3.933513E+00 1.593907E+00 5.153693E-05
3.930492E+00 1.593992E+00 5.123934E-05
3.927475E+00 1.594076E+00 5.093756E-05
3.924463E+00 1.594161E+00 5.063178E-05
3.921456E+00 1.594245E+00 5.032218E-05
3.918454E+00 1.594328E+00 5.000893E-05
3.915456E+00 1.594412E+00 4.969222E-05
3.912461E+00 1.594495E+00 4.937225E-05
3.909472E+00 1.594579E+00 4.904921E-05
3.906488E+00 1.594661E+00 4.872329E-05
3.903508E+00 1.594744E+00 4.839469E-05
3.900533E+00 1.594827E+00 4.806361E-05
3.897563E+00 1.594909E+00 4.773025E-05
3.894597E+00 1.594991E+00 4.739482E-05
3.891635E+00 1.595073E+00 4.705752E-05
3.888678E+00 1.595154E+00 4.671856E-05
3.885725E+00 1.595236E+00 4.637813E-05
3.882777E+00 1.595317E+00 4.603646E-05
3.879834E+00 1.595398E+00 4.569374E-05
3.876895E+00 1.595479E+00 4.535018E-05
3.873958E+00 1.595559E+00 4.500599E-05
3.871028E+00 1.595640E+00 4.466138E-05
3.868102E+00 1.595720E+00 4.431656E-05
3.865181E+00 1.595800E+00 4.397172E-05
3.862264E+00 1.595880E+00 4.362707E-05
3.859351E+00 1.595959E+00 4.328282E-05
3.856443E+00 1.596038E+00 4.293916E-05
3.853539E+00 1.596118E+00 4.259630E-05
3.850640E+00 1.596197E+00 4.225443E-05
3.847745E+00 1.596275E+00 4.191375E-05
3.844854E+00 1.596354E+00 4.157445E-05
3.841968E+00 1.596432E+00 4.123672E-05
3.839085E+00 1.596510E+00 4.090074E-05
3.836206E+00 1.596588E+00 4.056671E-05
3.833333E+00 1.596666E+00 4.023480E-05
3.830464E+00 1.596743E+00 3.990519E-05
3.827599E+00 1.596821E+00 3.957805E-05
3.824738E+00 1.596898E+00 3.925356E-05
3.821882E+00 1.596975E+00 3.893188E-05
3.819030E+00 1.597052E+00 3.861318E-05
3.816182E+00 1.597128E+00 3.829761E-05
3.813339E+00 1.597204E+00 3.798533E-05
3.810499E+00 1.597281E+00 3.767649E-05
3.807664E+00 1.597357E+00 3.737123E-05
3.804833E+00 1.597432E+00 3.706970E-05
3.802005E+00 1.597508E+00 3.677203E-05
3.799183E+00 1.597583E+00 3.647835E-05
3.796365E+00 1.597658E+00 3.618879E-05
3.793550E+00 1.597733E+00 3.590346E-05
3.790741E+00 1.597808E+00 3.562249E-05
3.787935E+00 1.597883E+00 3.534599E-05
3.785133E+00 1.597957E+00 3.507406E-05
3.782336E+00 1.598032E+00 3.480680E-05
3.779542E+00 1.598106E+00 3.454430E-05
3.776753E+00 1.598180E+00 3.428665E-05
3.773968E+00 1.598253E+00 3.403394E-05
3.771187E+00 1.598327E+00 3.378625E-05
3.768410E+00 1.598400E+00 3.354364E-05
3.765636E+00 1.598473E+00 3.330618E-05
3.762867E+00 1.598546E+00 3.307393E-05
3.760102E+00 1.598619E+00 3.284695E-05
3.757342E+00 1.598692E+00 3.262528E-05
3.754585E+00 1.598764E+00 3.240898E-05
3.751833E+00 1.598836E+00 3.219806E-05
3.749084E+00 1.598908E+00 3.199257E-05
3.746340E+00 1.598980E+00 3.179253E-05
3.743599E+00 1.599052E+00 3.159797E-05
3.740863E+00 1.599123E+00 3.140888E-05
3.738131E+00 1.599195E+00 3.122529E-05
3.735402E+00 1.599266E+00 3.104719E-05
3.732676E+00 1.599337E+00 3.087459E-05
3.729956E+00 1.599407E+00 3.070747E-05
3.727239E+00 1.599478E+00 3.054581E-05
3.724527E+00 1.599549E+00 3.038961E-05
3.721818E+00 1.599619E+00 3.023883E-05
3.719113E+00 1.599689E+00 3.009344E-05
3.716412E+00 1.599759E+00 2.995340E-05
3.713716E+00 1.599828E+00 2.981869E-05
3.711023E+00 1.599898E+00 2.968923E-05
3.708334E+00 1.599967E+00 2.956500E-05
3.705648E+00 1.600037E+00 2.944593E-05
3.702967E+00 1.600106E+00 2.933196E-05
3.700290E+00 1.600174E+00 2.922302E-05
3.697615E+00 1.600243E+00 2.911904E-05
3.694945E+00 1.600312E+00 2.901995E-05
3.692280E+00 1.600380E+00 2.892567E-05
3.689618E+00 1.600448E+00 2.883611E-05
3.686959E+00 1.600516E+00 2.875119E-05
3.684305E+00 1.600584E+00 2.867081E-05
3.681655E+00 1.600652E+00 2.859488E-05
3.679008E+00 1.600719E+00 2.852329E-05
3.676365E+00 1.600786E+00 2.845595E-05
3.673726E+00 1.600854E+00 2.839275E-05
3.671091E+00 1.600921E+00 2.833357E-05
3.668459E+00 1.600987E+00 2.827830E-05
3.665832E+00 1.601054E+00 2.822683E-05
3.663206E+00 1.601120E+00 2.817903E-05
3.660586E+00 1.601187E+00 2.813479E-05
3.657970E+00 1.601253E+00 2.809397E-05
3.655357E+00 1.601319E+00 2.805645E-05
3.652748E+00 1.601385E+00 2.802210E-05
3.650143E+00 1.601450E+00 2.799079E-05
3.647541E+00 1.601516E+00 2.796238E-05
3.644943E+00 1.601581E+00 2.793674E-05
3.642349E+00 1.601646E+00 2.791372E-05
3.639759E+00 1.601711E+00 2.789319E-05
3.637172E+00 1.601776E+00 2.787501E-05
3.634589E+00 1.601841E+00 2.785904E-05
3.632008E+00 1.601905E+00 2.784512E-05
3.629432E+00 1.601970E+00 2.783313E-05
3.626860E+00 1.602034E+00 2.782291E-05
3.624291E+00 1.602098E+00 2.781431E-05
3.621727E+00 1.602162E+00 2.780720E-05
3.619165E+00 1.602225E+00 2.780142E-05
3.616608E+00 1.602289E+00 2.779683E-05
3.614054E+00 1.602352E+00 2.779329E-05
3.611503E+00 1.602416E+00 2.779064E-05
3.608957E+00 1.602479E+00 2.778874E-05
3.606413E+00 1.602542E+00 2.778745E-05
3.603874E+00 1.602604E+00 2.778662E-05
3.601338E+00 1.602667E+00 2.778610E-05
3.598804E+00 1.602729E+00 2.778577E-05
3.596275E+00 1.602792E+00 2.778546E-05
3.593750E+00 1.602854E+00 2.778505E-05
3.591228E+00 1.602916E+00 2.778439E-05
3.588709E+00 1.602978E+00 2.778335E-05
3.586195E+00 1.603039E+00 2.778179E-05
3.583683E+00 1.603101E+00 2.777957E-05
3.581176E+00 1.603162E+00 2.777657E-05
3.578672E+00 1.603224E+00 2.777266E-05
3.576171E+00 1.603285E+00 2.776769E-05
3.573674E+00 1.603346E+00 2.776156E-05
3.571180E+00 1.603406E+00 2.775414E-05
3.568690E+00 1.603467E+00 2.774530E-05
3.566202E+00 1.603528E+00 2.773494E-05
3.563718E+00 1.603588E+00 2.772292E-05
3.561238E+00 1.603648E+00 2.770914E-05
3.558762E+00 1.603708E+00 2.769350E-05
3.556289E+00 1.603768E+00 2.767588E-05
3.553819E+00 1.603828E+00 2.765618E-05
3.551353E+00 1.603887E+00 2.763429E-05
3.548891E+00 1.603947E+00 2.761013E-05
3.546431E+00 1.604006E+00 2.758361E-05
3.543975E+00 1.604065E+00 2.755461E-05
3.541523E+00 1.604125E+00 2.752307E-05
3.539074E+00 1.604183E+00 2.748890E-05
3.536627E+00 1.604242E+00 2.745202E-05
3.534185E+00 1.604301E+00 2.741235E-05
3.531746E+00 1.604359E+00 2.736982E-05
3.529310E+00 1.604418E+00 2.732436E-05
3.526878E+00 1.604476E+00 2.727591E-05
3.524449E+00 1.604534E+00 2.722440E-05
3.522023E+00 1.604592E+00 2.716978E-05
3.519601E+00 1.604650E+00 2.711200E-05
3.517182E+00 1.604707E+00 2.705100E-05
3.514767E+00 1.604765E+00 2.698674E-05
3.512355E+00 1.604822E+00 2.691918E-05
3.509946E+00 1.604880E+00 2.684828E-05
3.507540E+00 1.604937E+00 2.677401E-05
3.505136E+00 1.604994E+00 2.669633E-05
3.502737E+00 1.605050E+00 2.661523E-05
3.500342E+00 1.605107E+00 2.653067E-05
3.497949E+00 1.605164E+00 2.644265E-05
3.495560E+00 1.605220E+00 2.635114E-05
3.493174E+00 1.605277E+00 2.625614E-05
3.490791E+00 1.605333E+00 2.615763E-05
3.488412E+00 1.605389E+00 2.605563E-05
3.486036E+00 1.605445E+00 2.595012E-05
3.483663E+00 1.605501E+00 2.584112E-05
3.481293E+00 1.605556E+00 2.572862E-05
3.478926E+00 1.605612E+00 2.561265E-05
3.476563E+00 1.605667E+00 2.549322E-05
3.474202E+00 1.605723E+00 2.537034E-05
3.471845E+00 1.605778E+00 2.524405E-05
3.469491E+00 1.605833E+00 2.511436E-05
3.467141E+00 1.605888E+00 2.498130E-05
3.464793E+00 1.605942E+00 2.484492E-05
3.462449E+00 1.605997E+00 2.470524E-05
3.460108E+00 1.606052E+00 2.456230E-05
3.457770E+00 1.606106E+00 2.441614E-05
3.455436E+00 1.606160E+00 2.426681E-05
3.453104E+00 1.606215E+00 2.411437E-05
3.450776E+00 1.606269E+00 2.395884E-05
3.448451E+00 1.606323E+00 2.380030E-05
3.446127E+00 1.606376E+00 2.363880E-05
3.443808E+00 1.606430E+00 2.347439E-05
3.441493E+00 1.606484E+00 2.330714E-05
3.439180E+00 1.606537E+00 2.313710E-05
3.436870E+00 1.606590E+00 2.296435E-05
3.434564E+00 1.606644E+00 2.278895E-05
3.432260E+00 1.606697E+00 2.261098E-05
3.429960E+00 1.606750E+00 2.243050E-05
3.427663E+00 1.606803E+00 2.224758E-05
3.425368E+00 1.606855E+00 2.206231E-05
3.423077E+00 1.606908E+00 2.187475E-05
3.420789E+00 1.606960E+00 2.168499E-05
3.418504E+00 1.607013E+00 2.149311E-05
3.416221E+00 1.607065E+00 2.129919E-05
3.413942E+00 1.607117E+00 2.110331E-05
3.411666E+00 1.607169E+00 2.090556E-05
3.409393E+00 1.607221E+00 2.070601E-05
3.407124E+00 1.607273E+00 2.050476E-05
3.404857E+00 1.607325E+00 2.030189E-05
3.402593E+00 1.607376E+00 2.009749E-05
3.400332E+00 1.607428E+00 1.989164E-05
3.398075E+00 1.607479E+00 1.968444E-05
3.395820E+00 1.607531E+00 1.947598E-05
3.393568E+00 1.607582E+00 1.926633E-05
3.391319E+00 1.607633E+00 1.905560E-05
3.389072E+00 1.607684E+00 1.884387E-05
3.386829E+00 1.607734E+00 1.863123E-05
3.384590E+00 1.607785E+00 1.841777E-05
3.382353E+00 1.607836E+00 1.820357E-05
3.380119E+00 1.607886E+00 1.798874E-05
3.377888E+00 1.607937E+00 1.777336E-05
3.375660E+00 1.607987E+00 1.755751E-05
3.373434E+00 1.608037E+00 1.734128E-05
3.371212E+00 1.608087E+00 1.712477E-05
3.368993E+00 1.608137E+00 1.690805E-05
3.366777E+00 1.608187E+00 1.669122E-05
3.364563E+00 1.608237E+00 1.647436E-05
3.362353E+00 1.608286E+00 1.625755E-05
3.360144E+00 1.608336E+00 1.604087E-05
3.357939E+00 1.608385E+00 1.582442E-05
3.355737E+00 1.608435E+00 1.560826E-05
3.353538E+00 1.608484E+00 1.539249E-05
3.351342E+00 1.608533E+00 1.517717E-05
3.349149E+00 1.608582E+00 1.496239E-05
3.346959E+00 1.608631E+00 1.474822E-05
3.344771E+00 1.608680E+00 1.453474E-05
3.342587E+00 1.608728E+00 1.432202E-05
3.340405E+00 1.608777E+00 1.411014E-05
3.338226E+00 1.608825E+00 1.389916E-05
3.336050E+00 1.608874E+00 1.368914E-05
3.333877E+00 1.608922E+00 1.348017E-05
3.331705E+00 1.608970E+00 1.327231E-05
3.329538E+00 1.609018E+00 1.306561E-05
3.327373E+00 1.609066E+00 1.286014E-05
3.325211E+00 1.609114E+00 1.265597E-05
3.323052E+00 1.609162E+00 1.245314E-05
3.320895E+00 1.609210E+00 1.225172E-05
3.318742E+00 1.609257E+00 1.205177E-05
3.316591E+00 1.609305E+00 1.185333E-05
3.314443E+00 1.609352E+00 1.165645E-05
3.312298E+00 1.609399E+00 1.146119E-05
3.310156E+00 1.609447E+00 1.126760E-05
3.308016E+00 1.609494E+00 1.107571E-05
3.305878E+00 1.609541E+00 1.088558E-05
3.303744E+00 1.609587E+00 1.069725E-05
3.301613E+00 1.609634E+00 1.051074E-05
3.299484E+00 1.609681E+00 1.032612E-05
3.297358E+00 1.609727E+00 1.014340E-05
3.295235E+00 1.609774E+00 9.962622E-06
3.293115E+00 1.609820E+00 9.783823E-06
3.290997E+00 1.609867E+00 9.607030E-06
3.288882E+00 1.609913E+00 9.432272E-06
3.286770E+00 1.609959E+00 9.259576E-06
3.284660E+00 1.610005E+00 9.088968E-06
3.282553E+00 1.610051E+00 8.920469E-06
3.280449E+00 1.610097E+00 8.754101E-06
3.278347E+00 1.610142E+00 8.589884E-06
3.276248E+00 1.610188E+00 8.427836E-06
3.274152E+00 1.610234E+00 8.267972E-06
3.272059E+00 1.610279E+00 8.110306E-06
3.269968E+00 1.610324E+00 7.954852E-06
3.267880E+00 1.610370E+00 7.801620E-06
3.265795E+00 1.610415E+00 7.650619E-06
3.263712E+00 1.610460E+00 7.501857E-06
3.261632E+00 1.610505E+00 7.355340E-06
3.259554E+00 1.610550E+00 7.211072E-06
3.257480E+00 1.610594E+00 7.069056E-06
3.255408E+00 1.610639E+00 6.929294E-06
3.253338E+00 1.610684E+00 6.791786E-06
3.251270E+00 1.610728E+00 6.656530E-06
3.249206E+00 1.610772E+00 6.523524E-06
3.247144E+00 1.610817E+00 6.392763E-06
3.245085E+00 1.610861E+00 6.264242E-06
3.243029E+00 1.610905E+00 6.137954E-06
3.240975E+00 1.610949E+00 6.013892E-06
3.238924E+00 1.610993E+00 5.892046E-06
3.236876E+00 1.611037E+00 5.772405E-06
3.234830E+00 1.611081E+00 5.654959E-06
3.232786E+00 1.611124E+00 5.539694E-06
3.230745E+00 1.611168E+00 5.426598E-06
3.228707E+00 1.611211E+00 5.315656E-06
3.226670E+00 1.611255E+00 5.206852E-06
3.224637E+00 1.611298E+00 5.100170E-06
3.222607E+00 1.611341E+00 4.995592E-06
3.220579E+00 1.611384E+00 4.893101E-06
3.218553E+00 1.611427E+00 4.792678E-06
3.216530E+00 1.611470E+00 4.694302E-06
3.214510E+00 1.611513E+00 4.597953E-06
3.212492E+00 1.611556E+00 4.503611E-06
3.210477E+00 1.611599E+00 4.411253E-06
3.208464E+00 1.611641E+00 4.320856E-06
3.206454E+00 1.611684E+00 4.232399E-06
3.204446E+00 1.611726E+00 4.145858E-06
3.202441E+00 1.611768E+00 4.061208E-06
3.200437E+00 1.611811E+00 3.978425E-06
3.198437E+00 1.611853E+00 3.897485E-06
3.196439E+00 1.611895E+00 3.818361E-06
3.194444E+00 1.611937E+00 3.741028E-06
3.192452E+00 1.611979E+00 3.665460E-06
3.190461E+00 1.612020E+00 3.591632E-06
3.188474E+00 1.612062E+00 3.519515E-06
3.186488E+00 1.612104E+00 3.449085E-06
3.184505E+00 1.612145E+00 3.380312E-06
3.182525E+00 1.612187E+00 3.313171E-06
3.180547E+00 1.612228E+00 3.247634E-06
3.178572E+00 1.612269E+00 3.183674E-06
3.176599E+00 1.612311E+00 3.121262E-06
3.174627E+00 1.612352E+00 3.060372E-06
3.172659E+00 1.612393E+00 3.000975E-06
3.170694E+00 1.612434E+00 2.943045E-06
3.168730E+00 1.612475E+00 2.886553E-06
3.166770E+00 1.612515E+00 2.831472E-06
3.164811E+00 1.612556E+00 2.777774E-06
3.162855E+00 1.612597E+00 2.725432E-06
3.160902E+00 1.612637E+00 2.674418E-06
3.158951E+00 1.612678E+00 2.624705E-06
3.157002E+00 1.612718E+00 2.576266E-06
3.155056E+00 1.612758E+00 2.529074E-06
3.153112E+00 1.612799E+00 2.483103E-06
3.151169E+00 1.612839E+00 2.438324E-06
3.149230E+00 1.612879E+00 2.394713E-06
3.147294E+00 1.612919E+00 2.352243E-06
3.145359E+00 1.612959E+00 2.310888E-06
3.143427E+00 1.612998E+00 2.270622E-06
3.141498E+00 1.613038E+00 2.231419E-06
3.139571E+00 1.613078E+00 2.193256E-06
3.137646E+00 1.613117E+00 2.156106E-06
3.135723E+00 1.613157E+00 2.119945E-06
3.133803E+00 1.613196E+00 2.084749E-06
3.131885E+00 1.613235E+00 2.050493E-06
3.129970E+00 1.613275E+00 2.017155E-06
3.128057E+00 1.613314E+00 1.984711E-06
3.126145E+00 1.613353E+00 1.953138E-06
3.124237E+00 1.613392E+00 1.922413E-06
3.122330E+00 1.613431E+00 1.892513E-06
3.120427E+00 1.613470E+00 1.863418E-06
3.118525E+00 1.613508E+00 1.835105E-06
3.116626E+00 1.613547E+00 1.807553E-06
3.114729E+00 1.613586E+00 1.780742E-06
3.112835E+00 1.613624E+00 1.754651E-06
3.110942E+00 1.613663E+00 1.729259E-06
3.109053E+00 1.613701E+00 1.704547E-06
3.107165E+00 1.613739E+00 1.680496E-06
3.105280E+00 1.613777E+00 1.657087E-06
3.103396E+00 1.613816E+00 1.634301E-06
3.101515E+00 1.613854E+00 1.612120E-06
3.099636E+00 1.613892E+00 1.590526E-06
3.097760E+00 1.613929E+00 1.569502E-06
3.095886E+00 1.613967E+00 1.549030E-06
3.094014E+00 1.614005E+00 1.529094E-06
3.092145E+00 1.614043E+00 1.509678E-06
3.090278E+00 1.614080E+00 1.490766E-06
3.088413E+00 1.614118E+00 1.472341E-06
3.086550E+00 1.614155E+00 1.454390E-06
3.084690E+00 1.614193E+00 1.436897E-06
3.082832E+00 1.614230E+00 1.419847E-06
3.080976E+00 1.614267E+00 1.403227E-06
3.079121E+00 1.614304E+00 1.387022E-06
3.077270E+00 1.614341E+00 1.371220E-06
3.075420E+00 1.614378E+00 1.355807E-06
3.073573E+00 1.614415E+00 1.340771E-06
3.071729E+00 1.614452E+00 1.326099E-06
3.069886E+00 1.614489E+00 1.311779E-06
3.068046E+00 1.614526E+00 1.297799E-06
3.066207E+00 1.614562E+00 1.284149E-06
3.064371E+00 1.614599E+00 1.270817E-06
3.062538E+00 1.614635E+00 1.257792E-06
3.060706E+00 1.614672E+00 1.245063E-06
3.058877E+00 1.614708E+00 1.232622E-06
3.057049E+00 1.614745E+00 1.220457E-06
3.055223E+00 1.614781E+00 1.208560E-06
3.053401E+00 1.614817E+00 1.196921E-06
3.051580E+00 1.614853E+00 1.185530E-06
3.049761E+00 1.614889E+00 1.174381E-06
3.047945E+00 1.614925E+00 1.163463E-06
3.046131E+00 1.614961E+00 1.152769E-06
3.044319E+00 1.614997E+00 1.142291E-06
3.042509E+00 1.615032E+00 1.132022E-06
3.040701E+00 1.615068E+00 1.121953E-06
3.038896E+00 1.615103E+00 1.112078E-06
3.037092E+00 1.615139E+00 1.102390E-06
3.035291E+00 1.615174E+00 1.092882E-06
3.033491E+00 1.615210E+00 1.083548E-06
3.031694E+00 1.615245E+00 1.074382E-06
3.029899E+00 1.615280E+00 1.065377E-06
3.028106E+00 1.615316E+00 1.056528E-06
3.026316E+00 1.615351E+00 1.047828E-06
3.024527E+00 1.615386E+00 1.039274E-06
3.022741E+00 1.615421E+00 1.030859E-06
3.020956E+00 1.615455E+00 1.022578E-06
3.019174E+00 1.615490E+00 1.014427E-06
3.017394E+00 1.615525E+00 1.006402E-06
3.015616E+00 1.615560E+00 9.984961E-07
3.013840E+00 1.615594E+00 9.907068E-07
3.012066E+00 1.615629E+00 9.830296E-07
3.010294E+00 1.615663E+00 9.754604E-07
3.008524E+00 1.615698E+00 9.679953E-07
3.006756E+00 1.615732E+00 9.606307E-07
3.004991E+00 1.615767E+00 9.533630E-07
3.003228E+00 1.615801E+00 9.461889E-07
3.001466E+00 1.615835E+00 9.391050E-07
2.999707E+00 1.615869E+00 9.321081E-07
2.997950E+00 1.615903E+00 9.251954E-07
2.996195E+00 1.615937E+00 9.183638E-07
2.994441E+00 1.615971E+00 9.116106E-07
2.992690E+00 1.616005E+00 9.049331E-07
2.990941E+00 1.616038E+00 8.983288E-07
2.989194E+00 1.616072E+00 8.917953E-07
2.987449E+00 1.616106E+00 8.853301E-07
2.985706E+00 1.616139E+00 8.789310E-07
2.983965E+00 1.616173E+00 8.725959E-07
2.982226E+00 1.616206E+00 8.663228E-07
2.980489E+00 1.616240E+00 8.601096E-07
2.978754E+00 1.616273E+00 8.539545E-07
2.977022E+00 1.616306E+00 8.478557E-07
2.975291E+00 1.616340E+00 8.418114E-07
2.973562E+00 1.616373E+00 8.358201E-07
2.971835E+00 1.616406E+00 8.298801E-07
2.970111E+00 1.616439E+00 8.239899E-07
2.968388E+00 1.616472E+00 8.181482E-07
2.966666E+00 1.616505E+00 8.123535E-07
2.964948E+00 1.616537E+00 8.066045E-07
2.963231E+00 1.616570E+00 8.009001E-07
2.961516E+00 1.616603E+00 7.952390E-07
2.959803E+00 1.616635E+00 7.896201E-07
2.958092E+00 1.616668E+00 7.840422E-07
2.956384E+00 1.616701E+00 7.785045E-07
2.954677E+00 1.616733E+00 7.730059E-07
2.952972E+00 1.616765E+00 7.675455E-07
2.951269E+00 1.616798E+00 7.621224E-07
2.949568E+00 1.616830E+00 7.567357E-07
2.947869E+00 1.616862E+00 7.513847E-07
2.946172E+00 1.616894E+00 7.460686E-07
2.944476E+00 1.616926E+00 7.407867E-07
2.942783E+00 1.616958E+00 7.355383E-07
2.941092E+00 1.616990E+00 7.303228E-07
2.939402E+00 1.617022E+00 7.251394E-07
2.937715E+00 1.617054E+00 7.199877E-07
2.936030E+00 1.617086E+00 7.148671E-07
2.934346E+00 1.617118E+00 7.097770E-07
2.932665E+00 1.617149E+00 7.047170E-07
2.930985E+00 1.617181E+00 6.996865E-07
2.929308E+00 1.617212E+00 6.946852E-07
2.927632E+00 1.617244E+00 6.897125E-07
2.925958E+00 1.617275E+00 6.847681E-07
2.924286E+00 1.617307E+00 6.798517E-07
2.922615E+00 1.617338E+00 6.749628E-07
2.920947E+00 1.617369E+00 6.701010E-07
2.919281E+00 1.617400E+00 6.652662E-07
2.917617E+00 1.617432E+00 6.604578E-07
2.915954E+00 1.617463E+00 6.556758E-07
2.914294E+00 1.617494E+00 6.509198E-07
2.912635E+00 1.617525E+00 6.461894E-07
2.910978E+00 1.617556E+00 6.414846E-07
2.909324E+00 1.617586E+00 6.368050E-07
2.907671E+00 1.617617E+00 6.321504E-07
2.906020E+00 1.617648E+00 6.275206E-07
2.904370E+00 1.617679E+00 6.229155E-07
2.902722E+00 1.617709E+00 6.183347E-07
2.901077E+00 1.617740E+00 6.137783E-07
2.899433E+00 1.617770E+00 6.092459E-07
2.897791E+00 1.617801E+00 6.047374E-07
2.896152E+00 1.617831E+00 6.002527E-07
2.894514E+00 1.617862E+00 5.957916E-07
2.892877E+00 1.617892E+00 5.913540E-07
2.891243E+00 1.617922E+00 5.869398E-07
2.889611E+00 1.617952E+00 5.825488E-07
2.887980E+00 1.617982E+00 5.781809E-07
2.886351E+00 1.618012E+00 5.738361E-07
2.884724E+00 1.618042E+00 5.695141E-07
2.883099E+00 1.618072E+00 5.652150E-07
2.881475E+00 1.618102E+00 5.609386E-07
2.879853E+00 1.618132E+00 5.566849E-07
2.878234E+00 1.618162E+00 5.524536E-07
2.876616E+00 1.618192E+00 5.482449E-07
2.875000E+00 1.618221E+00 5.440585E-07
2.873386E+00 1.618251E+00 5.398944E-07
2.871773E+00 1.618281E+00 5.357526E-07
2.870163E+00 1.618310E+00 5.316329E-07
2.868554E+00 1.618340E+00 5.275354E-07
2.866947E+00 1.618369E+00 5.234599E-07
2.865342E+00 1.618398E+00 5.194063E-07
2.863738E+00 1.618428E+00 5.153747E-07
2.862136E+00 1.618457E+00 5.113650E-07
2.860536E+00 1.618486E+00 5.073770E-07
2.858938E+00 1.618515E+00 5.034108E-07
2.857342E+00 1.618544E+00 4.994664E-07
2.855748E+00 1.618573E+00 4.955435E-07
2.854155E+00 1.618602E+00 4.916423E-07
2.852564E+00 1.618631E+00 4.877627E-07
2.850975E+00 1.618660E+00 4.839045E-07
2.849388E+00 1.618689E+00 4.800678E-07
2.847802E+00 1.618718E+00 4.762525E-07
2.846218E+00 1.618747E+00 4.724586E-07
2.844636E+00 1.618775E+00 4.686860E-07
2.843056E+00 1.618804E+00 4.649347E-07
2.841477E+00 1.618833E+00 4.612046E-07
2.839900E+00 1.618861E+00 4.574958E-07
2.838325E+00 1.618890E+00 4.538080E-07
2.836751E+00 1.618918E+00 4.501414E-07
2.835180E+00 1.618946E+00 4.464959E-07
2.833610E+00 1.618975E+00 4.428713E-07
2.832042E+00 1.619003E+00 4.392678E-07
2.830476E+00 1.619031E+00 4.356852E-07
2.828911E+00 1.619059E+00 4.321234E-07
2.827348E+00 1.619087E+00 4.285826E-07
2.825787E+00 1.619115E+00 4.250625E-07
2.824228E+00 1.619144E+00 4.215632E-07
2.822670E+00 1.619171E+00 4.180846E-07
2.821113E+00 1.619199E+00 4.146267E-07
2.819559E+00 1.619227E+00 4.111894E-07
2.818006E+00 1.619255E+00 4.077728E-07
2.816456E+00 1.619283E+00 4.043766E-07
2.814906E+00 1.619311E+00 4.010010E-07
2.813359E+00 1.619338E+00 3.976458E-07
2.811813E+00 1.619366E+00 3.943110E-07
2.810269E+00 1.619393E+00 3.909965E-07
2.808727E+00 1.619421E+00 3.877024E-07
2.807186E+00 1.619448E+00 3.844286E-07
2.805647E+00 1.619476E+00 3.811749E-07
2.804110E+00 1.619503E+00 3.779414E-07
2.802574E+00 1.619531E+00 3.747281E-07
2.801040E+00 1.619558E+00 3.715348E-07
2.799507E+00 1.619585E+00 3.683615E-07
2.797977E+00 1.619612E+00 3.652082E-07
2.796448E+00 1.619639E+00 3.620748E-07
2.794921E+00 1.619667E+00 3.589613E-07
2.793395E+00 1.619694E+00 3.558676E-07
2.791871E+00 1.619721E+00 3.527936E-07
2.790349E+00 1.619748E+00 3.497394E-07
2.788829E+00 1.619774E+00 3.467048E-07
2.787310E+00 1.619801E+00 3.436898E-07
2.785792E+00 1.619828E+00 3.406944E-07
2.784277E+00 1.619855E+00 3.377184E-07
2.782762E+00 1.619882E+00 3.347619E-07
2.781250E+00 1.619908E+00 3.318248E-07
2.779739E+00 1.619935E+00 3.289070E-07
2.778230E+00 1.619961E+00 3.260084E-07
2.776723E+00 1.619988E+00 3.231291E-07
2.775217E+00 1.620014E+00 3.202689E-07
2.773713E+00 1.620041E+00 3.174277E-07
2.772210E+00 1.620067E+00 3.146056E-07
2.770709E+00 1.620094E+00 3.118025E-07
2.769210E+00 1.620120E+00 3.090183E-07
2.767713E+00 1.620146E+00 3.062529E-07
2.766217E+00 1.620172E+00 3.035064E-07
2.764722E+00 1.620199E+00 3.007785E-07
2.763229E+00 1.620225E+00 2.980693E-07
2.761737E+00 1.620251E+00 2.953787E-07
2.760248E+00 1.620277E+00 2.927066E-07
2.758760E+00 1.620303E+00 2.900530E-07
2.757274E+00 1.620329E+00 2.874178E-07
2.755789E+00 1.620355E+00 2.848010E-07
2.754306E+00 1.620380E+00 2.822024E-07
2.752824E+00 1.620406E+00 2.796220E-07
2.751344E+00 1.620432E+00 2.770598E-07
2.749866E+00 1.620458E+00 2.745156E-07
2.748389E+00 1.620483E+00 2.719895E-07
2.746914E+00 1.620509E+00 2.694813E-07
2.745440E+00 1.620534E+00 2.669909E-07
2.743968E+00 1.620560E+00 2.645184E-07
2.742497E+00 1.620586E+00 2.620636E-07
2.741028E+00 1.620611E+00 2.596265E-07
2.739561E+00 1.620636E+00 2.572070E-07
2.738095E+00 1.620662E+00 2.548050E-07
2.736631E+00 1.620687E+00 2.524204E-07
2.735168E+00 1.620712E+00 2.500533E-07
2.733707E+00 1.620738E+00 2.477034E-07
2.732248E+00 1.620763E+00 2.453709E-07
2.730790E+00 1.620788E+00 2.430555E-07
2.729334E+00 1.620813E+00 2.407571E-07
2.727879E+00 1.620838E+00 2.384759E-07
2.726425E+00 1.620863E+00 2.362115E-07
2.724973E+00 1.620888E+00 2.339641E-07
2.723523E+00 1.620913E+00 2.317335E-07
2.722074E+00 1.620938E+00 2.295196E-07
2.720627E+00 1.620963E+00 2.273224E-07
2.719182E+00 1.620987E+00 2.251418E-07
2.717738E+00 1.621012E+00 2.229777E-07
2.716295E+00 1.621037E+00 2.208300E-07
2.714854E+00 1.621062E+00 2.186987E-07
2.713415E+00 1.621086E+00 2.165837E-07
2.711977E+00 1.621111E+00 2.144850E-07
2.710541E+00 1.621135E+00 2.124023E-07
2.709106E+00 1.621160E+00 2.103358E-07
2.707672E+00 1.621184E+00 2.082852E-07
2.706240E+00 1.621209E+00 2.062506E-07
2.704810E+00 1.621233E+00 2.042318E-07
2.703381E+00 1.621257E+00 2.022287E-07
2.701953E+00 1.621282E+00 2.002414E-07
2.700528E+00 1.621306E+00 1.982696E-07
2.699103E+00 1.621330E+00 1.963134E-07
2.697681E+00 1.621354E+00 1.943727E-07
2.696259E+00 1.621379E+00 1.924474E-07
2.694840E+00 1.621403E+00 1.905373E-07
2.693421E+00 1.621427E+00 1.886425E-07
2.692005E+00 1.621451E+00 1.867628E-07
2.690589E+00 1.621475E+00 1.848982E-07
2.689175E+00 1.621499E+00 1.830486E-07
2.687762E+00 1.621522E+00 1.812140E-07
2.686352E+00 1.621546E+00 1.793941E-07
2.684942E+00 1.621570E+00 1.775890E-07
2.683534E+00 1.621594E+00 1.757987E-07
2.682128E+00 1.621618E+00 1.740229E-07
2.680723E+00 1.621641E+00 1.722616E-07
2.679319E+00 1.621665E+00 1.705148E-07
2.677917E+00 1.621689E+00 1.687824E-07
2.676517E+00 1.621712E+00 1.670643E-07
2.675118E+00 1.621736E+00 1.653604E-07
2.673720E+00 1.621759E+00 1.636706E-07
2.672323E+00 1.621783E+00 1.619949E-07
2.670929E+00 1.621806E+00 1.603332E-07
2.669536E+00 1.621829E+00 1.586853E-07
2.668144E+00 1.621853E+00 1.570514E-07
2.666753E+00 1.621876E+00 1.554311E-07
2.665365E+00 1.621899E+00 1.538245E-07
2.663977E+00 1.621923E+00 1.522315E-07
2.662591E+00 1.621946E+00 1.506521E-07
2.661207E+00 1.621969E+00 1.490860E-07
2.659823E+00 1.621992E+00 1.475333E-07
2.658442E+00 1.622015E+00 1.459939E-07
2.657062E+00 1.622038E+00 1.444677E-07
2.655682E+00 1.622061E+00 1.429547E-07
2.654305E+00 1.622084E+00 1.414546E-07
2.652929E+00 1.622107E+00 1.399676E-07
2.651554E+00 1.622130E+00 1.384934E-07
2.650181E+00 1.622153E+00 1.370320E-07
2.648809E+00 1.622175E+00 1.355834E-07
2.647439E+00 1.622198E+00 1.341474E-07
2.646070E+00 1.622221E+00 1.327240E-07
2.644703E+00 1.622244E+00 1.313131E-07
2.643337E+00 1.622266E+00 1.299146E-07
2.641972E+00 1.622289E+00 1.285284E-07
2.640609E+00 1.622311E+00 1.271546E-07
2.639247E+00 1.622334E+00 1.257929E-07
2.637886E+00 1.622356E+00 1.244433E-07
2.636527E+00 1.622379E+00 1.231058E-07
2.635170E+00 1.622401E+00 1.217802E-07
2.633814E+00 1.622424E+00 1.204665E-07
2.632459E+00 1.622446E+00 1.191647E-07
2.631105E+00 1.622468E+00 1.178745E-07
2.629753E+00 1.622491E+00 1.165960E-07
2.628403E+00 1.622513E+00 1.153291E-07
2.627054E+00 1.622535E+00 1.140737E-07
2.625706E+00 1.622557E+00 1.128297E-07
2.624359E+00 1.622579E+00 1.115970E-07
2.623014E+00 1.622602E+00 1.103757E-07
2.621670E+00 1.622624E+00 1.091655E-07
2.620327E+00 1.622646E+00 1.079665E-07
2.618986E+00 1.622668E+00 1.067785E-07
2.617647E+00 1.622690E+00 1.056015E-07
2.616309E+00 1.622711E+00 1.044353E-07
2.614972E+00 1.622733E+00 1.032800E-07
2.613636E+00 1.622755E+00 1.021355E-07
2.612302E+00 1.622777E+00 1.010016E-07
2.610969E+00 1.622799E+00 9.987838E-08
2.609638E+00 1.622820E+00 9.876565E-08
2.608308E+00 1.622842E+00 9.766337E-08
2.606979E+00 1.622864E+00 9.657148E-08
2.605652E+00 1.622885E+00 9.548989E-08
2.604325E+00 1.622907E+00 9.441854E-08
2.603001E+00 1.622929E+00 9.335736E-08
2.601677E+00 1.622950E+00 9.230627E-08
2.600356E+00 1.622972E+00 9.126520E-08
2.599035E+00 1.622993E+00 9.023407E-08
2.597716E+00 1.623015E+00 8.921282E-08
2.596398E+00 1.623036E+00 8.820137E-08
2.595081E+00 1.623057E+00 8.719966E-08
2.593766E+00 1.623079E+00 8.620761E-08
2.592452E+00 1.623100E+00 8.522515E-08
2.591139E+00 1.623121E+00 8.425221E-08
2.589828E+00 1.623142E+00 8.328872E-08
2.588518E+00 1.623164E+00 8.233461E-08
2.587209E+00 1.623185E+00 8.138981E-08
2.585902E+00 1.623206E+00 8.045426E-08
2.584596E+00 1.623227E+00 7.952787E-08
2.583291E+00 1.623248E+00 7.861058E-08
2.581988E+00 1.623269E+00 7.770233E-08
2.580686E+00 1.623290E+00 7.680304E-08
2.579385E+00 1.623311E+00 7.591265E-08
2.578086E+00 1.623332E+00 7.503109E-08
2.576788E+00 1.623353E+00 7.415829E-08
2.575491E+00 1.623373E+00 7.329418E-08
2.574195E+00 1.623394E+00 7.243870E-08
2.572901E+00 1.623415E+00 7.159178E-08
2.571608E+00 1.623436E+00 7.075335E-08
2.570316E+00 1.623457E+00 6.992335E-08
2.569026E+00 1.623477E+00 6.910170E-08
2.567737E+00 1.623498E+00 6.828835E-08
2.566449E+00 1.623518E+00 6.748323E-08
2.565163E+00 1.623539E+00 6.668628E-08
2.563878E+00 1.623560E+00 6.589742E-08
2.562594E+00 1.623580E+00 6.511660E-08
2.561311E+00 1.623601E+00 6.434374E-08
2.560030E+00 1.623621E+00 6.357879E-08
2.558750E+00 1.623641E+00 6.282169E-08
2.557471E+00 1.623662E+00 6.207236E-08
2.556194E+00 1.623682E+00 6.133074E-08
2.554917E+00 1.623702E+00 6.059678E-08
2.553642E+00 1.623723E+00 5.987041E-08
2.552369E+00 1.623743E+00 5.915157E-08
2.551097E+00 1.623763E+00 5.844019E-08
2.549826E+00 1.623783E+00 5.773621E-08
2.548556E+00 1.623804E+00 5.703958E-08
2.547287E+00 1.623824E+00 5.635023E-08
2.546020E+00 1.623844E+00 5.566810E-08
2.544754E+00 1.623864E+00 5.499313E-08
2.543489E+00 1.623884E+00 5.432526E-08
2.542226E+00 1.623904E+00 5.366443E-08
2.540964E+00 1.623924E+00 5.301058E-08
2.539703E+00 1.623944E+00 5.236365E-08
2.538442E+00 1.623964E+00 5.172359E-08
2.537184E+00 1.623984E+00 5.109033E-08
2.535926E+00 1.624003E+00 5.046381E-08
2.534670E+00 1.624023E+00 4.984399E-08
2.533416E+00 1.624043E+00 4.923079E-08
2.532162E+00 1.624063E+00 4.862417E-08
2.530910E+00 1.624082E+00 4.802406E-08
2.529659E+00 1.624102E+00 4.743041E-08
2.528409E+00 1.624122E+00 4.684317E-08
2.527161E+00 1.624141E+00 4.626227E-08
2.525913E+00 1.624161E+00 4.568766E-08
2.524667E+00 1.624181E+00 4.511929E-08
2.523422E+00 1.624200E+00 4.455710E-08
2.522178E+00 1.624220E+00 4.400103E-08
2.520936E+00 1.624239E+00 4.345104E-08
2.519695E+00 1.624259E+00 4.290706E-08
2.518455E+00 1.624278E+00 4.236905E-08
2.517216E+00 1.624297E+00 4.183695E-08
2.515978E+00 1.624317E+00 4.131070E-08
2.514742E+00 1.624336E+00 4.079026E-08
2.513507E+00 1.624355E+00 4.027557E-08
2.512273E+00 1.624375E+00 3.976658E-08
2.511040E+00 1.624394E+00 3.926324E-08
2.509809E+00 1.624413E+00 3.876550E-08
2.508579E+00 1.624432E+00 3.827329E-08
2.507349E+00 1.624451E+00 3.778659E-08
2.506121E+00 1.624470E+00 3.730532E-08
2.504895E+00 1.624489E+00 3.682945E-08
2.503669E+00 1.624509E+00 3.635892E-08
2.502445E+00 1.624528E+00 3.589369E-08
2.501222E+00 1.624547E+00 3.543370E-08
2.500000E+00 1.624565E+00 3.497891E-08
