5.117500E+03 2.692007E+00 3.173224E-03
2.558750E+03 2.691994E+00 6.346677E-03
1.705833E+03 2.691973E+00 9.520580E-03
1.279375E+03 2.691944E+00 1.269515E-02
1.023500E+03 2.691906E+00 1.587057E-02
8.529170E+02 2.691858E+00 1.904703E-02
7.310716E+02 2.691802E+00 2.222467E-02
6.396876E+02 2.691735E+00 2.540361E-02
5.686112E+02 2.691659E+00 2.858393E-02
5.117500E+02 2.691572E+00 3.176566E-02
4.652273E+02 2.691474E+00 3.494881E-02
4.264583E+02 2.691364E+00 3.813330E-02
3.936538E+02 2.691241E+00 4.131903E-02
3.655357E+02 2.691106E+00 4.450583E-02
3.411666E+02 2.690958E+00 4.769346E-02
3.198437E+02 2.690795E+00 5.088162E-02
3.010294E+02 2.690616E+00 5.406994E-02
2.843056E+02 2.690423E+00 5.725797E-02
2.693421E+02 2.690212E+00 6.044519E-02
2.558750E+02 2.689985E+00 6.363100E-02
2.436905E+02 2.689740E+00 6.681472E-02
2.326136E+02 2.689475E+00 6.999559E-02
2.225000E+02 2.689192E+00 7.317275E-02
2.132292E+02 2.688888E+00 7.634527E-02
2.047000E+02 2.688563E+00 7.951213E-02
1.968269E+02 2.688216E+00 8.267221E-02
1.895370E+02 2.687848E+00 8.582432E-02
1.827678E+02 2.687456E+00 8.896716E-02
1.764655E+02 2.687041E+00 9.209936E-02
1.705833E+02 2.686602E+00 9.521944E-02
1.650807E+02 2.686138E+00 9.832586E-02
1.599219E+02 2.685650E+00 1.014170E-01
1.550758E+02 2.685137E+00 1.044911E-01
1.505147E+02 2.684598E+00 1.075463E-01
1.462143E+02 2.684034E+00 1.105808E-01
1.421528E+02 2.683444E+00 1.135927E-01
1.383108E+02 2.682828E+00 1.165798E-01
1.346710E+02 2.682187E+00 1.195400E-01
1.312179E+02 2.681521E+00 1.224713E-01
1.279375E+02 2.680829E+00 1.253712E-01
1.248171E+02 2.680114E+00 1.282376E-01
1.218452E+02 2.679374E+00 1.310680E-01
1.190116E+02 2.678611E+00 1.338601E-01
1.163068E+02 2.677826E+00 1.366113E-01
1.137222E+02 2.677020E+00 1.393192E-01
1.112500E+02 2.676193E+00 1.419811E-01
1.088830E+02 2.675348E+00 1.445947E-01
1.066146E+02 2.674485E+00 1.471572E-01
1.044388E+02 2.673607E+00 1.496660E-01
1.023500E+02 2.672714E+00 1.521185E-01
1.003431E+02 2.671810E+00 1.545120E-01
9.841348E+01 2.670896E+00 1.568440E-01
9.655660E+01 2.669974E+00 1.591118E-01
9.476849E+01 2.669047E+00 1.613127E-01
9.304541E+01 2.668117E+00 1.634442E-01
9.138396E+01 2.667188E+00 1.655038E-01
8.978071E+01 2.666263E+00 1.674888E-01
8.823275E+01 2.665345E+00 1.693969E-01
8.673727E+01 2.664437E+00 1.712255E-01
8.529170E+01 2.663544E+00 1.729724E-01
8.389346E+01 2.662668E+00 1.746351E-01
8.254033E+01 2.661815E+00 1.762116E-01
8.123015E+01 2.660988E+00 1.776997E-01
7.996092E+01 2.660193E+00 1.790974E-01
7.873080E+01 2.659435E+00 1.804026E-01
7.753789E+01 2.658718E+00 1.816138E-01
7.638060E+01 2.658047E+00 1.827291E-01
7.525734E+01 2.657430E+00 1.837470E-01
7.416665E+01 2.656872E+00 1.846663E-01
7.310716E+01 2.656378E+00 1.854856E-01
7.207747E+01 2.655957E+00 1.862041E-01
7.107639E+01 2.655615E+00 1.868209E-01
7.010273E+01 2.655360E+00 1.873355E-01
6.915538E+01 2.655199E+00 1.877476E-01
6.823335E+01 2.655142E+00 1.880572E-01
6.733553E+01 2.655197E+00 1.882648E-01
6.646104E+01 2.655374E+00 1.883710E-01
6.560896E+01 2.655685E+00 1.883772E-01
6.477846E+01 2.656140E+00 1.882853E-01
6.396876E+01 2.656752E+00 1.880977E-01
6.317902E+01 2.657534E+00 1.878179E-01
6.240853E+01 2.658503E+00 1.874507E-01
6.165661E+01 2.659676E+00 1.870019E-01
6.092264E+01 2.661072E+00 1.864799E-01
6.020589E+01 2.662715E+00 1.858954E-01
5.950582E+01 2.664630E+00 1.852632E-01
5.882183E+01 2.666850E+00 1.846035E-01
5.815340E+01 2.669412E+00 1.839448E-01
5.750001E+01 2.672362E+00 1.833281E-01
5.686112E+01 2.675756E+00 1.828134E-01
5.623626E+01 2.679660E+00 1.824919E-01
5.562499E+01 2.684153E+00 1.825060E-01
5.502687E+01 2.689319E+00 1.830848E-01
5.444150E+01 2.695219E+00 1.846068E-01
5.386843E+01 2.701797E+00 1.877055E-01
5.330729E+01 2.708615E+00 1.934081E-01
5.275773E+01 2.714141E+00 2.031117E-01
5.221938E+01 2.714441E+00 2.174050E-01
5.169193E+01 2.703678E+00 2.317649E-01
5.117500E+01 2.683327E+00 2.344947E-01
5.066832E+01 2.667287E+00 2.219790E-01
5.017156E+01 2.662891E+00 2.045209E-01
4.968445E+01 2.666446E+00 1.895875E-01
4.920674E+01 2.673520E+00 1.783301E-01
4.873810E+01 2.681905E+00 1.698703E-01
4.827830E+01 2.690764E+00 1.632727E-01
4.782710E+01 2.699835E+00 1.578905E-01
4.738427E+01 2.709073E+00 1.533166E-01
4.694955E+01 2.718514E+00 1.492997E-01
4.652273E+01 2.728215E+00 1.456845E-01
4.610360E+01 2.738239E+00 1.423749E-01
4.569196E+01 2.748653E+00 1.393129E-01
4.528762E+01 2.759518E+00 1.364655E-01
4.489036E+01 2.770896E+00 1.338174E-01
4.450000E+01 2.782851E+00 1.313666E-01
4.411638E+01 2.795448E+00 1.291219E-01
4.373931E+01 2.808755E+00 1.271022E-01
4.336865E+01 2.822846E+00 1.253366E-01
4.300420E+01 2.837804E+00 1.238650E-01
4.264583E+01 2.853718E+00 1.227408E-01
4.229338E+01 2.870691E+00 1.220338E-01
4.194671E+01 2.888840E+00 1.218352E-01
4.160570E+01 2.908298E+00 1.222654E-01
4.127016E+01 2.929220E+00 1.234845E-01
4.094000E+01 2.951782E+00 1.257092E-01
4.061507E+01 2.976180E+00 1.292376E-01
4.029527E+01 3.002628E+00 1.344867E-01
3.998047E+01 3.031332E+00 1.420505E-01
3.967054E+01 3.062443E+00 1.527866E-01
3.936538E+01 3.095922E+00 1.679376E-01
3.906488E+01 3.131254E+00 1.892714E-01
3.876895E+01 3.166838E+00 2.191241E-01
3.847745E+01 3.198855E+00 2.599103E-01
3.819030E+01 3.219944E+00 3.119651E-01
3.790741E+01 3.220324E+00 3.684418E-01
3.762867E+01 3.197140E+00 4.113946E-01
3.735402E+01 3.167146E+00 4.232427E-01
3.708334E+01 3.156996E+00 4.081271E-01
3.681655E+01 3.178592E+00 3.873916E-01
3.655357E+01 3.227613E+00 3.789968E-01
3.629432E+01 3.296087E+00 3.924577E-01
3.603874E+01 3.377977E+00 4.346313E-01
3.578672E+01 3.467416E+00 5.154120E-01
3.553819E+01 3.552001E+00 6.511140E-01
3.529310E+01 3.598504E+00 8.616750E-01
3.505136E+01 3.533963E+00 1.142488E+00
3.481293E+01 3.278985E+00 1.393693E+00
3.457770E+01 2.898572E+00 1.443118E+00
3.434564E+01 2.594831E+00 1.272246E+00
3.411666E+01 2.464006E+00 1.024428E+00
3.389072E+01 2.463926E+00 8.149334E-01
3.366777E+01 2.522984E+00 6.756229E-01
3.344771E+01 2.595653E+00 5.957418E-01
3.323052E+01 2.660880E+00 5.571369E-01
3.301613E+01 2.709495E+00 5.442337E-01
3.280449E+01 2.737830E+00 5.435840E-01
3.259554E+01 2.746738E+00 5.426089E-01
3.238924E+01 2.742398E+00 5.307651E-01
3.218553E+01 2.735304E+00 5.027379E-01
3.198437E+01 2.736121E+00 4.603243E-01
3.178572E+01 2.751233E+00 4.103654E-01
3.158951E+01 2.781556E+00 3.604217E-01
3.139571E+01 2.824481E+00 3.157539E-01
3.120427E+01 2.876409E+00 2.787907E-01
3.101515E+01 2.934260E+00 2.499761E-01
3.082832E+01 2.995913E+00 2.287691E-01
3.064371E+01 3.060127E+00 2.143166E-01
3.046131E+01 3.126301E+00 2.057982E-01
3.028106E+01 3.194260E+00 2.025693E-01
3.010294E+01 3.264103E+00 2.042048E-01
2.992690E+01 3.336100E+00 2.105048E-01
2.975291E+01 3.410631E+00 2.214935E-01
2.958092E+01 3.488150E+00 2.374234E-01
2.941092E+01 3.569154E+00 2.587944E-01
2.924286E+01 3.654157E+00 2.863909E-01
2.907671E+01 3.743654E+00 3.213429E-01
2.891243E+01 3.838053E+00 3.652147E-01
2.875000E+01 3.937562E+00 4.201263E-01
2.858938E+01 4.041979E+00 4.889047E-01
2.843056E+01 4.150320E+00 5.752417E-01
2.827348E+01 4.260187E+00 6.837825E-01
2.811813E+01 4.366734E+00 8.199376E-01
2.796448E+01 4.461191E+00 9.889563E-01
2.781250E+01 4.529308E+00 1.193429E+00
2.766217E+01 4.551293E+00 1.428330E+00
2.751344E+01 4.506615E+00 1.674428E+00
2.736631E+01 4.386477E+00 1.895833E+00
2.722074E+01 4.208243E+00 2.050906E+00
2.707672E+01 4.015783E+00 2.114955E+00
2.693421E+01 3.859864E+00 2.095169E+00
2.679319E+01 3.775905E+00 2.024603E+00
2.665365E+01 3.775670E+00 1.945170E+00
2.651554E+01 3.851678E+00 1.894173E+00
2.637886E+01 3.985819E+00 1.899221E+00
2.624359E+01 4.155707E+00 1.979737E+00
2.610969E+01 4.335754E+00 2.150693E+00
2.597716E+01 4.493262E+00 2.423726E+00
2.584596E+01 4.582805E+00 2.801219E+00
2.571608E+01 4.547108E+00 3.260795E+00
2.558750E+01 4.337862E+00 3.738381E+00
2.546020E+01 3.955842E+00 4.137993E+00
2.533416E+01 3.467992E+00 4.383508E+00
2.520936E+01 2.966668E+00 4.462726E+00
2.508579E+01 2.516616E+00 4.414402E+00
2.496342E+01 2.141738E+00 4.288860E+00
2.484223E+01 1.840114E+00 4.125058E+00
2.472222E+01 1.600061E+00 3.947080E+00
2.460336E+01 1.408658E+00 3.768032E+00
2.448565E+01 1.254822E+00 3.594366E+00
2.436905E+01 1.129873E+00 3.428847E+00
2.425355E+01 1.027259E+00 3.272309E+00
2.413915E+01 9.420944E-01 3.124614E+00
2.402582E+01 8.707373E-01 2.985169E+00
2.391355E+01 8.104634E-01 2.853191E+00
2.380233E+01 7.592214E-01 2.727844E+00
2.369213E+01 7.154583E-01 2.608302E+00
2.358295E+01 6.779951E-01 2.493778E+00
2.347477E+01 6.459392E-01 2.383535E+00
2.336758E+01 6.186226E-01 2.276879E+00
2.326136E+01 5.955610E-01 2.173159E+00
2.315611E+01 5.764275E-01 2.071755E+00
2.305180E+01 5.610390E-01 1.972071E+00
2.294843E+01 5.493546E-01 1.873528E+00
2.284598E+01 5.414850E-01 1.775565E+00
2.274444E+01 5.377145E-01 1.677636E+00
2.264380E+01 5.385361E-01 1.579236E+00
2.254405E+01 5.447014E-01 1.479938E+00
2.244518E+01 5.572797E-01 1.379476E+00
2.234716E+01 5.777097E-01 1.277897E+00
2.225000E+01 6.077937E-01 1.175818E+00
2.215368E+01 6.495175E-01 1.074785E+00
2.205819E+01 7.045182E-01 9.776178E-01
2.196352E+01 7.731298E-01 8.883456E-01
2.186966E+01 8.534841E-01 8.112250E-01
2.177660E+01 9.416697E-01 7.491107E-01
2.168432E+01 1.033178E+00 7.024842E-01
2.159282E+01 1.124431E+00 6.698876E-01
2.150210E+01 1.213376E+00 6.490356E-01
2.141213E+01 1.299312E+00 6.377058E-01
2.132292E+01 1.382464E+00 6.341922E-01
2.123444E+01 1.463593E+00 6.374738E-01
2.114669E+01 1.543705E+00 6.472555E-01
2.105967E+01 1.623813E+00 6.639677E-01
2.097336E+01 1.704749E+00 6.887621E-01
2.088775E+01 1.786947E+00 7.235210E-01
2.080284E+01 1.870175E+00 7.708750E-01
2.071863E+01 1.953136E+00 8.341854E-01
2.063508E+01 2.032858E+00 9.173804E-01
2.055221E+01 2.103866E+00 1.024402E+00
2.047000E+01 2.157313E+00 1.157858E+00
2.038844E+01 2.180808E+00 1.316479E+00
2.030754E+01 2.160424E+00 1.491689E+00
2.022727E+01 2.086246E+00 1.665628E+00
2.014764E+01 1.959648E+00 1.814641E+00
2.006863E+01 1.795869E+00 1.918839E+00
1.999023E+01 1.617651E+00 1.970699E+00
1.991245E+01 1.445181E+00 1.975359E+00
1.983527E+01 1.290547E+00 1.944445E+00
1.975869E+01 1.158160E+00 1.889968E+00
1.968269E+01 1.047694E+00 1.821373E+00
1.960728E+01 9.567140E-01 1.745095E+00
1.953244E+01 8.822554E-01 1.665143E+00
1.945818E+01 8.215487E-01 1.583849E+00
1.938447E+01 7.722784E-01 1.502474E+00
1.931132E+01 7.326239E-01 1.421621E+00
1.923872E+01 7.012176E-01 1.341505E+00
1.916667E+01 6.770860E-01 1.262124E+00
1.909515E+01 6.595942E-01 1.183367E+00
1.902416E+01 6.484053E-01 1.105096E+00
1.895370E+01 6.434490E-01 1.027216E+00
1.888377E+01 6.448926E-01 9.497490E-01
1.881434E+01 6.530976E-01 8.729257E-01
1.874542E+01 6.685326E-01 7.972866E-01
1.867701E+01 6.916118E-01 7.237669E-01
1.860909E+01 7.224536E-01 6.536907E-01
1.854167E+01 7.606294E-01 5.885931E-01
1.847473E+01 8.050610E-01 5.298672E-01
1.840827E+01 8.541878E-01 4.784017E-01
1.834229E+01 9.063278E-01 4.344226E-01
1.827678E+01 9.600135E-01 3.975957E-01
1.821175E+01 1.014157E+00 3.672605E-01
1.814716E+01 1.068056E+00 3.426466E-01
1.808304E+01 1.121318E+00 3.230119E-01
1.801937E+01 1.173774E+00 3.077083E-01
1.795614E+01 1.225407E+00 2.962021E-01
1.789336E+01 1.276302E+00 2.880743E-01
1.783101E+01 1.326610E+00 2.830124E-01
1.776910E+01 1.376533E+00 2.808031E-01
1.770761E+01 1.426308E+00 2.813277E-01
1.764655E+01 1.476202E+00 2.845615E-01
1.758591E+01 1.526508E+00 2.905796E-01
1.752569E+01 1.577536E+00 2.995669E-01
1.746587E+01 1.629615E+00 3.118363E-01
1.740646E+01 1.683078E+00 3.278549E-01
1.734746E+01 1.738244E+00 3.482799E-01
1.728885E+01 1.795395E+00 3.740090E-01
1.723064E+01 1.854716E+00 4.062457E-01
1.717282E+01 1.916206E+00 4.465812E-01
1.711538E+01 1.979520E+00 4.970887E-01
1.705833E+01 2.043700E+00 5.604069E-01
1.700166E+01 2.106740E+00 6.397562E-01
1.694536E+01 2.164929E+00 7.387452E-01
1.688944E+01 2.211983E+00 8.606930E-01
1.683388E+01 2.238269E+00 1.007035E+00
1.677869E+01 2.231044E+00 1.174493E+00
1.672386E+01 2.177353E+00 1.351749E+00
1.666938E+01 2.070463E+00 1.518636E+00
1.661526E+01 1.916577E+00 1.651698E+00
1.656149E+01 1.734813E+00 1.734627E+00
1.650807E+01 1.548545E+00 1.764918E+00
1.645498E+01 1.375789E+00 1.751410E+00
1.640224E+01 1.225681E+00 1.707185E+00
1.634984E+01 1.100287E+00 1.644172E+00
1.629777E+01 9.978273E-01 1.571147E+00
1.624603E+01 9.150845E-01 1.493837E+00
1.619462E+01 8.486935E-01 1.415690E+00
1.614353E+01 7.956719E-01 1.338658E+00
1.609277E+01 7.535652E-01 1.263764E+00
1.604232E+01 7.204263E-01 1.191485E+00
1.599219E+01 6.947403E-01 1.121986E+00
1.594237E+01 6.753404E-01 1.055268E+00
1.589286E+01 6.613331E-01 9.912555E-01
1.584365E+01 6.520349E-01 9.298485E-01
1.579475E+01 6.469205E-01 8.709564E-01
1.574615E+01 6.455793E-01 8.145168E-01
1.569785E+01 6.476791E-01 7.605055E-01
1.564985E+01 6.529325E-01 7.089392E-01
1.560213E+01 6.610697E-01 6.598701E-01
1.555471E+01 6.718152E-01 6.133737E-01
1.550758E+01 6.848738E-01 5.695314E-01
1.546072E+01 6.999251E-01 5.284085E-01
1.541416E+01 7.166292E-01 4.900358E-01
1.536787E+01 7.346404E-01 4.543963E-01
1.532186E+01 7.536251E-01 4.214204E-01
1.527612E+01 7.732779E-01 3.909908E-01
1.523065E+01 7.933344E-01 3.629531E-01
1.518546E+01 8.135765E-01 3.371293E-01
1.514053E+01 8.338331E-01 3.133314E-01
1.509587E+01 8.539761E-01 2.913719E-01
1.505147E+01 8.739145E-01 2.710722E-01
1.500733E+01 8.935872E-01 2.522672E-01
1.496345E+01 9.129565E-01 2.348081E-01
1.491983E+01 9.320024E-01 2.185632E-01
1.487645E+01 9.507173E-01 2.034173E-01
1.483333E+01 9.691022E-01 1.892706E-01
1.479046E+01 9.871633E-01 1.760375E-01
1.474784E+01 1.004910E+00 1.636444E-01
1.470546E+01 1.022354E+00 1.520285E-01
1.466332E+01 1.039506E+00 1.411356E-01
1.462143E+01 1.056376E+00 1.309193E-01
1.457977E+01 1.072973E+00 1.213391E-01
1.453835E+01 1.089306E+00 1.123596E-01
1.449717E+01 1.105381E+00 1.039492E-01
1.445622E+01 1.121202E+00 9.607944E-02
1.441549E+01 1.136774E+00 8.872406E-02
1.437500E+01 1.152098E+00 8.185870E-02
1.433473E+01 1.167176E+00 7.546027E-02
1.429469E+01 1.182009E+00 6.950665E-02
1.425487E+01 1.196597E+00 6.397642E-02
1.421528E+01 1.210940E+00 5.884870E-02
1.417590E+01 1.225037E+00 5.410304E-02
1.413674E+01 1.238890E+00 4.971936E-02
1.409780E+01 1.252499E+00 4.567794E-02
1.405907E+01 1.265865E+00 4.195941E-02
1.402055E+01 1.278988E+00 3.854483E-02
1.398224E+01 1.291871E+00 3.541571E-02
1.394414E+01 1.304517E+00 3.255405E-02
1.390625E+01 1.316929E+00 2.994243E-02
1.386856E+01 1.329110E+00 2.756404E-02
1.383108E+01 1.341065E+00 2.540271E-02
1.379380E+01 1.352800E+00 2.344300E-02
1.375672E+01 1.364318E+00 2.167019E-02
1.371984E+01 1.375627E+00 2.007030E-02
1.368316E+01 1.386732E+00 1.863011E-02
1.364667E+01 1.397640E+00 1.733719E-02
1.361037E+01 1.408358E+00 1.617986E-02
1.357427E+01 1.418893E+00 1.514718E-02
1.353836E+01 1.429253E+00 1.422898E-02
1.350264E+01 1.439445E+00 1.341577E-02
1.346710E+01 1.449476E+00 1.269878E-02
1.343176E+01 1.459355E+00 1.206988E-02
1.339660E+01 1.469088E+00 1.152159E-02
1.336162E+01 1.478683E+00 1.104702E-02
1.332682E+01 1.488149E+00 1.063984E-02
1.329221E+01 1.497492E+00 1.029428E-02
1.325777E+01 1.506720E+00 1.000506E-02
1.322351E+01 1.515840E+00 9.767358E-03
1.318943E+01 1.524860E+00 9.576805E-03
1.315553E+01 1.533787E+00 9.429437E-03
1.312179E+01 1.542628E+00 9.321671E-03
1.308824E+01 1.551390E+00 9.250273E-03
1.305485E+01 1.560079E+00 9.212337E-03
1.302163E+01 1.568703E+00 9.205258E-03
1.298858E+01 1.577267E+00 9.226711E-03
1.295570E+01 1.585779E+00 9.274625E-03
1.292298E+01 1.594245E+00 9.347170E-03
1.289043E+01 1.602672E+00 9.442732E-03
1.285804E+01 1.611065E+00 9.559899E-03
1.282581E+01 1.619430E+00 9.697446E-03
1.279375E+01 1.627774E+00 9.854320E-03
1.276185E+01 1.636102E+00 1.002963E-02
1.273010E+01 1.644422E+00 1.022261E-02
1.269851E+01 1.652737E+00 1.043268E-02
1.266708E+01 1.661056E+00 1.065933E-02
1.263580E+01 1.669382E+00 1.090220E-02
1.260468E+01 1.677723E+00 1.116104E-02
1.257371E+01 1.686083E+00 1.143569E-02
1.254289E+01 1.694470E+00 1.172610E-02
1.251222E+01 1.702888E+00 1.203231E-02
1.248171E+01 1.711344E+00 1.235444E-02
1.245134E+01 1.719844E+00 1.269272E-02
1.242112E+01 1.728395E+00 1.304743E-02
1.239104E+01 1.737001E+00 1.341897E-02
1.236111E+01 1.745670E+00 1.380777E-02
1.233133E+01 1.754408E+00 1.421439E-02
1.230168E+01 1.763221E+00 1.463943E-02
1.227218E+01 1.772117E+00 1.508359E-02
1.224282E+01 1.781102E+00 1.554766E-02
1.221360E+01 1.790184E+00 1.603250E-02
1.218452E+01 1.799369E+00 1.653905E-02
1.215558E+01 1.808667E+00 1.706836E-02
1.212678E+01 1.818083E+00 1.762156E-02
1.209811E+01 1.827627E+00 1.819989E-02
1.206957E+01 1.837308E+00 1.880469E-02
1.204118E+01 1.847133E+00 1.943743E-02
1.201291E+01 1.857113E+00 2.009968E-02
1.198478E+01 1.867258E+00 2.079316E-02
1.195678E+01 1.877577E+00 2.151972E-02
1.192890E+01 1.888081E+00 2.228139E-02
1.190116E+01 1.898781E+00 2.308033E-02
1.187355E+01 1.909690E+00 2.391892E-02
1.184606E+01 1.920820E+00 2.479973E-02
1.181871E+01 1.932185E+00 2.572556E-02
1.179148E+01 1.943798E+00 2.669943E-02
1.176437E+01 1.955675E+00 2.772467E-02
1.173739E+01 1.967831E+00 2.880488E-02
1.171053E+01 1.980284E+00 2.994401E-02
1.168379E+01 1.993051E+00 3.114637E-02
1.165718E+01 2.006153E+00 3.241671E-02
1.163068E+01 2.019610E+00 3.376021E-02
1.160431E+01 2.033444E+00 3.518262E-02
1.157805E+01 2.047679E+00 3.669022E-02
1.155192E+01 2.062342E+00 3.829002E-02
1.152590E+01 2.077460E+00 3.998976E-02
1.150000E+01 2.093065E+00 4.179805E-02
1.147422E+01 2.109188E+00 4.372451E-02
1.144855E+01 2.125866E+00 4.577991E-02
1.142299E+01 2.143138E+00 4.797639E-02
1.139755E+01 2.161047E+00 5.032765E-02
1.137222E+01 2.179639E+00 5.284925E-02
1.134701E+01 2.198968E+00 5.555898E-02
1.132190E+01 2.219089E+00 5.847727E-02
1.129691E+01 2.240067E+00 6.162777E-02
1.127203E+01 2.261970E+00 6.503800E-02
1.124725E+01 2.284877E+00 6.874024E-02
1.122259E+01 2.308875E+00 7.277261E-02
1.119803E+01 2.334060E+00 7.718043E-02
1.117358E+01 2.360541E+00 8.201797E-02
1.114924E+01 2.388438E+00 8.735062E-02
1.112500E+01 2.417888E+00 9.325764E-02
1.110087E+01 2.449042E+00 9.983561E-02
1.107684E+01 2.482069E+00 1.072028E-01
1.105292E+01 2.517158E+00 1.155046E-01
1.102910E+01 2.554519E+00 1.249202E-01
1.100538E+01 2.594383E+00 1.356715E-01
1.098176E+01 2.637002E+00 1.480334E-01
1.095824E+01 2.682650E+00 1.623469E-01
1.093483E+01 2.731619E+00 1.790360E-01
1.091151E+01 2.784207E+00 1.986270E-01
1.088830E+01 2.840716E+00 2.217734E-01
1.086518E+01 2.901422E+00 2.492841E-01
1.084216E+01 2.966553E+00 2.821570E-01
1.081924E+01 3.036235E+00 3.216142E-01
1.079641E+01 3.110425E+00 3.691379E-01
1.077368E+01 3.188809E+00 4.264959E-01
1.075105E+01 3.270660E+00 4.957453E-01
1.072851E+01 3.354651E+00 5.791876E-01
1.070607E+01 3.438628E+00 6.792377E-01
1.068372E+01 3.519373E+00 7.981565E-01
1.066146E+01 3.592429E+00 9.375957E-01
1.063929E+01 3.652116E+00 1.097936E+00
1.061722E+01 3.691929E+00 1.277501E+00
1.059524E+01 3.705472E+00 1.471882E+00
1.057335E+01 3.687889E+00 1.673769E+00
1.055155E+01 3.637451E+00 1.873663E+00
1.052983E+01 3.556667E+00 2.061456E+00
1.050821E+01 3.452504E+00 2.228411E+00
1.048668E+01 3.335912E+00 2.368839E+00
1.046524E+01 3.221740E+00 2.481450E+00
1.044388E+01 3.130509E+00 2.572283E+00
1.042261E+01 3.092001E+00 2.666900E+00
1.040142E+01 3.128664E+00 2.854881E+00
1.038032E+01 3.070442E+00 3.313294E+00
1.035931E+01 2.518016E+00 3.709961E+00
1.033838E+01 1.968981E+00 3.634957E+00
1.031754E+01 1.652338E+00 3.460590E+00
1.029678E+01 1.440772E+00 3.312230E+00
1.027610E+01 1.272534E+00 3.187057E+00
1.025551E+01 1.127567E+00 3.073701E+00
1.023500E+01 9.993221E-01 2.965586E+00
1.021457E+01 8.854383E-01 2.859795E+00
1.019422E+01 7.847727E-01 2.755431E+00
1.017396E+01 6.964273E-01 2.652586E+00
1.015377E+01 6.194579E-01 2.551751E+00
1.013366E+01 5.528284E-01 2.453509E+00
1.011364E+01 4.954463E-01 2.358371E+00
1.009369E+01 4.462173E-01 2.266719E+00
1.007382E+01 4.040910E-01 2.178790E+00
1.005403E+01 3.680935E-01 2.094687E+00
1.003431E+01 3.373450E-01 2.014408E+00
1.001468E+01 3.110674E-01 1.937863E+00
9.995112E+00 2.885824E-01 1.864907E+00
9.975630E+00 2.693066E-01 1.795350E+00
9.956222E+00 2.527427E-01 1.728982E+00
9.936891E+00 2.384703E-01 1.665577E+00
9.917634E+00 2.261361E-01 1.604907E+00
9.898452E+00 2.154449E-01 1.546747E+00
9.879344E+00 2.061515E-01 1.490878E+00
9.860309E+00 1.980531E-01 1.437090E+00
9.841348E+00 1.909827E-01 1.385185E+00
9.822459E+00 1.848036E-01 1.334977E+00
9.803643E+00 1.794047E-01 1.286288E+00
9.784899E+00 1.746967E-01 1.238955E+00
9.766226E+00 1.706082E-01 1.192823E+00
9.747615E+00 1.670838E-01 1.147746E+00
9.729084E+00 1.640814E-01 1.103588E+00
9.710623E+00 1.615711E-01 1.060217E+00
9.692233E+00 1.595339E-01 1.017507E+00
9.673912E+00 1.579611E-01 9.753348E-01
9.655660E+00 1.568546E-01 9.335799E-01
9.637477E+00 1.562272E-01 8.921215E-01
9.619362E+00 1.561043E-01 8.508368E-01
9.601315E+00 1.565255E-01 8.095993E-01
9.583336E+00 1.575487E-01 7.682765E-01
9.565424E+00 1.592551E-01 7.267280E-01
9.547578E+00 1.617570E-01 6.848035E-01
9.529800E+00 1.652094E-01 6.423419E-01
9.512078E+00 1.698278E-01 5.991727E-01
9.494431E+00 1.759137E-01 5.551237E-01
9.476849E+00 1.838925E-01 5.100412E-01
9.459333E+00 1.943643E-01 4.638399E-01
9.441881E+00 2.081559E-01 4.166119E-01
9.424493E+00 2.263212E-01 3.688391E-01
9.407170E+00 2.499395E-01 3.217086E-01
9.389909E+00 2.795037E-01 2.772848E-01
9.372712E+00 3.141217E-01 2.379586E-01
9.355578E+00 3.515539E-01 2.051879E-01
9.338507E+00 3.893883E-01 1.788766E-01
9.321498E+00 4.260065E-01 1.579617E-01
9.304541E+00 4.606507E-01 1.412074E-01
9.287655E+00 4.931022E-01 1.275775E-01
9.270831E+00 5.234037E-01 1.162972E-01
9.254067E+00 5.517023E-01 1.068073E-01
9.237363E+00 5.781763E-01 9.870590E-02
9.220720E+00 6.030021E-01 9.170070E-02
9.204137E+00 6.263427E-01 8.557591E-02
9.187613E+00 6.483436E-01 8.016927E-02
9.171148E+00 6.691331E-01 7.535670E-02
9.154743E+00 6.888234E-01 7.104170E-02
9.138396E+00 7.075131E-01 6.714811E-02
9.122107E+00 7.252887E-01 6.361498E-02
9.105876E+00 7.422261E-01 6.039290E-02
9.089694E+00 7.583926E-01 5.744139E-02
9.073579E+00 7.738478E-01 5.472689E-02
9.057520E+00 7.886448E-01 5.222136E-02
9.041518E+00 8.028310E-01 4.990114E-02
9.025572E+00 8.164491E-01 4.774613E-02
9.009683E+00 8.295373E-01 4.573912E-02
8.993849E+00 8.421303E-01 4.386528E-02
8.978071E+00 8.542595E-01 4.211173E-02
8.962348E+00 8.659535E-01 4.046728E-02
8.946680E+00 8.772385E-01 3.892209E-02
8.931067E+00 8.881381E-01 3.746752E-02
8.915509E+00 8.986743E-01 3.609590E-02
8.899996E+00 9.088672E-01 3.480045E-02
8.884545E+00 9.187353E-01 3.357510E-02
8.869148E+00 9.282957E-01 3.241443E-02
8.853804E+00 9.375643E-01 3.131357E-02
8.838513E+00 9.465557E-01 3.026814E-02
8.823275E+00 9.552835E-01 2.927417E-02
8.808089E+00 9.637604E-01 2.832809E-02
8.792956E+00 9.719983E-01 2.742662E-02
8.777874E+00 9.800082E-01 2.656681E-02
8.762844E+00 9.878004E-01 2.574595E-02
8.747866E+00 9.953846E-01 2.496155E-02
8.732938E+00 1.002770E+00 2.421136E-02
8.718061E+00 1.009965E+00 2.349328E-02
8.703228E+00 1.016977E+00 2.280539E-02
8.688452E+00 1.023814E+00 2.214593E-02
8.673727E+00 1.030484E+00 2.151327E-02
8.659051E+00 1.036992E+00 2.090589E-02
8.644425E+00 1.043345E+00 2.032239E-02
8.629848E+00 1.049550E+00 1.976148E-02
8.615320E+00 1.055611E+00 1.922195E-02
8.600841E+00 1.061535E+00 1.870267E-02
8.586411E+00 1.067326E+00 1.820260E-02
8.572029E+00 1.072989E+00 1.772076E-02
8.557695E+00 1.078528E+00 1.725624E-02
8.543409E+00 1.083948E+00 1.680819E-02
8.529170E+00 1.089253E+00 1.637582E-02
8.514972E+00 1.094448E+00 1.595837E-02
8.500828E+00 1.099535E+00 1.555514E-02
8.486731E+00 1.104518E+00 1.516547E-02
8.472681E+00 1.109401E+00 1.478875E-02
8.458677E+00 1.114187E+00 1.442438E-02
8.444719E+00 1.118879E+00 1.407183E-02
8.430808E+00 1.123480E+00 1.373058E-02
8.416942E+00 1.127993E+00 1.340013E-02
8.403121E+00 1.132421E+00 1.308003E-02
8.389346E+00 1.136766E+00 1.276983E-02
8.375616E+00 1.141030E+00 1.246914E-02
8.361931E+00 1.145216E+00 1.217756E-02
8.348284E+00 1.149327E+00 1.189471E-02
8.334688E+00 1.153364E+00 1.162026E-02
8.321136E+00 1.157330E+00 1.135387E-02
8.307628E+00 1.161227E+00 1.109522E-02
8.294164E+00 1.165056E+00 1.084402E-02
8.280744E+00 1.168820E+00 1.059998E-02
8.267367E+00 1.172520E+00 1.036283E-02
8.254033E+00 1.176158E+00 1.013231E-02
8.240742E+00 1.179735E+00 9.908190E-03
8.227493E+00 1.183254E+00 9.690225E-03
8.214288E+00 1.186716E+00 9.478197E-03
8.201124E+00 1.190122E+00 9.271894E-03
8.188003E+00 1.193474E+00 9.071115E-03
8.174917E+00 1.196773E+00 8.875666E-03
8.161879E+00 1.200020E+00 8.685365E-03
8.148883E+00 1.203218E+00 8.500036E-03
8.135929E+00 1.206366E+00 8.319511E-03
8.123015E+00 1.209466E+00 8.143630E-03
8.110142E+00 1.212520E+00 7.972239E-03
8.097310E+00 1.215528E+00 7.805193E-03
8.084519E+00 1.218492E+00 7.642349E-03
8.071768E+00 1.221413E+00 7.483575E-03
8.059057E+00 1.224291E+00 7.328741E-03
8.046386E+00 1.227128E+00 7.177725E-03
8.033755E+00 1.229924E+00 7.030407E-03
8.021163E+00 1.232681E+00 6.886674E-03
8.008604E+00 1.235400E+00 6.746418E-03
7.996092E+00 1.238080E+00 6.609535E-03
7.983618E+00 1.240724E+00 6.475925E-03
7.971183E+00 1.243332E+00 6.345492E-03
7.958786E+00 1.245905E+00 6.218145E-03
7.946428E+00 1.248443E+00 6.093795E-03
7.934109E+00 1.250947E+00 5.972358E-03
7.921827E+00 1.253418E+00 5.853755E-03
7.909584E+00 1.255857E+00 5.737907E-03
7.897378E+00 1.258265E+00 5.624741E-03
7.885210E+00 1.260641E+00 5.514187E-03
7.873080E+00 1.262987E+00 5.406178E-03
7.860980E+00 1.265304E+00 5.300651E-03
7.848924E+00 1.267591E+00 5.197545E-03
7.836905E+00 1.269850E+00 5.096803E-03
7.824922E+00 1.272081E+00 4.998372E-03
7.812976E+00 1.274285E+00 4.902202E-03
7.801067E+00 1.276462E+00 4.808247E-03
7.789193E+00 1.278613E+00 4.716463E-03
7.777356E+00 1.280738E+00 4.626811E-03
7.765555E+00 1.282838E+00 4.539256E-03
7.753789E+00 1.284913E+00 4.453767E-03
7.742059E+00 1.286965E+00 4.370316E-03
7.730365E+00 1.288992E+00 4.288880E-03
7.718706E+00 1.290996E+00 4.209441E-03
7.707076E+00 1.292978E+00 4.131983E-03
7.695487E+00 1.294937E+00 4.056499E-03
7.683932E+00 1.296874E+00 3.982981E-03
7.672413E+00 1.298789E+00 3.911431E-03
7.660927E+00 1.300684E+00 3.841853E-03
7.649477E+00 1.302558E+00 3.774255E-03
7.638060E+00 1.304411E+00 3.708652E-03
7.626677E+00 1.306244E+00 3.645062E-03
7.615328E+00 1.308058E+00 3.583507E-03
7.604013E+00 1.309853E+00 3.524015E-03
7.592732E+00 1.311628E+00 3.466614E-03
7.581484E+00 1.313385E+00 3.411339E-03
7.570269E+00 1.315123E+00 3.358224E-03
7.559082E+00 1.316844E+00 3.307306E-03
7.547933E+00 1.318546E+00 3.258624E-03
7.536817E+00 1.320231E+00 3.212215E-03
7.525734E+00 1.321899E+00 3.168116E-03
7.514684E+00 1.323549E+00 3.126363E-03
7.503666E+00 1.325182E+00 3.086985E-03
7.492680E+00 1.326799E+00 3.050010E-03
7.481726E+00 1.328399E+00 3.015458E-03
7.470804E+00 1.329983E+00 2.983342E-03
7.459914E+00 1.331550E+00 2.953667E-03
7.449056E+00 1.333101E+00 2.926427E-03
7.438229E+00 1.334636E+00 2.901605E-03
7.427428E+00 1.336155E+00 2.879174E-03
7.416665E+00 1.337658E+00 2.859089E-03
7.405932E+00 1.339146E+00 2.841294E-03
7.395230E+00 1.340617E+00 2.825719E-03
7.384559E+00 1.342074E+00 2.812275E-03
7.373919E+00 1.343514E+00 2.800860E-03
7.363309E+00 1.344939E+00 2.791355E-03
7.352730E+00 1.346349E+00 2.783628E-03
7.342182E+00 1.347744E+00 2.777530E-03
7.331663E+00 1.349123E+00 2.772898E-03
7.321175E+00 1.350487E+00 2.769559E-03
7.310716E+00 1.351837E+00 2.767327E-03
7.300288E+00 1.353171E+00 2.766007E-03
7.289884E+00 1.354491E+00 2.765396E-03
7.279514E+00 1.355796E+00 2.765288E-03
7.269175E+00 1.357087E+00 2.765472E-03
7.258864E+00 1.358364E+00 2.765739E-03
7.248583E+00 1.359627E+00 2.765880E-03
7.238331E+00 1.360877E+00 2.765694E-03
7.228108E+00 1.362112E+00 2.764985E-03
7.217913E+00 1.363335E+00 2.763570E-03
7.207747E+00 1.364545E+00 2.761277E-03
7.197610E+00 1.365742E+00 2.757948E-03
7.187502E+00 1.366927E+00 2.753446E-03
7.177422E+00 1.368101E+00 2.747648E-03
7.167364E+00 1.369262E+00 2.740454E-03
7.157341E+00 1.370412E+00 2.731784E-03
7.147345E+00 1.371551E+00 2.721581E-03
7.137377E+00 1.372680E+00 2.709806E-03
7.127436E+00 1.373798E+00 2.696447E-03
7.117524E+00 1.374907E+00 2.681510E-03
7.107639E+00 1.376005E+00 2.665022E-03
7.097781E+00 1.377095E+00 2.647027E-03
7.087951E+00 1.378175E+00 2.627590E-03
7.078148E+00 1.379246E+00 2.606787E-03
7.068372E+00 1.380309E+00 2.584710E-03
7.058623E+00 1.381363E+00 2.561461E-03
7.048900E+00 1.382410E+00 2.537149E-03
7.039200E+00 1.383448E+00 2.511891E-03
7.029531E+00 1.384479E+00 2.485805E-03
7.019889E+00 1.385502E+00 2.459012E-03
7.010273E+00 1.386518E+00 2.431630E-03
7.000683E+00 1.387526E+00 2.403774E-03
6.991120E+00 1.388527E+00 2.375557E-03
6.981583E+00 1.389522E+00 2.347079E-03
6.972071E+00 1.390509E+00 2.318439E-03
6.962586E+00 1.391489E+00 2.289721E-03
6.953126E+00 1.392462E+00 2.261004E-03
6.943692E+00 1.393429E+00 2.232354E-03
6.934284E+00 1.394389E+00 2.203830E-03
6.924901E+00 1.395342E+00 2.175478E-03
6.915538E+00 1.396289E+00 2.147337E-03
6.906206E+00 1.397229E+00 2.119437E-03
6.896899E+00 1.398162E+00 2.091802E-03
6.887617E+00 1.399089E+00 2.064447E-03
6.878360E+00 1.400009E+00 2.037382E-03
6.869127E+00 1.400923E+00 2.010615E-03
6.859920E+00 1.401831E+00 1.984149E-03
6.850737E+00 1.402733E+00 1.957986E-03
6.841578E+00 1.403628E+00 1.932127E-03
6.832445E+00 1.404517E+00 1.906573E-03
6.823335E+00 1.405401E+00 1.881327E-03
6.814250E+00 1.406278E+00 1.856394E-03
6.805184E+00 1.407149E+00 1.831782E-03
6.796147E+00 1.408015E+00 1.807501E-03
6.787134E+00 1.408875E+00 1.783567E-03
6.778145E+00 1.409729E+00 1.759996E-03
6.769179E+00 1.410578E+00 1.736812E-03
6.760237E+00 1.411421E+00 1.714042E-03
6.751319E+00 1.412259E+00 1.691715E-03
6.742425E+00 1.413092E+00 1.669865E-03
6.733553E+00 1.413919E+00 1.648530E-03
6.724705E+00 1.414741E+00 1.627751E-03
6.715881E+00 1.415558E+00 1.607571E-03
6.707079E+00 1.416370E+00 1.588036E-03
6.698301E+00 1.417178E+00 1.569195E-03
6.689540E+00 1.417980E+00 1.551098E-03
6.680808E+00 1.418777E+00 1.533797E-03
6.672098E+00 1.419569E+00 1.517344E-03
6.663410E+00 1.420357E+00 1.501794E-03
6.654746E+00 1.421140E+00 1.487202E-03
6.646104E+00 1.421918E+00 1.473623E-03
6.637484E+00 1.422691E+00 1.461113E-03
6.628886E+00 1.423460E+00 1.449727E-03
6.620311E+00 1.424224E+00 1.439519E-03
6.611758E+00 1.424983E+00 1.430543E-03
6.603227E+00 1.425737E+00 1.422850E-03
6.594718E+00 1.426487E+00 1.416490E-03
6.586231E+00 1.427232E+00 1.411506E-03
6.577762E+00 1.427972E+00 1.407942E-03
6.569318E+00 1.428707E+00 1.405830E-03
6.560896E+00 1.429437E+00 1.405199E-03
6.552496E+00 1.430162E+00 1.406068E-03
6.544117E+00 1.430882E+00 1.408447E-03
6.535760E+00 1.431597E+00 1.412333E-03
6.527424E+00 1.432306E+00 1.417710E-03
6.519109E+00 1.433011E+00 1.424547E-03
6.510815E+00 1.433710E+00 1.432799E-03
6.502542E+00 1.434403E+00 1.442400E-03
6.494291E+00 1.435091E+00 1.453269E-03
6.486060E+00 1.435773E+00 1.465303E-03
6.477846E+00 1.436449E+00 1.478383E-03
6.469657E+00 1.437119E+00 1.492367E-03
6.461489E+00 1.437784E+00 1.507099E-03
6.453341E+00 1.438442E+00 1.522401E-03
6.445213E+00 1.439095E+00 1.538084E-03
6.437107E+00 1.439741E+00 1.553943E-03
6.429020E+00 1.440382E+00 1.569763E-03
6.420954E+00 1.441016E+00 1.585323E-03
6.412908E+00 1.441645E+00 1.600397E-03
6.404882E+00 1.442268E+00 1.614760E-03
6.396876E+00 1.442885E+00 1.628194E-03
6.388890E+00 1.443497E+00 1.640486E-03
6.380925E+00 1.444103E+00 1.651441E-03
6.372975E+00 1.444705E+00 1.660879E-03
6.365048E+00 1.445302E+00 1.668643E-03
6.357142E+00 1.445894E+00 1.674601E-03
6.349255E+00 1.446482E+00 1.678652E-03
6.341387E+00 1.447066E+00 1.680723E-03
6.333539E+00 1.447646E+00 1.680777E-03
6.325711E+00 1.448223E+00 1.678812E-03
6.317902E+00 1.448797E+00 1.674861E-03
6.310112E+00 1.449368E+00 1.668991E-03
6.302341E+00 1.449937E+00 1.661306E-03
6.294589E+00 1.450504E+00 1.651943E-03
6.286857E+00 1.451069E+00 1.641072E-03
6.279143E+00 1.451633E+00 1.628891E-03
6.271444E+00 1.452195E+00 1.615631E-03
6.263769E+00 1.452756E+00 1.601548E-03
6.256111E+00 1.453316E+00 1.586926E-03
6.248473E+00 1.453876E+00 1.572072E-03
6.240853E+00 1.454435E+00 1.557319E-03
6.233252E+00 1.454993E+00 1.543026E-03
6.225669E+00 1.455551E+00 1.529573E-03
6.218105E+00 1.456109E+00 1.517366E-03
6.210559E+00 1.456667E+00 1.506833E-03
6.203031E+00 1.457224E+00 1.498422E-03
6.195522E+00 1.457780E+00 1.492598E-03
6.188031E+00 1.458336E+00 1.489836E-03
6.180554E+00 1.458891E+00 1.490608E-03
6.173099E+00 1.459445E+00 1.495378E-03
6.165661E+00 1.459996E+00 1.504577E-03
6.158242E+00 1.460546E+00 1.518588E-03
6.150841E+00 1.461092E+00 1.537721E-03
6.143457E+00 1.461635E+00 1.562190E-03
6.136091E+00 1.462172E+00 1.592086E-03
6.128743E+00 1.462705E+00 1.627350E-03
6.121412E+00 1.463230E+00 1.667758E-03
6.114099E+00 1.463749E+00 1.712898E-03
6.106803E+00 1.464259E+00 1.762164E-03
6.099525E+00 1.464760E+00 1.814756E-03
6.092264E+00 1.465251E+00 1.869689E-03
6.085016E+00 1.465732E+00 1.925814E-03
6.077790E+00 1.466203E+00 1.981854E-03
6.070580E+00 1.466662E+00 2.036444E-03
6.063388E+00 1.467112E+00 2.088183E-03
6.056213E+00 1.467551E+00 2.135695E-03
6.049054E+00 1.467981E+00 2.177691E-03
6.041913E+00 1.468403E+00 2.213029E-03
6.034788E+00 1.468818E+00 2.240774E-03
6.027680E+00 1.469228E+00 2.260248E-03
6.020589E+00 1.469634E+00 2.271065E-03
6.013515E+00 1.470037E+00 2.273157E-03
6.006457E+00 1.470440E+00 2.266775E-03
5.999412E+00 1.470844E+00 2.252478E-03
5.992387E+00 1.471249E+00 2.231104E-03
5.985379E+00 1.471658E+00 2.203719E-03
5.978387E+00 1.472071E+00 2.171561E-03
5.971411E+00 1.472488E+00 2.135972E-03
5.964452E+00 1.472910E+00 2.098332E-03
5.957509E+00 1.473337E+00 2.059987E-03
5.950582E+00 1.473769E+00 2.022195E-03
5.943671E+00 1.474205E+00 1.986074E-03
5.936776E+00 1.474644E+00 1.952569E-03
5.929897E+00 1.475086E+00 1.922425E-03
5.923034E+00 1.475530E+00 1.896188E-03
5.916187E+00 1.475975E+00 1.874203E-03
5.909352E+00 1.476419E+00 1.856630E-03
5.902536E+00 1.476864E+00 1.843472E-03
5.895736E+00 1.477306E+00 1.834596E-03
5.888952E+00 1.477747E+00 1.829768E-03
5.882183E+00 1.478185E+00 1.828679E-03
5.875430E+00 1.478621E+00 1.830973E-03
5.868693E+00 1.479053E+00 1.836273E-03
5.861971E+00 1.479481E+00 1.844199E-03
5.855264E+00 1.479906E+00 1.854384E-03
5.848572E+00 1.480327E+00 1.866483E-03
5.841896E+00 1.480745E+00 1.880186E-03
5.835235E+00 1.481158E+00 1.895216E-03
5.828589E+00 1.481569E+00 1.911331E-03
5.821955E+00 1.481975E+00 1.928328E-03
5.815340E+00 1.482378E+00 1.946033E-03
5.808739E+00 1.482778E+00 1.964303E-03
5.802154E+00 1.483174E+00 1.983019E-03
5.795583E+00 1.483567E+00 2.002087E-03
5.789027E+00 1.483957E+00 2.021428E-03
5.782486E+00 1.484343E+00 2.040978E-03
5.775960E+00 1.484727E+00 2.060684E-03
5.769448E+00 1.485108E+00 2.080504E-03
5.762951E+00 1.485485E+00 2.100400E-03
5.756469E+00 1.485860E+00 2.120341E-03
5.750001E+00 1.486233E+00 2.140299E-03
5.743545E+00 1.486602E+00 2.160248E-03
5.737106E+00 1.486969E+00 2.180165E-03
5.730682E+00 1.487333E+00 2.200029E-03
5.724272E+00 1.487694E+00 2.219818E-03
5.717877E+00 1.488053E+00 2.239511E-03
5.711495E+00 1.488409E+00 2.259088E-03
5.705128E+00 1.488762E+00 2.278531E-03
5.698775E+00 1.489113E+00 2.297818E-03
5.692437E+00 1.489462E+00 2.316931E-03
5.686112E+00 1.489808E+00 2.335849E-03
5.679801E+00 1.490151E+00 2.354555E-03
5.673505E+00 1.490493E+00 2.373028E-03
5.667222E+00 1.490831E+00 2.391249E-03
5.660950E+00 1.491168E+00 2.409200E-03
5.654695E+00 1.491502E+00 2.426861E-03
5.648454E+00 1.491833E+00 2.444214E-03
5.642226E+00 1.492162E+00 2.461239E-03
5.636013E+00 1.492489E+00 2.477919E-03
5.629813E+00 1.492814E+00 2.494236E-03
5.623626E+00 1.493137E+00 2.510170E-03
5.617454E+00 1.493457E+00 2.525704E-03
5.611294E+00 1.493775E+00 2.540820E-03
5.605149E+00 1.494091E+00 2.555502E-03
5.599016E+00 1.494405E+00 2.569731E-03
5.592897E+00 1.494716E+00 2.583492E-03
5.586792E+00 1.495026E+00 2.596767E-03
5.580697E+00 1.495333E+00 2.609540E-03
5.574618E+00 1.495639E+00 2.621795E-03
5.568552E+00 1.495942E+00 2.633517E-03
5.562499E+00 1.496244E+00 2.644692E-03
5.556460E+00 1.496543E+00 2.655303E-03
5.550434E+00 1.496841E+00 2.665338E-03
5.544421E+00 1.497136E+00 2.674782E-03
5.538420E+00 1.497430E+00 2.683622E-03
5.532433E+00 1.497722E+00 2.691844E-03
5.526459E+00 1.498012E+00 2.699438E-03
5.520497E+00 1.498300E+00 2.706391E-03
5.514549E+00 1.498587E+00 2.712692E-03
5.508610E+00 1.498872E+00 2.718329E-03
5.502687E+00 1.499155E+00 2.723294E-03
5.496777E+00 1.499436E+00 2.727576E-03
5.490879E+00 1.499716E+00 2.731167E-03
5.484994E+00 1.499994E+00 2.734058E-03
5.479122E+00 1.500271E+00 2.736241E-03
5.473262E+00 1.500546E+00 2.737711E-03
5.467415E+00 1.500819E+00 2.738459E-03
5.461580E+00 1.501091E+00 2.738481E-03
5.455758E+00 1.501362E+00 2.737772E-03
5.449948E+00 1.501631E+00 2.736326E-03
5.444150E+00 1.501899E+00 2.734142E-03
5.438365E+00 1.502165E+00 2.731215E-03
5.432589E+00 1.502430E+00 2.727544E-03
5.426828E+00 1.502694E+00 2.723127E-03
5.421080E+00 1.502956E+00 2.717964E-03
5.415343E+00 1.503217E+00 2.712054E-03
5.409619E+00 1.503477E+00 2.705399E-03
5.403907E+00 1.503736E+00 2.697999E-03
5.398207E+00 1.503994E+00 2.689858E-03
5.392519E+00 1.504251E+00 2.680977E-03
5.386843E+00 1.504506E+00 2.671362E-03
5.381178E+00 1.504761E+00 2.661016E-03
5.375526E+00 1.505014E+00 2.649945E-03
5.369886E+00 1.505267E+00 2.638155E-03
5.364257E+00 1.505518E+00 2.625652E-03
5.358638E+00 1.505769E+00 2.612444E-03
5.353032E+00 1.506019E+00 2.598540E-03
5.347439E+00 1.506268E+00 2.583947E-03
5.341858E+00 1.506516E+00 2.568677E-03
5.336288E+00 1.506763E+00 2.552738E-03
5.330729E+00 1.507009E+00 2.536142E-03
5.325182E+00 1.507255E+00 2.518901E-03
5.319647E+00 1.507500E+00 2.501027E-03
5.314123E+00 1.507744E+00 2.482533E-03
5.308611E+00 1.507988E+00 2.463432E-03
5.303110E+00 1.508231E+00 2.443739E-03
5.297620E+00 1.508473E+00 2.423467E-03
5.292139E+00 1.508715E+00 2.402634E-03
5.286672E+00 1.508957E+00 2.381253E-03
5.281217E+00 1.509197E+00 2.359342E-03
5.275773E+00 1.509438E+00 2.336917E-03
5.270339E+00 1.509677E+00 2.313996E-03
5.264917E+00 1.509917E+00 2.290597E-03
5.259507E+00 1.510156E+00 2.266737E-03
5.254107E+00 1.510394E+00 2.242435E-03
5.248718E+00 1.510632E+00 2.217710E-03
5.243341E+00 1.510870E+00 2.192583E-03
5.237974E+00 1.511108E+00 2.167072E-03
5.232619E+00 1.511345E+00 2.141199E-03
5.227274E+00 1.511582E+00 2.114985E-03
5.221938E+00 1.511818E+00 2.088451E-03
5.216615E+00 1.512055E+00 2.061621E-03
5.211303E+00 1.512291E+00 2.034517E-03
5.206001E+00 1.512527E+00 2.007166E-03
5.200711E+00 1.512763E+00 1.979592E-03
5.195431E+00 1.512999E+00 1.951824E-03
5.190162E+00 1.513235E+00 1.923892E-03
5.184904E+00 1.513470E+00 1.895828E-03
5.179656E+00 1.513706E+00 1.867668E-03
5.174419E+00 1.513941E+00 1.839451E-03
5.169193E+00 1.514177E+00 1.811221E-03
5.163977E+00 1.514413E+00 1.783025E-03
5.158769E+00 1.514649E+00 1.754919E-03
5.153574E+00 1.514885E+00 1.726962E-03
5.148389E+00 1.515121E+00 1.699224E-03
5.143215E+00 1.515358E+00 1.671781E-03
5.138052E+00 1.515595E+00 1.644718E-03
5.132898E+00 1.515832E+00 1.618131E-03
5.127755E+00 1.516069E+00 1.592125E-03
5.122623E+00 1.516307E+00 1.566814E-03
5.117500E+00 1.516545E+00 1.542324E-03
5.112388E+00 1.516783E+00 1.518791E-03
5.107286E+00 1.517022E+00 1.496357E-03
5.102194E+00 1.517261E+00 1.475173E-03
5.097113E+00 1.517500E+00 1.455395E-03
5.092039E+00 1.517739E+00 1.437179E-03
5.086977E+00 1.517978E+00 1.420683E-03
5.081926E+00 1.518217E+00 1.406057E-03
5.076884E+00 1.518455E+00 1.393444E-03
5.071853E+00 1.518693E+00 1.382970E-03
5.066832E+00 1.518930E+00 1.374743E-03
5.061820E+00 1.519166E+00 1.368844E-03
5.056818E+00 1.519400E+00 1.365325E-03
5.051827E+00 1.519633E+00 1.364198E-03
5.046845E+00 1.519864E+00 1.365437E-03
5.041873E+00 1.520093E+00 1.368968E-03
5.036910E+00 1.520319E+00 1.374668E-03
5.031958E+00 1.520542E+00 1.382362E-03
5.027013E+00 1.520762E+00 1.391822E-03
5.022080E+00 1.520979E+00 1.402769E-03
5.017156E+00 1.521191E+00 1.414870E-03
5.012242E+00 1.521399E+00 1.427748E-03
5.007338E+00 1.521604E+00 1.440982E-03
5.002444E+00 1.521804E+00 1.454118E-03
4.997559E+00 1.521999E+00 1.466674E-03
4.992683E+00 1.522191E+00 1.478152E-03
4.987817E+00 1.522378E+00 1.488050E-03
4.982961E+00 1.522561E+00 1.495870E-03
4.978114E+00 1.522740E+00 1.501135E-03
4.973276E+00 1.522915E+00 1.503399E-03
4.968445E+00 1.523088E+00 1.502262E-03
4.963627E+00 1.523258E+00 1.497378E-03
4.958817E+00 1.523426E+00 1.488469E-03
4.954017E+00 1.523592E+00 1.475334E-03
4.949226E+00 1.523757E+00 1.457855E-03
4.944444E+00 1.523922E+00 1.436000E-03
4.939672E+00 1.524087E+00 1.409828E-03
4.934909E+00 1.524253E+00 1.379488E-03
4.930155E+00 1.524420E+00 1.345213E-03
4.925410E+00 1.524588E+00 1.307316E-03
4.920674E+00 1.524760E+00 1.266179E-03
4.915947E+00 1.524933E+00 1.222241E-03
4.911230E+00 1.525110E+00 1.175988E-03
4.906519E+00 1.525290E+00 1.127937E-03
4.901819E+00 1.525473E+00 1.078620E-03
4.897128E+00 1.525659E+00 1.028569E-03
4.892447E+00 1.525849E+00 9.783063E-04
4.887774E+00 1.526042E+00 9.283250E-04
4.883111E+00 1.526238E+00 8.790833E-04
4.878456E+00 1.526437E+00 8.309928E-04
4.873810E+00 1.526639E+00 7.844125E-04
4.869173E+00 1.526842E+00 7.396442E-04
4.864544E+00 1.527048E+00 6.969304E-04
4.859925E+00 1.527255E+00 6.564544E-04
4.855314E+00 1.527464E+00 6.183422E-04
4.850712E+00 1.527673E+00 5.826661E-04
4.846116E+00 1.527883E+00 5.494494E-04
4.841532E+00 1.528093E+00 5.186724E-04
4.836956E+00 1.528303E+00 4.902783E-04
4.832389E+00 1.528513E+00 4.641798E-04
4.827830E+00 1.528723E+00 4.402660E-04
4.823280E+00 1.528931E+00 4.184078E-04
4.818738E+00 1.529139E+00 3.984646E-04
4.814205E+00 1.529346E+00 3.802887E-04
4.809681E+00 1.529552E+00 3.637302E-04
4.805165E+00 1.529756E+00 3.486406E-04
4.800657E+00 1.529960E+00 3.348758E-04
4.796158E+00 1.530162E+00 3.222989E-04
4.791666E+00 1.530363E+00 3.107813E-04
4.787183E+00 1.530562E+00 3.002044E-04
4.782710E+00 1.530760E+00 2.904597E-04
4.778244E+00 1.530957E+00 2.814497E-04
4.773787E+00 1.531153E+00 2.730871E-04
4.769338E+00 1.531347E+00 2.652948E-04
4.764898E+00 1.531540E+00 2.580053E-04
4.760465E+00 1.531732E+00 2.511599E-04
4.756041E+00 1.531923E+00 2.447076E-04
4.751625E+00 1.532113E+00 2.386050E-04
4.747218E+00 1.532301E+00 2.328148E-04
4.742818E+00 1.532489E+00 2.273053E-04
4.738427E+00 1.532676E+00 2.220494E-04
4.734042E+00 1.532861E+00 2.170242E-04
4.729666E+00 1.533046E+00 2.122103E-04
4.725299E+00 1.533229E+00 2.075910E-04
4.720940E+00 1.533412E+00 2.031522E-04
4.716590E+00 1.533594E+00 1.988815E-04
4.712247E+00 1.533775E+00 1.947683E-04
4.707912E+00 1.533955E+00 1.908034E-04
4.703585E+00 1.534134E+00 1.869784E-04
4.699266E+00 1.534312E+00 1.832859E-04
4.694955E+00 1.534490E+00 1.797193E-04
4.690652E+00 1.534667E+00 1.762726E-04
4.686356E+00 1.534843E+00 1.729399E-04
4.682067E+00 1.535018E+00 1.697161E-04
4.677787E+00 1.535192E+00 1.665964E-04
4.673515E+00 1.535366E+00 1.635759E-04
4.669251E+00 1.535539E+00 1.606503E-04
4.664995E+00 1.535711E+00 1.578154E-04
4.660747E+00 1.535882E+00 1.550672E-04
4.656506E+00 1.536053E+00 1.524018E-04
4.652273E+00 1.536223E+00 1.498156E-04
4.648048E+00 1.536392E+00 1.473049E-04
4.643830E+00 1.536560E+00 1.448663E-04
4.639620E+00 1.536728E+00 1.424966E-04
4.635417E+00 1.536895E+00 1.401927E-04
4.631223E+00 1.537062E+00 1.379514E-04
4.627033E+00 1.537228E+00 1.357699E-04
4.622854E+00 1.537393E+00 1.336454E-04
4.618682E+00 1.537557E+00 1.315752E-04
4.614517E+00 1.537721E+00 1.295567E-04
4.610360E+00 1.537884E+00 1.275875E-04
4.606210E+00 1.538046E+00 1.256652E-04
4.602068E+00 1.538208E+00 1.237877E-04
4.597934E+00 1.538369E+00 1.219526E-04
4.593806E+00 1.538530E+00 1.201581E-04
4.589687E+00 1.538690E+00 1.184021E-04
4.585574E+00 1.538849E+00 1.166828E-04
4.581469E+00 1.539008E+00 1.149985E-04
4.577371E+00 1.539166E+00 1.133474E-04
4.573279E+00 1.539323E+00 1.117281E-04
4.569196E+00 1.539480E+00 1.101389E-04
4.565120E+00 1.539637E+00 1.085786E-04
4.561051E+00 1.539792E+00 1.070458E-04
4.556990E+00 1.539947E+00 1.055392E-04
4.552936E+00 1.540102E+00 1.040577E-04
4.548889E+00 1.540256E+00 1.026001E-04
4.544849E+00 1.540409E+00 1.011654E-04
4.540817E+00 1.540562E+00 9.975278E-05
4.536791E+00 1.540714E+00 9.836120E-05
4.532773E+00 1.540866E+00 9.698986E-05
4.528762E+00 1.541017E+00 9.563800E-05
4.524756E+00 1.541168E+00 9.430491E-05
4.520759E+00 1.541318E+00 9.298993E-05
4.516769E+00 1.541467E+00 9.169245E-05
4.512786E+00 1.541616E+00 9.041194E-05
4.508810E+00 1.541765E+00 8.914788E-05
4.504841E+00 1.541913E+00 8.789982E-05
4.500879E+00 1.542060E+00 8.666735E-05
4.496925E+00 1.542207E+00 8.545010E-05
4.492977E+00 1.542354E+00 8.424774E-05
4.489036E+00 1.542500E+00 8.305999E-05
4.485101E+00 1.542645E+00 8.188658E-05
4.481174E+00 1.542790E+00 8.072730E-05
4.477254E+00 1.542934E+00 7.958195E-05
4.473338E+00 1.543078E+00 7.845038E-05
4.469432E+00 1.543221E+00 7.733246E-05
4.465532E+00 1.543364E+00 7.622807E-05
4.461639E+00 1.543507E+00 7.513714E-05
4.457752E+00 1.543649E+00 7.405960E-05
4.453873E+00 1.543790E+00 7.299543E-05
4.450000E+00 1.543931E+00 7.194459E-05
4.446134E+00 1.544072E+00 7.090708E-05
4.442275E+00 1.544212E+00 6.988292E-05
4.438422E+00 1.544351E+00 6.887214E-05
4.434576E+00 1.544490E+00 6.787477E-05
4.430737E+00 1.544629E+00 6.689087E-05
4.426904E+00 1.544767E+00 6.592049E-05
4.423076E+00 1.544905E+00 6.496371E-05
4.419257E+00 1.545042E+00 6.402061E-05
4.415444E+00 1.545179E+00 6.309126E-05
4.411638E+00 1.545315E+00 6.217577E-05
4.407838E+00 1.545451E+00 6.127421E-05
4.404045E+00 1.545586E+00 6.038669E-05
4.400258E+00 1.545721E+00 5.951330E-05
4.396478E+00 1.545856E+00 5.865414E-05
4.392704E+00 1.545990E+00 5.780932E-05
4.388937E+00 1.546124E+00 5.697892E-05
4.385176E+00 1.546257E+00 5.616305E-05
4.381422E+00 1.546390E+00 5.536180E-05
4.377672E+00 1.546522E+00 5.457526E-05
4.373931E+00 1.546654E+00 5.380352E-05
4.370196E+00 1.546785E+00 5.304666E-05
4.366467E+00 1.546917E+00 5.230475E-05
4.362745E+00 1.547047E+00 5.157788E-05
4.359029E+00 1.547177E+00 5.086611E-05
4.355319E+00 1.547307E+00 5.016949E-05
4.351616E+00 1.547437E+00 4.948809E-05
4.347919E+00 1.547566E+00 4.882194E-05
4.344228E+00 1.547694E+00 4.817109E-05
4.340543E+00 1.547823E+00 4.753556E-05
4.336865E+00 1.547950E+00 4.691539E-05
4.333193E+00 1.548078E+00 4.631057E-05
4.329525E+00 1.548205E+00 4.572113E-05
4.325866E+00 1.548331E+00 4.514705E-05
4.322212E+00 1.548457E+00 4.458832E-05
4.318565E+00 1.548583E+00 4.404493E-05
4.314924E+00 1.548709E+00 4.351683E-05
4.311289E+00 1.548834E+00 4.300400E-05
4.307660E+00 1.548958E+00 4.250638E-05
4.304037E+00 1.549082E+00 4.202391E-05
4.300420E+00 1.549206E+00 4.155652E-05
4.296810E+00 1.549329E+00 4.110414E-05
4.293205E+00 1.549452E+00 4.066669E-05
4.289607E+00 1.549575E+00 4.024406E-05
4.286014E+00 1.549697E+00 3.983616E-05
4.282426E+00 1.549819E+00 3.944286E-05
4.278846E+00 1.549941E+00 3.906405E-05
4.275271E+00 1.550062E+00 3.869960E-05
4.271702E+00 1.550183E+00 3.834936E-05
4.268140E+00 1.550303E+00 3.801319E-05
4.264583E+00 1.550423E+00 3.769093E-05
4.261033E+00 1.550542E+00 3.738242E-05
4.257488E+00 1.550662E+00 3.708749E-05
4.253949E+00 1.550780E+00 3.680595E-05
4.250416E+00 1.550899E+00 3.653762E-05
4.246889E+00 1.551017E+00 3.628231E-05
4.243367E+00 1.551135E+00 3.603982E-05
4.239850E+00 1.551252E+00 3.580993E-05
4.236340E+00 1.551369E+00 3.559244E-05
4.232836E+00 1.551486E+00 3.538712E-05
4.229338E+00 1.551602E+00 3.519375E-05
4.225846E+00 1.551718E+00 3.501210E-05
4.222360E+00 1.551834E+00 3.484193E-05
4.218879E+00 1.551949E+00 3.468299E-05
4.215404E+00 1.552064E+00 3.453505E-05
4.211934E+00 1.552178E+00 3.439785E-05
4.208471E+00 1.552292E+00 3.427113E-05
4.205013E+00 1.552406E+00 3.415465E-05
4.201561E+00 1.552520E+00 3.404812E-05
4.198114E+00 1.552633E+00 3.395130E-05
4.194671E+00 1.552746E+00 3.386390E-05
4.191236E+00 1.552858E+00 3.378566E-05
4.187806E+00 1.552970E+00 3.371630E-05
4.184382E+00 1.553082E+00 3.365555E-05
4.180964E+00 1.553193E+00 3.360312E-05
4.177551E+00 1.553304E+00 3.355874E-05
4.174144E+00 1.553415E+00 3.352213E-05
4.170742E+00 1.553525E+00 3.349299E-05
4.167346E+00 1.553635E+00 3.347106E-05
4.163955E+00 1.553745E+00 3.345604E-05
4.160570E+00 1.553854E+00 3.344764E-05
4.157190E+00 1.553963E+00 3.344560E-05
4.153814E+00 1.554072E+00 3.344961E-05
4.150445E+00 1.554180E+00 3.345939E-05
4.147082E+00 1.554288E+00 3.347467E-05
4.143724E+00 1.554396E+00 3.349515E-05
4.140372E+00 1.554503E+00 3.352056E-05
4.137025E+00 1.554611E+00 3.355062E-05
4.133683E+00 1.554717E+00 3.358504E-05
4.130347E+00 1.554824E+00 3.362355E-05
4.127016E+00 1.554930E+00 3.366587E-05
4.123691E+00 1.555036E+00 3.371174E-05
4.120371E+00 1.555141E+00 3.376087E-05
4.117056E+00 1.555246E+00 3.381300E-05
4.113747E+00 1.555351E+00 3.386787E-05
4.110441E+00 1.555455E+00 3.392521E-05
4.107142E+00 1.555560E+00 3.398476E-05
4.103849E+00 1.555664E+00 3.404627E-05
4.100561E+00 1.555767E+00 3.410948E-05
4.097278E+00 1.555870E+00 3.417415E-05
4.094000E+00 1.555973E+00 3.424002E-05
4.090727E+00 1.556076E+00 3.430685E-05
4.087460E+00 1.556178E+00 3.437442E-05
4.084198E+00 1.556280E+00 3.444247E-05
4.080941E+00 1.556382E+00 3.451079E-05
4.077690E+00 1.556484E+00 3.457914E-05
4.074443E+00 1.556585E+00 3.464731E-05
4.071202E+00 1.556686E+00 3.471509E-05
4.067964E+00 1.556786E+00 3.478225E-05
4.064733E+00 1.556887E+00 3.484859E-05
4.061507E+00 1.556987E+00 3.491391E-05
4.058287E+00 1.557086E+00 3.497801E-05
4.055071E+00 1.557186E+00 3.504070E-05
4.051861E+00 1.557285E+00 3.510180E-05
4.048655E+00 1.557383E+00 3.516112E-05
4.045455E+00 1.557482E+00 3.521849E-05
4.042259E+00 1.557580E+00 3.527372E-05
4.039069E+00 1.557678E+00 3.532667E-05
4.035884E+00 1.557776E+00 3.537717E-05
4.032704E+00 1.557873E+00 3.542506E-05
4.029527E+00 1.557970E+00 3.547020E-05
4.026357E+00 1.558067E+00 3.551244E-05
4.023191E+00 1.558164E+00 3.555164E-05
4.020031E+00 1.558260E+00 3.558767E-05
4.016876E+00 1.558356E+00 3.562041E-05
4.013725E+00 1.558452E+00 3.564973E-05
4.010580E+00 1.558547E+00 3.567553E-05
4.007439E+00 1.558642E+00 3.569768E-05
4.004304E+00 1.558737E+00 3.571609E-05
4.001173E+00 1.558832E+00 3.573065E-05
3.998047E+00 1.558926E+00 3.574128E-05
3.994926E+00 1.559020E+00 3.574789E-05
3.991810E+00 1.559114E+00 3.575040E-05
3.988698E+00 1.559208E+00 3.574873E-05
3.985591E+00 1.559301E+00 3.574281E-05
3.982490E+00 1.559394E+00 3.573259E-05
3.979393E+00 1.559487E+00 3.571799E-05
3.976301E+00 1.559579E+00 3.569898E-05
3.973214E+00 1.559672E+00 3.567550E-05
3.970132E+00 1.559764E+00 3.564751E-05
3.967054E+00 1.559856E+00 3.561497E-05
3.963982E+00 1.559947E+00 3.557786E-05
3.960914E+00 1.560038E+00 3.553615E-05
3.957850E+00 1.560129E+00 3.548982E-05
3.954792E+00 1.560220E+00 3.543886E-05
3.951738E+00 1.560311E+00 3.538325E-05
3.948688E+00 1.560401E+00 3.532300E-05
3.945643E+00 1.560491E+00 3.525810E-05
3.942604E+00 1.560581E+00 3.518856E-05
3.939569E+00 1.560670E+00 3.511440E-05
3.936538E+00 1.560759E+00 3.503563E-05
3.933513E+00 1.560848E+00 3.495226E-05
3.930492E+00 1.560937E+00 3.486433E-05
3.927475E+00 1.561026E+00 3.477187E-05
3.924463E+00 1.561114E+00 3.467492E-05
3.921456E+00 1.561202E+00 3.457350E-05
3.918454E+00 1.561290E+00 3.446767E-05
3.915456E+00 1.561377E+00 3.435748E-05
3.912461E+00 1.561465E+00 3.424298E-05
3.909472E+00 1.561552E+00 3.412423E-05
3.906488E+00 1.561639E+00 3.400128E-05
3.903508E+00 1.561725E+00 3.387421E-05
3.900533E+00 1.561812E+00 3.374308E-05
3.897563E+00 1.561898E+00 3.360796E-05
3.894597E+00 1.561984E+00 3.346894E-05
3.891635E+00 1.562070E+00 3.332609E-05
3.888678E+00 1.562155E+00 3.317950E-05
3.885725E+00 1.562240E+00 3.302926E-05
3.882777E+00 1.562325E+00 3.287545E-05
3.879834E+00 1.562410E+00 3.271817E-05
3.876895E+00 1.562495E+00 3.255751E-05
3.873958E+00 1.562579E+00 3.239358E-05
3.871028E+00 1.562663E+00 3.222648E-05
3.868102E+00 1.562747E+00 3.205631E-05
3.865181E+00 1.562831E+00 3.188318E-05
3.862264E+00 1.562914E+00 3.170720E-05
3.859351E+00 1.562998E+00 3.152849E-05
3.856443E+00 1.563081E+00 3.134715E-05
3.853539E+00 1.563164E+00 3.116331E-05
3.850640E+00 1.563246E+00 3.097709E-05
3.847745E+00 1.563329E+00 3.078860E-05
3.844854E+00 1.563411E+00 3.059797E-05
3.841968E+00 1.563493E+00 3.040531E-05
3.839085E+00 1.563575E+00 3.021077E-05
3.836206E+00 1.563656E+00 3.001446E-05
3.833333E+00 1.563738E+00 2.981651E-05
3.830464E+00 1.563819E+00 2.961705E-05
3.827599E+00 1.563900E+00 2.941621E-05
3.824738E+00 1.563980E+00 2.921413E-05
3.821882E+00 1.564061E+00 2.901092E-05
3.819030E+00 1.564141E+00 2.880674E-05
3.816182E+00 1.564221E+00 2.860170E-05
3.813339E+00 1.564301E+00 2.839594E-05
3.810499E+00 1.564381E+00 2.818959E-05
3.807664E+00 1.564460E+00 2.798280E-05
3.804833E+00 1.564540E+00 2.777568E-05
3.802005E+00 1.564619E+00 2.756838E-05
3.799183E+00 1.564698E+00 2.736102E-05
3.796365E+00 1.564776E+00 2.715374E-05
3.793550E+00 1.564855E+00 2.694668E-05
3.790741E+00 1.564933E+00 2.673995E-05
3.787935E+00 1.565011E+00 2.653370E-05
3.785133E+00 1.565089E+00 2.632804E-05
3.782336E+00 1.565167E+00 2.612312E-05
3.779542E+00 1.565244E+00 2.591905E-05
3.776753E+00 1.565322E+00 2.571596E-05
3.773968E+00 1.565399E+00 2.551399E-05
3.771187E+00 1.565476E+00 2.531324E-05
3.768410E+00 1.565552E+00 2.511384E-05
3.765636E+00 1.565629E+00 2.491592E-05
3.762867E+00 1.565705E+00 2.471958E-05
3.760102E+00 1.565782E+00 2.452495E-05
3.757342E+00 1.565858E+00 2.433214E-05
3.754585E+00 1.565933E+00 2.414127E-05
3.751833E+00 1.566009E+00 2.395243E-05
3.749084E+00 1.566084E+00 2.376574E-05
3.746340E+00 1.566160E+00 2.358131E-05
3.743599E+00 1.566235E+00 2.339924E-05
3.740863E+00 1.566309E+00 2.321962E-05
3.738131E+00 1.566384E+00 2.304255E-05
3.735402E+00 1.566459E+00 2.286813E-05
3.732676E+00 1.566533E+00 2.269646E-05
3.729956E+00 1.566607E+00 2.252761E-05
3.727239E+00 1.566681E+00 2.236168E-05
3.724527E+00 1.566755E+00 2.219874E-05
3.721818E+00 1.566828E+00 2.203889E-05
3.719113E+00 1.566901E+00 2.188218E-05
3.716412E+00 1.566975E+00 2.172871E-05
3.713716E+00 1.567048E+00 2.157852E-05
3.711023E+00 1.567120E+00 2.143171E-05
3.708334E+00 1.567193E+00 2.128831E-05
3.705648E+00 1.567266E+00 2.114840E-05
3.702967E+00 1.567338E+00 2.101204E-05
3.700290E+00 1.567410E+00 2.087926E-05
3.697615E+00 1.567482E+00 2.075013E-05
3.694945E+00 1.567554E+00 2.062468E-05
3.692280E+00 1.567625E+00 2.050297E-05
3.689618E+00 1.567697E+00 2.038501E-05
3.686959E+00 1.567768E+00 2.027086E-05
3.684305E+00 1.567839E+00 2.016053E-05
3.681655E+00 1.567910E+00 2.005406E-05
3.679008E+00 1.567981E+00 1.995146E-05
3.676365E+00 1.568051E+00 1.985276E-05
3.673726E+00 1.568121E+00 1.975797E-05
3.671091E+00 1.568192E+00 1.966709E-05
3.668459E+00 1.568262E+00 1.958014E-05
3.665832E+00 1.568331E+00 1.949713E-05
3.663206E+00 1.568401E+00 1.941803E-05
3.660586E+00 1.568471E+00 1.934287E-05
3.657970E+00 1.568540E+00 1.927161E-05
3.655357E+00 1.568609E+00 1.920425E-05
3.652748E+00 1.568678E+00 1.914078E-05
3.650143E+00 1.568747E+00 1.908117E-05
3.647541E+00 1.568816E+00 1.902541E-05
3.644943E+00 1.568884E+00 1.897345E-05
3.642349E+00 1.568952E+00 1.892527E-05
3.639759E+00 1.569021E+00 1.888083E-05
3.637172E+00 1.569088E+00 1.884010E-05
3.634589E+00 1.569156E+00 1.880304E-05
3.632008E+00 1.569224E+00 1.876958E-05
3.629432E+00 1.569291E+00 1.873970E-05
3.626860E+00 1.569359E+00 1.871332E-05
3.624291E+00 1.569426E+00 1.869040E-05
3.621727E+00 1.569493E+00 1.867088E-05
3.619165E+00 1.569560E+00 1.865469E-05
3.616608E+00 1.569626E+00 1.864177E-05
3.614054E+00 1.569693E+00 1.863204E-05
3.611503E+00 1.569759E+00 1.862544E-05
3.608957E+00 1.569825E+00 1.862189E-05
3.606413E+00 1.569891E+00 1.862130E-05
3.603874E+00 1.569957E+00 1.862360E-05
3.601338E+00 1.570023E+00 1.862871E-05
3.598804E+00 1.570088E+00 1.863654E-05
3.596275E+00 1.570154E+00 1.864699E-05
3.593750E+00 1.570219E+00 1.865998E-05
3.591228E+00 1.570284E+00 1.867542E-05
3.588709E+00 1.570349E+00 1.869320E-05
3.586195E+00 1.570414E+00 1.871323E-05
3.583683E+00 1.570478E+00 1.873540E-05
3.581176E+00 1.570543E+00 1.875962E-05
3.578672E+00 1.570607E+00 1.878579E-05
3.576171E+00 1.570671E+00 1.881378E-05
3.573674E+00 1.570735E+00 1.884351E-05
3.571180E+00 1.570799E+00 1.887485E-05
3.568690E+00 1.570862E+00 1.890770E-05
3.566202E+00 1.570926E+00 1.894195E-05
3.563718E+00 1.570989E+00 1.897748E-05
3.561238E+00 1.571052E+00 1.901418E-05
3.558762E+00 1.571116E+00 1.905194E-05
3.556289E+00 1.571178E+00 1.909064E-05
3.553819E+00 1.571241E+00 1.913016E-05
3.551353E+00 1.571304E+00 1.917038E-05
3.548891E+00 1.571366E+00 1.921120E-05
3.546431E+00 1.571428E+00 1.925249E-05
3.543975E+00 1.571491E+00 1.929414E-05
3.541523E+00 1.571552E+00 1.933602E-05
3.539074E+00 1.571614E+00 1.937802E-05
3.536627E+00 1.571676E+00 1.942003E-05
3.534185E+00 1.571737E+00 1.946193E-05
3.531746E+00 1.571799E+00 1.950359E-05
3.529310E+00 1.571860E+00 1.954492E-05
3.526878E+00 1.571921E+00 1.958578E-05
3.524449E+00 1.571982E+00 1.962606E-05
3.522023E+00 1.572043E+00 1.966567E-05
3.519601E+00 1.572104E+00 1.970447E-05
3.517182E+00 1.572164E+00 1.974236E-05
3.514767E+00 1.572224E+00 1.977923E-05
3.512355E+00 1.572285E+00 1.981498E-05
3.509946E+00 1.572345E+00 1.984949E-05
3.507540E+00 1.572405E+00 1.988266E-05
3.505136E+00 1.572464E+00 1.991439E-05
3.502737E+00 1.572524E+00 1.994458E-05
3.500342E+00 1.572584E+00 1.997312E-05
3.497949E+00 1.572643E+00 1.999992E-05
3.495560E+00 1.572702E+00 2.002490E-05
3.493174E+00 1.572761E+00 2.004794E-05
3.490791E+00 1.572820E+00 2.006896E-05
3.488412E+00 1.572879E+00 2.008788E-05
3.486036E+00 1.572938E+00 2.010461E-05
3.483663E+00 1.572996E+00 2.011906E-05
3.481293E+00 1.573055E+00 2.013116E-05
3.478926E+00 1.573113E+00 2.014083E-05
3.476563E+00 1.573171E+00 2.014800E-05
3.474202E+00 1.573229E+00 2.015258E-05
3.471845E+00 1.573287E+00 2.015452E-05
3.469491E+00 1.573344E+00 2.015375E-05
3.467141E+00 1.573402E+00 2.015020E-05
3.464793E+00 1.573459E+00 2.014382E-05
3.462449E+00 1.573517E+00 2.013455E-05
3.460108E+00 1.573574E+00 2.012234E-05
3.457770E+00 1.573631E+00 2.010714E-05
3.455436E+00 1.573688E+00 2.008889E-05
3.453104E+00 1.573745E+00 2.006757E-05
3.450776E+00 1.573801E+00 2.004313E-05
3.448451E+00 1.573858E+00 2.001553E-05
3.446127E+00 1.573914E+00 1.998474E-05
3.443808E+00 1.573971E+00 1.995073E-05
3.441493E+00 1.574027E+00 1.991347E-05
3.439180E+00 1.574083E+00 1.987295E-05
3.436870E+00 1.574139E+00 1.982915E-05
3.434564E+00 1.574194E+00 1.978204E-05
3.432260E+00 1.574250E+00 1.973162E-05
3.429960E+00 1.574305E+00 1.967788E-05
3.427663E+00 1.574361E+00 1.962081E-05
3.425368E+00 1.574416E+00 1.956041E-05
3.423077E+00 1.574471E+00 1.949668E-05
3.420789E+00 1.574526E+00 1.942964E-05
3.418504E+00 1.574581E+00 1.935928E-05
3.416221E+00 1.574636E+00 1.928562E-05
3.413942E+00 1.574690E+00 1.920867E-05
3.411666E+00 1.574745E+00 1.912846E-05
3.409393E+00 1.574799E+00 1.904499E-05
3.407124E+00 1.574854E+00 1.895831E-05
3.404857E+00 1.574908E+00 1.886843E-05
3.402593E+00 1.574962E+00 1.877538E-05
3.400332E+00 1.575016E+00 1.867921E-05
3.398075E+00 1.575069E+00 1.857994E-05
3.395820E+00 1.575123E+00 1.847761E-05
3.393568E+00 1.575177E+00 1.837227E-05
3.391319E+00 1.575230E+00 1.826396E-05
3.389072E+00 1.575283E+00 1.815273E-05
3.386829E+00 1.575337E+00 1.803863E-05
3.384590E+00 1.575390E+00 1.792171E-05
3.382353E+00 1.575443E+00 1.780202E-05
3.380119E+00 1.575496E+00 1.767963E-05
3.377888E+00 1.575548E+00 1.755458E-05
3.375660E+00 1.575601E+00 1.742695E-05
3.373434E+00 1.575653E+00 1.729679E-05
3.371212E+00 1.575706E+00 1.716417E-05
3.368993E+00 1.575758E+00 1.702916E-05
3.366777E+00 1.575810E+00 1.689183E-05
3.364563E+00 1.575862E+00 1.675224E-05
3.362353E+00 1.575914E+00 1.661047E-05
3.360144E+00 1.575966E+00 1.646659E-05
3.357939E+00 1.576018E+00 1.632068E-05
3.355737E+00 1.576069E+00 1.617280E-05
3.353538E+00 1.576121E+00 1.602305E-05
3.351342E+00 1.576172E+00 1.587150E-05
3.349149E+00 1.576223E+00 1.571822E-05
3.346959E+00 1.576275E+00 1.556329E-05
3.344771E+00 1.576326E+00 1.540681E-05
3.342587E+00 1.576377E+00 1.524884E-05
3.340405E+00 1.576427E+00 1.508947E-05
3.338226E+00 1.576478E+00 1.492878E-05
3.336050E+00 1.576529E+00 1.476686E-05
3.333877E+00 1.576579E+00 1.460378E-05
3.331705E+00 1.576630E+00 1.443964E-05
3.329538E+00 1.576680E+00 1.427451E-05
3.327373E+00 1.576730E+00 1.410848E-05
3.325211E+00 1.576780E+00 1.394163E-05
3.323052E+00 1.576830E+00 1.377404E-05
3.320895E+00 1.576880E+00 1.360580E-05
3.318742E+00 1.576930E+00 1.343699E-05
3.316591E+00 1.576980E+00 1.326769E-05
3.314443E+00 1.577029E+00 1.309798E-05
3.312298E+00 1.577079E+00 1.292794E-05
3.310156E+00 1.577128E+00 1.275766E-05
3.308016E+00 1.577177E+00 1.258721E-05
3.305878E+00 1.577226E+00 1.241667E-05
3.303744E+00 1.577275E+00 1.224611E-05
3.301613E+00 1.577324E+00 1.207562E-05
3.299484E+00 1.577373E+00 1.190527E-05
3.297358E+00 1.577422E+00 1.173514E-05
3.295235E+00 1.577471E+00 1.156529E-05
3.293115E+00 1.577519E+00 1.139580E-05
3.290997E+00 1.577568E+00 1.122674E-05
3.288882E+00 1.577616E+00 1.105818E-05
3.286770E+00 1.577664E+00 1.089018E-05
3.284660E+00 1.577712E+00 1.072282E-05
3.282553E+00 1.577760E+00 1.055616E-05
3.280449E+00 1.577808E+00 1.039026E-05
3.278347E+00 1.577856E+00 1.022519E-05
3.276248E+00 1.577904E+00 1.006100E-05
3.274152E+00 1.577951E+00 9.897746E-06
3.272059E+00 1.577999E+00 9.735496E-06
3.269968E+00 1.578046E+00 9.574301E-06
3.267880E+00 1.578094E+00 9.414215E-06
3.265795E+00 1.578141E+00 9.255288E-06
3.263712E+00 1.578188E+00 9.097572E-06
3.261632E+00 1.578235E+00 8.941114E-06
3.259554E+00 1.578282E+00 8.785960E-06
3.257480E+00 1.578329E+00 8.632156E-06
3.255408E+00 1.578376E+00 8.479743E-06
3.253338E+00 1.578422E+00 8.328764E-06
3.251270E+00 1.578469E+00 8.179256E-06
3.249206E+00 1.578515E+00 8.031257E-06
3.247144E+00 1.578562E+00 7.884803E-06
3.245085E+00 1.578608E+00 7.739927E-06
3.243029E+00 1.578654E+00 7.596661E-06
3.240975E+00 1.578700E+00 7.455035E-06
3.238924E+00 1.578746E+00 7.315076E-06
3.236876E+00 1.578792E+00 7.176811E-06
3.234830E+00 1.578838E+00 7.040264E-06
3.232786E+00 1.578884E+00 6.905459E-06
3.230745E+00 1.578929E+00 6.772416E-06
3.228707E+00 1.578975E+00 6.641154E-06
3.226670E+00 1.579020E+00 6.511690E-06
3.224637E+00 1.579065E+00 6.384042E-06
3.222607E+00 1.579111E+00 6.258221E-06
3.220579E+00 1.579156E+00 6.134242E-06
3.218553E+00 1.579201E+00 6.012115E-06
3.216530E+00 1.579246E+00 5.891849E-06
3.214510E+00 1.579291E+00 5.773451E-06
3.212492E+00 1.579336E+00 5.656929E-06
3.210477E+00 1.579380E+00 5.542286E-06
3.208464E+00 1.579425E+00 5.429526E-06
3.206454E+00 1.579469E+00 5.318650E-06
3.204446E+00 1.579514E+00 5.209659E-06
3.202441E+00 1.579558E+00 5.102553E-06
3.200437E+00 1.579602E+00 4.997327E-06
3.198437E+00 1.579646E+00 4.893980E-06
3.196439E+00 1.579690E+00 4.792506E-06
3.194444E+00 1.579734E+00 4.692899E-06
3.192452E+00 1.579778E+00 4.595151E-06
3.190461E+00 1.579822E+00 4.499255E-06
3.188474E+00 1.579866E+00 4.405201E-06
3.186488E+00 1.579909E+00 4.312978E-06
3.184505E+00 1.579953E+00 4.222576E-06
3.182525E+00 1.579996E+00 4.133980E-06
3.180547E+00 1.580040E+00 4.047179E-06
3.178572E+00 1.580083E+00 3.962157E-06
3.176599E+00 1.580126E+00 3.878900E-06
3.174627E+00 1.580169E+00 3.797392E-06
3.172659E+00 1.580212E+00 3.717615E-06
3.170694E+00 1.580255E+00 3.639552E-06
3.168730E+00 1.580298E+00 3.563186E-06
3.166770E+00 1.580340E+00 3.488497E-06
3.164811E+00 1.580383E+00 3.415465E-06
3.162855E+00 1.580426E+00 3.344072E-06
3.160902E+00 1.580468E+00 3.274295E-06
3.158951E+00 1.580510E+00 3.206115E-06
3.157002E+00 1.580553E+00 3.139510E-06
3.155056E+00 1.580595E+00 3.074457E-06
3.153112E+00 1.580637E+00 3.010934E-06
3.151169E+00 1.580679E+00 2.948919E-06
3.149230E+00 1.580721E+00 2.888389E-06
3.147294E+00 1.580763E+00 2.829320E-06
3.145359E+00 1.580805E+00 2.771688E-06
3.143427E+00 1.580846E+00 2.715470E-06
3.141498E+00 1.580888E+00 2.660642E-06
3.139571E+00 1.580929E+00 2.607179E-06
3.137646E+00 1.580971E+00 2.555058E-06
3.135723E+00 1.581012E+00 2.504253E-06
3.133803E+00 1.581053E+00 2.454741E-06
3.131885E+00 1.581095E+00 2.406496E-06
3.129970E+00 1.581136E+00 2.359494E-06
3.128057E+00 1.581177E+00 2.313710E-06
3.126145E+00 1.581218E+00 2.269120E-06
3.124237E+00 1.581259E+00 2.225699E-06
3.122330E+00 1.581299E+00 2.183423E-06
3.120427E+00 1.581340E+00 2.142268E-06
3.118525E+00 1.581381E+00 2.102208E-06
3.116626E+00 1.581421E+00 2.063219E-06
3.114729E+00 1.581462E+00 2.025279E-06
3.112835E+00 1.581502E+00 1.988362E-06
3.110942E+00 1.581542E+00 1.952446E-06
3.109053E+00 1.581582E+00 1.917505E-06
3.107165E+00 1.581622E+00 1.883519E-06
3.105280E+00 1.581663E+00 1.850462E-06
3.103396E+00 1.581702E+00 1.818313E-06
3.101515E+00 1.581742E+00 1.787048E-06
3.099636E+00 1.581782E+00 1.756646E-06
3.097760E+00 1.581822E+00 1.727084E-06
3.095886E+00 1.581862E+00 1.698341E-06
3.094014E+00 1.581901E+00 1.670395E-06
3.092145E+00 1.581941E+00 1.643224E-06
3.090278E+00 1.581980E+00 1.616809E-06
3.088413E+00 1.582019E+00 1.591129E-06
3.086550E+00 1.582059E+00 1.566163E-06
3.084690E+00 1.582098E+00 1.541891E-06
3.082832E+00 1.582137E+00 1.518294E-06
3.080976E+00 1.582176E+00 1.495353E-06
3.079121E+00 1.582215E+00 1.473049E-06
3.077270E+00 1.582254E+00 1.451363E-06
3.075420E+00 1.582292E+00 1.430277E-06
3.073573E+00 1.582331E+00 1.409773E-06
3.071729E+00 1.582370E+00 1.389835E-06
3.069886E+00 1.582408E+00 1.370444E-06
3.068046E+00 1.582447E+00 1.351585E-06
3.066207E+00 1.582485E+00 1.333240E-06
3.064371E+00 1.582523E+00 1.315395E-06
3.062538E+00 1.582562E+00 1.298032E-06
3.060706E+00 1.582600E+00 1.281137E-06
3.058877E+00 1.582638E+00 1.264695E-06
3.057049E+00 1.582676E+00 1.248692E-06
3.055223E+00 1.582714E+00 1.233113E-06
3.053401E+00 1.582752E+00 1.217944E-06
3.051580E+00 1.582790E+00 1.203172E-06
3.049761E+00 1.582827E+00 1.188783E-06
3.047945E+00 1.582865E+00 1.174766E-06
3.046131E+00 1.582903E+00 1.161107E-06
3.044319E+00 1.582940E+00 1.147794E-06
3.042509E+00 1.582977E+00 1.134815E-06
3.040701E+00 1.583015E+00 1.122160E-06
3.038896E+00 1.583052E+00 1.109816E-06
3.037092E+00 1.583089E+00 1.097773E-06
3.035291E+00 1.583126E+00 1.086021E-06
3.033491E+00 1.583164E+00 1.074549E-06
3.031694E+00 1.583200E+00 1.063347E-06
3.029899E+00 1.583237E+00 1.052406E-06
3.028106E+00 1.583274E+00 1.041717E-06
3.026316E+00 1.583311E+00 1.031270E-06
3.024527E+00 1.583348E+00 1.021056E-06
3.022741E+00 1.583384E+00 1.011068E-06
3.020956E+00 1.583421E+00 1.001296E-06
3.019174E+00 1.583457E+00 9.917343E-07
3.017394E+00 1.583494E+00 9.823735E-07
3.015616E+00 1.583530E+00 9.732068E-07
3.013840E+00 1.583566E+00 9.642269E-07
3.012066E+00 1.583603E+00 9.554270E-07
3.010294E+00 1.583639E+00 9.468003E-07
3.008524E+00 1.583675E+00 9.383406E-07
3.006756E+00 1.583711E+00 9.300414E-07
3.004991E+00 1.583747E+00 9.218969E-07
3.003228E+00 1.583783E+00 9.139013E-07
3.001466E+00 1.583818E+00 9.060490E-07
2.999707E+00 1.583854E+00 8.983346E-07
2.997950E+00 1.583890E+00 8.907530E-07
2.996195E+00 1.583925E+00 8.832992E-07
2.994441E+00 1.583961E+00 8.759685E-07
2.992690E+00 1.583996E+00 8.687561E-07
2.990941E+00 1.584032E+00 8.616578E-07
2.989194E+00 1.584067E+00 8.546692E-07
2.987449E+00 1.584102E+00 8.477863E-07
2.985706E+00 1.584138E+00 8.410051E-07
2.983965E+00 1.584173E+00 8.343218E-07
2.982226E+00 1.584208E+00 8.277330E-07
2.980489E+00 1.584243E+00 8.212350E-07
2.978754E+00 1.584278E+00 8.148246E-07
2.977022E+00 1.584312E+00 8.084985E-07
2.975291E+00 1.584347E+00 8.022537E-07
2.973562E+00 1.584382E+00 7.960874E-07
2.971835E+00 1.584417E+00 7.899966E-07
2.970111E+00 1.584451E+00 7.839787E-07
2.968388E+00 1.584486E+00 7.780311E-07
2.966666E+00 1.584520E+00 7.721514E-07
2.964948E+00 1.584555E+00 7.663371E-07
2.963231E+00 1.584589E+00 7.605862E-07
2.961516E+00 1.584623E+00 7.548963E-07
2.959803E+00 1.584657E+00 7.492655E-07
2.958092E+00 1.584691E+00 7.436918E-07
2.956384E+00 1.584726E+00 7.381734E-07
2.954677E+00 1.584760E+00 7.327083E-07
2.952972E+00 1.584793E+00 7.272950E-07
2.951269E+00 1.584827E+00 7.219318E-07
2.949568E+00 1.584861E+00 7.166172E-07
2.947869E+00 1.584895E+00 7.113496E-07
2.946172E+00 1.584929E+00 7.061278E-07
2.944476E+00 1.584962E+00 7.009502E-07
2.942783E+00 1.584996E+00 6.958157E-07
2.941092E+00 1.585029E+00 6.907231E-07
2.939402E+00 1.585063E+00 6.856711E-07
2.937715E+00 1.585096E+00 6.806587E-07
2.936030E+00 1.585129E+00 6.756849E-07
2.934346E+00 1.585163E+00 6.707486E-07
2.932665E+00 1.585196E+00 6.658489E-07
2.930985E+00 1.585229E+00 6.609849E-07
2.929308E+00 1.585262E+00 6.561558E-07
2.927632E+00 1.585295E+00 6.513607E-07
2.925958E+00 1.585328E+00 6.465989E-07
2.924286E+00 1.585361E+00 6.418697E-07
2.922615E+00 1.585394E+00 6.371722E-07
2.920947E+00 1.585426E+00 6.325060E-07
2.919281E+00 1.585459E+00 6.278704E-07
2.917617E+00 1.585492E+00 6.232648E-07
2.915954E+00 1.585524E+00 6.186886E-07
2.914294E+00 1.585557E+00 6.141413E-07
2.912635E+00 1.585589E+00 6.096224E-07
2.910978E+00 1.585622E+00 6.051314E-07
2.909324E+00 1.585654E+00 6.006679E-07
2.907671E+00 1.585686E+00 5.962315E-07
2.906020E+00 1.585718E+00 5.918217E-07
2.904370E+00 1.585750E+00 5.874382E-07
2.902722E+00 1.585783E+00 5.830806E-07
2.901077E+00 1.585815E+00 5.787486E-07
2.899433E+00 1.585847E+00 5.744419E-07
2.897791E+00 1.585878E+00 5.701600E-07
2.896152E+00 1.585910E+00 5.659029E-07
2.894514E+00 1.585942E+00 5.616701E-07
2.892877E+00 1.585974E+00 5.574614E-07
2.891243E+00 1.586006E+00 5.532766E-07
2.889611E+00 1.586037E+00 5.491155E-07
2.887980E+00 1.586069E+00 5.449778E-07
2.886351E+00 1.586100E+00 5.408634E-07
2.884724E+00 1.586132E+00 5.367719E-07
2.883099E+00 1.586163E+00 5.327034E-07
2.881475E+00 1.586194E+00 5.286575E-07
2.879853E+00 1.586226E+00 5.246341E-07
2.878234E+00 1.586257E+00 5.206330E-07
2.876616E+00 1.586288E+00 5.166542E-07
2.875000E+00 1.586319E+00 5.126974E-07
2.873386E+00 1.586350E+00 5.087626E-07
2.871773E+00 1.586381E+00 5.048495E-07
2.870163E+00 1.586412E+00 5.009582E-07
2.868554E+00 1.586443E+00 4.970884E-07
2.866947E+00 1.586474E+00 4.932401E-07
2.865342E+00 1.586505E+00 4.894131E-07
2.863738E+00 1.586535E+00 4.856074E-07
2.862136E+00 1.586566E+00 4.818228E-07
2.860536E+00 1.586597E+00 4.780593E-07
2.858938E+00 1.586627E+00 4.743168E-07
2.857342E+00 1.586658E+00 4.705952E-07
2.855748E+00 1.586688E+00 4.668945E-07
2.854155E+00 1.586718E+00 4.632145E-07
2.852564E+00 1.586749E+00 4.595551E-07
2.850975E+00 1.586779E+00 4.559164E-07
2.849388E+00 1.586809E+00 4.522982E-07
2.847802E+00 1.586839E+00 4.487004E-07
2.846218E+00 1.586869E+00 4.451231E-07
2.844636E+00 1.586900E+00 4.415661E-07
2.843056E+00 1.586930E+00 4.380294E-07
2.841477E+00 1.586959E+00 4.345130E-07
2.839900E+00 1.586989E+00 4.310167E-07
2.838325E+00 1.587019E+00 4.275405E-07
2.836751E+00 1.587049E+00 4.240844E-07
2.835180E+00 1.587079E+00 4.206483E-07
2.833610E+00 1.587108E+00 4.172321E-07
2.832042E+00 1.587138E+00 4.138359E-07
2.830476E+00 1.587168E+00 4.104595E-07
2.828911E+00 1.587197E+00 4.071029E-07
2.827348E+00 1.587227E+00 4.037660E-07
2.825787E+00 1.587256E+00 4.004489E-07
2.824228E+00 1.587285E+00 3.971514E-07
2.822670E+00 1.587315E+00 3.938735E-07
2.821113E+00 1.587344E+00 3.906152E-07
2.819559E+00 1.587373E+00 3.873764E-07
2.818006E+00 1.587402E+00 3.841570E-07
2.816456E+00 1.587431E+00 3.809571E-07
2.814906E+00 1.587460E+00 3.777765E-07
2.813359E+00 1.587489E+00 3.746153E-07
2.811813E+00 1.587518E+00 3.714733E-07
2.810269E+00 1.587547E+00 3.683505E-07
2.808727E+00 1.587576E+00 3.652470E-07
2.807186E+00 1.587605E+00 3.621625E-07
2.805647E+00 1.587634E+00 3.590971E-07
2.804110E+00 1.587662E+00 3.560508E-07
2.802574E+00 1.587691E+00 3.530234E-07
2.801040E+00 1.587720E+00 3.500150E-07
2.799507E+00 1.587748E+00 3.470254E-07
2.797977E+00 1.587777E+00 3.440547E-07
2.796448E+00 1.587805E+00 3.411028E-07
2.794921E+00 1.587833E+00 3.381696E-07
2.793395E+00 1.587862E+00 3.352551E-07
2.791871E+00 1.587890E+00 3.323592E-07
2.790349E+00 1.587918E+00 3.294819E-07
2.788829E+00 1.587946E+00 3.266231E-07
2.787310E+00 1.587975E+00 3.237828E-07
2.785792E+00 1.588003E+00 3.209609E-07
2.784277E+00 1.588031E+00 3.181574E-07
2.782762E+00 1.588059E+00 3.153722E-07
2.781250E+00 1.588087E+00 3.126052E-07
2.779739E+00 1.588115E+00 3.098565E-07
2.778230E+00 1.588142E+00 3.071259E-07
2.776723E+00 1.588170E+00 3.044134E-07
2.775217E+00 1.588198E+00 3.017190E-07
2.773713E+00 1.588226E+00 2.990425E-07
2.772210E+00 1.588253E+00 2.963840E-07
2.770709E+00 1.588281E+00 2.937433E-07
2.769210E+00 1.588308E+00 2.911205E-07
2.767713E+00 1.588336E+00 2.885154E-07
2.766217E+00 1.588363E+00 2.859280E-07
2.764722E+00 1.588391E+00 2.833582E-07
2.763229E+00 1.588418E+00 2.808061E-07
2.761737E+00 1.588445E+00 2.782714E-07
2.760248E+00 1.588473E+00 2.757542E-07
2.758760E+00 1.588500E+00 2.732544E-07
2.757274E+00 1.588527E+00 2.707720E-07
2.755789E+00 1.588554E+00 2.683068E-07
2.754306E+00 1.588581E+00 2.658588E-07
2.752824E+00 1.588608E+00 2.634280E-07
2.751344E+00 1.588635E+00 2.610143E-07
2.749866E+00 1.588662E+00 2.586176E-07
2.748389E+00 1.588689E+00 2.562378E-07
2.746914E+00 1.588716E+00 2.538750E-07
2.745440E+00 1.588743E+00 2.515290E-07
2.743968E+00 1.588770E+00 2.491998E-07
2.742497E+00 1.588796E+00 2.468873E-07
2.741028E+00 1.588823E+00 2.445914E-07
2.739561E+00 1.588850E+00 2.423121E-07
2.738095E+00 1.588876E+00 2.400493E-07
2.736631E+00 1.588903E+00 2.378030E-07
2.735168E+00 1.588929E+00 2.355730E-07
2.733707E+00 1.588956E+00 2.333594E-07
2.732248E+00 1.588982E+00 2.311620E-07
2.730790E+00 1.589008E+00 2.289808E-07
2.729334E+00 1.589035E+00 2.268157E-07
2.727879E+00 1.589061E+00 2.246666E-07
2.726425E+00 1.589087E+00 2.225335E-07
2.724973E+00 1.589113E+00 2.204163E-07
2.723523E+00 1.589139E+00 2.183150E-07
2.722074E+00 1.589165E+00 2.162294E-07
2.720627E+00 1.589191E+00 2.141595E-07
2.719182E+00 1.589217E+00 2.121052E-07
2.717738E+00 1.589243E+00 2.100665E-07
2.716295E+00 1.589269E+00 2.080433E-07
2.714854E+00 1.589295E+00 2.060356E-07
2.713415E+00 1.589321E+00 2.040431E-07
2.711977E+00 1.589347E+00 2.020660E-07
2.710541E+00 1.589372E+00 2.001040E-07
2.709106E+00 1.589398E+00 1.981572E-07
2.707672E+00 1.589424E+00 1.962255E-07
2.706240E+00 1.589449E+00 1.943087E-07
2.704810E+00 1.589475E+00 1.924069E-07
2.703381E+00 1.589500E+00 1.905199E-07
2.701953E+00 1.589526E+00 1.886477E-07
2.700528E+00 1.589551E+00 1.867902E-07
2.699103E+00 1.589577E+00 1.849474E-07
2.697681E+00 1.589602E+00 1.831191E-07
2.696259E+00 1.589627E+00 1.813053E-07
2.694840E+00 1.589652E+00 1.795059E-07
2.693421E+00 1.589678E+00 1.777208E-07
2.692005E+00 1.589703E+00 1.759501E-07
2.690589E+00 1.589728E+00 1.741935E-07
2.689175E+00 1.589753E+00 1.724511E-07
2.687762E+00 1.589778E+00 1.707227E-07
2.686352E+00 1.589803E+00 1.690083E-07
2.684942E+00 1.589828E+00 1.673078E-07
2.683534E+00 1.589853E+00 1.656211E-07
2.682128E+00 1.589878E+00 1.639482E-07
2.680723E+00 1.589903E+00 1.622890E-07
2.679319E+00 1.589927E+00 1.606434E-07
2.677917E+00 1.589952E+00 1.590113E-07
2.676517E+00 1.589977E+00 1.573927E-07
2.675118E+00 1.590001E+00 1.557875E-07
2.673720E+00 1.590026E+00 1.541957E-07
2.672323E+00 1.590051E+00 1.526170E-07
2.670929E+00 1.590075E+00 1.510516E-07
2.669536E+00 1.590100E+00 1.494992E-07
2.668144E+00 1.590124E+00 1.479598E-07
2.666753E+00 1.590149E+00 1.464335E-07
2.665365E+00 1.590173E+00 1.449199E-07
2.663977E+00 1.590197E+00 1.434192E-07
2.662591E+00 1.590222E+00 1.419312E-07
2.661207E+00 1.590246E+00 1.404559E-07
2.659823E+00 1.590270E+00 1.389932E-07
2.658442E+00 1.590294E+00 1.375429E-07
2.657062E+00 1.590318E+00 1.361051E-07
2.655682E+00 1.590342E+00 1.346797E-07
2.654305E+00 1.590366E+00 1.332665E-07
2.652929E+00 1.590390E+00 1.318656E-07
2.651554E+00 1.590414E+00 1.304768E-07
2.650181E+00 1.590438E+00 1.291001E-07
2.648809E+00 1.590462E+00 1.277353E-07
2.647439E+00 1.590486E+00 1.263825E-07
2.646070E+00 1.590510E+00 1.250416E-07
2.644703E+00 1.590534E+00 1.237124E-07
2.643337E+00 1.590557E+00 1.223949E-07
2.641972E+00 1.590581E+00 1.210890E-07
2.640609E+00 1.590605E+00 1.197947E-07
2.639247E+00 1.590628E+00 1.185119E-07
2.637886E+00 1.590652E+00 1.172405E-07
2.636527E+00 1.590675E+00 1.159804E-07
2.635170E+00 1.590699E+00 1.147316E-07
2.633814E+00 1.590722E+00 1.134940E-07
2.632459E+00 1.590746E+00 1.122675E-07
2.631105E+00 1.590769E+00 1.110521E-07
2.629753E+00 1.590793E+00 1.098476E-07
2.628403E+00 1.590816E+00 1.086541E-07
2.627054E+00 1.590839E+00 1.074714E-07
2.625706E+00 1.590862E+00 1.062994E-07
2.624359E+00 1.590886E+00 1.051381E-07
2.623014E+00 1.590909E+00 1.039875E-07
2.621670E+00 1.590932E+00 1.028474E-07
2.620327E+00 1.590955E+00 1.017178E-07
2.618986E+00 1.590978E+00 1.005986E-07
2.617647E+00 1.591001E+00 9.948974E-08
2.616309E+00 1.591024E+00 9.839115E-08
2.614972E+00 1.591047E+00 9.730275E-08
2.613636E+00 1.591070E+00 9.622449E-08
2.612302E+00 1.591093E+00 9.515628E-08
2.610969E+00 1.591115E+00 9.409806E-08
2.609638E+00 1.591138E+00 9.304975E-08
2.608308E+00 1.591161E+00 9.201130E-08
2.606979E+00 1.591184E+00 9.098263E-08
2.605652E+00 1.591206E+00 8.996367E-08
2.604325E+00 1.591229E+00 8.895436E-08
2.603001E+00 1.591251E+00 8.795462E-08
2.601677E+00 1.591274E+00 8.696438E-08
2.600356E+00 1.591297E+00 8.598359E-08
2.599035E+00 1.591319E+00 8.501216E-08
2.597716E+00 1.591341E+00 8.405004E-08
2.596398E+00 1.591364E+00 8.309716E-08
2.595081E+00 1.591386E+00 8.215344E-08
2.593766E+00 1.591409E+00 8.121883E-08
2.592452E+00 1.591431E+00 8.029325E-08
2.591139E+00 1.591453E+00 7.937664E-08
2.589828E+00 1.591475E+00 7.846893E-08
2.588518E+00 1.591498E+00 7.757006E-08
2.587209E+00 1.591520E+00 7.667996E-08
2.585902E+00 1.591542E+00 7.579857E-08
2.584596E+00 1.591564E+00 7.492581E-08
2.583291E+00 1.591586E+00 7.406163E-08
2.581988E+00 1.591608E+00 7.320596E-08
2.580686E+00 1.591630E+00 7.235874E-08
2.579385E+00 1.591652E+00 7.151989E-08
2.578086E+00 1.591674E+00 7.068937E-08
2.576788E+00 1.591696E+00 6.986709E-08
2.575491E+00 1.591718E+00 6.905301E-08
2.574195E+00 1.591739E+00 6.824705E-08
2.572901E+00 1.591761E+00 6.744916E-08
2.571608E+00 1.591783E+00 6.665927E-08
2.570316E+00 1.591805E+00 6.587731E-08
2.569026E+00 1.591826E+00 6.510323E-08
2.567737E+00 1.591848E+00 6.433697E-08
2.566449E+00 1.591869E+00 6.357845E-08
2.565163E+00 1.591891E+00 6.282763E-08
2.563878E+00 1.591913E+00 6.208444E-08
2.562594E+00 1.591934E+00 6.134881E-08
2.561311E+00 1.591955E+00 6.062069E-08
2.560030E+00 1.591977E+00 5.990003E-08
2.558750E+00 1.591998E+00 5.918674E-08
2.557471E+00 1.592020E+00 5.848079E-08
2.556194E+00 1.592041E+00 5.778210E-08
2.554917E+00 1.592062E+00 5.709063E-08
2.553642E+00 1.592084E+00 5.640630E-08
2.552369E+00 1.592105E+00 5.572907E-08
2.551097E+00 1.592126E+00 5.505887E-08
2.549826E+00 1.592147E+00 5.439564E-08
2.548556E+00 1.592168E+00 5.373933E-08
2.547287E+00 1.592189E+00 5.308988E-08
2.546020E+00 1.592210E+00 5.244723E-08
2.544754E+00 1.592231E+00 5.181133E-08
2.543489E+00 1.592252E+00 5.118212E-08
2.542226E+00 1.592273E+00 5.055953E-08
2.540964E+00 1.592294E+00 4.994353E-08
2.539703E+00 1.592315E+00 4.933405E-08
2.538442E+00 1.592336E+00 4.873103E-08
2.537184E+00 1.592357E+00 4.813442E-08
2.535926E+00 1.592378E+00 4.754417E-08
2.534670E+00 1.592398E+00 4.696021E-08
2.533416E+00 1.592419E+00 4.638251E-08
2.532162E+00 1.592440E+00 4.581099E-08
2.530910E+00 1.592460E+00 4.524562E-08
2.529659E+00 1.592481E+00 4.468633E-08
2.528409E+00 1.592502E+00 4.413307E-08
2.527161E+00 1.592522E+00 4.358579E-08
2.525913E+00 1.592543E+00 4.304444E-08
2.524667E+00 1.592563E+00 4.250896E-08
2.523422E+00 1.592584E+00 4.197931E-08
2.522178E+00 1.592604E+00 4.145542E-08
2.520936E+00 1.592624E+00 4.093726E-08
2.519695E+00 1.592645E+00 4.042477E-08
2.518455E+00 1.592665E+00 3.991789E-08
2.517216E+00 1.592685E+00 3.941658E-08
2.515978E+00 1.592706E+00 3.892079E-08
2.514742E+00 1.592726E+00 3.843047E-08
2.513507E+00 1.592746E+00 3.794557E-08
2.512273E+00 1.592766E+00 3.746603E-08
2.511040E+00 1.592787E+00 3.699182E-08
2.509809E+00 1.592807E+00 3.652288E-08
2.508579E+00 1.592827E+00 3.605916E-08
2.507349E+00 1.592847E+00 3.560062E-08
2.506121E+00 1.592867E+00 3.514721E-08
2.504895E+00 1.592887E+00 3.469887E-08
2.503669E+00 1.592907E+00 3.425557E-08
2.502445E+00 1.592927E+00 3.381726E-08
2.501222E+00 1.592947E+00 3.338389E-08
2.500000E+00 1.592966E+00 3.295541E-08
