5.117500E+03 2.951208E+00 7.152528E-03
2.558750E+03 2.950858E+00 1.428682E-02
1.705833E+03 2.950277E+00 2.138457E-02
1.279375E+03 2.949466E+00 2.842734E-02
1.023500E+03 2.948429E+00 3.539654E-02
8.529170E+02 2.947170E+00 4.227339E-02
7.310716E+02 2.945696E+00 4.903894E-02
6.396876E+02 2.944012E+00 5.567414E-02
5.686112E+02 2.942128E+00 6.215994E-02
5.117500E+02 2.940055E+00 6.847740E-02
4.652273E+02 2.937803E+00 7.460790E-02
4.264583E+02 2.935388E+00 8.053330E-02
3.936538E+02 2.932825E+00 8.623622E-02
3.655357E+02 2.930131E+00 9.170026E-02
3.411666E+02 2.927327E+00 9.691023E-02
3.198437E+02 2.924433E+00 1.018525E-01
3.010294E+02 2.921474E+00 1.065150E-01
2.843056E+02 2.918472E+00 1.108879E-01
2.693421E+02 2.915454E+00 1.149632E-01
2.558750E+02 2.912446E+00 1.187354E-01
2.436905E+02 2.909477E+00 1.222011E-01
2.326136E+02 2.906573E+00 1.253595E-01
2.225000E+02 2.903764E+00 1.282124E-01
2.132292E+02 2.901077E+00 1.307637E-01
2.047000E+02 2.898541E+00 1.330200E-01
1.968269E+02 2.896183E+00 1.349898E-01
1.895370E+02 2.894030E+00 1.366841E-01
1.827678E+02 2.892109E+00 1.381158E-01
1.764655E+02 2.890446E+00 1.392998E-01
1.705833E+02 2.889065E+00 1.402527E-01
1.650807E+02 2.887991E+00 1.409930E-01
1.599219E+02 2.887247E+00 1.415408E-01
1.550758E+02 2.886857E+00 1.419179E-01
1.505147E+02 2.886843E+00 1.421477E-01
1.462143E+02 2.887227E+00 1.422556E-01
1.421528E+02 2.888032E+00 1.422689E-01
1.383108E+02 2.889279E+00 1.422173E-01
1.346710E+02 2.890992E+00 1.421329E-01
1.312179E+02 2.893191E+00 1.420515E-01
1.279375E+02 2.895902E+00 1.420127E-01
1.248171E+02 2.899147E+00 1.420609E-01
1.218452E+02 2.902951E+00 1.422469E-01
1.190116E+02 2.907337E+00 1.426288E-01
1.163068E+02 2.912329E+00 1.432746E-01
1.137222E+02 2.917950E+00 1.442640E-01
1.112500E+02 2.924217E+00 1.456911E-01
1.088830E+02 2.931145E+00 1.476686E-01
1.066146E+02 2.938734E+00 1.503308E-01
1.044388E+02 2.946970E+00 1.538382E-01
1.023500E+02 2.955811E+00 1.583816E-01
1.003431E+02 2.965177E+00 1.641849E-01
9.841348E+01 2.974924E+00 1.715056E-01
9.655660E+01 2.984825E+00 1.806277E-01
9.476849E+01 2.994532E+00 1.918442E-01
9.304541E+01 3.003538E+00 2.054189E-01
9.138396E+01 3.011149E+00 2.215189E-01
8.978071E+01 3.016470E+00 2.401093E-01
8.823275E+01 3.018454E+00 2.608137E-01
8.673727E+01 3.016050E+00 2.827713E-01
8.529170E+01 3.008459E+00 3.045629E-01
8.389346E+01 2.995472E+00 3.243077E-01
8.254033E+01 2.977755E+00 3.399964E-01
8.123015E+01 2.956873E+00 3.499974E-01
7.996092E+01 2.934988E+00 3.535172E-01
7.873080E+01 2.914316E+00 3.507748E-01
7.753789E+01 2.896625E+00 3.428171E-01
7.638060E+01 2.882974E+00 3.311197E-01
7.525734E+01 2.873728E+00 3.171881E-01
7.416665E+01 2.868741E+00 3.022988E-01
7.310716E+01 2.867576E+00 2.874001E-01
7.207747E+01 2.869685E+00 2.731235E-01
7.107639E+01 2.874521E+00 2.598452E-01
7.010273E+01 2.881597E+00 2.477601E-01
6.915538E+01 2.890506E+00 2.369438E-01
6.823335E+01 2.900924E+00 2.274005E-01
6.733553E+01 2.912596E+00 2.190953E-01
6.646104E+01 2.925328E+00 2.119753E-01
6.560896E+01 2.938972E+00 2.059818E-01
6.477846E+01 2.953415E+00 2.010578E-01
6.396876E+01 2.968573E+00 1.971516E-01
6.317902E+01 2.984383E+00 1.942183E-01
6.240853E+01 3.000797E+00 1.922201E-01
6.165661E+01 3.017780E+00 1.911262E-01
6.092264E+01 3.035304E+00 1.909124E-01
6.020589E+01 3.053352E+00 1.915602E-01
5.950582E+01 3.071912E+00 1.930565E-01
5.882183E+01 3.090976E+00 1.953933E-01
5.815340E+01 3.110542E+00 1.985676E-01
5.750001E+01 3.130614E+00 2.025809E-01
5.686112E+01 3.151197E+00 2.074403E-01
5.623626E+01 3.172303E+00 2.131576E-01
5.562499E+01 3.193946E+00 2.197507E-01
5.502687E+01 3.216143E+00 2.272437E-01
5.444150E+01 3.238916E+00 2.356674E-01
5.386843E+01 3.262288E+00 2.450606E-01
5.330729E+01 3.286286E+00 2.554702E-01
5.275773E+01 3.310939E+00 2.669526E-01
5.221938E+01 3.336276E+00 2.795750E-01
5.169193E+01 3.362329E+00 2.934159E-01
5.117500E+01 3.389130E+00 3.085673E-01
5.066832E+01 3.416708E+00 3.251361E-01
5.017156E+01 3.445094E+00 3.432456E-01
4.968445E+01 3.474312E+00 3.630383E-01
4.920674E+01 3.504382E+00 3.846776E-01
4.873810E+01 3.535317E+00 4.083513E-01
4.827830E+01 3.567117E+00 4.342742E-01
4.782710E+01 3.599767E+00 4.626916E-01
4.738427E+01 3.633230E+00 4.938831E-01
4.694955E+01 3.667442E+00 5.281663E-01
4.652273E+01 3.702298E+00 5.659006E-01
4.610360E+01 3.737645E+00 6.074902E-01
4.569196E+01 3.773262E+00 6.533861E-01
4.528762E+01 3.808842E+00 7.040863E-01
4.489036E+01 3.843969E+00 7.601318E-01
4.450000E+01 3.878085E+00 8.220961E-01
4.411638E+01 3.910453E+00 8.905671E-01
4.373931E+01 3.940123E+00 9.661133E-01
4.336865E+01 3.965883E+00 1.049232E+00
4.300420E+01 3.986228E+00 1.140273E+00
4.264583E+01 3.999335E+00 1.239329E+00
4.229338E+01 4.003073E+00 1.346093E+00
4.194671E+01 3.995075E+00 1.459690E+00
4.160570E+01 3.972882E+00 1.578503E+00
4.127016E+01 3.934200E+00 1.700026E+00
4.094000E+01 3.877252E+00 1.820817E+00
4.061507E+01 3.801196E+00 1.936618E+00
4.029527E+01 3.706511E+00 2.042680E+00
3.998047E+01 3.595229E+00 2.134295E+00
3.967054E+01 3.470898E+00 2.207423E+00
3.936538E+01 3.338243E+00 2.259267E+00
3.906488E+01 3.202598E+00 2.288622E+00
3.876895E+01 3.069265E+00 2.295919E+00
3.847745E+01 2.942968E+00 2.283006E+00
3.819030E+01 2.827499E+00 2.252754E+00
3.790741E+01 2.725581E+00 2.208636E+00
3.762867E+01 2.638896E+00 2.154359E+00
3.735402E+01 2.568204E+00 2.093596E+00
3.708334E+01 2.513493E+00 2.029818E+00
3.681655E+01 2.474124E+00 1.966187E+00
3.655357E+01 2.448951E+00 1.905503E+00
3.629432E+01 2.436433E+00 1.850169E+00
3.603874E+01 2.434716E+00 1.802163E+00
3.578672E+01 2.441731E+00 1.763029E+00
3.553819E+01 2.455267E+00 1.733882E+00
3.529310E+01 2.473044E+00 1.715419E+00
3.505136E+01 2.492766E+00 1.707944E+00
3.481293E+01 2.512163E+00 1.711389E+00
3.457770E+01 2.529016E+00 1.725328E+00
3.434564E+01 2.541187E+00 1.748968E+00
3.411666E+01 2.546661E+00 1.781139E+00
3.389072E+01 2.543610E+00 1.820270E+00
3.366777E+01 2.530491E+00 1.864385E+00
3.344771E+01 2.506170E+00 1.911128E+00
3.323052E+01 2.470049E+00 1.957850E+00
3.301613E+01 2.422187E+00 2.001746E+00
3.280449E+01 2.363353E+00 2.040057E+00
3.259554E+01 2.295006E+00 2.070294E+00
3.238924E+01 2.219182E+00 2.090450E+00
3.218553E+01 2.138302E+00 2.099140E+00
3.198437E+01 2.054946E+00 2.095665E+00
3.178572E+01 1.971635E+00 2.079971E+00
3.158951E+01 1.890665E+00 2.052545E+00
3.139571E+01 1.814000E+00 2.014266E+00
3.120427E+01 1.743246E+00 1.966260E+00
3.101515E+01 1.679668E+00 1.909767E+00
3.082832E+01 1.624251E+00 1.846058E+00
3.064371E+01 1.577771E+00 1.776382E+00
3.046131E+01 1.540861E+00 1.701956E+00
3.028106E+01 1.514075E+00 1.623986E+00
3.010294E+01 1.497913E+00 1.543712E+00
2.992690E+01 1.492825E+00 1.462468E+00
2.975291E+01 1.499169E+00 1.381728E+00
2.958092E+01 1.517136E+00 1.303143E+00
2.941092E+01 1.546647E+00 1.228521E+00
2.924286E+01 1.587271E+00 1.159741E+00
2.907671E+01 1.638180E+00 1.098635E+00
2.891243E+01 1.698193E+00 1.046846E+00
2.875000E+01 1.765877E+00 1.005740E+00
2.858938E+01 1.839673E+00 9.763954E-01
2.843056E+01 1.917999E+00 9.596647E-01
2.827348E+01 1.999270E+00 9.562723E-01
2.811813E+01 2.081859E+00 9.669091E-01
2.796448E+01 2.163983E+00 9.922847E-01
2.781250E+01 2.243555E+00 1.033108E+00
2.766217E+01 2.318010E+00 1.089971E+00
2.751344E+01 2.384176E+00 1.163107E+00
2.736631E+01 2.438236E+00 1.252024E+00
2.722074E+01 2.475919E+00 1.355032E+00
2.707672E+01 2.492996E+00 1.468818E+00
2.693421E+01 2.486110E+00 1.588287E+00
2.679319E+01 2.453727E+00 1.706940E+00
2.665365E+01 2.396814E+00 1.817843E+00
2.651554E+01 2.318823E+00 1.914903E+00
2.637886E+01 2.224944E+00 1.993895E+00
2.624359E+01 2.120984E+00 2.052847E+00
2.610969E+01 2.012376E+00 2.091779E+00
2.597716E+01 1.903606E+00 2.112098E+00
2.584596E+01 1.798040E+00 2.115987E+00
2.571608E+01 1.697999E+00 2.105930E+00
2.558750E+01 1.604940E+00 2.084404E+00
2.546020E+01 1.519655E+00 2.053703E+00
2.533416E+01 1.442450E+00 2.015854E+00
2.520936E+01 1.373304E+00 1.972591E+00
2.508579E+01 1.311987E+00 1.925364E+00
2.496342E+01 1.258152E+00 1.875375E+00
2.484223E+01 1.211394E+00 1.823619E+00
2.472222E+01 1.171286E+00 1.770928E+00
2.460336E+01 1.137396E+00 1.718018E+00
2.448565E+01 1.109290E+00 1.665515E+00
2.436905E+01 1.086523E+00 1.613984E+00
2.425355E+01 1.068623E+00 1.563937E+00
2.413915E+01 1.055074E+00 1.515838E+00
2.402582E+01 1.045302E+00 1.470086E+00
2.391355E+01 1.038670E+00 1.426992E+00
2.380233E+01 1.034480E+00 1.386753E+00
2.369213E+01 1.032002E+00 1.349415E+00
2.358295E+01 1.030509E+00 1.314855E+00
2.347477E+01 1.029323E+00 1.282771E+00
2.336758E+01 1.027880E+00 1.252693E+00
2.326136E+01 1.025774E+00 1.224012E+00
2.315611E+01 1.022799E+00 1.196038E+00
2.305180E+01 1.018968E+00 1.168054E+00
2.294843E+01 1.014514E+00 1.139390E+00
2.284598E+01 1.009861E+00 1.109475E+00
2.274444E+01 1.005591E+00 1.077893E+00
2.264380E+01 1.002393E+00 1.044413E+00
2.254405E+01 1.001006E+00 1.009009E+00
2.244518E+01 1.002168E+00 9.718610E-01
2.234716E+01 1.006564E+00 9.333510E-01
2.225000E+01 1.014777E+00 8.940416E-01
2.215368E+01 1.027242E+00 8.546468E-01
2.205819E+01 1.044210E+00 8.159889E-01
2.196352E+01 1.065718E+00 7.789415E-01
2.186966E+01 1.091591E+00 7.443647E-01
2.177660E+01 1.121456E+00 7.130410E-01
2.168432E+01 1.154792E+00 6.856254E-01
2.159282E+01 1.190980E+00 6.626195E-01
2.150210E+01 1.229366E+00 6.443722E-01
2.141213E+01 1.269307E+00 6.311016E-01
2.132292E+01 1.310191E+00 6.229279E-01
2.123444E+01 1.351455E+00 6.199090E-01
2.114669E+01 1.392571E+00 6.220702E-01
2.105967E+01 1.433035E+00 6.294252E-01
2.097336E+01 1.472343E+00 6.419874E-01
2.088775E+01 1.509967E+00 6.597699E-01
2.080284E+01 1.545327E+00 6.827755E-01
2.071863E+01 1.577779E+00 7.109759E-01
2.063508E+01 1.606589E+00 7.442809E-01
2.055221E+01 1.630936E+00 7.824959E-01
2.047000E+01 1.649917E+00 8.252731E-01
2.038844E+01 1.662582E+00 8.720570E-01
2.030754E+01 1.667986E+00 9.220355E-01
2.022727E+01 1.665280E+00 9.741078E-01
2.014764E+01 1.653812E+00 1.026884E+00
2.006863E+01 1.633246E+00 1.078733E+00
1.999023E+01 1.603665E+00 1.127881E+00
1.991245E+01 1.565621E+00 1.172559E+00
1.983527E+01 1.520136E+00 1.211169E+00
1.975869E+01 1.468616E+00 1.242440E+00
1.968269E+01 1.412716E+00 1.265536E+00
1.960728E+01 1.354171E+00 1.280098E+00
1.953244E+01 1.294643E+00 1.286206E+00
1.945818E+01 1.235595E+00 1.284307E+00
1.938447E+01 1.178228E+00 1.275097E+00
1.931132E+01 1.123451E+00 1.259418E+00
1.923872E+01 1.071904E+00 1.238160E+00
1.916667E+01 1.023989E+00 1.212192E+00
1.909515E+01 9.799204E-01 1.182320E+00
1.902416E+01 9.397753E-01 1.149260E+00
1.895370E+01 9.035321E-01 1.113628E+00
1.888377E+01 8.711083E-01 1.075948E+00
1.881434E+01 8.423878E-01 1.036655E+00
1.874542E+01 8.172415E-01 9.961110E-01
1.867701E+01 7.955417E-01 9.546169E-01
1.860909E+01 7.771717E-01 9.124268E-01
1.854167E+01 7.620316E-01 8.697618E-01
1.847473E+01 7.500402E-01 8.268225E-01
1.840827E+01 7.411338E-01 7.838014E-01
1.834229E+01 7.352622E-01 7.408940E-01
1.827678E+01 7.323811E-01 6.983074E-01
1.821175E+01 7.324417E-01 6.562671E-01
1.814716E+01 7.353777E-01 6.150183E-01
1.808304E+01 7.410914E-01 5.748227E-01
1.801937E+01 7.494419E-01 5.359485E-01
1.795614E+01 7.602369E-01 4.986550E-01
1.789336E+01 7.732323E-01 4.631733E-01
1.783101E+01 7.881411E-01 4.296886E-01
1.776910E+01 8.046482E-01 3.983270E-01
1.770761E+01 8.224300E-01 3.691495E-01
1.764655E+01 8.411734E-01 3.421551E-01
1.758591E+01 8.605914E-01 3.172899E-01
1.752569E+01 8.804322E-01 2.944591E-01
1.746587E+01 9.004843E-01 2.735410E-01
1.740646E+01 9.205756E-01 2.543985E-01
1.734746E+01 9.405708E-01 2.368888E-01
1.728885E+01 9.603666E-01 2.208702E-01
1.723064E+01 9.798862E-01 2.062071E-01
1.717282E+01 9.990749E-01 1.927725E-01
1.711538E+01 1.017895E+00 1.804494E-01
1.705833E+01 1.036324E+00 1.691313E-01
1.700166E+01 1.054347E+00 1.587222E-01
1.694536E+01 1.071960E+00 1.491354E-01
1.688944E+01 1.089162E+00 1.402938E-01
1.683388E+01 1.105959E+00 1.321281E-01
1.677869E+01 1.122359E+00 1.245767E-01
1.672386E+01 1.138372E+00 1.175844E-01
1.666938E+01 1.154011E+00 1.111020E-01
1.661526E+01 1.169287E+00 1.050857E-01
1.656149E+01 1.184216E+00 9.949585E-02
1.650807E+01 1.198809E+00 9.429734E-02
1.645498E+01 1.213083E+00 8.945844E-02
1.640224E+01 1.227049E+00 8.495066E-02
1.634984E+01 1.240722E+00 8.074834E-02
1.629777E+01 1.254115E+00 7.682831E-02
1.624603E+01 1.267241E+00 7.316961E-02
1.619462E+01 1.280112E+00 6.975327E-02
1.614353E+01 1.292742E+00 6.656207E-02
1.609277E+01 1.305141E+00 6.358037E-02
1.604232E+01 1.317321E+00 6.079390E-02
1.599219E+01 1.329293E+00 5.818967E-02
1.594237E+01 1.341067E+00 5.575581E-02
1.589286E+01 1.352655E+00 5.348147E-02
1.584365E+01 1.364065E+00 5.135669E-02
1.579475E+01 1.375307E+00 4.937237E-02
1.574615E+01 1.386391E+00 4.752012E-02
1.569785E+01 1.397326E+00 4.579225E-02
1.564985E+01 1.408119E+00 4.418170E-02
1.560213E+01 1.418780E+00 4.268194E-02
1.555471E+01 1.429317E+00 4.128698E-02
1.550758E+01 1.439737E+00 3.999130E-02
1.546072E+01 1.450049E+00 3.878980E-02
1.541416E+01 1.460259E+00 3.767780E-02
1.536787E+01 1.470376E+00 3.665096E-02
1.532186E+01 1.480406E+00 3.570533E-02
1.527612E+01 1.490357E+00 3.483723E-02
1.523065E+01 1.500235E+00 3.404332E-02
1.518546E+01 1.510048E+00 3.332052E-02
1.514053E+01 1.519802E+00 3.266600E-02
1.509587E+01 1.529504E+00 3.207721E-02
1.505147E+01 1.539161E+00 3.155182E-02
1.500733E+01 1.548778E+00 3.108772E-02
1.496345E+01 1.558364E+00 3.068303E-02
1.491983E+01 1.567924E+00 3.033606E-02
1.487645E+01 1.577465E+00 3.004535E-02
1.483333E+01 1.586994E+00 2.980961E-02
1.479046E+01 1.596517E+00 2.962775E-02
1.474784E+01 1.606041E+00 2.949888E-02
1.470546E+01 1.615572E+00 2.942228E-02
1.466332E+01 1.625118E+00 2.939745E-02
1.462143E+01 1.634686E+00 2.942404E-02
1.457977E+01 1.644282E+00 2.950193E-02
1.453835E+01 1.653914E+00 2.963116E-02
1.449717E+01 1.663588E+00 2.981201E-02
1.445622E+01 1.673313E+00 3.004492E-02
1.441549E+01 1.683096E+00 3.033058E-02
1.437500E+01 1.692945E+00 3.066990E-02
1.433473E+01 1.702868E+00 3.106400E-02
1.429469E+01 1.712873E+00 3.151428E-02
1.425487E+01 1.722969E+00 3.202237E-02
1.421528E+01 1.733164E+00 3.259021E-02
1.417590E+01 1.743468E+00 3.321999E-02
1.413674E+01 1.753891E+00 3.391427E-02
1.409780E+01 1.764442E+00 3.467591E-02
1.405907E+01 1.775131E+00 3.550816E-02
1.402055E+01 1.785969E+00 3.641466E-02
1.398224E+01 1.796967E+00 3.739948E-02
1.394414E+01 1.808138E+00 3.846717E-02
1.390625E+01 1.819492E+00 3.962278E-02
1.386856E+01 1.831043E+00 4.087193E-02
1.383108E+01 1.842804E+00 4.222084E-02
1.379380E+01 1.854789E+00 4.367642E-02
1.375672E+01 1.867013E+00 4.524631E-02
1.371984E+01 1.879491E+00 4.693898E-02
1.368316E+01 1.892240E+00 4.876380E-02
1.364667E+01 1.905277E+00 5.073113E-02
1.361037E+01 1.918620E+00 5.285246E-02
1.357427E+01 1.932287E+00 5.514052E-02
1.353836E+01 1.946301E+00 5.760942E-02
1.350264E+01 1.960680E+00 6.027481E-02
1.346710E+01 1.975450E+00 6.315407E-02
1.343176E+01 1.990633E+00 6.626655E-02
1.339660E+01 2.006254E+00 6.963375E-02
1.336162E+01 2.022342E+00 7.327968E-02
1.332682E+01 2.038925E+00 7.723114E-02
1.329221E+01 2.056032E+00 8.151810E-02
1.325777E+01 2.073697E+00 8.617417E-02
1.322351E+01 2.091953E+00 9.123707E-02
1.318943E+01 2.110838E+00 9.674927E-02
1.315553E+01 2.130389E+00 1.027587E-01
1.312179E+01 2.150646E+00 1.093194E-01
1.308824E+01 2.171654E+00 1.164930E-01
1.305485E+01 2.193456E+00 1.243491E-01
1.302163E+01 2.216101E+00 1.329673E-01
1.298858E+01 2.239636E+00 1.424387E-01
1.295570E+01 2.264112E+00 1.528674E-01
1.292298E+01 2.289580E+00 1.643736E-01
1.289043E+01 2.316090E+00 1.770954E-01
1.285804E+01 2.343691E+00 1.911928E-01
1.282581E+01 2.372428E+00 2.068514E-01
1.279375E+01 2.402336E+00 2.242865E-01
1.276185E+01 2.433442E+00 2.437487E-01
1.273010E+01 2.465750E+00 2.655298E-01
1.269851E+01 2.499238E+00 2.899688E-01
1.266708E+01 2.533841E+00 3.174588E-01
1.263580E+01 2.569432E+00 3.484524E-01
1.260468E+01 2.605801E+00 3.834648E-01
1.257371E+01 2.642615E+00 4.230720E-01
1.254289E+01 2.679375E+00 4.678981E-01
1.251222E+01 2.715363E+00 5.185843E-01
1.248171E+01 2.749572E+00 5.757282E-01
1.245134E+01 2.780653E+00 6.397776E-01
1.242112E+01 2.806878E+00 7.108633E-01
1.239104E+01 2.826178E+00 7.885631E-01
1.236111E+01 2.836327E+00 8.716223E-01
1.233133E+01 2.835327E+00 9.577109E-01
1.230168E+01 2.822031E+00 1.043383E+00
1.227218E+01 2.796866E+00 1.124443E+00
1.224282E+01 2.762364E+00 1.196833E+00
1.221360E+01 2.723082E+00 1.257869E+00
1.218452E+01 2.684704E+00 1.307347E+00
1.215558E+01 2.652581E+00 1.347948E+00
1.212678E+01 2.630268E+00 1.384716E+00
1.209811E+01 2.618641E+00 1.423886E+00
1.206957E+01 2.615747E+00 1.471546E+00
1.204118E+01 2.617239E+00 1.532545E+00
1.201291E+01 2.617056E+00 1.609771E+00
1.198478E+01 2.608185E+00 1.703705E+00
1.195678E+01 2.583491E+00 1.812122E+00
1.192890E+01 2.536727E+00 1.929996E+00
1.190116E+01 2.463743E+00 2.049815E+00
1.187355E+01 2.363626E+00 2.162580E+00
1.184606E+01 2.239253E+00 2.259456E+00
1.181871E+01 2.096808E+00 2.333614E+00
1.179148E+01 1.944326E+00 2.381487E+00
1.176437E+01 1.789873E+00 2.402962E+00
1.173739E+01 1.640120E+00 2.400608E+00
1.171053E+01 1.499683E+00 2.378494E+00
1.168379E+01 1.371153E+00 2.341103E+00
1.165718E+01 1.255517E+00 2.292611E+00
1.163068E+01 1.152667E+00 2.236536E+00
1.160431E+01 1.061854E+00 2.175656E+00
1.157805E+01 9.820139E-01 2.112061E+00
1.155192E+01 9.119786E-01 2.047272E+00
1.152590E+01 8.505996E-01 1.982364E+00
1.150000E+01 7.968122E-01 1.918074E+00
1.147422E+01 7.496627E-01 1.854894E+00
1.144855E+01 7.083142E-01 1.793141E+00
1.142299E+01 6.720418E-01 1.733003E+00
1.139755E+01 6.402218E-01 1.674583E+00
1.137222E+01 6.123202E-01 1.617921E+00
1.134701E+01 5.878804E-01 1.563019E+00
1.132190E+01 5.665119E-01 1.509850E+00
1.129691E+01 5.478806E-01 1.458371E+00
1.127203E+01 5.317002E-01 1.408527E+00
1.124725E+01 5.177247E-01 1.360258E+00
1.122259E+01 5.057421E-01 1.313504E+00
1.119803E+01 4.955694E-01 1.268204E+00
1.117358E+01 4.870477E-01 1.224298E+00
1.114924E+01 4.800389E-01 1.181729E+00
1.112500E+01 4.744222E-01 1.140447E+00
1.110087E+01 4.700910E-01 1.100402E+00
1.107684E+01 4.669513E-01 1.061550E+00
1.105292E+01 4.649190E-01 1.023853E+00
1.102910E+01 4.639180E-01 9.872752E-01
1.100538E+01 4.638791E-01 9.517857E-01
1.098176E+01 4.647380E-01 9.173576E-01
1.095824E+01 4.664344E-01 8.839675E-01
1.093483E+01 4.689107E-01 8.515948E-01
1.091151E+01 4.721108E-01 8.202213E-01
1.088830E+01 4.759800E-01 7.898301E-01
1.086518E+01 4.804635E-01 7.604053E-01
1.084216E+01 4.855070E-01 7.319305E-01
1.081924E+01 4.910555E-01 7.043883E-01
1.079641E+01 4.970546E-01 6.777592E-01
1.077368E+01 5.034501E-01 6.520206E-01
1.075105E+01 5.101887E-01 6.271466E-01
1.072851E+01 5.172193E-01 6.031067E-01
1.070607E+01 5.244938E-01 5.798664E-01
1.068372E+01 5.319679E-01 5.573867E-01
1.066146E+01 5.396028E-01 5.356247E-01
1.063929E+01 5.473657E-01 5.145344E-01
1.061722E+01 5.552308E-01 4.940673E-01
1.059524E+01 5.631803E-01 4.741742E-01
1.057335E+01 5.712041E-01 4.548059E-01
1.055155E+01 5.793004E-01 4.359153E-01
1.052983E+01 5.874751E-01 4.174585E-01
1.050821E+01 5.957412E-01 3.993964E-01
1.048668E+01 6.041180E-01 3.816962E-01
1.046524E+01 6.126295E-01 3.643322E-01
1.044388E+01 6.213033E-01 3.472870E-01
1.042261E+01 6.301685E-01 3.305518E-01
1.040142E+01 6.392539E-01 3.141267E-01
1.038032E+01 6.485865E-01 2.980203E-01
1.035931E+01 6.581891E-01 2.822490E-01
1.033838E+01 6.680793E-01 2.668359E-01
1.031754E+01 6.782679E-01 2.518092E-01
1.029678E+01 6.887582E-01 2.372010E-01
1.027610E+01 6.995456E-01 2.230445E-01
1.025551E+01 7.106172E-01 2.093731E-01
1.023500E+01 7.219531E-01 1.962181E-01
1.021457E+01 7.335266E-01 1.836074E-01
1.019422E+01 7.453055E-01 1.715644E-01
1.017396E+01 7.572535E-01 1.601071E-01
1.015377E+01 7.693314E-01 1.492475E-01
1.013366E+01 7.814985E-01 1.389915E-01
1.011364E+01 7.937139E-01 1.293394E-01
1.009369E+01 8.059373E-01 1.202858E-01
1.007382E+01 8.181303E-01 1.118202E-01
1.005403E+01 8.302566E-01 1.039279E-01
1.003431E+01 8.422830E-01 9.659048E-02
1.001468E+01 8.541793E-01 8.978658E-02
9.995112E+00 8.659189E-01 8.349249E-02
9.975630E+00 8.774785E-01 7.768285E-02
9.956222E+00 8.888383E-01 7.233124E-02
9.936891E+00 8.999818E-01 6.741065E-02
9.917634E+00 9.108956E-01 6.289395E-02
9.898452E+00 9.215691E-01 5.875421E-02
9.879344E+00 9.319947E-01 5.496509E-02
9.860309E+00 9.421668E-01 5.150100E-02
9.841348E+00 9.520822E-01 4.833731E-02
9.822459E+00 9.617395E-01 4.545052E-02
9.803643E+00 9.711391E-01 4.281832E-02
9.784899E+00 9.802826E-01 4.041964E-02
9.766226E+00 9.891728E-01 3.823473E-02
9.747615E+00 9.978138E-01 3.624511E-02
9.729084E+00 1.006210E+00 3.443358E-02
9.710623E+00 1.014368E+00 3.278421E-02
9.692233E+00 1.022292E+00 3.128226E-02
9.673912E+00 1.029989E+00 2.991414E-02
9.655660E+00 1.037467E+00 2.866738E-02
9.637477E+00 1.044730E+00 2.753053E-02
9.619362E+00 1.051788E+00 2.649312E-02
9.601315E+00 1.058646E+00 2.554562E-02
9.583336E+00 1.065312E+00 2.467931E-02
9.565424E+00 1.071793E+00 2.388629E-02
9.547578E+00 1.078095E+00 2.315939E-02
9.529800E+00 1.084225E+00 2.249209E-02
9.512078E+00 1.090190E+00 2.187852E-02
9.494431E+00 1.095996E+00 2.131335E-02
9.476849E+00 1.101649E+00 2.079179E-02
9.459333E+00 1.107155E+00 2.030951E-02
9.441881E+00 1.112521E+00 1.986262E-02
9.424493E+00 1.117751E+00 1.944763E-02
9.407170E+00 1.122852E+00 1.906138E-02
9.389909E+00 1.127827E+00 1.870106E-02
9.372712E+00 1.132682E+00 1.836414E-02
9.355578E+00 1.137422E+00 1.804835E-02
9.338507E+00 1.142051E+00 1.775167E-02
9.321498E+00 1.146574E+00 1.747227E-02
9.304541E+00 1.150994E+00 1.720854E-02
9.287655E+00 1.155316E+00 1.695902E-02
9.270831E+00 1.159542E+00 1.672242E-02
9.254067E+00 1.163677E+00 1.649758E-02
9.237363E+00 1.167725E+00 1.628345E-02
9.220720E+00 1.171687E+00 1.607913E-02
9.204137E+00 1.175568E+00 1.588377E-02
9.187613E+00 1.179369E+00 1.569664E-02
9.171148E+00 1.183095E+00 1.551707E-02
9.154743E+00 1.186747E+00 1.534447E-02
9.138396E+00 1.190328E+00 1.517831E-02
9.122107E+00 1.193840E+00 1.501810E-02
9.105876E+00 1.197286E+00 1.486342E-02
9.089694E+00 1.200667E+00 1.471388E-02
9.073579E+00 1.203987E+00 1.456913E-02
9.057520E+00 1.207246E+00 1.442884E-02
9.041518E+00 1.210446E+00 1.429274E-02
9.025572E+00 1.213590E+00 1.416056E-02
9.009683E+00 1.216680E+00 1.403206E-02
8.993849E+00 1.219716E+00 1.390702E-02
8.978071E+00 1.222700E+00 1.378525E-02
8.962348E+00 1.225634E+00 1.366655E-02
8.946680E+00 1.228519E+00 1.355077E-02
8.931067E+00 1.231356E+00 1.343774E-02
8.915509E+00 1.234148E+00 1.332732E-02
8.899996E+00 1.236894E+00 1.321937E-02
8.884545E+00 1.239597E+00 1.311376E-02
8.869148E+00 1.242258E+00 1.301039E-02
8.853804E+00 1.244877E+00 1.290913E-02
8.838513E+00 1.247455E+00 1.280989E-02
8.823275E+00 1.249995E+00 1.271257E-02
8.808089E+00 1.252496E+00 1.261706E-02
8.792956E+00 1.254959E+00 1.252330E-02
8.777874E+00 1.257386E+00 1.243119E-02
8.762844E+00 1.259778E+00 1.234065E-02
8.747866E+00 1.262135E+00 1.225161E-02
8.732938E+00 1.264458E+00 1.216400E-02
8.718061E+00 1.266747E+00 1.207775E-02
8.703228E+00 1.269005E+00 1.199279E-02
8.688452E+00 1.271231E+00 1.190907E-02
8.673727E+00 1.273426E+00 1.182653E-02
8.659051E+00 1.275591E+00 1.174510E-02
8.644425E+00 1.277726E+00 1.166473E-02
8.629848E+00 1.279833E+00 1.158537E-02
8.615320E+00 1.281911E+00 1.150698E-02
8.600841E+00 1.283962E+00 1.142950E-02
8.586411E+00 1.285986E+00 1.135288E-02
8.572029E+00 1.287984E+00 1.127709E-02
8.557695E+00 1.289955E+00 1.120208E-02
8.543409E+00 1.291902E+00 1.112781E-02
8.529170E+00 1.293824E+00 1.105424E-02
8.514972E+00 1.295721E+00 1.098134E-02
8.500828E+00 1.297595E+00 1.090906E-02
8.486731E+00 1.299445E+00 1.083738E-02
8.472681E+00 1.301273E+00 1.076625E-02
8.458677E+00 1.303078E+00 1.069566E-02
8.444719E+00 1.304862E+00 1.062557E-02
8.430808E+00 1.306624E+00 1.055595E-02
8.416942E+00 1.308365E+00 1.048677E-02
8.403121E+00 1.310085E+00 1.041801E-02
8.389346E+00 1.311786E+00 1.034964E-02
8.375616E+00 1.313466E+00 1.028164E-02
8.361931E+00 1.315128E+00 1.021398E-02
8.348284E+00 1.316770E+00 1.014665E-02
8.334688E+00 1.318393E+00 1.007963E-02
8.321136E+00 1.319999E+00 1.001289E-02
8.307628E+00 1.321586E+00 9.946416E-03
8.294164E+00 1.323155E+00 9.880195E-03
8.280744E+00 1.324708E+00 9.814210E-03
8.267367E+00 1.326243E+00 9.748445E-03
8.254033E+00 1.327762E+00 9.682888E-03
8.240742E+00 1.329265E+00 9.617526E-03
8.227493E+00 1.330751E+00 9.552349E-03
8.214288E+00 1.332222E+00 9.487346E-03
8.201124E+00 1.333677E+00 9.422508E-03
8.188003E+00 1.335118E+00 9.357828E-03
8.174917E+00 1.336543E+00 9.293298E-03
8.161879E+00 1.337954E+00 9.228914E-03
8.148883E+00 1.339350E+00 9.164671E-03
8.135929E+00 1.340732E+00 9.100565E-03
8.123015E+00 1.342101E+00 9.036594E-03
8.110142E+00 1.343456E+00 8.972757E-03
8.097310E+00 1.344798E+00 8.909055E-03
8.084519E+00 1.346126E+00 8.845488E-03
8.071768E+00 1.347442E+00 8.782058E-03
8.059057E+00 1.348745E+00 8.718770E-03
8.046386E+00 1.350036E+00 8.655627E-03
8.033755E+00 1.351314E+00 8.592636E-03
8.021163E+00 1.352581E+00 8.529803E-03
8.008604E+00 1.353835E+00 8.467135E-03
7.996092E+00 1.355079E+00 8.404644E-03
7.983618E+00 1.356310E+00 8.342337E-03
7.971183E+00 1.357531E+00 8.280227E-03
7.958786E+00 1.358741E+00 8.218327E-03
7.946428E+00 1.359940E+00 8.156649E-03
7.934109E+00 1.361128E+00 8.095208E-03
7.921827E+00 1.362306E+00 8.034020E-03
7.909584E+00 1.363474E+00 7.973102E-03
7.897378E+00 1.364631E+00 7.912470E-03
7.885210E+00 1.365779E+00 7.852144E-03
7.873080E+00 1.366917E+00 7.792144E-03
7.860980E+00 1.368045E+00 7.732489E-03
7.848924E+00 1.369164E+00 7.673200E-03
7.836905E+00 1.370274E+00 7.614301E-03
7.824922E+00 1.371374E+00 7.555813E-03
7.812976E+00 1.372465E+00 7.497761E-03
7.801067E+00 1.373548E+00 7.440168E-03
7.789193E+00 1.374622E+00 7.383058E-03
7.777356E+00 1.375687E+00 7.326459E-03
7.765555E+00 1.376744E+00 7.270394E-03
7.753789E+00 1.377792E+00 7.214890E-03
7.742059E+00 1.378832E+00 7.159974E-03
7.730365E+00 1.379864E+00 7.105671E-03
7.718706E+00 1.380888E+00 7.052009E-03
7.707076E+00 1.381904E+00 6.999015E-03
7.695487E+00 1.382913E+00 6.946714E-03
7.683932E+00 1.383913E+00 6.895134E-03
7.672413E+00 1.384906E+00 6.844300E-03
7.660927E+00 1.385892E+00 6.794239E-03
7.649477E+00 1.386870E+00 6.744975E-03
7.638060E+00 1.387841E+00 6.696534E-03
7.626677E+00 1.388804E+00 6.648940E-03
7.615328E+00 1.389760E+00 6.602216E-03
7.604013E+00 1.390709E+00 6.556385E-03
7.592732E+00 1.391652E+00 6.511468E-03
7.581484E+00 1.392587E+00 6.467486E-03
7.570269E+00 1.393515E+00 6.424458E-03
7.559082E+00 1.394436E+00 6.382402E-03
7.547933E+00 1.395351E+00 6.341336E-03
7.536817E+00 1.396259E+00 6.301274E-03
7.525734E+00 1.397160E+00 6.262230E-03
7.514684E+00 1.398055E+00 6.224217E-03
7.503666E+00 1.398943E+00 6.187245E-03
7.492680E+00 1.399824E+00 6.151323E-03
7.481726E+00 1.400699E+00 6.116458E-03
7.470804E+00 1.401568E+00 6.082656E-03
7.459914E+00 1.402430E+00 6.049919E-03
7.449056E+00 1.403286E+00 6.018249E-03
7.438229E+00 1.404136E+00 5.987647E-03
7.427428E+00 1.404979E+00 5.958108E-03
7.416665E+00 1.405816E+00 5.929630E-03
7.405932E+00 1.406647E+00 5.902205E-03
7.395230E+00 1.407472E+00 5.875826E-03
7.384559E+00 1.408291E+00 5.850482E-03
7.373919E+00 1.409103E+00 5.826161E-03
7.363309E+00 1.409910E+00 5.802850E-03
7.352730E+00 1.410710E+00 5.780532E-03
7.342182E+00 1.411504E+00 5.759190E-03
7.331663E+00 1.412293E+00 5.738805E-03
7.321175E+00 1.413076E+00 5.719356E-03
7.310716E+00 1.413852E+00 5.700820E-03
7.300288E+00 1.414623E+00 5.683174E-03
7.289884E+00 1.415388E+00 5.666393E-03
7.279514E+00 1.416147E+00 5.650450E-03
7.269175E+00 1.416901E+00 5.635317E-03
7.258864E+00 1.417648E+00 5.620967E-03
7.248583E+00 1.418390E+00 5.607370E-03
7.238331E+00 1.419127E+00 5.594495E-03
7.228108E+00 1.419858E+00 5.582313E-03
7.217913E+00 1.420583E+00 5.570791E-03
7.207747E+00 1.421302E+00 5.559898E-03
7.197610E+00 1.422017E+00 5.549602E-03
7.187502E+00 1.422726E+00 5.539872E-03
7.177422E+00 1.423429E+00 5.530676E-03
7.167364E+00 1.424127E+00 5.521981E-03
7.157341E+00 1.424820E+00 5.513758E-03
7.147345E+00 1.425507E+00 5.505975E-03
7.137377E+00 1.426190E+00 5.498602E-03
7.127436E+00 1.426867E+00 5.491610E-03
7.117524E+00 1.427539E+00 5.484971E-03
7.107639E+00 1.428206E+00 5.478657E-03
7.097781E+00 1.428868E+00 5.472643E-03
7.087951E+00 1.429525E+00 5.466902E-03
7.078148E+00 1.430178E+00 5.461413E-03
7.068372E+00 1.430825E+00 5.456152E-03
7.058623E+00 1.431468E+00 5.451098E-03
7.048900E+00 1.432106E+00 5.446234E-03
7.039200E+00 1.432739E+00 5.441542E-03
7.029531E+00 1.433368E+00 5.437005E-03
7.019889E+00 1.433993E+00 5.432611E-03
7.010273E+00 1.434612E+00 5.428346E-03
7.000683E+00 1.435228E+00 5.424202E-03
6.991120E+00 1.435839E+00 5.420170E-03
6.981583E+00 1.436446E+00 5.416242E-03
6.972071E+00 1.437048E+00 5.412414E-03
6.962586E+00 1.437647E+00 5.408684E-03
6.953126E+00 1.438241E+00 5.405050E-03
6.943692E+00 1.438831E+00 5.401513E-03
6.934284E+00 1.439417E+00 5.398074E-03
6.924901E+00 1.439999E+00 5.394738E-03
6.915538E+00 1.440578E+00 5.391509E-03
6.906206E+00 1.441152E+00 5.388394E-03
6.896899E+00 1.441723E+00 5.385401E-03
6.887617E+00 1.442289E+00 5.382539E-03
6.878360E+00 1.442852E+00 5.379818E-03
6.869127E+00 1.443411E+00 5.377249E-03
6.859920E+00 1.443967E+00 5.374843E-03
6.850737E+00 1.444519E+00 5.372613E-03
6.841578E+00 1.445067E+00 5.370572E-03
6.832445E+00 1.445612E+00 5.368733E-03
6.823335E+00 1.446153E+00 5.367109E-03
6.814250E+00 1.446691E+00 5.365715E-03
6.805184E+00 1.447225E+00 5.364562E-03
6.796147E+00 1.447756E+00 5.363666E-03
6.787134E+00 1.448284E+00 5.363038E-03
6.778145E+00 1.448807E+00 5.362690E-03
6.769179E+00 1.449328E+00 5.362634E-03
6.760237E+00 1.449845E+00 5.362882E-03
6.751319E+00 1.450359E+00 5.363441E-03
6.742425E+00 1.450869E+00 5.364322E-03
6.733553E+00 1.451376E+00 5.365531E-03
6.724705E+00 1.451880E+00 5.367075E-03
6.715881E+00 1.452380E+00 5.368958E-03
6.707079E+00 1.452877E+00 5.371184E-03
6.698301E+00 1.453371E+00 5.373753E-03
6.689540E+00 1.453861E+00 5.376665E-03
6.680808E+00 1.454348E+00 5.379919E-03
6.672098E+00 1.454832E+00 5.383511E-03
6.663410E+00 1.455312E+00 5.387435E-03
6.654746E+00 1.455789E+00 5.391683E-03
6.646104E+00 1.456262E+00 5.396246E-03
6.637484E+00 1.456733E+00 5.401111E-03
6.628886E+00 1.457199E+00 5.406266E-03
6.620311E+00 1.457663E+00 5.411695E-03
6.611758E+00 1.458123E+00 5.417381E-03
6.603227E+00 1.458580E+00 5.423303E-03
6.594718E+00 1.459034E+00 5.429441E-03
6.586231E+00 1.459484E+00 5.435772E-03
6.577762E+00 1.459931E+00 5.442270E-03
6.569318E+00 1.460374E+00 5.448908E-03
6.560896E+00 1.460814E+00 5.455658E-03
6.552496E+00 1.461251E+00 5.462491E-03
6.544117E+00 1.461684E+00 5.469374E-03
6.535760E+00 1.462115E+00 5.476274E-03
6.527424E+00 1.462541E+00 5.483156E-03
6.519109E+00 1.462965E+00 5.489986E-03
6.510815E+00 1.463385E+00 5.496726E-03
6.502542E+00 1.463802E+00 5.503338E-03
6.494291E+00 1.464215E+00 5.509783E-03
6.486060E+00 1.464626E+00 5.516021E-03
6.477846E+00 1.465033E+00 5.522013E-03
6.469657E+00 1.465436E+00 5.527717E-03
6.461489E+00 1.465837E+00 5.533091E-03
6.453341E+00 1.466234E+00 5.538094E-03
6.445213E+00 1.466629E+00 5.542684E-03
6.437107E+00 1.467020E+00 5.546818E-03
6.429020E+00 1.467408E+00 5.550454E-03
6.420954E+00 1.467793E+00 5.553551E-03
6.412908E+00 1.468174E+00 5.556066E-03
6.404882E+00 1.468553E+00 5.557959E-03
6.396876E+00 1.468929E+00 5.559189E-03
6.388890E+00 1.469302E+00 5.559715E-03
6.380925E+00 1.469672E+00 5.559499E-03
6.372975E+00 1.470039E+00 5.558502E-03
6.365048E+00 1.470404E+00 5.556687E-03
6.357142E+00 1.470765E+00 5.554017E-03
6.349255E+00 1.471124E+00 5.550458E-03
6.341387E+00 1.471480E+00 5.545977E-03
6.333539E+00 1.471834E+00 5.540541E-03
6.325711E+00 1.472185E+00 5.534120E-03
6.317902E+00 1.472534E+00 5.526686E-03
6.310112E+00 1.472880E+00 5.518211E-03
6.302341E+00 1.473224E+00 5.508672E-03
6.294589E+00 1.473565E+00 5.498043E-03
6.286857E+00 1.473904E+00 5.486306E-03
6.279143E+00 1.474241E+00 5.473442E-03
6.271444E+00 1.474576E+00 5.459433E-03
6.263769E+00 1.474909E+00 5.444266E-03
6.256111E+00 1.475239E+00 5.427930E-03
6.248473E+00 1.475568E+00 5.410415E-03
6.240853E+00 1.475895E+00 5.391714E-03
6.233252E+00 1.476220E+00 5.371823E-03
6.225669E+00 1.476543E+00 5.350741E-03
6.218105E+00 1.476865E+00 5.328468E-03
6.210559E+00 1.477185E+00 5.305009E-03
6.203031E+00 1.477503E+00 5.280368E-03
6.195522E+00 1.477820E+00 5.254557E-03
6.188031E+00 1.478136E+00 5.227585E-03
6.180554E+00 1.478450E+00 5.199467E-03
6.173099E+00 1.478763E+00 5.170220E-03
6.165661E+00 1.479074E+00 5.139863E-03
6.158242E+00 1.479385E+00 5.108418E-03
6.150841E+00 1.479694E+00 5.075910E-03
6.143457E+00 1.480002E+00 5.042364E-03
6.136091E+00 1.480309E+00 5.007812E-03
6.128743E+00 1.480616E+00 4.972283E-03
6.121412E+00 1.480921E+00 4.935811E-03
6.114099E+00 1.481226E+00 4.898432E-03
6.106803E+00 1.481529E+00 4.860184E-03
6.099525E+00 1.481832E+00 4.821107E-03
6.092264E+00 1.482135E+00 4.781240E-03
6.085016E+00 1.482436E+00 4.740628E-03
6.077790E+00 1.482737E+00 4.699315E-03
6.070580E+00 1.483038E+00 4.657347E-03
6.063388E+00 1.483338E+00 4.614770E-03
6.056213E+00 1.483637E+00 4.571632E-03
6.049054E+00 1.483936E+00 4.527982E-03
6.041913E+00 1.484235E+00 4.483871E-03
6.034788E+00 1.484533E+00 4.439347E-03
6.027680E+00 1.484830E+00 4.394461E-03
6.020589E+00 1.485127E+00 4.349265E-03
6.013515E+00 1.485424E+00 4.303809E-03
6.006457E+00 1.485721E+00 4.258143E-03
5.999412E+00 1.486017E+00 4.212319E-03
5.992387E+00 1.486313E+00 4.166385E-03
5.985379E+00 1.486608E+00 4.120392E-03
5.978387E+00 1.486903E+00 4.074388E-03
5.971411E+00 1.487198E+00 4.028421E-03
5.964452E+00 1.487492E+00 3.982538E-03
5.957509E+00 1.487786E+00 3.936783E-03
5.950582E+00 1.488080E+00 3.891202E-03
5.943671E+00 1.488373E+00 3.845836E-03
5.936776E+00 1.488666E+00 3.800727E-03
5.929897E+00 1.488959E+00 3.755915E-03
5.923034E+00 1.489251E+00 3.711436E-03
5.916187E+00 1.489543E+00 3.667326E-03
5.909352E+00 1.489834E+00 3.623620E-03
5.902536E+00 1.490125E+00 3.580349E-03
5.895736E+00 1.490415E+00 3.537542E-03
5.888952E+00 1.490704E+00 3.495226E-03
5.882183E+00 1.490994E+00 3.453428E-03
5.875430E+00 1.491282E+00 3.412169E-03
5.868693E+00 1.491570E+00 3.371470E-03
5.861971E+00 1.491857E+00 3.331350E-03
5.855264E+00 1.492144E+00 3.291824E-03
5.848572E+00 1.492430E+00 3.252907E-03
5.841896E+00 1.492715E+00 3.214608E-03
5.835235E+00 1.493000E+00 3.176939E-03
5.828589E+00 1.493283E+00 3.139904E-03
5.821955E+00 1.493566E+00 3.103510E-03
5.815340E+00 1.493848E+00 3.067758E-03
5.808739E+00 1.494129E+00 3.032649E-03
5.802154E+00 1.494410E+00 2.998181E-03
5.795583E+00 1.494689E+00 2.964351E-03
5.789027E+00 1.494967E+00 2.931152E-03
5.782486E+00 1.495245E+00 2.898578E-03
5.775960E+00 1.495521E+00 2.866620E-03
5.769448E+00 1.495796E+00 2.835266E-03
5.762951E+00 1.496071E+00 2.804504E-03
5.756469E+00 1.496344E+00 2.774321E-03
5.750001E+00 1.496616E+00 2.744702E-03
5.743545E+00 1.496887E+00 2.715629E-03
5.737106E+00 1.497157E+00 2.687086E-03
5.730682E+00 1.497426E+00 2.659053E-03
5.724272E+00 1.497694E+00 2.631512E-03
5.717877E+00 1.497960E+00 2.604441E-03
5.711495E+00 1.498225E+00 2.577820E-03
5.705128E+00 1.498489E+00 2.551627E-03
5.698775E+00 1.498752E+00 2.525839E-03
5.692437E+00 1.499014E+00 2.500434E-03
5.686112E+00 1.499275E+00 2.475389E-03
5.679801E+00 1.499534E+00 2.450681E-03
5.673505E+00 1.499792E+00 2.426286E-03
5.667222E+00 1.500049E+00 2.402181E-03
5.660950E+00 1.500305E+00 2.378343E-03
5.654695E+00 1.500559E+00 2.354748E-03
5.648454E+00 1.500812E+00 2.331375E-03
5.642226E+00 1.501065E+00 2.308200E-03
5.636013E+00 1.501316E+00 2.285202E-03
5.629813E+00 1.501565E+00 2.262360E-03
5.623626E+00 1.501814E+00 2.239653E-03
5.617454E+00 1.502061E+00 2.217060E-03
5.611294E+00 1.502308E+00 2.194564E-03
5.605149E+00 1.502553E+00 2.172145E-03
5.599016E+00 1.502797E+00 2.149788E-03
5.592897E+00 1.503040E+00 2.127474E-03
5.586792E+00 1.503282E+00 2.105191E-03
5.580697E+00 1.503523E+00 2.082923E-03
5.574618E+00 1.503763E+00 2.060660E-03
5.568552E+00 1.504001E+00 2.038389E-03
5.562499E+00 1.504239E+00 2.016103E-03
5.556460E+00 1.504476E+00 1.993794E-03
5.550434E+00 1.504712E+00 1.971455E-03
5.544421E+00 1.504947E+00 1.949084E-03
5.538420E+00 1.505181E+00 1.926678E-03
5.532433E+00 1.505415E+00 1.904239E-03
5.526459E+00 1.505647E+00 1.881767E-03
5.520497E+00 1.505879E+00 1.859268E-03
5.514549E+00 1.506109E+00 1.836748E-03
5.508610E+00 1.506339E+00 1.814216E-03
5.502687E+00 1.506569E+00 1.791681E-03
5.496777E+00 1.506797E+00 1.769155E-03
5.490879E+00 1.507025E+00 1.746652E-03
5.484994E+00 1.507252E+00 1.724185E-03
5.479122E+00 1.507478E+00 1.701769E-03
5.473262E+00 1.507704E+00 1.679418E-03
5.467415E+00 1.507929E+00 1.657146E-03
5.461580E+00 1.508153E+00 1.634965E-03
5.455758E+00 1.508376E+00 1.612888E-03
5.449948E+00 1.508599E+00 1.590922E-03
5.444150E+00 1.508821E+00 1.569072E-03
5.438365E+00 1.509042E+00 1.547343E-03
5.432589E+00 1.509262E+00 1.525731E-03
5.426828E+00 1.509482E+00 1.504233E-03
5.421080E+00 1.509701E+00 1.482840E-03
5.415343E+00 1.509919E+00 1.461538E-03
5.409619E+00 1.510137E+00 1.440311E-03
5.403907E+00 1.510353E+00 1.419142E-03
5.398207E+00 1.510569E+00 1.398009E-03
5.392519E+00 1.510784E+00 1.376891E-03
5.386843E+00 1.510999E+00 1.355765E-03
5.381178E+00 1.511212E+00 1.334611E-03
5.375526E+00 1.511425E+00 1.313412E-03
5.369886E+00 1.511638E+00 1.292150E-03
5.364257E+00 1.511849E+00 1.270817E-03
5.358638E+00 1.512060E+00 1.249408E-03
5.353032E+00 1.512271E+00 1.227922E-03
5.347439E+00 1.512481E+00 1.206367E-03
5.341858E+00 1.512690E+00 1.184757E-03
5.336288E+00 1.512899E+00 1.163113E-03
5.330729E+00 1.513108E+00 1.141461E-03
5.325182E+00 1.513316E+00 1.119834E-03
5.319647E+00 1.513524E+00 1.098268E-03
5.314123E+00 1.513732E+00 1.076803E-03
5.308611E+00 1.513939E+00 1.055483E-03
5.303110E+00 1.514146E+00 1.034351E-03
5.297620E+00 1.514353E+00 1.013451E-03
5.292139E+00 1.514559E+00 9.928260E-04
5.286672E+00 1.514765E+00 9.725167E-04
5.281217E+00 1.514971E+00 9.525602E-04
5.275773E+00 1.515176E+00 9.329898E-04
5.270339E+00 1.515381E+00 9.138345E-04
5.264917E+00 1.515586E+00 8.951184E-04
5.259507E+00 1.515790E+00 8.768607E-04
5.254107E+00 1.515994E+00 8.590756E-04
5.248718E+00 1.516197E+00 8.417728E-04
5.243341E+00 1.516399E+00 8.249576E-04
5.237974E+00 1.516602E+00 8.086313E-04
5.232619E+00 1.516803E+00 7.927919E-04
5.227274E+00 1.517004E+00 7.774345E-04
5.221938E+00 1.517204E+00 7.625516E-04
5.216615E+00 1.517404E+00 7.481341E-04
5.211303E+00 1.517603E+00 7.341715E-04
5.206001E+00 1.517801E+00 7.206522E-04
5.200711E+00 1.517998E+00 7.075642E-04
5.195431E+00 1.518195E+00 6.948950E-04
5.190162E+00 1.518391E+00 6.826322E-04
5.184904E+00 1.518586E+00 6.707635E-04
5.179656E+00 1.518781E+00 6.592769E-04
5.174419E+00 1.518975E+00 6.481605E-04
5.169193E+00 1.519168E+00 6.374032E-04
5.163977E+00 1.519360E+00 6.269938E-04
5.158769E+00 1.519552E+00 6.169219E-04
5.153574E+00 1.519742E+00 6.071772E-04
5.148389E+00 1.519932E+00 5.977498E-04
5.143215E+00 1.520121E+00 5.886300E-04
5.138052E+00 1.520310E+00 5.798085E-04
5.132898E+00 1.520498E+00 5.712759E-04
5.127755E+00 1.520684E+00 5.630233E-04
5.122623E+00 1.520871E+00 5.550417E-04
5.117500E+00 1.521056E+00 5.473222E-04
5.112388E+00 1.521240E+00 5.398562E-04
5.107286E+00 1.521424E+00 5.326348E-04
5.102194E+00 1.521607E+00 5.256496E-04
5.097113E+00 1.521789E+00 5.188919E-04
5.092039E+00 1.521971E+00 5.123533E-04
5.086977E+00 1.522152E+00 5.060253E-04
5.081926E+00 1.522332E+00 4.998997E-04
5.076884E+00 1.522511E+00 4.939681E-04
5.071853E+00 1.522689E+00 4.882225E-04
5.066832E+00 1.522867E+00 4.826548E-04
5.061820E+00 1.523043E+00 4.772569E-04
5.056818E+00 1.523219E+00 4.720213E-04
5.051827E+00 1.523395E+00 4.669401E-04
5.046845E+00 1.523569E+00 4.620059E-04
5.041873E+00 1.523743E+00 4.572113E-04
5.036910E+00 1.523916E+00 4.525492E-04
5.031958E+00 1.524088E+00 4.480125E-04
5.027013E+00 1.524260E+00 4.435943E-04
5.022080E+00 1.524431E+00 4.392882E-04
5.017156E+00 1.524601E+00 4.350876E-04
5.012242E+00 1.524770E+00 4.309863E-04
5.007338E+00 1.524939E+00 4.269782E-04
5.002444E+00 1.525107E+00 4.230577E-04
4.997559E+00 1.525274E+00 4.192190E-04
4.992683E+00 1.525440E+00 4.154567E-04
4.987817E+00 1.525606E+00 4.117658E-04
4.982961E+00 1.525771E+00 4.081411E-04
4.978114E+00 1.525935E+00 4.045781E-04
4.973276E+00 1.526099E+00 4.010722E-04
4.968445E+00 1.526262E+00 3.976191E-04
4.963627E+00 1.526424E+00 3.942147E-04
4.958817E+00 1.526586E+00 3.908550E-04
4.954017E+00 1.526747E+00 3.875366E-04
4.949226E+00 1.526907E+00 3.842558E-04
4.944444E+00 1.527067E+00 3.810095E-04
4.939672E+00 1.527226E+00 3.777945E-04
4.934909E+00 1.527385E+00 3.746081E-04
4.930155E+00 1.527542E+00 3.714476E-04
4.925410E+00 1.527700E+00 3.683105E-04
4.920674E+00 1.527856E+00 3.651944E-04
4.915947E+00 1.528012E+00 3.620973E-04
4.911230E+00 1.528167E+00 3.590173E-04
4.906519E+00 1.528322E+00 3.559525E-04
4.901819E+00 1.528476E+00 3.529014E-04
4.897128E+00 1.528630E+00 3.498624E-04
4.892447E+00 1.528783E+00 3.468343E-04
4.887774E+00 1.528935E+00 3.438160E-04
4.883111E+00 1.529087E+00 3.408063E-04
4.878456E+00 1.529238E+00 3.378044E-04
4.873810E+00 1.529388E+00 3.348096E-04
4.869173E+00 1.529538E+00 3.318211E-04
4.864544E+00 1.529688E+00 3.288385E-04
4.859925E+00 1.529837E+00 3.258614E-04
4.855314E+00 1.529985E+00 3.228894E-04
4.850712E+00 1.530133E+00 3.199224E-04
4.846116E+00 1.530280E+00 3.169602E-04
4.841532E+00 1.530427E+00 3.140027E-04
4.836956E+00 1.530574E+00 3.110502E-04
4.832389E+00 1.530719E+00 3.081025E-04
4.827830E+00 1.530865E+00 3.051601E-04
4.823280E+00 1.531009E+00 3.022231E-04
4.818738E+00 1.531153E+00 2.992919E-04
4.814205E+00 1.531297E+00 2.963669E-04
4.809681E+00 1.531440E+00 2.934485E-04
4.805165E+00 1.531583E+00 2.905372E-04
4.800657E+00 1.531725E+00 2.876335E-04
4.796158E+00 1.531867E+00 2.847380E-04
4.791666E+00 1.532008E+00 2.818514E-04
4.787183E+00 1.532149E+00 2.789742E-04
4.782710E+00 1.532289E+00 2.761072E-04
4.778244E+00 1.532429E+00 2.732510E-04
4.773787E+00 1.532568E+00 2.704063E-04
4.769338E+00 1.532707E+00 2.675740E-04
4.764898E+00 1.532846E+00 2.647546E-04
4.760465E+00 1.532984E+00 2.619490E-04
4.756041E+00 1.533121E+00 2.591580E-04
4.751625E+00 1.533258E+00 2.563823E-04
4.747218E+00 1.533395E+00 2.536226E-04
4.742818E+00 1.533531E+00 2.508798E-04
4.738427E+00 1.533666E+00 2.481547E-04
4.734042E+00 1.533801E+00 2.454479E-04
4.729666E+00 1.533936E+00 2.427603E-04
4.725299E+00 1.534071E+00 2.400926E-04
4.720940E+00 1.534204E+00 2.374455E-04
4.716590E+00 1.534338E+00 2.348198E-04
4.712247E+00 1.534471E+00 2.322161E-04
4.707912E+00 1.534603E+00 2.296352E-04
4.703585E+00 1.534736E+00 2.270778E-04
4.699266E+00 1.534867E+00 2.245444E-04
4.694955E+00 1.534999E+00 2.220358E-04
4.690652E+00 1.535129E+00 2.195526E-04
4.686356E+00 1.535260E+00 2.170953E-04
4.682067E+00 1.535390E+00 2.146646E-04
4.677787E+00 1.535520E+00 2.122609E-04
4.673515E+00 1.535649E+00 2.098849E-04
4.669251E+00 1.535777E+00 2.075369E-04
4.664995E+00 1.535906E+00 2.052176E-04
4.660747E+00 1.536034E+00 2.029273E-04
4.656506E+00 1.536161E+00 2.006665E-04
4.652273E+00 1.536288E+00 1.984355E-04
4.648048E+00 1.536415E+00 1.962347E-04
4.643830E+00 1.536541E+00 1.940646E-04
4.639620E+00 1.536667E+00 1.919253E-04
4.635417E+00 1.536793E+00 1.898171E-04
4.631223E+00 1.536918E+00 1.877404E-04
4.627033E+00 1.537043E+00 1.856954E-04
4.622854E+00 1.537167E+00 1.836822E-04
4.618682E+00 1.537291E+00 1.817011E-04
4.614517E+00 1.537414E+00 1.797522E-04
4.610360E+00 1.537537E+00 1.778356E-04
4.606210E+00 1.537660E+00 1.759514E-04
4.602068E+00 1.537782E+00 1.740996E-04
4.597934E+00 1.537904E+00 1.722804E-04
4.593806E+00 1.538026E+00 1.704937E-04
4.589687E+00 1.538147E+00 1.687395E-04
4.585574E+00 1.538268E+00 1.670178E-04
4.581469E+00 1.538388E+00 1.653286E-04
4.577371E+00 1.538508E+00 1.636717E-04
4.573279E+00 1.538628E+00 1.620470E-04
4.569196E+00 1.538747E+00 1.604544E-04
4.565120E+00 1.538866E+00 1.588938E-04
4.561051E+00 1.538984E+00 1.573650E-04
4.556990E+00 1.539102E+00 1.558677E-04
4.552936E+00 1.539220E+00 1.544018E-04
4.548889E+00 1.539337E+00 1.529671E-04
4.544849E+00 1.539454E+00 1.515632E-04
4.540817E+00 1.539571E+00 1.501899E-04
4.536791E+00 1.539687E+00 1.488469E-04
4.532773E+00 1.539803E+00 1.475339E-04
4.528762E+00 1.539918E+00 1.462505E-04
4.524756E+00 1.540033E+00 1.449964E-04
4.520759E+00 1.540148E+00 1.437713E-04
4.516769E+00 1.540262E+00 1.425748E-04
4.512786E+00 1.540376E+00 1.414064E-04
4.508810E+00 1.540490E+00 1.402658E-04
4.504841E+00 1.540603E+00 1.391526E-04
4.500879E+00 1.540716E+00 1.380663E-04
4.496925E+00 1.540829E+00 1.370064E-04
4.492977E+00 1.540941E+00 1.359726E-04
4.489036E+00 1.541053E+00 1.349644E-04
4.485101E+00 1.541164E+00 1.339812E-04
4.481174E+00 1.541275E+00 1.330227E-04
4.477254E+00 1.541386E+00 1.320883E-04
4.473338E+00 1.541496E+00 1.311774E-04
4.469432E+00 1.541606E+00 1.302898E-04
4.465532E+00 1.541716E+00 1.294247E-04
4.461639E+00 1.541825E+00 1.285817E-04
4.457752E+00 1.541934E+00 1.277602E-04
4.453873E+00 1.542043E+00 1.269598E-04
4.450000E+00 1.542151E+00 1.261799E-04
4.446134E+00 1.542259E+00 1.254199E-04
4.442275E+00 1.542366E+00 1.246794E-04
4.438422E+00 1.542474E+00 1.239578E-04
4.434576E+00 1.542581E+00 1.232545E-04
4.430737E+00 1.542687E+00 1.225690E-04
4.426904E+00 1.542793E+00 1.219008E-04
4.423076E+00 1.542899E+00 1.212493E-04
4.419257E+00 1.543005E+00 1.206140E-04
4.415444E+00 1.543110E+00 1.199943E-04
4.411638E+00 1.543215E+00 1.193897E-04
4.407838E+00 1.543319E+00 1.187997E-04
4.404045E+00 1.543423E+00 1.182236E-04
4.400258E+00 1.543527E+00 1.176611E-04
4.396478E+00 1.543631E+00 1.171115E-04
4.392704E+00 1.543734E+00 1.165743E-04
4.388937E+00 1.543837E+00 1.160491E-04
4.385176E+00 1.543939E+00 1.155352E-04
4.381422E+00 1.544041E+00 1.150322E-04
4.377672E+00 1.544143E+00 1.145395E-04
4.373931E+00 1.544245E+00 1.140568E-04
4.370196E+00 1.544346E+00 1.135834E-04
4.366467E+00 1.544447E+00 1.131188E-04
4.362745E+00 1.544548E+00 1.126627E-04
4.359029E+00 1.544648E+00 1.122145E-04
4.355319E+00 1.544748E+00 1.117737E-04
4.351616E+00 1.544848E+00 1.113399E-04
4.347919E+00 1.544947E+00 1.109127E-04
4.344228E+00 1.545046E+00 1.104915E-04
4.340543E+00 1.545145E+00 1.100760E-04
4.336865E+00 1.545243E+00 1.096657E-04
4.333193E+00 1.545341E+00 1.092601E-04
4.329525E+00 1.545439E+00 1.088590E-04
4.325866E+00 1.545536E+00 1.084619E-04
4.322212E+00 1.545634E+00 1.080683E-04
4.318565E+00 1.545731E+00 1.076779E-04
4.314924E+00 1.545827E+00 1.072904E-04
4.311289E+00 1.545923E+00 1.069053E-04
4.307660E+00 1.546019E+00 1.065224E-04
4.304037E+00 1.546115E+00 1.061412E-04
4.300420E+00 1.546211E+00 1.057614E-04
4.296810E+00 1.546306E+00 1.053827E-04
4.293205E+00 1.546400E+00 1.050048E-04
4.289607E+00 1.546495E+00 1.046273E-04
4.286014E+00 1.546589E+00 1.042501E-04
4.282426E+00 1.546683E+00 1.038727E-04
4.278846E+00 1.546777E+00 1.034949E-04
4.275271E+00 1.546870E+00 1.031165E-04
4.271702E+00 1.546963E+00 1.027372E-04
4.268140E+00 1.547056E+00 1.023568E-04
4.264583E+00 1.547149E+00 1.019750E-04
4.261033E+00 1.547241E+00 1.015916E-04
4.257488E+00 1.547333E+00 1.012063E-04
4.253949E+00 1.547425E+00 1.008190E-04
4.250416E+00 1.547516E+00 1.004296E-04
4.246889E+00 1.547607E+00 1.000377E-04
4.243367E+00 1.547698E+00 9.964327E-05
4.239850E+00 1.547789E+00 9.924610E-05
4.236340E+00 1.547879E+00 9.884606E-05
4.232836E+00 1.547969E+00 9.844298E-05
4.229338E+00 1.548059E+00 9.803675E-05
4.225846E+00 1.548149E+00 9.762723E-05
4.222360E+00 1.548238E+00 9.721431E-05
4.218879E+00 1.548327E+00 9.679790E-05
4.215404E+00 1.548416E+00 9.637788E-05
4.211934E+00 1.548504E+00 9.595419E-05
4.208471E+00 1.548593E+00 9.552673E-05
4.205013E+00 1.548681E+00 9.509544E-05
4.201561E+00 1.548768E+00 9.466027E-05
4.198114E+00 1.548856E+00 9.422115E-05
4.194671E+00 1.548943E+00 9.377805E-05
4.191236E+00 1.549030E+00 9.333093E-05
4.187806E+00 1.549117E+00 9.287977E-05
4.184382E+00 1.549203E+00 9.242455E-05
4.180964E+00 1.549289E+00 9.196525E-05
4.177551E+00 1.549375E+00 9.150188E-05
4.174144E+00 1.549461E+00 9.103443E-05
4.170742E+00 1.549547E+00 9.056293E-05
4.167346E+00 1.549632E+00 9.008738E-05
4.163955E+00 1.549717E+00 8.960781E-05
4.160570E+00 1.549802E+00 8.912425E-05
4.157190E+00 1.549886E+00 8.863674E-05
4.153814E+00 1.549970E+00 8.814533E-05
4.150445E+00 1.550054E+00 8.765006E-05
4.147082E+00 1.550138E+00 8.715100E-05
4.143724E+00 1.550222E+00 8.664819E-05
4.140372E+00 1.550305E+00 8.614171E-05
4.137025E+00 1.550388E+00 8.563163E-05
4.133683E+00 1.550471E+00 8.511803E-05
4.130347E+00 1.550554E+00 8.460098E-05
4.127016E+00 1.550636E+00 8.408058E-05
4.123691E+00 1.550718E+00 8.355691E-05
4.120371E+00 1.550800E+00 8.303007E-05
4.117056E+00 1.550882E+00 8.250016E-05
4.113747E+00 1.550964E+00 8.196727E-05
4.110441E+00 1.551045E+00 8.143151E-05
4.107142E+00 1.551126E+00 8.089299E-05
4.103849E+00 1.551207E+00 8.035182E-05
4.100561E+00 1.551288E+00 7.980812E-05
4.097278E+00 1.551368E+00 7.926200E-05
4.094000E+00 1.551448E+00 7.871359E-05
4.090727E+00 1.551528E+00 7.816299E-05
4.087460E+00 1.551608E+00 7.761034E-05
4.084198E+00 1.551687E+00 7.705576E-05
4.080941E+00 1.551767E+00 7.649937E-05
4.077690E+00 1.551846E+00 7.594131E-05
4.074443E+00 1.551925E+00 7.538171E-05
4.071202E+00 1.552003E+00 7.482069E-05
4.067964E+00 1.552082E+00 7.425838E-05
4.064733E+00 1.552160E+00 7.369493E-05
4.061507E+00 1.552238E+00 7.313045E-05
4.058287E+00 1.552316E+00 7.256508E-05
4.055071E+00 1.552394E+00 7.199896E-05
4.051861E+00 1.552471E+00 7.143222E-05
4.048655E+00 1.552548E+00 7.086498E-05
4.045455E+00 1.552625E+00 7.029739E-05
4.042259E+00 1.552702E+00 6.972957E-05
4.039069E+00 1.552779E+00 6.916166E-05
4.035884E+00 1.552855E+00 6.859378E-05
4.032704E+00 1.552931E+00 6.802607E-05
4.029527E+00 1.553007E+00 6.745866E-05
4.026357E+00 1.553083E+00 6.689166E-05
4.023191E+00 1.553159E+00 6.632521E-05
4.020031E+00 1.553234E+00 6.575943E-05
4.016876E+00 1.553309E+00 6.519445E-05
4.013725E+00 1.553384E+00 6.463039E-05
4.010580E+00 1.553459E+00 6.406736E-05
4.007439E+00 1.553534E+00 6.350548E-05
4.004304E+00 1.553608E+00 6.294487E-05
4.001173E+00 1.553682E+00 6.238565E-05
3.998047E+00 1.553756E+00 6.182793E-05
3.994926E+00 1.553830E+00 6.127181E-05
3.991810E+00 1.553904E+00 6.071740E-05
3.988698E+00 1.553977E+00 6.016481E-05
3.985591E+00 1.554050E+00 5.961414E-05
3.982490E+00 1.554123E+00 5.906550E-05
3.979393E+00 1.554196E+00 5.851897E-05
3.976301E+00 1.554269E+00 5.797466E-05
3.973214E+00 1.554341E+00 5.743265E-05
3.970132E+00 1.554414E+00 5.689304E-05
3.967054E+00 1.554486E+00 5.635592E-05
3.963982E+00 1.554558E+00 5.582136E-05
3.960914E+00 1.554629E+00 5.528946E-05
3.957850E+00 1.554701E+00 5.476028E-05
3.954792E+00 1.554772E+00 5.423391E-05
3.951738E+00 1.554844E+00 5.371043E-05
3.948688E+00 1.554915E+00 5.318989E-05
3.945643E+00 1.554985E+00 5.267237E-05
3.942604E+00 1.555056E+00 5.215793E-05
3.939569E+00 1.555127E+00 5.164664E-05
3.936538E+00 1.555197E+00 5.113856E-05
3.933513E+00 1.555267E+00 5.063374E-05
3.930492E+00 1.555337E+00 5.013224E-05
3.927475E+00 1.555407E+00 4.963410E-05
3.924463E+00 1.555476E+00 4.913938E-05
3.921456E+00 1.555546E+00 4.864812E-05
3.918454E+00 1.555615E+00 4.816036E-05
3.915456E+00 1.555684E+00 4.767616E-05
3.912461E+00 1.555753E+00 4.719553E-05
3.909472E+00 1.555821E+00 4.671852E-05
3.906488E+00 1.555890E+00 4.624516E-05
3.903508E+00 1.555958E+00 4.577548E-05
3.900533E+00 1.556026E+00 4.530951E-05
3.897563E+00 1.556094E+00 4.484727E-05
3.894597E+00 1.556162E+00 4.438879E-05
3.891635E+00 1.556230E+00 4.393408E-05
3.888678E+00 1.556297E+00 4.348317E-05
3.885725E+00 1.556364E+00 4.303607E-05
3.882777E+00 1.556432E+00 4.259279E-05
3.879834E+00 1.556499E+00 4.215334E-05
3.876895E+00 1.556565E+00 4.171774E-05
3.873958E+00 1.556632E+00 4.128598E-05
3.871028E+00 1.556698E+00 4.085809E-05
3.868102E+00 1.556765E+00 4.043405E-05
3.865181E+00 1.556831E+00 4.001387E-05
3.862264E+00 1.556897E+00 3.959755E-05
3.859351E+00 1.556962E+00 3.918509E-05
3.856443E+00 1.557028E+00 3.877649E-05
3.853539E+00 1.557094E+00 3.837173E-05
3.850640E+00 1.557159E+00 3.797081E-05
3.847745E+00 1.557224E+00 3.757372E-05
3.844854E+00 1.557289E+00 3.718046E-05
3.841968E+00 1.557354E+00 3.679101E-05
3.839085E+00 1.557418E+00 3.640535E-05
3.836206E+00 1.557483E+00 3.602348E-05
3.833333E+00 1.557547E+00 3.564538E-05
3.830464E+00 1.557611E+00 3.527103E-05
3.827599E+00 1.557675E+00 3.490042E-05
3.824738E+00 1.557739E+00 3.453352E-05
3.821882E+00 1.557803E+00 3.417031E-05
3.819030E+00 1.557866E+00 3.381078E-05
3.816182E+00 1.557930E+00 3.345491E-05
3.813339E+00 1.557993E+00 3.310266E-05
3.810499E+00 1.558056E+00 3.275403E-05
3.807664E+00 1.558119E+00 3.240898E-05
3.804833E+00 1.558181E+00 3.206749E-05
3.802005E+00 1.558244E+00 3.172953E-05
3.799183E+00 1.558306E+00 3.139509E-05
3.796365E+00 1.558369E+00 3.106412E-05
3.793550E+00 1.558431E+00 3.073662E-05
3.790741E+00 1.558493E+00 3.041254E-05
3.787935E+00 1.558554E+00 3.009186E-05
3.785133E+00 1.558616E+00 2.977456E-05
3.782336E+00 1.558678E+00 2.946061E-05
3.779542E+00 1.558739E+00 2.914997E-05
3.776753E+00 1.558800E+00 2.884262E-05
3.773968E+00 1.558861E+00 2.853853E-05
3.771187E+00 1.558922E+00 2.823767E-05
3.768410E+00 1.558983E+00 2.794002E-05
3.765636E+00 1.559043E+00 2.764553E-05
3.762867E+00 1.559104E+00 2.735419E-05
3.760102E+00 1.559164E+00 2.706597E-05
3.757342E+00 1.559224E+00 2.678083E-05
3.754585E+00 1.559284E+00 2.649874E-05
3.751833E+00 1.559344E+00 2.621968E-05
3.749084E+00 1.559404E+00 2.594362E-05
3.746340E+00 1.559463E+00 2.567053E-05
3.743599E+00 1.559523E+00 2.540038E-05
3.740863E+00 1.559582E+00 2.513314E-05
3.738131E+00 1.559641E+00 2.486878E-05
3.735402E+00 1.559700E+00 2.460727E-05
3.732676E+00 1.559759E+00 2.434859E-05
3.729956E+00 1.559817E+00 2.409271E-05
3.727239E+00 1.559876E+00 2.383959E-05
3.724527E+00 1.559934E+00 2.358922E-05
3.721818E+00 1.559993E+00 2.334156E-05
3.719113E+00 1.560051E+00 2.309660E-05
3.716412E+00 1.560109E+00 2.285429E-05
3.713716E+00 1.560167E+00 2.261461E-05
3.711023E+00 1.560224E+00 2.237755E-05
3.708334E+00 1.560282E+00 2.214307E-05
3.705648E+00 1.560339E+00 2.191114E-05
3.702967E+00 1.560396E+00 2.168174E-05
3.700290E+00 1.560454E+00 2.145485E-05
3.697615E+00 1.560511E+00 2.123045E-05
3.694945E+00 1.560567E+00 2.100849E-05
3.692280E+00 1.560624E+00 2.078898E-05
3.689618E+00 1.560681E+00 2.057186E-05
3.686959E+00 1.560737E+00 2.035714E-05
3.684305E+00 1.560793E+00 2.014477E-05
3.681655E+00 1.560850E+00 1.993474E-05
3.679008E+00 1.560906E+00 1.972703E-05
3.676365E+00 1.560962E+00 1.952161E-05
3.673726E+00 1.561017E+00 1.931846E-05
3.671091E+00 1.561073E+00 1.911756E-05
3.668459E+00 1.561128E+00 1.891889E-05
3.665832E+00 1.561184E+00 1.872242E-05
3.663206E+00 1.561239E+00 1.852814E-05
3.660586E+00 1.561294E+00 1.833602E-05
3.657970E+00 1.561349E+00 1.814604E-05
3.655357E+00 1.561404E+00 1.795818E-05
3.652748E+00 1.561459E+00 1.777242E-05
3.650143E+00 1.561513E+00 1.758875E-05
3.647541E+00 1.561568E+00 1.740713E-05
3.644943E+00 1.561622E+00 1.722756E-05
3.642349E+00 1.561676E+00 1.705001E-05
3.639759E+00 1.561730E+00 1.687446E-05
3.637172E+00 1.561784E+00 1.670090E-05
3.634589E+00 1.561838E+00 1.652930E-05
3.632008E+00 1.561892E+00 1.635964E-05
3.629432E+00 1.561945E+00 1.619191E-05
3.626860E+00 1.561999E+00 1.602609E-05
3.624291E+00 1.562052E+00 1.586216E-05
3.621727E+00 1.562105E+00 1.570010E-05
3.619165E+00 1.562158E+00 1.553989E-05
3.616608E+00 1.562211E+00 1.538152E-05
3.614054E+00 1.562264E+00 1.522496E-05
3.611503E+00 1.562317E+00 1.507020E-05
3.608957E+00 1.562369E+00 1.491723E-05
3.606413E+00 1.562422E+00 1.476601E-05
3.603874E+00 1.562474E+00 1.461654E-05
3.601338E+00 1.562526E+00 1.446880E-05
3.598804E+00 1.562578E+00 1.432277E-05
3.596275E+00 1.562630E+00 1.417843E-05
3.593750E+00 1.562682E+00 1.403576E-05
3.591228E+00 1.562734E+00 1.389475E-05
3.588709E+00 1.562785E+00 1.375538E-05
3.586195E+00 1.562837E+00 1.361763E-05
3.583683E+00 1.562888E+00 1.348149E-05
3.581176E+00 1.562939E+00 1.334693E-05
3.578672E+00 1.562990E+00 1.321394E-05
3.576171E+00 1.563041E+00 1.308251E-05
3.573674E+00 1.563092E+00 1.295260E-05
3.571180E+00 1.563143E+00 1.282422E-05
3.568690E+00 1.563194E+00 1.269733E-05
3.566202E+00 1.563244E+00 1.257193E-05
3.563718E+00 1.563295E+00 1.244799E-05
3.561238E+00 1.563345E+00 1.232550E-05
3.558762E+00 1.563395E+00 1.220444E-05
3.556289E+00 1.563445E+00 1.208479E-05
3.553819E+00 1.563495E+00 1.196654E-05
3.551353E+00 1.563545E+00 1.184966E-05
3.548891E+00 1.563594E+00 1.173415E-05
3.546431E+00 1.563644E+00 1.161998E-05
3.543975E+00 1.563694E+00 1.150713E-05
3.541523E+00 1.563743E+00 1.139559E-05
3.539074E+00 1.563792E+00 1.128534E-05
3.536627E+00 1.563841E+00 1.117636E-05
3.534185E+00 1.563890E+00 1.106863E-05
3.531746E+00 1.563939E+00 1.096215E-05
3.529310E+00 1.563988E+00 1.085688E-05
3.526878E+00 1.564037E+00 1.075282E-05
3.524449E+00 1.564085E+00 1.064994E-05
3.522023E+00 1.564134E+00 1.054823E-05
3.519601E+00 1.564182E+00 1.044767E-05
3.517182E+00 1.564230E+00 1.034825E-05
3.514767E+00 1.564278E+00 1.024993E-05
3.512355E+00 1.564326E+00 1.015272E-05
3.509946E+00 1.564374E+00 1.005659E-05
3.507540E+00 1.564422E+00 9.961523E-06
3.505136E+00 1.564470E+00 9.867502E-06
3.502737E+00 1.564517E+00 9.774511E-06
3.500342E+00 1.564565E+00 9.682532E-06
3.497949E+00 1.564612E+00 9.591549E-06
3.495560E+00 1.564660E+00 9.501545E-06
3.493174E+00 1.564707E+00 9.412502E-06
3.490791E+00 1.564754E+00 9.324404E-06
3.488412E+00 1.564801E+00 9.237235E-06
3.486036E+00 1.564848E+00 9.150977E-06
3.483663E+00 1.564894E+00 9.065615E-06
3.481293E+00 1.564941E+00 8.981132E-06
3.478926E+00 1.564987E+00 8.897512E-06
3.476563E+00 1.565034E+00 8.814738E-06
3.474202E+00 1.565080E+00 8.732795E-06
3.471845E+00 1.565126E+00 8.651667E-06
3.469491E+00 1.565172E+00 8.571338E-06
3.467141E+00 1.565218E+00 8.491792E-06
3.464793E+00 1.565264E+00 8.413015E-06
3.462449E+00 1.565310E+00 8.334990E-06
3.460108E+00 1.565356E+00 8.257703E-06
3.457770E+00 1.565401E+00 8.181138E-06
3.455436E+00 1.565447E+00 8.105282E-06
3.453104E+00 1.565492E+00 8.030119E-06
3.450776E+00 1.565538E+00 7.955636E-06
3.448451E+00 1.565583E+00 7.881817E-06
3.446127E+00 1.565628E+00 7.808648E-06
3.443808E+00 1.565673E+00 7.736117E-06
3.441493E+00 1.565718E+00 7.664209E-06
3.439180E+00 1.565763E+00 7.592912E-06
3.436870E+00 1.565807E+00 7.522211E-06
3.434564E+00 1.565852E+00 7.452093E-06
3.432260E+00 1.565896E+00 7.382547E-06
3.429960E+00 1.565941E+00 7.313560E-06
3.427663E+00 1.565985E+00 7.245119E-06
3.425368E+00 1.566029E+00 7.177213E-06
3.423077E+00 1.566073E+00 7.109829E-06
3.420789E+00 1.566117E+00 7.042956E-06
3.418504E+00 1.566161E+00 6.976582E-06
3.416221E+00 1.566205E+00 6.910698E-06
3.413942E+00 1.566249E+00 6.845291E-06
3.411666E+00 1.566292E+00 6.780351E-06
3.409393E+00 1.566336E+00 6.715869E-06
3.407124E+00 1.566379E+00 6.651834E-06
3.404857E+00 1.566423E+00 6.588236E-06
3.402593E+00 1.566466E+00 6.525066E-06
3.400332E+00 1.566509E+00 6.462314E-06
3.398075E+00 1.566552E+00 6.399972E-06
3.395820E+00 1.566595E+00 6.338031E-06
3.393568E+00 1.566638E+00 6.276483E-06
3.391319E+00 1.566681E+00 6.215319E-06
3.389072E+00 1.566723E+00 6.154531E-06
3.386829E+00 1.566766E+00 6.094113E-06
3.384590E+00 1.566808E+00 6.034056E-06
3.382353E+00 1.566851E+00 5.974353E-06
3.380119E+00 1.566893E+00 5.914998E-06
3.377888E+00 1.566935E+00 5.855985E-06
3.375660E+00 1.566977E+00 5.797306E-06
3.373434E+00 1.567019E+00 5.738956E-06
3.371212E+00 1.567061E+00 5.680930E-06
3.368993E+00 1.567103E+00 5.623221E-06
3.366777E+00 1.567145E+00 5.565825E-06
3.364563E+00 1.567187E+00 5.508736E-06
3.362353E+00 1.567228E+00 5.451951E-06
3.360144E+00 1.567270E+00 5.395463E-06
3.357939E+00 1.567311E+00 5.339271E-06
3.355737E+00 1.567352E+00 5.283368E-06
3.353538E+00 1.567394E+00 5.227752E-06
3.351342E+00 1.567435E+00 5.172420E-06
3.349149E+00 1.567476E+00 5.117368E-06
3.346959E+00 1.567517E+00 5.062592E-06
3.344771E+00 1.567557E+00 5.008092E-06
3.342587E+00 1.567598E+00 4.953863E-06
3.340405E+00 1.567639E+00 4.899903E-06
3.338226E+00 1.567680E+00 4.846211E-06
3.336050E+00 1.567720E+00 4.792785E-06
3.333877E+00 1.567761E+00 4.739624E-06
3.331705E+00 1.567801E+00 4.686724E-06
3.329538E+00 1.567841E+00 4.634087E-06
3.327373E+00 1.567881E+00 4.581709E-06
3.325211E+00 1.567921E+00 4.529592E-06
3.323052E+00 1.567961E+00 4.477733E-06
3.320895E+00 1.568001E+00 4.426133E-06
3.318742E+00 1.568041E+00 4.374791E-06
3.316591E+00 1.568081E+00 4.323707E-06
3.314443E+00 1.568121E+00 4.272882E-06
3.312298E+00 1.568160E+00 4.222315E-06
3.310156E+00 1.568200E+00 4.172007E-06
3.308016E+00 1.568239E+00 4.121958E-06
3.305878E+00 1.568278E+00 4.072169E-06
3.303744E+00 1.568318E+00 4.022641E-06
3.301613E+00 1.568357E+00 3.973375E-06
3.299484E+00 1.568396E+00 3.924372E-06
3.297358E+00 1.568435E+00 3.875633E-06
3.295235E+00 1.568474E+00 3.827159E-06
3.293115E+00 1.568513E+00 3.778952E-06
3.290997E+00 1.568551E+00 3.731013E-06
3.288882E+00 1.568590E+00 3.683344E-06
3.286770E+00 1.568629E+00 3.635947E-06
3.284660E+00 1.568667E+00 3.588823E-06
3.282553E+00 1.568706E+00 3.541975E-06
3.280449E+00 1.568744E+00 3.495404E-06
3.278347E+00 1.568782E+00 3.449112E-06
3.276248E+00 1.568820E+00 3.403102E-06
3.274152E+00 1.568859E+00 3.357375E-06
3.272059E+00 1.568897E+00 3.311934E-06
3.269968E+00 1.568935E+00 3.266781E-06
3.267880E+00 1.568972E+00 3.221918E-06
3.265795E+00 1.569010E+00 3.177348E-06
3.263712E+00 1.569048E+00 3.133073E-06
3.261632E+00 1.569086E+00 3.089095E-06
3.259554E+00 1.569123E+00 3.045417E-06
3.257480E+00 1.569161E+00 3.002041E-06
3.255408E+00 1.569198E+00 2.958970E-06
3.253338E+00 1.569235E+00 2.916206E-06
3.251270E+00 1.569273E+00 2.873751E-06
3.249206E+00 1.569310E+00 2.831609E-06
3.247144E+00 1.569347E+00 2.789780E-06
3.245085E+00 1.569384E+00 2.748269E-06
3.243029E+00 1.569421E+00 2.707076E-06
3.240975E+00 1.569458E+00 2.666205E-06
3.238924E+00 1.569495E+00 2.625658E-06
3.236876E+00 1.569531E+00 2.585437E-06
3.234830E+00 1.569568E+00 2.545545E-06
3.232786E+00 1.569604E+00 2.505983E-06
3.230745E+00 1.569641E+00 2.466754E-06
3.228707E+00 1.569677E+00 2.427860E-06
3.226670E+00 1.569714E+00 2.389303E-06
3.224637E+00 1.569750E+00 2.351085E-06
3.222607E+00 1.569786E+00 2.313209E-06
3.220579E+00 1.569822E+00 2.275675E-06
3.218553E+00 1.569858E+00 2.238487E-06
3.216530E+00 1.569894E+00 2.201645E-06
3.214510E+00 1.569930E+00 2.165152E-06
3.212492E+00 1.569966E+00 2.129009E-06
3.210477E+00 1.570002E+00 2.093218E-06
3.208464E+00 1.570038E+00 2.057780E-06
3.206454E+00 1.570073E+00 2.022697E-06
3.204446E+00 1.570109E+00 1.987970E-06
3.202441E+00 1.570144E+00 1.953600E-06
3.200437E+00 1.570180E+00 1.919589E-06
3.198437E+00 1.570215E+00 1.885938E-06
3.196439E+00 1.570250E+00 1.852647E-06
3.194444E+00 1.570285E+00 1.819718E-06
3.192452E+00 1.570320E+00 1.787152E-06
3.190461E+00 1.570355E+00 1.754949E-06
3.188474E+00 1.570390E+00 1.723109E-06
3.186488E+00 1.570425E+00 1.691635E-06
3.184505E+00 1.570460E+00 1.660525E-06
3.182525E+00 1.570495E+00 1.629781E-06
3.180547E+00 1.570530E+00 1.599403E-06
3.178572E+00 1.570564E+00 1.569390E-06
3.176599E+00 1.570599E+00 1.539744E-06
3.174627E+00 1.570633E+00 1.510463E-06
3.172659E+00 1.570668E+00 1.481549E-06
3.170694E+00 1.570702E+00 1.453000E-06
3.168730E+00 1.570736E+00 1.424817E-06
3.166770E+00 1.570771E+00 1.396999E-06
3.164811E+00 1.570805E+00 1.369546E-06
3.162855E+00 1.570839E+00 1.342457E-06
3.160902E+00 1.570873E+00 1.315731E-06
3.158951E+00 1.570907E+00 1.289368E-06
3.157002E+00 1.570941E+00 1.263367E-06
3.155056E+00 1.570974E+00 1.237728E-06
3.153112E+00 1.571008E+00 1.212448E-06
3.151169E+00 1.571042E+00 1.187527E-06
3.149230E+00 1.571075E+00 1.162964E-06
3.147294E+00 1.571109E+00 1.138757E-06
3.145359E+00 1.571142E+00 1.114905E-06
3.143427E+00 1.571176E+00 1.091407E-06
3.141498E+00 1.571209E+00 1.068261E-06
3.139571E+00 1.571242E+00 1.045465E-06
3.137646E+00 1.571275E+00 1.023018E-06
3.135723E+00 1.571309E+00 1.000918E-06
3.133803E+00 1.571342E+00 9.791631E-07
3.131885E+00 1.571375E+00 9.577515E-07
3.129970E+00 1.571408E+00 9.366810E-07
3.128057E+00 1.571440E+00 9.159496E-07
3.126145E+00 1.571473E+00 8.955551E-07
3.124237E+00 1.571506E+00 8.754954E-07
3.122330E+00 1.571539E+00 8.557681E-07
3.120427E+00 1.571571E+00 8.363709E-07
3.118525E+00 1.571604E+00 8.173013E-07
3.116626E+00 1.571636E+00 7.985570E-07
3.114729E+00 1.571669E+00 7.801352E-07
3.112835E+00 1.571701E+00 7.620336E-07
3.110942E+00 1.571733E+00 7.442492E-07
3.109053E+00 1.571766E+00 7.267796E-07
3.107165E+00 1.571798E+00 7.096219E-07
3.105280E+00 1.571830E+00 6.927733E-07
3.103396E+00 1.571862E+00 6.762310E-07
3.101515E+00 1.571894E+00 6.599920E-07
3.099636E+00 1.571926E+00 6.440534E-07
3.097760E+00 1.571958E+00 6.284122E-07
3.095886E+00 1.571989E+00 6.130654E-07
3.094014E+00 1.572021E+00 5.980099E-07
3.092145E+00 1.572053E+00 5.832426E-07
3.090278E+00 1.572084E+00 5.687603E-07
3.088413E+00 1.572116E+00 5.545600E-07
3.086550E+00 1.572147E+00 5.406384E-07
3.084690E+00 1.572179E+00 5.269923E-07
3.082832E+00 1.572210E+00 5.136184E-07
3.080976E+00 1.572242E+00 5.005135E-07
3.079121E+00 1.572273E+00 4.876742E-07
3.077270E+00 1.572304E+00 4.750973E-07
3.075420E+00 1.572335E+00 4.627794E-07
3.073573E+00 1.572366E+00 4.507172E-07
3.071729E+00 1.572397E+00 4.389073E-07
3.069886E+00 1.572428E+00 4.273463E-07
3.068046E+00 1.572459E+00 4.160309E-07
3.066207E+00 1.572490E+00 4.049577E-07
3.064371E+00 1.572521E+00 3.941232E-07
3.062538E+00 1.572551E+00 3.835241E-07
3.060706E+00 1.572582E+00 3.731569E-07
3.058877E+00 1.572612E+00 3.630184E-07
3.057049E+00 1.572643E+00 3.531049E-07
3.055223E+00 1.572673E+00 3.434133E-07
3.053401E+00 1.572704E+00 3.339399E-07
3.051580E+00 1.572734E+00 3.246816E-07
3.049761E+00 1.572764E+00 3.156348E-07
3.047945E+00 1.572795E+00 3.067962E-07
3.046131E+00 1.572825E+00 2.981624E-07
3.044319E+00 1.572855E+00 2.897301E-07
3.042509E+00 1.572885E+00 2.814959E-07
3.040701E+00 1.572915E+00 2.734565E-07
3.038896E+00 1.572945E+00 2.656085E-07
3.037092E+00 1.572975E+00 2.579488E-07
3.035291E+00 1.573005E+00 2.504739E-07
3.033491E+00 1.573034E+00 2.431807E-07
3.031694E+00 1.573064E+00 2.360658E-07
3.029899E+00 1.573094E+00 2.291261E-07
3.028106E+00 1.573123E+00 2.223584E-07
3.026316E+00 1.573153E+00 2.157595E-07
3.024527E+00 1.573182E+00 2.093262E-07
3.022741E+00 1.573212E+00 2.030554E-07
3.020956E+00 1.573241E+00 1.969440E-07
3.019174E+00 1.573271E+00 1.909890E-07
3.017394E+00 1.573300E+00 1.851872E-07
3.015616E+00 1.573329E+00 1.795357E-07
3.013840E+00 1.573358E+00 1.740315E-07
3.012066E+00 1.573387E+00 1.686716E-07
3.010294E+00 1.573416E+00 1.634530E-07
3.008524E+00 1.573445E+00 1.583730E-07
3.006756E+00 1.573474E+00 1.534286E-07
3.004991E+00 1.573503E+00 1.486171E-07
3.003228E+00 1.573532E+00 1.439355E-07
3.001466E+00 1.573561E+00 1.393811E-07
2.999707E+00 1.573589E+00 1.349512E-07
2.997950E+00 1.573618E+00 1.306431E-07
2.996195E+00 1.573647E+00 1.264542E-07
2.994441E+00 1.573675E+00 1.223818E-07
2.992690E+00 1.573704E+00 1.184233E-07
2.990941E+00 1.573732E+00 1.145761E-07
2.989194E+00 1.573760E+00 1.108378E-07
2.987449E+00 1.573789E+00 1.072058E-07
2.985706E+00 1.573817E+00 1.036777E-07
2.983965E+00 1.573845E+00 1.002511E-07
2.982226E+00 1.573874E+00 9.692361E-08
2.980489E+00 1.573902E+00 9.369289E-08
2.978754E+00 1.573930E+00 9.055663E-08
2.977022E+00 1.573958E+00 8.751257E-08
2.975291E+00 1.573986E+00 8.455848E-08
2.973562E+00 1.574014E+00 8.169217E-08
2.971835E+00 1.574041E+00 7.891148E-08
2.970111E+00 1.574069E+00 7.621429E-08
2.968388E+00 1.574097E+00 7.359852E-08
2.966666E+00 1.574125E+00 7.106213E-08
2.964948E+00 1.574152E+00 6.860310E-08
2.963231E+00 1.574180E+00 6.621947E-08
2.961516E+00 1.574208E+00 6.390929E-08
2.959803E+00 1.574235E+00 6.167067E-08
2.958092E+00 1.574263E+00 5.950174E-08
2.956384E+00 1.574290E+00 5.740068E-08
2.954677E+00 1.574317E+00 5.536568E-08
2.952972E+00 1.574345E+00 5.339500E-08
2.951269E+00 1.574372E+00 5.148690E-08
2.949568E+00 1.574399E+00 4.963971E-08
2.947869E+00 1.574426E+00 4.785176E-08
2.946172E+00 1.574453E+00 4.612143E-08
2.944476E+00 1.574480E+00 4.444715E-08
2.942783E+00 1.574507E+00 4.282735E-08
2.941092E+00 1.574534E+00 4.126051E-08
2.939402E+00 1.574561E+00 3.974516E-08
2.937715E+00 1.574588E+00 3.827983E-08
2.936030E+00 1.574615E+00 3.686310E-08
2.934346E+00 1.574642E+00 3.549359E-08
2.932665E+00 1.574668E+00 3.416992E-08
2.930985E+00 1.574695E+00 3.289078E-08
2.929308E+00 1.574722E+00 3.165486E-08
2.927632E+00 1.574748E+00 3.046089E-08
2.925958E+00 1.574775E+00 2.930765E-08
2.924286E+00 1.574801E+00 2.819391E-08
2.922615E+00 1.574827E+00 2.711850E-08
2.920947E+00 1.574854E+00 2.608027E-08
2.919281E+00 1.574880E+00 2.507809E-08
2.917617E+00 1.574906E+00 2.411086E-08
2.915954E+00 1.574933E+00 2.317753E-08
2.914294E+00 1.574959E+00 2.227703E-08
2.912635E+00 1.574985E+00 2.140837E-08
2.910978E+00 1.575011E+00 2.057054E-08
2.909324E+00 1.575037E+00 1.976258E-08
2.907671E+00 1.575063E+00 1.898356E-08
2.906020E+00 1.575089E+00 1.823255E-08
2.904370E+00 1.575115E+00 1.750867E-08
2.902722E+00 1.575141E+00 1.681105E-08
2.901077E+00 1.575166E+00 1.613884E-08
2.899433E+00 1.575192E+00 1.549122E-08
2.897791E+00 1.575218E+00 1.486739E-08
2.896152E+00 1.575244E+00 1.426658E-08
2.894514E+00 1.575269E+00 1.368802E-08
2.892877E+00 1.575295E+00 1.313098E-08
2.891243E+00 1.575320E+00 1.259475E-08
2.889611E+00 1.575346E+00 1.207863E-08
2.887980E+00 1.575371E+00 1.158195E-08
2.886351E+00 1.575396E+00 1.110406E-08
2.884724E+00 1.575422E+00 1.064430E-08
2.883099E+00 1.575447E+00 1.020207E-08
2.881475E+00 1.575472E+00 9.776773E-09
2.879853E+00 1.575497E+00 9.367816E-09
2.878234E+00 1.575523E+00 8.974637E-09
2.876616E+00 1.575548E+00 8.596687E-09
2.875000E+00 1.575573E+00 8.233435E-09
2.873386E+00 1.575598E+00 7.884366E-09
2.871773E+00 1.575623E+00 7.548978E-09
2.870163E+00 1.575648E+00 7.226786E-09
2.868554E+00 1.575673E+00 6.917321E-09
2.866947E+00 1.575697E+00 6.620128E-09
2.865342E+00 1.575722E+00 6.334764E-09
2.863738E+00 1.575747E+00 6.060804E-09
2.862136E+00 1.575772E+00 5.797832E-09
2.860536E+00 1.575796E+00 5.545449E-09
2.858938E+00 1.575821E+00 5.303266E-09
2.857342E+00 1.575845E+00 5.070908E-09
2.855748E+00 1.575870E+00 4.848012E-09
2.854155E+00 1.575894E+00 4.634226E-09
2.852564E+00 1.575919E+00 4.429212E-09
2.850975E+00 1.575943E+00 4.232639E-09
2.849388E+00 1.575968E+00 4.044191E-09
2.847802E+00 1.575992E+00 3.863559E-09
2.846218E+00 1.576016E+00 3.690449E-09
2.844636E+00 1.576040E+00 3.524572E-09
2.843056E+00 1.576065E+00 3.365651E-09
2.841477E+00 1.576089E+00 3.213419E-09
2.839900E+00 1.576113E+00 3.067618E-09
2.838325E+00 1.576137E+00 2.927997E-09
2.836751E+00 1.576161E+00 2.794317E-09
2.835180E+00 1.576185E+00 2.666344E-09
2.833610E+00 1.576209E+00 2.543854E-09
2.832042E+00 1.576233E+00 2.426631E-09
2.830476E+00 1.576257E+00 2.314467E-09
2.828911E+00 1.576280E+00 2.207159E-09
2.827348E+00 1.576304E+00 2.104514E-09
2.825787E+00 1.576328E+00 2.006344E-09
2.824228E+00 1.576351E+00 1.912470E-09
2.822670E+00 1.576375E+00 1.822717E-09
2.821113E+00 1.576399E+00 1.736919E-09
2.819559E+00 1.576422E+00 1.654913E-09
2.818006E+00 1.576446E+00 1.576545E-09
2.816456E+00 1.576469E+00 1.501665E-09
2.814906E+00 1.576493E+00 1.430129E-09
2.813359E+00 1.576516E+00 1.361798E-09
2.811813E+00 1.576539E+00 1.296540E-09
2.810269E+00 1.576563E+00 1.234225E-09
2.808727E+00 1.576586E+00 1.174731E-09
2.807186E+00 1.576609E+00 1.117939E-09
2.805647E+00 1.576632E+00 1.063734E-09
2.804110E+00 1.576655E+00 1.012006E-09
2.802574E+00 1.576679E+00 9.626515E-10
2.801040E+00 1.576702E+00 9.155675E-10
2.799507E+00 1.576725E+00 8.706569E-10
2.797977E+00 1.576748E+00 8.278262E-10
2.796448E+00 1.576771E+00 7.869855E-10
2.794921E+00 1.576793E+00 7.480484E-10
2.793395E+00 1.576816E+00 7.109321E-10
2.791871E+00 1.576839E+00 6.755569E-10
2.790349E+00 1.576862E+00 6.418465E-10
2.788829E+00 1.576885E+00 6.097276E-10
2.787310E+00 1.576907E+00 5.791297E-10
2.785792E+00 1.576930E+00 5.499856E-10
2.784277E+00 1.576953E+00 5.222304E-10
2.782762E+00 1.576975E+00 4.958022E-10
2.781250E+00 1.576998E+00 4.706413E-10
2.779739E+00 1.577020E+00 4.466909E-10
2.778230E+00 1.577043E+00 4.238962E-10
2.776723E+00 1.577065E+00 4.022048E-10
2.775217E+00 1.577088E+00 3.815667E-10
2.773713E+00 1.577110E+00 3.619337E-10
2.772210E+00 1.577132E+00 3.432598E-10
2.770709E+00 1.577154E+00 3.255009E-10
2.769210E+00 1.577177E+00 3.086148E-10
2.767713E+00 1.577199E+00 2.925613E-10
2.766217E+00 1.577221E+00 2.773015E-10
2.764722E+00 1.577243E+00 2.627985E-10
2.763229E+00 1.577265E+00 2.490170E-10
2.761737E+00 1.577287E+00 2.359231E-10
2.760248E+00 1.577309E+00 2.234844E-10
2.758760E+00 1.577331E+00 2.116700E-10
2.757274E+00 1.577353E+00 2.004503E-10
2.755789E+00 1.577375E+00 1.897971E-10
2.754306E+00 1.577397E+00 1.796833E-10
2.752824E+00 1.577419E+00 1.700831E-10
2.751344E+00 1.577441E+00 1.609718E-10
2.749866E+00 1.577462E+00 1.523260E-10
2.748389E+00 1.577484E+00 1.441231E-10
2.746914E+00 1.577506E+00 1.363416E-10
2.745440E+00 1.577527E+00 1.289610E-10
2.743968E+00 1.577549E+00 1.219618E-10
2.742497E+00 1.577570E+00 1.153253E-10
2.741028E+00 1.577592E+00 1.090336E-10
2.739561E+00 1.577614E+00 1.030699E-10
2.738095E+00 1.577635E+00 9.741783E-11
2.736631E+00 1.577656E+00 9.206199E-11
2.735168E+00 1.577678E+00 8.698765E-11
2.733707E+00 1.577699E+00 8.218076E-11
2.732248E+00 1.577720E+00 7.762793E-11
2.730790E+00 1.577742E+00 7.331640E-11
2.729334E+00 1.577763E+00 6.923402E-11
2.727879E+00 1.577784E+00 6.536922E-11
2.726425E+00 1.577805E+00 6.171096E-11
2.724973E+00 1.577826E+00 5.824875E-11
2.723523E+00 1.577847E+00 5.497259E-11
2.722074E+00 1.577869E+00 5.187296E-11
2.720627E+00 1.577890E+00 4.894081E-11
2.719182E+00 1.577911E+00 4.616752E-11
2.717738E+00 1.577932E+00 4.354490E-11
2.716295E+00 1.577952E+00 4.106513E-11
2.714854E+00 1.577973E+00 3.872081E-11
2.713415E+00 1.577994E+00 3.650488E-11
2.711977E+00 1.578015E+00 3.441064E-11
2.710541E+00 1.578036E+00 3.243170E-11
2.709106E+00 1.578056E+00 3.056202E-11
2.707672E+00 1.578077E+00 2.879583E-11
2.706240E+00 1.578098E+00 2.712767E-11
2.704810E+00 1.578118E+00 2.555233E-11
2.703381E+00 1.578139E+00 2.406489E-11
2.701953E+00 1.578160E+00 2.266065E-11
2.700528E+00 1.578180E+00 2.133518E-11
2.699103E+00 1.578201E+00 2.008424E-11
2.697681E+00 1.578221E+00 1.890382E-11
2.696259E+00 1.578242E+00 1.779013E-11
2.694840E+00 1.578262E+00 1.673956E-11
2.693421E+00 1.578282E+00 1.574868E-11
2.692005E+00 1.578303E+00 1.481424E-11
2.690589E+00 1.578323E+00 1.393317E-11
2.689175E+00 1.578343E+00 1.310255E-11
2.687762E+00 1.578363E+00 1.231960E-11
2.686352E+00 1.578384E+00 1.158172E-11
2.684942E+00 1.578404E+00 1.088640E-11
2.683534E+00 1.578424E+00 1.023131E-11
2.682128E+00 1.578444E+00 9.614199E-12
2.680723E+00 1.578464E+00 9.032964E-12
2.679319E+00 1.578484E+00 8.485602E-12
2.677917E+00 1.578504E+00 7.970220E-12
2.676517E+00 1.578524E+00 7.485023E-12
2.675118E+00 1.578544E+00 7.028315E-12
2.673720E+00 1.578564E+00 6.598489E-12
2.672323E+00 1.578584E+00 6.194025E-12
2.670929E+00 1.578604E+00 5.813487E-12
2.669536E+00 1.578623E+00 5.455513E-12
2.668144E+00 1.578643E+00 5.118819E-12
2.666753E+00 1.578663E+00 4.802187E-12
2.665365E+00 1.578683E+00 4.504470E-12
2.663977E+00 1.578702E+00 4.224579E-12
2.662591E+00 1.578722E+00 3.961489E-12
2.661207E+00 1.578741E+00 3.714229E-12
2.659823E+00 1.578761E+00 3.481882E-12
2.658442E+00 1.578781E+00 3.263583E-12
2.657062E+00 1.578800E+00 3.058514E-12
2.655682E+00 1.578820E+00 2.865903E-12
2.654305E+00 1.578839E+00 2.685021E-12
2.652929E+00 1.578858E+00 2.515180E-12
2.651554E+00 1.578878E+00 2.355731E-12
2.650181E+00 1.578897E+00 2.206060E-12
2.648809E+00 1.578916E+00 2.065591E-12
2.647439E+00 1.578936E+00 1.933778E-12
2.646070E+00 1.578955E+00 1.810106E-12
2.644703E+00 1.578974E+00 1.694090E-12
2.643337E+00 1.578993E+00 1.585274E-12
2.641972E+00 1.579013E+00 1.483226E-12
2.640609E+00 1.579032E+00 1.387539E-12
2.639247E+00 1.579051E+00 1.297832E-12
2.637886E+00 1.579070E+00 1.213744E-12
2.636527E+00 1.579089E+00 1.134935E-12
2.635170E+00 1.579108E+00 1.061084E-12
2.633814E+00 1.579127E+00 9.918905E-13
2.632459E+00 1.579146E+00 9.270709E-13
2.631105E+00 1.579165E+00 8.663579E-13
2.629753E+00 1.579184E+00 8.095002E-13
2.628403E+00 1.579202E+00 7.562610E-13
2.627054E+00 1.579221E+00 7.064178E-13
2.625706E+00 1.579240E+00 6.597612E-13
2.624359E+00 1.579259E+00 6.160941E-13
2.623014E+00 1.579277E+00 5.752313E-13
2.621670E+00 1.579296E+00 5.369985E-13
2.620327E+00 1.579315E+00 5.012321E-13
2.618986E+00 1.579333E+00 4.677781E-13
2.617647E+00 1.579352E+00 4.364917E-13
2.616309E+00 1.579371E+00 4.072371E-13
2.614972E+00 1.579389E+00 3.798864E-13
2.613636E+00 1.579408E+00 3.543198E-13
2.612302E+00 1.579426E+00 3.304245E-13
2.610969E+00 1.579445E+00 3.080947E-13
2.609638E+00 1.579463E+00 2.872310E-13
2.608308E+00 1.579482E+00 2.677402E-13
2.606979E+00 1.579500E+00 2.495347E-13
2.605652E+00 1.579518E+00 2.325325E-13
2.604325E+00 1.579537E+00 2.166563E-13
2.603001E+00 1.579555E+00 2.018340E-13
2.601677E+00 1.579573E+00 1.879976E-13
2.600356E+00 1.579591E+00 1.750837E-13
2.599035E+00 1.579609E+00 1.630324E-13
2.597716E+00 1.579628E+00 1.517880E-13
2.596398E+00 1.579646E+00 1.412981E-13
2.595081E+00 1.579664E+00 1.315134E-13
2.593766E+00 1.579682E+00 1.223881E-13
2.592452E+00 1.579700E+00 1.138789E-13
2.591139E+00 1.579718E+00 1.059455E-13
2.589828E+00 1.579736E+00 9.855007E-14
2.588518E+00 1.579754E+00 9.165719E-14
2.587209E+00 1.579772E+00 8.523369E-14
2.585902E+00 1.579790E+00 7.924852E-14
2.584596E+00 1.579808E+00 7.367263E-14
2.583291E+00 1.579826E+00 6.847884E-14
2.581988E+00 1.579843E+00 6.364169E-14
2.580686E+00 1.579861E+00 5.913739E-14
2.579385E+00 1.579879E+00 5.494368E-14
2.578086E+00 1.579897E+00 5.103975E-14
2.576788E+00 1.579914E+00 4.740612E-14
2.575491E+00 1.579932E+00 4.402460E-14
2.574195E+00 1.579950E+00 4.087818E-14
2.572901E+00 1.579967E+00 3.795097E-14
2.571608E+00 1.579985E+00 3.522811E-14
2.570316E+00 1.580002E+00 3.269572E-14
2.569026E+00 1.580020E+00 3.034084E-14
2.567737E+00 1.580037E+00 2.815137E-14
2.566449E+00 1.580055E+00 2.611599E-14
2.565163E+00 1.580072E+00 2.422415E-14
2.563878E+00 1.580090E+00 2.246601E-14
2.562594E+00 1.580107E+00 2.083235E-14
2.561311E+00 1.580125E+00 1.931460E-14
2.560030E+00 1.580142E+00 1.790476E-14
2.558750E+00 1.580159E+00 1.659534E-14
2.557471E+00 1.580177E+00 1.537939E-14
2.556194E+00 1.580194E+00 1.425041E-14
2.554917E+00 1.580211E+00 1.320232E-14
2.553642E+00 1.580228E+00 1.222950E-14
2.552369E+00 1.580245E+00 1.132667E-14
2.551097E+00 1.580263E+00 1.048892E-14
2.549826E+00 1.580280E+00 9.711681E-15
2.548556E+00 1.580297E+00 8.990694E-15
2.547287E+00 1.580314E+00 8.321989E-15
2.546020E+00 1.580331E+00 7.701871E-15
2.544754E+00 1.580348E+00 7.126896E-15
2.543489E+00 1.580365E+00 6.593860E-15
2.542226E+00 1.580382E+00 6.099780E-15
2.540964E+00 1.580399E+00 5.641879E-15
2.539703E+00 1.580416E+00 5.217572E-15
2.538442E+00 1.580433E+00 4.824455E-15
2.537184E+00 1.580450E+00 4.460291E-15
2.535926E+00 1.580466E+00 4.122999E-15
2.534670E+00 1.580483E+00 3.810644E-15
2.533416E+00 1.580500E+00 3.521427E-15
2.532162E+00 1.580517E+00 3.253675E-15
2.530910E+00 1.580534E+00 3.005832E-15
2.529659E+00 1.580550E+00 2.776453E-15
2.528409E+00 1.580567E+00 2.564195E-15
2.527161E+00 1.580584E+00 2.367811E-15
2.525913E+00 1.580600E+00 2.186140E-15
2.524667E+00 1.580617E+00 2.018107E-15
2.523422E+00 1.580633E+00 1.862710E-15
2.522178E+00 1.580650E+00 1.719023E-15
2.520936E+00 1.580666E+00 1.586183E-15
2.519695E+00 1.580683E+00 1.463389E-15
2.518455E+00 1.580699E+00 1.349900E-15
2.517216E+00 1.580716E+00 1.245026E-15
2.515978E+00 1.580732E+00 1.148128E-15
2.514742E+00 1.580749E+00 1.058613E-15
2.513507E+00 1.580765E+00 9.759317E-16
2.512273E+00 1.580781E+00 8.995736E-16
2.511040E+00 1.580798E+00 8.290660E-16
2.509809E+00 1.580814E+00 7.639705E-16
2.508579E+00 1.580830E+00 7.038810E-16
2.507349E+00 1.580847E+00 6.484208E-16
2.506121E+00 1.580863E+00 5.972412E-16
2.504895E+00 1.580879E+00 5.500191E-16
2.503669E+00 1.580895E+00 5.064549E-16
2.502445E+00 1.580911E+00 4.662716E-16
2.501222E+00 1.580927E+00 4.292124E-16
2.500000E+00 1.580944E+00 3.950396E-16
