5.117500E+03 2.689327E+00 5.974470E-03
2.558750E+03 2.688923E+00 1.192895E-02
1.705833E+03 2.688252E+00 1.784345E-02
1.279375E+03 2.687317E+00 2.369802E-02
1.023500E+03 2.686123E+00 2.947277E-02
8.529170E+02 2.684674E+00 3.514793E-02
7.310716E+02 2.682979E+00 4.070395E-02
6.396876E+02 2.681046E+00 4.612156E-02
5.686112E+02 2.678885E+00 5.138196E-02
5.117500E+02 2.676509E+00 5.646696E-02
4.652273E+02 2.673930E+00 6.135916E-02
4.264583E+02 2.671164E+00 6.604218E-02
3.936538E+02 2.668228E+00 7.050084E-02
3.655357E+02 2.665140E+00 7.472138E-02
3.411666E+02 2.661918E+00 7.869165E-02
3.198437E+02 2.658583E+00 8.240128E-02
3.010294E+02 2.655157E+00 8.584184E-02
2.843056E+02 2.651662E+00 8.900695E-02
2.693421E+02 2.648119E+00 9.189232E-02
2.558750E+02 2.644551E+00 9.449580E-02
2.436905E+02 2.640980E+00 9.681736E-02
2.326136E+02 2.637429E+00 9.885902E-02
2.225000E+02 2.633918E+00 1.006247E-01
2.132292E+02 2.630467E+00 1.021202E-01
2.047000E+02 2.627097E+00 1.033529E-01
1.968269E+02 2.623824E+00 1.043317E-01
1.895370E+02 2.620666E+00 1.050666E-01
1.827678E+02 2.617638E+00 1.055688E-01
1.764655E+02 2.614753E+00 1.058503E-01
1.705833E+02 2.612025E+00 1.059236E-01
1.650807E+02 2.609464E+00 1.058019E-01
1.599219E+02 2.607079E+00 1.054983E-01
1.550758E+02 2.604879E+00 1.050263E-01
1.505147E+02 2.602871E+00 1.043993E-01
1.462143E+02 2.601059E+00 1.036303E-01
1.421528E+02 2.599450E+00 1.027323E-01
1.383108E+02 2.598045E+00 1.017178E-01
1.346710E+02 2.596849E+00 1.005989E-01
1.312179E+02 2.595862E+00 9.938722E-02
1.279375E+02 2.595086E+00 9.809387E-02
1.248171E+02 2.594522E+00 9.672943E-02
1.218452E+02 2.594169E+00 9.530392E-02
1.190116E+02 2.594027E+00 9.382685E-02
1.163068E+02 2.594097E+00 9.230717E-02
1.137222E+02 2.594375E+00 9.075332E-02
1.112500E+02 2.594862E+00 8.917325E-02
1.088830E+02 2.595557E+00 8.757444E-02
1.066146E+02 2.596457E+00 8.596392E-02
1.044388E+02 2.597561E+00 8.434829E-02
1.023500E+02 2.598867E+00 8.273380E-02
1.003431E+02 2.600375E+00 8.112631E-02
9.841348E+01 2.602083E+00 7.953138E-02
9.655660E+01 2.603989E+00 7.795426E-02
9.476849E+01 2.606092E+00 7.639994E-02
9.304541E+01 2.608390E+00 7.487316E-02
9.138396E+01 2.610883E+00 7.337845E-02
8.978071E+01 2.613569E+00 7.192015E-02
8.823275E+01 2.616448E+00 7.050243E-02
8.673727E+01 2.619518E+00 6.912930E-02
8.529170E+01 2.622779E+00 6.780463E-02
8.389346E+01 2.626230E+00 6.653217E-02
8.254033E+01 2.629871E+00 6.531557E-02
8.123015E+01 2.633702E+00 6.415838E-02
7.996092E+01 2.637721E+00 6.306406E-02
7.873080E+01 2.641929E+00 6.203598E-02
7.753789E+01 2.646327E+00 6.107747E-02
7.638060E+01 2.650914E+00 6.019176E-02
7.525734E+01 2.655690E+00 5.938203E-02
7.416665E+01 2.660657E+00 5.865141E-02
7.310716E+01 2.665814E+00 5.800296E-02
7.207747E+01 2.671163E+00 5.743972E-02
7.107639E+01 2.676705E+00 5.696465E-02
7.010273E+01 2.682442E+00 5.658069E-02
6.915538E+01 2.688374E+00 5.629074E-02
6.823335E+01 2.694503E+00 5.609768E-02
6.733553E+01 2.700833E+00 5.600437E-02
6.646104E+01 2.707365E+00 5.601364E-02
6.560896E+01 2.714102E+00 5.612835E-02
6.477846E+01 2.721047E+00 5.635139E-02
6.396876E+01 2.728204E+00 5.668566E-02
6.317902E+01 2.735577E+00 5.713413E-02
6.240853E+01 2.743171E+00 5.769988E-02
6.165661E+01 2.750991E+00 5.838608E-02
6.092264E+01 2.759042E+00 5.919607E-02
6.020589E+01 2.767332E+00 6.013336E-02
5.950582E+01 2.775867E+00 6.120172E-02
5.882183E+01 2.784655E+00 6.240518E-02
5.815340E+01 2.793705E+00 6.374812E-02
5.750001E+01 2.803026E+00 6.523531E-02
5.686112E+01 2.812630E+00 6.687201E-02
5.623626E+01 2.822527E+00 6.866399E-02
5.562499E+01 2.832731E+00 7.061768E-02
5.502687E+01 2.843255E+00 7.274023E-02
5.444150E+01 2.854115E+00 7.503962E-02
5.386843E+01 2.865327E+00 7.752478E-02
5.330729E+01 2.876909E+00 8.020575E-02
5.275773E+01 2.888881E+00 8.309377E-02
5.221938E+01 2.901265E+00 8.620154E-02
5.169193E+01 2.914083E+00 8.954335E-02
5.117500E+01 2.927362E+00 9.313533E-02
5.066832E+01 2.941130E+00 9.699571E-02
5.017156E+01 2.955415E+00 1.011451E-01
4.968445E+01 2.970252E+00 1.056070E-01
4.920674E+01 2.985676E+00 1.104078E-01
4.873810E+01 3.001727E+00 1.155778E-01
4.827830E+01 3.018448E+00 1.211514E-01
4.782710E+01 3.035884E+00 1.271677E-01
4.738427E+01 3.054088E+00 1.336719E-01
4.694955E+01 3.073115E+00 1.407153E-01
4.652273E+01 3.093027E+00 1.483574E-01
4.610360E+01 3.113891E+00 1.566667E-01
4.569196E+01 3.135780E+00 1.657224E-01
4.528762E+01 3.158776E+00 1.756167E-01
4.489036E+01 3.182968E+00 1.864570E-01
4.450000E+01 3.208452E+00 1.983694E-01
4.411638E+01 3.235335E+00 2.115020E-01
4.373931E+01 3.263733E+00 2.260299E-01
4.336865E+01 3.293772E+00 2.421609E-01
4.300420E+01 3.325589E+00 2.601433E-01
4.264583E+01 3.359331E+00 2.802748E-01
4.229338E+01 3.395151E+00 3.029142E-01
4.194671E+01 3.433208E+00 3.284971E-01
4.160570E+01 3.473662E+00 3.575541E-01
4.127016E+01 3.516658E+00 3.907354E-01
4.094000E+01 3.562319E+00 4.288413E-01
4.061507E+01 3.610710E+00 4.728606E-01
4.029527E+01 3.661802E+00 5.240179E-01
3.998047E+01 3.715398E+00 5.838296E-01
3.967054E+01 3.771030E+00 6.541662E-01
3.936538E+01 3.827792E+00 7.373112E-01
3.906488E+01 3.884081E+00 8.359938E-01
3.876895E+01 3.937226E+00 9.533454E-01
3.847745E+01 3.982964E+00 1.092681E+00
3.819030E+01 4.014799E+00 1.256935E+00
3.790741E+01 4.023416E+00 1.447503E+00
3.762867E+01 3.996624E+00 1.662267E+00
3.735402E+01 3.920726E+00 1.892979E+00
3.708334E+01 3.784283E+00 2.123187E+00
3.681655E+01 3.583970E+00 2.329158E+00
3.655357E+01 3.329409E+00 2.485760E+00
3.629432E+01 3.042382E+00 2.575318E+00
3.603874E+01 2.749560E+00 2.593485E+00
3.578672E+01 2.473795E+00 2.548177E+00
3.553819E+01 2.229461E+00 2.453789E+00
3.529310E+01 2.022694E+00 2.325452E+00
3.505136E+01 1.854064E+00 2.175853E+00
3.481293E+01 1.721322E+00 2.014414E+00
3.457770E+01 1.621294E+00 1.847751E+00
3.434564E+01 1.550878E+00 1.680530E+00
3.411666E+01 1.507391E+00 1.516317E+00
3.389072E+01 1.488477E+00 1.358235E+00
3.366777E+01 1.491742E+00 1.209309E+00
3.344771E+01 1.514314E+00 1.072431E+00
3.323052E+01 1.552613E+00 9.499461E-01
3.301613E+01 1.602554E+00 8.431555E-01
3.280449E+01 1.660094E+00 7.520941E-01
3.259554E+01 1.721786E+00 6.757330E-01
3.238924E+01 1.785056E+00 6.124234E-01
3.218553E+01 1.848185E+00 5.603235E-01
3.198437E+01 1.910144E+00 5.176773E-01
3.178572E+01 1.970393E+00 4.829468E-01
3.158951E+01 2.028709E+00 4.548483E-01
3.139571E+01 2.085069E+00 4.323394E-01
3.120427E+01 2.139564E+00 4.145872E-01
3.101515E+01 2.192351E+00 4.009338E-01
3.082832E+01 2.243618E+00 3.908643E-01
3.064371E+01 2.293570E+00 3.839800E-01
3.046131E+01 2.342410E+00 3.799771E-01
3.028106E+01 2.390339E+00 3.786308E-01
3.010294E+01 2.437552E+00 3.797821E-01
2.992690E+01 2.484234E+00 3.833293E-01
2.975291E+01 2.530559E+00 3.892212E-01
2.958092E+01 2.576693E+00 3.974527E-01
2.941092E+01 2.622791E+00 4.080627E-01
2.924286E+01 2.668997E+00 4.211329E-01
2.907671E+01 2.715444E+00 4.367887E-01
2.891243E+01 2.762248E+00 4.552012E-01
2.875000E+01 2.809511E+00 4.765903E-01
2.858938E+01 2.857314E+00 5.012291E-01
2.843056E+01 2.905708E+00 5.294502E-01
2.827348E+01 2.954709E+00 5.616520E-01
2.811813E+01 3.004281E+00 5.983068E-01
2.796448E+01 3.054324E+00 6.399686E-01
2.781250E+01 3.104643E+00 6.872812E-01
2.766217E+01 3.154923E+00 7.409835E-01
2.751344E+01 3.204680E+00 8.019104E-01
2.736631E+01 3.253213E+00 8.709844E-01
2.722074E+01 3.299525E+00 9.491914E-01
2.707672E+01 3.342251E+00 1.037530E+00
2.693421E+01 3.379557E+00 1.136920E+00
2.679319E+01 3.409058E+00 1.248056E+00
2.665365E+01 3.427756E+00 1.371182E+00
2.651554E+01 3.432069E+00 1.505787E+00
2.637886E+01 3.417987E+00 1.650237E+00
2.624359E+01 3.381465E+00 1.801410E+00
2.610969E+01 3.319055E+00 1.954473E+00
2.597716E+01 3.228741E+00 2.102994E+00
2.584596E+01 3.110766E+00 2.239533E+00
2.571608E+01 2.968107E+00 2.356714E+00
2.558750E+01 2.806307E+00 2.448497E+00
2.546020E+01 2.632623E+00 2.511216E+00
2.533416E+01 2.454776E+00 2.543984E+00
2.520936E+01 2.279753E+00 2.548410E+00
2.508579E+01 2.113037E+00 2.527830E+00
2.496342E+01 1.958341E+00 2.486433E+00
2.484223E+01 1.817757E+00 2.428520E+00
2.472222E+01 1.692108E+00 2.358026E+00
2.460336E+01 1.581347E+00 2.278290E+00
2.448565E+01 1.484903E+00 2.191998E+00
2.436905E+01 1.401953E+00 2.101226E+00
2.425355E+01 1.331599E+00 2.007543E+00
2.413915E+01 1.272996E+00 1.912113E+00
2.402582E+01 1.225410E+00 1.815807E+00
2.391355E+01 1.188263E+00 1.719298E+00
2.380233E+01 1.161142E+00 1.623154E+00
2.369213E+01 1.143791E+00 1.527920E+00
2.358295E+01 1.136080E+00 1.434196E+00
2.347477E+01 1.137958E+00 1.342705E+00
2.336758E+01 1.149362E+00 1.254343E+00
2.326136E+01 1.170113E+00 1.170190E+00
2.315611E+01 1.199797E+00 1.091465E+00
2.305180E+01 1.237677E+00 1.019416E+00
2.294843E+01 1.282673E+00 9.551621E-01
2.284598E+01 1.333433E+00 8.995487E-01
2.274444E+01 1.388465E+00 8.530666E-01
2.264380E+01 1.446283E+00 8.158505E-01
2.254405E+01 1.505505E+00 7.877402E-01
2.244518E+01 1.564904E+00 7.683561E-01
2.234716E+01 1.623409E+00 7.571533E-01
2.225000E+01 1.680114E+00 7.534415E-01
2.215368E+01 1.734304E+00 7.563853E-01
2.205819E+01 1.785531E+00 7.650211E-01
2.196352E+01 1.833717E+00 7.783401E-01
2.186966E+01 1.879226E+00 7.954695E-01
2.177660E+01 1.922811E+00 8.159252E-01
2.168432E+01 1.965391E+00 8.398355E-01
2.159282E+01 2.007704E+00 8.680078E-01
2.150210E+01 2.049958E+00 9.017836E-01
2.141213E+01 2.091621E+00 9.427427E-01
2.132292E+01 2.131381E+00 9.923741E-01
2.123444E+01 2.167214E+00 1.051795E+00
2.114669E+01 2.196516E+00 1.121525E+00
2.105967E+01 2.216262E+00 1.201284E+00
2.097336E+01 2.223237E+00 1.289786E+00
2.088775E+01 2.214380E+00 1.384581E+00
2.080284E+01 2.187265E+00 1.482010E+00
2.071863E+01 2.140656E+00 1.577414E+00
2.063508E+01 2.074979E+00 1.665653E+00
2.055221E+01 1.992488E+00 1.741876E+00
2.047000E+01 1.896997E+00 1.802317E+00
2.038844E+01 1.793235E+00 1.844844E+00
2.030754E+01 1.686034E+00 1.869080E+00
2.022727E+01 1.579650E+00 1.876124E+00
2.014764E+01 1.477358E+00 1.868052E+00
2.006863E+01 1.381362E+00 1.847390E+00
1.999023E+01 1.292906E+00 1.816703E+00
1.991245E+01 1.212486E+00 1.778332E+00
1.983527E+01 1.140085E+00 1.734276E+00
1.975869E+01 1.075358E+00 1.686155E+00
1.968269E+01 1.017788E+00 1.635242E+00
1.960728E+01 9.667835E-01 1.582505E+00
1.953244E+01 9.217434E-01 1.528667E+00
1.945818E+01 8.820961E-01 1.474258E+00
1.938447E+01 8.473201E-01 1.419653E+00
1.931132E+01 8.169530E-01 1.365118E+00
1.923872E+01 7.905944E-01 1.310833E+00
1.916667E+01 7.679043E-01 1.256918E+00
1.909515E+01 7.485999E-01 1.203450E+00
1.902416E+01 7.324515E-01 1.150477E+00
1.895370E+01 7.192777E-01 1.098032E+00
1.888377E+01 7.089412E-01 1.046140E+00
1.881434E+01 7.013437E-01 9.948308E-01
1.874542E+01 6.964202E-01 9.441435E-01
1.867701E+01 6.941333E-01 8.941363E-01
1.860909E+01 6.944646E-01 8.448931E-01
1.854167E+01 6.974053E-01 7.965296E-01
1.847473E+01 7.029428E-01 7.491970E-01
1.840827E+01 7.110469E-01 7.030819E-01
1.834229E+01 7.216534E-01 6.584011E-01
1.827678E+01 7.346504E-01 6.153893E-01
1.821175E+01 7.498686E-01 5.742815E-01
1.814716E+01 7.670804E-01 5.352905E-01
1.808304E+01 7.860074E-01 4.985863E-01
1.801937E+01 8.063378E-01 4.642793E-01
1.795614E+01 8.277476E-01 4.324132E-01
1.789336E+01 8.499222E-01 4.029667E-01
1.783101E+01 8.725737E-01 3.758632E-01
1.776910E+01 8.954520E-01 3.509845E-01
1.770761E+01 9.183495E-01 3.281854E-01
1.764655E+01 9.411008E-01 3.073065E-01
1.758591E+01 9.635792E-01 2.881849E-01
1.752569E+01 9.856913E-01 2.706612E-01
1.746587E+01 1.007371E+00 2.545843E-01
1.740646E+01 1.028575E+00 2.398140E-01
1.734746E+01 1.049276E+00 2.262227E-01
1.728885E+01 1.069460E+00 2.136945E-01
1.723064E+01 1.089125E+00 2.021259E-01
1.717282E+01 1.108274E+00 1.914243E-01
1.711538E+01 1.126916E+00 1.815071E-01
1.705833E+01 1.145064E+00 1.723010E-01
1.700166E+01 1.162733E+00 1.637409E-01
1.694536E+01 1.179939E+00 1.557688E-01
1.688944E+01 1.196700E+00 1.483331E-01
1.683388E+01 1.213035E+00 1.413879E-01
1.677869E+01 1.228961E+00 1.348921E-01
1.672386E+01 1.244497E+00 1.288092E-01
1.666938E+01 1.259660E+00 1.231062E-01
1.661526E+01 1.274468E+00 1.177537E-01
1.656149E+01 1.288937E+00 1.127253E-01
1.650807E+01 1.303084E+00 1.079970E-01
1.645498E+01 1.316924E+00 1.035474E-01
1.640224E+01 1.330471E+00 9.935693E-02
1.634984E+01 1.343740E+00 9.540799E-02
1.629777E+01 1.356745E+00 9.168454E-02
1.624603E+01 1.369498E+00 8.817200E-02
1.619462E+01 1.382011E+00 8.485707E-02
1.614353E+01 1.394297E+00 8.172762E-02
1.609277E+01 1.406367E+00 7.877255E-02
1.604232E+01 1.418232E+00 7.598171E-02
1.599219E+01 1.429901E+00 7.334578E-02
1.594237E+01 1.441385E+00 7.085617E-02
1.589286E+01 1.452694E+00 6.850501E-02
1.584365E+01 1.463835E+00 6.628504E-02
1.579475E+01 1.474818E+00 6.418956E-02
1.574615E+01 1.485651E+00 6.221237E-02
1.569785E+01 1.496343E+00 6.034777E-02
1.564985E+01 1.506900E+00 5.859044E-02
1.560213E+01 1.517330E+00 5.693550E-02
1.555471E+01 1.527641E+00 5.537839E-02
1.550758E+01 1.537839E+00 5.391489E-02
1.546072E+01 1.547931E+00 5.254110E-02
1.541416E+01 1.557924E+00 5.125338E-02
1.536787E+01 1.567823E+00 5.004836E-02
1.532186E+01 1.577635E+00 4.892291E-02
1.527612E+01 1.587366E+00 4.787412E-02
1.523065E+01 1.597022E+00 4.689930E-02
1.518546E+01 1.606608E+00 4.599594E-02
1.514053E+01 1.616130E+00 4.516172E-02
1.509587E+01 1.625593E+00 4.439452E-02
1.505147E+01 1.635003E+00 4.369234E-02
1.500733E+01 1.644366E+00 4.305337E-02
1.496345E+01 1.653686E+00 4.247592E-02
1.491983E+01 1.662968E+00 4.195848E-02
1.487645E+01 1.672218E+00 4.149963E-02
1.483333E+01 1.681441E+00 4.109811E-02
1.479046E+01 1.690642E+00 4.075278E-02
1.474784E+01 1.699826E+00 4.046262E-02
1.470546E+01 1.708997E+00 4.022672E-02
1.466332E+01 1.718162E+00 4.004431E-02
1.462143E+01 1.727325E+00 3.991470E-02
1.457977E+01 1.736490E+00 3.983734E-02
1.453835E+01 1.745665E+00 3.981179E-02
1.449717E+01 1.754852E+00 3.983770E-02
1.445622E+01 1.764059E+00 3.991486E-02
1.441549E+01 1.773289E+00 4.004314E-02
1.437500E+01 1.782548E+00 4.022255E-02
1.433473E+01 1.791842E+00 4.045321E-02
1.429469E+01 1.801177E+00 4.073534E-02
1.425487E+01 1.810557E+00 4.106930E-02
1.421528E+01 1.819989E+00 4.145555E-02
1.417590E+01 1.829478E+00 4.189470E-02
1.413674E+01 1.839031E+00 4.238747E-02
1.409780E+01 1.848654E+00 4.293473E-02
1.405907E+01 1.858352E+00 4.353749E-02
1.402055E+01 1.868133E+00 4.419689E-02
1.398224E+01 1.878003E+00 4.491425E-02
1.394414E+01 1.887970E+00 4.569104E-02
1.390625E+01 1.898040E+00 4.652891E-02
1.386856E+01 1.908221E+00 4.742969E-02
1.383108E+01 1.918521E+00 4.839541E-02
1.379380E+01 1.928947E+00 4.942829E-02
1.375672E+01 1.939508E+00 5.053079E-02
1.371984E+01 1.950213E+00 5.170562E-02
1.368316E+01 1.961070E+00 5.295571E-02
1.364667E+01 1.972090E+00 5.428429E-02
1.361037E+01 1.983281E+00 5.569490E-02
1.357427E+01 1.994655E+00 5.719136E-02
1.353836E+01 2.006223E+00 5.877789E-02
1.350264E+01 2.017995E+00 6.045904E-02
1.346710E+01 2.029983E+00 6.223980E-02
1.343176E+01 2.042201E+00 6.412562E-02
1.339660E+01 2.054661E+00 6.612240E-02
1.336162E+01 2.067377E+00 6.823663E-02
1.332682E+01 2.080365E+00 7.047535E-02
1.329221E+01 2.093639E+00 7.284627E-02
1.325777E+01 2.107217E+00 7.535780E-02
1.322351E+01 2.121115E+00 7.801917E-02
1.318943E+01 2.135353E+00 8.084045E-02
1.315553E+01 2.149950E+00 8.383270E-02
1.312179E+01 2.164927E+00 8.700804E-02
1.308824E+01 2.180306E+00 9.037981E-02
1.305485E+01 2.196112E+00 9.396268E-02
1.302163E+01 2.212370E+00 9.777280E-02
1.298858E+01 2.229106E+00 1.018280E-01
1.295570E+01 2.246351E+00 1.061480E-01
1.292298E+01 2.264135E+00 1.107547E-01
1.289043E+01 2.282491E+00 1.156723E-01
1.285804E+01 2.301456E+00 1.209277E-01
1.282581E+01 2.321068E+00 1.265509E-01
1.279375E+01 2.341369E+00 1.325755E-01
1.276185E+01 2.362403E+00 1.390389E-01
1.273010E+01 2.384218E+00 1.459832E-01
1.269851E+01 2.406867E+00 1.534557E-01
1.266708E+01 2.430405E+00 1.615098E-01
1.263580E+01 2.454894E+00 1.702056E-01
1.260468E+01 2.480398E+00 1.796116E-01
1.257371E+01 2.506988E+00 1.898055E-01
1.254289E+01 2.534742E+00 2.008759E-01
1.251222E+01 2.563741E+00 2.129242E-01
1.248171E+01 2.594075E+00 2.260670E-01
1.245134E+01 2.625840E+00 2.404383E-01
1.242112E+01 2.659140E+00 2.561934E-01
1.239104E+01 2.694084E+00 2.735122E-01
1.236111E+01 2.730791E+00 2.926046E-01
1.233133E+01 2.769385E+00 3.137156E-01
1.230168E+01 2.809996E+00 3.371334E-01
1.227218E+01 2.852757E+00 3.631970E-01
1.224282E+01 2.897801E+00 3.923079E-01
1.221360E+01 2.945255E+00 4.249426E-01
1.218452E+01 2.995235E+00 4.616684E-01
1.215558E+01 3.047828E+00 5.031630E-01
1.212678E+01 3.103075E+00 5.502372E-01
1.209811E+01 3.160943E+00 6.038615E-01
1.206957E+01 3.221285E+00 6.651965E-01
1.204118E+01 3.283773E+00 7.356232E-01
1.201291E+01 3.347811E+00 8.167715E-01
1.198478E+01 3.412410E+00 9.105338E-01
1.195678E+01 3.476010E+00 1.019048E+00
1.192890E+01 3.536244E+00 1.144618E+00
1.190116E+01 3.589657E+00 1.289511E+00
1.187355E+01 3.631396E+00 1.455574E+00
1.184606E+01 3.654995E+00 1.643562E+00
1.181871E+01 3.652452E+00 1.852151E+00
1.179148E+01 3.614919E+00 2.076730E+00
1.176437E+01 3.534320E+00 2.308407E+00
1.173739E+01 3.405860E+00 2.534014E+00
1.171053E+01 3.230613E+00 2.737899E+00
1.168379E+01 3.016693E+00 2.905452E+00
1.165718E+01 2.777840E+00 3.026920E+00
1.163068E+01 2.529881E+00 3.099495E+00
1.160431E+01 2.286935E+00 3.126749E+00
1.157805E+01 2.059108E+00 3.116268E+00
1.155192E+01 1.852077E+00 3.076999E+00
1.152590E+01 1.667910E+00 3.017374E+00
1.150000E+01 1.506265E+00 2.944388E+00
1.147422E+01 1.365467E+00 2.863392E+00
1.144855E+01 1.243262E+00 2.778258E+00
1.142299E+01 1.137274E+00 2.691669E+00
1.139755E+01 1.045251E+00 2.605418E+00
1.137222E+01 9.651767E-01 2.520660E+00
1.134701E+01 8.952962E-01 2.438102E+00
1.132190E+01 8.341151E-01 2.358146E+00
1.129691E+01 7.803721E-01 2.280989E+00
1.127203E+01 7.330087E-01 2.206691E+00
1.124725E+01 6.911387E-01 2.135227E+00
1.122259E+01 6.540203E-01 2.066515E+00
1.119803E+01 6.210315E-01 2.000440E+00
1.117358E+01 5.916502E-01 1.936870E+00
1.114924E+01 5.654366E-01 1.875666E+00
1.112500E+01 5.420192E-01 1.816685E+00
1.110087E+01 5.210834E-01 1.759789E+00
1.107684E+01 5.023618E-01 1.704843E+00
1.105292E+01 4.856266E-01 1.651720E+00
1.102910E+01 4.706830E-01 1.600301E+00
1.100538E+01 4.573644E-01 1.550472E+00
1.098176E+01 4.455273E-01 1.502129E+00
1.095824E+01 4.350487E-01 1.455175E+00
1.093483E+01 4.258226E-01 1.409521E+00
1.091151E+01 4.177575E-01 1.365083E+00
1.088830E+01 4.107747E-01 1.321784E+00
1.086518E+01 4.048066E-01 1.279555E+00
1.084216E+01 3.997949E-01 1.238331E+00
1.081924E+01 3.956901E-01 1.198052E+00
1.079641E+01 3.924499E-01 1.158664E+00
1.077368E+01 3.900387E-01 1.120118E+00
1.075105E+01 3.884271E-01 1.082368E+00
1.072851E+01 3.875908E-01 1.045375E+00
1.070607E+01 3.875107E-01 1.009102E+00
1.068372E+01 3.881722E-01 9.735177E-01
1.066146E+01 3.895648E-01 9.385945E-01
1.063929E+01 3.916817E-01 9.043097E-01
1.061722E+01 3.945196E-01 8.706456E-01
1.059524E+01 3.980782E-01 8.375891E-01
1.057335E+01 4.023597E-01 8.051328E-01
1.055155E+01 4.073679E-01 7.732749E-01
1.052983E+01 4.131079E-01 7.420202E-01
1.050821E+01 4.195848E-01 7.113797E-01
1.048668E+01 4.268024E-01 6.813716E-01
1.046524E+01 4.347620E-01 6.520209E-01
1.044388E+01 4.434606E-01 6.233593E-01
1.042261E+01 4.528890E-01 5.954243E-01
1.040142E+01 4.630306E-01 5.682585E-01
1.038032E+01 4.738592E-01 5.419068E-01
1.035931E+01 4.853384E-01 5.164149E-01
1.033838E+01 4.974212E-01 4.918261E-01
1.031754E+01 5.100507E-01 4.681784E-01
1.029678E+01 5.231614E-01 4.455018E-01
1.027610E+01 5.366814E-01 4.238164E-01
1.025551E+01 5.505355E-01 4.031307E-01
1.023500E+01 5.646482E-01 3.834419E-01
1.021457E+01 5.789465E-01 3.647359E-01
1.019422E+01 5.933620E-01 3.469889E-01
1.017396E+01 6.078332E-01 3.301696E-01
1.015377E+01 6.223058E-01 3.142407E-01
1.013366E+01 6.367337E-01 2.991615E-01
1.011364E+01 6.510781E-01 2.848894E-01
1.009369E+01 6.653077E-01 2.713813E-01
1.007382E+01 6.793972E-01 2.585953E-01
1.005403E+01 6.933268E-01 2.464909E-01
1.003431E+01 7.070811E-01 2.350299E-01
1.001468E+01 7.206483E-01 2.241763E-01
9.995112E+00 7.340194E-01 2.138969E-01
9.975630E+00 7.471876E-01 2.041606E-01
9.956222E+00 7.601479E-01 1.949390E-01
9.936891E+00 7.728962E-01 1.862053E-01
9.917634E+00 7.854297E-01 1.779350E-01
9.898452E+00 7.977459E-01 1.701050E-01
9.879344E+00 8.098432E-01 1.626936E-01
9.860309E+00 8.217200E-01 1.556804E-01
9.841348E+00 8.333753E-01 1.490461E-01
9.822459E+00 8.448083E-01 1.427723E-01
9.803643E+00 8.560185E-01 1.368412E-01
9.784899E+00 8.670057E-01 1.312359E-01
9.766226E+00 8.777699E-01 1.259401E-01
9.747615E+00 8.883116E-01 1.209379E-01
9.729084E+00 8.986315E-01 1.162141E-01
9.710623E+00 9.087306E-01 1.117538E-01
9.692233E+00 9.186103E-01 1.075430E-01
9.673912E+00 9.282724E-01 1.035677E-01
9.655660E+00 9.377190E-01 9.981463E-02
9.637477E+00 9.469524E-01 9.627106E-02
9.619362E+00 9.559754E-01 9.292464E-02
9.601315E+00 9.647912E-01 8.976358E-02
9.583336E+00 9.734029E-01 8.677657E-02
9.565424E+00 9.818142E-01 8.395283E-02
9.547578E+00 9.900289E-01 8.128211E-02
9.529800E+00 9.980511E-01 7.875463E-02
9.512078E+00 1.005885E+00 7.636116E-02
9.494431E+00 1.013535E+00 7.409295E-02
9.476849E+00 1.021005E+00 7.194178E-02
9.459333E+00 1.028301E+00 6.989989E-02
9.441881E+00 1.035426E+00 6.795999E-02
9.424493E+00 1.042385E+00 6.611527E-02
9.407170E+00 1.049183E+00 6.435936E-02
9.389909E+00 1.055825E+00 6.268631E-02
9.372712E+00 1.062316E+00 6.109057E-02
9.355578E+00 1.068659E+00 5.956700E-02
9.338507E+00 1.074859E+00 5.811082E-02
9.321498E+00 1.080922E+00 5.671758E-02
9.304541E+00 1.086850E+00 5.538319E-02
9.287655E+00 1.092649E+00 5.410384E-02
9.270831E+00 1.098323E+00 5.287602E-02
9.254067E+00 1.103875E+00 5.169649E-02
9.237363E+00 1.109310E+00 5.056226E-02
9.220720E+00 1.114631E+00 4.947057E-02
9.204137E+00 1.119842E+00 4.841888E-02
9.187613E+00 1.124947E+00 4.740483E-02
9.171148E+00 1.129949E+00 4.642626E-02
9.154743E+00 1.134851E+00 4.548117E-02
9.138396E+00 1.139657E+00 4.456772E-02
9.122107E+00 1.144369E+00 4.368420E-02
9.105876E+00 1.148991E+00 4.282905E-02
9.089694E+00 1.153525E+00 4.200080E-02
9.073579E+00 1.157974E+00 4.119811E-02
9.057520E+00 1.162341E+00 4.041972E-02
9.041518E+00 1.166628E+00 3.966447E-02
9.025572E+00 1.170837E+00 3.893129E-02
9.009683E+00 1.174971E+00 3.821917E-02
8.993849E+00 1.179032E+00 3.752717E-02
8.978071E+00 1.183022E+00 3.685442E-02
8.962348E+00 1.186943E+00 3.620009E-02
8.946680E+00 1.190797E+00 3.556343E-02
8.931067E+00 1.194587E+00 3.494370E-02
8.915509E+00 1.198312E+00 3.434023E-02
8.899996E+00 1.201977E+00 3.375239E-02
8.884545E+00 1.205581E+00 3.317957E-02
8.869148E+00 1.209127E+00 3.262121E-02
8.853804E+00 1.212616E+00 3.207677E-02
8.838513E+00 1.216050E+00 3.154574E-02
8.823275E+00 1.219430E+00 3.102764E-02
8.808089E+00 1.222758E+00 3.052201E-02
8.792956E+00 1.226034E+00 3.002841E-02
8.777874E+00 1.229261E+00 2.954644E-02
8.762844E+00 1.232438E+00 2.907570E-02
8.747866E+00 1.235568E+00 2.861581E-02
8.732938E+00 1.238652E+00 2.816642E-02
8.718061E+00 1.241691E+00 2.772718E-02
8.703228E+00 1.244685E+00 2.729776E-02
8.688452E+00 1.247636E+00 2.687786E-02
8.673727E+00 1.250545E+00 2.646717E-02
8.659051E+00 1.253412E+00 2.606541E-02
8.644425E+00 1.256239E+00 2.567229E-02
8.629848E+00 1.259027E+00 2.528756E-02
8.615320E+00 1.261776E+00 2.491097E-02
8.600841E+00 1.264488E+00 2.454226E-02
8.586411E+00 1.267163E+00 2.418122E-02
8.572029E+00 1.269801E+00 2.382760E-02
8.557695E+00 1.272405E+00 2.348120E-02
8.543409E+00 1.274974E+00 2.314182E-02
8.529170E+00 1.277508E+00 2.280924E-02
8.514972E+00 1.280010E+00 2.248328E-02
8.500828E+00 1.282480E+00 2.216375E-02
8.486731E+00 1.284917E+00 2.185047E-02
8.472681E+00 1.287324E+00 2.154328E-02
8.458677E+00 1.289700E+00 2.124201E-02
8.444719E+00 1.292046E+00 2.094649E-02
8.430808E+00 1.294363E+00 2.065658E-02
8.416942E+00 1.296651E+00 2.037212E-02
8.403121E+00 1.298911E+00 2.009297E-02
8.389346E+00 1.301143E+00 1.981899E-02
8.375616E+00 1.303348E+00 1.955006E-02
8.361931E+00 1.305527E+00 1.928603E-02
8.348284E+00 1.307679E+00 1.902678E-02
8.334688E+00 1.309806E+00 1.877220E-02
8.321136E+00 1.311908E+00 1.852216E-02
8.307628E+00 1.313985E+00 1.827656E-02
8.294164E+00 1.316038E+00 1.803527E-02
8.280744E+00 1.318068E+00 1.779821E-02
8.267367E+00 1.320074E+00 1.756526E-02
8.254033E+00 1.322057E+00 1.733633E-02
8.240742E+00 1.324017E+00 1.711132E-02
8.227493E+00 1.325956E+00 1.689013E-02
8.214288E+00 1.327873E+00 1.667268E-02
8.201124E+00 1.329768E+00 1.645887E-02
8.188003E+00 1.331643E+00 1.624864E-02
8.174917E+00 1.333497E+00 1.604188E-02
8.161879E+00 1.335331E+00 1.583852E-02
8.148883E+00 1.337144E+00 1.563849E-02
8.135929E+00 1.338939E+00 1.544171E-02
8.123015E+00 1.340714E+00 1.524810E-02
8.110142E+00 1.342470E+00 1.505760E-02
8.097310E+00 1.344208E+00 1.487013E-02
8.084519E+00 1.345927E+00 1.468564E-02
8.071768E+00 1.347629E+00 1.450405E-02
8.059057E+00 1.349312E+00 1.432530E-02
8.046386E+00 1.350979E+00 1.414933E-02
8.033755E+00 1.352628E+00 1.397608E-02
8.021163E+00 1.354260E+00 1.380550E-02
8.008604E+00 1.355876E+00 1.363752E-02
7.996092E+00 1.357475E+00 1.347210E-02
7.983618E+00 1.359059E+00 1.330917E-02
7.971183E+00 1.360626E+00 1.314869E-02
7.958786E+00 1.362178E+00 1.299061E-02
7.946428E+00 1.363715E+00 1.283488E-02
7.934109E+00 1.365237E+00 1.268144E-02
7.921827E+00 1.366743E+00 1.253026E-02
7.909584E+00 1.368236E+00 1.238129E-02
7.897378E+00 1.369713E+00 1.223448E-02
7.885210E+00 1.371177E+00 1.208979E-02
7.873080E+00 1.372626E+00 1.194718E-02
7.860980E+00 1.374062E+00 1.180661E-02
7.848924E+00 1.375484E+00 1.166804E-02
7.836905E+00 1.376893E+00 1.153143E-02
7.824922E+00 1.378289E+00 1.139674E-02
7.812976E+00 1.379672E+00 1.126393E-02
7.801067E+00 1.381042E+00 1.113298E-02
7.789193E+00 1.382399E+00 1.100383E-02
7.777356E+00 1.383744E+00 1.087647E-02
7.765555E+00 1.385076E+00 1.075086E-02
7.753789E+00 1.386397E+00 1.062696E-02
7.742059E+00 1.387705E+00 1.050474E-02
7.730365E+00 1.389002E+00 1.038417E-02
7.718706E+00 1.390288E+00 1.026522E-02
7.707076E+00 1.391561E+00 1.014787E-02
7.695487E+00 1.392824E+00 1.003208E-02
7.683932E+00 1.394075E+00 9.917818E-03
7.672413E+00 1.395316E+00 9.805067E-03
7.660927E+00 1.396546E+00 9.693796E-03
7.649477E+00 1.397765E+00 9.583979E-03
7.638060E+00 1.398973E+00 9.475590E-03
7.626677E+00 1.400171E+00 9.368603E-03
7.615328E+00 1.401359E+00 9.262995E-03
7.604013E+00 1.402537E+00 9.158742E-03
7.592732E+00 1.403705E+00 9.055820E-03
7.581484E+00 1.404863E+00 8.954206E-03
7.570269E+00 1.406011E+00 8.853878E-03
7.559082E+00 1.407150E+00 8.754814E-03
7.547933E+00 1.408279E+00 8.656992E-03
7.536817E+00 1.409399E+00 8.560392E-03
7.525734E+00 1.410510E+00 8.464993E-03
7.514684E+00 1.411612E+00 8.370775E-03
7.503666E+00 1.412704E+00 8.277719E-03
7.492680E+00 1.413788E+00 8.185805E-03
7.481726E+00 1.414863E+00 8.095015E-03
7.470804E+00 1.415929E+00 8.005331E-03
7.459914E+00 1.416987E+00 7.916733E-03
7.449056E+00 1.418037E+00 7.829206E-03
7.438229E+00 1.419078E+00 7.742731E-03
7.427428E+00 1.420111E+00 7.657293E-03
7.416665E+00 1.421135E+00 7.572874E-03
7.405932E+00 1.422152E+00 7.489458E-03
7.395230E+00 1.423161E+00 7.407031E-03
7.384559E+00 1.424162E+00 7.325575E-03
7.373919E+00 1.425155E+00 7.245078E-03
7.363309E+00 1.426141E+00 7.165523E-03
7.352730E+00 1.427119E+00 7.086896E-03
7.342182E+00 1.428090E+00 7.009184E-03
7.331663E+00 1.429053E+00 6.932372E-03
7.321175E+00 1.430009E+00 6.856447E-03
7.310716E+00 1.430958E+00 6.781397E-03
7.300288E+00 1.431899E+00 6.707207E-03
7.289884E+00 1.432834E+00 6.633867E-03
7.279514E+00 1.433762E+00 6.561362E-03
7.269175E+00 1.434683E+00 6.489683E-03
7.258864E+00 1.435597E+00 6.418816E-03
7.248583E+00 1.436505E+00 6.348751E-03
7.238331E+00 1.437405E+00 6.279476E-03
7.228108E+00 1.438300E+00 6.210981E-03
7.217913E+00 1.439188E+00 6.143255E-03
7.207747E+00 1.440069E+00 6.076288E-03
7.197610E+00 1.440945E+00 6.010070E-03
7.187502E+00 1.441814E+00 5.944592E-03
7.177422E+00 1.442676E+00 5.879843E-03
7.167364E+00 1.443533E+00 5.815815E-03
7.157341E+00 1.444384E+00 5.752499E-03
7.147345E+00 1.445229E+00 5.689886E-03
7.137377E+00 1.446068E+00 5.627969E-03
7.127436E+00 1.446901E+00 5.566738E-03
7.117524E+00 1.447728E+00 5.506187E-03
7.107639E+00 1.448550E+00 5.446308E-03
7.097781E+00 1.449366E+00 5.387094E-03
7.087951E+00 1.450176E+00 5.328538E-03
7.078148E+00 1.450981E+00 5.270634E-03
7.068372E+00 1.451781E+00 5.213375E-03
7.058623E+00 1.452575E+00 5.156755E-03
7.048900E+00 1.453364E+00 5.100769E-03
7.039200E+00 1.454148E+00 5.045412E-03
7.029531E+00 1.454927E+00 4.990678E-03
7.019889E+00 1.455700E+00 4.936563E-03
7.010273E+00 1.456468E+00 4.883063E-03
7.000683E+00 1.457232E+00 4.830173E-03
6.991120E+00 1.457990E+00 4.777891E-03
6.981583E+00 1.458744E+00 4.726211E-03
6.972071E+00 1.459492E+00 4.675133E-03
6.962586E+00 1.460236E+00 4.624653E-03
6.953126E+00 1.460976E+00 4.574769E-03
6.943692E+00 1.461710E+00 4.525478E-03
6.934284E+00 1.462440E+00 4.476781E-03
6.924901E+00 1.463165E+00 4.428675E-03
6.915538E+00 1.463886E+00 4.381160E-03
6.906206E+00 1.464602E+00 4.334236E-03
6.896899E+00 1.465314E+00 4.287903E-03
6.887617E+00 1.466022E+00 4.242161E-03
6.878360E+00 1.466725E+00 4.197011E-03
6.869127E+00 1.467424E+00 4.152455E-03
6.859920E+00 1.468119E+00 4.108495E-03
6.850737E+00 1.468809E+00 4.065132E-03
6.841578E+00 1.469496E+00 4.022370E-03
6.832445E+00 1.470178E+00 3.980212E-03
6.823335E+00 1.470857E+00 3.938662E-03
6.814250E+00 1.471531E+00 3.897722E-03
6.805184E+00 1.472201E+00 3.857399E-03
6.796147E+00 1.472868E+00 3.817697E-03
6.787134E+00 1.473530E+00 3.778621E-03
6.778145E+00 1.474189E+00 3.740177E-03
6.769179E+00 1.474844E+00 3.702372E-03
6.760237E+00 1.475495E+00 3.665212E-03
6.751319E+00 1.476143E+00 3.628705E-03
6.742425E+00 1.476787E+00 3.592859E-03
6.733553E+00 1.477427E+00 3.557681E-03
6.724705E+00 1.478064E+00 3.523180E-03
6.715881E+00 1.478697E+00 3.489366E-03
6.707079E+00 1.479326E+00 3.456247E-03
6.698301E+00 1.479952E+00 3.423834E-03
6.689540E+00 1.480575E+00 3.392137E-03
6.680808E+00 1.481194E+00 3.361166E-03
6.672098E+00 1.481810E+00 3.330932E-03
6.663410E+00 1.482422E+00 3.301448E-03
6.654746E+00 1.483031E+00 3.272723E-03
6.646104E+00 1.483637E+00 3.244772E-03
6.637484E+00 1.484239E+00 3.217605E-03
6.628886E+00 1.484838E+00 3.191236E-03
6.620311E+00 1.485434E+00 3.165676E-03
6.611758E+00 1.486027E+00 3.140940E-03
6.603227E+00 1.486616E+00 3.117040E-03
6.594718E+00 1.487202E+00 3.093990E-03
6.586231E+00 1.487786E+00 3.071803E-03
6.577762E+00 1.488366E+00 3.050492E-03
6.569318E+00 1.488942E+00 3.030071E-03
6.560896E+00 1.489516E+00 3.010554E-03
6.552496E+00 1.490087E+00 2.991954E-03
6.544117E+00 1.490654E+00 2.974285E-03
6.535760E+00 1.491219E+00 2.957559E-03
6.527424E+00 1.491780E+00 2.941789E-03
6.519109E+00 1.492339E+00 2.926989E-03
6.510815E+00 1.492894E+00 2.913172E-03
6.502542E+00 1.493447E+00 2.900348E-03
6.494291E+00 1.493996E+00 2.888531E-03
6.486060E+00 1.494542E+00 2.877731E-03
6.477846E+00 1.495085E+00 2.867960E-03
6.469657E+00 1.495626E+00 2.859228E-03
6.461489E+00 1.496163E+00 2.851544E-03
6.453341E+00 1.496697E+00 2.844918E-03
6.445213E+00 1.497228E+00 2.839358E-03
6.437107E+00 1.497757E+00 2.834871E-03
6.429020E+00 1.498282E+00 2.831465E-03
6.420954E+00 1.498804E+00 2.829146E-03
6.412908E+00 1.499323E+00 2.827917E-03
6.404882E+00 1.499839E+00 2.827784E-03
6.396876E+00 1.500352E+00 2.828750E-03
6.388890E+00 1.500862E+00 2.830815E-03
6.380925E+00 1.501369E+00 2.833981E-03
6.372975E+00 1.501872E+00 2.838247E-03
6.365048E+00 1.502373E+00 2.843612E-03
6.357142E+00 1.502871E+00 2.850072E-03
6.349255E+00 1.503365E+00 2.857624E-03
6.341387E+00 1.503856E+00 2.866260E-03
6.333539E+00 1.504344E+00 2.875974E-03
6.325711E+00 1.504829E+00 2.886758E-03
6.317902E+00 1.505311E+00 2.898600E-03
6.310112E+00 1.505790E+00 2.911490E-03
6.302341E+00 1.506265E+00 2.925414E-03
6.294589E+00 1.506737E+00 2.940357E-03
6.286857E+00 1.507206E+00 2.956303E-03
6.279143E+00 1.507672E+00 2.973233E-03
6.271444E+00 1.508134E+00 2.991127E-03
6.263769E+00 1.508593E+00 3.009965E-03
6.256111E+00 1.509048E+00 3.029723E-03
6.248473E+00 1.509501E+00 3.050376E-03
6.240853E+00 1.509950E+00 3.071898E-03
6.233252E+00 1.510395E+00 3.094260E-03
6.225669E+00 1.510837E+00 3.117434E-03
6.218105E+00 1.511276E+00 3.141386E-03
6.210559E+00 1.511711E+00 3.166084E-03
6.203031E+00 1.512143E+00 3.191493E-03
6.195522E+00 1.512572E+00 3.217578E-03
6.188031E+00 1.512997E+00 3.244298E-03
6.180554E+00 1.513418E+00 3.271616E-03
6.173099E+00 1.513836E+00 3.299490E-03
6.165661E+00 1.514251E+00 3.327877E-03
6.158242E+00 1.514662E+00 3.356734E-03
6.150841E+00 1.515069E+00 3.386014E-03
6.143457E+00 1.515473E+00 3.415672E-03
6.136091E+00 1.515874E+00 3.445659E-03
6.128743E+00 1.516271E+00 3.475925E-03
6.121412E+00 1.516664E+00 3.506420E-03
6.114099E+00 1.517054E+00 3.537093E-03
6.106803E+00 1.517441E+00 3.567891E-03
6.099525E+00 1.517823E+00 3.598760E-03
6.092264E+00 1.518203E+00 3.629645E-03
6.085016E+00 1.518579E+00 3.660492E-03
6.077790E+00 1.518951E+00 3.691243E-03
6.070580E+00 1.519320E+00 3.721843E-03
6.063388E+00 1.519685E+00 3.752234E-03
6.056213E+00 1.520047E+00 3.782357E-03
6.049054E+00 1.520406E+00 3.812156E-03
6.041913E+00 1.520761E+00 3.841570E-03
6.034788E+00 1.521113E+00 3.870542E-03
6.027680E+00 1.521461E+00 3.899013E-03
6.020589E+00 1.521806E+00 3.926924E-03
6.013515E+00 1.522148E+00 3.954216E-03
6.006457E+00 1.522486E+00 3.980831E-03
5.999412E+00 1.522822E+00 4.006711E-03
5.992387E+00 1.523154E+00 4.031799E-03
5.985379E+00 1.523483E+00 4.056037E-03
5.978387E+00 1.523808E+00 4.079369E-03
5.971411E+00 1.524131E+00 4.101739E-03
5.964452E+00 1.524451E+00 4.123094E-03
5.957509E+00 1.524767E+00 4.143380E-03
5.950582E+00 1.525081E+00 4.162545E-03
5.943671E+00 1.525392E+00 4.180538E-03
5.936776E+00 1.525700E+00 4.197310E-03
5.929897E+00 1.526005E+00 4.212812E-03
5.923034E+00 1.526308E+00 4.227000E-03
5.916187E+00 1.526608E+00 4.239828E-03
5.909352E+00 1.526905E+00 4.251255E-03
5.902536E+00 1.527200E+00 4.261240E-03
5.895736E+00 1.527493E+00 4.269747E-03
5.888952E+00 1.527783E+00 4.276738E-03
5.882183E+00 1.528071E+00 4.282183E-03
5.875430E+00 1.528357E+00 4.286050E-03
5.868693E+00 1.528640E+00 4.288311E-03
5.861971E+00 1.528922E+00 4.288943E-03
5.855264E+00 1.529201E+00 4.287924E-03
5.848572E+00 1.529479E+00 4.285234E-03
5.841896E+00 1.529754E+00 4.280860E-03
5.835235E+00 1.530029E+00 4.274788E-03
5.828589E+00 1.530301E+00 4.267010E-03
5.821955E+00 1.530572E+00 4.257521E-03
5.815340E+00 1.530841E+00 4.246320E-03
5.808739E+00 1.531109E+00 4.233408E-03
5.802154E+00 1.531376E+00 4.218792E-03
5.795583E+00 1.531641E+00 4.202480E-03
5.789027E+00 1.531906E+00 4.184486E-03
5.782486E+00 1.532169E+00 4.164828E-03
5.775960E+00 1.532431E+00 4.143525E-03
5.769448E+00 1.532693E+00 4.120604E-03
5.762951E+00 1.532953E+00 4.096092E-03
5.756469E+00 1.533213E+00 4.070022E-03
5.750001E+00 1.533472E+00 4.042430E-03
5.743545E+00 1.533731E+00 4.013357E-03
5.737106E+00 1.533989E+00 3.982844E-03
5.730682E+00 1.534247E+00 3.950940E-03
5.724272E+00 1.534504E+00 3.917695E-03
5.717877E+00 1.534762E+00 3.883163E-03
5.711495E+00 1.535018E+00 3.847399E-03
5.705128E+00 1.535275E+00 3.810465E-03
5.698775E+00 1.535532E+00 3.772423E-03
5.692437E+00 1.535788E+00 3.733337E-03
5.686112E+00 1.536045E+00 3.693276E-03
5.679801E+00 1.536301E+00 3.652308E-03
5.673505E+00 1.536558E+00 3.610505E-03
5.667222E+00 1.536815E+00 3.567941E-03
5.660950E+00 1.537072E+00 3.524689E-03
5.654695E+00 1.537329E+00 3.480824E-03
5.648454E+00 1.537586E+00 3.436423E-03
5.642226E+00 1.537843E+00 3.391561E-03
5.636013E+00 1.538101E+00 3.346315E-03
5.629813E+00 1.538359E+00 3.300760E-03
5.623626E+00 1.538617E+00 3.254972E-03
5.617454E+00 1.538875E+00 3.209024E-03
5.611294E+00 1.539134E+00 3.162990E-03
5.605149E+00 1.539393E+00 3.116940E-03
5.599016E+00 1.539651E+00 3.070943E-03
5.592897E+00 1.539911E+00 3.025066E-03
5.586792E+00 1.540170E+00 2.979372E-03
5.580697E+00 1.540429E+00 2.933922E-03
5.574618E+00 1.540689E+00 2.888774E-03
5.568552E+00 1.540948E+00 2.843981E-03
5.562499E+00 1.541208E+00 2.799595E-03
5.556460E+00 1.541467E+00 2.755660E-03
5.550434E+00 1.541727E+00 2.712220E-03
5.544421E+00 1.541986E+00 2.669311E-03
5.538420E+00 1.542245E+00 2.626968E-03
5.532433E+00 1.542504E+00 2.585219E-03
5.526459E+00 1.542763E+00 2.544088E-03
5.520497E+00 1.543021E+00 2.503594E-03
5.514549E+00 1.543279E+00 2.463754E-03
5.508610E+00 1.543537E+00 2.424577E-03
5.502687E+00 1.543794E+00 2.386069E-03
5.496777E+00 1.544051E+00 2.348233E-03
5.490879E+00 1.544307E+00 2.311065E-03
5.484994E+00 1.544562E+00 2.274560E-03
5.479122E+00 1.544817E+00 2.238707E-03
5.473262E+00 1.545071E+00 2.203494E-03
5.467415E+00 1.545325E+00 2.168902E-03
5.461580E+00 1.545578E+00 2.134912E-03
5.455758E+00 1.545830E+00 2.101502E-03
5.449948E+00 1.546081E+00 2.068648E-03
5.444150E+00 1.546331E+00 2.036322E-03
5.438365E+00 1.546581E+00 2.004497E-03
5.432589E+00 1.546829E+00 1.973144E-03
5.426828E+00 1.547077E+00 1.942232E-03
5.421080E+00 1.547324E+00 1.911730E-03
5.415343E+00 1.547570E+00 1.881609E-03
5.409619E+00 1.547815E+00 1.851838E-03
5.403907E+00 1.548059E+00 1.822387E-03
5.398207E+00 1.548303E+00 1.793228E-03
5.392519E+00 1.548545E+00 1.764332E-03
5.386843E+00 1.548787E+00 1.735675E-03
5.381178E+00 1.549027E+00 1.707232E-03
5.375526E+00 1.549267E+00 1.678982E-03
5.369886E+00 1.549506E+00 1.650904E-03
5.364257E+00 1.549745E+00 1.622982E-03
5.358638E+00 1.549982E+00 1.595201E-03
5.353032E+00 1.550219E+00 1.567550E-03
5.347439E+00 1.550455E+00 1.540020E-03
5.341858E+00 1.550690E+00 1.512604E-03
5.336288E+00 1.550924E+00 1.485300E-03
5.330729E+00 1.551158E+00 1.458108E-03
5.325182E+00 1.551392E+00 1.431030E-03
5.319647E+00 1.551624E+00 1.404072E-03
5.314123E+00 1.551856E+00 1.377241E-03
5.308611E+00 1.552088E+00 1.350549E-03
5.303110E+00 1.552319E+00 1.324008E-03
5.297620E+00 1.552549E+00 1.297632E-03
5.292139E+00 1.552779E+00 1.271439E-03
5.286672E+00 1.553008E+00 1.245447E-03
5.281217E+00 1.553237E+00 1.219676E-03
5.275773E+00 1.553466E+00 1.194147E-03
5.270339E+00 1.553693E+00 1.168881E-03
5.264917E+00 1.553921E+00 1.143902E-03
5.259507E+00 1.554148E+00 1.119232E-03
5.254107E+00 1.554375E+00 1.094895E-03
5.248718E+00 1.554601E+00 1.070911E-03
5.243341E+00 1.554826E+00 1.047306E-03
5.237974E+00 1.555051E+00 1.024099E-03
5.232619E+00 1.555276E+00 1.001312E-03
5.227274E+00 1.555500E+00 9.789638E-04
5.221938E+00 1.555724E+00 9.570740E-04
5.216615E+00 1.555947E+00 9.356593E-04
5.211303E+00 1.556170E+00 9.147350E-04
5.206001E+00 1.556392E+00 8.943150E-04
5.200711E+00 1.556613E+00 8.744112E-04
5.195431E+00 1.556834E+00 8.550338E-04
5.190162E+00 1.557054E+00 8.361910E-04
5.184904E+00 1.557274E+00 8.178890E-04
5.179656E+00 1.557493E+00 8.001321E-04
5.174419E+00 1.557711E+00 7.829226E-04
5.169193E+00 1.557929E+00 7.662608E-04
5.163977E+00 1.558146E+00 7.501453E-04
5.158769E+00 1.558362E+00 7.345728E-04
5.153574E+00 1.558578E+00 7.195382E-04
5.148389E+00 1.558792E+00 7.050348E-04
5.143215E+00 1.559006E+00 6.910544E-04
5.138052E+00 1.559219E+00 6.775873E-04
5.132898E+00 1.559432E+00 6.646225E-04
5.127755E+00 1.559643E+00 6.521478E-04
5.122623E+00 1.559854E+00 6.401499E-04
5.117500E+00 1.560063E+00 6.286147E-04
5.112388E+00 1.560272E+00 6.175272E-04
5.107286E+00 1.560480E+00 6.068717E-04
5.102194E+00 1.560687E+00 5.966320E-04
5.097113E+00 1.560893E+00 5.867914E-04
5.092039E+00 1.561098E+00 5.773331E-04
5.086977E+00 1.561303E+00 5.682399E-04
5.081926E+00 1.561506E+00 5.594946E-04
5.076884E+00 1.561709E+00 5.510800E-04
5.071853E+00 1.561910E+00 5.429791E-04
5.066832E+00 1.562111E+00 5.351751E-04
5.061820E+00 1.562310E+00 5.276513E-04
5.056818E+00 1.562509E+00 5.203916E-04
5.051827E+00 1.562707E+00 5.133802E-04
5.046845E+00 1.562904E+00 5.066018E-04
5.041873E+00 1.563100E+00 5.000416E-04
5.036910E+00 1.563295E+00 4.936853E-04
5.031958E+00 1.563489E+00 4.875194E-04
5.027013E+00 1.563682E+00 4.815307E-04
5.022080E+00 1.563875E+00 4.757070E-04
5.017156E+00 1.564066E+00 4.700365E-04
5.012242E+00 1.564257E+00 4.645081E-04
5.007338E+00 1.564447E+00 4.591114E-04
5.002444E+00 1.564636E+00 4.538366E-04
4.997559E+00 1.564824E+00 4.486747E-04
4.992683E+00 1.565011E+00 4.436170E-04
4.987817E+00 1.565197E+00 4.386558E-04
4.982961E+00 1.565383E+00 4.337838E-04
4.978114E+00 1.565568E+00 4.289942E-04
4.973276E+00 1.565752E+00 4.242810E-04
4.968445E+00 1.565935E+00 4.196386E-04
4.963627E+00 1.566117E+00 4.150617E-04
4.958817E+00 1.566299E+00 4.105459E-04
4.954017E+00 1.566480E+00 4.060870E-04
4.949226E+00 1.566660E+00 4.016812E-04
4.944444E+00 1.566839E+00 3.973253E-04
4.939672E+00 1.567018E+00 3.930162E-04
4.934909E+00 1.567196E+00 3.887514E-04
4.930155E+00 1.567373E+00 3.845286E-04
4.925410E+00 1.567549E+00 3.803458E-04
4.920674E+00 1.567725E+00 3.762013E-04
4.915947E+00 1.567900E+00 3.720937E-04
4.911230E+00 1.568074E+00 3.680217E-04
4.906519E+00 1.568248E+00 3.639843E-04
4.901819E+00 1.568421E+00 3.599806E-04
4.897128E+00 1.568593E+00 3.560101E-04
4.892447E+00 1.568764E+00 3.520722E-04
4.887774E+00 1.568935E+00 3.481665E-04
4.883111E+00 1.569106E+00 3.442927E-04
4.878456E+00 1.569275E+00 3.404508E-04
4.873810E+00 1.569444E+00 3.366405E-04
4.869173E+00 1.569613E+00 3.328619E-04
4.864544E+00 1.569780E+00 3.291152E-04
4.859925E+00 1.569947E+00 3.254003E-04
4.855314E+00 1.570114E+00 3.217175E-04
4.850712E+00 1.570280E+00 3.180671E-04
4.846116E+00 1.570445E+00 3.144491E-04
4.841532E+00 1.570609E+00 3.108639E-04
4.836956E+00 1.570773E+00 3.073118E-04
4.832389E+00 1.570937E+00 3.037930E-04
4.827830E+00 1.571100E+00 3.003078E-04
4.823280E+00 1.571262E+00 2.968566E-04
4.818738E+00 1.571424E+00 2.934395E-04
4.814205E+00 1.571585E+00 2.900568E-04
4.809681E+00 1.571745E+00 2.867089E-04
4.805165E+00 1.571905E+00 2.833959E-04
4.800657E+00 1.572064E+00 2.801180E-04
4.796158E+00 1.572223E+00 2.768756E-04
4.791666E+00 1.572381E+00 2.736687E-04
4.787183E+00 1.572539E+00 2.704975E-04
4.782710E+00 1.572696E+00 2.673622E-04
4.778244E+00 1.572852E+00 2.642629E-04
4.773787E+00 1.573008E+00 2.611997E-04
4.769338E+00 1.573163E+00 2.581727E-04
4.764898E+00 1.573318E+00 2.551818E-04
4.760465E+00 1.573472E+00 2.522271E-04
4.756041E+00 1.573626E+00 2.493087E-04
4.751625E+00 1.573779E+00 2.464264E-04
4.747218E+00 1.573932E+00 2.435802E-04
4.742818E+00 1.574084E+00 2.407701E-04
4.738427E+00 1.574236E+00 2.379959E-04
4.734042E+00 1.574387E+00 2.352575E-04
4.729666E+00 1.574537E+00 2.325547E-04
4.725299E+00 1.574687E+00 2.298873E-04
4.720940E+00 1.574837E+00 2.272553E-04
4.716590E+00 1.574986E+00 2.246583E-04
4.712247E+00 1.575134E+00 2.220961E-04
4.707912E+00 1.575282E+00 2.195684E-04
4.703585E+00 1.575429E+00 2.170750E-04
4.699266E+00 1.575576E+00 2.146156E-04
4.694955E+00 1.575723E+00 2.121899E-04
4.690652E+00 1.575868E+00 2.097976E-04
4.686356E+00 1.576014E+00 2.074383E-04
4.682067E+00 1.576159E+00 2.051116E-04
4.677787E+00 1.576303E+00 2.028173E-04
4.673515E+00 1.576447E+00 2.005549E-04
4.669251E+00 1.576590E+00 1.983240E-04
4.664995E+00 1.576733E+00 1.961243E-04
4.660747E+00 1.576875E+00 1.939554E-04
4.656506E+00 1.577017E+00 1.918168E-04
4.652273E+00 1.577159E+00 1.897081E-04
4.648048E+00 1.577299E+00 1.876290E-04
4.643830E+00 1.577440E+00 1.855790E-04
4.639620E+00 1.577580E+00 1.835576E-04
4.635417E+00 1.577719E+00 1.815644E-04
4.631223E+00 1.577858E+00 1.795991E-04
4.627033E+00 1.577997E+00 1.776611E-04
4.622854E+00 1.578135E+00 1.757501E-04
4.618682E+00 1.578272E+00 1.738655E-04
4.614517E+00 1.578410E+00 1.720070E-04
4.610360E+00 1.578546E+00 1.701741E-04
4.606210E+00 1.578682E+00 1.683665E-04
4.602068E+00 1.578818E+00 1.665836E-04
4.597934E+00 1.578953E+00 1.648250E-04
4.593806E+00 1.579088E+00 1.630904E-04
4.589687E+00 1.579223E+00 1.613793E-04
4.585574E+00 1.579356E+00 1.596913E-04
4.581469E+00 1.579490E+00 1.580259E-04
4.577371E+00 1.579623E+00 1.563829E-04
4.573279E+00 1.579755E+00 1.547618E-04
4.569196E+00 1.579888E+00 1.531623E-04
4.565120E+00 1.580019E+00 1.515839E-04
4.561051E+00 1.580150E+00 1.500262E-04
4.556990E+00 1.580281E+00 1.484890E-04
4.552936E+00 1.580412E+00 1.469719E-04
4.548889E+00 1.580542E+00 1.454744E-04
4.544849E+00 1.580671E+00 1.439964E-04
4.540817E+00 1.580800E+00 1.425374E-04
4.536791E+00 1.580929E+00 1.410971E-04
4.532773E+00 1.581057E+00 1.396753E-04
4.528762E+00 1.581185E+00 1.382715E-04
4.524756E+00 1.581312E+00 1.368856E-04
4.520759E+00 1.581439E+00 1.355173E-04
4.516769E+00 1.581566E+00 1.341662E-04
4.512786E+00 1.581692E+00 1.328321E-04
4.508810E+00 1.581817E+00 1.315148E-04
4.504841E+00 1.581943E+00 1.302140E-04
4.500879E+00 1.582068E+00 1.289294E-04
4.496925E+00 1.582192E+00 1.276609E-04
4.492977E+00 1.582316E+00 1.264082E-04
4.489036E+00 1.582440E+00 1.251712E-04
4.485101E+00 1.582563E+00 1.239495E-04
4.481174E+00 1.582686E+00 1.227430E-04
4.477254E+00 1.582809E+00 1.215516E-04
4.473338E+00 1.582931E+00 1.203750E-04
4.469432E+00 1.583052E+00 1.192131E-04
4.465532E+00 1.583174E+00 1.180658E-04
4.461639E+00 1.583295E+00 1.169328E-04
4.457752E+00 1.583415E+00 1.158141E-04
4.453873E+00 1.583535E+00 1.147094E-04
4.450000E+00 1.583655E+00 1.136188E-04
4.446134E+00 1.583775E+00 1.125419E-04
4.442275E+00 1.583894E+00 1.114789E-04
4.438422E+00 1.584012E+00 1.104295E-04
4.434576E+00 1.584130E+00 1.093936E-04
4.430737E+00 1.584248E+00 1.083711E-04
4.426904E+00 1.584366E+00 1.073620E-04
4.423076E+00 1.584483E+00 1.063662E-04
4.419257E+00 1.584600E+00 1.053836E-04
4.415444E+00 1.584716E+00 1.044142E-04
4.411638E+00 1.584832E+00 1.034578E-04
4.407838E+00 1.584948E+00 1.025145E-04
4.404045E+00 1.585063E+00 1.015842E-04
4.400258E+00 1.585178E+00 1.006668E-04
4.396478E+00 1.585293E+00 9.976226E-05
4.392704E+00 1.585407E+00 9.887063E-05
4.388937E+00 1.585521E+00 9.799184E-05
4.385176E+00 1.585634E+00 9.712588E-05
4.381422E+00 1.585748E+00 9.627272E-05
4.377672E+00 1.585860E+00 9.543236E-05
4.373931E+00 1.585973E+00 9.460478E-05
4.370196E+00 1.586085E+00 9.379000E-05
4.366467E+00 1.586197E+00 9.298800E-05
4.362745E+00 1.586308E+00 9.219880E-05
4.359029E+00 1.586419E+00 9.142240E-05
4.355319E+00 1.586530E+00 9.065884E-05
4.351616E+00 1.586640E+00 8.990811E-05
4.347919E+00 1.586751E+00 8.917026E-05
4.344228E+00 1.586860E+00 8.844531E-05
4.340543E+00 1.586970E+00 8.773330E-05
4.336865E+00 1.587079E+00 8.703425E-05
4.333193E+00 1.587187E+00 8.634822E-05
4.329525E+00 1.587296E+00 8.567524E-05
4.325866E+00 1.587404E+00 8.501536E-05
4.322212E+00 1.587512E+00 8.436865E-05
4.318565E+00 1.587619E+00 8.373514E-05
4.314924E+00 1.587726E+00 8.311491E-05
4.311289E+00 1.587833E+00 8.250801E-05
4.307660E+00 1.587939E+00 8.191451E-05
4.304037E+00 1.588046E+00 8.133448E-05
4.300420E+00 1.588151E+00 8.076798E-05
4.296810E+00 1.588257E+00 8.021509E-05
4.293205E+00 1.588362E+00 7.967589E-05
4.289607E+00 1.588467E+00 7.915045E-05
4.286014E+00 1.588571E+00 7.863884E-05
4.282426E+00 1.588676E+00 7.814115E-05
4.278846E+00 1.588780E+00 7.765746E-05
4.275271E+00 1.588883E+00 7.718785E-05
4.271702E+00 1.588986E+00 7.673240E-05
4.268140E+00 1.589089E+00 7.629119E-05
4.264583E+00 1.589192E+00 7.586429E-05
4.261033E+00 1.589294E+00 7.545179E-05
4.257488E+00 1.589396E+00 7.505376E-05
4.253949E+00 1.589498E+00 7.467027E-05
4.250416E+00 1.589600E+00 7.430141E-05
4.246889E+00 1.589701E+00 7.394722E-05
4.243367E+00 1.589802E+00 7.360777E-05
4.239850E+00 1.589902E+00 7.328313E-05
4.236340E+00 1.590002E+00 7.297333E-05
4.232836E+00 1.590102E+00 7.267843E-05
4.229338E+00 1.590202E+00 7.239847E-05
4.225846E+00 1.590301E+00 7.213346E-05
4.222360E+00 1.590400E+00 7.188344E-05
4.218879E+00 1.590499E+00 7.164841E-05
4.215404E+00 1.590598E+00 7.142836E-05
4.211934E+00 1.590696E+00 7.122329E-05
4.208471E+00 1.590794E+00 7.103318E-05
4.205013E+00 1.590891E+00 7.085798E-05
4.201561E+00 1.590989E+00 7.069764E-05
4.198114E+00 1.591086E+00 7.055209E-05
4.194671E+00 1.591182E+00 7.042125E-05
4.191236E+00 1.591279E+00 7.030501E-05
4.187806E+00 1.591375E+00 7.020326E-05
4.184382E+00 1.591471E+00 7.011586E-05
4.180964E+00 1.591566E+00 7.004266E-05
4.177551E+00 1.591661E+00 6.998346E-05
4.174144E+00 1.591756E+00 6.993808E-05
4.170742E+00 1.591851E+00 6.990630E-05
4.167346E+00 1.591946E+00 6.988787E-05
4.163955E+00 1.592040E+00 6.988252E-05
4.160570E+00 1.592133E+00 6.988996E-05
4.157190E+00 1.592227E+00 6.990988E-05
4.153814E+00 1.592320E+00 6.994195E-05
4.150445E+00 1.592413E+00 6.998580E-05
4.147082E+00 1.592506E+00 7.004103E-05
4.143724E+00 1.592598E+00 7.010724E-05
4.140372E+00 1.592691E+00 7.018399E-05
4.137025E+00 1.592783E+00 7.027081E-05
4.133683E+00 1.592874E+00 7.036722E-05
4.130347E+00 1.592965E+00 7.047269E-05
4.127016E+00 1.593057E+00 7.058670E-05
4.123691E+00 1.593147E+00 7.070867E-05
4.120371E+00 1.593238E+00 7.083802E-05
4.117056E+00 1.593328E+00 7.097415E-05
4.113747E+00 1.593418E+00 7.111641E-05
4.110441E+00 1.593508E+00 7.126416E-05
4.107142E+00 1.593597E+00 7.141673E-05
4.103849E+00 1.593686E+00 7.157342E-05
4.100561E+00 1.593775E+00 7.173352E-05
4.097278E+00 1.593864E+00 7.189631E-05
4.094000E+00 1.593952E+00 7.206104E-05
4.090727E+00 1.594040E+00 7.222697E-05
4.087460E+00 1.594128E+00 7.239331E-05
4.084198E+00 1.594215E+00 7.255931E-05
4.080941E+00 1.594303E+00 7.272417E-05
4.077690E+00 1.594390E+00 7.288710E-05
4.074443E+00 1.594476E+00 7.304731E-05
4.071202E+00 1.594563E+00 7.320399E-05
4.067964E+00 1.594649E+00 7.335636E-05
4.064733E+00 1.594735E+00 7.350362E-05
4.061507E+00 1.594821E+00 7.364497E-05
4.058287E+00 1.594906E+00 7.377964E-05
4.055071E+00 1.594991E+00 7.390684E-05
4.051861E+00 1.595076E+00 7.402581E-05
4.048655E+00 1.595161E+00 7.413580E-05
4.045455E+00 1.595245E+00 7.423608E-05
4.042259E+00 1.595330E+00 7.432593E-05
4.039069E+00 1.595413E+00 7.440465E-05
4.035884E+00 1.595497E+00 7.447157E-05
4.032704E+00 1.595581E+00 7.452603E-05
4.029527E+00 1.595664E+00 7.456742E-05
4.026357E+00 1.595747E+00 7.459513E-05
4.023191E+00 1.595829E+00 7.460861E-05
4.020031E+00 1.595912E+00 7.460732E-05
4.016876E+00 1.595994E+00 7.459077E-05
4.013725E+00 1.596076E+00 7.455849E-05
4.010580E+00 1.596158E+00 7.451005E-05
4.007439E+00 1.596239E+00 7.444507E-05
4.004304E+00 1.596321E+00 7.436320E-05
4.001173E+00 1.596402E+00 7.426414E-05
3.998047E+00 1.596482E+00 7.414762E-05
3.994926E+00 1.596563E+00 7.401341E-05
3.991810E+00 1.596643E+00 7.386134E-05
3.988698E+00 1.596724E+00 7.369128E-05
3.985591E+00 1.596803E+00 7.350312E-05
3.982490E+00 1.596883E+00 7.329683E-05
3.979393E+00 1.596963E+00 7.307239E-05
3.976301E+00 1.597042E+00 7.282985E-05
3.973214E+00 1.597121E+00 7.256929E-05
3.970132E+00 1.597200E+00 7.229083E-05
3.967054E+00 1.597278E+00 7.199464E-05
3.963982E+00 1.597357E+00 7.168093E-05
3.960914E+00 1.597435E+00 7.134994E-05
3.957850E+00 1.597513E+00 7.100196E-05
3.954792E+00 1.597591E+00 7.063732E-05
3.951738E+00 1.597668E+00 7.025638E-05
3.948688E+00 1.597746E+00 6.985953E-05
3.945643E+00 1.597823E+00 6.944721E-05
3.942604E+00 1.597900E+00 6.901986E-05
3.939569E+00 1.597977E+00 6.857798E-05
3.936538E+00 1.598053E+00 6.812208E-05
3.933513E+00 1.598130E+00 6.765271E-05
3.930492E+00 1.598206E+00 6.717042E-05
3.927475E+00 1.598282E+00 6.667581E-05
3.924463E+00 1.598358E+00 6.616948E-05
3.921456E+00 1.598434E+00 6.565205E-05
3.918454E+00 1.598509E+00 6.512414E-05
3.915456E+00 1.598584E+00 6.458642E-05
3.912461E+00 1.598659E+00 6.403952E-05
3.909472E+00 1.598734E+00 6.348413E-05
3.906488E+00 1.598809E+00 6.292089E-05
3.903508E+00 1.598883E+00 6.235050E-05
3.900533E+00 1.598958E+00 6.177360E-05
3.897563E+00 1.599032E+00 6.119089E-05
3.894597E+00 1.599106E+00 6.060301E-05
3.891635E+00 1.599180E+00 6.001064E-05
3.888678E+00 1.599253E+00 5.941442E-05
3.885725E+00 1.599327E+00 5.881500E-05
3.882777E+00 1.599400E+00 5.821301E-05
3.879834E+00 1.599473E+00 5.760907E-05
3.876895E+00 1.599546E+00 5.700378E-05
3.873958E+00 1.599619E+00 5.639774E-05
3.871028E+00 1.599691E+00 5.579151E-05
3.868102E+00 1.599763E+00 5.518565E-05
3.865181E+00 1.599836E+00 5.458069E-05
3.862264E+00 1.599908E+00 5.397714E-05
3.859351E+00 1.599979E+00 5.337550E-05
3.856443E+00 1.600051E+00 5.277624E-05
3.853539E+00 1.600123E+00 5.217979E-05
3.850640E+00 1.600194E+00 5.158658E-05
3.847745E+00 1.600265E+00 5.099702E-05
3.844854E+00 1.600336E+00 5.041147E-05
3.841968E+00 1.600407E+00 4.983028E-05
3.839085E+00 1.600477E+00 4.925378E-05
3.836206E+00 1.600548E+00 4.868227E-05
3.833333E+00 1.600618E+00 4.811603E-05
3.830464E+00 1.600688E+00 4.755530E-05
3.827599E+00 1.600758E+00 4.700031E-05
3.824738E+00 1.600828E+00 4.645127E-05
3.821882E+00 1.600898E+00 4.590836E-05
3.819030E+00 1.600967E+00 4.537174E-05
3.816182E+00 1.601036E+00 4.484154E-05
3.813339E+00 1.601105E+00 4.431788E-05
3.810499E+00 1.601174E+00 4.380085E-05
3.807664E+00 1.601243E+00 4.329053E-05
3.804833E+00 1.601312E+00 4.278696E-05
3.802005E+00 1.601380E+00 4.229020E-05
3.799183E+00 1.601448E+00 4.180025E-05
3.796365E+00 1.601516E+00 4.131713E-05
3.793550E+00 1.601584E+00 4.084081E-05
3.790741E+00 1.601652E+00 4.037127E-05
3.787935E+00 1.601720E+00 3.990847E-05
3.785133E+00 1.601787E+00 3.945236E-05
3.782336E+00 1.601854E+00 3.900287E-05
3.779542E+00 1.601921E+00 3.855993E-05
3.776753E+00 1.601988E+00 3.812345E-05
3.773968E+00 1.602055E+00 3.769333E-05
3.771187E+00 1.602121E+00 3.726948E-05
3.768410E+00 1.602188E+00 3.685177E-05
3.765636E+00 1.602254E+00 3.644011E-05
3.762867E+00 1.602320E+00 3.603436E-05
3.760102E+00 1.602386E+00 3.563440E-05
3.757342E+00 1.602452E+00 3.524009E-05
3.754585E+00 1.602517E+00 3.485131E-05
3.751833E+00 1.602583E+00 3.446793E-05
3.749084E+00 1.602648E+00 3.408979E-05
3.746340E+00 1.602713E+00 3.371677E-05
3.743599E+00 1.602778E+00 3.334873E-05
3.740863E+00 1.602843E+00 3.298552E-05
3.738131E+00 1.602908E+00 3.262701E-05
3.735402E+00 1.602972E+00 3.227307E-05
3.732676E+00 1.603036E+00 3.192355E-05
3.729956E+00 1.603101E+00 3.157833E-05
3.727239E+00 1.603165E+00 3.123727E-05
3.724527E+00 1.603228E+00 3.090024E-05
3.721818E+00 1.603292E+00 3.056712E-05
3.719113E+00 1.603356E+00 3.023780E-05
3.716412E+00 1.603419E+00 2.991214E-05
3.713716E+00 1.603482E+00 2.959003E-05
3.711023E+00 1.603545E+00 2.927137E-05
3.708334E+00 1.603608E+00 2.895604E-05
3.705648E+00 1.603671E+00 2.864395E-05
3.702967E+00 1.603733E+00 2.833500E-05
3.700290E+00 1.603796E+00 2.802908E-05
3.697615E+00 1.603858E+00 2.772612E-05
3.694945E+00 1.603920E+00 2.742602E-05
3.692280E+00 1.603982E+00 2.712871E-05
3.689618E+00 1.604044E+00 2.683410E-05
3.686959E+00 1.604106E+00 2.654213E-05
3.684305E+00 1.604167E+00 2.625272E-05
3.681655E+00 1.604228E+00 2.596581E-05
3.679008E+00 1.604290E+00 2.568135E-05
3.676365E+00 1.604351E+00 2.539927E-05
3.673726E+00 1.604412E+00 2.511952E-05
3.671091E+00 1.604472E+00 2.484206E-05
3.668459E+00 1.604533E+00 2.456683E-05
3.665832E+00 1.604594E+00 2.429380E-05
3.663206E+00 1.604654E+00 2.402293E-05
3.660586E+00 1.604714E+00 2.375419E-05
3.657970E+00 1.604774E+00 2.348753E-05
3.655357E+00 1.604834E+00 2.322293E-05
3.652748E+00 1.604894E+00 2.296037E-05
3.650143E+00 1.604953E+00 2.269983E-05
3.647541E+00 1.605013E+00 2.244127E-05
3.644943E+00 1.605072E+00 2.218469E-05
3.642349E+00 1.605131E+00 2.193006E-05
3.639759E+00 1.605190E+00 2.167737E-05
3.637172E+00 1.605249E+00 2.142661E-05
3.634589E+00 1.605308E+00 2.117777E-05
3.632008E+00 1.605367E+00 2.093084E-05
3.629432E+00 1.605425E+00 2.068581E-05
3.626860E+00 1.605484E+00 2.044268E-05
3.624291E+00 1.605542E+00 2.020144E-05
3.621727E+00 1.605600E+00 1.996208E-05
3.619165E+00 1.605658E+00 1.972461E-05
3.616608E+00 1.605716E+00 1.948903E-05
3.614054E+00 1.605773E+00 1.925533E-05
3.611503E+00 1.605831E+00 1.902351E-05
3.608957E+00 1.605888E+00 1.879357E-05
3.606413E+00 1.605945E+00 1.856552E-05
3.603874E+00 1.606002E+00 1.833936E-05
3.601338E+00 1.606059E+00 1.811509E-05
3.598804E+00 1.606116E+00 1.789271E-05
3.596275E+00 1.606173E+00 1.767223E-05
3.593750E+00 1.606230E+00 1.745365E-05
3.591228E+00 1.606286E+00 1.723698E-05
3.588709E+00 1.606342E+00 1.702221E-05
3.586195E+00 1.606398E+00 1.680935E-05
3.583683E+00 1.606455E+00 1.659840E-05
3.581176E+00 1.606510E+00 1.638937E-05
3.578672E+00 1.606566E+00 1.618227E-05
3.576171E+00 1.606622E+00 1.597709E-05
3.573674E+00 1.606677E+00 1.577383E-05
3.571180E+00 1.606733E+00 1.557251E-05
3.568690E+00 1.606788E+00 1.537312E-05
3.566202E+00 1.606843E+00 1.517567E-05
3.563718E+00 1.606898E+00 1.498016E-05
3.561238E+00 1.606953E+00 1.478659E-05
3.558762E+00 1.607008E+00 1.459496E-05
3.556289E+00 1.607062E+00 1.440528E-05
3.553819E+00 1.607117E+00 1.421754E-05
3.551353E+00 1.607171E+00 1.403175E-05
3.548891E+00 1.607226E+00 1.384790E-05
3.546431E+00 1.607280E+00 1.366600E-05
3.543975E+00 1.607334E+00 1.348604E-05
3.541523E+00 1.607388E+00 1.330803E-05
3.539074E+00 1.607441E+00 1.313196E-05
3.536627E+00 1.607495E+00 1.295783E-05
3.534185E+00 1.607548E+00 1.278564E-05
3.531746E+00 1.607602E+00 1.261539E-05
3.529310E+00 1.607655E+00 1.244707E-05
3.526878E+00 1.607708E+00 1.228068E-05
3.524449E+00 1.607761E+00 1.211621E-05
3.522023E+00 1.607814E+00 1.195367E-05
3.519601E+00 1.607867E+00 1.179304E-05
3.517182E+00 1.607919E+00 1.163433E-05
3.514767E+00 1.607972E+00 1.147752E-05
3.512355E+00 1.608024E+00 1.132262E-05
3.509946E+00 1.608077E+00 1.116960E-05
3.507540E+00 1.608129E+00 1.101848E-05
3.505136E+00 1.608181E+00 1.086923E-05
3.502737E+00 1.608233E+00 1.072186E-05
3.500342E+00 1.608285E+00 1.057635E-05
3.497949E+00 1.608336E+00 1.043270E-05
3.495560E+00 1.608388E+00 1.029090E-05
3.493174E+00 1.608439E+00 1.015093E-05
3.490791E+00 1.608491E+00 1.001280E-05
3.488412E+00 1.608542E+00 9.876486E-06
3.486036E+00 1.608593E+00 9.741984E-06
3.483663E+00 1.608644E+00 9.609282E-06
3.481293E+00 1.608695E+00 9.478371E-06
3.478926E+00 1.608746E+00 9.349238E-06
3.476563E+00 1.608796E+00 9.221874E-06
3.474202E+00 1.608847E+00 9.096266E-06
3.471845E+00 1.608897E+00 8.972403E-06
3.469491E+00 1.608948E+00 8.850273E-06
3.467141E+00 1.608998E+00 8.729865E-06
3.464793E+00 1.609048E+00 8.611165E-06
3.462449E+00 1.609098E+00 8.494161E-06
3.460108E+00 1.609148E+00 8.378840E-06
3.457770E+00 1.609197E+00 8.265189E-06
3.455436E+00 1.609247E+00 8.153195E-06
3.453104E+00 1.609296E+00 8.042844E-06
3.450776E+00 1.609346E+00 7.934122E-06
3.448451E+00 1.609395E+00 7.827017E-06
3.446127E+00 1.609444E+00 7.721513E-06
3.443808E+00 1.609493E+00 7.617597E-06
3.441493E+00 1.609542E+00 7.515254E-06
3.439180E+00 1.609591E+00 7.414470E-06
3.436870E+00 1.609640E+00 7.315229E-06
3.434564E+00 1.609689E+00 7.217519E-06
3.432260E+00 1.609737E+00 7.121322E-06
3.429960E+00 1.609785E+00 7.026626E-06
3.427663E+00 1.609834E+00 6.933413E-06
3.425368E+00 1.609882E+00 6.841670E-06
3.423077E+00 1.609930E+00 6.751381E-06
3.420789E+00 1.609978E+00 6.662531E-06
3.418504E+00 1.610026E+00 6.575103E-06
3.416221E+00 1.610074E+00 6.489084E-06
3.413942E+00 1.610121E+00 6.404456E-06
3.411666E+00 1.610169E+00 6.321205E-06
3.409393E+00 1.610216E+00 6.239315E-06
3.407124E+00 1.610264E+00 6.158770E-06
3.404857E+00 1.610311E+00 6.079555E-06
3.402593E+00 1.610358E+00 6.001653E-06
3.400332E+00 1.610405E+00 5.925049E-06
3.398075E+00 1.610452E+00 5.849727E-06
3.395820E+00 1.610499E+00 5.775672E-06
3.393568E+00 1.610546E+00 5.702867E-06
3.391319E+00 1.610592E+00 5.631297E-06
3.389072E+00 1.610639E+00 5.560946E-06
3.386829E+00 1.610685E+00 5.491799E-06
3.384590E+00 1.610731E+00 5.423839E-06
3.382353E+00 1.610778E+00 5.357050E-06
3.380119E+00 1.610824E+00 5.291419E-06
3.377888E+00 1.610870E+00 5.226927E-06
3.375660E+00 1.610916E+00 5.163561E-06
3.373434E+00 1.610961E+00 5.101304E-06
3.371212E+00 1.611007E+00 5.040142E-06
3.368993E+00 1.611053E+00 4.980058E-06
3.366777E+00 1.611098E+00 4.921037E-06
3.364563E+00 1.611144E+00 4.863064E-06
3.362353E+00 1.611189E+00 4.806124E-06
3.360144E+00 1.611234E+00 4.750202E-06
3.357939E+00 1.611279E+00 4.695282E-06
3.355737E+00 1.611324E+00 4.641350E-06
3.353538E+00 1.611369E+00 4.588390E-06
3.351342E+00 1.611414E+00 4.536389E-06
3.349149E+00 1.611459E+00 4.485331E-06
3.346959E+00 1.611503E+00 4.435201E-06
3.344771E+00 1.611548E+00 4.385986E-06
3.342587E+00 1.611592E+00 4.337671E-06
3.340405E+00 1.611637E+00 4.290241E-06
3.338226E+00 1.611681E+00 4.243682E-06
3.336050E+00 1.611725E+00 4.197980E-06
3.333877E+00 1.611769E+00 4.153122E-06
3.331705E+00 1.611813E+00 4.109093E-06
3.329538E+00 1.611857E+00 4.065880E-06
3.327373E+00 1.611901E+00 4.023469E-06
3.325211E+00 1.611944E+00 3.981847E-06
3.323052E+00 1.611988E+00 3.941000E-06
3.320895E+00 1.612031E+00 3.900915E-06
3.318742E+00 1.612075E+00 3.861579E-06
3.316591E+00 1.612118E+00 3.822980E-06
3.314443E+00 1.612161E+00 3.785103E-06
3.312298E+00 1.612204E+00 3.747937E-06
3.310156E+00 1.612247E+00 3.711469E-06
3.308016E+00 1.612290E+00 3.675686E-06
3.305878E+00 1.612333E+00 3.640577E-06
3.303744E+00 1.612376E+00 3.606129E-06
3.301613E+00 1.612418E+00 3.572330E-06
3.299484E+00 1.612461E+00 3.539168E-06
3.297358E+00 1.612503E+00 3.506632E-06
3.295235E+00 1.612546E+00 3.474709E-06
3.293115E+00 1.612588E+00 3.443390E-06
3.290997E+00 1.612630E+00 3.412661E-06
3.288882E+00 1.612672E+00 3.382512E-06
3.286770E+00 1.612714E+00 3.352933E-06
3.284660E+00 1.612756E+00 3.323911E-06
3.282553E+00 1.612798E+00 3.295437E-06
3.280449E+00 1.612840E+00 3.267500E-06
3.278347E+00 1.612881E+00 3.240089E-06
3.276248E+00 1.612923E+00 3.213195E-06
3.274152E+00 1.612964E+00 3.186806E-06
3.272059E+00 1.613006E+00 3.160913E-06
3.269968E+00 1.613047E+00 3.135507E-06
3.267880E+00 1.613088E+00 3.110576E-06
3.265795E+00 1.613129E+00 3.086113E-06
3.263712E+00 1.613171E+00 3.062107E-06
3.261632E+00 1.613211E+00 3.038549E-06
3.259554E+00 1.613252E+00 3.015430E-06
3.257480E+00 1.613293E+00 2.992741E-06
3.255408E+00 1.613334E+00 2.970473E-06
3.253338E+00 1.613374E+00 2.948617E-06
3.251270E+00 1.613415E+00 2.927165E-06
3.249206E+00 1.613455E+00 2.906109E-06
3.247144E+00 1.613496E+00 2.885439E-06
3.245085E+00 1.613536E+00 2.865148E-06
3.243029E+00 1.613576E+00 2.845228E-06
3.240975E+00 1.613616E+00 2.825671E-06
3.238924E+00 1.613656E+00 2.806468E-06
3.236876E+00 1.613696E+00 2.787614E-06
3.234830E+00 1.613736E+00 2.769099E-06
3.232786E+00 1.613776E+00 2.750916E-06
3.230745E+00 1.613816E+00 2.733059E-06
3.228707E+00 1.613855E+00 2.715520E-06
3.226670E+00 1.613895E+00 2.698293E-06
3.224637E+00 1.613934E+00 2.681369E-06
3.222607E+00 1.613973E+00 2.664744E-06
3.220579E+00 1.614013E+00 2.648409E-06
3.218553E+00 1.614052E+00 2.632358E-06
3.216530E+00 1.614091E+00 2.616586E-06
3.214510E+00 1.614130E+00 2.601086E-06
3.212492E+00 1.614169E+00 2.585851E-06
3.210477E+00 1.614208E+00 2.570876E-06
3.208464E+00 1.614247E+00 2.556154E-06
3.206454E+00 1.614285E+00 2.541681E-06
3.204446E+00 1.614324E+00 2.527450E-06
3.202441E+00 1.614363E+00 2.513456E-06
3.200437E+00 1.614401E+00 2.499693E-06
3.198437E+00 1.614439E+00 2.486156E-06
3.196439E+00 1.614478E+00 2.472839E-06
3.194444E+00 1.614516E+00 2.459738E-06
3.192452E+00 1.614554E+00 2.446848E-06
3.190461E+00 1.614592E+00 2.434163E-06
3.188474E+00 1.614630E+00 2.421679E-06
3.186488E+00 1.614668E+00 2.409391E-06
3.184505E+00 1.614706E+00 2.397295E-06
3.182525E+00 1.614744E+00 2.385386E-06
3.180547E+00 1.614781E+00 2.373659E-06
3.178572E+00 1.614819E+00 2.362110E-06
3.176599E+00 1.614857E+00 2.350735E-06
3.174627E+00 1.614894E+00 2.339530E-06
3.172659E+00 1.614931E+00 2.328490E-06
3.170694E+00 1.614969E+00 2.317613E-06
3.168730E+00 1.615006E+00 2.306893E-06
3.166770E+00 1.615043E+00 2.296327E-06
3.164811E+00 1.615080E+00 2.285912E-06
3.162855E+00 1.615117E+00 2.275643E-06
3.160902E+00 1.615154E+00 2.265518E-06
3.158951E+00 1.615191E+00 2.255532E-06
3.157002E+00 1.615228E+00 2.245683E-06
3.155056E+00 1.615264E+00 2.235966E-06
3.153112E+00 1.615301E+00 2.226380E-06
3.151169E+00 1.615338E+00 2.216920E-06
3.149230E+00 1.615374E+00 2.207584E-06
3.147294E+00 1.615411E+00 2.198368E-06
3.145359E+00 1.615447E+00 2.189270E-06
3.143427E+00 1.615483E+00 2.180286E-06
3.141498E+00 1.615519E+00 2.171415E-06
3.139571E+00 1.615555E+00 2.162653E-06
3.137646E+00 1.615592E+00 2.153997E-06
3.135723E+00 1.615627E+00 2.145445E-06
3.133803E+00 1.615663E+00 2.136995E-06
3.131885E+00 1.615699E+00 2.128643E-06
3.129970E+00 1.615735E+00 2.120388E-06
3.128057E+00 1.615771E+00 2.112227E-06
3.126145E+00 1.615806E+00 2.104158E-06
3.124237E+00 1.615842E+00 2.096179E-06
3.122330E+00 1.615877E+00 2.088287E-06
3.120427E+00 1.615913E+00 2.080481E-06
3.118525E+00 1.615948E+00 2.072757E-06
3.116626E+00 1.615983E+00 2.065115E-06
3.114729E+00 1.616018E+00 2.057552E-06
3.112835E+00 1.616054E+00 2.050066E-06
3.110942E+00 1.616089E+00 2.042656E-06
3.109053E+00 1.616124E+00 2.035320E-06
3.107165E+00 1.616159E+00 2.028055E-06
3.105280E+00 1.616193E+00 2.020860E-06
3.103396E+00 1.616228E+00 2.013734E-06
3.101515E+00 1.616263E+00 2.006675E-06
3.099636E+00 1.616297E+00 1.999680E-06
3.097760E+00 1.616332E+00 1.992750E-06
3.095886E+00 1.616367E+00 1.985881E-06
3.094014E+00 1.616401E+00 1.979073E-06
3.092145E+00 1.616435E+00 1.972325E-06
3.090278E+00 1.616470E+00 1.965634E-06
3.088413E+00 1.616504E+00 1.959000E-06
3.086550E+00 1.616538E+00 1.952421E-06
3.084690E+00 1.616572E+00 1.945896E-06
3.082832E+00 1.616606E+00 1.939423E-06
3.080976E+00 1.616640E+00 1.933002E-06
3.079121E+00 1.616674E+00 1.926631E-06
3.077270E+00 1.616708E+00 1.920309E-06
3.075420E+00 1.616742E+00 1.914035E-06
3.073573E+00 1.616775E+00 1.907808E-06
3.071729E+00 1.616809E+00 1.901626E-06
3.069886E+00 1.616842E+00 1.895490E-06
3.068046E+00 1.616876E+00 1.889397E-06
3.066207E+00 1.616909E+00 1.883347E-06
3.064371E+00 1.616943E+00 1.877340E-06
3.062538E+00 1.616976E+00 1.871373E-06
3.060706E+00 1.617009E+00 1.865446E-06
3.058877E+00 1.617042E+00 1.859558E-06
3.057049E+00 1.617076E+00 1.853709E-06
3.055223E+00 1.617109E+00 1.847897E-06
3.053401E+00 1.617142E+00 1.842122E-06
3.051580E+00 1.617174E+00 1.836383E-06
3.049761E+00 1.617207E+00 1.830679E-06
3.047945E+00 1.617240E+00 1.825010E-06
3.046131E+00 1.617273E+00 1.819375E-06
3.044319E+00 1.617305E+00 1.813772E-06
3.042509E+00 1.617338E+00 1.808203E-06
3.040701E+00 1.617371E+00 1.802665E-06
3.038896E+00 1.617403E+00 1.797158E-06
3.037092E+00 1.617435E+00 1.791682E-06
3.035291E+00 1.617468E+00 1.786236E-06
3.033491E+00 1.617500E+00 1.780819E-06
3.031694E+00 1.617532E+00 1.775431E-06
3.029899E+00 1.617565E+00 1.770072E-06
3.028106E+00 1.617597E+00 1.764740E-06
3.026316E+00 1.617629E+00 1.759436E-06
3.024527E+00 1.617661E+00 1.754158E-06
3.022741E+00 1.617693E+00 1.748907E-06
3.020956E+00 1.617724E+00 1.743682E-06
3.019174E+00 1.617756E+00 1.738482E-06
3.017394E+00 1.617788E+00 1.733307E-06
3.015616E+00 1.617820E+00 1.728157E-06
3.013840E+00 1.617851E+00 1.723030E-06
3.012066E+00 1.617883E+00 1.717928E-06
3.010294E+00 1.617914E+00 1.712849E-06
3.008524E+00 1.617946E+00 1.707793E-06
3.006756E+00 1.617977E+00 1.702759E-06
3.004991E+00 1.618008E+00 1.697748E-06
3.003228E+00 1.618040E+00 1.692759E-06
3.001466E+00 1.618071E+00 1.687791E-06
2.999707E+00 1.618102E+00 1.682844E-06
2.997950E+00 1.618133E+00 1.677919E-06
2.996195E+00 1.618164E+00 1.673014E-06
2.994441E+00 1.618195E+00 1.668129E-06
2.992690E+00 1.618226E+00 1.663265E-06
2.990941E+00 1.618257E+00 1.658420E-06
2.989194E+00 1.618287E+00 1.653595E-06
2.987449E+00 1.618318E+00 1.648789E-06
2.985706E+00 1.618349E+00 1.644002E-06
2.983965E+00 1.618379E+00 1.639234E-06
2.982226E+00 1.618410E+00 1.634484E-06
2.980489E+00 1.618440E+00 1.629753E-06
2.978754E+00 1.618471E+00 1.625040E-06
2.977022E+00 1.618501E+00 1.620344E-06
2.975291E+00 1.618532E+00 1.615666E-06
2.973562E+00 1.618562E+00 1.611006E-06
2.971835E+00 1.618592E+00 1.606362E-06
2.970111E+00 1.618622E+00 1.601736E-06
2.968388E+00 1.618652E+00 1.597127E-06
2.966666E+00 1.618682E+00 1.592534E-06
2.964948E+00 1.618712E+00 1.587958E-06
2.963231E+00 1.618742E+00 1.583398E-06
2.961516E+00 1.618772E+00 1.578854E-06
2.959803E+00 1.618802E+00 1.574326E-06
2.958092E+00 1.618832E+00 1.569814E-06
2.956384E+00 1.618861E+00 1.565317E-06
2.954677E+00 1.618891E+00 1.560836E-06
2.952972E+00 1.618920E+00 1.556371E-06
2.951269E+00 1.618950E+00 1.551920E-06
2.949568E+00 1.618979E+00 1.547485E-06
2.947869E+00 1.619009E+00 1.543065E-06
2.946172E+00 1.619038E+00 1.538659E-06
2.944476E+00 1.619068E+00 1.534268E-06
2.942783E+00 1.619097E+00 1.529892E-06
2.941092E+00 1.619126E+00 1.525530E-06
2.939402E+00 1.619155E+00 1.521182E-06
2.937715E+00 1.619184E+00 1.516849E-06
2.936030E+00 1.619213E+00 1.512530E-06
2.934346E+00 1.619242E+00 1.508224E-06
2.932665E+00 1.619271E+00 1.503933E-06
2.930985E+00 1.619300E+00 1.499655E-06
2.929308E+00 1.619329E+00 1.495391E-06
2.927632E+00 1.619358E+00 1.491141E-06
2.925958E+00 1.619386E+00 1.486904E-06
2.924286E+00 1.619415E+00 1.482680E-06
2.922615E+00 1.619444E+00 1.478470E-06
2.920947E+00 1.619472E+00 1.474273E-06
2.919281E+00 1.619501E+00 1.470089E-06
2.917617E+00 1.619529E+00 1.465918E-06
2.915954E+00 1.619558E+00 1.461760E-06
2.914294E+00 1.619586E+00 1.457615E-06
2.912635E+00 1.619614E+00 1.453483E-06
2.910978E+00 1.619643E+00 1.449363E-06
2.909324E+00 1.619671E+00 1.445257E-06
2.907671E+00 1.619699E+00 1.441162E-06
2.906020E+00 1.619727E+00 1.437080E-06
2.904370E+00 1.619755E+00 1.433011E-06
2.902722E+00 1.619783E+00 1.428954E-06
2.901077E+00 1.619811E+00 1.424909E-06
2.899433E+00 1.619839E+00 1.420877E-06
2.897791E+00 1.619867E+00 1.416856E-06
2.896152E+00 1.619894E+00 1.412848E-06
2.894514E+00 1.619922E+00 1.408852E-06
2.892877E+00 1.619950E+00 1.404867E-06
2.891243E+00 1.619977E+00 1.400895E-06
2.889611E+00 1.620005E+00 1.396934E-06
2.887980E+00 1.620033E+00 1.392986E-06
2.886351E+00 1.620060E+00 1.389049E-06
2.884724E+00 1.620087E+00 1.385123E-06
2.883099E+00 1.620115E+00 1.381210E-06
2.881475E+00 1.620142E+00 1.377307E-06
2.879853E+00 1.620169E+00 1.373417E-06
2.878234E+00 1.620197E+00 1.369538E-06
2.876616E+00 1.620224E+00 1.365670E-06
2.875000E+00 1.620251E+00 1.361813E-06
2.873386E+00 1.620278E+00 1.357968E-06
2.871773E+00 1.620305E+00 1.354135E-06
2.870163E+00 1.620332E+00 1.350312E-06
2.868554E+00 1.620359E+00 1.346501E-06
2.866947E+00 1.620386E+00 1.342700E-06
2.865342E+00 1.620413E+00 1.338911E-06
2.863738E+00 1.620440E+00 1.335133E-06
2.862136E+00 1.620466E+00 1.331366E-06
2.860536E+00 1.620493E+00 1.327609E-06
2.858938E+00 1.620520E+00 1.323864E-06
2.857342E+00 1.620546E+00 1.320129E-06
2.855748E+00 1.620573E+00 1.316406E-06
2.854155E+00 1.620599E+00 1.312693E-06
2.852564E+00 1.620626E+00 1.308991E-06
2.850975E+00 1.620652E+00 1.305299E-06
2.849388E+00 1.620679E+00 1.301618E-06
2.847802E+00 1.620705E+00 1.297948E-06
2.846218E+00 1.620731E+00 1.294288E-06
2.844636E+00 1.620757E+00 1.290639E-06
2.843056E+00 1.620784E+00 1.287000E-06
2.841477E+00 1.620810E+00 1.283372E-06
2.839900E+00 1.620836E+00 1.279754E-06
2.838325E+00 1.620862E+00 1.276147E-06
2.836751E+00 1.620888E+00 1.272550E-06
2.835180E+00 1.620914E+00 1.268963E-06
2.833610E+00 1.620940E+00 1.265386E-06
2.832042E+00 1.620966E+00 1.261820E-06
2.830476E+00 1.620991E+00 1.258264E-06
2.828911E+00 1.621017E+00 1.254718E-06
2.827348E+00 1.621043E+00 1.251182E-06
2.825787E+00 1.621069E+00 1.247656E-06
2.824228E+00 1.621094E+00 1.244140E-06
2.822670E+00 1.621120E+00 1.240635E-06
2.821113E+00 1.621145E+00 1.237139E-06
2.819559E+00 1.621171E+00 1.233653E-06
2.818006E+00 1.621196E+00 1.230177E-06
2.816456E+00 1.621222E+00 1.226711E-06
2.814906E+00 1.621247E+00 1.223255E-06
2.813359E+00 1.621272E+00 1.219809E-06
2.811813E+00 1.621298E+00 1.216372E-06
2.810269E+00 1.621323E+00 1.212945E-06
2.808727E+00 1.621348E+00 1.209528E-06
2.807186E+00 1.621373E+00 1.206121E-06
2.805647E+00 1.621398E+00 1.202723E-06
2.804110E+00 1.621423E+00 1.199335E-06
2.802574E+00 1.621448E+00 1.195956E-06
2.801040E+00 1.621473E+00 1.192587E-06
2.799507E+00 1.621498E+00 1.189228E-06
2.797977E+00 1.621523E+00 1.185878E-06
2.796448E+00 1.621548E+00 1.182537E-06
2.794921E+00 1.621573E+00 1.179206E-06
2.793395E+00 1.621597E+00 1.175885E-06
2.791871E+00 1.621622E+00 1.172572E-06
2.790349E+00 1.621647E+00 1.169270E-06
2.788829E+00 1.621671E+00 1.165976E-06
2.787310E+00 1.621696E+00 1.162692E-06
2.785792E+00 1.621720E+00 1.159417E-06
2.784277E+00 1.621745E+00 1.156151E-06
2.782762E+00 1.621769E+00 1.152894E-06
2.781250E+00 1.621794E+00 1.149647E-06
2.779739E+00 1.621818E+00 1.146408E-06
2.778230E+00 1.621842E+00 1.143179E-06
2.776723E+00 1.621867E+00 1.139959E-06
2.775217E+00 1.621891E+00 1.136748E-06
2.773713E+00 1.621915E+00 1.133546E-06
2.772210E+00 1.621939E+00 1.130353E-06
2.770709E+00 1.621963E+00 1.127169E-06
2.769210E+00 1.621987E+00 1.123993E-06
2.767713E+00 1.622011E+00 1.120827E-06
2.766217E+00 1.622035E+00 1.117670E-06
2.764722E+00 1.622059E+00 1.114521E-06
2.763229E+00 1.622083E+00 1.111382E-06
2.761737E+00 1.622107E+00 1.108251E-06
2.760248E+00 1.622131E+00 1.105129E-06
2.758760E+00 1.622155E+00 1.102016E-06
2.757274E+00 1.622178E+00 1.098911E-06
2.755789E+00 1.622202E+00 1.095815E-06
2.754306E+00 1.622226E+00 1.092728E-06
2.752824E+00 1.622249E+00 1.089649E-06
2.751344E+00 1.622273E+00 1.086579E-06
2.749866E+00 1.622296E+00 1.083518E-06
2.748389E+00 1.622320E+00 1.080465E-06
2.746914E+00 1.622343E+00 1.077421E-06
2.745440E+00 1.622367E+00 1.074385E-06
2.743968E+00 1.622390E+00 1.071358E-06
2.742497E+00 1.622413E+00 1.068339E-06
2.741028E+00 1.622437E+00 1.065329E-06
2.739561E+00 1.622460E+00 1.062327E-06
2.738095E+00 1.622483E+00 1.059333E-06
2.736631E+00 1.622506E+00 1.056348E-06
2.735168E+00 1.622529E+00 1.053371E-06
2.733707E+00 1.622552E+00 1.050403E-06
2.732248E+00 1.622575E+00 1.047443E-06
2.730790E+00 1.622598E+00 1.044491E-06
2.729334E+00 1.622621E+00 1.041547E-06
2.727879E+00 1.622644E+00 1.038611E-06
2.726425E+00 1.622667E+00 1.035684E-06
2.724973E+00 1.622690E+00 1.032765E-06
2.723523E+00 1.622713E+00 1.029854E-06
2.722074E+00 1.622736E+00 1.026951E-06
2.720627E+00 1.622758E+00 1.024056E-06
2.719182E+00 1.622781E+00 1.021169E-06
2.717738E+00 1.622804E+00 1.018290E-06
2.716295E+00 1.622826E+00 1.015420E-06
2.714854E+00 1.622849E+00 1.012557E-06
2.713415E+00 1.622872E+00 1.009702E-06
2.711977E+00 1.622894E+00 1.006855E-06
2.710541E+00 1.622916E+00 1.004016E-06
2.709106E+00 1.622939E+00 1.001185E-06
2.707672E+00 1.622961E+00 9.983624E-07
2.706240E+00 1.622984E+00 9.955471E-07
2.704810E+00 1.623006E+00 9.927396E-07
2.703381E+00 1.623028E+00 9.899400E-07
2.701953E+00 1.623050E+00 9.871481E-07
2.700528E+00 1.623073E+00 9.843640E-07
2.699103E+00 1.623095E+00 9.815877E-07
2.697681E+00 1.623117E+00 9.788190E-07
2.696259E+00 1.623139E+00 9.760581E-07
2.694840E+00 1.623161E+00 9.733048E-07
2.693421E+00 1.623183E+00 9.705591E-07
2.692005E+00 1.623205E+00 9.678211E-07
2.690589E+00 1.623227E+00 9.650906E-07
2.689175E+00 1.623249E+00 9.623678E-07
2.687762E+00 1.623271E+00 9.596525E-07
2.686352E+00 1.623293E+00 9.569447E-07
2.684942E+00 1.623314E+00 9.542445E-07
2.683534E+00 1.623336E+00 9.515517E-07
2.682128E+00 1.623358E+00 9.488664E-07
2.680723E+00 1.623380E+00 9.461885E-07
2.679319E+00 1.623401E+00 9.435181E-07
2.677917E+00 1.623423E+00 9.408551E-07
2.676517E+00 1.623444E+00 9.381994E-07
2.675118E+00 1.623466E+00 9.355511E-07
2.673720E+00 1.623488E+00 9.329101E-07
2.672323E+00 1.623509E+00 9.302765E-07
2.670929E+00 1.623530E+00 9.276501E-07
2.669536E+00 1.623552E+00 9.250310E-07
2.668144E+00 1.623573E+00 9.224192E-07
2.666753E+00 1.623595E+00 9.198146E-07
2.665365E+00 1.623616E+00 9.172172E-07
2.663977E+00 1.623637E+00 9.146270E-07
2.662591E+00 1.623658E+00 9.120439E-07
2.661207E+00 1.623680E+00 9.094680E-07
2.659823E+00 1.623701E+00 9.068993E-07
2.658442E+00 1.623722E+00 9.043376E-07
2.657062E+00 1.623743E+00 9.017830E-07
2.655682E+00 1.623764E+00 8.992355E-07
2.654305E+00 1.623785E+00 8.966950E-07
2.652929E+00 1.623806E+00 8.941615E-07
2.651554E+00 1.623827E+00 8.916350E-07
2.650181E+00 1.623848E+00 8.891155E-07
2.648809E+00 1.623869E+00 8.866030E-07
2.647439E+00 1.623889E+00 8.840974E-07
2.646070E+00 1.623910E+00 8.815988E-07
2.644703E+00 1.623931E+00 8.791070E-07
2.643337E+00 1.623952E+00 8.766221E-07
2.641972E+00 1.623973E+00 8.741441E-07
2.640609E+00 1.623993E+00 8.716729E-07
2.639247E+00 1.624014E+00 8.692085E-07
2.637886E+00 1.624034E+00 8.667510E-07
2.636527E+00 1.624055E+00 8.643002E-07
2.635170E+00 1.624076E+00 8.618562E-07
2.633814E+00 1.624096E+00 8.594189E-07
2.632459E+00 1.624117E+00 8.569883E-07
2.631105E+00 1.624137E+00 8.545644E-07
2.629753E+00 1.624157E+00 8.521473E-07
2.628403E+00 1.624178E+00 8.497368E-07
2.627054E+00 1.624198E+00 8.473329E-07
2.625706E+00 1.624218E+00 8.449357E-07
2.624359E+00 1.624239E+00 8.425450E-07
2.623014E+00 1.624259E+00 8.401610E-07
2.621670E+00 1.624279E+00 8.377835E-07
2.620327E+00 1.624299E+00 8.354126E-07
2.618986E+00 1.624319E+00 8.330482E-07
2.617647E+00 1.624339E+00 8.306903E-07
2.616309E+00 1.624360E+00 8.283389E-07
2.614972E+00 1.624380E+00 8.259940E-07
2.613636E+00 1.624400E+00 8.236555E-07
2.612302E+00 1.624420E+00 8.213235E-07
2.610969E+00 1.624440E+00 8.189979E-07
2.609638E+00 1.624459E+00 8.166787E-07
2.608308E+00 1.624479E+00 8.143659E-07
2.606979E+00 1.624499E+00 8.120594E-07
2.605652E+00 1.624519E+00 8.097593E-07
2.604325E+00 1.624539E+00 8.074656E-07
2.603001E+00 1.624558E+00 8.051781E-07
2.601677E+00 1.624578E+00 8.028969E-07
2.600356E+00 1.624598E+00 8.006220E-07
2.599035E+00 1.624618E+00 7.983534E-07
2.597716E+00 1.624637E+00 7.960910E-07
2.596398E+00 1.624657E+00 7.938348E-07
2.595081E+00 1.624676E+00 7.915848E-07
2.593766E+00 1.624696E+00 7.893410E-07
2.592452E+00 1.624715E+00 7.871034E-07
2.591139E+00 1.624735E+00 7.848719E-07
2.589828E+00 1.624754E+00 7.826465E-07
2.588518E+00 1.624774E+00 7.804273E-07
2.587209E+00 1.624793E+00 7.782142E-07
2.585902E+00 1.624812E+00 7.760071E-07
2.584596E+00 1.624832E+00 7.738061E-07
2.583291E+00 1.624851E+00 7.716112E-07
2.581988E+00 1.624870E+00 7.694223E-07
2.580686E+00 1.624889E+00 7.672394E-07
2.579385E+00 1.624909E+00 7.650624E-07
2.578086E+00 1.624928E+00 7.628915E-07
2.576788E+00 1.624947E+00 7.607265E-07
2.575491E+00 1.624966E+00 7.585675E-07
2.574195E+00 1.624985E+00 7.564144E-07
2.572901E+00 1.625004E+00 7.542672E-07
2.571608E+00 1.625023E+00 7.521259E-07
2.570316E+00 1.625042E+00 7.499905E-07
2.569026E+00 1.625061E+00 7.478609E-07
2.567737E+00 1.625080E+00 7.457372E-07
2.566449E+00 1.625099E+00 7.436193E-07
2.565163E+00 1.625118E+00 7.415073E-07
2.563878E+00 1.625136E+00 7.394010E-07
2.562594E+00 1.625155E+00 7.373005E-07
2.561311E+00 1.625174E+00 7.352057E-07
2.560030E+00 1.625193E+00 7.331167E-07
2.558750E+00 1.625211E+00 7.310335E-07
2.557471E+00 1.625230E+00 7.289559E-07
2.556194E+00 1.625249E+00 7.268840E-07
2.554917E+00 1.625267E+00 7.248179E-07
2.553642E+00 1.625286E+00 7.227574E-07
2.552369E+00 1.625305E+00 7.207025E-07
2.551097E+00 1.625323E+00 7.186533E-07
2.549826E+00 1.625342E+00 7.166096E-07
2.548556E+00 1.625360E+00 7.145716E-07
2.547287E+00 1.625379E+00 7.125392E-07
2.546020E+00 1.625397E+00 7.105124E-07
2.544754E+00 1.625415E+00 7.084911E-07
2.543489E+00 1.625434E+00 7.064753E-07
2.542226E+00 1.625452E+00 7.044651E-07
2.540964E+00 1.625470E+00 7.024603E-07
2.539703E+00 1.625489E+00 7.004611E-07
2.538442E+00 1.625507E+00 6.984673E-07
2.537184E+00 1.625525E+00 6.964790E-07
2.535926E+00 1.625543E+00 6.944962E-07
2.534670E+00 1.625561E+00 6.925187E-07
2.533416E+00 1.625579E+00 6.905467E-07
2.532162E+00 1.625598E+00 6.885801E-07
2.530910E+00 1.625616E+00 6.866189E-07
2.529659E+00 1.625634E+00 6.846631E-07
2.528409E+00 1.625652E+00 6.827126E-07
2.527161E+00 1.625670E+00 6.807674E-07
2.525913E+00 1.625688E+00 6.788276E-07
2.524667E+00 1.625706E+00 6.768931E-07
2.523422E+00 1.625723E+00 6.749639E-07
2.522178E+00 1.625741E+00 6.730399E-07
2.520936E+00 1.625759E+00 6.711213E-07
2.519695E+00 1.625777E+00 6.692079E-07
2.518455E+00 1.625795E+00 6.672997E-07
2.517216E+00 1.625813E+00 6.653967E-07
2.515978E+00 1.625830E+00 6.634990E-07
2.514742E+00 1.625848E+00 6.616064E-07
2.513507E+00 1.625866E+00 6.597191E-07
2.512273E+00 1.625883E+00 6.578368E-07
2.511040E+00 1.625901E+00 6.559598E-07
2.509809E+00 1.625919E+00 6.540879E-07
2.508579E+00 1.625936E+00 6.522211E-07
2.507349E+00 1.625954E+00 6.503594E-07
2.506121E+00 1.625971E+00 6.485028E-07
2.504895E+00 1.625989E+00 6.466513E-07
2.503669E+00 1.626006E+00 6.448048E-07
2.502445E+00 1.626024E+00 6.429634E-07
2.501222E+00 1.626041E+00 6.411271E-07
2.500000E+00 1.626058E+00 6.392957E-07
