5.117500E+03 2.853198E+00 4.361817E-03
2.558750E+03 2.853046E+00 8.715901E-03
1.705833E+03 2.852792E+00 1.305443E-02
1.279375E+03 2.852438E+00 1.736942E-02
1.023500E+03 2.851984E+00 2.165262E-02
8.529170E+02 2.851430E+00 2.589550E-02
7.310716E+02 2.850777E+00 3.008916E-02
6.396876E+02 2.850027E+00 3.422435E-02
5.686112E+02 2.849182E+00 3.829145E-02
5.117500E+02 2.848245E+00 4.228050E-02
4.652273E+02 2.847220E+00 4.618125E-02
4.264583E+02 2.846112E+00 4.998324E-02
3.936538E+02 2.844924E+00 5.367590E-02
3.655357E+02 2.843666E+00 5.724866E-02
3.411666E+02 2.842343E+00 6.069111E-02
3.198437E+02 2.840966E+00 6.399309E-02
3.010294E+02 2.839544E+00 6.714490E-02
2.843056E+02 2.838088E+00 7.013744E-02
2.693421E+02 2.836612E+00 7.296231E-02
2.558750E+02 2.835128E+00 7.561202E-02
2.436905E+02 2.833651E+00 7.808006E-02
2.326136E+02 2.832196E+00 8.036104E-02
2.225000E+02 2.830779E+00 8.245077E-02
2.132292E+02 2.829417E+00 8.434631E-02
2.047000E+02 2.828128E+00 8.604604E-02
1.968269E+02 2.826928E+00 8.754963E-02
1.895370E+02 2.825835E+00 8.885812E-02
1.827678E+02 2.824868E+00 8.997382E-02
1.764655E+02 2.824044E+00 9.090031E-02
1.705833E+02 2.823382E+00 9.164241E-02
1.650807E+02 2.822900E+00 9.220611E-02
1.599219E+02 2.822615E+00 9.259850E-02
1.550758E+02 2.822546E+00 9.282777E-02
1.505147E+02 2.822710E+00 9.290313E-02
1.462143E+02 2.823126E+00 9.283481E-02
1.421528E+02 2.823812E+00 9.263405E-02
1.383108E+02 2.824787E+00 9.231315E-02
1.346710E+02 2.826070E+00 9.188554E-02
1.312179E+02 2.827681E+00 9.136593E-02
1.279375E+02 2.829641E+00 9.077048E-02
1.248171E+02 2.831972E+00 9.011710E-02
1.218452E+02 2.834699E+00 8.942587E-02
1.190116E+02 2.837847E+00 8.871955E-02
1.163068E+02 2.841445E+00 8.802438E-02
1.137222E+02 2.845524E+00 8.737099E-02
1.112500E+02 2.850120E+00 8.679578E-02
1.088830E+02 2.855271E+00 8.634268E-02
1.066146E+02 2.861021E+00 8.606555E-02
1.044388E+02 2.867417E+00 8.603132E-02
1.023500E+02 2.874512E+00 8.632438E-02
1.003431E+02 2.882361E+00 8.705230E-02
9.841348E+01 2.891021E+00 8.835358E-02
9.655660E+01 2.900545E+00 9.040795E-02
9.476849E+01 2.910975E+00 9.344959E-02
9.304541E+01 2.922320E+00 9.778361E-02
9.138396E+01 2.934534E+00 1.038047E-01
8.978071E+01 2.947464E+00 1.120143E-01
8.823275E+01 2.960772E+00 1.230254E-01
8.673727E+01 2.973820E+00 1.375326E-01
8.529170E+01 2.985515E+00 1.562023E-01
8.389346E+01 2.994160E+00 1.794163E-01
8.254033E+01 2.997442E+00 2.068061E-01
8.123015E+01 2.992806E+00 2.366435E-01
7.996092E+01 2.978438E+00 2.654608E-01
7.873080E+01 2.954639E+00 2.885800E-01
7.753789E+01 2.924558E+00 3.018434E-01
7.638060E+01 2.893249E+00 3.035628E-01
7.525734E+01 2.865522E+00 2.950715E-01
7.416665E+01 2.844281E+00 2.795638E-01
7.310716E+01 2.830296E+00 2.604519E-01
7.207747E+01 2.822932E+00 2.403624E-01
7.107639E+01 2.820980E+00 2.209197E-01
7.010273E+01 2.823200E+00 2.029469E-01
6.915538E+01 2.828547E+00 1.867546E-01
6.823335E+01 2.836228E+00 1.723722E-01
6.733553E+01 2.845671E+00 1.596975E-01
6.646104E+01 2.856474E+00 1.485818E-01
6.560896E+01 2.868362E+00 1.388725E-01
6.477846E+01 2.881142E+00 1.304322E-01
6.396876E+01 2.894681E+00 1.231454E-01
6.317902E+01 2.908883E+00 1.169176E-01
6.240853E+01 2.923674E+00 1.116727E-01
6.165661E+01 2.939000E+00 1.073486E-01
6.092264E+01 2.954815E+00 1.038936E-01
6.020589E+01 2.971082E+00 1.012629E-01
5.950582E+01 2.987770E+00 9.941669E-02
5.882183E+01 3.004858E+00 9.831838E-02
5.815340E+01 3.022329E+00 9.793412E-02
5.750001E+01 3.040173E+00 9.823266E-02
5.686112E+01 3.058388E+00 9.918564E-02
5.623626E+01 3.076978E+00 1.007682E-01
5.562499E+01 3.095955E+00 1.029593E-01
5.502687E+01 3.115335E+00 1.057427E-01
5.444150E+01 3.135142E+00 1.091073E-01
5.386843E+01 3.155403E+00 1.130473E-01
5.330729E+01 3.176150E+00 1.175630E-01
5.275773E+01 3.197421E+00 1.226608E-01
5.221938E+01 3.219257E+00 1.283539E-01
5.169193E+01 3.241702E+00 1.346620E-01
5.117500E+01 3.264804E+00 1.416123E-01
5.066832E+01 3.288615E+00 1.492395E-01
5.017156E+01 3.313190E+00 1.575867E-01
4.968445E+01 3.338587E+00 1.667061E-01
4.920674E+01 3.364870E+00 1.766595E-01
4.873810E+01 3.392104E+00 1.875202E-01
4.827830E+01 3.420360E+00 1.993737E-01
4.782710E+01 3.449710E+00 2.123198E-01
4.738427E+01 3.480234E+00 2.264748E-01
4.694955E+01 3.512014E+00 2.419740E-01
4.652273E+01 3.545134E+00 2.589748E-01
4.610360E+01 3.579685E+00 2.776605E-01
4.569196E+01 3.615756E+00 2.982453E-01
4.528762E+01 3.653439E+00 3.209798E-01
4.489036E+01 3.692824E+00 3.461578E-01
4.450000E+01 3.733994E+00 3.741248E-01
4.411638E+01 3.777023E+00 4.052882E-01
4.373931E+01 3.821964E+00 4.401290E-01
4.336865E+01 3.868840E+00 4.792168E-01
4.300420E+01 3.917627E+00 5.232263E-01
4.264583E+01 3.968226E+00 5.729568E-01
4.229338E+01 4.020433E+00 6.293535E-01
4.194671E+01 4.073885E+00 6.935291E-01
4.160570E+01 4.127995E+00 7.667828E-01
4.127016E+01 4.181849E+00 8.506111E-01
4.094000E+01 4.234077E+00 9.467002E-01
4.061507E+01 4.282673E+00 1.056886E+00
4.029527E+01 4.324761E+00 1.183066E+00
3.998047E+01 4.356240E+00 1.327036E+00
3.967054E+01 4.371176E+00 1.490112E+00
3.936538E+01 4.360813E+00 1.671906E+00
3.906488E+01 4.313274E+00 1.866962E+00
3.876895E+01 4.217925E+00 2.059578E+00
3.847745E+01 4.077354E+00 2.224854E+00
3.819030E+01 3.914594E+00 2.345682E+00
3.790741E+01 3.756586E+00 2.430278E+00
3.762867E+01 3.608964E+00 2.502728E+00
3.735402E+01 3.453816E+00 2.576177E+00
3.708334E+01 3.271277E+00 2.638258E+00
3.681655E+01 3.062899E+00 2.662459E+00
3.655357E+01 2.852085E+00 2.633827E+00
3.629432E+01 2.663055E+00 2.558729E+00
3.603874E+01 2.507221E+00 2.452974E+00
3.578672E+01 2.386021E+00 2.330117E+00
3.553819E+01 2.297461E+00 2.199126E+00
3.529310E+01 2.239171E+00 2.066168E+00
3.505136E+01 2.208887E+00 1.936157E+00
3.481293E+01 2.204224E+00 1.813402E+00
3.457770E+01 2.222440E+00 1.701739E+00
3.434564E+01 2.260349E+00 1.604438E+00
3.411666E+01 2.314407E+00 1.524058E+00
3.389072E+01 2.380918E+00 1.462383E+00
3.366777E+01 2.456270E+00 1.420500E+00
3.344771E+01 2.537077E+00 1.398993E+00
3.323052E+01 2.620179E+00 1.398173E+00
3.301613E+01 2.702512E+00 1.418263E+00
3.280449E+01 2.780876E+00 1.459463E+00
3.259554E+01 2.851668E+00 1.521872E+00
3.238924E+01 2.910634E+00 1.605229E+00
3.218553E+01 2.952728E+00 1.708459E+00
3.198437E+01 2.972217E+00 1.829028E+00
3.178572E+01 2.963207E+00 1.962235E+00
3.158951E+01 2.920716E+00 2.100720E+00
3.139571E+01 2.842186E+00 2.234633E+00
3.120427E+01 2.728937E+00 2.352822E+00
3.101515E+01 2.586767E+00 2.444956E+00
3.082832E+01 2.425104E+00 2.503760E+00
3.064371E+01 2.254959E+00 2.526331E+00
3.046131E+01 2.086635E+00 2.513973E+00
3.028106E+01 1.928170E+00 2.470916E+00
3.010294E+01 1.784855E+00 2.402704E+00
2.992690E+01 1.659568E+00 2.314912E+00
2.975291E+01 1.553490E+00 2.212411E+00
2.958092E+01 1.466837E+00 2.099114E+00
2.941092E+01 1.399448E+00 1.978029E+00
2.924286E+01 1.351200E+00 1.851494E+00
2.907671E+01 1.322267E+00 1.721494E+00
2.891243E+01 1.313200E+00 1.590046E+00
2.875000E+01 1.324828E+00 1.459613E+00
2.858938E+01 1.357882E+00 1.333447E+00
2.843056E+01 1.412360E+00 1.215669E+00
2.827348E+01 1.486879E+00 1.110819E+00
2.811813E+01 1.578472E+00 1.022964E+00
2.796448E+01 1.683131E+00 9.548796E-01
2.781250E+01 1.796723E+00 9.078816E-01
2.766217E+01 1.915660E+00 8.822918E-01
2.751344E+01 2.037032E+00 8.780963E-01
2.736631E+01 2.158341E+00 8.954311E-01
2.722074E+01 2.277040E+00 9.347815E-01
2.707672E+01 2.390039E+00 9.968942E-01
2.693421E+01 2.493258E+00 1.082397E+00
2.679319E+01 2.581372E+00 1.191093E+00
2.665365E+01 2.647996E+00 1.320981E+00
2.651554E+01 2.686609E+00 1.467262E+00
2.637886E+01 2.692321E+00 1.621997E+00
2.624359E+01 2.663882E+00 1.775161E+00
2.610969E+01 2.604637E+00 1.917170E+00
2.597716E+01 2.521335E+00 2.041622E+00
2.584596E+01 2.421278E+00 2.146347E+00
2.571608E+01 2.309766E+00 2.232098E+00
2.558750E+01 2.189490E+00 2.300055E+00
2.546020E+01 2.061874E+00 2.350082E+00
2.533416E+01 1.928942E+00 2.380760E+00
2.520936E+01 1.794213E+00 2.390715E+00
2.508579E+01 1.662226E+00 2.379931E+00
2.496342E+01 1.537382E+00 2.350163E+00
2.484223E+01 1.423014E+00 2.304450E+00
2.472222E+01 1.321083E+00 2.246327E+00
2.460336E+01 1.232368E+00 2.179182E+00
2.448565E+01 1.156844E+00 2.105937E+00
2.436905E+01 1.094048E+00 2.028981E+00
2.425355E+01 1.043325E+00 1.950249E+00
2.413915E+01 1.003974E+00 1.871356E+00
2.402582E+01 9.752852E-01 1.793733E+00
2.391355E+01 9.565138E-01 1.718730E+00
2.380233E+01 9.468078E-01 1.647674E+00
2.369213E+01 9.451084E-01 1.581870E+00
2.358295E+01 9.500591E-01 1.522522E+00
2.347477E+01 9.599595E-01 1.470603E+00
2.336758E+01 9.727999E-01 1.426676E+00
2.326136E+01 9.863946E-01 1.390743E+00
2.315611E+01 9.985946E-01 1.362154E+00
2.305180E+01 1.007532E+00 1.339632E+00
2.294843E+01 1.011840E+00 1.321394E+00
2.284598E+01 1.010795E+00 1.305368E+00
2.274444E+01 1.004364E+00 1.289427E+00
2.264380E+01 9.931578E-01 1.271630E+00
2.254405E+01 9.782934E-01 1.250396E+00
2.244518E+01 9.612248E-01 1.224616E+00
2.234716E+01 9.435622E-01 1.193678E+00
2.225000E+01 9.269218E-01 1.157432E+00
2.215368E+01 9.128221E-01 1.116123E+00
2.205819E+01 9.026247E-01 1.070312E+00
2.196352E+01 8.975089E-01 1.020817E+00
2.186966E+01 8.984555E-01 9.686742E-01
2.177660E+01 9.062211E-01 9.151193E-01
2.168432E+01 9.212888E-01 8.615628E-01
2.159282E+01 9.438004E-01 8.095381E-01
2.150210E+01 9.734984E-01 7.605980E-01
2.141213E+01 1.009719E+00 7.161698E-01
2.132292E+01 1.051468E+00 6.774091E-01
2.123444E+01 1.097564E+00 6.451115E-01
2.114669E+01 1.146799E+00 6.197115E-01
2.105967E+01 1.198063E+00 6.013560E-01
2.097336E+01 1.250407E+00 5.900109E-01
2.088775E+01 1.303042E+00 5.855626E-01
2.080284E+01 1.355309E+00 5.878941E-01
2.071863E+01 1.406622E+00 5.969311E-01
2.063508E+01 1.456413E+00 6.126619E-01
2.055221E+01 1.504069E+00 6.351346E-01
2.047000E+01 1.548881E+00 6.644350E-01
2.038844E+01 1.589991E+00 7.006446E-01
2.030754E+01 1.626353E+00 7.437761E-01
2.022727E+01 1.656711E+00 7.936836E-01
2.014764E+01 1.679610E+00 8.499499E-01
2.006863E+01 1.693459E+00 9.117575E-01
1.999023E+01 1.696658E+00 9.777683E-01
1.991245E+01 1.687807E+00 1.046048E+00
1.983527E+01 1.665973E+00 1.114088E+00
1.975869E+01 1.630955E+00 1.178967E+00
1.968269E+01 1.583485E+00 1.237653E+00
1.960728E+01 1.525244E+00 1.287399E+00
1.953244E+01 1.458691E+00 1.326120E+00
1.945818E+01 1.386724E+00 1.352635E+00
1.938447E+01 1.312280E+00 1.366714E+00
1.931132E+01 1.237996E+00 1.368942E+00
1.923872E+01 1.165994E+00 1.360478E+00
1.916667E+01 1.097808E+00 1.342787E+00
1.909515E+01 1.034420E+00 1.317415E+00
1.902416E+01 9.763550E-01 1.285831E+00
1.895370E+01 9.238000E-01 1.249341E+00
1.888377E+01 8.767114E-01 1.209049E+00
1.881434E+01 8.349055E-01 1.165852E+00
1.874542E+01 7.981270E-01 1.120468E+00
1.867701E+01 7.660971E-01 1.073454E+00
1.860909E+01 7.385461E-01 1.025240E+00
1.854167E+01 7.152338E-01 9.761575E-01
1.847473E+01 6.959622E-01 9.264688E-01
1.840827E+01 6.805816E-01 8.763887E-01
1.834229E+01 6.689917E-01 8.261104E-01
1.827678E+01 6.611382E-01 7.758282E-01
1.821175E+01 6.570034E-01 7.257586E-01
1.814716E+01 6.565899E-01 6.761608E-01
1.808304E+01 6.598958E-01 6.273509E-01
1.801937E+01 6.668817E-01 5.797070E-01
1.795614E+01 6.774335E-01 5.336578E-01
1.789336E+01 6.913308E-01 4.896512E-01
1.783101E+01 7.082322E-01 4.481074E-01
1.776910E+01 7.276870E-01 4.093655E-01
1.770761E+01 7.491733E-01 3.736432E-01
1.764655E+01 7.721500E-01 3.410203E-01
1.758591E+01 7.961068E-01 3.114492E-01
1.752569E+01 8.205994E-01 2.847833E-01
1.746587E+01 8.452659E-01 2.608124E-01
1.740646E+01 8.698278E-01 2.392943E-01
1.734746E+01 8.940811E-01 2.199797E-01
1.728885E+01 9.178837E-01 2.026275E-01
1.723064E+01 9.411419E-01 1.870141E-01
1.717282E+01 9.637988E-01 1.729377E-01
1.711538E+01 9.858243E-01 1.602191E-01
1.705833E+01 1.007207E+00 1.487005E-01
1.700166E+01 1.027950E+00 1.382444E-01
1.694536E+01 1.048065E+00 1.287308E-01
1.688944E+01 1.067569E+00 1.200556E-01
1.683388E+01 1.086484E+00 1.121280E-01
1.677869E+01 1.104833E+00 1.048692E-01
1.672386E+01 1.122642E+00 9.821022E-02
1.666938E+01 1.139936E+00 9.209081E-02
1.661526E+01 1.156739E+00 8.645816E-02
1.656149E+01 1.173077E+00 8.126584E-02
1.650807E+01 1.188973E+00 7.647288E-02
1.645498E+01 1.204449E+00 7.204308E-02
1.640224E+01 1.219528E+00 6.794434E-02
1.634984E+01 1.234230E+00 6.414809E-02
1.629777E+01 1.248576E+00 6.062886E-02
1.624603E+01 1.262584E+00 5.736389E-02
1.619462E+01 1.276272E+00 5.433277E-02
1.614353E+01 1.289656E+00 5.151714E-02
1.609277E+01 1.302754E+00 4.890048E-02
1.604232E+01 1.315580E+00 4.646786E-02
1.599219E+01 1.328149E+00 4.420577E-02
1.594237E+01 1.340474E+00 4.210196E-02
1.589286E+01 1.352569E+00 4.014531E-02
1.584365E+01 1.364446E+00 3.832568E-02
1.579475E+01 1.376117E+00 3.663382E-02
1.574615E+01 1.387594E+00 3.506131E-02
1.569785E+01 1.398886E+00 3.360042E-02
1.564985E+01 1.410005E+00 3.224408E-02
1.560213E+01 1.420960E+00 3.098580E-02
1.555471E+01 1.431761E+00 2.981963E-02
1.550758E+01 1.442417E+00 2.874009E-02
1.546072E+01 1.452937E+00 2.774216E-02
1.541416E+01 1.463330E+00 2.682119E-02
1.536787E+01 1.473603E+00 2.597292E-02
1.532186E+01 1.483764E+00 2.519342E-02
1.527612E+01 1.493823E+00 2.447906E-02
1.523065E+01 1.503785E+00 2.382652E-02
1.518546E+01 1.513658E+00 2.323272E-02
1.514053E+01 1.523450E+00 2.269482E-02
1.509587E+01 1.533167E+00 2.221024E-02
1.505147E+01 1.542816E+00 2.177657E-02
1.500733E+01 1.552405E+00 2.139165E-02
1.496345E+01 1.561939E+00 2.105345E-02
1.491983E+01 1.571425E+00 2.076016E-02
1.487645E+01 1.580870E+00 2.051012E-02
1.483333E+01 1.590281E+00 2.030182E-02
1.479046E+01 1.599663E+00 2.013392E-02
1.474784E+01 1.609023E+00 2.000520E-02
1.470546E+01 1.618367E+00 1.991460E-02
1.466332E+01 1.627701E+00 1.986118E-02
1.462143E+01 1.637033E+00 1.984414E-02
1.457977E+01 1.646368E+00 1.986281E-02
1.453835E+01 1.655713E+00 1.991663E-02
1.449717E+01 1.665075E+00 2.000518E-02
1.445622E+01 1.674460E+00 2.012815E-02
1.441549E+01 1.683874E+00 2.028537E-02
1.437500E+01 1.693325E+00 2.047677E-02
1.433473E+01 1.702819E+00 2.070243E-02
1.429469E+01 1.712364E+00 2.096255E-02
1.425487E+01 1.721967E+00 2.125746E-02
1.421528E+01 1.731635E+00 2.158764E-02
1.417590E+01 1.741376E+00 2.195368E-02
1.413674E+01 1.751198E+00 2.235637E-02
1.409780E+01 1.761109E+00 2.279662E-02
1.405907E+01 1.771118E+00 2.327553E-02
1.402055E+01 1.781234E+00 2.379437E-02
1.398224E+01 1.791464E+00 2.435459E-02
1.394414E+01 1.801820E+00 2.495789E-02
1.390625E+01 1.812311E+00 2.560615E-02
1.386856E+01 1.822948E+00 2.630152E-02
1.383108E+01 1.833740E+00 2.704642E-02
1.379380E+01 1.844701E+00 2.784356E-02
1.375672E+01 1.855841E+00 2.869598E-02
1.371984E+01 1.867173E+00 2.960706E-02
1.368316E+01 1.878711E+00 3.058061E-02
1.364667E+01 1.890469E+00 3.162086E-02
1.361037E+01 1.902462E+00 3.273254E-02
1.357427E+01 1.914705E+00 3.392093E-02
1.353836E+01 1.927216E+00 3.519195E-02
1.350264E+01 1.940012E+00 3.655217E-02
1.346710E+01 1.953112E+00 3.800899E-02
1.343176E+01 1.966537E+00 3.957068E-02
1.339660E+01 1.980307E+00 4.124649E-02
1.336162E+01 1.994447E+00 4.304684E-02
1.332682E+01 2.008982E+00 4.498342E-02
1.329221E+01 2.023937E+00 4.706940E-02
1.325777E+01 2.039341E+00 4.931964E-02
1.322351E+01 2.055225E+00 5.175092E-02
1.318943E+01 2.071622E+00 5.438223E-02
1.315553E+01 2.088568E+00 5.723515E-02
1.312179E+01 2.106100E+00 6.033418E-02
1.308824E+01 2.124261E+00 6.370725E-02
1.305485E+01 2.143094E+00 6.738629E-02
1.302163E+01 2.162649E+00 7.140787E-02
1.298858E+01 2.182977E+00 7.581402E-02
1.295570E+01 2.204135E+00 8.065313E-02
1.292298E+01 2.226184E+00 8.598121E-02
1.289043E+01 2.249191E+00 9.186318E-02
1.285804E+01 2.273226E+00 9.837464E-02
1.282581E+01 2.298367E+00 1.056039E-01
1.279375E+01 2.324696E+00 1.136547E-01
1.276185E+01 2.352301E+00 1.226489E-01
1.273010E+01 2.381277E+00 1.327311E-01
1.269851E+01 2.411722E+00 1.440728E-01
1.266708E+01 2.443736E+00 1.568787E-01
1.263580E+01 2.477422E+00 1.713941E-01
1.260468E+01 2.512879E+00 1.879141E-01
1.257371E+01 2.550194E+00 2.067950E-01
1.254289E+01 2.589434E+00 2.284680E-01
1.251222E+01 2.630626E+00 2.534557E-01
1.248171E+01 2.673735E+00 2.823905E-01
1.245134E+01 2.718618E+00 3.160342E-01
1.242112E+01 2.764972E+00 3.552942E-01
1.239104E+01 2.812240E+00 4.012288E-01
1.236111E+01 2.859485E+00 4.550249E-01
1.233133E+01 2.905224E+00 5.179170E-01
1.230168E+01 2.947216E+00 5.909968E-01
1.227218E+01 2.982274E+00 6.748371E-01
1.224282E+01 3.006202E+00 7.688524E-01
1.221360E+01 3.014157E+00 8.703960E-01
1.218452E+01 3.001749E+00 9.738444E-01
1.215558E+01 2.967116E+00 1.070364E+00
1.212678E+01 2.913394E+00 1.149338E+00
1.209811E+01 2.850030E+00 1.201805E+00
1.206957E+01 2.791262E+00 1.224572E+00
1.204118E+01 2.751894E+00 1.222445E+00
1.201291E+01 2.742664E+00 1.207105E+00
1.198478E+01 2.767651E+00 1.193571E+00
1.195678E+01 2.824462E+00 1.196490E+00
1.192890E+01 2.906095E+00 1.227999E+00
1.190116E+01 3.002739E+00 1.297415E+00
1.187355E+01 3.102359E+00 1.411756E+00
1.184606E+01 3.189994E+00 1.575692E+00
1.181871E+01 3.246682E+00 1.789768E+00
1.179148E+01 3.249954E+00 2.046450E+00
1.176437E+01 3.178545E+00 2.325545E+00
1.173739E+01 3.022161E+00 2.593906E+00
1.171053E+01 2.790766E+00 2.814635E+00
1.168379E+01 2.513377E+00 2.962484E+00
1.165718E+01 2.224932E+00 3.032839E+00
1.163068E+01 1.952555E+00 3.037756E+00
1.160431E+01 1.710585E+00 2.995766E+00
1.157805E+01 1.503043E+00 2.924146E+00
1.155192E+01 1.328126E+00 2.835909E+00
1.152590E+01 1.181657E+00 2.739771E+00
1.150000E+01 1.059007E+00 2.641155E+00
1.147422E+01 9.559323E-01 2.543254E+00
1.144855E+01 8.688497E-01 2.447842E+00
1.142299E+01 7.948434E-01 2.355828E+00
1.139755E+01 7.315842E-01 2.267605E+00
1.137222E+01 6.772233E-01 2.183265E+00
1.134701E+01 6.302933E-01 2.102737E+00
1.132190E+01 5.896258E-01 2.025859E+00
1.129691E+01 5.542851E-01 1.952430E+00
1.127203E+01 5.235161E-01 1.882233E+00
1.124725E+01 4.967053E-01 1.815055E+00
1.122259E+01 4.733494E-01 1.750692E+00
1.119803E+01 4.530322E-01 1.688955E+00
1.117358E+01 4.354063E-01 1.629669E+00
1.114924E+01 4.201794E-01 1.572677E+00
1.112500E+01 4.071031E-01 1.517836E+00
1.110087E+01 3.959644E-01 1.465017E+00
1.107684E+01 3.865793E-01 1.414106E+00
1.105292E+01 3.787870E-01 1.364999E+00
1.102910E+01 3.724458E-01 1.317605E+00
1.100538E+01 3.674296E-01 1.271839E+00
1.098176E+01 3.636249E-01 1.227627E+00
1.095824E+01 3.609286E-01 1.184902E+00
1.093483E+01 3.592456E-01 1.143603E+00
1.091151E+01 3.584874E-01 1.103676E+00
1.088830E+01 3.585705E-01 1.065067E+00
1.086518E+01 3.594151E-01 1.027731E+00
1.084216E+01 3.609445E-01 9.916217E-01
1.081924E+01 3.630837E-01 9.566940E-01
1.079641E+01 3.657592E-01 9.229038E-01
1.077368E+01 3.688991E-01 8.902050E-01
1.075105E+01 3.724324E-01 8.585488E-01
1.072851E+01 3.762899E-01 8.278827E-01
1.070607E+01 3.804047E-01 7.981487E-01
1.068372E+01 3.847135E-01 7.692826E-01
1.066146E+01 3.891576E-01 7.412132E-01
1.063929E+01 3.936849E-01 7.138615E-01
1.061722E+01 3.982521E-01 6.871405E-01
1.059524E+01 4.028266E-01 6.609556E-01
1.057335E+01 4.073895E-01 6.352053E-01
1.055155E+01 4.119379E-01 6.097824E-01
1.052983E+01 4.164875E-01 5.845761E-01
1.050821E+01 4.210757E-01 5.594753E-01
1.048668E+01 4.257638E-01 5.343717E-01
1.046524E+01 4.306387E-01 5.091655E-01
1.044388E+01 4.358149E-01 4.837712E-01
1.042261E+01 4.414339E-01 4.581255E-01
1.040142E+01 4.476619E-01 4.321963E-01
1.038032E+01 4.546850E-01 4.059930E-01
1.035931E+01 4.626989E-01 3.795765E-01
1.033838E+01 4.718936E-01 3.530666E-01
1.031754E+01 4.824339E-01 3.266452E-01
1.029678E+01 4.944356E-01 3.005496E-01
1.027610E+01 5.079449E-01 2.750558E-01
1.025551E+01 5.229250E-01 2.504516E-01
1.023500E+01 5.392562E-01 2.270055E-01
1.021457E+01 5.567503E-01 2.049390E-01
1.019422E+01 5.751745E-01 1.844080E-01
1.017396E+01 5.942780E-01 1.654988E-01
1.015377E+01 6.138157E-01 1.482330E-01
1.013366E+01 6.335644E-01 1.325804E-01
1.011364E+01 6.533311E-01 1.184731E-01
1.009369E+01 6.729560E-01 1.058192E-01
1.007382E+01 6.923112E-01 9.451302E-02
1.005403E+01 7.112975E-01 8.444351E-02
1.003431E+01 7.298406E-01 7.549952E-02
1.001468E+01 7.478866E-01 6.757340E-02
9.995112E+00 7.653986E-01 6.056316E-02
9.975630E+00 7.823534E-01 5.437359E-02
9.956222E+00 7.987387E-01 4.891684E-02
9.936891E+00 8.145510E-01 4.411249E-02
9.917634E+00 8.297932E-01 3.988742E-02
9.898452E+00 8.444739E-01 3.617548E-02
9.879344E+00 8.586054E-01 3.291708E-02
9.860309E+00 8.722030E-01 3.005876E-02
9.841348E+00 8.852841E-01 2.755269E-02
9.822459E+00 8.978678E-01 2.535623E-02
9.803643E+00 9.099738E-01 2.343142E-02
9.784899E+00 9.216224E-01 2.174460E-02
9.766226E+00 9.328343E-01 2.026599E-02
9.747615E+00 9.436298E-01 1.896925E-02
9.729084E+00 9.540288E-01 1.783119E-02
9.710623E+00 9.640511E-01 1.683140E-02
9.692233E+00 9.737154E-01 1.595197E-02
9.673912E+00 9.830400E-01 1.517721E-02
9.655660E+00 9.920425E-01 1.449340E-02
9.637477E+00 1.000739E+00 1.388856E-02
9.619362E+00 1.009147E+00 1.335226E-02
9.601315E+00 1.017279E+00 1.287544E-02
9.583336E+00 1.025152E+00 1.245020E-02
9.565424E+00 1.032777E+00 1.206974E-02
9.547578E+00 1.040169E+00 1.172815E-02
9.529800E+00 1.047338E+00 1.142034E-02
9.512078E+00 1.054296E+00 1.114190E-02
9.494431E+00 1.061053E+00 1.088906E-02
9.476849E+00 1.067619E+00 1.065856E-02
9.459333E+00 1.074004E+00 1.044761E-02
9.441881E+00 1.080216E+00 1.025380E-02
9.424493E+00 1.086264E+00 1.007508E-02
9.407170E+00 1.092154E+00 9.909679E-03
9.389909E+00 1.097894E+00 9.756092E-03
9.372712E+00 1.103491E+00 9.613019E-03
9.355578E+00 1.108951E+00 9.479348E-03
9.338507E+00 1.114279E+00 9.354124E-03
9.321498E+00 1.119481E+00 9.236524E-03
9.304541E+00 1.124563E+00 9.125839E-03
9.287655E+00 1.129530E+00 9.021457E-03
9.270831E+00 1.134385E+00 8.922846E-03
9.254067E+00 1.139133E+00 8.829544E-03
9.237363E+00 1.143778E+00 8.741146E-03
9.220720E+00 1.148324E+00 8.657297E-03
9.204137E+00 1.152774E+00 8.577684E-03
9.187613E+00 1.157133E+00 8.502028E-03
9.171148E+00 1.161403E+00 8.430081E-03
9.154743E+00 1.165587E+00 8.361618E-03
9.138396E+00 1.169688E+00 8.296438E-03
9.122107E+00 1.173709E+00 8.234356E-03
9.105876E+00 1.177652E+00 8.175205E-03
9.089694E+00 1.181520E+00 8.118830E-03
9.073579E+00 1.185316E+00 8.065087E-03
9.057520E+00 1.189041E+00 8.013843E-03
9.041518E+00 1.192698E+00 7.964973E-03
9.025572E+00 1.196288E+00 7.918362E-03
9.009683E+00 1.199814E+00 7.873899E-03
8.993849E+00 1.203278E+00 7.831480E-03
8.978071E+00 1.206681E+00 7.791007E-03
8.962348E+00 1.210026E+00 7.752386E-03
8.946680E+00 1.213313E+00 7.715527E-03
8.931067E+00 1.216544E+00 7.680347E-03
8.915509E+00 1.219721E+00 7.646763E-03
8.899996E+00 1.222845E+00 7.614697E-03
8.884545E+00 1.225918E+00 7.584075E-03
8.869148E+00 1.228941E+00 7.554824E-03
8.853804E+00 1.231915E+00 7.526876E-03
8.838513E+00 1.234842E+00 7.500163E-03
8.823275E+00 1.237723E+00 7.474622E-03
8.808089E+00 1.240558E+00 7.450190E-03
8.792956E+00 1.243350E+00 7.426808E-03
8.777874E+00 1.246098E+00 7.404417E-03
8.762844E+00 1.248805E+00 7.382962E-03
8.747866E+00 1.251471E+00 7.362389E-03
8.732938E+00 1.254096E+00 7.342645E-03
8.718061E+00 1.256683E+00 7.323680E-03
8.703228E+00 1.259232E+00 7.305444E-03
8.688452E+00 1.261744E+00 7.287890E-03
8.673727E+00 1.264219E+00 7.270971E-03
8.659051E+00 1.266659E+00 7.254643E-03
8.644425E+00 1.269064E+00 7.238862E-03
8.629848E+00 1.271435E+00 7.223586E-03
8.615320E+00 1.273773E+00 7.208774E-03
8.600841E+00 1.276078E+00 7.194386E-03
8.586411E+00 1.278351E+00 7.180383E-03
8.572029E+00 1.280594E+00 7.166727E-03
8.557695E+00 1.282806E+00 7.153382E-03
8.543409E+00 1.284988E+00 7.140312E-03
8.529170E+00 1.287141E+00 7.127483E-03
8.514972E+00 1.289265E+00 7.114860E-03
8.500828E+00 1.291361E+00 7.102412E-03
8.486731E+00 1.293430E+00 7.090105E-03
8.472681E+00 1.295472E+00 7.077910E-03
8.458677E+00 1.297487E+00 7.065795E-03
8.444719E+00 1.299477E+00 7.053732E-03
8.430808E+00 1.301442E+00 7.041692E-03
8.416942E+00 1.303381E+00 7.029646E-03
8.403121E+00 1.305297E+00 7.017569E-03
8.389346E+00 1.307188E+00 7.005433E-03
8.375616E+00 1.309056E+00 6.993213E-03
8.361931E+00 1.310901E+00 6.980884E-03
8.348284E+00 1.312724E+00 6.968422E-03
8.334688E+00 1.314525E+00 6.955804E-03
8.321136E+00 1.316304E+00 6.943006E-03
8.307628E+00 1.318061E+00 6.930006E-03
8.294164E+00 1.319798E+00 6.916783E-03
8.280744E+00 1.321514E+00 6.903316E-03
8.267367E+00 1.323211E+00 6.889585E-03
8.254033E+00 1.324887E+00 6.875570E-03
8.240742E+00 1.326544E+00 6.861252E-03
8.227493E+00 1.328182E+00 6.846612E-03
8.214288E+00 1.329802E+00 6.831633E-03
8.201124E+00 1.331403E+00 6.816297E-03
8.188003E+00 1.332986E+00 6.800589E-03
8.174917E+00 1.334551E+00 6.784491E-03
8.161879E+00 1.336099E+00 6.767989E-03
8.148883E+00 1.337630E+00 6.751067E-03
8.135929E+00 1.339144E+00 6.733711E-03
8.123015E+00 1.340642E+00 6.715908E-03
8.110142E+00 1.342124E+00 6.697644E-03
8.097310E+00 1.343589E+00 6.678908E-03
8.084519E+00 1.345039E+00 6.659685E-03
8.071768E+00 1.346474E+00 6.639967E-03
8.059057E+00 1.347894E+00 6.619741E-03
8.046386E+00 1.349298E+00 6.598997E-03
8.033755E+00 1.350689E+00 6.577726E-03
8.021163E+00 1.352064E+00 6.555919E-03
8.008604E+00 1.353426E+00 6.533567E-03
7.996092E+00 1.354774E+00 6.510663E-03
7.983618E+00 1.356109E+00 6.487199E-03
7.971183E+00 1.357430E+00 6.463168E-03
7.958786E+00 1.358738E+00 6.438566E-03
7.946428E+00 1.360032E+00 6.413386E-03
7.934109E+00 1.361315E+00 6.387624E-03
7.921827E+00 1.362585E+00 6.361276E-03
7.909584E+00 1.363842E+00 6.334339E-03
7.897378E+00 1.365088E+00 6.306811E-03
7.885210E+00 1.366321E+00 6.278689E-03
7.873080E+00 1.367543E+00 6.249974E-03
7.860980E+00 1.368754E+00 6.220665E-03
7.848924E+00 1.369953E+00 6.190763E-03
7.836905E+00 1.371142E+00 6.160271E-03
7.824922E+00 1.372319E+00 6.129189E-03
7.812976E+00 1.373486E+00 6.097524E-03
7.801067E+00 1.374642E+00 6.065279E-03
7.789193E+00 1.375788E+00 6.032460E-03
7.777356E+00 1.376924E+00 5.999075E-03
7.765555E+00 1.378050E+00 5.965131E-03
7.753789E+00 1.379166E+00 5.930640E-03
7.742059E+00 1.380272E+00 5.895611E-03
7.730365E+00 1.381369E+00 5.860057E-03
7.718706E+00 1.382457E+00 5.823992E-03
7.707076E+00 1.383536E+00 5.787432E-03
7.695487E+00 1.384605E+00 5.750393E-03
7.683932E+00 1.385666E+00 5.712895E-03
7.672413E+00 1.386719E+00 5.674959E-03
7.660927E+00 1.387762E+00 5.636606E-03
7.649477E+00 1.388798E+00 5.597860E-03
7.638060E+00 1.389825E+00 5.558749E-03
7.626677E+00 1.390844E+00 5.519300E-03
7.615328E+00 1.391855E+00 5.479543E-03
7.604013E+00 1.392858E+00 5.439511E-03
7.592732E+00 1.393854E+00 5.399237E-03
7.581484E+00 1.394842E+00 5.358757E-03
7.570269E+00 1.395823E+00 5.318110E-03
7.559082E+00 1.396796E+00 5.277335E-03
7.547933E+00 1.397763E+00 5.236474E-03
7.536817E+00 1.398722E+00 5.195570E-03
7.525734E+00 1.399674E+00 5.154669E-03
7.514684E+00 1.400620E+00 5.113816E-03
7.503666E+00 1.401558E+00 5.073060E-03
7.492680E+00 1.402490E+00 5.032448E-03
7.481726E+00 1.403416E+00 4.992031E-03
7.470804E+00 1.404335E+00 4.951859E-03
7.459914E+00 1.405248E+00 4.911981E-03
7.449056E+00 1.406154E+00 4.872448E-03
7.438229E+00 1.407054E+00 4.833310E-03
7.427428E+00 1.407948E+00 4.794615E-03
7.416665E+00 1.408835E+00 4.756412E-03
7.405932E+00 1.409717E+00 4.718746E-03
7.395230E+00 1.410593E+00 4.681661E-03
7.384559E+00 1.411462E+00 4.645199E-03
7.373919E+00 1.412326E+00 4.609399E-03
7.363309E+00 1.413183E+00 4.574296E-03
7.352730E+00 1.414035E+00 4.539921E-03
7.342182E+00 1.414881E+00 4.506301E-03
7.331663E+00 1.415721E+00 4.473460E-03
7.321175E+00 1.416555E+00 4.441414E-03
7.310716E+00 1.417383E+00 4.410176E-03
7.300288E+00 1.418205E+00 4.379752E-03
7.289884E+00 1.419022E+00 4.350142E-03
7.279514E+00 1.419832E+00 4.321340E-03
7.269175E+00 1.420637E+00 4.293335E-03
7.258864E+00 1.421436E+00 4.266106E-03
7.248583E+00 1.422229E+00 4.239630E-03
7.238331E+00 1.423016E+00 4.213873E-03
7.228108E+00 1.423798E+00 4.188798E-03
7.217913E+00 1.424573E+00 4.164360E-03
7.207747E+00 1.425343E+00 4.140509E-03
7.197610E+00 1.426107E+00 4.117187E-03
7.187502E+00 1.426865E+00 4.094333E-03
7.177422E+00 1.427617E+00 4.071882E-03
7.167364E+00 1.428363E+00 4.049761E-03
7.157341E+00 1.429104E+00 4.027898E-03
7.147345E+00 1.429839E+00 4.006215E-03
7.137377E+00 1.430569E+00 3.984633E-03
7.127436E+00 1.431293E+00 3.963071E-03
7.117524E+00 1.432011E+00 3.941447E-03
7.107639E+00 1.432724E+00 3.919683E-03
7.097781E+00 1.433432E+00 3.897697E-03
7.087951E+00 1.434134E+00 3.875412E-03
7.078148E+00 1.434831E+00 3.852756E-03
7.068372E+00 1.435523E+00 3.829657E-03
7.058623E+00 1.436210E+00 3.806052E-03
7.048900E+00 1.436893E+00 3.781880E-03
7.039200E+00 1.437570E+00 3.757090E-03
7.029531E+00 1.438243E+00 3.731636E-03
7.019889E+00 1.438912E+00 3.705482E-03
7.010273E+00 1.439576E+00 3.678601E-03
7.000683E+00 1.440236E+00 3.650973E-03
6.991120E+00 1.440892E+00 3.622591E-03
6.981583E+00 1.441544E+00 3.593455E-03
6.972071E+00 1.442193E+00 3.563579E-03
6.962586E+00 1.442837E+00 3.532984E-03
6.953126E+00 1.443479E+00 3.501703E-03
6.943692E+00 1.444117E+00 3.469781E-03
6.934284E+00 1.444752E+00 3.437272E-03
6.924901E+00 1.445384E+00 3.404238E-03
6.915538E+00 1.446013E+00 3.370754E-03
6.906206E+00 1.446639E+00 3.336900E-03
6.896899E+00 1.447262E+00 3.302768E-03
6.887617E+00 1.447883E+00 3.268453E-03
6.878360E+00 1.448501E+00 3.234061E-03
6.869127E+00 1.449117E+00 3.199701E-03
6.859920E+00 1.449731E+00 3.165485E-03
6.850737E+00 1.450342E+00 3.131532E-03
6.841578E+00 1.450952E+00 3.097961E-03
6.832445E+00 1.451558E+00 3.064893E-03
6.823335E+00 1.452163E+00 3.032449E-03
6.814250E+00 1.452766E+00 3.000749E-03
6.805184E+00 1.453366E+00 2.969913E-03
6.796147E+00 1.453965E+00 2.940056E-03
6.787134E+00 1.454561E+00 2.911288E-03
6.778145E+00 1.455155E+00 2.883719E-03
6.769179E+00 1.455746E+00 2.857448E-03
6.760237E+00 1.456336E+00 2.832571E-03
6.751319E+00 1.456923E+00 2.809178E-03
6.742425E+00 1.457508E+00 2.787348E-03
6.733553E+00 1.458090E+00 2.767155E-03
6.724705E+00 1.458670E+00 2.748665E-03
6.715881E+00 1.459247E+00 2.731933E-03
6.707079E+00 1.459821E+00 2.717009E-03
6.698301E+00 1.460393E+00 2.703931E-03
6.689540E+00 1.460962E+00 2.692731E-03
6.680808E+00 1.461528E+00 2.683431E-03
6.672098E+00 1.462091E+00 2.676045E-03
6.663410E+00 1.462651E+00 2.670580E-03
6.654746E+00 1.463208E+00 2.667034E-03
6.646104E+00 1.463761E+00 2.665398E-03
6.637484E+00 1.464311E+00 2.665657E-03
6.628886E+00 1.464858E+00 2.667788E-03
6.620311E+00 1.465402E+00 2.671762E-03
6.611758E+00 1.465941E+00 2.677545E-03
6.603227E+00 1.466478E+00 2.685099E-03
6.594718E+00 1.467010E+00 2.694378E-03
6.586231E+00 1.467539E+00 2.705335E-03
6.577762E+00 1.468064E+00 2.717918E-03
6.569318E+00 1.468585E+00 2.732071E-03
6.560896E+00 1.469103E+00 2.747737E-03
6.552496E+00 1.469616E+00 2.764854E-03
6.544117E+00 1.470126E+00 2.783361E-03
6.535760E+00 1.470631E+00 2.803193E-03
6.527424E+00 1.471133E+00 2.824284E-03
6.519109E+00 1.471630E+00 2.846568E-03
6.510815E+00 1.472124E+00 2.869976E-03
6.502542E+00 1.472613E+00 2.894441E-03
6.494291E+00 1.473099E+00 2.919894E-03
6.486060E+00 1.473580E+00 2.946267E-03
6.477846E+00 1.474057E+00 2.973491E-03
6.469657E+00 1.474530E+00 3.001497E-03
6.461489E+00 1.474999E+00 3.030216E-03
6.453341E+00 1.475464E+00 3.059582E-03
6.445213E+00 1.475925E+00 3.089527E-03
6.437107E+00 1.476381E+00 3.119983E-03
6.429020E+00 1.476834E+00 3.150883E-03
6.420954E+00 1.477283E+00 3.182163E-03
6.412908E+00 1.477727E+00 3.213755E-03
6.404882E+00 1.478167E+00 3.245597E-03
6.396876E+00 1.478604E+00 3.277622E-03
6.388890E+00 1.479036E+00 3.309767E-03
6.380925E+00 1.479465E+00 3.341969E-03
6.372975E+00 1.479889E+00 3.374166E-03
6.365048E+00 1.480310E+00 3.406294E-03
6.357142E+00 1.480726E+00 3.438293E-03
6.349255E+00 1.481139E+00 3.470101E-03
6.341387E+00 1.481548E+00 3.501657E-03
6.333539E+00 1.481953E+00 3.532902E-03
6.325711E+00 1.482354E+00 3.563776E-03
6.317902E+00 1.482752E+00 3.594219E-03
6.310112E+00 1.483146E+00 3.624174E-03
6.302341E+00 1.483536E+00 3.653581E-03
6.294589E+00 1.483922E+00 3.682385E-03
6.286857E+00 1.484305E+00 3.710529E-03
6.279143E+00 1.484685E+00 3.737955E-03
6.271444E+00 1.485061E+00 3.764610E-03
6.263769E+00 1.485433E+00 3.790439E-03
6.256111E+00 1.485802E+00 3.815389E-03
6.248473E+00 1.486168E+00 3.839408E-03
6.240853E+00 1.486530E+00 3.862443E-03
6.233252E+00 1.486889E+00 3.884445E-03
6.225669E+00 1.487245E+00 3.905366E-03
6.218105E+00 1.487598E+00 3.925158E-03
6.210559E+00 1.487947E+00 3.943775E-03
6.203031E+00 1.488294E+00 3.961172E-03
6.195522E+00 1.488638E+00 3.977308E-03
6.188031E+00 1.488979E+00 3.992142E-03
6.180554E+00 1.489317E+00 4.005636E-03
6.173099E+00 1.489652E+00 4.017753E-03
6.165661E+00 1.489985E+00 4.028458E-03
6.158242E+00 1.490315E+00 4.037722E-03
6.150841E+00 1.490642E+00 4.045514E-03
6.143457E+00 1.490967E+00 4.051808E-03
6.136091E+00 1.491290E+00 4.056581E-03
6.128743E+00 1.491610E+00 4.059812E-03
6.121412E+00 1.491929E+00 4.061485E-03
6.114099E+00 1.492245E+00 4.061584E-03
6.106803E+00 1.492559E+00 4.060099E-03
6.099525E+00 1.492871E+00 4.057022E-03
6.092264E+00 1.493182E+00 4.052349E-03
6.085016E+00 1.493490E+00 4.046080E-03
6.077790E+00 1.493797E+00 4.038217E-03
6.070580E+00 1.494102E+00 4.028769E-03
6.063388E+00 1.494406E+00 4.017744E-03
6.056213E+00 1.494708E+00 4.005158E-03
6.049054E+00 1.495009E+00 3.991029E-03
6.041913E+00 1.495309E+00 3.975378E-03
6.034788E+00 1.495607E+00 3.958230E-03
6.027680E+00 1.495904E+00 3.939615E-03
6.020589E+00 1.496201E+00 3.919565E-03
6.013515E+00 1.496496E+00 3.898116E-03
6.006457E+00 1.496790E+00 3.875309E-03
5.999412E+00 1.497084E+00 3.851185E-03
5.992387E+00 1.497377E+00 3.825790E-03
5.985379E+00 1.497669E+00 3.799174E-03
5.978387E+00 1.497960E+00 3.771388E-03
5.971411E+00 1.498251E+00 3.742486E-03
5.964452E+00 1.498541E+00 3.712525E-03
5.957509E+00 1.498831E+00 3.681565E-03
5.950582E+00 1.499121E+00 3.649664E-03
5.943671E+00 1.499410E+00 3.616887E-03
5.936776E+00 1.499698E+00 3.583297E-03
5.929897E+00 1.499987E+00 3.548959E-03
5.923034E+00 1.500275E+00 3.513938E-03
5.916187E+00 1.500563E+00 3.478303E-03
5.909352E+00 1.500851E+00 3.442119E-03
5.902536E+00 1.501138E+00 3.405453E-03
5.895736E+00 1.501425E+00 3.368373E-03
5.888952E+00 1.501713E+00 3.330944E-03
5.882183E+00 1.501999E+00 3.293232E-03
5.875430E+00 1.502286E+00 3.255301E-03
5.868693E+00 1.502573E+00 3.217216E-03
5.861971E+00 1.502859E+00 3.179036E-03
5.855264E+00 1.503145E+00 3.140823E-03
5.848572E+00 1.503431E+00 3.102634E-03
5.841896E+00 1.503717E+00 3.064525E-03
5.835235E+00 1.504003E+00 3.026548E-03
5.828589E+00 1.504288E+00 2.988756E-03
5.821955E+00 1.504573E+00 2.951195E-03
5.815340E+00 1.504858E+00 2.913910E-03
5.808739E+00 1.505142E+00 2.876945E-03
5.802154E+00 1.505427E+00 2.840338E-03
5.795583E+00 1.505710E+00 2.804124E-03
5.789027E+00 1.505993E+00 2.768338E-03
5.782486E+00 1.506276E+00 2.733007E-03
5.775960E+00 1.506559E+00 2.698158E-03
5.769448E+00 1.506840E+00 2.663814E-03
5.762951E+00 1.507122E+00 2.629995E-03
5.756469E+00 1.507402E+00 2.596717E-03
5.750001E+00 1.507682E+00 2.563992E-03
5.743545E+00 1.507961E+00 2.531832E-03
5.737106E+00 1.508240E+00 2.500242E-03
5.730682E+00 1.508518E+00 2.469228E-03
5.724272E+00 1.508795E+00 2.438789E-03
5.717877E+00 1.509071E+00 2.408925E-03
5.711495E+00 1.509346E+00 2.379631E-03
5.705128E+00 1.509621E+00 2.350901E-03
5.698775E+00 1.509894E+00 2.322725E-03
5.692437E+00 1.510167E+00 2.295093E-03
5.686112E+00 1.510439E+00 2.267991E-03
5.679801E+00 1.510709E+00 2.241404E-03
5.673505E+00 1.510979E+00 2.215316E-03
5.667222E+00 1.511248E+00 2.189708E-03
5.660950E+00 1.511515E+00 2.164561E-03
5.654695E+00 1.511782E+00 2.139853E-03
5.648454E+00 1.512047E+00 2.115564E-03
5.642226E+00 1.512311E+00 2.091670E-03
5.636013E+00 1.512574E+00 2.068148E-03
5.629813E+00 1.512837E+00 2.044975E-03
5.623626E+00 1.513097E+00 2.022126E-03
5.617454E+00 1.513357E+00 1.999576E-03
5.611294E+00 1.513616E+00 1.977302E-03
5.605149E+00 1.513873E+00 1.955279E-03
5.599016E+00 1.514130E+00 1.933483E-03
5.592897E+00 1.514385E+00 1.911889E-03
5.586792E+00 1.514639E+00 1.890476E-03
5.580697E+00 1.514892E+00 1.869219E-03
5.574618E+00 1.515144E+00 1.848098E-03
5.568552E+00 1.515395E+00 1.827090E-03
5.562499E+00 1.515645E+00 1.806176E-03
5.556460E+00 1.515894E+00 1.785336E-03
5.550434E+00 1.516141E+00 1.764552E-03
5.544421E+00 1.516388E+00 1.743808E-03
5.538420E+00 1.516634E+00 1.723086E-03
5.532433E+00 1.516878E+00 1.702373E-03
5.526459E+00 1.517122E+00 1.681656E-03
5.520497E+00 1.517364E+00 1.660922E-03
5.514549E+00 1.517606E+00 1.640162E-03
5.508610E+00 1.517847E+00 1.619366E-03
5.502687E+00 1.518087E+00 1.598528E-03
5.496777E+00 1.518326E+00 1.577643E-03
5.490879E+00 1.518564E+00 1.556708E-03
5.484994E+00 1.518802E+00 1.535723E-03
5.479122E+00 1.519039E+00 1.514689E-03
5.473262E+00 1.519275E+00 1.493611E-03
5.467415E+00 1.519510E+00 1.472500E-03
5.461580E+00 1.519744E+00 1.451367E-03
5.455758E+00 1.519978E+00 1.430231E-03
5.449948E+00 1.520212E+00 1.409114E-03
5.444150E+00 1.520445E+00 1.388045E-03
5.438365E+00 1.520677E+00 1.367060E-03
5.432589E+00 1.520908E+00 1.346199E-03
5.426828E+00 1.521140E+00 1.325512E-03
5.421080E+00 1.521370E+00 1.305052E-03
5.415343E+00 1.521600E+00 1.284879E-03
5.409619E+00 1.521830E+00 1.265054E-03
5.403907E+00 1.522059E+00 1.245642E-03
5.398207E+00 1.522288E+00 1.226702E-03
5.392519E+00 1.522515E+00 1.208289E-03
5.386843E+00 1.522743E+00 1.190448E-03
5.381178E+00 1.522969E+00 1.173207E-03
5.375526E+00 1.523194E+00 1.156576E-03
5.369886E+00 1.523418E+00 1.140542E-03
5.364257E+00 1.523642E+00 1.125064E-03
5.358638E+00 1.523864E+00 1.110073E-03
5.353032E+00 1.524084E+00 1.095474E-03
5.347439E+00 1.524303E+00 1.081142E-03
5.341858E+00 1.524521E+00 1.066931E-03
5.336288E+00 1.524737E+00 1.052680E-03
5.330729E+00 1.524952E+00 1.038219E-03
5.325182E+00 1.525165E+00 1.023377E-03
5.319647E+00 1.525377E+00 1.007995E-03
5.314123E+00 1.525588E+00 9.919361E-04
5.308611E+00 1.525798E+00 9.750903E-04
5.303110E+00 1.526007E+00 9.573869E-04
5.297620E+00 1.526215E+00 9.387972E-04
5.292139E+00 1.526423E+00 9.193378E-04
5.286672E+00 1.526631E+00 8.990696E-04
5.281217E+00 1.526839E+00 8.780951E-04
5.275773E+00 1.527046E+00 8.565519E-04
5.270339E+00 1.527254E+00 8.346045E-04
5.264917E+00 1.527463E+00 8.124346E-04
5.259507E+00 1.527672E+00 7.902315E-04
5.254107E+00 1.527881E+00 7.681813E-04
5.248718E+00 1.528090E+00 7.464585E-04
5.243341E+00 1.528300E+00 7.252186E-04
5.237974E+00 1.528509E+00 7.045924E-04
5.232619E+00 1.528719E+00 6.846829E-04
5.227274E+00 1.528929E+00 6.655645E-04
5.221938E+00 1.529139E+00 6.472831E-04
5.216615E+00 1.529348E+00 6.298590E-04
5.211303E+00 1.529557E+00 6.132904E-04
5.206001E+00 1.529765E+00 5.975570E-04
5.200711E+00 1.529973E+00 5.826250E-04
5.195431E+00 1.530180E+00 5.684510E-04
5.190162E+00 1.530386E+00 5.549861E-04
5.184904E+00 1.530591E+00 5.421792E-04
5.179656E+00 1.530796E+00 5.299797E-04
5.174419E+00 1.531000E+00 5.183393E-04
5.169193E+00 1.531202E+00 5.072136E-04
5.163977E+00 1.531405E+00 4.965624E-04
5.158769E+00 1.531606E+00 4.863506E-04
5.153574E+00 1.531806E+00 4.765474E-04
5.148389E+00 1.532005E+00 4.671264E-04
5.143215E+00 1.532204E+00 4.580652E-04
5.138052E+00 1.532402E+00 4.493446E-04
5.132898E+00 1.532599E+00 4.409479E-04
5.127755E+00 1.532795E+00 4.328610E-04
5.122623E+00 1.532990E+00 4.250711E-04
5.117500E+00 1.533184E+00 4.175669E-04
5.112388E+00 1.533378E+00 4.103382E-04
5.107286E+00 1.533571E+00 4.033752E-04
5.102194E+00 1.533763E+00 3.966688E-04
5.097113E+00 1.533954E+00 3.902103E-04
5.092039E+00 1.534144E+00 3.839912E-04
5.086977E+00 1.534334E+00 3.780032E-04
5.081926E+00 1.534522E+00 3.722380E-04
5.076884E+00 1.534710E+00 3.666875E-04
5.071853E+00 1.534897E+00 3.613439E-04
5.066832E+00 1.535084E+00 3.561991E-04
5.061820E+00 1.535269E+00 3.512455E-04
5.056818E+00 1.535454E+00 3.464752E-04
5.051827E+00 1.535638E+00 3.418806E-04
5.046845E+00 1.535821E+00 3.374544E-04
5.041873E+00 1.536003E+00 3.331891E-04
5.036910E+00 1.536185E+00 3.290775E-04
5.031958E+00 1.536366E+00 3.251125E-04
5.027013E+00 1.536546E+00 3.212872E-04
5.022080E+00 1.536725E+00 3.175949E-04
5.017156E+00 1.536904E+00 3.140288E-04
5.012242E+00 1.537081E+00 3.105826E-04
5.007338E+00 1.537258E+00 3.072501E-04
5.002444E+00 1.537434E+00 3.040252E-04
4.997559E+00 1.537610E+00 3.009019E-04
4.992683E+00 1.537785E+00 2.978746E-04
4.987817E+00 1.537959E+00 2.949378E-04
4.982961E+00 1.538132E+00 2.920862E-04
4.978114E+00 1.538304E+00 2.893147E-04
4.973276E+00 1.538476E+00 2.866183E-04
4.968445E+00 1.538647E+00 2.839924E-04
4.963627E+00 1.538818E+00 2.814324E-04
4.958817E+00 1.538987E+00 2.789340E-04
4.954017E+00 1.539156E+00 2.764930E-04
4.949226E+00 1.539324E+00 2.741055E-04
4.944444E+00 1.539492E+00 2.717677E-04
4.939672E+00 1.539659E+00 2.694761E-04
4.934909E+00 1.539825E+00 2.672273E-04
4.930155E+00 1.539991E+00 2.650180E-04
4.925410E+00 1.540156E+00 2.628453E-04
4.920674E+00 1.540320E+00 2.607062E-04
4.915947E+00 1.540483E+00 2.585981E-04
4.911230E+00 1.540646E+00 2.565186E-04
4.906519E+00 1.540808E+00 2.544653E-04
4.901819E+00 1.540970E+00 2.524360E-04
4.897128E+00 1.541131E+00 2.504289E-04
4.892447E+00 1.541291E+00 2.484421E-04
4.887774E+00 1.541451E+00 2.464741E-04
4.883111E+00 1.541610E+00 2.445235E-04
4.878456E+00 1.541769E+00 2.425892E-04
4.873810E+00 1.541927E+00 2.406701E-04
4.869173E+00 1.542084E+00 2.387657E-04
4.864544E+00 1.542241E+00 2.368753E-04
4.859925E+00 1.542397E+00 2.349988E-04
4.855314E+00 1.542552E+00 2.331360E-04
4.850712E+00 1.542707E+00 2.312873E-04
4.846116E+00 1.542862E+00 2.294531E-04
4.841532E+00 1.543015E+00 2.276341E-04
4.836956E+00 1.543169E+00 2.258311E-04
4.832389E+00 1.543321E+00 2.240453E-04
4.827830E+00 1.543474E+00 2.222778E-04
4.823280E+00 1.543625E+00 2.205298E-04
4.818738E+00 1.543776E+00 2.188026E-04
4.814205E+00 1.543927E+00 2.170975E-04
4.809681E+00 1.544077E+00 2.154154E-04
4.805165E+00 1.544226E+00 2.137570E-04
4.800657E+00 1.544375E+00 2.121230E-04
4.796158E+00 1.544523E+00 2.105131E-04
4.791666E+00 1.544671E+00 2.089268E-04
4.787183E+00 1.544818E+00 2.073629E-04
4.782710E+00 1.544965E+00 2.058195E-04
4.778244E+00 1.545111E+00 2.042940E-04
4.773787E+00 1.545256E+00 2.027831E-04
4.769338E+00 1.545401E+00 2.012827E-04
4.764898E+00 1.545546E+00 1.997882E-04
4.760465E+00 1.545690E+00 1.982942E-04
4.756041E+00 1.545833E+00 1.967951E-04
4.751625E+00 1.545976E+00 1.952850E-04
4.747218E+00 1.546118E+00 1.937580E-04
4.742818E+00 1.546260E+00 1.922082E-04
4.738427E+00 1.546401E+00 1.906302E-04
4.734042E+00 1.546542E+00 1.890191E-04
4.729666E+00 1.546682E+00 1.873708E-04
4.725299E+00 1.546822E+00 1.856823E-04
4.720940E+00 1.546961E+00 1.839514E-04
4.716590E+00 1.547100E+00 1.821772E-04
4.712247E+00 1.547238E+00 1.803603E-04
4.707912E+00 1.547376E+00 1.785020E-04
4.703585E+00 1.547514E+00 1.766053E-04
4.699266E+00 1.547651E+00 1.746740E-04
4.694955E+00 1.547787E+00 1.727127E-04
4.690652E+00 1.547924E+00 1.707271E-04
4.686356E+00 1.548059E+00 1.687233E-04
4.682067E+00 1.548195E+00 1.667074E-04
4.677787E+00 1.548330E+00 1.646862E-04
4.673515E+00 1.548464E+00 1.626658E-04
4.669251E+00 1.548598E+00 1.606525E-04
4.664995E+00 1.548732E+00 1.586519E-04
4.660747E+00 1.548865E+00 1.566690E-04
4.656506E+00 1.548998E+00 1.547083E-04
4.652273E+00 1.549131E+00 1.527732E-04
4.648048E+00 1.549263E+00 1.508668E-04
4.643830E+00 1.549394E+00 1.489912E-04
4.639620E+00 1.549526E+00 1.471477E-04
4.635417E+00 1.549657E+00 1.453371E-04
4.631223E+00 1.549787E+00 1.435595E-04
4.627033E+00 1.549917E+00 1.418148E-04
4.622854E+00 1.550047E+00 1.401020E-04
4.618682E+00 1.550176E+00 1.384204E-04
4.614517E+00 1.550305E+00 1.367686E-04
4.610360E+00 1.550433E+00 1.351452E-04
4.606210E+00 1.550561E+00 1.335490E-04
4.602068E+00 1.550689E+00 1.319785E-04
4.597934E+00 1.550816E+00 1.304323E-04
4.593806E+00 1.550943E+00 1.289092E-04
4.589687E+00 1.551069E+00 1.274081E-04
4.585574E+00 1.551195E+00 1.259280E-04
4.581469E+00 1.551320E+00 1.244679E-04
4.577371E+00 1.551445E+00 1.230272E-04
4.573279E+00 1.551570E+00 1.216053E-04
4.569196E+00 1.551694E+00 1.202017E-04
4.565120E+00 1.551818E+00 1.188160E-04
4.561051E+00 1.551942E+00 1.174479E-04
4.556990E+00 1.552065E+00 1.160974E-04
4.552936E+00 1.552188E+00 1.147643E-04
4.548889E+00 1.552310E+00 1.134486E-04
4.544849E+00 1.552432E+00 1.121502E-04
4.540817E+00 1.552554E+00 1.108693E-04
4.536791E+00 1.552675E+00 1.096060E-04
4.532773E+00 1.552796E+00 1.083603E-04
4.528762E+00 1.552916E+00 1.071324E-04
4.524756E+00 1.553036E+00 1.059225E-04
4.520759E+00 1.553156E+00 1.047307E-04
4.516769E+00 1.553275E+00 1.035573E-04
4.512786E+00 1.553394E+00 1.024023E-04
4.508810E+00 1.553513E+00 1.012660E-04
4.504841E+00 1.553631E+00 1.001486E-04
4.500879E+00 1.553749E+00 9.905021E-05
4.496925E+00 1.553867E+00 9.797104E-05
4.492977E+00 1.553984E+00 9.691129E-05
4.489036E+00 1.554100E+00 9.587112E-05
4.485101E+00 1.554217E+00 9.485072E-05
4.481174E+00 1.554333E+00 9.385025E-05
4.477254E+00 1.554449E+00 9.286989E-05
4.473338E+00 1.554564E+00 9.190980E-05
4.469432E+00 1.554679E+00 9.097013E-05
4.465532E+00 1.554794E+00 9.005105E-05
4.461639E+00 1.554908E+00 8.915269E-05
4.457752E+00 1.555022E+00 8.827520E-05
4.453873E+00 1.555135E+00 8.741871E-05
4.450000E+00 1.555248E+00 8.658334E-05
4.446134E+00 1.555361E+00 8.576921E-05
4.442275E+00 1.555474E+00 8.497643E-05
4.438422E+00 1.555586E+00 8.420508E-05
4.434576E+00 1.555698E+00 8.345527E-05
4.430737E+00 1.555809E+00 8.272706E-05
4.426904E+00 1.555921E+00 8.202052E-05
4.423076E+00 1.556031E+00 8.133571E-05
4.419257E+00 1.556142E+00 8.067265E-05
4.415444E+00 1.556252E+00 8.003138E-05
4.411638E+00 1.556362E+00 7.941190E-05
4.407838E+00 1.556471E+00 7.881422E-05
4.404045E+00 1.556580E+00 7.823831E-05
4.400258E+00 1.556689E+00 7.768414E-05
4.396478E+00 1.556798E+00 7.715165E-05
4.392704E+00 1.556906E+00 7.664078E-05
4.388937E+00 1.557013E+00 7.615143E-05
4.385176E+00 1.557121E+00 7.568351E-05
4.381422E+00 1.557228E+00 7.523687E-05
4.377672E+00 1.557335E+00 7.481139E-05
4.373931E+00 1.557441E+00 7.440688E-05
4.370196E+00 1.557547E+00 7.402317E-05
4.366467E+00 1.557653E+00 7.366004E-05
4.362745E+00 1.557759E+00 7.331726E-05
4.359029E+00 1.557864E+00 7.299459E-05
4.355319E+00 1.557969E+00 7.269174E-05
4.351616E+00 1.558073E+00 7.240842E-05
4.347919E+00 1.558177E+00 7.214432E-05
4.344228E+00 1.558281E+00 7.189907E-05
4.340543E+00 1.558385E+00 7.167233E-05
4.336865E+00 1.558488E+00 7.146371E-05
4.333193E+00 1.558591E+00 7.127278E-05
4.329525E+00 1.558693E+00 7.109912E-05
4.325866E+00 1.558796E+00 7.094226E-05
4.322212E+00 1.558898E+00 7.080174E-05
4.318565E+00 1.558999E+00 7.067704E-05
4.314924E+00 1.559101E+00 7.056764E-05
4.311289E+00 1.559202E+00 7.047300E-05
4.307660E+00 1.559302E+00 7.039255E-05
4.304037E+00 1.559403E+00 7.032570E-05
4.300420E+00 1.559503E+00 7.027186E-05
4.296810E+00 1.559602E+00 7.023039E-05
4.293205E+00 1.559702E+00 7.020065E-05
4.289607E+00 1.559801E+00 7.018198E-05
4.286014E+00 1.559900E+00 7.017370E-05
4.282426E+00 1.559998E+00 7.017514E-05
4.278846E+00 1.560096E+00 7.018556E-05
4.275271E+00 1.560194E+00 7.020427E-05
4.271702E+00 1.560292E+00 7.023054E-05
4.268140E+00 1.560389E+00 7.026360E-05
4.264583E+00 1.560486E+00 7.030273E-05
4.261033E+00 1.560583E+00 7.034717E-05
4.257488E+00 1.560679E+00 7.039614E-05
4.253949E+00 1.560775E+00 7.044887E-05
4.250416E+00 1.560871E+00 7.050461E-05
4.246889E+00 1.560967E+00 7.056256E-05
4.243367E+00 1.561062E+00 7.062196E-05
4.239850E+00 1.561157E+00 7.068204E-05
4.236340E+00 1.561251E+00 7.074202E-05
4.232836E+00 1.561346E+00 7.080113E-05
4.229338E+00 1.561440E+00 7.085862E-05
4.225846E+00 1.561533E+00 7.091373E-05
4.222360E+00 1.561627E+00 7.096572E-05
4.218879E+00 1.561720E+00 7.101386E-05
4.215404E+00 1.561813E+00 7.105742E-05
4.211934E+00 1.561905E+00 7.109571E-05
4.208471E+00 1.561998E+00 7.112803E-05
4.205013E+00 1.562090E+00 7.115372E-05
4.201561E+00 1.562181E+00 7.117211E-05
4.198114E+00 1.562273E+00 7.118257E-05
4.194671E+00 1.562364E+00 7.118450E-05
4.191236E+00 1.562455E+00 7.117731E-05
4.187806E+00 1.562546E+00 7.116042E-05
4.184382E+00 1.562636E+00 7.113332E-05
4.180964E+00 1.562726E+00 7.109548E-05
4.177551E+00 1.562816E+00 7.104642E-05
4.174144E+00 1.562905E+00 7.098569E-05
4.170742E+00 1.562995E+00 7.091287E-05
4.167346E+00 1.563084E+00 7.082756E-05
4.163955E+00 1.563172E+00 7.072941E-05
4.160570E+00 1.563261E+00 7.061808E-05
4.157190E+00 1.563349E+00 7.049329E-05
4.153814E+00 1.563437E+00 7.035477E-05
4.150445E+00 1.563525E+00 7.020230E-05
4.147082E+00 1.563612E+00 7.003568E-05
4.143724E+00 1.563700E+00 6.985476E-05
4.140372E+00 1.563786E+00 6.965941E-05
4.137025E+00 1.563873E+00 6.944956E-05
4.133683E+00 1.563960E+00 6.922514E-05
4.130347E+00 1.564046E+00 6.898614E-05
4.127016E+00 1.564132E+00 6.873258E-05
4.123691E+00 1.564218E+00 6.846450E-05
4.120371E+00 1.564303E+00 6.818199E-05
4.117056E+00 1.564388E+00 6.788517E-05
4.113747E+00 1.564473E+00 6.757420E-05
4.110441E+00 1.564558E+00 6.724924E-05
4.107142E+00 1.564643E+00 6.691051E-05
4.103849E+00 1.564727E+00 6.655826E-05
4.100561E+00 1.564811E+00 6.619276E-05
4.097278E+00 1.564895E+00 6.581430E-05
4.094000E+00 1.564979E+00 6.542321E-05
4.090727E+00 1.565062E+00 6.501984E-05
4.087460E+00 1.565145E+00 6.460456E-05
4.084198E+00 1.565228E+00 6.417778E-05
4.080941E+00 1.565311E+00 6.373992E-05
4.077690E+00 1.565394E+00 6.329140E-05
4.074443E+00 1.565476E+00 6.283269E-05
4.071202E+00 1.565558E+00 6.236426E-05
4.067964E+00 1.565640E+00 6.188661E-05
4.064733E+00 1.565722E+00 6.140023E-05
4.061507E+00 1.565803E+00 6.090564E-05
4.058287E+00 1.565884E+00 6.040336E-05
4.055071E+00 1.565965E+00 5.989394E-05
4.051861E+00 1.566046E+00 5.937791E-05
4.048655E+00 1.566127E+00 5.885582E-05
4.045455E+00 1.566207E+00 5.832822E-05
4.042259E+00 1.566287E+00 5.779567E-05
4.039069E+00 1.566367E+00 5.725872E-05
4.035884E+00 1.566447E+00 5.671792E-05
4.032704E+00 1.566527E+00 5.617383E-05
4.029527E+00 1.566606E+00 5.562700E-05
4.026357E+00 1.566685E+00 5.507797E-05
4.023191E+00 1.566764E+00 5.452727E-05
4.020031E+00 1.566843E+00 5.397543E-05
4.016876E+00 1.566921E+00 5.342298E-05
4.013725E+00 1.567000E+00 5.287043E-05
4.010580E+00 1.567078E+00 5.231826E-05
4.007439E+00 1.567156E+00 5.176697E-05
4.004304E+00 1.567234E+00 5.121703E-05
4.001173E+00 1.567311E+00 5.066889E-05
3.998047E+00 1.567389E+00 5.012301E-05
3.994926E+00 1.567466E+00 4.957979E-05
3.991810E+00 1.567543E+00 4.903965E-05
3.988698E+00 1.567619E+00 4.850298E-05
3.985591E+00 1.567696E+00 4.797014E-05
3.982490E+00 1.567772E+00 4.744151E-05
3.979393E+00 1.567849E+00 4.691739E-05
3.976301E+00 1.567925E+00 4.639812E-05
3.973214E+00 1.568000E+00 4.588398E-05
3.970132E+00 1.568076E+00 4.537524E-05
3.967054E+00 1.568152E+00 4.487216E-05
3.963982E+00 1.568227E+00 4.437497E-05
3.960914E+00 1.568302E+00 4.388388E-05
3.957850E+00 1.568377E+00 4.339908E-05
3.954792E+00 1.568451E+00 4.292075E-05
3.951738E+00 1.568526E+00 4.244902E-05
3.948688E+00 1.568600E+00 4.198403E-05
3.945643E+00 1.568674E+00 4.152589E-05
3.942604E+00 1.568748E+00 4.107469E-05
3.939569E+00 1.568822E+00 4.063051E-05
3.936538E+00 1.568895E+00 4.019339E-05
3.933513E+00 1.568969E+00 3.976337E-05
3.930492E+00 1.569042E+00 3.934047E-05
3.927475E+00 1.569115E+00 3.892468E-05
3.924463E+00 1.569187E+00 3.851600E-05
3.921456E+00 1.569260E+00 3.811438E-05
3.918454E+00 1.569332E+00 3.771979E-05
3.915456E+00 1.569405E+00 3.733216E-05
3.912461E+00 1.569477E+00 3.695142E-05
3.909472E+00 1.569549E+00 3.657748E-05
3.906488E+00 1.569620E+00 3.621023E-05
3.903508E+00 1.569692E+00 3.584958E-05
3.900533E+00 1.569763E+00 3.549539E-05
3.897563E+00 1.569834E+00 3.514753E-05
3.894597E+00 1.569905E+00 3.480587E-05
3.891635E+00 1.569976E+00 3.447026E-05
3.888678E+00 1.570046E+00 3.414053E-05
3.885725E+00 1.570117E+00 3.381653E-05
3.882777E+00 1.570187E+00 3.349808E-05
3.879834E+00 1.570257E+00 3.318502E-05
3.876895E+00 1.570327E+00 3.287716E-05
3.873958E+00 1.570396E+00 3.257432E-05
3.871028E+00 1.570466E+00 3.227631E-05
3.868102E+00 1.570535E+00 3.198295E-05
3.865181E+00 1.570604E+00 3.169405E-05
3.862264E+00 1.570673E+00 3.140942E-05
3.859351E+00 1.570742E+00 3.112886E-05
3.856443E+00 1.570811E+00 3.085219E-05
3.853539E+00 1.570879E+00 3.057922E-05
3.850640E+00 1.570947E+00 3.030975E-05
3.847745E+00 1.571015E+00 3.004360E-05
3.844854E+00 1.571083E+00 2.978059E-05
3.841968E+00 1.571151E+00 2.952054E-05
3.839085E+00 1.571218E+00 2.926326E-05
3.836206E+00 1.571286E+00 2.900858E-05
3.833333E+00 1.571353E+00 2.875634E-05
3.830464E+00 1.571420E+00 2.850636E-05
3.827599E+00 1.571487E+00 2.825849E-05
3.824738E+00 1.571554E+00 2.801257E-05
3.821882E+00 1.571620E+00 2.776845E-05
3.819030E+00 1.571686E+00 2.752598E-05
3.816182E+00 1.571753E+00 2.728503E-05
3.813339E+00 1.571819E+00 2.704546E-05
3.810499E+00 1.571884E+00 2.680715E-05
3.807664E+00 1.571950E+00 2.656996E-05
3.804833E+00 1.572016E+00 2.633380E-05
3.802005E+00 1.572081E+00 2.609855E-05
3.799183E+00 1.572146E+00 2.586411E-05
3.796365E+00 1.572211E+00 2.563038E-05
3.793550E+00 1.572276E+00 2.539728E-05
3.790741E+00 1.572341E+00 2.516473E-05
3.787935E+00 1.572405E+00 2.493264E-05
3.785133E+00 1.572470E+00 2.470095E-05
3.782336E+00 1.572534E+00 2.446960E-05
3.779542E+00 1.572598E+00 2.423854E-05
3.776753E+00 1.572662E+00 2.400770E-05
3.773968E+00 1.572725E+00 2.377706E-05
3.771187E+00 1.572789E+00 2.354656E-05
3.768410E+00 1.572852E+00 2.331619E-05
3.765636E+00 1.572916E+00 2.308590E-05
3.762867E+00 1.572979E+00 2.285570E-05
3.760102E+00 1.573042E+00 2.262555E-05
3.757342E+00 1.573105E+00 2.239544E-05
3.754585E+00 1.573167E+00 2.216539E-05
3.751833E+00 1.573230E+00 2.193537E-05
3.749084E+00 1.573292E+00 2.170541E-05
3.746340E+00 1.573354E+00 2.147551E-05
3.743599E+00 1.573416E+00 2.124568E-05
3.740863E+00 1.573478E+00 2.101594E-05
3.738131E+00 1.573540E+00 2.078632E-05
3.735402E+00 1.573601E+00 2.055683E-05
3.732676E+00 1.573663E+00 2.032751E-05
3.729956E+00 1.573724E+00 2.009840E-05
3.727239E+00 1.573785E+00 1.986952E-05
3.724527E+00 1.573846E+00 1.964091E-05
3.721818E+00 1.573907E+00 1.941261E-05
3.719113E+00 1.573968E+00 1.918468E-05
3.716412E+00 1.574028E+00 1.895715E-05
3.713716E+00 1.574089E+00 1.873007E-05
3.711023E+00 1.574149E+00 1.850349E-05
3.708334E+00 1.574209E+00 1.827746E-05
3.705648E+00 1.574269E+00 1.805203E-05
3.702967E+00 1.574329E+00 1.782726E-05
3.700290E+00 1.574388E+00 1.760320E-05
3.697615E+00 1.574448E+00 1.737991E-05
3.694945E+00 1.574507E+00 1.715745E-05
3.692280E+00 1.574567E+00 1.693586E-05
3.689618E+00 1.574626E+00 1.671521E-05
3.686959E+00 1.574685E+00 1.649555E-05
3.684305E+00 1.574744E+00 1.627694E-05
3.681655E+00 1.574802E+00 1.605945E-05
3.679008E+00 1.574861E+00 1.584312E-05
3.676365E+00 1.574919E+00 1.562801E-05
3.673726E+00 1.574977E+00 1.541418E-05
3.671091E+00 1.575036E+00 1.520168E-05
3.668459E+00 1.575094E+00 1.499058E-05
3.665832E+00 1.575151E+00 1.478091E-05
3.663206E+00 1.575209E+00 1.457275E-05
3.660586E+00 1.575267E+00 1.436613E-05
3.657970E+00 1.575324E+00 1.416111E-05
3.655357E+00 1.575381E+00 1.395774E-05
3.652748E+00 1.575439E+00 1.375606E-05
3.650143E+00 1.575496E+00 1.355614E-05
3.647541E+00 1.575553E+00 1.335800E-05
3.644943E+00 1.575609E+00 1.316170E-05
3.642349E+00 1.575666E+00 1.296727E-05
3.639759E+00 1.575723E+00 1.277477E-05
3.637172E+00 1.575779E+00 1.258422E-05
3.634589E+00 1.575835E+00 1.239566E-05
3.632008E+00 1.575891E+00 1.220914E-05
3.629432E+00 1.575947E+00 1.202469E-05
3.626860E+00 1.576003E+00 1.184234E-05
3.624291E+00 1.576059E+00 1.166211E-05
3.621727E+00 1.576114E+00 1.148404E-05
3.619165E+00 1.576170E+00 1.130816E-05
3.616608E+00 1.576225E+00 1.113449E-05
3.614054E+00 1.576281E+00 1.096306E-05
3.611503E+00 1.576336E+00 1.079388E-05
3.608957E+00 1.576391E+00 1.062698E-05
3.606413E+00 1.576445E+00 1.046237E-05
3.603874E+00 1.576500E+00 1.030007E-05
3.601338E+00 1.576555E+00 1.014009E-05
3.598804E+00 1.576609E+00 9.982458E-06
3.596275E+00 1.576663E+00 9.827169E-06
3.593750E+00 1.576718E+00 9.674237E-06
3.591228E+00 1.576772E+00 9.523670E-06
3.588709E+00 1.576826E+00 9.375472E-06
3.586195E+00 1.576879E+00 9.229648E-06
3.583683E+00 1.576933E+00 9.086199E-06
3.581176E+00 1.576987E+00 8.945127E-06
3.578672E+00 1.577040E+00 8.806431E-06
3.576171E+00 1.577093E+00 8.670107E-06
3.573674E+00 1.577147E+00 8.536152E-06
3.571180E+00 1.577200E+00 8.404560E-06
3.568690E+00 1.577253E+00 8.275324E-06
3.566202E+00 1.577306E+00 8.148436E-06
3.563718E+00 1.577358E+00 8.023886E-06
3.561238E+00 1.577411E+00 7.901663E-06
3.558762E+00 1.577463E+00 7.781754E-06
3.556289E+00 1.577516E+00 7.664146E-06
3.553819E+00 1.577568E+00 7.548824E-06
3.551353E+00 1.577620E+00 7.435771E-06
3.548891E+00 1.577672E+00 7.324972E-06
3.546431E+00 1.577724E+00 7.216407E-06
3.543975E+00 1.577776E+00 7.110058E-06
3.541523E+00 1.577827E+00 7.005904E-06
3.539074E+00 1.577879E+00 6.903924E-06
3.536627E+00 1.577930E+00 6.804097E-06
3.534185E+00 1.577981E+00 6.706399E-06
3.531746E+00 1.578033E+00 6.610807E-06
3.529310E+00 1.578084E+00 6.517296E-06
3.526878E+00 1.578135E+00 6.425842E-06
3.524449E+00 1.578185E+00 6.336419E-06
3.522023E+00 1.578236E+00 6.249000E-06
3.519601E+00 1.578287E+00 6.163559E-06
3.517182E+00 1.578337E+00 6.080068E-06
3.514767E+00 1.578387E+00 5.998499E-06
3.512355E+00 1.578438E+00 5.918824E-06
3.509946E+00 1.578488E+00 5.841014E-06
3.507540E+00 1.578538E+00 5.765040E-06
3.505136E+00 1.578588E+00 5.690873E-06
3.502737E+00 1.578637E+00 5.618482E-06
3.500342E+00 1.578687E+00 5.547837E-06
3.497949E+00 1.578737E+00 5.478909E-06
3.495560E+00 1.578786E+00 5.411667E-06
3.493174E+00 1.578835E+00 5.346080E-06
3.490791E+00 1.578885E+00 5.282118E-06
3.488412E+00 1.578934E+00 5.219749E-06
3.486036E+00 1.578983E+00 5.158944E-06
3.483663E+00 1.579032E+00 5.099670E-06
3.481293E+00 1.579080E+00 5.041897E-06
3.478926E+00 1.579129E+00 4.985595E-06
3.476563E+00 1.579178E+00 4.930732E-06
3.474202E+00 1.579226E+00 4.877278E-06
3.471845E+00 1.579274E+00 4.825203E-06
3.469491E+00 1.579323E+00 4.774475E-06
3.467141E+00 1.579371E+00 4.725064E-06
3.464793E+00 1.579419E+00 4.676941E-06
3.462449E+00 1.579467E+00 4.630075E-06
3.460108E+00 1.579515E+00 4.584437E-06
3.457770E+00 1.579562E+00 4.539997E-06
3.455436E+00 1.579610E+00 4.496727E-06
3.453104E+00 1.579657E+00 4.454596E-06
3.450776E+00 1.579705E+00 4.413578E-06
3.448451E+00 1.579752E+00 4.373642E-06
3.446127E+00 1.579799E+00 4.334762E-06
3.443808E+00 1.579846E+00 4.296909E-06
3.441493E+00 1.579893E+00 4.260057E-06
3.439180E+00 1.579940E+00 4.224178E-06
3.436870E+00 1.579987E+00 4.189246E-06
3.434564E+00 1.580033E+00 4.155235E-06
3.432260E+00 1.580080E+00 4.122119E-06
3.429960E+00 1.580126E+00 4.089872E-06
3.427663E+00 1.580173E+00 4.058470E-06
3.425368E+00 1.580219E+00 4.027888E-06
3.423077E+00 1.580265E+00 3.998102E-06
3.420789E+00 1.580311E+00 3.969087E-06
3.418504E+00 1.580357E+00 3.940822E-06
3.416221E+00 1.580403E+00 3.913283E-06
3.413942E+00 1.580448E+00 3.886447E-06
3.411666E+00 1.580494E+00 3.860293E-06
3.409393E+00 1.580540E+00 3.834799E-06
3.407124E+00 1.580585E+00 3.809944E-06
3.404857E+00 1.580630E+00 3.785707E-06
3.402593E+00 1.580676E+00 3.762068E-06
3.400332E+00 1.580721E+00 3.739008E-06
3.398075E+00 1.580766E+00 3.716507E-06
3.395820E+00 1.580811E+00 3.694546E-06
3.393568E+00 1.580855E+00 3.673106E-06
3.391319E+00 1.580900E+00 3.652171E-06
3.389072E+00 1.580945E+00 3.631722E-06
3.386829E+00 1.580989E+00 3.611741E-06
3.384590E+00 1.581034E+00 3.592214E-06
3.382353E+00 1.581078E+00 3.573122E-06
3.380119E+00 1.581122E+00 3.554451E-06
3.377888E+00 1.581166E+00 3.536184E-06
3.375660E+00 1.581210E+00 3.518308E-06
3.373434E+00 1.581254E+00 3.500806E-06
3.371212E+00 1.581298E+00 3.483666E-06
3.368993E+00 1.581342E+00 3.466873E-06
3.366777E+00 1.581386E+00 3.450414E-06
3.364563E+00 1.581429E+00 3.434276E-06
3.362353E+00 1.581473E+00 3.418446E-06
3.360144E+00 1.581516E+00 3.402912E-06
3.357939E+00 1.581559E+00 3.387662E-06
3.355737E+00 1.581603E+00 3.372685E-06
3.353538E+00 1.581646E+00 3.357969E-06
3.351342E+00 1.581689E+00 3.343504E-06
3.349149E+00 1.581732E+00 3.329279E-06
3.346959E+00 1.581774E+00 3.315284E-06
3.344771E+00 1.581817E+00 3.301509E-06
3.342587E+00 1.581860E+00 3.287944E-06
3.340405E+00 1.581902E+00 3.274582E-06
3.338226E+00 1.581945E+00 3.261411E-06
3.336050E+00 1.581987E+00 3.248426E-06
3.333877E+00 1.582029E+00 3.235616E-06
3.331705E+00 1.582072E+00 3.222973E-06
3.329538E+00 1.582114E+00 3.210491E-06
3.327373E+00 1.582156E+00 3.198162E-06
3.325211E+00 1.582198E+00 3.185979E-06
3.323052E+00 1.582239E+00 3.173934E-06
3.320895E+00 1.582281E+00 3.162022E-06
3.318742E+00 1.582323E+00 3.150236E-06
3.316591E+00 1.582364E+00 3.138569E-06
3.314443E+00 1.582406E+00 3.127016E-06
3.312298E+00 1.582447E+00 3.115571E-06
3.310156E+00 1.582489E+00 3.104229E-06
3.308016E+00 1.582530E+00 3.092984E-06
3.305878E+00 1.582571E+00 3.081832E-06
3.303744E+00 1.582612E+00 3.070767E-06
3.301613E+00 1.582653E+00 3.059785E-06
3.299484E+00 1.582694E+00 3.048882E-06
3.297358E+00 1.582734E+00 3.038053E-06
3.295235E+00 1.582775E+00 3.027295E-06
3.293115E+00 1.582816E+00 3.016603E-06
3.290997E+00 1.582856E+00 3.005974E-06
3.288882E+00 1.582897E+00 2.995404E-06
3.286770E+00 1.582937E+00 2.984889E-06
3.284660E+00 1.582977E+00 2.974428E-06
3.282553E+00 1.583017E+00 2.964015E-06
3.280449E+00 1.583058E+00 2.953649E-06
3.278347E+00 1.583098E+00 2.943327E-06
3.276248E+00 1.583137E+00 2.933046E-06
3.274152E+00 1.583177E+00 2.922803E-06
3.272059E+00 1.583217E+00 2.912596E-06
3.269968E+00 1.583257E+00 2.902423E-06
3.267880E+00 1.583296E+00 2.892281E-06
3.265795E+00 1.583336E+00 2.882169E-06
3.263712E+00 1.583375E+00 2.872084E-06
3.261632E+00 1.583415E+00 2.862025E-06
3.259554E+00 1.583454E+00 2.851989E-06
3.257480E+00 1.583493E+00 2.841976E-06
3.255408E+00 1.583532E+00 2.831983E-06
3.253338E+00 1.583571E+00 2.822009E-06
3.251270E+00 1.583610E+00 2.812053E-06
3.249206E+00 1.583649E+00 2.802113E-06
3.247144E+00 1.583688E+00 2.792188E-06
3.245085E+00 1.583726E+00 2.782277E-06
3.243029E+00 1.583765E+00 2.772379E-06
3.240975E+00 1.583804E+00 2.762492E-06
3.238924E+00 1.583842E+00 2.752616E-06
3.236876E+00 1.583880E+00 2.742750E-06
3.234830E+00 1.583919E+00 2.732892E-06
3.232786E+00 1.583957E+00 2.723043E-06
3.230745E+00 1.583995E+00 2.713201E-06
3.228707E+00 1.584033E+00 2.703366E-06
3.226670E+00 1.584071E+00 2.693537E-06
3.224637E+00 1.584109E+00 2.683713E-06
3.222607E+00 1.584147E+00 2.673895E-06
3.220579E+00 1.584185E+00 2.664080E-06
3.218553E+00 1.584222E+00 2.654270E-06
3.216530E+00 1.584260E+00 2.644463E-06
3.214510E+00 1.584297E+00 2.634659E-06
3.212492E+00 1.584335E+00 2.624858E-06
3.210477E+00 1.584372E+00 2.615060E-06
3.208464E+00 1.584409E+00 2.605263E-06
3.206454E+00 1.584447E+00 2.595469E-06
3.204446E+00 1.584484E+00 2.585676E-06
3.202441E+00 1.584521E+00 2.575885E-06
3.200437E+00 1.584558E+00 2.566096E-06
3.198437E+00 1.584595E+00 2.556307E-06
3.196439E+00 1.584632E+00 2.546520E-06
3.194444E+00 1.584668E+00 2.536734E-06
3.192452E+00 1.584705E+00 2.526949E-06
3.190461E+00 1.584742E+00 2.517165E-06
3.188474E+00 1.584778E+00 2.507381E-06
3.186488E+00 1.584815E+00 2.497599E-06
3.184505E+00 1.584851E+00 2.487818E-06
3.182525E+00 1.584887E+00 2.478037E-06
3.180547E+00 1.584924E+00 2.468258E-06
3.178572E+00 1.584960E+00 2.458480E-06
3.176599E+00 1.584996E+00 2.448702E-06
3.174627E+00 1.585032E+00 2.438926E-06
3.172659E+00 1.585068E+00 2.429152E-06
3.170694E+00 1.585104E+00 2.419378E-06
3.168730E+00 1.585140E+00 2.409607E-06
3.166770E+00 1.585175E+00 2.399837E-06
3.164811E+00 1.585211E+00 2.390069E-06
3.162855E+00 1.585247E+00 2.380302E-06
3.160902E+00 1.585282E+00 2.370538E-06
3.158951E+00 1.585318E+00 2.360777E-06
3.157002E+00 1.585353E+00 2.351018E-06
3.155056E+00 1.585388E+00 2.341261E-06
3.153112E+00 1.585423E+00 2.331507E-06
3.151169E+00 1.585459E+00 2.321757E-06
3.149230E+00 1.585494E+00 2.312009E-06
3.147294E+00 1.585529E+00 2.302266E-06
3.145359E+00 1.585564E+00 2.292525E-06
3.143427E+00 1.585599E+00 2.282789E-06
3.141498E+00 1.585633E+00 2.273057E-06
3.139571E+00 1.585668E+00 2.263329E-06
3.137646E+00 1.585703E+00 2.253606E-06
3.135723E+00 1.585738E+00 2.243887E-06
3.133803E+00 1.585772E+00 2.234174E-06
3.131885E+00 1.585807E+00 2.224466E-06
3.129970E+00 1.585841E+00 2.214763E-06
3.128057E+00 1.585875E+00 2.205067E-06
3.126145E+00 1.585910E+00 2.195376E-06
3.124237E+00 1.585944E+00 2.185691E-06
3.122330E+00 1.585978E+00 2.176013E-06
3.120427E+00 1.586012E+00 2.166342E-06
3.118525E+00 1.586046E+00 2.156678E-06
3.116626E+00 1.586080E+00 2.147021E-06
3.114729E+00 1.586114E+00 2.137371E-06
3.112835E+00 1.586148E+00 2.127730E-06
3.110942E+00 1.586181E+00 2.118096E-06
3.109053E+00 1.586215E+00 2.108471E-06
3.107165E+00 1.586249E+00 2.098854E-06
3.105280E+00 1.586282E+00 2.089246E-06
3.103396E+00 1.586316E+00 2.079647E-06
3.101515E+00 1.586349E+00 2.070057E-06
3.099636E+00 1.586382E+00 2.060477E-06
3.097760E+00 1.586416E+00 2.050907E-06
3.095886E+00 1.586449E+00 2.041346E-06
3.094014E+00 1.586482E+00 2.031796E-06
3.092145E+00 1.586515E+00 2.022257E-06
3.090278E+00 1.586548E+00 2.012728E-06
3.088413E+00 1.586581E+00 2.003211E-06
3.086550E+00 1.586614E+00 1.993705E-06
3.084690E+00 1.586647E+00 1.984210E-06
3.082832E+00 1.586680E+00 1.974727E-06
3.080976E+00 1.586712E+00 1.965257E-06
3.079121E+00 1.586745E+00 1.955798E-06
3.077270E+00 1.586777E+00 1.946353E-06
3.075420E+00 1.586810E+00 1.936920E-06
3.073573E+00 1.586842E+00 1.927500E-06
3.071729E+00 1.586875E+00 1.918093E-06
3.069886E+00 1.586907E+00 1.908700E-06
3.068046E+00 1.586939E+00 1.899321E-06
3.066207E+00 1.586972E+00 1.889956E-06
3.064371E+00 1.587004E+00 1.880605E-06
3.062538E+00 1.587036E+00 1.871269E-06
3.060706E+00 1.587068E+00 1.861947E-06
3.058877E+00 1.587100E+00 1.852640E-06
3.057049E+00 1.587132E+00 1.843349E-06
3.055223E+00 1.587163E+00 1.834073E-06
3.053401E+00 1.587195E+00 1.824812E-06
3.051580E+00 1.587227E+00 1.815568E-06
3.049761E+00 1.587259E+00 1.806339E-06
3.047945E+00 1.587290E+00 1.797127E-06
3.046131E+00 1.587322E+00 1.787932E-06
3.044319E+00 1.587353E+00 1.778753E-06
3.042509E+00 1.587385E+00 1.769591E-06
3.040701E+00 1.587416E+00 1.760447E-06
3.038896E+00 1.587447E+00 1.751320E-06
3.037092E+00 1.587478E+00 1.742210E-06
3.035291E+00 1.587510E+00 1.733119E-06
3.033491E+00 1.587541E+00 1.724045E-06
3.031694E+00 1.587572E+00 1.714990E-06
3.029899E+00 1.587603E+00 1.705953E-06
3.028106E+00 1.587634E+00 1.696935E-06
3.026316E+00 1.587665E+00 1.687936E-06
3.024527E+00 1.587695E+00 1.678956E-06
3.022741E+00 1.587726E+00 1.669995E-06
3.020956E+00 1.587757E+00 1.661053E-06
3.019174E+00 1.587787E+00 1.652132E-06
3.017394E+00 1.587818E+00 1.643230E-06
3.015616E+00 1.587848E+00 1.634348E-06
3.013840E+00 1.587879E+00 1.625486E-06
3.012066E+00 1.587909E+00 1.616645E-06
3.010294E+00 1.587940E+00 1.607825E-06
3.008524E+00 1.587970E+00 1.599025E-06
3.006756E+00 1.588000E+00 1.590247E-06
3.004991E+00 1.588030E+00 1.581489E-06
3.003228E+00 1.588061E+00 1.572753E-06
3.001466E+00 1.588091E+00 1.564038E-06
2.999707E+00 1.588121E+00 1.555345E-06
2.997950E+00 1.588151E+00 1.546674E-06
2.996195E+00 1.588180E+00 1.538025E-06
2.994441E+00 1.588210E+00 1.529398E-06
2.992690E+00 1.588240E+00 1.520794E-06
2.990941E+00 1.588270E+00 1.512212E-06
2.989194E+00 1.588299E+00 1.503652E-06
2.987449E+00 1.588329E+00 1.495116E-06
2.985706E+00 1.588359E+00 1.486603E-06
2.983965E+00 1.588388E+00 1.478112E-06
2.982226E+00 1.588418E+00 1.469645E-06
2.980489E+00 1.588447E+00 1.461202E-06
2.978754E+00 1.588476E+00 1.452782E-06
2.977022E+00 1.588506E+00 1.444386E-06
2.975291E+00 1.588535E+00 1.436014E-06
2.973562E+00 1.588564E+00 1.427665E-06
2.971835E+00 1.588593E+00 1.419341E-06
2.970111E+00 1.588622E+00 1.411042E-06
2.968388E+00 1.588651E+00 1.402767E-06
2.966666E+00 1.588680E+00 1.394516E-06
2.964948E+00 1.588709E+00 1.386290E-06
2.963231E+00 1.588738E+00 1.378089E-06
2.961516E+00 1.588767E+00 1.369914E-06
2.959803E+00 1.588795E+00 1.361763E-06
2.958092E+00 1.588824E+00 1.353637E-06
2.956384E+00 1.588853E+00 1.345537E-06
2.954677E+00 1.588881E+00 1.337462E-06
2.952972E+00 1.588910E+00 1.329413E-06
2.951269E+00 1.588938E+00 1.321390E-06
2.949568E+00 1.588967E+00 1.313393E-06
2.947869E+00 1.588995E+00 1.305421E-06
2.946172E+00 1.589023E+00 1.297476E-06
2.944476E+00 1.589052E+00 1.289557E-06
2.942783E+00 1.589080E+00 1.281664E-06
2.941092E+00 1.589108E+00 1.273797E-06
2.939402E+00 1.589136E+00 1.265958E-06
2.937715E+00 1.589164E+00 1.258144E-06
2.936030E+00 1.589192E+00 1.250358E-06
2.934346E+00 1.589220E+00 1.242598E-06
2.932665E+00 1.589248E+00 1.234865E-06
2.930985E+00 1.589276E+00 1.227159E-06
2.929308E+00 1.589304E+00 1.219480E-06
2.927632E+00 1.589332E+00 1.211829E-06
2.925958E+00 1.589359E+00 1.204205E-06
2.924286E+00 1.589387E+00 1.196608E-06
2.922615E+00 1.589414E+00 1.189038E-06
2.920947E+00 1.589442E+00 1.181496E-06
2.919281E+00 1.589470E+00 1.173982E-06
2.917617E+00 1.589497E+00 1.166495E-06
2.915954E+00 1.589524E+00 1.159036E-06
2.914294E+00 1.589552E+00 1.151605E-06
2.912635E+00 1.589579E+00 1.144202E-06
2.910978E+00 1.589606E+00 1.136827E-06
2.909324E+00 1.589634E+00 1.129480E-06
2.907671E+00 1.589661E+00 1.122161E-06
2.906020E+00 1.589688E+00 1.114871E-06
2.904370E+00 1.589715E+00 1.107608E-06
2.902722E+00 1.589742E+00 1.100374E-06
2.901077E+00 1.589769E+00 1.093169E-06
2.899433E+00 1.589796E+00 1.085991E-06
2.897791E+00 1.589823E+00 1.078843E-06
2.896152E+00 1.589849E+00 1.071723E-06
2.894514E+00 1.589876E+00 1.064631E-06
2.892877E+00 1.589903E+00 1.057568E-06
2.891243E+00 1.589930E+00 1.050534E-06
2.889611E+00 1.589956E+00 1.043529E-06
2.887980E+00 1.589983E+00 1.036552E-06
2.886351E+00 1.590009E+00 1.029604E-06
2.884724E+00 1.590036E+00 1.022685E-06
2.883099E+00 1.590062E+00 1.015796E-06
2.881475E+00 1.590088E+00 1.008935E-06
2.879853E+00 1.590115E+00 1.002103E-06
2.878234E+00 1.590141E+00 9.953001E-07
2.876616E+00 1.590167E+00 9.885264E-07
2.875000E+00 1.590194E+00 9.817818E-07
2.873386E+00 1.590220E+00 9.750664E-07
2.871773E+00 1.590246E+00 9.683802E-07
2.870163E+00 1.590272E+00 9.617232E-07
2.868554E+00 1.590298E+00 9.550954E-07
2.866947E+00 1.590324E+00 9.484970E-07
2.865342E+00 1.590350E+00 9.419278E-07
2.863738E+00 1.590376E+00 9.353879E-07
2.862136E+00 1.590401E+00 9.288773E-07
2.860536E+00 1.590427E+00 9.223961E-07
2.858938E+00 1.590453E+00 9.159443E-07
2.857342E+00 1.590479E+00 9.095219E-07
2.855748E+00 1.590504E+00 9.031288E-07
2.854155E+00 1.590530E+00 8.967652E-07
2.852564E+00 1.590555E+00 8.904310E-07
2.850975E+00 1.590581E+00 8.841262E-07
2.849388E+00 1.590606E+00 8.778508E-07
2.847802E+00 1.590632E+00 8.716049E-07
2.846218E+00 1.590657E+00 8.653884E-07
2.844636E+00 1.590682E+00 8.592014E-07
2.843056E+00 1.590708E+00 8.530439E-07
2.841477E+00 1.590733E+00 8.469157E-07
2.839900E+00 1.590758E+00 8.408171E-07
2.838325E+00 1.590783E+00 8.347478E-07
2.836751E+00 1.590808E+00 8.287081E-07
2.835180E+00 1.590833E+00 8.226977E-07
2.833610E+00 1.590858E+00 8.167168E-07
2.832042E+00 1.590883E+00 8.107653E-07
2.830476E+00 1.590908E+00 8.048432E-07
2.828911E+00 1.590933E+00 7.989505E-07
2.827348E+00 1.590958E+00 7.930872E-07
2.825787E+00 1.590983E+00 7.872532E-07
2.824228E+00 1.591007E+00 7.814486E-07
2.822670E+00 1.591032E+00 7.756734E-07
2.821113E+00 1.591057E+00 7.699274E-07
2.819559E+00 1.591081E+00 7.642108E-07
2.818006E+00 1.591106E+00 7.585234E-07
2.816456E+00 1.591131E+00 7.528653E-07
2.814906E+00 1.591155E+00 7.472364E-07
2.813359E+00 1.591179E+00 7.416367E-07
2.811813E+00 1.591204E+00 7.360662E-07
2.810269E+00 1.591228E+00 7.305248E-07
2.808727E+00 1.591253E+00 7.250126E-07
2.807186E+00 1.591277E+00 7.195294E-07
2.805647E+00 1.591301E+00 7.140753E-07
2.804110E+00 1.591325E+00 7.086503E-07
2.802574E+00 1.591349E+00 7.032542E-07
2.801040E+00 1.591374E+00 6.978870E-07
2.799507E+00 1.591398E+00 6.925488E-07
2.797977E+00 1.591422E+00 6.872395E-07
2.796448E+00 1.591446E+00 6.819590E-07
2.794921E+00 1.591470E+00 6.767074E-07
2.793395E+00 1.591493E+00 6.714844E-07
2.791871E+00 1.591517E+00 6.662902E-07
2.790349E+00 1.591541E+00 6.611247E-07
2.788829E+00 1.591565E+00 6.559878E-07
2.787310E+00 1.591589E+00 6.508795E-07
2.785792E+00 1.591612E+00 6.457997E-07
2.784277E+00 1.591636E+00 6.407485E-07
2.782762E+00 1.591660E+00 6.357256E-07
2.781250E+00 1.591683E+00 6.307312E-07
2.779739E+00 1.591707E+00 6.257651E-07
2.778230E+00 1.591730E+00 6.208273E-07
2.776723E+00 1.591754E+00 6.159177E-07
2.775217E+00 1.591777E+00 6.110363E-07
2.773713E+00 1.591800E+00 6.061830E-07
2.772210E+00 1.591824E+00 6.013578E-07
2.770709E+00 1.591847E+00 5.965606E-07
2.769210E+00 1.591870E+00 5.917914E-07
2.767713E+00 1.591893E+00 5.870501E-07
2.766217E+00 1.591917E+00 5.823366E-07
2.764722E+00 1.591940E+00 5.776509E-07
2.763229E+00 1.591963E+00 5.729928E-07
2.761737E+00 1.591986E+00 5.683625E-07
2.760248E+00 1.592009E+00 5.637597E-07
2.758760E+00 1.592032E+00 5.591845E-07
2.757274E+00 1.592055E+00 5.546367E-07
2.755789E+00 1.592078E+00 5.501163E-07
2.754306E+00 1.592100E+00 5.456232E-07
2.752824E+00 1.592123E+00 5.411574E-07
2.751344E+00 1.592146E+00 5.367187E-07
2.749866E+00 1.592169E+00 5.323072E-07
2.748389E+00 1.592191E+00 5.279227E-07
2.746914E+00 1.592214E+00 5.235652E-07
2.745440E+00 1.592237E+00 5.192346E-07
2.743968E+00 1.592259E+00 5.149309E-07
2.742497E+00 1.592282E+00 5.106539E-07
2.741028E+00 1.592304E+00 5.064035E-07
2.739561E+00 1.592327E+00 5.021798E-07
2.738095E+00 1.592349E+00 4.979826E-07
2.736631E+00 1.592372E+00 4.938119E-07
2.735168E+00 1.592394E+00 4.896675E-07
2.733707E+00 1.592416E+00 4.855495E-07
2.732248E+00 1.592439E+00 4.814576E-07
2.730790E+00 1.592461E+00 4.773919E-07
2.729334E+00 1.592483E+00 4.733523E-07
2.727879E+00 1.592505E+00 4.693386E-07
2.726425E+00 1.592527E+00 4.653509E-07
2.724973E+00 1.592549E+00 4.613889E-07
2.723523E+00 1.592571E+00 4.574527E-07
2.722074E+00 1.592593E+00 4.535421E-07
2.720627E+00 1.592615E+00 4.496571E-07
2.719182E+00 1.592637E+00 4.457976E-07
2.717738E+00 1.592659E+00 4.419635E-07
2.716295E+00 1.592681E+00 4.381547E-07
2.714854E+00 1.592703E+00 4.343711E-07
2.713415E+00 1.592725E+00 4.306127E-07
2.711977E+00 1.592746E+00 4.268793E-07
2.710541E+00 1.592768E+00 4.231708E-07
2.709106E+00 1.592790E+00 4.194873E-07
2.707672E+00 1.592812E+00 4.158285E-07
2.706240E+00 1.592833E+00 4.121944E-07
2.704810E+00 1.592855E+00 4.085850E-07
2.703381E+00 1.592876E+00 4.050000E-07
2.701953E+00 1.592898E+00 4.014395E-07
2.700528E+00 1.592919E+00 3.979033E-07
2.699103E+00 1.592941E+00 3.943913E-07
2.697681E+00 1.592962E+00 3.909035E-07
2.696259E+00 1.592983E+00 3.874398E-07
2.694840E+00 1.593005E+00 3.840000E-07
2.693421E+00 1.593026E+00 3.805841E-07
2.692005E+00 1.593047E+00 3.771920E-07
2.690589E+00 1.593068E+00 3.738235E-07
2.689175E+00 1.593090E+00 3.704786E-07
2.687762E+00 1.593111E+00 3.671573E-07
2.686352E+00 1.593132E+00 3.638593E-07
2.684942E+00 1.593153E+00 3.605846E-07
2.683534E+00 1.593174E+00 3.573332E-07
2.682128E+00 1.593195E+00 3.541048E-07
2.680723E+00 1.593216E+00 3.508995E-07
2.679319E+00 1.593237E+00 3.477171E-07
2.677917E+00 1.593258E+00 3.445575E-07
2.676517E+00 1.593279E+00 3.414206E-07
2.675118E+00 1.593300E+00 3.383063E-07
2.673720E+00 1.593320E+00 3.352146E-07
2.672323E+00 1.593341E+00 3.321453E-07
2.670929E+00 1.593362E+00 3.290983E-07
2.669536E+00 1.593383E+00 3.260736E-07
2.668144E+00 1.593403E+00 3.230709E-07
2.666753E+00 1.593424E+00 3.200904E-07
2.665365E+00 1.593444E+00 3.171317E-07
2.663977E+00 1.593465E+00 3.141949E-07
2.662591E+00 1.593485E+00 3.112798E-07
2.661207E+00 1.593506E+00 3.083863E-07
2.659823E+00 1.593526E+00 3.055144E-07
2.658442E+00 1.593547E+00 3.026639E-07
2.657062E+00 1.593567E+00 2.998347E-07
2.655682E+00 1.593588E+00 2.970268E-07
2.654305E+00 1.593608E+00 2.942400E-07
2.652929E+00 1.593628E+00 2.914742E-07
2.651554E+00 1.593648E+00 2.887293E-07
2.650181E+00 1.593669E+00 2.860053E-07
2.648809E+00 1.593689E+00 2.833019E-07
2.647439E+00 1.593709E+00 2.806192E-07
2.646070E+00 1.593729E+00 2.779571E-07
2.644703E+00 1.593749E+00 2.753153E-07
2.643337E+00 1.593769E+00 2.726938E-07
2.641972E+00 1.593789E+00 2.700926E-07
2.640609E+00 1.593809E+00 2.675115E-07
2.639247E+00 1.593829E+00 2.649503E-07
2.637886E+00 1.593849E+00 2.624091E-07
2.636527E+00 1.593869E+00 2.598877E-07
2.635170E+00 1.593889E+00 2.573860E-07
2.633814E+00 1.593909E+00 2.549039E-07
2.632459E+00 1.593929E+00 2.524412E-07
2.631105E+00 1.593948E+00 2.499980E-07
2.629753E+00 1.593968E+00 2.475741E-07
2.628403E+00 1.593988E+00 2.451693E-07
2.627054E+00 1.594008E+00 2.427837E-07
2.625706E+00 1.594027E+00 2.404170E-07
2.624359E+00 1.594047E+00 2.380692E-07
2.623014E+00 1.594066E+00 2.357401E-07
2.621670E+00 1.594086E+00 2.334298E-07
2.620327E+00 1.594105E+00 2.311380E-07
2.618986E+00 1.594125E+00 2.288647E-07
2.617647E+00 1.594144E+00 2.266098E-07
2.616309E+00 1.594164E+00 2.243731E-07
2.614972E+00 1.594183E+00 2.221546E-07
2.613636E+00 1.594203E+00 2.199541E-07
2.612302E+00 1.594222E+00 2.177716E-07
2.610969E+00 1.594241E+00 2.156070E-07
2.609638E+00 1.594260E+00 2.134601E-07
2.608308E+00 1.594280E+00 2.113309E-07
2.606979E+00 1.594299E+00 2.092192E-07
2.605652E+00 1.594318E+00 2.071250E-07
2.604325E+00 1.594337E+00 2.050481E-07
2.603001E+00 1.594356E+00 2.029885E-07
2.601677E+00 1.594375E+00 2.009460E-07
2.600356E+00 1.594394E+00 1.989206E-07
2.599035E+00 1.594413E+00 1.969121E-07
2.597716E+00 1.594432E+00 1.949204E-07
2.596398E+00 1.594451E+00 1.929455E-07
2.595081E+00 1.594470E+00 1.909872E-07
2.593766E+00 1.594489E+00 1.890455E-07
2.592452E+00 1.594508E+00 1.871202E-07
2.591139E+00 1.594527E+00 1.852113E-07
2.589828E+00 1.594546E+00 1.833186E-07
2.588518E+00 1.594564E+00 1.814420E-07
2.587209E+00 1.594583E+00 1.795815E-07
2.585902E+00 1.594602E+00 1.777369E-07
2.584596E+00 1.594621E+00 1.759082E-07
2.583291E+00 1.594639E+00 1.740952E-07
2.581988E+00 1.594658E+00 1.722978E-07
2.580686E+00 1.594677E+00 1.705160E-07
2.579385E+00 1.594695E+00 1.687496E-07
2.578086E+00 1.594714E+00 1.669986E-07
2.576788E+00 1.594732E+00 1.652629E-07
2.575491E+00 1.594751E+00 1.635423E-07
2.574195E+00 1.594769E+00 1.618367E-07
2.572901E+00 1.594787E+00 1.601461E-07
2.571608E+00 1.594806E+00 1.584704E-07
2.570316E+00 1.594824E+00 1.568094E-07
2.569026E+00 1.594843E+00 1.551631E-07
2.567737E+00 1.594861E+00 1.535314E-07
2.566449E+00 1.594879E+00 1.519142E-07
2.565163E+00 1.594897E+00 1.503113E-07
2.563878E+00 1.594916E+00 1.487227E-07
2.562594E+00 1.594934E+00 1.471483E-07
2.561311E+00 1.594952E+00 1.455880E-07
2.560030E+00 1.594970E+00 1.440417E-07
2.558750E+00 1.594988E+00 1.425093E-07
2.557471E+00 1.595006E+00 1.409907E-07
2.556194E+00 1.595024E+00 1.394858E-07
2.554917E+00 1.595042E+00 1.379946E-07
2.553642E+00 1.595060E+00 1.365169E-07
2.552369E+00 1.595078E+00 1.350526E-07
2.551097E+00 1.595096E+00 1.336016E-07
2.549826E+00 1.595114E+00 1.321639E-07
2.548556E+00 1.595132E+00 1.307394E-07
2.547287E+00 1.595150E+00 1.293279E-07
2.546020E+00 1.595168E+00 1.279294E-07
2.544754E+00 1.595185E+00 1.265438E-07
2.543489E+00 1.595203E+00 1.251710E-07
2.542226E+00 1.595221E+00 1.238109E-07
2.540964E+00 1.595239E+00 1.224634E-07
2.539703E+00 1.595256E+00 1.211284E-07
2.538442E+00 1.595274E+00 1.198059E-07
2.537184E+00 1.595292E+00 1.184957E-07
2.535926E+00 1.595309E+00 1.171977E-07
2.534670E+00 1.595327E+00 1.159119E-07
2.533416E+00 1.595344E+00 1.146382E-07
2.532162E+00 1.595362E+00 1.133765E-07
2.530910E+00 1.595379E+00 1.121267E-07
2.529659E+00 1.595397E+00 1.108887E-07
2.528409E+00 1.595414E+00 1.096624E-07
2.527161E+00 1.595432E+00 1.084478E-07
2.525913E+00 1.595449E+00 1.072447E-07
2.524667E+00 1.595466E+00 1.060531E-07
2.523422E+00 1.595484E+00 1.048728E-07
2.522178E+00 1.595501E+00 1.037039E-07
2.520936E+00 1.595518E+00 1.025462E-07
2.519695E+00 1.595536E+00 1.013996E-07
2.518455E+00 1.595553E+00 1.002640E-07
2.517216E+00 1.595570E+00 9.913944E-08
2.515978E+00 1.595587E+00 9.802572E-08
2.514742E+00 1.595604E+00 9.692280E-08
2.513507E+00 1.595621E+00 9.583059E-08
2.512273E+00 1.595639E+00 9.474901E-08
2.511040E+00 1.595656E+00 9.367797E-08
2.509809E+00 1.595673E+00 9.261740E-08
2.508579E+00 1.595690E+00 9.156721E-08
2.507349E+00 1.595707E+00 9.052732E-08
2.506121E+00 1.595724E+00 8.949766E-08
2.504895E+00 1.595741E+00 8.847814E-08
2.503669E+00 1.595757E+00 8.746868E-08
2.502445E+00 1.595774E+00 8.646920E-08
2.501222E+00 1.595791E+00 8.547963E-08
2.500000E+00 1.595808E+00 8.449989E-08
