5.117500E+03 2.920390E+00 6.291068E-03
2.558750E+03 2.920091E+00 1.256689E-02
1.705833E+03 2.919594E+00 1.881216E-02
1.279375E+03 2.918900E+00 2.501139E-02
1.023500E+03 2.918011E+00 3.114892E-02
8.529170E+02 2.916932E+00 3.720883E-02
7.310716E+02 2.915665E+00 4.317498E-02
6.396876E+02 2.914217E+00 4.903099E-02
5.686112E+02 2.912594E+00 5.476038E-02
5.117500E+02 2.910804E+00 6.034660E-02
4.652273E+02 2.908857E+00 6.577319E-02
4.264583E+02 2.906763E+00 7.102397E-02
3.936538E+02 2.904535E+00 7.608320E-02
3.655357E+02 2.902188E+00 8.093581E-02
3.411666E+02 2.899738E+00 8.556762E-02
3.198437E+02 2.897201E+00 8.996557E-02
3.010294E+02 2.894598E+00 9.411789E-02
2.843056E+02 2.891949E+00 9.801437E-02
2.693421E+02 2.889275E+00 1.016465E-01
2.558750E+02 2.886600E+00 1.050076E-01
2.436905E+02 2.883947E+00 1.080929E-01
2.326136E+02 2.881340E+00 1.108999E-01
2.225000E+02 2.878805E+00 1.134278E-01
2.132292E+02 2.876365E+00 1.156781E-01
2.047000E+02 2.874045E+00 1.176543E-01
1.968269E+02 2.871872E+00 1.193618E-01
1.895370E+02 2.869867E+00 1.208080E-01
1.827678E+02 2.868057E+00 1.220019E-01
1.764655E+02 2.866463E+00 1.229543E-01
1.705833E+02 2.865109E+00 1.236775E-01
1.650807E+02 2.864017E+00 1.241851E-01
1.599219E+02 2.863208E+00 1.244923E-01
1.550758E+02 2.862705E+00 1.246153E-01
1.505147E+02 2.862527E+00 1.245719E-01
1.462143E+02 2.862696E+00 1.243808E-01
1.421528E+02 2.863233E+00 1.240623E-01
1.383108E+02 2.864157E+00 1.236381E-01
1.346710E+02 2.865492E+00 1.231314E-01
1.312179E+02 2.867257E+00 1.225679E-01
1.279375E+02 2.869478E+00 1.219752E-01
1.248171E+02 2.872176E+00 1.213843E-01
1.218452E+02 2.875379E+00 1.208298E-01
1.190116E+02 2.879113E+00 1.203513E-01
1.163068E+02 2.883407E+00 1.199943E-01
1.137222E+02 2.888292E+00 1.198123E-01
1.112500E+02 2.893799E+00 1.198685E-01
1.088830E+02 2.899961E+00 1.202386E-01
1.066146E+02 2.906811E+00 1.210146E-01
1.044388E+02 2.914378E+00 1.223084E-01
1.023500E+02 2.922684E+00 1.242574E-01
1.003431E+02 2.931740E+00 1.270300E-01
9.841348E+01 2.941533E+00 1.308332E-01
9.655660E+01 2.952013E+00 1.359181E-01
9.476849E+01 2.963072E+00 1.425855E-01
9.304541E+01 2.974509E+00 1.511841E-01
9.138396E+01 2.985989E+00 1.620981E-01
8.978071E+01 2.996989E+00 1.757107E-01
8.823275E+01 3.006743E+00 1.923297E-01
8.673727E+01 3.014203E+00 2.120580E-01
8.529170E+01 3.018076E+00 2.346058E-01
8.389346E+01 3.016981E+00 2.590755E-01
8.254033E+01 3.009787E+00 2.838205E-01
8.123015E+01 2.996092E+00 3.065374E-01
7.996092E+01 2.976623E+00 3.247081E-01
7.873080E+01 2.953298E+00 3.363030E-01
7.753789E+01 2.928769E+00 3.404026E-01
7.638060E+01 2.905681E+00 3.373808E-01
7.525734E+01 2.886031E+00 3.285907E-01
7.416665E+01 2.870901E+00 3.158070E-01
7.310716E+01 2.860560E+00 3.007377E-01
7.207747E+01 2.854731E+00 2.847536E-01
7.107639E+01 2.852868E+00 2.688200E-01
7.010273E+01 2.854352E+00 2.535462E-01
6.915538E+01 2.858601E+00 2.392749E-01
6.823335E+01 2.865118E+00 2.261708E-01
6.733553E+01 2.873502E+00 2.142899E-01
6.646104E+01 2.883439E+00 2.036274E-01
6.560896E+01 2.894689E+00 1.941488E-01
6.477846E+01 2.907066E+00 1.858088E-01
6.396876E+01 2.920430E+00 1.785609E-01
6.317902E+01 2.934669E+00 1.723623E-01
6.240853E+01 2.949694E+00 1.671755E-01
6.165661E+01 2.965434E+00 1.629680E-01
6.092264E+01 2.981827E+00 1.597116E-01
6.020589E+01 2.998824E+00 1.573811E-01
5.950582E+01 3.016382E+00 1.559535E-01
5.882183E+01 3.034466E+00 1.554072E-01
5.815340E+01 3.053050E+00 1.557222E-01
5.750001E+01 3.072113E+00 1.568799E-01
5.686112E+01 3.091642E+00 1.588640E-01
5.623626E+01 3.111633E+00 1.616607E-01
5.562499E+01 3.132087E+00 1.652601E-01
5.502687E+01 3.153011E+00 1.696564E-01
5.444150E+01 3.174420E+00 1.748492E-01
5.386843E+01 3.196335E+00 1.808441E-01
5.330729E+01 3.218781E+00 1.876536E-01
5.275773E+01 3.241789E+00 1.952976E-01
5.221938E+01 3.265392E+00 2.038043E-01
5.169193E+01 3.289630E+00 2.132110E-01
5.117500E+01 3.314544E+00 2.235649E-01
5.066832E+01 3.340179E+00 2.349239E-01
5.017156E+01 3.366581E+00 2.473580E-01
4.968445E+01 3.393801E+00 2.609506E-01
4.920674E+01 3.421887E+00 2.757995E-01
4.873810E+01 3.450892E+00 2.920197E-01
4.827830E+01 3.480866E+00 3.097447E-01
4.782710E+01 3.511857E+00 3.291296E-01
4.738427E+01 3.543913E+00 3.503542E-01
4.694955E+01 3.577072E+00 3.736265E-01
4.652273E+01 3.611366E+00 3.991869E-01
4.610360E+01 3.646814E+00 4.273131E-01
4.569196E+01 3.683416E+00 4.583261E-01
4.528762E+01 3.721145E+00 4.925959E-01
4.489036E+01 3.759938E+00 5.305486E-01
4.450000E+01 3.799680E+00 5.726736E-01
4.411638E+01 3.840190E+00 6.195300E-01
4.373931E+01 3.881188E+00 6.717525E-01
4.336865E+01 3.922271E+00 7.300536E-01
4.300420E+01 3.962866E+00 7.952200E-01
4.264583E+01 4.002180E+00 8.680991E-01
4.229338E+01 4.039132E+00 9.495681E-01
4.194671E+01 4.072281E+00 1.040477E+00
4.160570E+01 4.099747E+00 1.141554E+00
4.127016E+01 4.119138E+00 1.253255E+00
4.094000E+01 4.127515E+00 1.375554E+00
4.061507E+01 4.121433E+00 1.507668E+00
4.029527E+01 4.097093E+00 1.647741E+00
3.998047E+01 4.050633E+00 1.792550E+00
3.967054E+01 3.978500E+00 1.937257E+00
3.936538E+01 3.877889E+00 2.075015E+00
3.906488E+01 3.747858E+00 2.196160E+00
3.876895E+01 3.592486E+00 2.288073E+00
3.847745E+01 3.425194E+00 2.339531E+00
3.819030E+01 3.266835E+00 2.350459E+00
3.790741E+01 3.132873E+00 2.336273E+00
3.762867E+01 3.021801E+00 2.317169E+00
3.735402E+01 2.918764E+00 2.302210E+00
3.708334E+01 2.810601E+00 2.283981E+00
3.681655E+01 2.698174E+00 2.248069E+00
3.655357E+01 2.594487E+00 2.187898E+00
3.629432E+01 2.512077E+00 2.109303E+00
3.603874E+01 2.455324E+00 2.023121E+00
3.578672E+01 2.422459E+00 1.938072E+00
3.553819E+01 2.409852E+00 1.859467E+00
3.529310E+01 2.413951E+00 1.790568E+00
3.505136E+01 2.431477E+00 1.733663E+00
3.481293E+01 2.459226E+00 1.690438E+00
3.457770E+01 2.493995E+00 1.662048E+00
3.434564E+01 2.532575E+00 1.649150E+00
3.411666E+01 2.571777E+00 1.651933E+00
3.389072E+01 2.608415E+00 1.670140E+00
3.366777E+01 2.639301E+00 1.703035E+00
3.344771E+01 2.661248E+00 1.749329E+00
3.323052E+01 2.671151E+00 1.807054E+00
3.301613E+01 2.666154E+00 1.873442E+00
3.280449E+01 2.643943E+00 1.944860E+00
3.259554E+01 2.603103E+00 2.016894E+00
3.238924E+01 2.543494E+00 2.084623E+00
3.218553E+01 2.466474E+00 2.143106E+00
3.198437E+01 2.374891E+00 2.187977E+00
3.178572E+01 2.272756E+00 2.215990E+00
3.158951E+01 2.164706E+00 2.225348E+00
3.139571E+01 2.055396E+00 2.215732E+00
3.120427E+01 1.948994E+00 2.188056E+00
3.101515E+01 1.848893E+00 2.144083E+00
3.082832E+01 1.757632E+00 2.086017E+00
3.064371E+01 1.676984E+00 2.016178E+00
3.046131E+01 1.608127E+00 1.936786E+00
3.028106E+01 1.551850E+00 1.849869E+00
3.010294E+01 1.508721E+00 1.757261E+00
2.992690E+01 1.479227E+00 1.660668E+00
2.975291E+01 1.463844E+00 1.561780E+00
2.958092E+01 1.463027E+00 1.462404E+00
2.941092E+01 1.477130E+00 1.364575E+00
2.924286E+01 1.506234E+00 1.270603E+00
2.907671E+01 1.549960E+00 1.183007E+00
2.891243E+01 1.607334E+00 1.104306E+00
2.875000E+01 1.676809E+00 1.036762E+00
2.858938E+01 1.756451E+00 9.821761E-01
2.843056E+01 1.844202E+00 9.418549E-01
2.827348E+01 1.938091E+00 9.167466E-01
2.811813E+01 2.036294E+00 9.076665E-01
2.796448E+01 2.137052E+00 9.155176E-01
2.781250E+01 2.238441E+00 9.414362E-01
2.766217E+01 2.338045E+00 9.868102E-01
2.751344E+01 2.432560E+00 1.053102E+00
2.736631E+01 2.517403E+00 1.141387E+00
2.722074E+01 2.586533E+00 1.251505E+00
2.707672E+01 2.632823E+00 1.380900E+00
2.693421E+01 2.649402E+00 1.523549E+00
2.679319E+01 2.631942E+00 1.669907E+00
2.665365E+01 2.580867E+00 1.808714E+00
2.651554E+01 2.501788E+00 1.930264E+00
2.637886E+01 2.403378E+00 2.029130E+00
2.624359E+01 2.294125E+00 2.104506E+00
2.610969E+01 2.180184E+00 2.158408E+00
2.597716E+01 2.065205E+00 2.193489E+00
2.584596E+01 1.951355E+00 2.211829E+00
2.571608E+01 1.840376E+00 2.214872E+00
2.558750E+01 1.734068E+00 2.203882E+00
2.546020E+01 1.634232E+00 2.180368E+00
2.533416E+01 1.542407E+00 2.146200E+00
2.520936E+01 1.459659E+00 2.103502E+00
2.508579E+01 1.386516E+00 2.054443E+00
2.496342E+01 1.323025E+00 2.001069E+00
2.484223E+01 1.268863E+00 1.945199E+00
2.472222E+01 1.223451E+00 1.888392E+00
2.460336E+01 1.186036E+00 1.831956E+00
2.448565E+01 1.155743E+00 1.776965E+00
2.436905E+01 1.131609E+00 1.724282E+00
2.425355E+01 1.112595E+00 1.674559E+00
2.413915E+01 1.097603E+00 1.628231E+00
2.402582E+01 1.085506E+00 1.585492E+00
2.391355E+01 1.075195E+00 1.546280E+00
2.380233E+01 1.065636E+00 1.510273E+00
2.369213E+01 1.055946E+00 1.476901E+00
2.358295E+01 1.045458E+00 1.445395E+00
2.347477E+01 1.033775E+00 1.414853E+00
2.336758E+01 1.020793E+00 1.384328E+00
2.326136E+01 1.006695E+00 1.352916E+00
2.315611E+01 9.919173E-01 1.319832E+00
2.305180E+01 9.770911E-01 1.284467E+00
2.294843E+01 9.629808E-01 1.246424E+00
2.284598E+01 9.504204E-01 1.205522E+00
2.274444E+01 9.402621E-01 1.161793E+00
2.264380E+01 9.333356E-01 1.115468E+00
2.254405E+01 9.304171E-01 1.066963E+00
2.244518E+01 9.322015E-01 1.016869E+00
2.234716E+01 9.392698E-01 9.659402E-01
2.225000E+01 9.520485E-01 9.150866E-01
2.215368E+01 9.707596E-01 8.653398E-01
2.205819E+01 9.953747E-01 8.177991E-01
2.196352E+01 1.025589E+00 7.735481E-01
2.186966E+01 1.060839E+00 7.335598E-01
2.177660E+01 1.100361E+00 6.986140E-01
2.168432E+01 1.143283E+00 6.692556E-01
2.159282E+01 1.188721E+00 6.458009E-01
2.150210E+01 1.235847E+00 6.283816E-01
2.141213E+01 1.283931E+00 6.170072E-01
2.132292E+01 1.332339E+00 6.116258E-01
2.123444E+01 1.380522E+00 6.121720E-01
2.114669E+01 1.427979E+00 6.185991E-01
2.105967E+01 1.474226E+00 6.308945E-01
2.097336E+01 1.518756E+00 6.490815E-01
2.088775E+01 1.560998E+00 6.732081E-01
2.080284E+01 1.600289E+00 7.033218E-01
2.071863E+01 1.635843E+00 7.394320E-01
2.063508E+01 1.666731E+00 7.814558E-01
2.055221E+01 1.691882E+00 8.291501E-01
2.047000E+01 1.710102E+00 8.820308E-01
2.038844E+01 1.720144E+00 9.392894E-01
2.030754E+01 1.720804E+00 9.997239E-01
2.022727E+01 1.711077E+00 1.061708E+00
2.014764E+01 1.690333E+00 1.123227E+00
2.006863E+01 1.658487E+00 1.182000E+00
1.999023E+01 1.616112E+00 1.235682E+00
1.991245E+01 1.564459E+00 1.282127E+00
1.983527E+01 1.505347E+00 1.319629E+00
1.975869E+01 1.440957E+00 1.347098E+00
1.968269E+01 1.373574E+00 1.364119E+00
1.960728E+01 1.305351E+00 1.370903E+00
1.953244E+01 1.238130E+00 1.368144E+00
1.945818E+01 1.173357E+00 1.356852E+00
1.938447E+01 1.112066E+00 1.338184E+00
1.931132E+01 1.054921E+00 1.313320E+00
1.923872E+01 1.002282E+00 1.283367E+00
1.916667E+01 9.542802E-01 1.249311E+00
1.909515E+01 9.108889E-01 1.211998E+00
1.902416E+01 8.719802E-01 1.172127E+00
1.895370E+01 8.373704E-01 1.130267E+00
1.888377E+01 8.068536E-01 1.086868E+00
1.881434E+01 7.802257E-01 1.042282E+00
1.874542E+01 7.573023E-01 9.967773E-01
1.867701E+01 7.379337E-01 9.505572E-01
1.860909E+01 7.220174E-01 9.037772E-01
1.854167E+01 7.095113E-01 8.565651E-01
1.847473E+01 7.004441E-01 8.090493E-01
1.840827E+01 6.949185E-01 7.613982E-01
1.834229E+01 6.930955E-01 7.138685E-01
1.827678E+01 6.951493E-01 6.668553E-01
1.821175E+01 7.011845E-01 6.209208E-01
1.814716E+01 7.111278E-01 5.767725E-01
1.808304E+01 7.246317E-01 5.351684E-01
1.801937E+01 7.410414E-01 4.967637E-01
1.795614E+01 7.594634E-01 4.619486E-01
1.789336E+01 7.789196E-01 4.307498E-01
1.783101E+01 7.985304E-01 4.028327E-01
1.776910E+01 8.176639E-01 3.775954E-01
1.770761E+01 8.360133E-01 3.543147E-01
1.764655E+01 8.535987E-01 3.323031E-01
1.758591E+01 8.706980E-01 3.110433E-01
1.752569E+01 8.877265E-01 2.902724E-01
1.746587E+01 9.050923E-01 2.699946E-01
1.740646E+01 9.230728E-01 2.504176E-01
1.734746E+01 9.417502E-01 2.318389E-01
1.728885E+01 9.610235E-01 2.145303E-01
1.723064E+01 9.806721E-01 1.986605E-01
1.717282E+01 1.000437E+00 1.842736E-01
1.711538E+01 1.020082E+00 1.713093E-01
1.705833E+01 1.039429E+00 1.596425E-01
1.700166E+01 1.058363E+00 1.491219E-01
1.694536E+01 1.076823E+00 1.395970E-01
1.688944E+01 1.094786E+00 1.309334E-01
1.683388E+01 1.112253E+00 1.230173E-01
1.677869E+01 1.129238E+00 1.157557E-01
1.672386E+01 1.145762E+00 1.090725E-01
1.666938E+01 1.161848E+00 1.029051E-01
1.661526E+01 1.177517E+00 9.720144E-02
1.656149E+01 1.192792E+00 9.191712E-02
1.650807E+01 1.207691E+00 8.701395E-02
1.645498E+01 1.222235E+00 8.245859E-02
1.640224E+01 1.236442E+00 7.822165E-02
1.634984E+01 1.250329E+00 7.427708E-02
1.629777E+01 1.263913E+00 7.060162E-02
1.624603E+01 1.277208E+00 6.717447E-02
1.619462E+01 1.290231E+00 6.397693E-02
1.614353E+01 1.302994E+00 6.099214E-02
1.609277E+01 1.315511E+00 5.820485E-02
1.604232E+01 1.327795E+00 5.560128E-02
1.599219E+01 1.339858E+00 5.316886E-02
1.594237E+01 1.351712E+00 5.089619E-02
1.589286E+01 1.363368E+00 4.877286E-02
1.584365E+01 1.374836E+00 4.678937E-02
1.579475E+01 1.386127E+00 4.493701E-02
1.574615E+01 1.397250E+00 4.320780E-02
1.569785E+01 1.408215E+00 4.159443E-02
1.564985E+01 1.419031E+00 4.009018E-02
1.560213E+01 1.429707E+00 3.868886E-02
1.555471E+01 1.440250E+00 3.738477E-02
1.550758E+01 1.450670E+00 3.617267E-02
1.546072E+01 1.460974E+00 3.504774E-02
1.541416E+01 1.471169E+00 3.400549E-02
1.536787E+01 1.481264E+00 3.304184E-02
1.532186E+01 1.491266E+00 3.215297E-02
1.527612E+01 1.501180E+00 3.133540E-02
1.523065E+01 1.511016E+00 3.058591E-02
1.518546E+01 1.520779E+00 2.990152E-02
1.514053E+01 1.530476E+00 2.927953E-02
1.509587E+01 1.540114E+00 2.871742E-02
1.505147E+01 1.549699E+00 2.821291E-02
1.500733E+01 1.559238E+00 2.776392E-02
1.496345E+01 1.568737E+00 2.736854E-02
1.491983E+01 1.578203E+00 2.702508E-02
1.487645E+01 1.587641E+00 2.673198E-02
1.483333E+01 1.597059E+00 2.648788E-02
1.479046E+01 1.606462E+00 2.629157E-02
1.474784E+01 1.615857E+00 2.614200E-02
1.470546E+01 1.625251E+00 2.603829E-02
1.466332E+01 1.634649E+00 2.597970E-02
1.462143E+01 1.644059E+00 2.596563E-02
1.457977E+01 1.653487E+00 2.599567E-02
1.453835E+01 1.662939E+00 2.606952E-02
1.449717E+01 1.672423E+00 2.618707E-02
1.445622E+01 1.681945E+00 2.634836E-02
1.441549E+01 1.691513E+00 2.655357E-02
1.437500E+01 1.701133E+00 2.680308E-02
1.433473E+01 1.710814E+00 2.709742E-02
1.429469E+01 1.720563E+00 2.743732E-02
1.425487E+01 1.730387E+00 2.782368E-02
1.421528E+01 1.740295E+00 2.825763E-02
1.417590E+01 1.750295E+00 2.874048E-02
1.413674E+01 1.760397E+00 2.927379E-02
1.409780E+01 1.770608E+00 2.985936E-02
1.405907E+01 1.780939E+00 3.049925E-02
1.402055E+01 1.791399E+00 3.119580E-02
1.398224E+01 1.801999E+00 3.195168E-02
1.394414E+01 1.812749E+00 3.276986E-02
1.390625E+01 1.823660E+00 3.365371E-02
1.386856E+01 1.834744E+00 3.460695E-02
1.383108E+01 1.846013E+00 3.563380E-02
1.379380E+01 1.857480E+00 3.673891E-02
1.375672E+01 1.869159E+00 3.792748E-02
1.371984E+01 1.881064E+00 3.920530E-02
1.368316E+01 1.893211E+00 4.057881E-02
1.364667E+01 1.905614E+00 4.205516E-02
1.361037E+01 1.918291E+00 4.364231E-02
1.357427E+01 1.931261E+00 4.534912E-02
1.353836E+01 1.944541E+00 4.718546E-02
1.350264E+01 1.958152E+00 4.916230E-02
1.346710E+01 1.972115E+00 5.129189E-02
1.343176E+01 1.986454E+00 5.358790E-02
1.339660E+01 2.001192E+00 5.606560E-02
1.336162E+01 2.016355E+00 5.874208E-02
1.332682E+01 2.031971E+00 6.163648E-02
1.329221E+01 2.048069E+00 6.477029E-02
1.325777E+01 2.064681E+00 6.816767E-02
1.322351E+01 2.081841E+00 7.185585E-02
1.318943E+01 2.099584E+00 7.586554E-02
1.315553E+01 2.117949E+00 8.023151E-02
1.312179E+01 2.136978E+00 8.499317E-02
1.308824E+01 2.156713E+00 9.019532E-02
1.305485E+01 2.177203E+00 9.588904E-02
1.302163E+01 2.198497E+00 1.021327E-01
1.298858E+01 2.220649E+00 1.089932E-01
1.295570E+01 2.243716E+00 1.165474E-01
1.292298E+01 2.267757E+00 1.248841E-01
1.289043E+01 2.292835E+00 1.341058E-01
1.285804E+01 2.319016E+00 1.443317E-01
1.282581E+01 2.346365E+00 1.557004E-01
1.279375E+01 2.374952E+00 1.683739E-01
1.276185E+01 2.404841E+00 1.825420E-01
1.273010E+01 2.436092E+00 1.984276E-01
1.269851E+01 2.468758E+00 2.162929E-01
1.266708E+01 2.502873E+00 2.364470E-01
1.263580E+01 2.538445E+00 2.592541E-01
1.260468E+01 2.575444E+00 2.851423E-01
1.257371E+01 2.613773E+00 3.146125E-01
1.254289E+01 2.653250E+00 3.482453E-01
1.251222E+01 2.693558E+00 3.867024E-01
1.248171E+01 2.734192E+00 4.307170E-01
1.245134E+01 2.774390E+00 4.810628E-01
1.242112E+01 2.813041E+00 5.384853E-01
1.239104E+01 2.848602E+00 6.035732E-01
1.236111E+01 2.879033E+00 6.765417E-01
1.233133E+01 2.901830E+00 7.569124E-01
1.230168E+01 2.914254E+00 8.431111E-01
1.227218E+01 2.913871E+00 9.321048E-01
1.224282E+01 2.899458E+00 1.019331E+00
1.221360E+01 2.872078E+00 1.099261E+00
1.218452E+01 2.835816E+00 1.166781E+00
1.215558E+01 2.797505E+00 1.219061E+00
1.212678E+01 2.765198E+00 1.257082E+00
1.209811E+01 2.745894E+00 1.285937E+00
1.206957E+01 2.743530E+00 1.313745E+00
1.204118E+01 2.758015E+00 1.349771E+00
1.201291E+01 2.785356E+00 1.402597E+00
1.198478E+01 2.818388E+00 1.478838E+00
1.195678E+01 2.847588E+00 1.582325E+00
1.192890E+01 2.861856E+00 1.713384E+00
1.190116E+01 2.849573E+00 1.867963E+00
1.187355E+01 2.800482E+00 2.036926E+00
1.184606E+01 2.708435E+00 2.206414E+00
1.181871E+01 2.574058E+00 2.360224E+00
1.179148E+01 2.405498E+00 2.483940E+00
1.176437E+01 2.216184E+00 2.568838E+00
1.173739E+01 2.020682E+00 2.613352E+00
1.171053E+01 1.831022E+00 2.621679E+00
1.168379E+01 1.655043E+00 2.601017E+00
1.165718E+01 1.496589E+00 2.559093E+00
1.163068E+01 1.356600E+00 2.502711E+00
1.160431E+01 1.234283E+00 2.437223E+00
1.157805E+01 1.128002E+00 2.366553E+00
1.155192E+01 1.035834E+00 2.293441E+00
1.152590E+01 9.558840E-01 2.219729E+00
1.150000E+01 8.864206E-01 2.146615E+00
1.147422E+01 8.259327E-01 2.074853E+00
1.144855E+01 7.731307E-01 2.004891E+00
1.142299E+01 7.269294E-01 1.936974E+00
1.139755E+01 6.864208E-01 1.871217E+00
1.137222E+01 6.508476E-01 1.807646E+00
1.134701E+01 6.195782E-01 1.746236E+00
1.132190E+01 5.920842E-01 1.686926E+00
1.129691E+01 5.679229E-01 1.629640E+00
1.127203E+01 5.467217E-01 1.574292E+00
1.124725E+01 5.281655E-01 1.520791E+00
1.122259E+01 5.119868E-01 1.469050E+00
1.119803E+01 4.979572E-01 1.418984E+00
1.117358E+01 4.858807E-01 1.370514E+00
1.114924E+01 4.755883E-01 1.323564E+00
1.112500E+01 4.669331E-01 1.278067E+00
1.110087E+01 4.597870E-01 1.233962E+00
1.107684E+01 4.540369E-01 1.191194E+00
1.105292E+01 4.495825E-01 1.149712E+00
1.102910E+01 4.463337E-01 1.109476E+00
1.100538E+01 4.442088E-01 1.070445E+00
1.098176E+01 4.431325E-01 1.032589E+00
1.095824E+01 4.430343E-01 9.958786E-01
1.093483E+01 4.438475E-01 9.602905E-01
1.091151E+01 4.455075E-01 9.258040E-01
1.088830E+01 4.479509E-01 8.924009E-01
1.086518E+01 4.511145E-01 8.600648E-01
1.084216E+01 4.549349E-01 8.287795E-01
1.081924E+01 4.593478E-01 7.985283E-01
1.079641E+01 4.642877E-01 7.692927E-01
1.077368E+01 4.696887E-01 7.410506E-01
1.075105E+01 4.754843E-01 7.137760E-01
1.072851E+01 4.816086E-01 6.874371E-01
1.070607E+01 4.879976E-01 6.619958E-01
1.068372E+01 4.945903E-01 6.374073E-01
1.066146E+01 5.013306E-01 6.136196E-01
1.063929E+01 5.081690E-01 5.905740E-01
1.061722E+01 5.150643E-01 5.682055E-01
1.059524E+01 5.219852E-01 5.464444E-01
1.057335E+01 5.289120E-01 5.252175E-01
1.055155E+01 5.358372E-01 5.044503E-01
1.052983E+01 5.427669E-01 4.840690E-01
1.050821E+01 5.497206E-01 4.640035E-01
1.048668E+01 5.567314E-01 4.441896E-01
1.046524E+01 5.638446E-01 4.245724E-01
1.044388E+01 5.711168E-01 4.051086E-01
1.042261E+01 5.786133E-01 3.857697E-01
1.040142E+01 5.864053E-01 3.665435E-01
1.038032E+01 5.945660E-01 3.474366E-01
1.035931E+01 6.031664E-01 3.284745E-01
1.033838E+01 6.122706E-01 3.097012E-01
1.031754E+01 6.219315E-01 2.911775E-01
1.029678E+01 6.321860E-01 2.729782E-01
1.027610E+01 6.430526E-01 2.551871E-01
1.025551E+01 6.545292E-01 2.378923E-01
1.023500E+01 6.665932E-01 2.211809E-01
1.021457E+01 6.792026E-01 2.051332E-01
1.019422E+01 6.922996E-01 1.898193E-01
1.017396E+01 7.058136E-01 1.752955E-01
1.015377E+01 7.196655E-01 1.616025E-01
1.013366E+01 7.337726E-01 1.487654E-01
1.011364E+01 7.480512E-01 1.367938E-01
1.009369E+01 7.624205E-01 1.256836E-01
1.007382E+01 7.768048E-01 1.154189E-01
1.005403E+01 7.911347E-01 1.059738E-01
1.003431E+01 8.053488E-01 9.731486E-02
1.001468E+01 8.193934E-01 8.940305E-02
9.995112E+00 8.332229E-01 8.219545E-02
9.975630E+00 8.467997E-01 7.564688E-02
9.956222E+00 8.600931E-01 6.971118E-02
9.936891E+00 8.730793E-01 6.434226E-02
9.917634E+00 8.857406E-01 5.949493E-02
9.898452E+00 8.980644E-01 5.512547E-02
9.879344E+00 9.100427E-01 5.119211E-02
9.860309E+00 9.216714E-01 4.765536E-02
9.841348E+00 9.329501E-01 4.447813E-02
9.822459E+00 9.438808E-01 4.162588E-02
9.803643E+00 9.544679E-01 3.906664E-02
9.784899E+00 9.647177E-01 3.677095E-02
9.766226E+00 9.746379E-01 3.471184E-02
9.747615E+00 9.842375E-01 3.286466E-02
9.729084E+00 9.935261E-01 3.120701E-02
9.710623E+00 1.002514E+00 2.971860E-02
9.692233E+00 1.011212E+00 2.838109E-02
9.673912E+00 1.019630E+00 2.717796E-02
9.655660E+00 1.027781E+00 2.609436E-02
9.637477E+00 1.035674E+00 2.511698E-02
9.619362E+00 1.043320E+00 2.423393E-02
9.601315E+00 1.050731E+00 2.343457E-02
9.583336E+00 1.057916E+00 2.270944E-02
9.565424E+00 1.064885E+00 2.205011E-02
9.547578E+00 1.071648E+00 2.144912E-02
9.529800E+00 1.078214E+00 2.089983E-02
9.512078E+00 1.084593E+00 2.039638E-02
9.494431E+00 1.090791E+00 1.993360E-02
9.476849E+00 1.096818E+00 1.950690E-02
9.459333E+00 1.102682E+00 1.911225E-02
9.441881E+00 1.108389E+00 1.874611E-02
9.424493E+00 1.113946E+00 1.840533E-02
9.407170E+00 1.119360E+00 1.808719E-02
9.389909E+00 1.124638E+00 1.778927E-02
9.372712E+00 1.129785E+00 1.750944E-02
9.355578E+00 1.134806E+00 1.724585E-02
9.338507E+00 1.139707E+00 1.699687E-02
9.321498E+00 1.144493E+00 1.676106E-02
9.304541E+00 1.149169E+00 1.653716E-02
9.287655E+00 1.153739E+00 1.632407E-02
9.270831E+00 1.158206E+00 1.612081E-02
9.254067E+00 1.162576E+00 1.592654E-02
9.237363E+00 1.166852E+00 1.574048E-02
9.220720E+00 1.171037E+00 1.556198E-02
9.204137E+00 1.175134E+00 1.539045E-02
9.187613E+00 1.179148E+00 1.522535E-02
9.171148E+00 1.183080E+00 1.506622E-02
9.154743E+00 1.186934E+00 1.491264E-02
9.138396E+00 1.190712E+00 1.476424E-02
9.122107E+00 1.194417E+00 1.462069E-02
9.105876E+00 1.198051E+00 1.448166E-02
9.089694E+00 1.201617E+00 1.434690E-02
9.073579E+00 1.205116E+00 1.421615E-02
9.057520E+00 1.208552E+00 1.408917E-02
9.041518E+00 1.211925E+00 1.396577E-02
9.025572E+00 1.215237E+00 1.384574E-02
9.009683E+00 1.218492E+00 1.372890E-02
8.993849E+00 1.221689E+00 1.361509E-02
8.978071E+00 1.224832E+00 1.350416E-02
8.962348E+00 1.227921E+00 1.339596E-02
8.946680E+00 1.230957E+00 1.329035E-02
8.931067E+00 1.233944E+00 1.318720E-02
8.915509E+00 1.236881E+00 1.308640E-02
8.899996E+00 1.239770E+00 1.298783E-02
8.884545E+00 1.242612E+00 1.289139E-02
8.869148E+00 1.245410E+00 1.279697E-02
8.853804E+00 1.248163E+00 1.270447E-02
8.838513E+00 1.250873E+00 1.261380E-02
8.823275E+00 1.253541E+00 1.252489E-02
8.808089E+00 1.256168E+00 1.243763E-02
8.792956E+00 1.258755E+00 1.235195E-02
8.777874E+00 1.261303E+00 1.226778E-02
8.762844E+00 1.263814E+00 1.218503E-02
8.747866E+00 1.266287E+00 1.210365E-02
8.732938E+00 1.268724E+00 1.202356E-02
8.718061E+00 1.271126E+00 1.194470E-02
8.703228E+00 1.273494E+00 1.186701E-02
8.688452E+00 1.275827E+00 1.179042E-02
8.673727E+00 1.278128E+00 1.171489E-02
8.659051E+00 1.280397E+00 1.164035E-02
8.644425E+00 1.282634E+00 1.156675E-02
8.629848E+00 1.284841E+00 1.149404E-02
8.615320E+00 1.287017E+00 1.142218E-02
8.600841E+00 1.289164E+00 1.135111E-02
8.586411E+00 1.291283E+00 1.128080E-02
8.572029E+00 1.293373E+00 1.121119E-02
8.557695E+00 1.295436E+00 1.114225E-02
8.543409E+00 1.297472E+00 1.107393E-02
8.529170E+00 1.299481E+00 1.100621E-02
8.514972E+00 1.301465E+00 1.093903E-02
8.500828E+00 1.303423E+00 1.087237E-02
8.486731E+00 1.305357E+00 1.080619E-02
8.472681E+00 1.307266E+00 1.074047E-02
8.458677E+00 1.309152E+00 1.067516E-02
8.444719E+00 1.311014E+00 1.061023E-02
8.430808E+00 1.312853E+00 1.054567E-02
8.416942E+00 1.314671E+00 1.048144E-02
8.403121E+00 1.316466E+00 1.041751E-02
8.389346E+00 1.318240E+00 1.035387E-02
8.375616E+00 1.319992E+00 1.029048E-02
8.361931E+00 1.321725E+00 1.022732E-02
8.348284E+00 1.323436E+00 1.016438E-02
8.334688E+00 1.325129E+00 1.010163E-02
8.321136E+00 1.326801E+00 1.003906E-02
8.307628E+00 1.328455E+00 9.976635E-03
8.294164E+00 1.330090E+00 9.914353E-03
8.280744E+00 1.331706E+00 9.852193E-03
8.267367E+00 1.333305E+00 9.790140E-03
8.254033E+00 1.334885E+00 9.728182E-03
8.240742E+00 1.336449E+00 9.666305E-03
8.227493E+00 1.337995E+00 9.604499E-03
8.214288E+00 1.339525E+00 9.542752E-03
8.201124E+00 1.341038E+00 9.481056E-03
8.188003E+00 1.342536E+00 9.419402E-03
8.174917E+00 1.344017E+00 9.357783E-03
8.161879E+00 1.345483E+00 9.296194E-03
8.148883E+00 1.346934E+00 9.234630E-03
8.135929E+00 1.348369E+00 9.173087E-03
8.123015E+00 1.349791E+00 9.111563E-03
8.110142E+00 1.351197E+00 9.050056E-03
8.097310E+00 1.352590E+00 8.988566E-03
8.084519E+00 1.353969E+00 8.927094E-03
8.071768E+00 1.355334E+00 8.865642E-03
8.059057E+00 1.356685E+00 8.804213E-03
8.046386E+00 1.358024E+00 8.742812E-03
8.033755E+00 1.359349E+00 8.681444E-03
8.021163E+00 1.360662E+00 8.620116E-03
8.008604E+00 1.361962E+00 8.558836E-03
7.996092E+00 1.363250E+00 8.497612E-03
7.983618E+00 1.364526E+00 8.436454E-03
7.971183E+00 1.365791E+00 8.375375E-03
7.958786E+00 1.367043E+00 8.314385E-03
7.946428E+00 1.368284E+00 8.253499E-03
7.934109E+00 1.369514E+00 8.192731E-03
7.921827E+00 1.370733E+00 8.132095E-03
7.909584E+00 1.371941E+00 8.071610E-03
7.897378E+00 1.373138E+00 8.011291E-03
7.885210E+00 1.374325E+00 7.951157E-03
7.873080E+00 1.375501E+00 7.891228E-03
7.860980E+00 1.376667E+00 7.831523E-03
7.848924E+00 1.377823E+00 7.772063E-03
7.836905E+00 1.378970E+00 7.712869E-03
7.824922E+00 1.380106E+00 7.653963E-03
7.812976E+00 1.381233E+00 7.595368E-03
7.801067E+00 1.382351E+00 7.537107E-03
7.789193E+00 1.383459E+00 7.479204E-03
7.777356E+00 1.384558E+00 7.421682E-03
7.765555E+00 1.385648E+00 7.364564E-03
7.753789E+00 1.386730E+00 7.307876E-03
7.742059E+00 1.387802E+00 7.251641E-03
7.730365E+00 1.388866E+00 7.195884E-03
7.718706E+00 1.389921E+00 7.140627E-03
7.707076E+00 1.390968E+00 7.085896E-03
7.695487E+00 1.392007E+00 7.031711E-03
7.683932E+00 1.393038E+00 6.978098E-03
7.672413E+00 1.394060E+00 6.925076E-03
7.660927E+00 1.395074E+00 6.872668E-03
7.649477E+00 1.396081E+00 6.820894E-03
7.638060E+00 1.397079E+00 6.769772E-03
7.626677E+00 1.398070E+00 6.719322E-03
7.615328E+00 1.399054E+00 6.669560E-03
7.604013E+00 1.400029E+00 6.620501E-03
7.592732E+00 1.400998E+00 6.572161E-03
7.581484E+00 1.401959E+00 6.524551E-03
7.570269E+00 1.402912E+00 6.477682E-03
7.559082E+00 1.403858E+00 6.431565E-03
7.547933E+00 1.404797E+00 6.386206E-03
7.536817E+00 1.405729E+00 6.341611E-03
7.525734E+00 1.406654E+00 6.297783E-03
7.514684E+00 1.407572E+00 6.254725E-03
7.503666E+00 1.408483E+00 6.212437E-03
7.492680E+00 1.409386E+00 6.170915E-03
7.481726E+00 1.410283E+00 6.130156E-03
7.470804E+00 1.411174E+00 6.090152E-03
7.459914E+00 1.412057E+00 6.050896E-03
7.449056E+00 1.412934E+00 6.012376E-03
7.438229E+00 1.413804E+00 5.974581E-03
7.427428E+00 1.414668E+00 5.937495E-03
7.416665E+00 1.415525E+00 5.901101E-03
7.405932E+00 1.416375E+00 5.865382E-03
7.395230E+00 1.417219E+00 5.830317E-03
7.384559E+00 1.418057E+00 5.795884E-03
7.373919E+00 1.418888E+00 5.762060E-03
7.363309E+00 1.419714E+00 5.728819E-03
7.352730E+00 1.420532E+00 5.696136E-03
7.342182E+00 1.421345E+00 5.663983E-03
7.331663E+00 1.422152E+00 5.632332E-03
7.321175E+00 1.422952E+00 5.601154E-03
7.310716E+00 1.423747E+00 5.570419E-03
7.300288E+00 1.424535E+00 5.540095E-03
7.289884E+00 1.425318E+00 5.510154E-03
7.279514E+00 1.426095E+00 5.480563E-03
7.269175E+00 1.426866E+00 5.451293E-03
7.258864E+00 1.427631E+00 5.422313E-03
7.248583E+00 1.428391E+00 5.393593E-03
7.238331E+00 1.429146E+00 5.365104E-03
7.228108E+00 1.429894E+00 5.336818E-03
7.217913E+00 1.430638E+00 5.308709E-03
7.207747E+00 1.431376E+00 5.280750E-03
7.197610E+00 1.432108E+00 5.252917E-03
7.187502E+00 1.432836E+00 5.225189E-03
7.177422E+00 1.433558E+00 5.197544E-03
7.167364E+00 1.434276E+00 5.169965E-03
7.157341E+00 1.434988E+00 5.142435E-03
7.147345E+00 1.435696E+00 5.114941E-03
7.137377E+00 1.436399E+00 5.087472E-03
7.127436E+00 1.437097E+00 5.060019E-03
7.117524E+00 1.437790E+00 5.032577E-03
7.107639E+00 1.438479E+00 5.005143E-03
7.097781E+00 1.439163E+00 4.977717E-03
7.087951E+00 1.439843E+00 4.950303E-03
7.078148E+00 1.440519E+00 4.922907E-03
7.068372E+00 1.441191E+00 4.895538E-03
7.058623E+00 1.441858E+00 4.868208E-03
7.048900E+00 1.442521E+00 4.840933E-03
7.039200E+00 1.443180E+00 4.813732E-03
7.029531E+00 1.443836E+00 4.786626E-03
7.019889E+00 1.444487E+00 4.759638E-03
7.010273E+00 1.445135E+00 4.732797E-03
7.000683E+00 1.445779E+00 4.706131E-03
6.991120E+00 1.446419E+00 4.679672E-03
6.981583E+00 1.447056E+00 4.653454E-03
6.972071E+00 1.447689E+00 4.627515E-03
6.962586E+00 1.448318E+00 4.601891E-03
6.953126E+00 1.448945E+00 4.576623E-03
6.943692E+00 1.449567E+00 4.551752E-03
6.934284E+00 1.450187E+00 4.527322E-03
6.924901E+00 1.450803E+00 4.503374E-03
6.915538E+00 1.451416E+00 4.479954E-03
6.906206E+00 1.452025E+00 4.457106E-03
6.896899E+00 1.452632E+00 4.434875E-03
6.887617E+00 1.453235E+00 4.413306E-03
6.878360E+00 1.453835E+00 4.392443E-03
6.869127E+00 1.454432E+00 4.372331E-03
6.859920E+00 1.455025E+00 4.353012E-03
6.850737E+00 1.455616E+00 4.334528E-03
6.841578E+00 1.456203E+00 4.316919E-03
6.832445E+00 1.456787E+00 4.300225E-03
6.823335E+00 1.457368E+00 4.284482E-03
6.814250E+00 1.457946E+00 4.269725E-03
6.805184E+00 1.458521E+00 4.255987E-03
6.796147E+00 1.459093E+00 4.243298E-03
6.787134E+00 1.459661E+00 4.231686E-03
6.778145E+00 1.460226E+00 4.221175E-03
6.769179E+00 1.460788E+00 4.211787E-03
6.760237E+00 1.461347E+00 4.203542E-03
6.751319E+00 1.461902E+00 4.196453E-03
6.742425E+00 1.462455E+00 4.190535E-03
6.733553E+00 1.463003E+00 4.185795E-03
6.724705E+00 1.463549E+00 4.182241E-03
6.715881E+00 1.464091E+00 4.179872E-03
6.707079E+00 1.464630E+00 4.178690E-03
6.698301E+00 1.465165E+00 4.178689E-03
6.689540E+00 1.465697E+00 4.179861E-03
6.680808E+00 1.466225E+00 4.182195E-03
6.672098E+00 1.466750E+00 4.185676E-03
6.663410E+00 1.467271E+00 4.190286E-03
6.654746E+00 1.467789E+00 4.196005E-03
6.646104E+00 1.468302E+00 4.202808E-03
6.637484E+00 1.468813E+00 4.210669E-03
6.628886E+00 1.469319E+00 4.219556E-03
6.620311E+00 1.469822E+00 4.229438E-03
6.611758E+00 1.470322E+00 4.240279E-03
6.603227E+00 1.470817E+00 4.252041E-03
6.594718E+00 1.471309E+00 4.264684E-03
6.586231E+00 1.471797E+00 4.278165E-03
6.577762E+00 1.472281E+00 4.292440E-03
6.569318E+00 1.472761E+00 4.307462E-03
6.560896E+00 1.473238E+00 4.323182E-03
6.552496E+00 1.473710E+00 4.339552E-03
6.544117E+00 1.474179E+00 4.356518E-03
6.535760E+00 1.474644E+00 4.374029E-03
6.527424E+00 1.475105E+00 4.392030E-03
6.519109E+00 1.475563E+00 4.410466E-03
6.510815E+00 1.476016E+00 4.429281E-03
6.502542E+00 1.476466E+00 4.448418E-03
6.494291E+00 1.476911E+00 4.467820E-03
6.486060E+00 1.477353E+00 4.487428E-03
6.477846E+00 1.477792E+00 4.507185E-03
6.469657E+00 1.478226E+00 4.527031E-03
6.461489E+00 1.478656E+00 4.546908E-03
6.453341E+00 1.479083E+00 4.566758E-03
6.445213E+00 1.479506E+00 4.586522E-03
6.437107E+00 1.479925E+00 4.606142E-03
6.429020E+00 1.480341E+00 4.625559E-03
6.420954E+00 1.480753E+00 4.644717E-03
6.412908E+00 1.481161E+00 4.663559E-03
6.404882E+00 1.481566E+00 4.682028E-03
6.396876E+00 1.481967E+00 4.700071E-03
6.388890E+00 1.482365E+00 4.717631E-03
6.380925E+00 1.482759E+00 4.734656E-03
6.372975E+00 1.483150E+00 4.751094E-03
6.365048E+00 1.483537E+00 4.766893E-03
6.357142E+00 1.483921E+00 4.782005E-03
6.349255E+00 1.484301E+00 4.796380E-03
6.341387E+00 1.484679E+00 4.809972E-03
6.333539E+00 1.485053E+00 4.822735E-03
6.325711E+00 1.485424E+00 4.834625E-03
6.317902E+00 1.485792E+00 4.845602E-03
6.310112E+00 1.486157E+00 4.855623E-03
6.302341E+00 1.486519E+00 4.864652E-03
6.294589E+00 1.486878E+00 4.872651E-03
6.286857E+00 1.487234E+00 4.879587E-03
6.279143E+00 1.487588E+00 4.885426E-03
6.271444E+00 1.487938E+00 4.890138E-03
6.263769E+00 1.488286E+00 4.893696E-03
6.256111E+00 1.488632E+00 4.896073E-03
6.248473E+00 1.488974E+00 4.897247E-03
6.240853E+00 1.489315E+00 4.897195E-03
6.233252E+00 1.489653E+00 4.895900E-03
6.225669E+00 1.489988E+00 4.893345E-03
6.218105E+00 1.490322E+00 4.889517E-03
6.210559E+00 1.490653E+00 4.884403E-03
6.203031E+00 1.490982E+00 4.877997E-03
6.195522E+00 1.491309E+00 4.870291E-03
6.188031E+00 1.491634E+00 4.861282E-03
6.180554E+00 1.491958E+00 4.850970E-03
6.173099E+00 1.492279E+00 4.839357E-03
6.165661E+00 1.492599E+00 4.826446E-03
6.158242E+00 1.492916E+00 4.812247E-03
6.150841E+00 1.493233E+00 4.796767E-03
6.143457E+00 1.493547E+00 4.780021E-03
6.136091E+00 1.493861E+00 4.762023E-03
6.128743E+00 1.494172E+00 4.742791E-03
6.121412E+00 1.494483E+00 4.722344E-03
6.114099E+00 1.494792E+00 4.700707E-03
6.106803E+00 1.495100E+00 4.677903E-03
6.099525E+00 1.495407E+00 4.653961E-03
6.092264E+00 1.495712E+00 4.628909E-03
6.085016E+00 1.496017E+00 4.602781E-03
6.077790E+00 1.496320E+00 4.575610E-03
6.070580E+00 1.496623E+00 4.547431E-03
6.063388E+00 1.496924E+00 4.518284E-03
6.056213E+00 1.497225E+00 4.488207E-03
6.049054E+00 1.497525E+00 4.457241E-03
6.041913E+00 1.497824E+00 4.425430E-03
6.034788E+00 1.498123E+00 4.392817E-03
6.027680E+00 1.498421E+00 4.359448E-03
6.020589E+00 1.498718E+00 4.325369E-03
6.013515E+00 1.499014E+00 4.290628E-03
6.006457E+00 1.499310E+00 4.255272E-03
5.999412E+00 1.499606E+00 4.219350E-03
5.992387E+00 1.499900E+00 4.182911E-03
5.985379E+00 1.500195E+00 4.146004E-03
5.978387E+00 1.500489E+00 4.108679E-03
5.971411E+00 1.500782E+00 4.070985E-03
5.964452E+00 1.501075E+00 4.032971E-03
5.957509E+00 1.501367E+00 3.994686E-03
5.950582E+00 1.501659E+00 3.956178E-03
5.943671E+00 1.501951E+00 3.917493E-03
5.936776E+00 1.502242E+00 3.878679E-03
5.929897E+00 1.502532E+00 3.839781E-03
5.923034E+00 1.502823E+00 3.800843E-03
5.916187E+00 1.503112E+00 3.761908E-03
5.909352E+00 1.503402E+00 3.723018E-03
5.902536E+00 1.503690E+00 3.684211E-03
5.895736E+00 1.503979E+00 3.645527E-03
5.888952E+00 1.504266E+00 3.607002E-03
5.882183E+00 1.504554E+00 3.568671E-03
5.875430E+00 1.504841E+00 3.530565E-03
5.868693E+00 1.505127E+00 3.492716E-03
5.861971E+00 1.505412E+00 3.455152E-03
5.855264E+00 1.505698E+00 3.417899E-03
5.848572E+00 1.505982E+00 3.380981E-03
5.841896E+00 1.506266E+00 3.344420E-03
5.835235E+00 1.506549E+00 3.308235E-03
5.828589E+00 1.506831E+00 3.272444E-03
5.821955E+00 1.507113E+00 3.237062E-03
5.815340E+00 1.507394E+00 3.202101E-03
5.808739E+00 1.507675E+00 3.167572E-03
5.802154E+00 1.507954E+00 3.133483E-03
5.795583E+00 1.508233E+00 3.099840E-03
5.789027E+00 1.508511E+00 3.066647E-03
5.782486E+00 1.508788E+00 3.033906E-03
5.775960E+00 1.509064E+00 3.001617E-03
5.769448E+00 1.509339E+00 2.969778E-03
5.762951E+00 1.509614E+00 2.938384E-03
5.756469E+00 1.509887E+00 2.907430E-03
5.750001E+00 1.510159E+00 2.876908E-03
5.743545E+00 1.510431E+00 2.846809E-03
5.737106E+00 1.510701E+00 2.817123E-03
5.730682E+00 1.510971E+00 2.787838E-03
5.724272E+00 1.511239E+00 2.758940E-03
5.717877E+00 1.511506E+00 2.730415E-03
5.711495E+00 1.511773E+00 2.702248E-03
5.705128E+00 1.512038E+00 2.674421E-03
5.698775E+00 1.512302E+00 2.646918E-03
5.692437E+00 1.512565E+00 2.619721E-03
5.686112E+00 1.512827E+00 2.592810E-03
5.679801E+00 1.513088E+00 2.566168E-03
5.673505E+00 1.513348E+00 2.539774E-03
5.667222E+00 1.513606E+00 2.513608E-03
5.660950E+00 1.513864E+00 2.487652E-03
5.654695E+00 1.514120E+00 2.461884E-03
5.648454E+00 1.514376E+00 2.436286E-03
5.642226E+00 1.514630E+00 2.410837E-03
5.636013E+00 1.514883E+00 2.385519E-03
5.629813E+00 1.515135E+00 2.360313E-03
5.623626E+00 1.515386E+00 2.335200E-03
5.617454E+00 1.515636E+00 2.310164E-03
5.611294E+00 1.515885E+00 2.285186E-03
5.605149E+00 1.516133E+00 2.260252E-03
5.599016E+00 1.516380E+00 2.235347E-03
5.592897E+00 1.516626E+00 2.210455E-03
5.586792E+00 1.516871E+00 2.185566E-03
5.580697E+00 1.517114E+00 2.160667E-03
5.574618E+00 1.517357E+00 2.135749E-03
5.568552E+00 1.517600E+00 2.110803E-03
5.562499E+00 1.517841E+00 2.085821E-03
5.556460E+00 1.518081E+00 2.060800E-03
5.550434E+00 1.518320E+00 2.035734E-03
5.544421E+00 1.518559E+00 2.010623E-03
5.538420E+00 1.518797E+00 1.985466E-03
5.532433E+00 1.519034E+00 1.960266E-03
5.526459E+00 1.519270E+00 1.935026E-03
5.520497E+00 1.519506E+00 1.909752E-03
5.514549E+00 1.519740E+00 1.884452E-03
5.508610E+00 1.519974E+00 1.859137E-03
5.502687E+00 1.520208E+00 1.833816E-03
5.496777E+00 1.520440E+00 1.808503E-03
5.490879E+00 1.520672E+00 1.783214E-03
5.484994E+00 1.520904E+00 1.757962E-03
5.479122E+00 1.521135E+00 1.732766E-03
5.473262E+00 1.521365E+00 1.707643E-03
5.467415E+00 1.521594E+00 1.682610E-03
5.461580E+00 1.521823E+00 1.657685E-03
5.455758E+00 1.522052E+00 1.632885E-03
5.449948E+00 1.522279E+00 1.608227E-03
5.444150E+00 1.522506E+00 1.583727E-03
5.438365E+00 1.522733E+00 1.559397E-03
5.432589E+00 1.522959E+00 1.535249E-03
5.426828E+00 1.523184E+00 1.511292E-03
5.421080E+00 1.523408E+00 1.487532E-03
5.415343E+00 1.523632E+00 1.463974E-03
5.409619E+00 1.523855E+00 1.440616E-03
5.403907E+00 1.524078E+00 1.417457E-03
5.398207E+00 1.524300E+00 1.394491E-03
5.392519E+00 1.524521E+00 1.371708E-03
5.386843E+00 1.524741E+00 1.349098E-03
5.381178E+00 1.524961E+00 1.326647E-03
5.375526E+00 1.525180E+00 1.304340E-03
5.369886E+00 1.525398E+00 1.282162E-03
5.364257E+00 1.525616E+00 1.260095E-03
5.358638E+00 1.525833E+00 1.238123E-03
5.353032E+00 1.526049E+00 1.216231E-03
5.347439E+00 1.526265E+00 1.194406E-03
5.341858E+00 1.526480E+00 1.172637E-03
5.336288E+00 1.526694E+00 1.150916E-03
5.330729E+00 1.526908E+00 1.129239E-03
5.325182E+00 1.527121E+00 1.107606E-03
5.319647E+00 1.527334E+00 1.086021E-03
5.314123E+00 1.527546E+00 1.064495E-03
5.308611E+00 1.527757E+00 1.043039E-03
5.303110E+00 1.527969E+00 1.021672E-03
5.297620E+00 1.528180E+00 1.000417E-03
5.292139E+00 1.528390E+00 9.793001E-04
5.286672E+00 1.528600E+00 9.583496E-04
5.281217E+00 1.528810E+00 9.375976E-04
5.275773E+00 1.529019E+00 9.170779E-04
5.270339E+00 1.529228E+00 8.968251E-04
5.264917E+00 1.529436E+00 8.768742E-04
5.259507E+00 1.529645E+00 8.572597E-04
5.254107E+00 1.529853E+00 8.380147E-04
5.248718E+00 1.530060E+00 8.191707E-04
5.243341E+00 1.530267E+00 8.007563E-04
5.237974E+00 1.530474E+00 7.827974E-04
5.232619E+00 1.530680E+00 7.653164E-04
5.227274E+00 1.530886E+00 7.483319E-04
5.221938E+00 1.531091E+00 7.318587E-04
5.216615E+00 1.531295E+00 7.159079E-04
5.211303E+00 1.531500E+00 7.004864E-04
5.206001E+00 1.531703E+00 6.855975E-04
5.200711E+00 1.531906E+00 6.712411E-04
5.195431E+00 1.532108E+00 6.574137E-04
5.190162E+00 1.532310E+00 6.441089E-04
5.184904E+00 1.532511E+00 6.313178E-04
5.179656E+00 1.532711E+00 6.190292E-04
5.174419E+00 1.532910E+00 6.072301E-04
5.169193E+00 1.533109E+00 5.959060E-04
5.163977E+00 1.533306E+00 5.850414E-04
5.158769E+00 1.533503E+00 5.746199E-04
5.153574E+00 1.533700E+00 5.646245E-04
5.148389E+00 1.533895E+00 5.550381E-04
5.143215E+00 1.534090E+00 5.458434E-04
5.138052E+00 1.534283E+00 5.370233E-04
5.132898E+00 1.534476E+00 5.285609E-04
5.127755E+00 1.534668E+00 5.204398E-04
5.122623E+00 1.534860E+00 5.126440E-04
5.117500E+00 1.535050E+00 5.051581E-04
5.112388E+00 1.535240E+00 4.979670E-04
5.107286E+00 1.535428E+00 4.910565E-04
5.102194E+00 1.535616E+00 4.844129E-04
5.097113E+00 1.535803E+00 4.780229E-04
5.092039E+00 1.535989E+00 4.718738E-04
5.086977E+00 1.536175E+00 4.659537E-04
5.081926E+00 1.536359E+00 4.602508E-04
5.076884E+00 1.536543E+00 4.547540E-04
5.071853E+00 1.536726E+00 4.494526E-04
5.066832E+00 1.536908E+00 4.443364E-04
5.061820E+00 1.537089E+00 4.393954E-04
5.056818E+00 1.537270E+00 4.346203E-04
5.051827E+00 1.537449E+00 4.300018E-04
5.046845E+00 1.537628E+00 4.255311E-04
5.041873E+00 1.537806E+00 4.211998E-04
5.036910E+00 1.537983E+00 4.169998E-04
5.031958E+00 1.538160E+00 4.129230E-04
5.027013E+00 1.538335E+00 4.089621E-04
5.022080E+00 1.538510E+00 4.051098E-04
5.017156E+00 1.538684E+00 4.013589E-04
5.012242E+00 1.538857E+00 3.977030E-04
5.007338E+00 1.539030E+00 3.941354E-04
5.002444E+00 1.539202E+00 3.906500E-04
4.997559E+00 1.539373E+00 3.872410E-04
4.992683E+00 1.539543E+00 3.839027E-04
4.987817E+00 1.539713E+00 3.806297E-04
4.982961E+00 1.539882E+00 3.774169E-04
4.978114E+00 1.540050E+00 3.742594E-04
4.973276E+00 1.540217E+00 3.711527E-04
4.968445E+00 1.540384E+00 3.680924E-04
4.963627E+00 1.540550E+00 3.650743E-04
4.958817E+00 1.540715E+00 3.620945E-04
4.954017E+00 1.540880E+00 3.591494E-04
4.949226E+00 1.541044E+00 3.562355E-04
4.944444E+00 1.541207E+00 3.533497E-04
4.939672E+00 1.541370E+00 3.504890E-04
4.934909E+00 1.541532E+00 3.476504E-04
4.930155E+00 1.541693E+00 3.448316E-04
4.925410E+00 1.541854E+00 3.420300E-04
4.920674E+00 1.542014E+00 3.392434E-04
4.915947E+00 1.542173E+00 3.364700E-04
4.911230E+00 1.542332E+00 3.337078E-04
4.906519E+00 1.542490E+00 3.309551E-04
4.901819E+00 1.542648E+00 3.282105E-04
4.897128E+00 1.542804E+00 3.254727E-04
4.892447E+00 1.542961E+00 3.227403E-04
4.887774E+00 1.543116E+00 3.200125E-04
4.883111E+00 1.543272E+00 3.172882E-04
4.878456E+00 1.543426E+00 3.145668E-04
4.873810E+00 1.543580E+00 3.118475E-04
4.869173E+00 1.543733E+00 3.091298E-04
4.864544E+00 1.543886E+00 3.064134E-04
4.859925E+00 1.544038E+00 3.036978E-04
4.855314E+00 1.544190E+00 3.009830E-04
4.850712E+00 1.544341E+00 2.982687E-04
4.846116E+00 1.544492E+00 2.955549E-04
4.841532E+00 1.544642E+00 2.928417E-04
4.836956E+00 1.544791E+00 2.901292E-04
4.832389E+00 1.544940E+00 2.874177E-04
4.827830E+00 1.545088E+00 2.847074E-04
4.823280E+00 1.545236E+00 2.819986E-04
4.818738E+00 1.545384E+00 2.792917E-04
4.814205E+00 1.545530E+00 2.765872E-04
4.809681E+00 1.545677E+00 2.738855E-04
4.805165E+00 1.545822E+00 2.711872E-04
4.800657E+00 1.545968E+00 2.684929E-04
4.796158E+00 1.546113E+00 2.658032E-04
4.791666E+00 1.546257E+00 2.631187E-04
4.787183E+00 1.546401E+00 2.604400E-04
4.782710E+00 1.546544E+00 2.577680E-04
4.778244E+00 1.546687E+00 2.551032E-04
4.773787E+00 1.546829E+00 2.524464E-04
4.769338E+00 1.546971E+00 2.497984E-04
4.764898E+00 1.547112E+00 2.471600E-04
4.760465E+00 1.547253E+00 2.445318E-04
4.756041E+00 1.547393E+00 2.419147E-04
4.751625E+00 1.547533E+00 2.393094E-04
4.747218E+00 1.547673E+00 2.367168E-04
4.742818E+00 1.547812E+00 2.341376E-04
4.738427E+00 1.547950E+00 2.315725E-04
4.734042E+00 1.548089E+00 2.290224E-04
4.729666E+00 1.548226E+00 2.264880E-04
4.725299E+00 1.548363E+00 2.239701E-04
4.720940E+00 1.548500E+00 2.214694E-04
4.716590E+00 1.548636E+00 2.189866E-04
4.712247E+00 1.548772E+00 2.165225E-04
4.707912E+00 1.548908E+00 2.140778E-04
4.703585E+00 1.549043E+00 2.116532E-04
4.699266E+00 1.549177E+00 2.092493E-04
4.694955E+00 1.549311E+00 2.068668E-04
4.690652E+00 1.549445E+00 2.045063E-04
4.686356E+00 1.549578E+00 2.021685E-04
4.682067E+00 1.549711E+00 1.998539E-04
4.677787E+00 1.549843E+00 1.975632E-04
4.673515E+00 1.549975E+00 1.952968E-04
4.669251E+00 1.550106E+00 1.930554E-04
4.664995E+00 1.550238E+00 1.908394E-04
4.660747E+00 1.550368E+00 1.886494E-04
4.656506E+00 1.550498E+00 1.864857E-04
4.652273E+00 1.550628E+00 1.843489E-04
4.648048E+00 1.550758E+00 1.822393E-04
4.643830E+00 1.550887E+00 1.801573E-04
4.639620E+00 1.551015E+00 1.781033E-04
4.635417E+00 1.551143E+00 1.760777E-04
4.631223E+00 1.551271E+00 1.740808E-04
4.627033E+00 1.551398E+00 1.721128E-04
4.622854E+00 1.551525E+00 1.701741E-04
4.618682E+00 1.551652E+00 1.682648E-04
4.614517E+00 1.551778E+00 1.663853E-04
4.610360E+00 1.551904E+00 1.645356E-04
4.606210E+00 1.552029E+00 1.627160E-04
4.602068E+00 1.552154E+00 1.609266E-04
4.597934E+00 1.552278E+00 1.591675E-04
4.593806E+00 1.552402E+00 1.574389E-04
4.589687E+00 1.552526E+00 1.557408E-04
4.585574E+00 1.552649E+00 1.540732E-04
4.581469E+00 1.552772E+00 1.524363E-04
4.577371E+00 1.552895E+00 1.508299E-04
4.573279E+00 1.553017E+00 1.492541E-04
4.569196E+00 1.553139E+00 1.477089E-04
4.565120E+00 1.553260E+00 1.461942E-04
4.561051E+00 1.553381E+00 1.447099E-04
4.556990E+00 1.553502E+00 1.432559E-04
4.552936E+00 1.553622E+00 1.418320E-04
4.548889E+00 1.553742E+00 1.404383E-04
4.544849E+00 1.553861E+00 1.390744E-04
4.540817E+00 1.553980E+00 1.377403E-04
4.536791E+00 1.554099E+00 1.364356E-04
4.532773E+00 1.554217E+00 1.351603E-04
4.528762E+00 1.554335E+00 1.339141E-04
4.524756E+00 1.554453E+00 1.326966E-04
4.520759E+00 1.554570E+00 1.315078E-04
4.516769E+00 1.554687E+00 1.303472E-04
4.512786E+00 1.554803E+00 1.292146E-04
4.508810E+00 1.554919E+00 1.281096E-04
4.504841E+00 1.555035E+00 1.270320E-04
4.500879E+00 1.555150E+00 1.259814E-04
4.496925E+00 1.555265E+00 1.249574E-04
4.492977E+00 1.555380E+00 1.239598E-04
4.489036E+00 1.555494E+00 1.229880E-04
4.485101E+00 1.555608E+00 1.220417E-04
4.481174E+00 1.555721E+00 1.211205E-04
4.477254E+00 1.555834E+00 1.202241E-04
4.473338E+00 1.555947E+00 1.193518E-04
4.469432E+00 1.556059E+00 1.185035E-04
4.465532E+00 1.556171E+00 1.176785E-04
4.461639E+00 1.556283E+00 1.168764E-04
4.457752E+00 1.556394E+00 1.160969E-04
4.453873E+00 1.556505E+00 1.153393E-04
4.450000E+00 1.556616E+00 1.146033E-04
4.446134E+00 1.556726E+00 1.138883E-04
4.442275E+00 1.556836E+00 1.131939E-04
4.438422E+00 1.556945E+00 1.125196E-04
4.434576E+00 1.557055E+00 1.118649E-04
4.430737E+00 1.557164E+00 1.112292E-04
4.426904E+00 1.557272E+00 1.106121E-04
4.423076E+00 1.557380E+00 1.100130E-04
4.419257E+00 1.557488E+00 1.094315E-04
4.415444E+00 1.557595E+00 1.088670E-04
4.411638E+00 1.557703E+00 1.083190E-04
4.407838E+00 1.557809E+00 1.077869E-04
4.404045E+00 1.557916E+00 1.072704E-04
4.400258E+00 1.558022E+00 1.067687E-04
4.396478E+00 1.558128E+00 1.062815E-04
4.392704E+00 1.558233E+00 1.058081E-04
4.388937E+00 1.558338E+00 1.053481E-04
4.385176E+00 1.558443E+00 1.049010E-04
4.381422E+00 1.558547E+00 1.044661E-04
4.377672E+00 1.558651E+00 1.040431E-04
4.373931E+00 1.558755E+00 1.036313E-04
4.370196E+00 1.558859E+00 1.032303E-04
4.366467E+00 1.558962E+00 1.028395E-04
4.362745E+00 1.559064E+00 1.024585E-04
4.359029E+00 1.559167E+00 1.020867E-04
4.355319E+00 1.559269E+00 1.017236E-04
4.351616E+00 1.559371E+00 1.013688E-04
4.347919E+00 1.559472E+00 1.010217E-04
4.344228E+00 1.559574E+00 1.006819E-04
4.340543E+00 1.559674E+00 1.003488E-04
4.336865E+00 1.559775E+00 1.000221E-04
4.333193E+00 1.559875E+00 9.970115E-05
4.329525E+00 1.559975E+00 9.938560E-05
4.325866E+00 1.560075E+00 9.907497E-05
4.322212E+00 1.560174E+00 9.876879E-05
4.318565E+00 1.560273E+00 9.846664E-05
4.314924E+00 1.560372E+00 9.816809E-05
4.311289E+00 1.560470E+00 9.787269E-05
4.307660E+00 1.560568E+00 9.758004E-05
4.304037E+00 1.560666E+00 9.728973E-05
4.300420E+00 1.560763E+00 9.700136E-05
4.296810E+00 1.560861E+00 9.671453E-05
4.293205E+00 1.560957E+00 9.642887E-05
4.289607E+00 1.561054E+00 9.614401E-05
4.286014E+00 1.561150E+00 9.585957E-05
4.282426E+00 1.561246E+00 9.557521E-05
4.278846E+00 1.561342E+00 9.529058E-05
4.275271E+00 1.561437E+00 9.500536E-05
4.271702E+00 1.561532E+00 9.471921E-05
4.268140E+00 1.561627E+00 9.443184E-05
4.264583E+00 1.561722E+00 9.414292E-05
4.261033E+00 1.561816E+00 9.385218E-05
4.257488E+00 1.561910E+00 9.355934E-05
4.253949E+00 1.562004E+00 9.326412E-05
4.250416E+00 1.562097E+00 9.296627E-05
4.246889E+00 1.562190E+00 9.266553E-05
4.243367E+00 1.562283E+00 9.236169E-05
4.239850E+00 1.562375E+00 9.205450E-05
4.236340E+00 1.562468E+00 9.174377E-05
4.232836E+00 1.562560E+00 9.142927E-05
4.229338E+00 1.562651E+00 9.111084E-05
4.225846E+00 1.562743E+00 9.078828E-05
4.222360E+00 1.562834E+00 9.046142E-05
4.218879E+00 1.562925E+00 9.013012E-05
4.215404E+00 1.563016E+00 8.979422E-05
4.211934E+00 1.563106E+00 8.945359E-05
4.208471E+00 1.563196E+00 8.910811E-05
4.205013E+00 1.563286E+00 8.875766E-05
4.201561E+00 1.563375E+00 8.840215E-05
4.198114E+00 1.563465E+00 8.804148E-05
4.194671E+00 1.563554E+00 8.767558E-05
4.191236E+00 1.563643E+00 8.730437E-05
4.187806E+00 1.563731E+00 8.692780E-05
4.184382E+00 1.563819E+00 8.654582E-05
4.180964E+00 1.563908E+00 8.615839E-05
4.177551E+00 1.563995E+00 8.576549E-05
4.174144E+00 1.564083E+00 8.536709E-05
4.170742E+00 1.564170E+00 8.496319E-05
4.167346E+00 1.564257E+00 8.455380E-05
4.163955E+00 1.564344E+00 8.413892E-05
4.160570E+00 1.564430E+00 8.371857E-05
4.157190E+00 1.564517E+00 8.329278E-05
4.153814E+00 1.564603E+00 8.286160E-05
4.150445E+00 1.564689E+00 8.242507E-05
4.147082E+00 1.564774E+00 8.198324E-05
4.143724E+00 1.564859E+00 8.153618E-05
4.140372E+00 1.564945E+00 8.108396E-05
4.137025E+00 1.565029E+00 8.062666E-05
4.133683E+00 1.565114E+00 8.016436E-05
4.130347E+00 1.565198E+00 7.969717E-05
4.127016E+00 1.565282E+00 7.922517E-05
4.123691E+00 1.565366E+00 7.874847E-05
4.120371E+00 1.565450E+00 7.826720E-05
4.117056E+00 1.565533E+00 7.778146E-05
4.113747E+00 1.565617E+00 7.729138E-05
4.110441E+00 1.565700E+00 7.679710E-05
4.107142E+00 1.565782E+00 7.629874E-05
4.103849E+00 1.565865E+00 7.579645E-05
4.100561E+00 1.565947E+00 7.529037E-05
4.097278E+00 1.566029E+00 7.478066E-05
4.094000E+00 1.566111E+00 7.426745E-05
4.090727E+00 1.566193E+00 7.375092E-05
4.087460E+00 1.566274E+00 7.323122E-05
4.084198E+00 1.566355E+00 7.270851E-05
4.080941E+00 1.566436E+00 7.218295E-05
4.077690E+00 1.566517E+00 7.165473E-05
4.074443E+00 1.566598E+00 7.112400E-05
4.071202E+00 1.566678E+00 7.059093E-05
4.067964E+00 1.566758E+00 7.005572E-05
4.064733E+00 1.566838E+00 6.951851E-05
4.061507E+00 1.566918E+00 6.897950E-05
4.058287E+00 1.566997E+00 6.843887E-05
4.055071E+00 1.567076E+00 6.789678E-05
4.051861E+00 1.567155E+00 6.735341E-05
4.048655E+00 1.567234E+00 6.680895E-05
4.045455E+00 1.567313E+00 6.626357E-05
4.042259E+00 1.567391E+00 6.571744E-05
4.039069E+00 1.567469E+00 6.517075E-05
4.035884E+00 1.567547E+00 6.462367E-05
4.032704E+00 1.567625E+00 6.407637E-05
4.029527E+00 1.567703E+00 6.352902E-05
4.026357E+00 1.567780E+00 6.298180E-05
4.023191E+00 1.567857E+00 6.243487E-05
4.020031E+00 1.567934E+00 6.188841E-05
4.016876E+00 1.568011E+00 6.134257E-05
4.013725E+00 1.568088E+00 6.079751E-05
4.010580E+00 1.568164E+00 6.025341E-05
4.007439E+00 1.568240E+00 5.971041E-05
4.004304E+00 1.568316E+00 5.916866E-05
4.001173E+00 1.568392E+00 5.862832E-05
3.998047E+00 1.568467E+00 5.808954E-05
3.994926E+00 1.568543E+00 5.755245E-05
3.991810E+00 1.568618E+00 5.701721E-05
3.988698E+00 1.568693E+00 5.648394E-05
3.985591E+00 1.568768E+00 5.595278E-05
3.982490E+00 1.568842E+00 5.542386E-05
3.979393E+00 1.568917E+00 5.489730E-05
3.976301E+00 1.568991E+00 5.437322E-05
3.973214E+00 1.569065E+00 5.385174E-05
3.970132E+00 1.569139E+00 5.333298E-05
3.967054E+00 1.569212E+00 5.281705E-05
3.963982E+00 1.569286E+00 5.230403E-05
3.960914E+00 1.569359E+00 5.179405E-05
3.957850E+00 1.569432E+00 5.128719E-05
3.954792E+00 1.569505E+00 5.078354E-05
3.951738E+00 1.569578E+00 5.028320E-05
3.948688E+00 1.569650E+00 4.978623E-05
3.945643E+00 1.569722E+00 4.929273E-05
3.942604E+00 1.569795E+00 4.880277E-05
3.939569E+00 1.569867E+00 4.831641E-05
3.936538E+00 1.569938E+00 4.783372E-05
3.933513E+00 1.570010E+00 4.735476E-05
3.930492E+00 1.570081E+00 4.687959E-05
3.927475E+00 1.570152E+00 4.640825E-05
3.924463E+00 1.570223E+00 4.594080E-05
3.921456E+00 1.570294E+00 4.547729E-05
3.918454E+00 1.570365E+00 4.501774E-05
3.915456E+00 1.570435E+00 4.456220E-05
3.912461E+00 1.570506E+00 4.411069E-05
3.909472E+00 1.570576E+00 4.366325E-05
3.906488E+00 1.570646E+00 4.321990E-05
3.903508E+00 1.570716E+00 4.278065E-05
3.900533E+00 1.570785E+00 4.234553E-05
3.897563E+00 1.570855E+00 4.191455E-05
3.894597E+00 1.570924E+00 4.148771E-05
3.891635E+00 1.570993E+00 4.106503E-05
3.888678E+00 1.571062E+00 4.064650E-05
3.885725E+00 1.571130E+00 4.023212E-05
3.882777E+00 1.571199E+00 3.982190E-05
3.879834E+00 1.571267E+00 3.941581E-05
3.876895E+00 1.571335E+00 3.901386E-05
3.873958E+00 1.571403E+00 3.861603E-05
3.871028E+00 1.571471E+00 3.822231E-05
3.868102E+00 1.571539E+00 3.783267E-05
3.865181E+00 1.571606E+00 3.744710E-05
3.862264E+00 1.571674E+00 3.706558E-05
3.859351E+00 1.571741E+00 3.668807E-05
3.856443E+00 1.571808E+00 3.631456E-05
3.853539E+00 1.571875E+00 3.594501E-05
3.850640E+00 1.571941E+00 3.557940E-05
3.847745E+00 1.572008E+00 3.521768E-05
3.844854E+00 1.572074E+00 3.485983E-05
3.841968E+00 1.572140E+00 3.450581E-05
3.839085E+00 1.572206E+00 3.415559E-05
3.836206E+00 1.572272E+00 3.380912E-05
3.833333E+00 1.572338E+00 3.346636E-05
3.830464E+00 1.572403E+00 3.312727E-05
3.827599E+00 1.572468E+00 3.279182E-05
3.824738E+00 1.572534E+00 3.245995E-05
3.821882E+00 1.572599E+00 3.213163E-05
3.819030E+00 1.572663E+00 3.180680E-05
3.816182E+00 1.572728E+00 3.148543E-05
3.813339E+00 1.572793E+00 3.116747E-05
3.810499E+00 1.572857E+00 3.085287E-05
3.807664E+00 1.572921E+00 3.054158E-05
3.804833E+00 1.572985E+00 3.023356E-05
3.802005E+00 1.573049E+00 2.992876E-05
3.799183E+00 1.573113E+00 2.962714E-05
3.796365E+00 1.573176E+00 2.932864E-05
3.793550E+00 1.573240E+00 2.903322E-05
3.790741E+00 1.573303E+00 2.874083E-05
3.787935E+00 1.573366E+00 2.845143E-05
3.785133E+00 1.573429E+00 2.816497E-05
3.782336E+00 1.573491E+00 2.788139E-05
3.779542E+00 1.573554E+00 2.760066E-05
3.776753E+00 1.573616E+00 2.732274E-05
3.773968E+00 1.573679E+00 2.704756E-05
3.771187E+00 1.573741E+00 2.677510E-05
3.768410E+00 1.573803E+00 2.650530E-05
3.765636E+00 1.573865E+00 2.623812E-05
3.762867E+00 1.573926E+00 2.597353E-05
3.760102E+00 1.573988E+00 2.571147E-05
3.757342E+00 1.574049E+00 2.545190E-05
3.754585E+00 1.574110E+00 2.519479E-05
3.751833E+00 1.574172E+00 2.494010E-05
3.749084E+00 1.574232E+00 2.468778E-05
3.746340E+00 1.574293E+00 2.443781E-05
3.743599E+00 1.574354E+00 2.419013E-05
3.740863E+00 1.574414E+00 2.394471E-05
3.738131E+00 1.574475E+00 2.370153E-05
3.735402E+00 1.574535E+00 2.346054E-05
3.732676E+00 1.574595E+00 2.322171E-05
3.729956E+00 1.574655E+00 2.298501E-05
3.727239E+00 1.574714E+00 2.275041E-05
3.724527E+00 1.574774E+00 2.251787E-05
3.721818E+00 1.574833E+00 2.228736E-05
3.719113E+00 1.574893E+00 2.205887E-05
3.716412E+00 1.574952E+00 2.183235E-05
3.713716E+00 1.575011E+00 2.160779E-05
3.711023E+00 1.575070E+00 2.138515E-05
3.708334E+00 1.575128E+00 2.116441E-05
3.705648E+00 1.575187E+00 2.094555E-05
3.702967E+00 1.575245E+00 2.072855E-05
3.700290E+00 1.575304E+00 2.051337E-05
3.697615E+00 1.575362E+00 2.030001E-05
3.694945E+00 1.575420E+00 2.008844E-05
3.692280E+00 1.575478E+00 1.987864E-05
3.689618E+00 1.575535E+00 1.967059E-05
3.686959E+00 1.575593E+00 1.946428E-05
3.684305E+00 1.575650E+00 1.925968E-05
3.681655E+00 1.575708E+00 1.905679E-05
3.679008E+00 1.575765E+00 1.885558E-05
3.676365E+00 1.575822E+00 1.865605E-05
3.673726E+00 1.575879E+00 1.845817E-05
3.671091E+00 1.575936E+00 1.826194E-05
3.668459E+00 1.575992E+00 1.806734E-05
3.665832E+00 1.576049E+00 1.787436E-05
3.663206E+00 1.576105E+00 1.768299E-05
3.660586E+00 1.576161E+00 1.749322E-05
3.657970E+00 1.576218E+00 1.730504E-05
3.655357E+00 1.576273E+00 1.711844E-05
3.652748E+00 1.576329E+00 1.693342E-05
3.650143E+00 1.576385E+00 1.674996E-05
3.647541E+00 1.576441E+00 1.656805E-05
3.644943E+00 1.576496E+00 1.638770E-05
3.642349E+00 1.576551E+00 1.620888E-05
3.639759E+00 1.576606E+00 1.603161E-05
3.637172E+00 1.576661E+00 1.585586E-05
3.634589E+00 1.576716E+00 1.568164E-05
3.632008E+00 1.576771E+00 1.550894E-05
3.629432E+00 1.576826E+00 1.533776E-05
3.626860E+00 1.576880E+00 1.516809E-05
3.624291E+00 1.576935E+00 1.499993E-05
3.621727E+00 1.576989E+00 1.483327E-05
3.619165E+00 1.577043E+00 1.466811E-05
3.616608E+00 1.577097E+00 1.450445E-05
3.614054E+00 1.577151E+00 1.434229E-05
3.611503E+00 1.577205E+00 1.418161E-05
3.608957E+00 1.577258E+00 1.402242E-05
3.606413E+00 1.577312E+00 1.386472E-05
3.603874E+00 1.577365E+00 1.370850E-05
3.601338E+00 1.577419E+00 1.355377E-05
3.598804E+00 1.577472E+00 1.340051E-05
3.596275E+00 1.577525E+00 1.324873E-05
3.593750E+00 1.577578E+00 1.309842E-05
3.591228E+00 1.577630E+00 1.294958E-05
3.588709E+00 1.577683E+00 1.280222E-05
3.586195E+00 1.577735E+00 1.265632E-05
3.583683E+00 1.577788E+00 1.251188E-05
3.581176E+00 1.577840E+00 1.236891E-05
3.578672E+00 1.577892E+00 1.222740E-05
3.576171E+00 1.577944E+00 1.208735E-05
3.573674E+00 1.577996E+00 1.194876E-05
3.571180E+00 1.578048E+00 1.181161E-05
3.568690E+00 1.578100E+00 1.167592E-05
3.566202E+00 1.578151E+00 1.154168E-05
3.563718E+00 1.578203E+00 1.140888E-05
3.561238E+00 1.578254E+00 1.127753E-05
3.558762E+00 1.578305E+00 1.114761E-05
3.556289E+00 1.578356E+00 1.101913E-05
3.553819E+00 1.578407E+00 1.089208E-05
3.551353E+00 1.578458E+00 1.076646E-05
3.548891E+00 1.578509E+00 1.064226E-05
3.546431E+00 1.578559E+00 1.051949E-05
3.543975E+00 1.578610E+00 1.039813E-05
3.541523E+00 1.578660E+00 1.027818E-05
3.539074E+00 1.578711E+00 1.015965E-05
3.536627E+00 1.578761E+00 1.004251E-05
3.534185E+00 1.578811E+00 9.926773E-06
3.531746E+00 1.578861E+00 9.812429E-06
3.529310E+00 1.578910E+00 9.699472E-06
3.526878E+00 1.578960E+00 9.587897E-06
3.524449E+00 1.579010E+00 9.477698E-06
3.522023E+00 1.579059E+00 9.368869E-06
3.519601E+00 1.579109E+00 9.261404E-06
3.517182E+00 1.579158E+00 9.155297E-06
3.514767E+00 1.579207E+00 9.050540E-06
3.512355E+00 1.579256E+00 8.947127E-06
3.509946E+00 1.579305E+00 8.845051E-06
3.507540E+00 1.579354E+00 8.744305E-06
3.505136E+00 1.579402E+00 8.644881E-06
3.502737E+00 1.579451E+00 8.546771E-06
3.500342E+00 1.579499E+00 8.449968E-06
3.497949E+00 1.579548E+00 8.354463E-06
3.495560E+00 1.579596E+00 8.260249E-06
3.493174E+00 1.579644E+00 8.167315E-06
3.490791E+00 1.579692E+00 8.075655E-06
3.488412E+00 1.579740E+00 7.985259E-06
3.486036E+00 1.579788E+00 7.896117E-06
3.483663E+00 1.579836E+00 7.808222E-06
3.481293E+00 1.579883E+00 7.721562E-06
3.478926E+00 1.579931E+00 7.636129E-06
3.476563E+00 1.579978E+00 7.551913E-06
3.474202E+00 1.580025E+00 7.468904E-06
3.471845E+00 1.580073E+00 7.387091E-06
3.469491E+00 1.580120E+00 7.306465E-06
3.467141E+00 1.580167E+00 7.227015E-06
3.464793E+00 1.580213E+00 7.148731E-06
3.462449E+00 1.580260E+00 7.071601E-06
3.460108E+00 1.580307E+00 6.995616E-06
3.457770E+00 1.580353E+00 6.920763E-06
3.455436E+00 1.580400E+00 6.847033E-06
3.453104E+00 1.580446E+00 6.774413E-06
3.450776E+00 1.580492E+00 6.702893E-06
3.448451E+00 1.580538E+00 6.632461E-06
3.446127E+00 1.580585E+00 6.563105E-06
3.443808E+00 1.580630E+00 6.494815E-06
3.441493E+00 1.580676E+00 6.427578E-06
3.439180E+00 1.580722E+00 6.361383E-06
3.436870E+00 1.580768E+00 6.296217E-06
3.434564E+00 1.580813E+00 6.232069E-06
3.432260E+00 1.580859E+00 6.168927E-06
3.429960E+00 1.580904E+00 6.106778E-06
3.427663E+00 1.580949E+00 6.045612E-06
3.425368E+00 1.580994E+00 5.985415E-06
3.423077E+00 1.581039E+00 5.926176E-06
3.420789E+00 1.581084E+00 5.867881E-06
3.418504E+00 1.581129E+00 5.810520E-06
3.416221E+00 1.581174E+00 5.754080E-06
3.413942E+00 1.581218E+00 5.698548E-06
3.411666E+00 1.581263E+00 5.643913E-06
3.409393E+00 1.581307E+00 5.590161E-06
3.407124E+00 1.581352E+00 5.537281E-06
3.404857E+00 1.581396E+00 5.485260E-06
3.402593E+00 1.581440E+00 5.434087E-06
3.400332E+00 1.581484E+00 5.383748E-06
3.398075E+00 1.581528E+00 5.334232E-06
3.395820E+00 1.581572E+00 5.285527E-06
3.393568E+00 1.581616E+00 5.237619E-06
3.391319E+00 1.581659E+00 5.190498E-06
3.389072E+00 1.581703E+00 5.144150E-06
3.386829E+00 1.581746E+00 5.098565E-06
3.384590E+00 1.581790E+00 5.053729E-06
3.382353E+00 1.581833E+00 5.009631E-06
3.380119E+00 1.581876E+00 4.966258E-06
3.377888E+00 1.581919E+00 4.923600E-06
3.375660E+00 1.581962E+00 4.881644E-06
3.373434E+00 1.582005E+00 4.840379E-06
3.371212E+00 1.582048E+00 4.799792E-06
3.368993E+00 1.582091E+00 4.759873E-06
3.366777E+00 1.582133E+00 4.720609E-06
3.364563E+00 1.582176E+00 4.681990E-06
3.362353E+00 1.582218E+00 4.644003E-06
3.360144E+00 1.582261E+00 4.606638E-06
3.357939E+00 1.582303E+00 4.569883E-06
3.355737E+00 1.582345E+00 4.533728E-06
3.353538E+00 1.582387E+00 4.498161E-06
3.351342E+00 1.582429E+00 4.463171E-06
3.349149E+00 1.582471E+00 4.428748E-06
3.346959E+00 1.582513E+00 4.394881E-06
3.344771E+00 1.582554E+00 4.361559E-06
3.342587E+00 1.582596E+00 4.328772E-06
3.340405E+00 1.582638E+00 4.296510E-06
3.338226E+00 1.582679E+00 4.264762E-06
3.336050E+00 1.582720E+00 4.233517E-06
3.333877E+00 1.582762E+00 4.202767E-06
3.331705E+00 1.582803E+00 4.172501E-06
3.329538E+00 1.582844E+00 4.142708E-06
3.327373E+00 1.582885E+00 4.113381E-06
3.325211E+00 1.582926E+00 4.084508E-06
3.323052E+00 1.582967E+00 4.056081E-06
3.320895E+00 1.583007E+00 4.028090E-06
3.318742E+00 1.583048E+00 4.000525E-06
3.316591E+00 1.583089E+00 3.973379E-06
3.314443E+00 1.583129E+00 3.946641E-06
3.312298E+00 1.583170E+00 3.920304E-06
3.310156E+00 1.583210E+00 3.894357E-06
3.308016E+00 1.583250E+00 3.868794E-06
3.305878E+00 1.583290E+00 3.843604E-06
3.303744E+00 1.583330E+00 3.818781E-06
3.301613E+00 1.583370E+00 3.794315E-06
3.299484E+00 1.583410E+00 3.770198E-06
3.297358E+00 1.583450E+00 3.746423E-06
3.295235E+00 1.583490E+00 3.722982E-06
3.293115E+00 1.583529E+00 3.699867E-06
3.290997E+00 1.583569E+00 3.677071E-06
3.288882E+00 1.583608E+00 3.654585E-06
3.286770E+00 1.583648E+00 3.632403E-06
3.284660E+00 1.583687E+00 3.610518E-06
3.282553E+00 1.583726E+00 3.588921E-06
3.280449E+00 1.583765E+00 3.567608E-06
3.278347E+00 1.583804E+00 3.546570E-06
3.276248E+00 1.583843E+00 3.525801E-06
3.274152E+00 1.583882E+00 3.505294E-06
3.272059E+00 1.583921E+00 3.485043E-06
3.269968E+00 1.583960E+00 3.465041E-06
3.267880E+00 1.583998E+00 3.445283E-06
3.265795E+00 1.584037E+00 3.425762E-06
3.263712E+00 1.584076E+00 3.406472E-06
3.261632E+00 1.584114E+00 3.387408E-06
3.259554E+00 1.584152E+00 3.368563E-06
3.257480E+00 1.584191E+00 3.349932E-06
3.255408E+00 1.584229E+00 3.331510E-06
3.253338E+00 1.584267E+00 3.313291E-06
3.251270E+00 1.584305E+00 3.295270E-06
3.249206E+00 1.584343E+00 3.277441E-06
3.247144E+00 1.584381E+00 3.259800E-06
3.245085E+00 1.584418E+00 3.242342E-06
3.243029E+00 1.584456E+00 3.225061E-06
3.240975E+00 1.584494E+00 3.207954E-06
3.238924E+00 1.584531E+00 3.191015E-06
3.236876E+00 1.584569E+00 3.174240E-06
3.234830E+00 1.584606E+00 3.157625E-06
3.232786E+00 1.584643E+00 3.141165E-06
3.230745E+00 1.584681E+00 3.124856E-06
3.228707E+00 1.584718E+00 3.108694E-06
3.226670E+00 1.584755E+00 3.092675E-06
3.224637E+00 1.584792E+00 3.076795E-06
3.222607E+00 1.584829E+00 3.061050E-06
3.220579E+00 1.584866E+00 3.045437E-06
3.218553E+00 1.584902E+00 3.029952E-06
3.216530E+00 1.584939E+00 3.014591E-06
3.214510E+00 1.584976E+00 2.999350E-06
3.212492E+00 1.585012E+00 2.984228E-06
3.210477E+00 1.585049E+00 2.969220E-06
3.208464E+00 1.585085E+00 2.954323E-06
3.206454E+00 1.585121E+00 2.939534E-06
3.204446E+00 1.585158E+00 2.924850E-06
3.202441E+00 1.585194E+00 2.910268E-06
3.200437E+00 1.585230E+00 2.895785E-06
3.198437E+00 1.585266E+00 2.881399E-06
3.196439E+00 1.585302E+00 2.867107E-06
3.194444E+00 1.585338E+00 2.852905E-06
3.192452E+00 1.585374E+00 2.838793E-06
3.190461E+00 1.585409E+00 2.824767E-06
3.188474E+00 1.585445E+00 2.810824E-06
3.186488E+00 1.585481E+00 2.796963E-06
3.184505E+00 1.585516E+00 2.783181E-06
3.182525E+00 1.585552E+00 2.769476E-06
3.180547E+00 1.585587E+00 2.755847E-06
3.178572E+00 1.585622E+00 2.742290E-06
3.176599E+00 1.585658E+00 2.728804E-06
3.174627E+00 1.585693E+00 2.715387E-06
3.172659E+00 1.585728E+00 2.702037E-06
3.170694E+00 1.585763E+00 2.688752E-06
3.168730E+00 1.585798E+00 2.675531E-06
3.166770E+00 1.585833E+00 2.662372E-06
3.164811E+00 1.585868E+00 2.649273E-06
3.162855E+00 1.585902E+00 2.636233E-06
3.160902E+00 1.585937E+00 2.623250E-06
3.158951E+00 1.585972E+00 2.610322E-06
3.157002E+00 1.586006E+00 2.597449E-06
3.155056E+00 1.586041E+00 2.584629E-06
3.153112E+00 1.586075E+00 2.571861E-06
3.151169E+00 1.586109E+00 2.559143E-06
3.149230E+00 1.586144E+00 2.546474E-06
3.147294E+00 1.586178E+00 2.533853E-06
3.145359E+00 1.586212E+00 2.521279E-06
3.143427E+00 1.586246E+00 2.508751E-06
3.141498E+00 1.586280E+00 2.496267E-06
3.139571E+00 1.586314E+00 2.483827E-06
3.137646E+00 1.586348E+00 2.471430E-06
3.135723E+00 1.586381E+00 2.459075E-06
3.133803E+00 1.586415E+00 2.446760E-06
3.131885E+00 1.586449E+00 2.434486E-06
3.129970E+00 1.586482E+00 2.422251E-06
3.128057E+00 1.586516E+00 2.410054E-06
3.126145E+00 1.586549E+00 2.397896E-06
3.124237E+00 1.586583E+00 2.385774E-06
3.122330E+00 1.586616E+00 2.373689E-06
3.120427E+00 1.586649E+00 2.361640E-06
3.118525E+00 1.586683E+00 2.349625E-06
3.116626E+00 1.586716E+00 2.337645E-06
3.114729E+00 1.586749E+00 2.325700E-06
3.112835E+00 1.586782E+00 2.313787E-06
3.110942E+00 1.586815E+00 2.301908E-06
3.109053E+00 1.586848E+00 2.290061E-06
3.107165E+00 1.586880E+00 2.278247E-06
3.105280E+00 1.586913E+00 2.266464E-06
3.103396E+00 1.586946E+00 2.254712E-06
3.101515E+00 1.586978E+00 2.242991E-06
3.099636E+00 1.587011E+00 2.231301E-06
3.097760E+00 1.587043E+00 2.219640E-06
3.095886E+00 1.587076E+00 2.208010E-06
3.094014E+00 1.587108E+00 2.196409E-06
3.092145E+00 1.587140E+00 2.184838E-06
3.090278E+00 1.587173E+00 2.173296E-06
3.088413E+00 1.587205E+00 2.161782E-06
3.086550E+00 1.587237E+00 2.150297E-06
3.084690E+00 1.587269E+00 2.138841E-06
3.082832E+00 1.587301E+00 2.127413E-06
3.080976E+00 1.587333E+00 2.116013E-06
3.079121E+00 1.587365E+00 2.104641E-06
3.077270E+00 1.587397E+00 2.093296E-06
3.075420E+00 1.587428E+00 2.081980E-06
3.073573E+00 1.587460E+00 2.070691E-06
3.071729E+00 1.587492E+00 2.059429E-06
3.069886E+00 1.587523E+00 2.048195E-06
3.068046E+00 1.587555E+00 2.036989E-06
3.066207E+00 1.587586E+00 2.025809E-06
3.064371E+00 1.587617E+00 2.014657E-06
3.062538E+00 1.587649E+00 2.003533E-06
3.060706E+00 1.587680E+00 1.992435E-06
3.058877E+00 1.587711E+00 1.981365E-06
3.057049E+00 1.587742E+00 1.970322E-06
3.055223E+00 1.587773E+00 1.959306E-06
3.053401E+00 1.587804E+00 1.948317E-06
3.051580E+00 1.587835E+00 1.937356E-06
3.049761E+00 1.587866E+00 1.926422E-06
3.047945E+00 1.587897E+00 1.915515E-06
3.046131E+00 1.587928E+00 1.904636E-06
3.044319E+00 1.587958E+00 1.893784E-06
3.042509E+00 1.587989E+00 1.882959E-06
3.040701E+00 1.588020E+00 1.872163E-06
3.038896E+00 1.588050E+00 1.861393E-06
3.037092E+00 1.588081E+00 1.850652E-06
3.035291E+00 1.588111E+00 1.839939E-06
3.033491E+00 1.588141E+00 1.829253E-06
3.031694E+00 1.588172E+00 1.818595E-06
3.029899E+00 1.588202E+00 1.807966E-06
3.028106E+00 1.588232E+00 1.797365E-06
3.026316E+00 1.588262E+00 1.786792E-06
3.024527E+00 1.588292E+00 1.776247E-06
3.022741E+00 1.588322E+00 1.765731E-06
3.020956E+00 1.588352E+00 1.755244E-06
3.019174E+00 1.588382E+00 1.744786E-06
3.017394E+00 1.588412E+00 1.734356E-06
3.015616E+00 1.588442E+00 1.723956E-06
3.013840E+00 1.588472E+00 1.713585E-06
3.012066E+00 1.588501E+00 1.703243E-06
3.010294E+00 1.588531E+00 1.692931E-06
3.008524E+00 1.588560E+00 1.682648E-06
3.006756E+00 1.588590E+00 1.672395E-06
3.004991E+00 1.588619E+00 1.662172E-06
3.003228E+00 1.588649E+00 1.651978E-06
3.001466E+00 1.588678E+00 1.641815E-06
2.999707E+00 1.588707E+00 1.631683E-06
2.997950E+00 1.588737E+00 1.621581E-06
2.996195E+00 1.588766E+00 1.611509E-06
2.994441E+00 1.588795E+00 1.601468E-06
2.992690E+00 1.588824E+00 1.591458E-06
2.990941E+00 1.588853E+00 1.581479E-06
2.989194E+00 1.588882E+00 1.571532E-06
2.987449E+00 1.588911E+00 1.561615E-06
2.985706E+00 1.588940E+00 1.551731E-06
2.983965E+00 1.588968E+00 1.541877E-06
2.982226E+00 1.588997E+00 1.532056E-06
2.980489E+00 1.589026E+00 1.522266E-06
2.978754E+00 1.589054E+00 1.512509E-06
2.977022E+00 1.589083E+00 1.502784E-06
2.975291E+00 1.589112E+00 1.493091E-06
2.973562E+00 1.589140E+00 1.483430E-06
2.971835E+00 1.589168E+00 1.473803E-06
2.970111E+00 1.589197E+00 1.464208E-06
2.968388E+00 1.589225E+00 1.454646E-06
2.966666E+00 1.589253E+00 1.445117E-06
2.964948E+00 1.589282E+00 1.435621E-06
2.963231E+00 1.589310E+00 1.426159E-06
2.961516E+00 1.589338E+00 1.416730E-06
2.959803E+00 1.589366E+00 1.407335E-06
2.958092E+00 1.589394E+00 1.397973E-06
2.956384E+00 1.589422E+00 1.388645E-06
2.954677E+00 1.589450E+00 1.379352E-06
2.952972E+00 1.589478E+00 1.370092E-06
2.951269E+00 1.589505E+00 1.360867E-06
2.949568E+00 1.589533E+00 1.351676E-06
2.947869E+00 1.589561E+00 1.342520E-06
2.946172E+00 1.589588E+00 1.333398E-06
2.944476E+00 1.589616E+00 1.324311E-06
2.942783E+00 1.589644E+00 1.315259E-06
2.941092E+00 1.589671E+00 1.306242E-06
2.939402E+00 1.589699E+00 1.297259E-06
2.937715E+00 1.589726E+00 1.288313E-06
2.936030E+00 1.589753E+00 1.279401E-06
2.934346E+00 1.589781E+00 1.270525E-06
2.932665E+00 1.589808E+00 1.261684E-06
2.930985E+00 1.589835E+00 1.252879E-06
2.929308E+00 1.589862E+00 1.244110E-06
2.927632E+00 1.589889E+00 1.235377E-06
2.925958E+00 1.589916E+00 1.226679E-06
2.924286E+00 1.589943E+00 1.218018E-06
2.922615E+00 1.589970E+00 1.209392E-06
2.920947E+00 1.589997E+00 1.200803E-06
2.919281E+00 1.590024E+00 1.192250E-06
2.917617E+00 1.590051E+00 1.183733E-06
2.915954E+00 1.590077E+00 1.175253E-06
2.914294E+00 1.590104E+00 1.166810E-06
2.912635E+00 1.590131E+00 1.158403E-06
2.910978E+00 1.590157E+00 1.150032E-06
2.909324E+00 1.590184E+00 1.141699E-06
2.907671E+00 1.590210E+00 1.133402E-06
2.906020E+00 1.590237E+00 1.125142E-06
2.904370E+00 1.590263E+00 1.116919E-06
2.902722E+00 1.590290E+00 1.108734E-06
2.901077E+00 1.590316E+00 1.100585E-06
2.899433E+00 1.590342E+00 1.092473E-06
2.897791E+00 1.590368E+00 1.084399E-06
2.896152E+00 1.590395E+00 1.076361E-06
2.894514E+00 1.590421E+00 1.068362E-06
2.892877E+00 1.590447E+00 1.060399E-06
2.891243E+00 1.590473E+00 1.052474E-06
2.889611E+00 1.590499E+00 1.044586E-06
2.887980E+00 1.590525E+00 1.036736E-06
2.886351E+00 1.590551E+00 1.028923E-06
2.884724E+00 1.590576E+00 1.021148E-06
2.883099E+00 1.590602E+00 1.013410E-06
2.881475E+00 1.590628E+00 1.005710E-06
2.879853E+00 1.590654E+00 9.980482E-07
2.878234E+00 1.590679E+00 9.904236E-07
2.876616E+00 1.590705E+00 9.828367E-07
2.875000E+00 1.590730E+00 9.752875E-07
2.873386E+00 1.590756E+00 9.677761E-07
2.871773E+00 1.590781E+00 9.603024E-07
2.870163E+00 1.590807E+00 9.528666E-07
2.868554E+00 1.590832E+00 9.454685E-07
2.866947E+00 1.590858E+00 9.381082E-07
2.865342E+00 1.590883E+00 9.307858E-07
2.863738E+00 1.590908E+00 9.235012E-07
2.862136E+00 1.590933E+00 9.162544E-07
2.860536E+00 1.590958E+00 9.090454E-07
2.858938E+00 1.590984E+00 9.018743E-07
2.857342E+00 1.591009E+00 8.947410E-07
2.855748E+00 1.591034E+00 8.876455E-07
2.854155E+00 1.591059E+00 8.805878E-07
2.852564E+00 1.591083E+00 8.735679E-07
2.850975E+00 1.591108E+00 8.665859E-07
2.849388E+00 1.591133E+00 8.596416E-07
2.847802E+00 1.591158E+00 8.527351E-07
2.846218E+00 1.591183E+00 8.458663E-07
2.844636E+00 1.591207E+00 8.390353E-07
2.843056E+00 1.591232E+00 8.322420E-07
2.841477E+00 1.591257E+00 8.254863E-07
2.839900E+00 1.591281E+00 8.187683E-07
2.838325E+00 1.591306E+00 8.120880E-07
2.836751E+00 1.591330E+00 8.054452E-07
2.835180E+00 1.591355E+00 7.988400E-07
2.833610E+00 1.591379E+00 7.922724E-07
2.832042E+00 1.591404E+00 7.857422E-07
2.830476E+00 1.591428E+00 7.792495E-07
2.828911E+00 1.591452E+00 7.727943E-07
2.827348E+00 1.591476E+00 7.663764E-07
2.825787E+00 1.591501E+00 7.599958E-07
2.824228E+00 1.591525E+00 7.536525E-07
2.822670E+00 1.591549E+00 7.473465E-07
2.821113E+00 1.591573E+00 7.410777E-07
2.819559E+00 1.591597E+00 7.348459E-07
2.818006E+00 1.591621E+00 7.286513E-07
2.816456E+00 1.591645E+00 7.224937E-07
2.814906E+00 1.591669E+00 7.163731E-07
2.813359E+00 1.591693E+00 7.102894E-07
2.811813E+00 1.591716E+00 7.042426E-07
2.810269E+00 1.591740E+00 6.982325E-07
2.808727E+00 1.591764E+00 6.922592E-07
2.807186E+00 1.591788E+00 6.863225E-07
2.805647E+00 1.591811E+00 6.804225E-07
2.804110E+00 1.591835E+00 6.745589E-07
2.802574E+00 1.591858E+00 6.687319E-07
2.801040E+00 1.591882E+00 6.629412E-07
2.799507E+00 1.591905E+00 6.571868E-07
2.797977E+00 1.591929E+00 6.514686E-07
2.796448E+00 1.591952E+00 6.457866E-07
2.794921E+00 1.591976E+00 6.401407E-07
2.793395E+00 1.591999E+00 6.345308E-07
2.791871E+00 1.592022E+00 6.289568E-07
2.790349E+00 1.592045E+00 6.234186E-07
2.788829E+00 1.592069E+00 6.179162E-07
2.787310E+00 1.592092E+00 6.124495E-07
2.785792E+00 1.592115E+00 6.070183E-07
2.784277E+00 1.592138E+00 6.016226E-07
2.782762E+00 1.592161E+00 5.962623E-07
2.781250E+00 1.592184E+00 5.909373E-07
2.779739E+00 1.592207E+00 5.856475E-07
2.778230E+00 1.592230E+00 5.803929E-07
2.776723E+00 1.592253E+00 5.751732E-07
2.775217E+00 1.592276E+00 5.699885E-07
2.773713E+00 1.592298E+00 5.648386E-07
2.772210E+00 1.592321E+00 5.597235E-07
2.770709E+00 1.592344E+00 5.546430E-07
2.769210E+00 1.592367E+00 5.495969E-07
2.767713E+00 1.592389E+00 5.445854E-07
2.766217E+00 1.592412E+00 5.396081E-07
2.764722E+00 1.592434E+00 5.346650E-07
2.763229E+00 1.592457E+00 5.297561E-07
2.761737E+00 1.592479E+00 5.248811E-07
2.760248E+00 1.592502E+00 5.200400E-07
2.758760E+00 1.592524E+00 5.152327E-07
2.757274E+00 1.592547E+00 5.104591E-07
2.755789E+00 1.592569E+00 5.057190E-07
2.754306E+00 1.592591E+00 5.010124E-07
2.752824E+00 1.592614E+00 4.963391E-07
2.751344E+00 1.592636E+00 4.916989E-07
2.749866E+00 1.592658E+00 4.870919E-07
2.748389E+00 1.592680E+00 4.825179E-07
2.746914E+00 1.592702E+00 4.779767E-07
2.745440E+00 1.592724E+00 4.734683E-07
2.743968E+00 1.592746E+00 4.689925E-07
2.742497E+00 1.592768E+00 4.645491E-07
2.741028E+00 1.592790E+00 4.601382E-07
2.739561E+00 1.592812E+00 4.557595E-07
2.738095E+00 1.592834E+00 4.514129E-07
2.736631E+00 1.592856E+00 4.470983E-07
2.735168E+00 1.592878E+00 4.428157E-07
2.733707E+00 1.592900E+00 4.385647E-07
2.732248E+00 1.592921E+00 4.343454E-07
2.730790E+00 1.592943E+00 4.301576E-07
2.729334E+00 1.592965E+00 4.260012E-07
2.727879E+00 1.592986E+00 4.218760E-07
2.726425E+00 1.593008E+00 4.177819E-07
2.724973E+00 1.593029E+00 4.137188E-07
2.723523E+00 1.593051E+00 4.096865E-07
2.722074E+00 1.593072E+00 4.056850E-07
2.720627E+00 1.593094E+00 4.017141E-07
2.719182E+00 1.593115E+00 3.977736E-07
2.717738E+00 1.593137E+00 3.938634E-07
2.716295E+00 1.593158E+00 3.899834E-07
2.714854E+00 1.593179E+00 3.861335E-07
2.713415E+00 1.593201E+00 3.823135E-07
2.711977E+00 1.593222E+00 3.785232E-07
2.710541E+00 1.593243E+00 3.747626E-07
2.709106E+00 1.593264E+00 3.710316E-07
2.707672E+00 1.593285E+00 3.673298E-07
2.706240E+00 1.593306E+00 3.636574E-07
2.704810E+00 1.593327E+00 3.600140E-07
2.703381E+00 1.593348E+00 3.563995E-07
2.701953E+00 1.593369E+00 3.528139E-07
2.700528E+00 1.593390E+00 3.492570E-07
2.699103E+00 1.593411E+00 3.457286E-07
2.697681E+00 1.593432E+00 3.422286E-07
2.696259E+00 1.593453E+00 3.387568E-07
2.694840E+00 1.593474E+00 3.353132E-07
2.693421E+00 1.593495E+00 3.318975E-07
2.692005E+00 1.593515E+00 3.285097E-07
2.690589E+00 1.593536E+00 3.251496E-07
2.689175E+00 1.593557E+00 3.218170E-07
2.687762E+00 1.593577E+00 3.185118E-07
2.686352E+00 1.593598E+00 3.152339E-07
2.684942E+00 1.593618E+00 3.119831E-07
2.683534E+00 1.593639E+00 3.087593E-07
2.682128E+00 1.593660E+00 3.055623E-07
2.680723E+00 1.593680E+00 3.023920E-07
2.679319E+00 1.593700E+00 2.992482E-07
2.677917E+00 1.593721E+00 2.961309E-07
2.676517E+00 1.593741E+00 2.930398E-07
2.675118E+00 1.593762E+00 2.899748E-07
2.673720E+00 1.593782E+00 2.869359E-07
2.672323E+00 1.593802E+00 2.839227E-07
2.670929E+00 1.593822E+00 2.809352E-07
2.669536E+00 1.593842E+00 2.779732E-07
2.668144E+00 1.593863E+00 2.750367E-07
2.666753E+00 1.593883E+00 2.721254E-07
2.665365E+00 1.593903E+00 2.692392E-07
2.663977E+00 1.593923E+00 2.663779E-07
2.662591E+00 1.593943E+00 2.635415E-07
2.661207E+00 1.593963E+00 2.607297E-07
2.659823E+00 1.593983E+00 2.579425E-07
2.658442E+00 1.594003E+00 2.551796E-07
2.657062E+00 1.594023E+00 2.524410E-07
2.655682E+00 1.594043E+00 2.497265E-07
2.654305E+00 1.594062E+00 2.470359E-07
2.652929E+00 1.594082E+00 2.443691E-07
2.651554E+00 1.594102E+00 2.417259E-07
2.650181E+00 1.594122E+00 2.391063E-07
2.648809E+00 1.594141E+00 2.365100E-07
2.647439E+00 1.594161E+00 2.339370E-07
2.646070E+00 1.594181E+00 2.313870E-07
2.644703E+00 1.594200E+00 2.288600E-07
2.643337E+00 1.594220E+00 2.263557E-07
2.641972E+00 1.594240E+00 2.238741E-07
2.640609E+00 1.594259E+00 2.214150E-07
2.639247E+00 1.594279E+00 2.189783E-07
2.637886E+00 1.594298E+00 2.165638E-07
2.636527E+00 1.594317E+00 2.141713E-07
2.635170E+00 1.594337E+00 2.118008E-07
2.633814E+00 1.594356E+00 2.094521E-07
2.632459E+00 1.594375E+00 2.071250E-07
2.631105E+00 1.594395E+00 2.048194E-07
2.629753E+00 1.594414E+00 2.025351E-07
2.628403E+00 1.594433E+00 2.002721E-07
2.627054E+00 1.594452E+00 1.980301E-07
2.625706E+00 1.594472E+00 1.958091E-07
2.624359E+00 1.594491E+00 1.936089E-07
2.623014E+00 1.594510E+00 1.914293E-07
2.621670E+00 1.594529E+00 1.892703E-07
2.620327E+00 1.594548E+00 1.871316E-07
2.618986E+00 1.594567E+00 1.850131E-07
2.617647E+00 1.594586E+00 1.829147E-07
2.616309E+00 1.594605E+00 1.808363E-07
2.614972E+00 1.594624E+00 1.787777E-07
2.613636E+00 1.594643E+00 1.767388E-07
2.612302E+00 1.594662E+00 1.747194E-07
2.610969E+00 1.594680E+00 1.727194E-07
2.609638E+00 1.594699E+00 1.707386E-07
2.608308E+00 1.594718E+00 1.687770E-07
2.606979E+00 1.594737E+00 1.668344E-07
2.605652E+00 1.594755E+00 1.649106E-07
2.604325E+00 1.594774E+00 1.630055E-07
2.603001E+00 1.594793E+00 1.611190E-07
2.601677E+00 1.594811E+00 1.592510E-07
2.600356E+00 1.594830E+00 1.574012E-07
2.599035E+00 1.594848E+00 1.555696E-07
2.597716E+00 1.594867E+00 1.537561E-07
2.596398E+00 1.594886E+00 1.519605E-07
2.595081E+00 1.594904E+00 1.501826E-07
2.593766E+00 1.594922E+00 1.484224E-07
2.592452E+00 1.594941E+00 1.466797E-07
2.591139E+00 1.594959E+00 1.449543E-07
2.589828E+00 1.594978E+00 1.432462E-07
2.588518E+00 1.594996E+00 1.415552E-07
2.587209E+00 1.595014E+00 1.398812E-07
2.585902E+00 1.595032E+00 1.382240E-07
2.584596E+00 1.595051E+00 1.365836E-07
2.583291E+00 1.595069E+00 1.349597E-07
2.581988E+00 1.595087E+00 1.333524E-07
2.580686E+00 1.595105E+00 1.317613E-07
2.579385E+00 1.595123E+00 1.301865E-07
2.578086E+00 1.595141E+00 1.286277E-07
2.576788E+00 1.595160E+00 1.270849E-07
2.575491E+00 1.595178E+00 1.255579E-07
2.574195E+00 1.595196E+00 1.240466E-07
2.572901E+00 1.595214E+00 1.225509E-07
2.571608E+00 1.595231E+00 1.210707E-07
2.570316E+00 1.595249E+00 1.196058E-07
2.569026E+00 1.595267E+00 1.181560E-07
2.567737E+00 1.595285E+00 1.167214E-07
2.566449E+00 1.595303E+00 1.153017E-07
2.565163E+00 1.595321E+00 1.138969E-07
2.563878E+00 1.595339E+00 1.125068E-07
2.562594E+00 1.595356E+00 1.111312E-07
2.561311E+00 1.595374E+00 1.097702E-07
2.560030E+00 1.595392E+00 1.084235E-07
2.558750E+00 1.595409E+00 1.070910E-07
2.557471E+00 1.595427E+00 1.057727E-07
2.556194E+00 1.595445E+00 1.044683E-07
2.554917E+00 1.595462E+00 1.031778E-07
2.553642E+00 1.595480E+00 1.019011E-07
2.552369E+00 1.595497E+00 1.006381E-07
2.551097E+00 1.595515E+00 9.938858E-08
2.549826E+00 1.595532E+00 9.815248E-08
2.548556E+00 1.595550E+00 9.692968E-08
2.547287E+00 1.595567E+00 9.572008E-08
2.546020E+00 1.595585E+00 9.452355E-08
2.544754E+00 1.595602E+00 9.333998E-08
2.543489E+00 1.595619E+00 9.216926E-08
2.542226E+00 1.595637E+00 9.101129E-08
2.540964E+00 1.595654E+00 8.986594E-08
2.539703E+00 1.595671E+00 8.873311E-08
2.538442E+00 1.595688E+00 8.761268E-08
2.537184E+00 1.595706E+00 8.650456E-08
2.535926E+00 1.595723E+00 8.540863E-08
2.534670E+00 1.595740E+00 8.432478E-08
2.533416E+00 1.595757E+00 8.325290E-08
2.532162E+00 1.595774E+00 8.219289E-08
2.530910E+00 1.595791E+00 8.114465E-08
2.529659E+00 1.595808E+00 8.010806E-08
2.528409E+00 1.595825E+00 7.908302E-08
2.527161E+00 1.595842E+00 7.806943E-08
2.525913E+00 1.595859E+00 7.706718E-08
2.524667E+00 1.595876E+00 7.607617E-08
2.523422E+00 1.595893E+00 7.509630E-08
2.522178E+00 1.595910E+00 7.412747E-08
2.520936E+00 1.595927E+00 7.316957E-08
2.519695E+00 1.595944E+00 7.222250E-08
2.518455E+00 1.595960E+00 7.128617E-08
2.517216E+00 1.595977E+00 7.036047E-08
2.515978E+00 1.595994E+00 6.944531E-08
2.514742E+00 1.596011E+00 6.854058E-08
2.513507E+00 1.596027E+00 6.764620E-08
2.512273E+00 1.596044E+00 6.676205E-08
2.511040E+00 1.596061E+00 6.588805E-08
2.509809E+00 1.596077E+00 6.502410E-08
2.508579E+00 1.596094E+00 6.417011E-08
2.507349E+00 1.596111E+00 6.332598E-08
2.506121E+00 1.596127E+00 6.249161E-08
2.504895E+00 1.596144E+00 6.166692E-08
2.503669E+00 1.596160E+00 6.085181E-08
2.502445E+00 1.596177E+00 6.004619E-08
2.501222E+00 1.596193E+00 5.924996E-08
2.500000E+00 1.596209E+00 5.846304E-08
