5.117500E+03 2.668530E+00 1.536057E-04
2.558750E+03 2.668683E+00 3.096442E-04
1.705833E+03 2.668937E+00 4.705717E-04
1.279375E+03 2.669293E+00 6.388917E-04
1.023500E+03 2.669752E+00 8.171776E-04
8.529170E+02 2.670313E+00 1.008096E-03
7.310716E+02 2.670977E+00 1.214427E-03
6.396876E+02 2.671745E+00 1.439089E-03
5.686112E+02 2.672617E+00 1.685154E-03
5.117500E+02 2.673594E+00 1.955869E-03
4.652273E+02 2.674677E+00 2.254674E-03
4.264583E+02 2.675865E+00 2.585214E-03
3.936538E+02 2.677159E+00 2.951355E-03
3.655357E+02 2.678559E+00 3.357197E-03
3.411666E+02 2.680067E+00 3.807077E-03
3.198437E+02 2.681681E+00 4.305575E-03
3.010294E+02 2.683402E+00 4.857523E-03
2.843056E+02 2.685229E+00 5.467993E-03
2.693421E+02 2.687162E+00 6.142298E-03
2.558750E+02 2.689200E+00 6.885980E-03
2.436905E+02 2.691342E+00 7.704795E-03
2.326136E+02 2.693585E+00 8.604695E-03
2.225000E+02 2.695929E+00 9.591800E-03
2.132292E+02 2.698369E+00 1.067237E-02
2.047000E+02 2.700905E+00 1.185278E-02
1.968269E+02 2.703531E+00 1.313945E-02
1.895370E+02 2.706243E+00 1.453883E-02
1.827678E+02 2.709038E+00 1.605734E-02
1.764655E+02 2.711909E+00 1.770129E-02
1.705833E+02 2.714851E+00 1.947687E-02
1.650807E+02 2.717856E+00 2.139003E-02
1.599219E+02 2.720919E+00 2.344642E-02
1.550758E+02 2.724029E+00 2.565134E-02
1.505147E+02 2.727180E+00 2.800965E-02
1.462143E+02 2.730362E+00 3.052570E-02
1.421528E+02 2.733564E+00 3.320321E-02
1.383108E+02 2.736777E+00 3.604523E-02
1.346710E+02 2.739989E+00 3.905406E-02
1.312179E+02 2.743188E+00 4.223114E-02
1.279375E+02 2.746363E+00 4.557699E-02
1.248171E+02 2.749502E+00 4.909114E-02
1.218452E+02 2.752591E+00 5.277205E-02
1.190116E+02 2.755619E+00 5.661705E-02
1.163068E+02 2.758571E+00 6.062231E-02
1.137222E+02 2.761436E+00 6.478274E-02
1.112500E+02 2.764201E+00 6.909199E-02
1.088830E+02 2.766853E+00 7.354241E-02
1.066146E+02 2.769380E+00 7.812504E-02
1.044388E+02 2.771772E+00 8.282959E-02
1.023500E+02 2.774017E+00 8.764445E-02
1.003431E+02 2.776106E+00 9.255672E-02
9.841348E+01 2.778030E+00 9.755225E-02
9.655660E+01 2.779782E+00 1.026157E-01
9.476849E+01 2.781356E+00 1.077306E-01
9.304541E+01 2.782747E+00 1.128793E-01
9.138396E+01 2.783954E+00 1.180435E-01
8.978071E+01 2.784977E+00 1.232038E-01
8.823275E+01 2.785816E+00 1.283404E-01
8.673727E+01 2.786477E+00 1.334329E-01
8.529170E+01 2.786969E+00 1.384607E-01
8.389346E+01 2.787300E+00 1.434032E-01
8.254033E+01 2.787488E+00 1.482404E-01
8.123015E+01 2.787551E+00 1.529529E-01
7.996092E+01 2.787513E+00 1.575229E-01
7.873080E+01 2.787405E+00 1.619346E-01
7.753789E+01 2.787266E+00 1.661756E-01
7.638060E+01 2.787142E+00 1.702386E-01
7.525734E+01 2.787095E+00 1.741238E-01
7.416665E+01 2.787201E+00 1.778432E-01
7.310716E+01 2.787556E+00 1.814280E-01
7.207747E+01 2.788291E+00 1.849413E-01
7.107639E+01 2.789577E+00 1.885026E-01
7.010273E+01 2.791644E+00 1.923351E-01
6.915538E+01 2.794796E+00 1.968657E-01
6.823335E+01 2.799383E+00 2.029394E-01
6.733553E+01 2.805586E+00 2.122874E-01
6.646104E+01 2.812318E+00 2.283786E-01
6.560896E+01 2.813061E+00 2.562789E-01
6.477846E+01 2.789719E+00 2.912058E-01
6.396876E+01 2.740838E+00 2.986843E-01
6.317902E+01 2.708584E+00 2.731526E-01
6.240853E+01 2.700558E+00 2.467147E-01
6.165661E+01 2.702124E+00 2.286812E-01
6.092264E+01 2.706072E+00 2.167021E-01
6.020589E+01 2.710313E+00 2.081660E-01
5.950582E+01 2.714399E+00 2.015337E-01
5.882183E+01 2.718335E+00 1.959671E-01
5.815340E+01 2.722226E+00 1.910066E-01
5.750001E+01 2.726193E+00 1.863946E-01
5.686112E+01 2.730337E+00 1.819859E-01
5.623626E+01 2.734745E+00 1.776998E-01
5.562499E+01 2.739488E+00 1.734950E-01
5.502687E+01 2.744625E+00 1.693545E-01
5.444150E+01 2.750201E+00 1.652778E-01
5.386843E+01 2.756258E+00 1.612749E-01
5.330729E+01 2.762828E+00 1.573634E-01
5.275773E+01 2.769937E+00 1.535663E-01
5.221938E+01 2.777610E+00 1.499103E-01
5.169193E+01 2.785865E+00 1.464253E-01
5.117500E+01 2.794720E+00 1.431432E-01
5.066832E+01 2.804189E+00 1.400981E-01
5.017156E+01 2.814285E+00 1.373258E-01
4.968445E+01 2.825019E+00 1.348639E-01
4.920674E+01 2.836402E+00 1.327519E-01
4.873810E+01 2.848446E+00 1.310319E-01
4.827830E+01 2.861159E+00 1.297486E-01
4.782710E+01 2.874555E+00 1.289505E-01
4.738427E+01 2.888643E+00 1.286908E-01
4.694955E+01 2.903435E+00 1.290283E-01
4.652273E+01 2.918943E+00 1.300297E-01
4.610360E+01 2.935180E+00 1.317707E-01
4.569196E+01 2.952155E+00 1.343394E-01
4.528762E+01 2.969877E+00 1.378383E-01
4.489036E+01 2.988346E+00 1.423889E-01
4.450000E+01 3.007555E+00 1.481349E-01
4.411638E+01 3.027479E+00 1.552475E-01
4.373931E+01 3.048067E+00 1.639295E-01
4.336865E+01 3.069228E+00 1.744197E-01
4.300420E+01 3.090808E+00 1.869932E-01
4.264583E+01 3.112563E+00 2.019559E-01
4.229338E+01 3.134121E+00 2.196257E-01
4.194671E+01 3.154935E+00 2.402896E-01
4.160570E+01 3.174245E+00 2.641225E-01
4.127016E+01 3.191066E+00 2.910530E-01
4.094000E+01 3.204259E+00 3.205775E-01
4.061507E+01 3.212755E+00 3.515709E-01
4.029527E+01 3.215970E+00 3.822263E-01
3.998047E+01 3.214321E+00 4.103220E-01
3.967054E+01 3.209548E+00 4.339265E-01
3.936538E+01 3.204429E+00 4.523116E-01
3.906488E+01 3.201845E+00 4.665106E-01
3.876895E+01 3.203658E+00 4.790920E-01
3.847745E+01 3.210036E+00 4.933068E-01
3.819030E+01 3.219403E+00 5.121368E-01
3.790741E+01 3.228764E+00 5.375848E-01
3.762867E+01 3.234120E+00 5.701459E-01
3.735402E+01 3.231028E+00 6.082622E-01
3.708334E+01 3.215610E+00 6.477987E-01
3.681655E+01 3.186260E+00 6.821032E-01
3.655357E+01 3.145506E+00 7.035280E-01
3.629432E+01 3.100456E+00 7.065264E-01
3.603874E+01 3.060519E+00 6.905518E-01
3.578672E+01 3.033523E+00 6.603188E-01
3.553819E+01 3.023069E+00 6.232155E-01
3.529310E+01 3.028617E+00 5.861443E-01
3.505136E+01 3.047246E+00 5.538052E-01
3.481293E+01 3.075440E+00 5.285968E-01
3.457770E+01 3.110100E+00 5.112936E-01
3.434564E+01 3.148864E+00 5.017864E-01
3.411666E+01 3.190057E+00 4.996016E-01
3.389072E+01 3.232515E+00 5.041918E-01
3.366777E+01 3.275401E+00 5.150625E-01
3.344771E+01 3.318060E+00 5.318017E-01
3.323052E+01 3.359922E+00 5.540500E-01
3.301613E+01 3.400460E+00 5.814406E-01
3.280449E+01 3.439219E+00 6.135433E-01
3.259554E+01 3.475900E+00 6.498647E-01
3.238924E+01 3.510441E+00 6.899554E-01
3.218553E+01 3.542971E+00 7.335966E-01
3.198437E+01 3.573611E+00 7.809250E-01
3.178572E+01 3.602198E+00 8.323588E-01
3.158951E+01 3.628148E+00 8.883559E-01
3.139571E+01 3.650502E+00 9.491628E-01
3.120427E+01 3.668074E+00 1.014661E+00
3.101515E+01 3.679619E+00 1.084310E+00
3.082832E+01 3.683971E+00 1.157143E+00
3.064371E+01 3.680185E+00 1.231790E+00
3.046131E+01 3.667667E+00 1.306530E+00
3.028106E+01 3.646307E+00 1.379394E+00
3.010294E+01 3.616585E+00 1.448314E+00
2.992690E+01 3.579624E+00 1.511330E+00
2.975291E+01 3.537153E+00 1.566815E+00
2.958092E+01 3.491396E+00 1.613687E+00
2.941092E+01 3.444864E+00 1.651562E+00
2.924286E+01 3.400117E+00 1.680824E+00
2.907671E+01 3.359517E+00 1.702594E+00
2.891243E+01 3.325020E+00 1.718630E+00
2.875000E+01 3.298026E+00 1.731167E+00
2.858938E+01 3.279292E+00 1.742741E+00
2.843056E+01 3.268900E+00 1.756013E+00
2.827348E+01 3.266269E+00 1.773616E+00
2.811813E+01 3.270188E+00 1.798022E+00
2.796448E+01 3.278858E+00 1.831433E+00
2.781250E+01 3.289931E+00 1.875672E+00
2.766217E+01 3.300550E+00 1.932076E+00
2.751344E+01 3.307399E+00 2.001352E+00
2.736631E+01 3.306794E+00 2.083406E+00
2.722074E+01 3.294848E+00 2.177150E+00
2.707672E+01 3.267755E+00 2.280318E+00
2.693421E+01 3.222205E+00 2.389373E+00
2.679319E+01 3.155901E+00 2.499602E+00
2.665365E+01 3.068072E+00 2.605470E+00
2.651554E+01 2.959814E+00 2.701251E+00
2.637886E+01 2.834096E+00 2.781814E+00
2.624359E+01 2.695375E+00 2.843341E+00
2.610969E+01 2.548907E+00 2.883778E+00
2.597716E+01 2.399962E+00 2.902877E+00
2.584596E+01 2.253183E+00 2.901905E+00
2.571608E+01 2.112204E+00 2.883147E+00
2.558750E+01 1.979540E+00 2.849399E+00
2.546020E+01 1.856684E+00 2.803544E+00
2.533416E+01 1.744305E+00 2.748270E+00
2.520936E+01 1.642473E+00 2.685925E+00
2.508579E+01 1.550865E+00 2.618460E+00
2.496342E+01 1.468931E+00 2.547442E+00
2.484223E+01 1.396007E+00 2.474092E+00
2.472222E+01 1.331402E+00 2.399341E+00
2.460336E+01 1.274446E+00 2.323885E+00
2.448565E+01 1.224523E+00 2.248237E+00
2.436905E+01 1.181085E+00 2.172768E+00
2.425355E+01 1.143663E+00 2.097747E+00
2.413915E+01 1.111863E+00 2.023366E+00
2.402582E+01 1.085371E+00 1.949771E+00
2.391355E+01 1.063945E+00 1.877081E+00
2.380233E+01 1.047409E+00 1.805404E+00
2.369213E+01 1.035650E+00 1.734862E+00
2.358295E+01 1.028607E+00 1.665600E+00
2.347477E+01 1.026259E+00 1.597808E+00
2.336758E+01 1.028610E+00 1.531734E+00
2.326136E+01 1.035668E+00 1.467696E+00
2.315611E+01 1.047414E+00 1.406090E+00
2.305180E+01 1.063773E+00 1.347390E+00
2.294843E+01 1.084576E+00 1.292132E+00
2.284598E+01 1.109528E+00 1.240883E+00
2.274444E+01 1.138190E+00 1.194198E+00
2.264380E+01 1.169979E+00 1.152563E+00
2.254405E+01 1.204194E+00 1.116345E+00
2.244518E+01 1.240060E+00 1.085753E+00
2.234716E+01 1.276790E+00 1.060824E+00
2.225000E+01 1.313642E+00 1.041439E+00
2.215368E+01 1.349966E+00 1.027350E+00
2.205819E+01 1.385226E+00 1.018241E+00
2.196352E+01 1.419008E+00 1.013770E+00
2.186966E+01 1.450991E+00 1.013623E+00
2.177660E+01 1.480915E+00 1.017541E+00
2.168432E+01 1.508529E+00 1.025333E+00
2.159282E+01 1.533547E+00 1.036864E+00
2.150210E+01 1.555606E+00 1.052023E+00
2.141213E+01 1.574242E+00 1.070673E+00
2.132292E+01 1.588886E+00 1.092589E+00
2.123444E+01 1.598894E+00 1.117399E+00
2.114669E+01 1.603598E+00 1.144524E+00
2.105967E+01 1.602387E+00 1.173154E+00
2.097336E+01 1.594807E+00 1.202247E+00
2.088775E+01 1.580653E+00 1.230582E+00
2.080284E+01 1.560040E+00 1.256848E+00
2.071863E+01 1.533434E+00 1.279760E+00
2.063508E+01 1.501629E+00 1.298186E+00
2.055221E+01 1.465667E+00 1.311243E+00
2.047000E+01 1.426741E+00 1.318356E+00
2.038844E+01 1.386081E+00 1.319270E+00
2.030754E+01 1.344857E+00 1.314014E+00
2.022727E+01 1.304117E+00 1.302845E+00
2.014764E+01 1.264745E+00 1.286181E+00
2.006863E+01 1.227462E+00 1.264537E+00
1.999023E+01 1.192829E+00 1.238473E+00
1.991245E+01 1.161278E+00 1.208560E+00
1.983527E+01 1.133128E+00 1.175353E+00
1.975869E+01 1.108619E+00 1.139388E+00
1.968269E+01 1.087926E+00 1.101173E+00
1.960728E+01 1.071178E+00 1.061196E+00
1.953244E+01 1.058464E+00 1.019931E+00
1.945818E+01 1.049840E+00 9.778474E-01
1.938447E+01 1.045321E+00 9.354151E-01
1.931132E+01 1.044878E+00 8.931073E-01
1.923872E+01 1.048427E+00 8.513978E-01
1.916667E+01 1.055819E+00 8.107522E-01
1.909515E+01 1.066833E+00 7.716113E-01
1.902416E+01 1.081183E+00 7.343723E-01
1.895370E+01 1.098521E+00 6.993684E-01
1.888377E+01 1.118459E+00 6.668530E-01
1.881434E+01 1.140594E+00 6.369922E-01
1.874542E+01 1.164530E+00 6.098657E-01
1.867701E+01 1.189906E+00 5.854776E-01
1.860909E+01 1.216405E+00 5.637721E-01
1.854167E+01 1.243772E+00 5.446542E-01
1.847473E+01 1.271813E+00 5.280089E-01
1.840827E+01 1.300392E+00 5.137196E-01
1.834229E+01 1.329427E+00 5.016836E-01
1.827678E+01 1.358879E+00 4.918241E-01
1.821175E+01 1.388743E+00 4.840993E-01
1.814716E+01 1.419040E+00 4.785095E-01
1.808304E+01 1.449800E+00 4.751018E-01
1.801937E+01 1.481059E+00 4.739742E-01
1.795614E+01 1.512842E+00 4.752787E-01
1.789336E+01 1.545155E+00 4.792244E-01
1.783101E+01 1.577967E+00 4.860797E-01
1.776910E+01 1.611200E+00 4.961746E-01
1.770761E+01 1.644701E+00 5.099007E-01
1.764655E+01 1.678222E+00 5.277083E-01
1.758591E+01 1.711382E+00 5.500967E-01
1.752569E+01 1.743635E+00 5.775943E-01
1.746587E+01 1.774220E+00 6.107221E-01
1.740646E+01 1.802120E+00 6.499325E-01
1.734746E+01 1.826025E+00 6.955159E-01
1.728885E+01 1.844333E+00 7.474709E-01
1.723064E+01 1.855195E+00 8.053416E-01
1.717282E+01 1.856658E+00 8.680483E-01
1.711538E+01 1.846909E+00 9.337613E-01
1.705833E+01 1.824622E+00 9.998925E-01
1.700166E+01 1.789321E+00 1.063276E+00
1.694536E+01 1.741655E+00 1.120556E+00
1.688944E+01 1.683434E+00 1.168703E+00
1.683388E+01 1.617389E+00 1.205500E+00
1.677869E+01 1.546715E+00 1.229829E+00
1.672386E+01 1.474568E+00 1.241683E+00
1.666938E+01 1.403663E+00 1.241946E+00
1.661526E+01 1.336064E+00 1.232072E+00
1.656149E+01 1.273152E+00 1.213754E+00
1.650807E+01 1.215709E+00 1.188690E+00
1.645498E+01 1.164059E+00 1.158424E+00
1.640224E+01 1.118203E+00 1.124284E+00
1.634984E+01 1.077944E+00 1.087360E+00
1.629777E+01 1.042973E+00 1.048530E+00
1.624603E+01 1.012931E+00 1.008483E+00
1.619462E+01 9.874503E-01 9.677593E-01
1.614353E+01 9.661744E-01 9.267812E-01
1.609277E+01 9.487714E-01 8.858816E-01
1.604232E+01 9.349368E-01 8.453273E-01
1.599219E+01 9.243932E-01 8.053372E-01
1.594237E+01 9.168864E-01 7.660954E-01
1.589286E+01 9.121805E-01 7.277602E-01
1.584365E+01 9.100531E-01 6.904704E-01
1.579475E+01 9.102899E-01 6.543481E-01
1.574615E+01 9.126814E-01 6.194989E-01
1.569785E+01 9.170208E-01 5.860121E-01
1.564985E+01 9.231027E-01 5.539585E-01
1.560213E+01 9.307244E-01 5.233891E-01
1.555471E+01 9.396876E-01 4.943346E-01
1.550758E+01 9.498010E-01 4.668049E-01
1.546072E+01 9.608837E-01 4.407900E-01
1.541416E+01 9.727672E-01 4.162627E-01
1.536787E+01 9.852976E-01 3.931806E-01
1.532186E+01 9.983372E-01 3.714892E-01
1.527612E+01 1.011765E+00 3.511257E-01
1.523065E+01 1.025475E+00 3.320212E-01
1.518546E+01 1.039379E+00 3.141040E-01
1.514053E+01 1.053400E+00 2.973012E-01
1.509587E+01 1.067476E+00 2.815411E-01
1.505147E+01 1.081556E+00 2.667539E-01
1.500733E+01 1.095599E+00 2.528731E-01
1.496345E+01 1.109570E+00 2.398356E-01
1.491983E+01 1.123444E+00 2.275826E-01
1.487645E+01 1.137202E+00 2.160591E-01
1.483333E+01 1.150826E+00 2.052146E-01
1.479046E+01 1.164307E+00 1.950024E-01
1.474784E+01 1.177636E+00 1.853794E-01
1.470546E+01 1.190807E+00 1.763064E-01
1.466332E+01 1.203818E+00 1.677475E-01
1.462143E+01 1.216666E+00 1.596696E-01
1.457977E+01 1.229351E+00 1.520426E-01
1.453835E+01 1.241873E+00 1.448391E-01
1.449717E+01 1.254235E+00 1.380337E-01
1.445622E+01 1.266437E+00 1.316034E-01
1.441549E+01 1.278483E+00 1.255267E-01
1.437500E+01 1.290375E+00 1.197842E-01
1.433473E+01 1.302116E+00 1.143577E-01
1.429469E+01 1.313709E+00 1.092307E-01
1.425487E+01 1.325157E+00 1.043876E-01
1.421528E+01 1.336464E+00 9.981411E-02
1.417590E+01 1.347633E+00 9.549683E-02
1.413674E+01 1.358667E+00 9.142330E-02
1.409780E+01 1.369570E+00 8.758182E-02
1.405907E+01 1.380344E+00 8.396145E-02
1.402055E+01 1.390994E+00 8.055188E-02
1.398224E+01 1.401523E+00 7.734341E-02
1.394414E+01 1.411933E+00 7.432687E-02
1.390625E+01 1.422229E+00 7.149360E-02
1.386856E+01 1.432413E+00 6.883539E-02
1.383108E+01 1.442489E+00 6.634444E-02
1.379380E+01 1.452461E+00 6.401337E-02
1.375672E+01 1.462331E+00 6.183514E-02
1.371984E+01 1.472103E+00 5.980307E-02
1.368316E+01 1.481781E+00 5.791080E-02
1.364667E+01 1.491368E+00 5.615227E-02
1.361037E+01 1.500867E+00 5.452172E-02
1.357427E+01 1.510282E+00 5.301367E-02
1.353836E+01 1.519617E+00 5.162290E-02
1.350264E+01 1.528875E+00 5.034445E-02
1.346710E+01 1.538060E+00 4.917363E-02
1.343176E+01 1.547176E+00 4.810595E-02
1.339660E+01 1.556227E+00 4.713720E-02
1.336162E+01 1.565215E+00 4.626335E-02
1.332682E+01 1.574146E+00 4.548062E-02
1.329221E+01 1.583024E+00 4.478544E-02
1.325777E+01 1.591852E+00 4.417445E-02
1.322351E+01 1.600634E+00 4.364450E-02
1.318943E+01 1.609374E+00 4.319262E-02
1.315553E+01 1.618077E+00 4.281606E-02
1.312179E+01 1.626748E+00 4.251225E-02
1.308824E+01 1.635389E+00 4.227880E-02
1.305485E+01 1.644006E+00 4.211353E-02
1.302163E+01 1.652604E+00 4.201442E-02
1.298858E+01 1.661185E+00 4.197963E-02
1.295570E+01 1.669757E+00 4.200751E-02
1.292298E+01 1.678322E+00 4.209657E-02
1.289043E+01 1.686885E+00 4.224549E-02
1.285804E+01 1.695452E+00 4.245312E-02
1.282581E+01 1.704028E+00 4.271850E-02
1.279375E+01 1.712616E+00 4.304080E-02
1.276185E+01 1.721224E+00 4.341939E-02
1.273010E+01 1.729855E+00 4.385378E-02
1.269851E+01 1.738514E+00 4.434367E-02
1.266708E+01 1.747209E+00 4.488891E-02
1.263580E+01 1.755943E+00 4.548952E-02
1.260468E+01 1.764723E+00 4.614571E-02
1.257371E+01 1.773554E+00 4.685784E-02
1.254289E+01 1.782443E+00 4.762646E-02
1.251222E+01 1.791396E+00 4.845231E-02
1.248171E+01 1.800418E+00 4.933630E-02
1.245134E+01 1.809518E+00 5.027955E-02
1.242112E+01 1.818700E+00 5.128337E-02
1.239104E+01 1.827973E+00 5.234929E-02
1.236111E+01 1.837344E+00 5.347903E-02
1.233133E+01 1.846820E+00 5.467459E-02
1.230168E+01 1.856409E+00 5.593817E-02
1.227218E+01 1.866119E+00 5.727224E-02
1.224282E+01 1.875959E+00 5.867956E-02
1.221360E+01 1.885936E+00 6.016315E-02
1.218452E+01 1.896062E+00 6.172636E-02
1.215558E+01 1.906344E+00 6.337288E-02
1.212678E+01 1.916794E+00 6.510674E-02
1.209811E+01 1.927422E+00 6.693238E-02
1.206957E+01 1.938238E+00 6.885465E-02
1.204118E+01 1.949256E+00 7.087886E-02
1.201291E+01 1.960485E+00 7.301082E-02
1.198478E+01 1.971941E+00 7.525689E-02
1.195678E+01 1.983636E+00 7.762403E-02
1.192890E+01 1.995585E+00 8.011984E-02
1.190116E+01 2.007803E+00 8.275268E-02
1.187355E+01 2.020307E+00 8.553169E-02
1.184606E+01 2.033114E+00 8.846691E-02
1.181871E+01 2.046242E+00 9.156937E-02
1.179148E+01 2.059710E+00 9.485121E-02
1.176437E+01 2.073540E+00 9.832581E-02
1.173739E+01 2.087754E+00 1.020080E-01
1.171053E+01 2.102376E+00 1.059140E-01
1.168379E+01 2.117432E+00 1.100620E-01
1.165718E+01 2.132948E+00 1.144721E-01
1.163068E+01 2.148955E+00 1.191668E-01
1.160431E+01 2.165484E+00 1.241711E-01
1.157805E+01 2.182570E+00 1.295131E-01
1.155192E+01 2.200249E+00 1.352242E-01
1.152590E+01 2.218561E+00 1.413400E-01
1.150000E+01 2.237549E+00 1.479006E-01
1.147422E+01 2.257260E+00 1.549516E-01
1.144855E+01 2.277742E+00 1.625446E-01
1.142299E+01 2.299051E+00 1.707389E-01
1.139755E+01 2.321244E+00 1.796021E-01
1.137222E+01 2.344383E+00 1.892119E-01
1.134701E+01 2.368534E+00 1.996578E-01
1.132190E+01 2.393769E+00 2.110435E-01
1.129691E+01 2.420162E+00 2.234886E-01
1.127203E+01 2.447791E+00 2.371325E-01
1.124725E+01 2.476737E+00 2.521371E-01
1.122259E+01 2.507082E+00 2.686912E-01
1.119803E+01 2.538908E+00 2.870152E-01
1.117358E+01 2.572292E+00 3.073663E-01
1.114924E+01 2.607303E+00 3.300455E-01
1.112500E+01 2.643995E+00 3.554038E-01
1.110087E+01 2.682401E+00 3.838508E-01
1.107684E+01 2.722517E+00 4.158627E-01
1.105292E+01 2.764290E+00 4.519909E-01
1.102910E+01 2.807594E+00 4.928699E-01
1.100538E+01 2.852204E+00 5.392228E-01
1.098176E+01 2.897758E+00 5.918624E-01
1.095824E+01 2.943713E+00 6.516844E-01
1.093483E+01 2.989288E+00 7.196472E-01
1.091151E+01 3.033399E+00 7.967306E-01
1.088830E+01 3.074590E+00 8.838648E-01
1.086518E+01 3.110972E+00 9.818183E-01
1.084216E+01 3.140187E+00 1.091037E+00
1.081924E+01 3.159423E+00 1.211432E+00
1.079641E+01 3.165537E+00 1.342137E+00
1.077368E+01 3.155291E+00 1.481271E+00
1.075105E+01 3.125750E+00 1.625794E+00
1.072851E+01 3.074783E+00 1.771545E+00
1.070607E+01 3.001562E+00 1.913542E+00
1.068372E+01 2.906913E+00 2.046543E+00
1.066146E+01 2.793350E+00 2.165757E+00
1.063929E+01 2.664744E+00 2.267497E+00
1.061722E+01 2.525735E+00 2.349592E+00
1.059524E+01 2.381052E+00 2.411442E+00
1.057335E+01 2.234953E+00 2.453784E+00
1.055155E+01 2.090885E+00 2.478283E+00
1.052983E+01 1.951379E+00 2.487107E+00
1.050821E+01 1.818110E+00 2.482569E+00
1.048668E+01 1.692053E+00 2.466888E+00
1.046524E+01 1.573662E+00 2.442056E+00
1.044388E+01 1.463035E+00 2.409785E+00
1.042261E+01 1.360044E+00 2.371512E+00
1.040142E+01 1.264435E+00 2.328423E+00
1.038032E+01 1.175885E+00 2.281497E+00
1.035931E+01 1.094046E+00 2.231542E+00
1.033838E+01 1.018565E+00 2.179238E+00
1.031754E+01 9.490935E-01 2.125156E+00
1.029678E+01 8.852898E-01 2.069786E+00
1.027610E+01 8.268223E-01 2.013550E+00
1.025551E+01 7.733665E-01 1.956812E+00
1.023500E+01 7.246050E-01 1.899886E+00
1.021457E+01 6.802269E-01 1.843040E+00
1.019422E+01 6.399291E-01 1.786502E+00
1.017396E+01 6.034167E-01 1.730460E+00
1.015377E+01 5.704049E-01 1.675065E+00
1.013366E+01 5.406210E-01 1.620436E+00
1.011364E+01 5.138057E-01 1.566662E+00
1.009369E+01 4.897149E-01 1.513805E+00
1.007382E+01 4.681209E-01 1.461901E+00
1.005403E+01 4.488131E-01 1.410966E+00
1.003431E+01 4.315991E-01 1.360998E+00
1.001468E+01 4.163045E-01 1.311978E+00
9.995112E+00 4.027735E-01 1.263876E+00
9.975630E+00 3.908683E-01 1.216648E+00
9.956222E+00 3.804697E-01 1.170245E+00
9.936891E+00 3.714764E-01 1.124607E+00
9.917634E+00 3.638049E-01 1.079672E+00
9.898452E+00 3.573900E-01 1.035373E+00
9.879344E+00 3.521843E-01 9.916388E-01
9.860309E+00 3.481592E-01 9.483998E-01
9.841348E+00 3.453056E-01 9.055858E-01
9.822459E+00 3.436346E-01 8.631295E-01
9.803643E+00 3.431795E-01 8.209684E-01
9.784899E+00 3.439974E-01 7.790490E-01
9.766226E+00 3.461713E-01 7.373312E-01
9.747615E+00 3.498114E-01 6.957952E-01
9.729084E+00 3.550560E-01 6.544516E-01
9.710623E+00 3.620687E-01 6.133540E-01
9.692233E+00 3.710310E-01 5.726148E-01
9.673912E+00 3.821250E-01 5.324225E-01
9.655660E+00 3.955052E-01 4.930553E-01
9.637477E+00 4.112562E-01 4.548813E-01
9.619362E+00 4.293450E-01 4.183358E-01
9.601315E+00 4.495846E-01 3.838684E-01
9.583336E+00 4.716295E-01 3.518689E-01
9.565424E+00 4.950157E-01 3.225986E-01
9.547578E+00 5.192314E-01 2.961545E-01
9.529800E+00 5.437916E-01 2.724776E-01
9.512078E+00 5.682884E-01 2.513929E-01
9.494431E+00 5.924119E-01 2.326594E-01
9.476849E+00 6.159469E-01 2.160119E-01
9.459333E+00 6.387568E-01 2.011902E-01
9.441881E+00 6.607650E-01 1.879545E-01
9.424493E+00 6.819377E-01 1.760923E-01
9.407170E+00 7.022700E-01 1.654192E-01
9.389909E+00 7.217760E-01 1.557778E-01
9.372712E+00 7.404814E-01 1.470338E-01
9.355578E+00 7.584186E-01 1.390736E-01
9.338507E+00 7.756236E-01 1.318008E-01
9.321498E+00 7.921335E-01 1.251331E-01
9.304541E+00 8.079854E-01 1.190008E-01
9.287655E+00 8.232155E-01 1.133440E-01
9.270831E+00 8.378584E-01 1.081110E-01
9.254067E+00 8.519470E-01 1.032576E-01
9.237363E+00 8.655123E-01 9.874521E-02
9.220720E+00 8.785836E-01 9.454027E-02
9.204137E+00 8.911881E-01 9.061349E-02
9.187613E+00 9.033513E-01 8.693914E-02
9.171148E+00 9.150971E-01 8.349454E-02
9.154743E+00 9.264476E-01 8.025966E-02
9.138396E+00 9.374234E-01 7.721668E-02
9.122107E+00 9.480440E-01 7.434976E-02
9.105876E+00 9.583273E-01 7.164475E-02
9.089694E+00 9.682902E-01 6.908894E-02
9.073579E+00 9.779483E-01 6.667094E-02
9.057520E+00 9.873164E-01 6.438045E-02
9.041518E+00 9.964081E-01 6.220819E-02
9.025572E+00 1.005236E+00 6.014575E-02
9.009683E+00 1.013813E+00 5.818547E-02
8.993849E+00 1.022150E+00 5.632039E-02
8.978071E+00 1.030258E+00 5.454418E-02
8.962348E+00 1.038146E+00 5.285102E-02
8.946680E+00 1.045824E+00 5.123560E-02
8.931067E+00 1.053301E+00 4.969305E-02
8.915509E+00 1.060586E+00 4.821889E-02
8.899996E+00 1.067685E+00 4.680897E-02
8.884545E+00 1.074607E+00 4.545950E-02
8.869148E+00 1.081359E+00 4.416697E-02
8.853804E+00 1.087947E+00 4.292810E-02
8.838513E+00 1.094378E+00 4.173989E-02
8.823275E+00 1.100657E+00 4.059953E-02
8.808089E+00 1.106790E+00 3.950444E-02
8.792956E+00 1.112783E+00 3.845218E-02
8.777874E+00 1.118641E+00 3.744051E-02
8.762844E+00 1.124368E+00 3.646732E-02
8.747866E+00 1.129970E+00 3.553065E-02
8.732938E+00 1.135450E+00 3.462866E-02
8.718061E+00 1.140813E+00 3.375964E-02
8.703228E+00 1.146062E+00 3.292199E-02
8.688452E+00 1.151202E+00 3.211419E-02
8.673727E+00 1.156236E+00 3.133482E-02
8.659051E+00 1.161168E+00 3.058257E-02
8.644425E+00 1.166001E+00 2.985617E-02
8.629848E+00 1.170737E+00 2.915446E-02
8.615320E+00 1.175381E+00 2.847633E-02
8.600841E+00 1.179935E+00 2.782072E-02
8.586411E+00 1.184402E+00 2.718666E-02
8.572029E+00 1.188784E+00 2.657321E-02
8.557695E+00 1.193084E+00 2.597950E-02
8.543409E+00 1.197304E+00 2.540469E-02
8.529170E+00 1.201447E+00 2.484800E-02
8.514972E+00 1.205515E+00 2.430869E-02
8.500828E+00 1.209510E+00 2.378604E-02
8.486731E+00 1.213435E+00 2.327939E-02
8.472681E+00 1.217290E+00 2.278810E-02
8.458677E+00 1.221079E+00 2.231157E-02
8.444719E+00 1.224803E+00 2.184923E-02
8.430808E+00 1.228463E+00 2.140053E-02
8.416942E+00 1.232062E+00 2.096496E-02
8.403121E+00 1.235600E+00 2.054201E-02
8.389346E+00 1.239081E+00 2.013124E-02
8.375616E+00 1.242504E+00 1.973218E-02
8.361931E+00 1.245872E+00 1.934441E-02
8.348284E+00 1.249187E+00 1.896752E-02
8.334688E+00 1.252448E+00 1.860114E-02
8.321136E+00 1.255658E+00 1.824488E-02
8.307628E+00 1.258819E+00 1.789839E-02
8.294164E+00 1.261930E+00 1.756134E-02
8.280744E+00 1.264994E+00 1.723341E-02
8.267367E+00 1.268012E+00 1.691428E-02
8.254033E+00 1.270984E+00 1.660365E-02
8.240742E+00 1.273912E+00 1.630126E-02
8.227493E+00 1.276797E+00 1.600682E-02
8.214288E+00 1.279639E+00 1.572008E-02
8.201124E+00 1.282440E+00 1.544079E-02
8.188003E+00 1.285201E+00 1.516870E-02
8.174917E+00 1.287923E+00 1.490360E-02
8.161879E+00 1.290606E+00 1.464526E-02
8.148883E+00 1.293252E+00 1.439347E-02
8.135929E+00 1.295860E+00 1.414802E-02
8.123015E+00 1.298433E+00 1.390873E-02
8.110142E+00 1.300970E+00 1.367541E-02
8.097310E+00 1.303473E+00 1.344788E-02
8.084519E+00 1.305942E+00 1.322596E-02
8.071768E+00 1.308379E+00 1.300948E-02
8.059057E+00 1.310782E+00 1.279830E-02
8.046386E+00 1.313155E+00 1.259225E-02
8.033755E+00 1.315496E+00 1.239118E-02
8.021163E+00 1.317807E+00 1.219496E-02
8.008604E+00 1.320088E+00 1.200344E-02
7.996092E+00 1.322340E+00 1.181650E-02
7.983618E+00 1.324563E+00 1.163399E-02
7.971183E+00 1.326758E+00 1.145581E-02
7.958786E+00 1.328926E+00 1.128183E-02
7.946428E+00 1.331067E+00 1.111193E-02
7.934109E+00 1.333182E+00 1.094600E-02
7.921827E+00 1.335270E+00 1.078394E-02
7.909584E+00 1.337334E+00 1.062564E-02
7.897378E+00 1.339372E+00 1.047101E-02
7.885210E+00 1.341386E+00 1.031993E-02
7.873080E+00 1.343376E+00 1.017233E-02
7.860980E+00 1.345342E+00 1.002810E-02
7.848924E+00 1.347285E+00 9.887171E-03
7.836905E+00 1.349206E+00 9.749443E-03
7.824922E+00 1.351104E+00 9.614837E-03
7.812976E+00 1.352980E+00 9.483275E-03
7.801067E+00 1.354835E+00 9.354677E-03
7.789193E+00 1.356669E+00 9.228969E-03
7.777356E+00 1.358482E+00 9.106078E-03
7.765555E+00 1.360274E+00 8.985934E-03
7.753789E+00 1.362047E+00 8.868467E-03
7.742059E+00 1.363799E+00 8.753611E-03
7.730365E+00 1.365533E+00 8.641301E-03
7.718706E+00 1.367247E+00 8.531474E-03
7.707076E+00 1.368943E+00 8.424069E-03
7.695487E+00 1.370620E+00 8.319028E-03
7.683932E+00 1.372280E+00 8.216292E-03
7.672413E+00 1.373921E+00 8.115805E-03
7.660927E+00 1.375545E+00 8.017513E-03
7.649477E+00 1.377152E+00 7.921362E-03
7.638060E+00 1.378742E+00 7.827302E-03
7.626677E+00 1.380315E+00 7.735281E-03
7.615328E+00 1.381872E+00 7.645251E-03
7.604013E+00 1.383412E+00 7.557165E-03
7.592732E+00 1.384937E+00 7.470975E-03
7.581484E+00 1.386446E+00 7.386637E-03
7.570269E+00 1.387940E+00 7.304107E-03
7.559082E+00 1.389418E+00 7.223341E-03
7.547933E+00 1.390882E+00 7.144298E-03
7.536817E+00 1.392331E+00 7.066937E-03
7.525734E+00 1.393766E+00 6.991218E-03
7.514684E+00 1.395186E+00 6.917102E-03
7.503666E+00 1.396592E+00 6.844551E-03
7.492680E+00 1.397985E+00 6.773528E-03
7.481726E+00 1.399364E+00 6.703997E-03
7.470804E+00 1.400729E+00 6.635923E-03
7.459914E+00 1.402082E+00 6.569271E-03
7.449056E+00 1.403421E+00 6.504007E-03
7.438229E+00 1.404747E+00 6.440099E-03
7.427428E+00 1.406061E+00 6.377514E-03
7.416665E+00 1.407362E+00 6.316220E-03
7.405932E+00 1.408651E+00 6.256187E-03
7.395230E+00 1.409928E+00 6.197385E-03
7.384559E+00 1.411193E+00 6.139784E-03
7.373919E+00 1.412447E+00 6.083356E-03
7.363309E+00 1.413688E+00 6.028072E-03
7.352730E+00 1.414919E+00 5.973905E-03
7.342182E+00 1.416138E+00 5.920827E-03
7.331663E+00 1.417346E+00 5.868812E-03
7.321175E+00 1.418542E+00 5.817835E-03
7.310716E+00 1.419729E+00 5.767870E-03
7.300288E+00 1.420904E+00 5.718892E-03
7.289884E+00 1.422069E+00 5.670878E-03
7.279514E+00 1.423223E+00 5.623802E-03
7.269175E+00 1.424368E+00 5.577642E-03
7.258864E+00 1.425502E+00 5.532376E-03
7.248583E+00 1.426626E+00 5.487980E-03
7.238331E+00 1.427741E+00 5.444433E-03
7.228108E+00 1.428846E+00 5.401714E-03
7.217913E+00 1.429941E+00 5.359801E-03
7.207747E+00 1.431027E+00 5.318674E-03
7.197610E+00 1.432103E+00 5.278313E-03
7.187502E+00 1.433170E+00 5.238699E-03
7.177422E+00 1.434229E+00 5.199811E-03
7.167364E+00 1.435278E+00 5.161632E-03
7.157341E+00 1.436318E+00 5.124142E-03
7.147345E+00 1.437350E+00 5.087324E-03
7.137377E+00 1.438373E+00 5.051160E-03
7.127436E+00 1.439388E+00 5.015633E-03
7.117524E+00 1.440395E+00 4.980726E-03
7.107639E+00 1.441393E+00 4.946422E-03
7.097781E+00 1.442383E+00 4.912706E-03
7.087951E+00 1.443364E+00 4.879562E-03
7.078148E+00 1.444338E+00 4.846974E-03
7.068372E+00 1.445305E+00 4.814929E-03
7.058623E+00 1.446263E+00 4.783411E-03
7.048900E+00 1.447214E+00 4.752407E-03
7.039200E+00 1.448157E+00 4.721904E-03
7.029531E+00 1.449093E+00 4.691888E-03
7.019889E+00 1.450021E+00 4.662348E-03
7.010273E+00 1.450943E+00 4.633272E-03
7.000683E+00 1.451857E+00 4.604648E-03
6.991120E+00 1.452764E+00 4.576467E-03
6.981583E+00 1.453664E+00 4.548718E-03
6.972071E+00 1.454558E+00 4.521394E-03
6.962586E+00 1.455444E+00 4.494485E-03
6.953126E+00 1.456324E+00 4.467986E-03
6.943692E+00 1.457198E+00 4.441889E-03
6.934284E+00 1.458064E+00 4.416191E-03
6.924901E+00 1.458925E+00 4.390887E-03
6.915538E+00 1.459779E+00 4.365976E-03
6.906206E+00 1.460627E+00 4.341456E-03
6.896899E+00 1.461469E+00 4.317329E-03
6.887617E+00 1.462305E+00 4.293596E-03
6.878360E+00 1.463135E+00 4.270263E-03
6.869127E+00 1.463959E+00 4.247336E-03
6.859920E+00 1.464778E+00 4.224823E-03
6.850737E+00 1.465591E+00 4.202735E-03
6.841578E+00 1.466398E+00 4.181086E-03
6.832445E+00 1.467199E+00 4.159891E-03
6.823335E+00 1.467996E+00 4.139168E-03
6.814250E+00 1.468787E+00 4.118938E-03
6.805184E+00 1.469572E+00 4.099226E-03
6.796147E+00 1.470353E+00 4.080057E-03
6.787134E+00 1.471128E+00 4.061461E-03
6.778145E+00 1.471898E+00 4.043471E-03
6.769179E+00 1.472663E+00 4.026119E-03
6.760237E+00 1.473424E+00 4.009445E-03
6.751319E+00 1.474179E+00 3.993486E-03
6.742425E+00 1.474930E+00 3.978285E-03
6.733553E+00 1.475676E+00 3.963885E-03
6.724705E+00 1.476417E+00 3.950330E-03
6.715881E+00 1.477153E+00 3.937667E-03
6.707079E+00 1.477885E+00 3.925940E-03
6.698301E+00 1.478612E+00 3.915198E-03
6.689540E+00 1.479335E+00 3.905483E-03
6.680808E+00 1.480053E+00 3.896842E-03
6.672098E+00 1.480766E+00 3.889315E-03
6.663410E+00 1.481475E+00 3.882942E-03
6.654746E+00 1.482179E+00 3.877760E-03
6.646104E+00 1.482878E+00 3.873799E-03
6.637484E+00 1.483573E+00 3.871086E-03
6.628886E+00 1.484263E+00 3.869642E-03
6.620311E+00 1.484949E+00 3.869483E-03
6.611758E+00 1.485629E+00 3.870614E-03
6.603227E+00 1.486305E+00 3.873038E-03
6.594718E+00 1.486976E+00 3.876744E-03
6.586231E+00 1.487642E+00 3.881717E-03
6.577762E+00 1.488303E+00 3.887932E-03
6.569318E+00 1.488960E+00 3.895354E-03
6.560896E+00 1.489611E+00 3.903941E-03
6.552496E+00 1.490257E+00 3.913640E-03
6.544117E+00 1.490899E+00 3.924392E-03
6.535760E+00 1.491535E+00 3.936129E-03
6.527424E+00 1.492166E+00 3.948777E-03
6.519109E+00 1.492792E+00 3.962252E-03
6.510815E+00 1.493412E+00 3.976469E-03
6.502542E+00 1.494028E+00 3.991335E-03
6.494291E+00 1.494638E+00 4.006755E-03
6.486060E+00 1.495244E+00 4.022633E-03
6.477846E+00 1.495844E+00 4.038870E-03
6.469657E+00 1.496440E+00 4.055369E-03
6.461489E+00 1.497030E+00 4.072036E-03
6.453341E+00 1.497615E+00 4.088777E-03
6.445213E+00 1.498196E+00 4.105507E-03
6.437107E+00 1.498772E+00 4.122143E-03
6.429020E+00 1.499343E+00 4.138614E-03
6.420954E+00 1.499909E+00 4.154852E-03
6.412908E+00 1.500471E+00 4.170803E-03
6.404882E+00 1.501029E+00 4.186420E-03
6.396876E+00 1.501582E+00 4.201667E-03
6.388890E+00 1.502132E+00 4.216520E-03
6.380925E+00 1.502677E+00 4.230965E-03
6.372975E+00 1.503218E+00 4.245000E-03
6.365048E+00 1.503755E+00 4.258632E-03
6.357142E+00 1.504289E+00 4.271879E-03
6.349255E+00 1.504819E+00 4.284767E-03
6.341387E+00 1.505345E+00 4.297331E-03
6.333539E+00 1.505868E+00 4.309614E-03
6.325711E+00 1.506387E+00 4.321662E-03
6.317902E+00 1.506903E+00 4.333526E-03
6.310112E+00 1.507416E+00 4.345262E-03
6.302341E+00 1.507925E+00 4.356924E-03
6.294589E+00 1.508431E+00 4.368566E-03
6.286857E+00 1.508934E+00 4.380240E-03
6.279143E+00 1.509433E+00 4.391994E-03
6.271444E+00 1.509929E+00 4.403871E-03
6.263769E+00 1.510422E+00 4.415906E-03
6.256111E+00 1.510911E+00 4.428128E-03
6.248473E+00 1.511397E+00 4.440554E-03
6.240853E+00 1.511880E+00 4.453193E-03
6.233252E+00 1.512359E+00 4.466044E-03
6.225669E+00 1.512834E+00 4.479093E-03
6.218105E+00 1.513306E+00 4.492315E-03
6.210559E+00 1.513775E+00 4.505676E-03
6.203031E+00 1.514239E+00 4.519127E-03
6.195522E+00 1.514700E+00 4.532612E-03
6.188031E+00 1.515158E+00 4.546062E-03
6.180554E+00 1.515611E+00 4.559402E-03
6.173099E+00 1.516061E+00 4.572546E-03
6.165661E+00 1.516507E+00 4.585403E-03
6.158242E+00 1.516950E+00 4.597874E-03
6.150841E+00 1.517388E+00 4.609859E-03
6.143457E+00 1.517823E+00 4.621251E-03
6.136091E+00 1.518254E+00 4.631944E-03
6.128743E+00 1.518682E+00 4.641833E-03
6.121412E+00 1.519106E+00 4.650811E-03
6.114099E+00 1.519526E+00 4.658777E-03
6.106803E+00 1.519943E+00 4.665632E-03
6.099525E+00 1.520357E+00 4.671286E-03
6.092264E+00 1.520767E+00 4.675653E-03
6.085016E+00 1.521174E+00 4.678656E-03
6.077790E+00 1.521579E+00 4.680227E-03
6.070580E+00 1.521980E+00 4.680309E-03
6.063388E+00 1.522379E+00 4.678854E-03
6.056213E+00 1.522775E+00 4.675828E-03
6.049054E+00 1.523169E+00 4.671207E-03
6.041913E+00 1.523561E+00 4.664979E-03
6.034788E+00 1.523950E+00 4.657146E-03
6.027680E+00 1.524337E+00 4.647720E-03
6.020589E+00 1.524723E+00 4.636728E-03
6.013515E+00 1.525107E+00 4.624206E-03
6.006457E+00 1.525489E+00 4.610204E-03
5.999412E+00 1.525869E+00 4.594782E-03
5.992387E+00 1.526249E+00 4.578008E-03
5.985379E+00 1.526627E+00 4.559963E-03
5.978387E+00 1.527004E+00 4.540735E-03
5.971411E+00 1.527380E+00 4.520419E-03
5.964452E+00 1.527756E+00 4.499117E-03
5.957509E+00 1.528130E+00 4.476936E-03
5.950582E+00 1.528504E+00 4.453988E-03
5.943671E+00 1.528877E+00 4.430389E-03
5.936776E+00 1.529249E+00 4.406256E-03
5.929897E+00 1.529621E+00 4.381706E-03
5.923034E+00 1.529992E+00 4.356859E-03
5.916187E+00 1.530362E+00 4.331832E-03
5.909352E+00 1.530732E+00 4.306739E-03
5.902536E+00 1.531102E+00 4.281694E-03
5.895736E+00 1.531470E+00 4.256803E-03
5.888952E+00 1.531838E+00 4.232171E-03
5.882183E+00 1.532206E+00 4.207896E-03
5.875430E+00 1.532573E+00 4.184070E-03
5.868693E+00 1.532939E+00 4.160778E-03
5.861971E+00 1.533304E+00 4.138101E-03
5.855264E+00 1.533669E+00 4.116108E-03
5.848572E+00 1.534032E+00 4.094864E-03
5.841896E+00 1.534395E+00 4.074424E-03
5.835235E+00 1.534756E+00 4.054838E-03
5.828589E+00 1.535116E+00 4.036146E-03
5.821955E+00 1.535476E+00 4.018380E-03
5.815340E+00 1.535833E+00 4.001566E-03
5.808739E+00 1.536190E+00 3.985722E-03
5.802154E+00 1.536545E+00 3.970857E-03
5.795583E+00 1.536899E+00 3.956977E-03
5.789027E+00 1.537251E+00 3.944077E-03
5.782486E+00 1.537601E+00 3.932150E-03
5.775960E+00 1.537950E+00 3.921181E-03
5.769448E+00 1.538297E+00 3.911149E-03
5.762951E+00 1.538643E+00 3.902031E-03
5.756469E+00 1.538986E+00 3.893796E-03
5.750001E+00 1.539328E+00 3.886414E-03
5.743545E+00 1.539667E+00 3.879845E-03
5.737106E+00 1.540005E+00 3.874053E-03
5.730682E+00 1.540340E+00 3.868993E-03
5.724272E+00 1.540674E+00 3.864623E-03
5.717877E+00 1.541005E+00 3.860896E-03
5.711495E+00 1.541335E+00 3.857764E-03
5.705128E+00 1.541662E+00 3.855180E-03
5.698775E+00 1.541987E+00 3.853094E-03
5.692437E+00 1.542310E+00 3.851457E-03
5.686112E+00 1.542630E+00 3.850220E-03
5.679801E+00 1.542949E+00 3.849332E-03
5.673505E+00 1.543265E+00 3.848746E-03
5.667222E+00 1.543579E+00 3.848412E-03
5.660950E+00 1.543891E+00 3.848284E-03
5.654695E+00 1.544201E+00 3.848315E-03
5.648454E+00 1.544508E+00 3.848460E-03
5.642226E+00 1.544814E+00 3.848674E-03
5.636013E+00 1.545117E+00 3.848915E-03
5.629813E+00 1.545418E+00 3.849143E-03
5.623626E+00 1.545717E+00 3.849316E-03
5.617454E+00 1.546014E+00 3.849397E-03
5.611294E+00 1.546309E+00 3.849350E-03
5.605149E+00 1.546602E+00 3.849139E-03
5.599016E+00 1.546893E+00 3.848730E-03
5.592897E+00 1.547181E+00 3.848093E-03
5.586792E+00 1.547468E+00 3.847197E-03
5.580697E+00 1.547753E+00 3.846014E-03
5.574618E+00 1.548036E+00 3.844515E-03
5.568552E+00 1.548317E+00 3.842677E-03
5.562499E+00 1.548597E+00 3.840475E-03
5.556460E+00 1.548874E+00 3.837886E-03
5.550434E+00 1.549150E+00 3.834890E-03
5.544421E+00 1.549424E+00 3.831466E-03
5.538420E+00 1.549696E+00 3.827596E-03
5.532433E+00 1.549967E+00 3.823263E-03
5.526459E+00 1.550235E+00 3.818450E-03
5.520497E+00 1.550503E+00 3.813145E-03
5.514549E+00 1.550768E+00 3.807332E-03
5.508610E+00 1.551032E+00 3.800999E-03
5.502687E+00 1.551295E+00 3.794135E-03
5.496777E+00 1.551556E+00 3.786730E-03
5.490879E+00 1.551815E+00 3.778773E-03
5.484994E+00 1.552073E+00 3.770258E-03
5.479122E+00 1.552330E+00 3.761176E-03
5.473262E+00 1.552585E+00 3.751520E-03
5.467415E+00 1.552839E+00 3.741285E-03
5.461580E+00 1.553092E+00 3.730466E-03
5.455758E+00 1.553343E+00 3.719059E-03
5.449948E+00 1.553593E+00 3.707061E-03
5.444150E+00 1.553842E+00 3.694469E-03
5.438365E+00 1.554089E+00 3.681282E-03
5.432589E+00 1.554336E+00 3.667497E-03
5.426828E+00 1.554581E+00 3.653116E-03
5.421080E+00 1.554825E+00 3.638138E-03
5.415343E+00 1.555068E+00 3.622564E-03
5.409619E+00 1.555310E+00 3.606396E-03
5.403907E+00 1.555551E+00 3.589637E-03
5.398207E+00 1.555791E+00 3.572288E-03
5.392519E+00 1.556030E+00 3.554355E-03
5.386843E+00 1.556268E+00 3.535841E-03
5.381178E+00 1.556505E+00 3.516751E-03
5.375526E+00 1.556741E+00 3.497090E-03
5.369886E+00 1.556977E+00 3.476865E-03
5.364257E+00 1.557211E+00 3.456081E-03
5.358638E+00 1.557445E+00 3.434746E-03
5.353032E+00 1.557678E+00 3.412868E-03
5.347439E+00 1.557910E+00 3.390454E-03
5.341858E+00 1.558141E+00 3.367514E-03
5.336288E+00 1.558372E+00 3.344057E-03
5.330729E+00 1.558602E+00 3.320092E-03
5.325182E+00 1.558831E+00 3.295630E-03
5.319647E+00 1.559060E+00 3.270681E-03
5.314123E+00 1.559288E+00 3.245257E-03
5.308611E+00 1.559516E+00 3.219370E-03
5.303110E+00 1.559743E+00 3.193032E-03
5.297620E+00 1.559969E+00 3.166257E-03
5.292139E+00 1.560195E+00 3.139058E-03
5.286672E+00 1.560420E+00 3.111449E-03
5.281217E+00 1.560645E+00 3.083446E-03
5.275773E+00 1.560870E+00 3.055064E-03
5.270339E+00 1.561094E+00 3.026321E-03
5.264917E+00 1.561318E+00 2.997235E-03
5.259507E+00 1.561541E+00 2.967824E-03
5.254107E+00 1.561764E+00 2.938109E-03
5.248718E+00 1.561987E+00 2.908111E-03
5.243341E+00 1.562209E+00 2.877855E-03
5.237974E+00 1.562431E+00 2.847366E-03
5.232619E+00 1.562653E+00 2.816671E-03
5.227274E+00 1.562875E+00 2.785801E-03
5.221938E+00 1.563096E+00 2.754788E-03
5.216615E+00 1.563318E+00 2.723667E-03
5.211303E+00 1.563539E+00 2.692476E-03
5.206001E+00 1.563760E+00 2.661258E-03
5.200711E+00 1.563981E+00 2.630058E-03
5.195431E+00 1.564201E+00 2.598924E-03
5.190162E+00 1.564422E+00 2.567907E-03
5.184904E+00 1.564643E+00 2.537065E-03
5.179656E+00 1.564863E+00 2.506455E-03
5.174419E+00 1.565084E+00 2.476139E-03
5.169193E+00 1.565304E+00 2.446181E-03
5.163977E+00 1.565524E+00 2.416647E-03
5.158769E+00 1.565744E+00 2.387605E-03
5.153574E+00 1.565964E+00 2.359120E-03
5.148389E+00 1.566184E+00 2.331260E-03
5.143215E+00 1.566403E+00 2.304086E-03
5.138052E+00 1.566623E+00 2.277658E-03
5.132898E+00 1.566841E+00 2.252031E-03
5.127755E+00 1.567060E+00 2.227249E-03
5.122623E+00 1.567277E+00 2.203351E-03
5.117500E+00 1.567494E+00 2.180362E-03
5.112388E+00 1.567710E+00 2.158296E-03
5.107286E+00 1.567926E+00 2.137153E-03
5.102194E+00 1.568140E+00 2.116916E-03
5.097113E+00 1.568353E+00 2.097553E-03
5.092039E+00 1.568565E+00 2.079014E-03
5.086977E+00 1.568776E+00 2.061231E-03
5.081926E+00 1.568985E+00 2.044118E-03
5.076884E+00 1.569192E+00 2.027571E-03
5.071853E+00 1.569398E+00 2.011471E-03
5.066832E+00 1.569602E+00 1.995683E-03
5.061820E+00 1.569805E+00 1.980060E-03
5.056818E+00 1.570005E+00 1.964444E-03
5.051827E+00 1.570204E+00 1.948671E-03
5.046845E+00 1.570401E+00 1.932571E-03
5.041873E+00 1.570597E+00 1.915973E-03
5.036910E+00 1.570790E+00 1.898713E-03
5.031958E+00 1.570982E+00 1.880632E-03
5.027013E+00 1.571173E+00 1.861580E-03
5.022080E+00 1.571362E+00 1.841426E-03
5.017156E+00 1.571550E+00 1.820056E-03
5.012242E+00 1.571737E+00 1.797375E-03
5.007338E+00 1.571923E+00 1.773317E-03
5.002444E+00 1.572108E+00 1.747838E-03
4.997559E+00 1.572293E+00 1.720924E-03
4.992683E+00 1.572478E+00 1.692588E-03
4.987817E+00 1.572663E+00 1.662871E-03
4.982961E+00 1.572848E+00 1.631841E-03
4.978114E+00 1.573033E+00 1.599593E-03
4.973276E+00 1.573219E+00 1.566243E-03
4.968445E+00 1.573405E+00 1.531929E-03
4.963627E+00 1.573592E+00 1.496803E-03
4.958817E+00 1.573780E+00 1.461035E-03
4.954017E+00 1.573969E+00 1.424798E-03
4.949226E+00 1.574158E+00 1.388273E-03
4.944444E+00 1.574349E+00 1.351643E-03
4.939672E+00 1.574541E+00 1.315085E-03
4.934909E+00 1.574733E+00 1.278771E-03
4.930155E+00 1.574927E+00 1.242862E-03
4.925410E+00 1.575121E+00 1.207506E-03
4.920674E+00 1.575316E+00 1.172838E-03
4.915947E+00 1.575512E+00 1.138976E-03
4.911230E+00 1.575708E+00 1.106017E-03
4.906519E+00 1.575905E+00 1.074046E-03
4.901819E+00 1.576102E+00 1.043123E-03
4.897128E+00 1.576299E+00 1.013297E-03
4.892447E+00 1.576496E+00 9.845958E-04
4.887774E+00 1.576694E+00 9.570334E-04
4.883111E+00 1.576891E+00 9.306096E-04
4.878456E+00 1.577087E+00 9.053119E-04
4.873810E+00 1.577284E+00 8.811171E-04
4.869173E+00 1.577480E+00 8.579932E-04
4.864544E+00 1.577676E+00 8.359013E-04
4.859925E+00 1.577870E+00 8.147971E-04
4.855314E+00 1.578065E+00 7.946323E-04
4.850712E+00 1.578258E+00 7.753566E-04
4.846116E+00 1.578451E+00 7.569185E-04
4.841532E+00 1.578643E+00 7.392665E-04
4.836956E+00 1.578835E+00 7.223501E-04
4.832389E+00 1.579025E+00 7.061205E-04
4.827830E+00 1.579215E+00 6.905312E-04
4.823280E+00 1.579404E+00 6.755383E-04
4.818738E+00 1.579592E+00 6.611008E-04
4.814205E+00 1.579779E+00 6.471807E-04
4.809681E+00 1.579965E+00 6.337435E-04
4.805165E+00 1.580151E+00 6.207575E-04
4.800657E+00 1.580336E+00 6.081939E-04
4.796158E+00 1.580519E+00 5.960270E-04
4.791666E+00 1.580703E+00 5.842336E-04
4.787183E+00 1.580885E+00 5.727929E-04
4.782710E+00 1.581066E+00 5.616864E-04
4.778244E+00 1.581247E+00 5.508975E-04
4.773787E+00 1.581427E+00 5.404113E-04
4.769338E+00 1.581606E+00 5.302146E-04
4.764898E+00 1.581785E+00 5.202954E-04
4.760465E+00 1.581962E+00 5.106429E-04
4.756041E+00 1.582139E+00 5.012473E-04
4.751625E+00 1.582316E+00 4.920995E-04
4.747218E+00 1.582491E+00 4.831912E-04
4.742818E+00 1.582666E+00 4.745149E-04
4.738427E+00 1.582840E+00 4.660634E-04
4.734042E+00 1.583013E+00 4.578298E-04
4.729666E+00 1.583186E+00 4.498078E-04
4.725299E+00 1.583358E+00 4.419913E-04
4.720940E+00 1.583529E+00 4.343744E-04
4.716590E+00 1.583700E+00 4.269516E-04
4.712247E+00 1.583870E+00 4.197173E-04
4.707912E+00 1.584039E+00 4.126664E-04
4.703585E+00 1.584207E+00 4.057936E-04
4.699266E+00 1.584375E+00 3.990941E-04
4.694955E+00 1.584542E+00 3.925629E-04
4.690652E+00 1.584709E+00 3.861952E-04
4.686356E+00 1.584875E+00 3.799865E-04
4.682067E+00 1.585040E+00 3.739322E-04
4.677787E+00 1.585204E+00 3.680279E-04
4.673515E+00 1.585368E+00 3.622691E-04
4.669251E+00 1.585532E+00 3.566517E-04
4.664995E+00 1.585694E+00 3.511716E-04
4.660747E+00 1.585856E+00 3.458246E-04
4.656506E+00 1.586018E+00 3.406068E-04
4.652273E+00 1.586178E+00 3.355145E-04
4.648048E+00 1.586338E+00 3.305437E-04
4.643830E+00 1.586498E+00 3.256908E-04
4.639620E+00 1.586657E+00 3.209524E-04
4.635417E+00 1.586815E+00 3.163248E-04
4.631223E+00 1.586973E+00 3.118047E-04
4.627033E+00 1.587130E+00 3.073890E-04
4.622854E+00 1.587286E+00 3.030742E-04
4.618682E+00 1.587442E+00 2.988574E-04
4.614517E+00 1.587597E+00 2.947356E-04
4.610360E+00 1.587752E+00 2.907059E-04
4.606210E+00 1.587906E+00 2.867654E-04
4.602068E+00 1.588059E+00 2.829114E-04
4.597934E+00 1.588212E+00 2.791413E-04
4.593806E+00 1.588364E+00 2.754526E-04
4.589687E+00 1.588516E+00 2.718428E-04
4.585574E+00 1.588667E+00 2.683094E-04
4.581469E+00 1.588818E+00 2.648504E-04
4.577371E+00 1.588968E+00 2.614633E-04
4.573279E+00 1.589117E+00 2.581462E-04
4.569196E+00 1.589266E+00 2.548970E-04
4.565120E+00 1.589415E+00 2.517137E-04
4.561051E+00 1.589562E+00 2.485945E-04
4.556990E+00 1.589710E+00 2.455375E-04
4.552936E+00 1.589856E+00 2.425411E-04
4.548889E+00 1.590003E+00 2.396035E-04
4.544849E+00 1.590148E+00 2.367231E-04
4.540817E+00 1.590293E+00 2.338985E-04
4.536791E+00 1.590438E+00 2.311282E-04
4.532773E+00 1.590582E+00 2.284109E-04
4.528762E+00 1.590726E+00 2.257451E-04
4.524756E+00 1.590869E+00 2.231296E-04
4.520759E+00 1.591011E+00 2.205633E-04
4.516769E+00 1.591153E+00 2.180449E-04
4.512786E+00 1.591295E+00 2.155734E-04
4.508810E+00 1.591436E+00 2.131477E-04
4.504841E+00 1.591576E+00 2.107668E-04
4.500879E+00 1.591716E+00 2.084298E-04
4.496925E+00 1.591856E+00 2.061358E-04
4.492977E+00 1.591995E+00 2.038840E-04
4.489036E+00 1.592133E+00 2.016734E-04
4.485101E+00 1.592271E+00 1.995034E-04
4.481174E+00 1.592409E+00 1.973733E-04
4.477254E+00 1.592546E+00 1.952822E-04
4.473338E+00 1.592683E+00 1.932296E-04
4.469432E+00 1.592819E+00 1.912148E-04
4.465532E+00 1.592954E+00 1.892373E-04
4.461639E+00 1.593090E+00 1.872964E-04
4.457752E+00 1.593224E+00 1.853916E-04
4.453873E+00 1.593359E+00 1.835224E-04
4.450000E+00 1.593492E+00 1.816883E-04
4.446134E+00 1.593626E+00 1.798888E-04
4.442275E+00 1.593759E+00 1.781234E-04
4.438422E+00 1.593891E+00 1.763918E-04
4.434576E+00 1.594023E+00 1.746935E-04
4.430737E+00 1.594155E+00 1.730281E-04
4.426904E+00 1.594286E+00 1.713951E-04
4.423076E+00 1.594416E+00 1.697943E-04
4.419257E+00 1.594547E+00 1.682253E-04
4.415444E+00 1.594676E+00 1.666877E-04
4.411638E+00 1.594806E+00 1.651811E-04
4.407838E+00 1.594935E+00 1.637052E-04
4.404045E+00 1.595063E+00 1.622596E-04
4.400258E+00 1.595191E+00 1.608441E-04
4.396478E+00 1.595319E+00 1.594582E-04
4.392704E+00 1.595446E+00 1.581017E-04
4.388937E+00 1.595573E+00 1.567742E-04
4.385176E+00 1.595699E+00 1.554755E-04
4.381422E+00 1.595825E+00 1.542050E-04
4.377672E+00 1.595950E+00 1.529626E-04
4.373931E+00 1.596075E+00 1.517480E-04
4.370196E+00 1.596200E+00 1.505606E-04
4.366467E+00 1.596324E+00 1.494003E-04
4.362745E+00 1.596448E+00 1.482666E-04
4.359029E+00 1.596572E+00 1.471593E-04
4.355319E+00 1.596695E+00 1.460779E-04
4.351616E+00 1.596817E+00 1.450220E-04
4.347919E+00 1.596939E+00 1.439914E-04
4.344228E+00 1.597061E+00 1.429857E-04
4.340543E+00 1.597183E+00 1.420044E-04
4.336865E+00 1.597304E+00 1.410472E-04
4.333193E+00 1.597424E+00 1.401136E-04
4.329525E+00 1.597545E+00 1.392033E-04
4.325866E+00 1.597664E+00 1.383158E-04
4.322212E+00 1.597784E+00 1.374507E-04
4.318565E+00 1.597903E+00 1.366076E-04
4.314924E+00 1.598022E+00 1.357860E-04
4.311289E+00 1.598140E+00 1.349855E-04
4.307660E+00 1.598258E+00 1.342057E-04
4.304037E+00 1.598375E+00 1.334460E-04
4.300420E+00 1.598492E+00 1.327060E-04
4.296810E+00 1.598609E+00 1.319852E-04
4.293205E+00 1.598725E+00 1.312831E-04
4.289607E+00 1.598841E+00 1.305993E-04
4.286014E+00 1.598957E+00 1.299331E-04
4.282426E+00 1.599072E+00 1.292842E-04
4.278846E+00 1.599187E+00 1.286520E-04
4.275271E+00 1.599302E+00 1.280359E-04
4.271702E+00 1.599416E+00 1.274355E-04
4.268140E+00 1.599529E+00 1.268502E-04
4.264583E+00 1.599643E+00 1.262795E-04
4.261033E+00 1.599756E+00 1.257228E-04
4.257488E+00 1.599868E+00 1.251797E-04
4.253949E+00 1.599981E+00 1.246494E-04
4.250416E+00 1.600093E+00 1.241316E-04
4.246889E+00 1.600204E+00 1.236257E-04
4.243367E+00 1.600315E+00 1.231310E-04
4.239850E+00 1.600426E+00 1.226471E-04
4.236340E+00 1.600537E+00 1.221735E-04
4.232836E+00 1.600647E+00 1.217094E-04
4.229338E+00 1.600757E+00 1.212545E-04
4.225846E+00 1.600866E+00 1.208081E-04
4.222360E+00 1.600975E+00 1.203698E-04
4.218879E+00 1.601084E+00 1.199389E-04
4.215404E+00 1.601192E+00 1.195150E-04
4.211934E+00 1.601300E+00 1.190975E-04
4.208471E+00 1.601408E+00 1.186858E-04
4.205013E+00 1.601516E+00 1.182795E-04
4.201561E+00 1.601623E+00 1.178780E-04
4.198114E+00 1.601729E+00 1.174809E-04
4.194671E+00 1.601836E+00 1.170876E-04
4.191236E+00 1.601942E+00 1.166977E-04
4.187806E+00 1.602047E+00 1.163105E-04
4.184382E+00 1.602153E+00 1.159258E-04
4.180964E+00 1.602258E+00 1.155430E-04
4.177551E+00 1.602362E+00 1.151616E-04
4.174144E+00 1.602467E+00 1.147813E-04
4.170742E+00 1.602571E+00 1.144015E-04
4.167346E+00 1.602675E+00 1.140219E-04
4.163955E+00 1.602778E+00 1.136420E-04
4.160570E+00 1.602881E+00 1.132615E-04
4.157190E+00 1.602984E+00 1.128800E-04
4.153814E+00 1.603086E+00 1.124970E-04
4.150445E+00 1.603189E+00 1.121124E-04
4.147082E+00 1.603290E+00 1.117256E-04
4.143724E+00 1.603392E+00 1.113364E-04
4.140372E+00 1.603493E+00 1.109444E-04
4.137025E+00 1.603594E+00 1.105495E-04
4.133683E+00 1.603695E+00 1.101512E-04
4.130347E+00 1.603795E+00 1.097494E-04
4.127016E+00 1.603895E+00 1.093437E-04
4.123691E+00 1.603995E+00 1.089340E-04
4.120371E+00 1.604094E+00 1.085200E-04
4.117056E+00 1.604193E+00 1.081015E-04
4.113747E+00 1.604292E+00 1.076784E-04
4.110441E+00 1.604391E+00 1.072504E-04
4.107142E+00 1.604489E+00 1.068175E-04
4.103849E+00 1.604587E+00 1.063794E-04
4.100561E+00 1.604684E+00 1.059361E-04
4.097278E+00 1.604782E+00 1.054875E-04
4.094000E+00 1.604879E+00 1.050335E-04
4.090727E+00 1.604976E+00 1.045740E-04
4.087460E+00 1.605072E+00 1.041089E-04
4.084198E+00 1.605168E+00 1.036382E-04
4.080941E+00 1.605264E+00 1.031620E-04
4.077690E+00 1.605360E+00 1.026801E-04
4.074443E+00 1.605455E+00 1.021927E-04
4.071202E+00 1.605551E+00 1.016996E-04
4.067964E+00 1.605645E+00 1.012011E-04
4.064733E+00 1.605740E+00 1.006970E-04
4.061507E+00 1.605834E+00 1.001875E-04
4.058287E+00 1.605928E+00 9.967273E-05
4.055071E+00 1.606022E+00 9.915268E-05
4.051861E+00 1.606116E+00 9.862750E-05
4.048655E+00 1.606209E+00 9.809731E-05
4.045455E+00 1.606302E+00 9.756223E-05
4.042259E+00 1.606394E+00 9.702243E-05
4.039069E+00 1.606487E+00 9.647804E-05
4.035884E+00 1.606579E+00 9.592924E-05
4.032704E+00 1.606671E+00 9.537620E-05
4.029527E+00 1.606763E+00 9.481912E-05
4.026357E+00 1.606854E+00 9.425819E-05
4.023191E+00 1.606945E+00 9.369361E-05
4.020031E+00 1.607036E+00 9.312559E-05
4.016876E+00 1.607127E+00 9.255437E-05
4.013725E+00 1.607217E+00 9.198017E-05
4.010580E+00 1.607307E+00 9.140322E-05
4.007439E+00 1.607397E+00 9.082376E-05
4.004304E+00 1.607487E+00 9.024206E-05
4.001173E+00 1.607577E+00 8.965835E-05
3.998047E+00 1.607666E+00 8.907289E-05
3.994926E+00 1.607755E+00 8.848596E-05
3.991810E+00 1.607843E+00 8.789781E-05
3.988698E+00 1.607932E+00 8.730871E-05
3.985591E+00 1.608020E+00 8.671893E-05
3.982490E+00 1.608108E+00 8.612875E-05
3.979393E+00 1.608196E+00 8.553843E-05
3.976301E+00 1.608283E+00 8.494827E-05
3.973214E+00 1.608371E+00 8.435852E-05
3.970132E+00 1.608458E+00 8.376947E-05
3.967054E+00 1.608544E+00 8.318138E-05
3.963982E+00 1.608631E+00 8.259454E-05
3.960914E+00 1.608717E+00 8.200922E-05
3.957850E+00 1.608803E+00 8.142567E-05
3.954792E+00 1.608889E+00 8.084418E-05
3.951738E+00 1.608975E+00 8.026501E-05
3.948688E+00 1.609060E+00 7.968840E-05
3.945643E+00 1.609146E+00 7.911463E-05
3.942604E+00 1.609231E+00 7.854394E-05
3.939569E+00 1.609315E+00 7.797659E-05
3.936538E+00 1.609400E+00 7.741280E-05
3.933513E+00 1.609484E+00 7.685282E-05
3.930492E+00 1.609568E+00 7.629689E-05
3.927475E+00 1.609652E+00 7.574522E-05
3.924463E+00 1.609736E+00 7.519803E-05
3.921456E+00 1.609819E+00 7.465553E-05
3.918454E+00 1.609902E+00 7.411794E-05
3.915456E+00 1.609985E+00 7.358544E-05
3.912461E+00 1.610068E+00 7.305823E-05
3.909472E+00 1.610151E+00 7.253648E-05
3.906488E+00 1.610233E+00 7.202038E-05
3.903508E+00 1.610315E+00 7.151008E-05
3.900533E+00 1.610397E+00 7.100576E-05
3.897563E+00 1.610479E+00 7.050754E-05
3.894597E+00 1.610560E+00 7.001558E-05
3.891635E+00 1.610641E+00 6.953001E-05
3.888678E+00 1.610722E+00 6.905095E-05
3.885725E+00 1.610803E+00 6.857851E-05
3.882777E+00 1.610884E+00 6.811280E-05
3.879834E+00 1.610964E+00 6.765391E-05
3.876895E+00 1.611044E+00 6.720194E-05
3.873958E+00 1.611124E+00 6.675695E-05
3.871028E+00 1.611204E+00 6.631903E-05
3.868102E+00 1.611284E+00 6.588822E-05
3.865181E+00 1.611363E+00 6.546458E-05
3.862264E+00 1.611442E+00 6.504815E-05
3.859351E+00 1.611521E+00 6.463897E-05
3.856443E+00 1.611600E+00 6.423706E-05
3.853539E+00 1.611678E+00 6.384243E-05
3.850640E+00 1.611757E+00 6.345510E-05
3.847745E+00 1.611835E+00 6.307505E-05
3.844854E+00 1.611913E+00 6.270228E-05
3.841968E+00 1.611990E+00 6.233678E-05
3.839085E+00 1.612068E+00 6.197851E-05
3.836206E+00 1.612145E+00 6.162744E-05
3.833333E+00 1.612222E+00 6.128354E-05
3.830464E+00 1.612299E+00 6.094674E-05
3.827599E+00 1.612376E+00 6.061700E-05
3.824738E+00 1.612452E+00 6.029424E-05
3.821882E+00 1.612529E+00 5.997841E-05
3.819030E+00 1.612605E+00 5.966942E-05
3.816182E+00 1.612681E+00 5.936719E-05
3.813339E+00 1.612756E+00 5.907162E-05
3.810499E+00 1.612832E+00 5.878263E-05
3.807664E+00 1.612907E+00 5.850010E-05
3.804833E+00 1.612982E+00 5.822393E-05
3.802005E+00 1.613057E+00 5.795402E-05
3.799183E+00 1.613132E+00 5.769023E-05
3.796365E+00 1.613206E+00 5.743245E-05
3.793550E+00 1.613281E+00 5.718054E-05
3.790741E+00 1.613355E+00 5.693439E-05
3.787935E+00 1.613429E+00 5.669384E-05
3.785133E+00 1.613503E+00 5.645877E-05
3.782336E+00 1.613576E+00 5.622902E-05
3.779542E+00 1.613649E+00 5.600446E-05
3.776753E+00 1.613723E+00 5.578493E-05
3.773968E+00 1.613796E+00 5.557027E-05
3.771187E+00 1.613868E+00 5.536034E-05
3.768410E+00 1.613941E+00 5.515497E-05
3.765636E+00 1.614013E+00 5.495402E-05
3.762867E+00 1.614086E+00 5.475730E-05
3.760102E+00 1.614158E+00 5.456468E-05
3.757342E+00 1.614230E+00 5.437596E-05
3.754585E+00 1.614301E+00 5.419101E-05
3.751833E+00 1.614373E+00 5.400964E-05
3.749084E+00 1.614444E+00 5.383169E-05
3.746340E+00 1.614515E+00 5.365700E-05
3.743599E+00 1.614586E+00 5.348539E-05
3.740863E+00 1.614657E+00 5.331670E-05
3.738131E+00 1.614727E+00 5.315077E-05
3.735402E+00 1.614798E+00 5.298742E-05
3.732676E+00 1.614868E+00 5.282649E-05
3.729956E+00 1.614938E+00 5.266782E-05
3.727239E+00 1.615008E+00 5.251124E-05
3.724527E+00 1.615077E+00 5.235659E-05
3.721818E+00 1.615147E+00 5.220371E-05
3.719113E+00 1.615216E+00 5.205243E-05
3.716412E+00 1.615285E+00 5.190260E-05
3.713716E+00 1.615354E+00 5.175407E-05
3.711023E+00 1.615423E+00 5.160668E-05
3.708334E+00 1.615491E+00 5.146027E-05
3.705648E+00 1.615560E+00 5.131471E-05
3.702967E+00 1.615628E+00 5.116983E-05
3.700290E+00 1.615696E+00 5.102550E-05
3.697615E+00 1.615764E+00 5.088156E-05
3.694945E+00 1.615832E+00 5.073790E-05
3.692280E+00 1.615899E+00 5.059436E-05
3.689618E+00 1.615967E+00 5.045081E-05
3.686959E+00 1.616034E+00 5.030713E-05
3.684305E+00 1.616101E+00 5.016318E-05
3.681655E+00 1.616168E+00 5.001884E-05
3.679008E+00 1.616234E+00 4.987399E-05
3.676365E+00 1.616301E+00 4.972852E-05
3.673726E+00 1.616367E+00 4.958230E-05
3.671091E+00 1.616434E+00 4.943523E-05
3.668459E+00 1.616500E+00 4.928720E-05
3.665832E+00 1.616565E+00 4.913811E-05
3.663206E+00 1.616631E+00 4.898785E-05
3.660586E+00 1.616697E+00 4.883634E-05
3.657970E+00 1.616762E+00 4.868347E-05
3.655357E+00 1.616827E+00 4.852915E-05
3.652748E+00 1.616892E+00 4.837331E-05
3.650143E+00 1.616957E+00 4.821586E-05
3.647541E+00 1.617022E+00 4.805673E-05
3.644943E+00 1.617086E+00 4.789583E-05
3.642349E+00 1.617151E+00 4.773309E-05
3.639759E+00 1.617215E+00 4.756846E-05
3.637172E+00 1.617279E+00 4.740187E-05
3.634589E+00 1.617343E+00 4.723325E-05
3.632008E+00 1.617407E+00 4.706255E-05
3.629432E+00 1.617470E+00 4.688972E-05
3.626860E+00 1.617534E+00 4.671471E-05
3.624291E+00 1.617597E+00 4.653748E-05
3.621727E+00 1.617660E+00 4.635798E-05
3.619165E+00 1.617723E+00 4.617617E-05
3.616608E+00 1.617786E+00 4.599202E-05
3.614054E+00 1.617849E+00 4.580550E-05
3.611503E+00 1.617911E+00 4.561658E-05
3.608957E+00 1.617974E+00 4.542524E-05
3.606413E+00 1.618036E+00 4.523145E-05
3.603874E+00 1.618098E+00 4.503519E-05
3.601338E+00 1.618160E+00 4.483646E-05
3.598804E+00 1.618222E+00 4.463524E-05
3.596275E+00 1.618283E+00 4.443152E-05
3.593750E+00 1.618345E+00 4.422529E-05
3.591228E+00 1.618406E+00 4.401655E-05
3.588709E+00 1.618467E+00 4.380531E-05
3.586195E+00 1.618528E+00 4.359156E-05
3.583683E+00 1.618589E+00 4.337532E-05
3.581176E+00 1.618650E+00 4.315658E-05
3.578672E+00 1.618710E+00 4.293536E-05
3.576171E+00 1.618771E+00 4.271168E-05
3.573674E+00 1.618831E+00 4.248555E-05
3.571180E+00 1.618891E+00 4.225698E-05
3.568690E+00 1.618951E+00 4.202600E-05
3.566202E+00 1.619011E+00 4.179264E-05
3.563718E+00 1.619071E+00 4.155692E-05
3.561238E+00 1.619130E+00 4.131886E-05
3.558762E+00 1.619190E+00 4.107849E-05
3.556289E+00 1.619249E+00 4.083585E-05
3.553819E+00 1.619308E+00 4.059098E-05
3.551353E+00 1.619367E+00 4.034389E-05
3.548891E+00 1.619426E+00 4.009465E-05
3.546431E+00 1.619485E+00 3.984327E-05
3.543975E+00 1.619544E+00 3.958981E-05
3.541523E+00 1.619602E+00 3.933430E-05
3.539074E+00 1.619661E+00 3.907679E-05
3.536627E+00 1.619719E+00 3.881733E-05
3.534185E+00 1.619777E+00 3.855596E-05
3.531746E+00 1.619835E+00 3.829272E-05
3.529310E+00 1.619893E+00 3.802768E-05
3.526878E+00 1.619950E+00 3.776087E-05
3.524449E+00 1.620008E+00 3.749236E-05
3.522023E+00 1.620065E+00 3.722219E-05
3.519601E+00 1.620123E+00 3.695041E-05
3.517182E+00 1.620180E+00 3.667709E-05
3.514767E+00 1.620237E+00 3.640227E-05
3.512355E+00 1.620294E+00 3.612602E-05
3.509946E+00 1.620350E+00 3.584839E-05
3.507540E+00 1.620407E+00 3.556944E-05
3.505136E+00 1.620464E+00 3.528922E-05
3.502737E+00 1.620520E+00 3.500780E-05
3.500342E+00 1.620576E+00 3.472524E-05
3.497949E+00 1.620632E+00 3.444159E-05
3.495560E+00 1.620688E+00 3.415692E-05
3.493174E+00 1.620744E+00 3.387128E-05
3.490791E+00 1.620800E+00 3.358474E-05
3.488412E+00 1.620855E+00 3.329736E-05
3.486036E+00 1.620911E+00 3.300921E-05
3.483663E+00 1.620966E+00 3.272033E-05
3.481293E+00 1.621022E+00 3.243080E-05
3.478926E+00 1.621077E+00 3.214067E-05
3.476563E+00 1.621132E+00 3.185001E-05
3.474202E+00 1.621186E+00 3.155889E-05
3.471845E+00 1.621241E+00 3.126735E-05
3.469491E+00 1.621296E+00 3.097546E-05
3.467141E+00 1.621350E+00 3.068330E-05
3.464793E+00 1.621405E+00 3.039090E-05
3.462449E+00 1.621459E+00 3.009834E-05
3.460108E+00 1.621513E+00 2.980569E-05
3.457770E+00 1.621567E+00 2.951298E-05
3.455436E+00 1.621621E+00 2.922030E-05
3.453104E+00 1.621675E+00 2.892770E-05
3.450776E+00 1.621728E+00 2.863523E-05
3.448451E+00 1.621782E+00 2.834295E-05
3.446127E+00 1.621835E+00 2.805093E-05
3.443808E+00 1.621889E+00 2.775923E-05
3.441493E+00 1.621942E+00 2.746789E-05
3.439180E+00 1.621995E+00 2.717697E-05
3.436870E+00 1.622048E+00 2.688654E-05
3.434564E+00 1.622101E+00 2.659665E-05
3.432260E+00 1.622153E+00 2.630734E-05
3.429960E+00 1.622206E+00 2.601868E-05
3.427663E+00 1.622258E+00 2.573073E-05
3.425368E+00 1.622311E+00 2.544352E-05
3.423077E+00 1.622363E+00 2.515711E-05
3.420789E+00 1.622415E+00 2.487156E-05
3.418504E+00 1.622467E+00 2.458692E-05
3.416221E+00 1.622519E+00 2.430322E-05
3.413942E+00 1.622571E+00 2.402053E-05
3.411666E+00 1.622623E+00 2.373889E-05
3.409393E+00 1.622674E+00 2.345835E-05
3.407124E+00 1.622726E+00 2.317895E-05
3.404857E+00 1.622777E+00 2.290074E-05
3.402593E+00 1.622828E+00 2.262376E-05
3.400332E+00 1.622879E+00 2.234806E-05
3.398075E+00 1.622930E+00 2.207367E-05
3.395820E+00 1.622981E+00 2.180065E-05
3.393568E+00 1.623032E+00 2.152902E-05
3.391319E+00 1.623083E+00 2.125883E-05
3.389072E+00 1.623133E+00 2.099013E-05
3.386829E+00 1.623184E+00 2.072293E-05
3.384590E+00 1.623234E+00 2.045729E-05
3.382353E+00 1.623284E+00 2.019324E-05
3.380119E+00 1.623334E+00 1.993080E-05
3.377888E+00 1.623384E+00 1.967003E-05
3.375660E+00 1.623434E+00 1.941094E-05
3.373434E+00 1.623484E+00 1.915357E-05
3.371212E+00 1.623534E+00 1.889795E-05
3.368993E+00 1.623583E+00 1.864411E-05
3.366777E+00 1.623633E+00 1.839208E-05
3.364563E+00 1.623682E+00 1.814189E-05
3.362353E+00 1.623731E+00 1.789356E-05
3.360144E+00 1.623781E+00 1.764712E-05
3.357939E+00 1.623830E+00 1.740259E-05
3.355737E+00 1.623879E+00 1.716000E-05
3.353538E+00 1.623927E+00 1.691937E-05
3.351342E+00 1.623976E+00 1.668071E-05
3.349149E+00 1.624025E+00 1.644406E-05
3.346959E+00 1.624073E+00 1.620943E-05
3.344771E+00 1.624122E+00 1.597684E-05
3.342587E+00 1.624170E+00 1.574631E-05
3.340405E+00 1.624218E+00 1.551785E-05
3.338226E+00 1.624266E+00 1.529148E-05
3.336050E+00 1.624314E+00 1.506722E-05
3.333877E+00 1.624362E+00 1.484508E-05
3.331705E+00 1.624410E+00 1.462506E-05
3.329538E+00 1.624458E+00 1.440720E-05
3.327373E+00 1.624505E+00 1.419148E-05
3.325211E+00 1.624553E+00 1.397793E-05
3.323052E+00 1.624600E+00 1.376656E-05
3.320895E+00 1.624648E+00 1.355737E-05
3.318742E+00 1.624695E+00 1.335037E-05
3.316591E+00 1.624742E+00 1.314557E-05
3.314443E+00 1.624789E+00 1.294297E-05
3.312298E+00 1.624836E+00 1.274258E-05
3.310156E+00 1.624883E+00 1.254440E-05
3.308016E+00 1.624929E+00 1.234844E-05
3.305878E+00 1.624976E+00 1.215470E-05
3.303744E+00 1.625022E+00 1.196317E-05
3.301613E+00 1.625069E+00 1.177387E-05
3.299484E+00 1.625115E+00 1.158680E-05
3.297358E+00 1.625161E+00 1.140194E-05
3.295235E+00 1.625207E+00 1.121931E-05
3.293115E+00 1.625253E+00 1.103889E-05
3.290997E+00 1.625299E+00 1.086069E-05
3.288882E+00 1.625345E+00 1.068470E-05
3.286770E+00 1.625391E+00 1.051093E-05
3.284660E+00 1.625436E+00 1.033935E-05
3.282553E+00 1.625482E+00 1.016998E-05
3.280449E+00 1.625527E+00 1.000280E-05
3.278347E+00 1.625573E+00 9.837808E-06
3.276248E+00 1.625618E+00 9.674995E-06
3.274152E+00 1.625663E+00 9.514355E-06
3.272059E+00 1.625708E+00 9.355878E-06
3.269968E+00 1.625753E+00 9.199557E-06
3.267880E+00 1.625798E+00 9.045381E-06
3.265795E+00 1.625843E+00 8.893342E-06
3.263712E+00 1.625887E+00 8.743429E-06
3.261632E+00 1.625932E+00 8.595630E-06
3.259554E+00 1.625976E+00 8.449935E-06
3.257480E+00 1.626021E+00 8.306331E-06
3.255408E+00 1.626065E+00 8.164807E-06
3.253338E+00 1.626109E+00 8.025350E-06
3.251270E+00 1.626153E+00 7.887946E-06
3.249206E+00 1.626197E+00 7.752582E-06
3.247144E+00 1.626241E+00 7.619245E-06
3.245085E+00 1.626285E+00 7.487918E-06
3.243029E+00 1.626329E+00 7.358590E-06
3.240975E+00 1.626372E+00 7.231243E-06
3.238924E+00 1.626416E+00 7.105862E-06
3.236876E+00 1.626459E+00 6.982433E-06
3.234830E+00 1.626503E+00 6.860939E-06
3.232786E+00 1.626546E+00 6.741363E-06
3.230745E+00 1.626589E+00 6.623689E-06
3.228707E+00 1.626632E+00 6.507901E-06
3.226670E+00 1.626675E+00 6.393980E-06
3.224637E+00 1.626718E+00 6.281911E-06
3.222607E+00 1.626761E+00 6.171674E-06
3.220579E+00 1.626804E+00 6.063253E-06
3.218553E+00 1.626847E+00 5.956629E-06
3.216530E+00 1.626889E+00 5.851785E-06
3.214510E+00 1.626932E+00 5.748701E-06
3.212492E+00 1.626974E+00 5.647360E-06
3.210477E+00 1.627016E+00 5.547742E-06
3.208464E+00 1.627058E+00 5.449830E-06
3.206454E+00 1.627101E+00 5.353603E-06
3.204446E+00 1.627143E+00 5.259043E-06
3.202441E+00 1.627185E+00 5.166130E-06
3.200437E+00 1.627226E+00 5.074846E-06
3.198437E+00 1.627268E+00 4.985171E-06
3.196439E+00 1.627310E+00 4.897086E-06
3.194444E+00 1.627351E+00 4.810571E-06
3.192452E+00 1.627393E+00 4.725606E-06
3.190461E+00 1.627434E+00 4.642172E-06
3.188474E+00 1.627476E+00 4.560250E-06
3.186488E+00 1.627517E+00 4.479819E-06
3.184505E+00 1.627558E+00 4.400861E-06
3.182525E+00 1.627599E+00 4.323355E-06
3.180547E+00 1.627640E+00 4.247281E-06
3.178572E+00 1.627681E+00 4.172621E-06
3.176599E+00 1.627722E+00 4.099354E-06
3.174627E+00 1.627763E+00 4.027461E-06
3.172659E+00 1.627803E+00 3.956922E-06
3.170694E+00 1.627844E+00 3.887718E-06
3.168730E+00 1.627885E+00 3.819829E-06
3.166770E+00 1.627925E+00 3.753236E-06
3.164811E+00 1.627965E+00 3.687920E-06
3.162855E+00 1.628006E+00 3.623861E-06
3.160902E+00 1.628046E+00 3.561040E-06
3.158951E+00 1.628086E+00 3.499438E-06
3.157002E+00 1.628126E+00 3.439036E-06
3.155056E+00 1.628166E+00 3.379815E-06
3.153112E+00 1.628206E+00 3.321756E-06
3.151169E+00 1.628245E+00 3.264841E-06
3.149230E+00 1.628285E+00 3.209051E-06
3.147294E+00 1.628325E+00 3.154368E-06
3.145359E+00 1.628364E+00 3.100773E-06
3.143427E+00 1.628404E+00 3.048247E-06
3.141498E+00 1.628443E+00 2.996774E-06
3.139571E+00 1.628482E+00 2.946335E-06
3.137646E+00 1.628521E+00 2.896912E-06
3.135723E+00 1.628561E+00 2.848488E-06
3.133803E+00 1.628600E+00 2.801045E-06
3.131885E+00 1.628639E+00 2.754565E-06
3.129970E+00 1.628677E+00 2.709033E-06
3.128057E+00 1.628716E+00 2.664430E-06
3.126145E+00 1.628755E+00 2.620740E-06
3.124237E+00 1.628794E+00 2.577946E-06
3.122330E+00 1.628832E+00 2.536032E-06
3.120427E+00 1.628871E+00 2.494982E-06
3.118525E+00 1.628909E+00 2.454778E-06
3.116626E+00 1.628947E+00 2.415406E-06
3.114729E+00 1.628986E+00 2.376850E-06
3.112835E+00 1.629024E+00 2.339093E-06
3.110942E+00 1.629062E+00 2.302121E-06
3.109053E+00 1.629100E+00 2.265919E-06
3.107165E+00 1.629138E+00 2.230470E-06
3.105280E+00 1.629176E+00 2.195761E-06
3.103396E+00 1.629214E+00 2.161777E-06
3.101515E+00 1.629251E+00 2.128503E-06
3.099636E+00 1.629289E+00 2.095925E-06
3.097760E+00 1.629327E+00 2.064029E-06
3.095886E+00 1.629364E+00 2.032801E-06
3.094014E+00 1.629401E+00 2.002227E-06
3.092145E+00 1.629439E+00 1.972294E-06
3.090278E+00 1.629476E+00 1.942989E-06
3.088413E+00 1.629513E+00 1.914298E-06
3.086550E+00 1.629550E+00 1.886209E-06
3.084690E+00 1.629587E+00 1.858708E-06
3.082832E+00 1.629624E+00 1.831784E-06
3.080976E+00 1.629661E+00 1.805424E-06
3.079121E+00 1.629698E+00 1.779615E-06
3.077270E+00 1.629735E+00 1.754346E-06
3.075420E+00 1.629772E+00 1.729606E-06
3.073573E+00 1.629808E+00 1.705381E-06
3.071729E+00 1.629845E+00 1.681662E-06
3.069886E+00 1.629881E+00 1.658437E-06
3.068046E+00 1.629918E+00 1.635695E-06
3.066207E+00 1.629954E+00 1.613425E-06
3.064371E+00 1.629990E+00 1.591617E-06
3.062538E+00 1.630026E+00 1.570259E-06
3.060706E+00 1.630062E+00 1.549343E-06
3.058877E+00 1.630099E+00 1.528857E-06
3.057049E+00 1.630135E+00 1.508793E-06
3.055223E+00 1.630170E+00 1.489139E-06
3.053401E+00 1.630206E+00 1.469888E-06
3.051580E+00 1.630242E+00 1.451028E-06
3.049761E+00 1.630278E+00 1.432552E-06
3.047945E+00 1.630313E+00 1.414450E-06
3.046131E+00 1.630349E+00 1.396714E-06
3.044319E+00 1.630384E+00 1.379334E-06
3.042509E+00 1.630420E+00 1.362303E-06
3.040701E+00 1.630455E+00 1.345611E-06
3.038896E+00 1.630490E+00 1.329252E-06
3.037092E+00 1.630526E+00 1.313216E-06
3.035291E+00 1.630561E+00 1.297497E-06
3.033491E+00 1.630596E+00 1.282086E-06
3.031694E+00 1.630631E+00 1.266975E-06
3.029899E+00 1.630666E+00 1.252159E-06
3.028106E+00 1.630700E+00 1.237629E-06
3.026316E+00 1.630735E+00 1.223378E-06
3.024527E+00 1.630770E+00 1.209400E-06
3.022741E+00 1.630805E+00 1.195688E-06
3.020956E+00 1.630839E+00 1.182235E-06
3.019174E+00 1.630874E+00 1.169034E-06
3.017394E+00 1.630908E+00 1.156080E-06
3.015616E+00 1.630943E+00 1.143367E-06
3.013840E+00 1.630977E+00 1.130888E-06
3.012066E+00 1.631011E+00 1.118637E-06
3.010294E+00 1.631045E+00 1.106609E-06
3.008524E+00 1.631079E+00 1.094798E-06
3.006756E+00 1.631114E+00 1.083199E-06
3.004991E+00 1.631148E+00 1.071806E-06
3.003228E+00 1.631181E+00 1.060614E-06
3.001466E+00 1.631215E+00 1.049618E-06
2.999707E+00 1.631249E+00 1.038813E-06
2.997950E+00 1.631283E+00 1.028194E-06
2.996195E+00 1.631316E+00 1.017756E-06
2.994441E+00 1.631350E+00 1.007496E-06
2.992690E+00 1.631384E+00 9.974071E-07
2.990941E+00 1.631417E+00 9.874863E-07
2.989194E+00 1.631450E+00 9.777291E-07
2.987449E+00 1.631484E+00 9.681313E-07
2.985706E+00 1.631517E+00 9.586887E-07
2.983965E+00 1.631550E+00 9.493974E-07
2.982226E+00 1.631583E+00 9.402535E-07
2.980489E+00 1.631617E+00 9.312532E-07
2.978754E+00 1.631650E+00 9.223930E-07
2.977022E+00 1.631683E+00 9.136691E-07
2.975291E+00 1.631715E+00 9.050780E-07
2.973562E+00 1.631748E+00 8.966165E-07
2.971835E+00 1.631781E+00 8.882812E-07
2.970111E+00 1.631814E+00 8.800688E-07
2.968388E+00 1.631846E+00 8.719763E-07
2.966666E+00 1.631879E+00 8.640006E-07
2.964948E+00 1.631912E+00 8.561386E-07
2.963231E+00 1.631944E+00 8.483876E-07
2.961516E+00 1.631976E+00 8.407448E-07
2.959803E+00 1.632009E+00 8.332073E-07
2.958092E+00 1.632041E+00 8.257725E-07
2.956384E+00 1.632073E+00 8.184379E-07
2.954677E+00 1.632105E+00 8.112010E-07
2.952972E+00 1.632138E+00 8.040592E-07
2.951269E+00 1.632170E+00 7.970103E-07
2.949568E+00 1.632202E+00 7.900520E-07
2.947869E+00 1.632233E+00 7.831819E-07
2.946172E+00 1.632265E+00 7.763980E-07
2.944476E+00 1.632297E+00 7.696980E-07
2.942783E+00 1.632329E+00 7.630801E-07
2.941092E+00 1.632361E+00 7.565421E-07
2.939402E+00 1.632392E+00 7.500821E-07
2.937715E+00 1.632424E+00 7.436983E-07
2.936030E+00 1.632455E+00 7.373889E-07
2.934346E+00 1.632487E+00 7.311521E-07
2.932665E+00 1.632518E+00 7.249861E-07
2.930985E+00 1.632549E+00 7.188893E-07
2.929308E+00 1.632581E+00 7.128601E-07
2.927632E+00 1.632612E+00 7.068969E-07
2.925958E+00 1.632643E+00 7.009983E-07
2.924286E+00 1.632674E+00 6.951627E-07
2.922615E+00 1.632705E+00 6.893887E-07
2.920947E+00 1.632736E+00 6.836749E-07
2.919281E+00 1.632767E+00 6.780200E-07
2.917617E+00 1.632798E+00 6.724227E-07
2.915954E+00 1.632829E+00 6.668818E-07
2.914294E+00 1.632859E+00 6.613959E-07
2.912635E+00 1.632890E+00 6.559640E-07
2.910978E+00 1.632921E+00 6.505848E-07
2.909324E+00 1.632951E+00 6.452574E-07
2.907671E+00 1.632982E+00 6.399805E-07
2.906020E+00 1.633012E+00 6.347532E-07
2.904370E+00 1.633043E+00 6.295745E-07
2.902722E+00 1.633073E+00 6.244433E-07
2.901077E+00 1.633103E+00 6.193588E-07
2.899433E+00 1.633134E+00 6.143200E-07
2.897791E+00 1.633164E+00 6.093260E-07
2.896152E+00 1.633194E+00 6.043760E-07
2.894514E+00 1.633224E+00 5.994691E-07
2.892877E+00 1.633254E+00 5.946046E-07
2.891243E+00 1.633284E+00 5.897817E-07
2.889611E+00 1.633314E+00 5.849996E-07
2.887980E+00 1.633344E+00 5.802575E-07
2.886351E+00 1.633374E+00 5.755549E-07
2.884724E+00 1.633403E+00 5.708910E-07
2.883099E+00 1.633433E+00 5.662651E-07
2.881475E+00 1.633463E+00 5.616766E-07
2.879853E+00 1.633492E+00 5.571249E-07
2.878234E+00 1.633522E+00 5.526095E-07
2.876616E+00 1.633551E+00 5.481296E-07
2.875000E+00 1.633581E+00 5.436848E-07
2.873386E+00 1.633610E+00 5.392745E-07
2.871773E+00 1.633639E+00 5.348983E-07
2.870163E+00 1.633669E+00 5.305555E-07
2.868554E+00 1.633698E+00 5.262457E-07
2.866947E+00 1.633727E+00 5.219685E-07
2.865342E+00 1.633756E+00 5.177234E-07
2.863738E+00 1.633785E+00 5.135099E-07
2.862136E+00 1.633814E+00 5.093276E-07
2.860536E+00 1.633843E+00 5.051761E-07
2.858938E+00 1.633872E+00 5.010550E-07
2.857342E+00 1.633901E+00 4.969639E-07
2.855748E+00 1.633930E+00 4.929024E-07
2.854155E+00 1.633958E+00 4.888703E-07
2.852564E+00 1.633987E+00 4.848670E-07
2.850975E+00 1.634016E+00 4.808923E-07
2.849388E+00 1.634044E+00 4.769459E-07
2.847802E+00 1.634073E+00 4.730274E-07
2.846218E+00 1.634101E+00 4.691365E-07
2.844636E+00 1.634130E+00 4.652730E-07
2.843056E+00 1.634158E+00 4.614364E-07
2.841477E+00 1.634186E+00 4.576267E-07
2.839900E+00 1.634215E+00 4.538434E-07
2.838325E+00 1.634243E+00 4.500864E-07
2.836751E+00 1.634271E+00 4.463553E-07
2.835180E+00 1.634299E+00 4.426499E-07
2.833610E+00 1.634327E+00 4.389701E-07
2.832042E+00 1.634355E+00 4.353154E-07
2.830476E+00 1.634383E+00 4.316858E-07
2.828911E+00 1.634411E+00 4.280810E-07
2.827348E+00 1.634439E+00 4.245008E-07
2.825787E+00 1.634467E+00 4.209449E-07
2.824228E+00 1.634495E+00 4.174133E-07
2.822670E+00 1.634522E+00 4.139056E-07
2.821113E+00 1.634550E+00 4.104217E-07
2.819559E+00 1.634578E+00 4.069615E-07
2.818006E+00 1.634605E+00 4.035247E-07
2.816456E+00 1.634633E+00 4.001111E-07
2.814906E+00 1.634660E+00 3.967206E-07
2.813359E+00 1.634688E+00 3.933531E-07
2.811813E+00 1.634715E+00 3.900083E-07
2.810269E+00 1.634742E+00 3.866861E-07
2.808727E+00 1.634770E+00 3.833864E-07
2.807186E+00 1.634797E+00 3.801089E-07
2.805647E+00 1.634824E+00 3.768536E-07
2.804110E+00 1.634851E+00 3.736204E-07
2.802574E+00 1.634878E+00 3.704090E-07
2.801040E+00 1.634905E+00 3.672193E-07
2.799507E+00 1.634932E+00 3.640513E-07
2.797977E+00 1.634959E+00 3.609047E-07
2.796448E+00 1.634986E+00 3.577795E-07
2.794921E+00 1.635013E+00 3.546755E-07
2.793395E+00 1.635040E+00 3.515926E-07
2.791871E+00 1.635067E+00 3.485306E-07
2.790349E+00 1.635093E+00 3.454896E-07
2.788829E+00 1.635120E+00 3.424692E-07
2.787310E+00 1.635147E+00 3.394695E-07
2.785792E+00 1.635173E+00 3.364904E-07
2.784277E+00 1.635200E+00 3.335316E-07
2.782762E+00 1.635226E+00 3.305931E-07
2.781250E+00 1.635253E+00 3.276748E-07
2.779739E+00 1.635279E+00 3.247766E-07
2.778230E+00 1.635305E+00 3.218984E-07
2.776723E+00 1.635332E+00 3.190401E-07
2.775217E+00 1.635358E+00 3.162016E-07
2.773713E+00 1.635384E+00 3.133827E-07
2.772210E+00 1.635410E+00 3.105834E-07
2.770709E+00 1.635436E+00 3.078037E-07
2.769210E+00 1.635462E+00 3.050433E-07
2.767713E+00 1.635488E+00 3.023022E-07
2.766217E+00 1.635514E+00 2.995803E-07
2.764722E+00 1.635540E+00 2.968775E-07
2.763229E+00 1.635566E+00 2.941938E-07
2.761737E+00 1.635592E+00 2.915289E-07
2.760248E+00 1.635618E+00 2.888830E-07
2.758760E+00 1.635643E+00 2.862557E-07
2.757274E+00 1.635669E+00 2.836471E-07
2.755789E+00 1.635695E+00 2.810571E-07
2.754306E+00 1.635720E+00 2.784856E-07
2.752824E+00 1.635746E+00 2.759325E-07
2.751344E+00 1.635772E+00 2.733977E-07
2.749866E+00 1.635797E+00 2.708811E-07
2.748389E+00 1.635822E+00 2.683827E-07
2.746914E+00 1.635848E+00 2.659023E-07
2.745440E+00 1.635873E+00 2.634399E-07
2.743968E+00 1.635898E+00 2.609953E-07
2.742497E+00 1.635924E+00 2.585686E-07
2.741028E+00 1.635949E+00 2.561596E-07
2.739561E+00 1.635974E+00 2.537683E-07
2.738095E+00 1.635999E+00 2.513945E-07
2.736631E+00 1.636024E+00 2.490381E-07
2.735168E+00 1.636049E+00 2.466992E-07
2.733707E+00 1.636074E+00 2.443775E-07
2.732248E+00 1.636099E+00 2.420731E-07
2.730790E+00 1.636124E+00 2.397859E-07
2.729334E+00 1.636149E+00 2.375157E-07
2.727879E+00 1.636174E+00 2.352625E-07
2.726425E+00 1.636199E+00 2.330262E-07
2.724973E+00 1.636223E+00 2.308067E-07
2.723523E+00 1.636248E+00 2.286039E-07
2.722074E+00 1.636273E+00 2.264179E-07
2.720627E+00 1.636297E+00 2.242484E-07
2.719182E+00 1.636322E+00 2.220954E-07
2.717738E+00 1.636347E+00 2.199588E-07
2.716295E+00 1.636371E+00 2.178386E-07
2.714854E+00 1.636396E+00 2.157346E-07
2.713415E+00 1.636420E+00 2.136468E-07
2.711977E+00 1.636444E+00 2.115751E-07
2.710541E+00 1.636469E+00 2.095194E-07
2.709106E+00 1.636493E+00 2.074797E-07
2.707672E+00 1.636517E+00 2.054559E-07
2.706240E+00 1.636541E+00 2.034478E-07
2.704810E+00 1.636566E+00 2.014554E-07
2.703381E+00 1.636590E+00 1.994787E-07
2.701953E+00 1.636614E+00 1.975175E-07
2.700528E+00 1.636638E+00 1.955717E-07
2.699103E+00 1.636662E+00 1.936414E-07
2.697681E+00 1.636686E+00 1.917264E-07
2.696259E+00 1.636710E+00 1.898265E-07
2.694840E+00 1.636734E+00 1.879419E-07
2.693421E+00 1.636757E+00 1.860723E-07
2.692005E+00 1.636781E+00 1.842177E-07
2.690589E+00 1.636805E+00 1.823780E-07
2.689175E+00 1.636829E+00 1.805532E-07
2.687762E+00 1.636852E+00 1.787431E-07
2.686352E+00 1.636876E+00 1.769477E-07
2.684942E+00 1.636900E+00 1.751669E-07
2.683534E+00 1.636923E+00 1.734006E-07
2.682128E+00 1.636947E+00 1.716487E-07
2.680723E+00 1.636970E+00 1.699112E-07
2.679319E+00 1.636994E+00 1.681880E-07
2.677917E+00 1.637017E+00 1.664790E-07
2.676517E+00 1.637040E+00 1.647841E-07
2.675118E+00 1.637064E+00 1.631033E-07
2.673720E+00 1.637087E+00 1.614364E-07
2.672323E+00 1.637110E+00 1.597834E-07
2.670929E+00 1.637133E+00 1.581442E-07
2.669536E+00 1.637157E+00 1.565188E-07
2.668144E+00 1.637180E+00 1.549070E-07
2.666753E+00 1.637203E+00 1.533088E-07
2.665365E+00 1.637226E+00 1.517241E-07
2.663977E+00 1.637249E+00 1.501528E-07
2.662591E+00 1.637272E+00 1.485948E-07
2.661207E+00 1.637295E+00 1.470501E-07
2.659823E+00 1.637318E+00 1.455186E-07
2.658442E+00 1.637340E+00 1.440002E-07
2.657062E+00 1.637363E+00 1.424948E-07
2.655682E+00 1.637386E+00 1.410024E-07
2.654305E+00 1.637409E+00 1.395229E-07
2.652929E+00 1.637432E+00 1.380561E-07
2.651554E+00 1.637454E+00 1.366021E-07
2.650181E+00 1.637477E+00 1.351607E-07
2.648809E+00 1.637499E+00 1.337319E-07
2.647439E+00 1.637522E+00 1.323155E-07
2.646070E+00 1.637544E+00 1.309116E-07
2.644703E+00 1.637567E+00 1.295200E-07
2.643337E+00 1.637589E+00 1.281407E-07
2.641972E+00 1.637612E+00 1.267735E-07
2.640609E+00 1.637634E+00 1.254185E-07
2.639247E+00 1.637657E+00 1.240755E-07
2.637886E+00 1.637679E+00 1.227444E-07
2.636527E+00 1.637701E+00 1.214252E-07
2.635170E+00 1.637723E+00 1.201178E-07
2.633814E+00 1.637746E+00 1.188221E-07
2.632459E+00 1.637768E+00 1.175381E-07
2.631105E+00 1.637790E+00 1.162656E-07
2.629753E+00 1.637812E+00 1.150047E-07
2.628403E+00 1.637834E+00 1.137551E-07
2.627054E+00 1.637856E+00 1.125169E-07
2.625706E+00 1.637878E+00 1.112900E-07
2.624359E+00 1.637900E+00 1.100743E-07
2.623014E+00 1.637922E+00 1.088697E-07
2.621670E+00 1.637944E+00 1.076761E-07
2.620327E+00 1.637965E+00 1.064935E-07
2.618986E+00 1.637987E+00 1.053218E-07
2.617647E+00 1.638009E+00 1.041609E-07
2.616309E+00 1.638031E+00 1.030108E-07
2.614972E+00 1.638052E+00 1.018714E-07
2.613636E+00 1.638074E+00 1.007426E-07
2.612302E+00 1.638096E+00 9.962425E-08
2.610969E+00 1.638117E+00 9.851640E-08
2.609638E+00 1.638139E+00 9.741894E-08
2.608308E+00 1.638160E+00 9.633179E-08
2.606979E+00 1.638182E+00 9.525487E-08
2.605652E+00 1.638203E+00 9.418813E-08
2.604325E+00 1.638225E+00 9.313148E-08
2.603001E+00 1.638246E+00 9.208486E-08
2.601677E+00 1.638267E+00 9.104819E-08
2.600356E+00 1.638289E+00 9.002140E-08
2.599035E+00 1.638310E+00 8.900442E-08
2.597716E+00 1.638331E+00 8.799718E-08
2.596398E+00 1.638352E+00 8.699961E-08
2.595081E+00 1.638373E+00 8.601164E-08
2.593766E+00 1.638395E+00 8.503320E-08
2.592452E+00 1.638416E+00 8.406422E-08
2.591139E+00 1.638437E+00 8.310462E-08
2.589828E+00 1.638458E+00 8.215435E-08
2.588518E+00 1.638479E+00 8.121332E-08
2.587209E+00 1.638500E+00 8.028148E-08
2.585902E+00 1.638521E+00 7.935875E-08
2.584596E+00 1.638542E+00 7.844506E-08
2.583291E+00 1.638562E+00 7.754035E-08
2.581988E+00 1.638583E+00 7.664455E-08
2.580686E+00 1.638604E+00 7.575760E-08
2.579385E+00 1.638625E+00 7.487941E-08
2.578086E+00 1.638645E+00 7.400993E-08
2.576788E+00 1.638666E+00 7.314909E-08
2.575491E+00 1.638687E+00 7.229683E-08
2.574195E+00 1.638707E+00 7.145307E-08
2.572901E+00 1.638728E+00 7.061775E-08
2.571608E+00 1.638749E+00 6.979081E-08
2.570316E+00 1.638769E+00 6.897218E-08
2.569026E+00 1.638790E+00 6.816179E-08
2.567737E+00 1.638810E+00 6.735958E-08
2.566449E+00 1.638831E+00 6.656549E-08
2.565163E+00 1.638851E+00 6.577945E-08
2.563878E+00 1.638871E+00 6.500139E-08
2.562594E+00 1.638892E+00 6.423126E-08
2.561311E+00 1.638912E+00 6.346899E-08
2.560030E+00 1.638932E+00 6.271451E-08
2.558750E+00 1.638952E+00 6.196777E-08
2.557471E+00 1.638973E+00 6.122870E-08
2.556194E+00 1.638993E+00 6.049724E-08
2.554917E+00 1.639013E+00 5.977332E-08
2.553642E+00 1.639033E+00 5.905689E-08
2.552369E+00 1.639053E+00 5.834788E-08
2.551097E+00 1.639073E+00 5.764624E-08
2.549826E+00 1.639093E+00 5.695190E-08
2.548556E+00 1.639113E+00 5.626479E-08
2.547287E+00 1.639133E+00 5.558487E-08
2.546020E+00 1.639153E+00 5.491207E-08
2.544754E+00 1.639173E+00 5.424633E-08
2.543489E+00 1.639193E+00 5.358760E-08
2.542226E+00 1.639213E+00 5.293580E-08
2.540964E+00 1.639232E+00 5.229089E-08
2.539703E+00 1.639252E+00 5.165281E-08
2.538442E+00 1.639272E+00 5.102150E-08
2.537184E+00 1.639291E+00 5.039689E-08
2.535926E+00 1.639311E+00 4.977894E-08
2.534670E+00 1.639331E+00 4.916758E-08
2.533416E+00 1.639350E+00 4.856276E-08
2.532162E+00 1.639370E+00 4.796443E-08
2.530910E+00 1.639389E+00 4.737252E-08
2.529659E+00 1.639409E+00 4.678698E-08
2.528409E+00 1.639428E+00 4.620776E-08
2.527161E+00 1.639448E+00 4.563479E-08
2.525913E+00 1.639467E+00 4.506803E-08
2.524667E+00 1.639487E+00 4.450742E-08
2.523422E+00 1.639506E+00 4.395291E-08
2.522178E+00 1.639525E+00 4.340444E-08
2.520936E+00 1.639545E+00 4.286195E-08
2.519695E+00 1.639564E+00 4.232540E-08
2.518455E+00 1.639583E+00 4.179473E-08
2.517216E+00 1.639602E+00 4.126989E-08
2.515978E+00 1.639622E+00 4.075083E-08
2.514742E+00 1.639641E+00 4.023749E-08
2.513507E+00 1.639660E+00 3.972982E-08
2.512273E+00 1.639679E+00 3.922777E-08
2.511040E+00 1.639698E+00 3.873130E-08
2.509809E+00 1.639717E+00 3.824034E-08
2.508579E+00 1.639736E+00 3.775485E-08
2.507349E+00 1.639755E+00 3.727478E-08
2.506121E+00 1.639774E+00 3.680008E-08
2.504895E+00 1.639793E+00 3.633070E-08
2.503669E+00 1.639812E+00 3.586658E-08
2.502445E+00 1.639831E+00 3.540769E-08
2.501222E+00 1.639849E+00 3.495397E-08
2.500000E+00 1.639868E+00 3.450538E-08
