5.117500E+03 2.675050E+00 5.236283E-03
2.558750E+03 2.674712E+00 1.045643E-02
1.705833E+03 2.674149E+00 1.564431E-02
1.279375E+03 2.673363E+00 2.078371E-02
1.023500E+03 2.672359E+00 2.585843E-02
8.529170E+02 2.671139E+00 3.085223E-02
7.310716E+02 2.669710E+00 3.574891E-02
6.396876E+02 2.668078E+00 4.053236E-02
5.686112E+02 2.666250E+00 4.518668E-02
5.117500E+02 2.664235E+00 4.969629E-02
4.652273E+02 2.662044E+00 5.404607E-02
4.264583E+02 2.659688E+00 5.822156E-02
3.936538E+02 2.657181E+00 6.220909E-02
3.655357E+02 2.654536E+00 6.599602E-02
3.411666E+02 2.651769E+00 6.957087E-02
3.198437E+02 2.648897E+00 7.292353E-02
3.010294E+02 2.645938E+00 7.604540E-02
2.843056E+02 2.642909E+00 7.892948E-02
2.693421E+02 2.639829E+00 8.157054E-02
2.558750E+02 2.636718E+00 8.396509E-02
2.436905E+02 2.633594E+00 8.611146E-02
2.326136E+02 2.630478E+00 8.800976E-02
2.225000E+02 2.627387E+00 8.966182E-02
2.132292E+02 2.624340E+00 9.107114E-02
2.047000E+02 2.621354E+00 9.224272E-02
1.968269E+02 2.618446E+00 9.318294E-02
1.895370E+02 2.615631E+00 9.389944E-02
1.827678E+02 2.612925E+00 9.440091E-02
1.764655E+02 2.610340E+00 9.469692E-02
1.705833E+02 2.607888E+00 9.479775E-02
1.650807E+02 2.605580E+00 9.471425E-02
1.599219E+02 2.603426E+00 9.445763E-02
1.550758E+02 2.601434E+00 9.403934E-02
1.505147E+02 2.599612E+00 9.347093E-02
1.462143E+02 2.597965E+00 9.276392E-02
1.421528E+02 2.596498E+00 9.192971E-02
1.383108E+02 2.595217E+00 9.097948E-02
1.346710E+02 2.594123E+00 8.992412E-02
1.312179E+02 2.593221E+00 8.877417E-02
1.279375E+02 2.592511E+00 8.753979E-02
1.248171E+02 2.591995E+00 8.623071E-02
1.218452E+02 2.591673E+00 8.485622E-02
1.190116E+02 2.591547E+00 8.342516E-02
1.163068E+02 2.591616E+00 8.194593E-02
1.137222E+02 2.591879E+00 8.042646E-02
1.112500E+02 2.592336E+00 7.887426E-02
1.088830E+02 2.592987E+00 7.729642E-02
1.066146E+02 2.593830E+00 7.569962E-02
1.044388E+02 2.594864E+00 7.409017E-02
1.023500E+02 2.596089E+00 7.247401E-02
1.003431E+02 2.597502E+00 7.085676E-02
9.841348E+01 2.599103E+00 6.924373E-02
9.655660E+01 2.600891E+00 6.763995E-02
9.476849E+01 2.602864E+00 6.605015E-02
9.304541E+01 2.605022E+00 6.447888E-02
9.138396E+01 2.607363E+00 6.293042E-02
8.978071E+01 2.609886E+00 6.140888E-02
8.823275E+01 2.612591E+00 5.991818E-02
8.673727E+01 2.615477E+00 5.846207E-02
8.529170E+01 2.618542E+00 5.704416E-02
8.389346E+01 2.621788E+00 5.566790E-02
8.254033E+01 2.625212E+00 5.433664E-02
8.123015E+01 2.628814E+00 5.305360E-02
7.996092E+01 2.632595E+00 5.182188E-02
7.873080E+01 2.636553E+00 5.064448E-02
7.753789E+01 2.640690E+00 4.952432E-02
7.638060E+01 2.645004E+00 4.846421E-02
7.525734E+01 2.649497E+00 4.746687E-02
7.416665E+01 2.654168E+00 4.653492E-02
7.310716E+01 2.659018E+00 4.567092E-02
7.207747E+01 2.664048E+00 4.487733E-02
7.107639E+01 2.669258E+00 4.415652E-02
7.010273E+01 2.674650E+00 4.351079E-02
6.915538E+01 2.680224E+00 4.294237E-02
6.823335E+01 2.685982E+00 4.245340E-02
6.733553E+01 2.691927E+00 4.204597E-02
6.646104E+01 2.698059E+00 4.172209E-02
6.560896E+01 2.704382E+00 4.148374E-02
6.477846E+01 2.710898E+00 4.133283E-02
6.396876E+01 2.717611E+00 4.127127E-02
6.317902E+01 2.724523E+00 4.130094E-02
6.240853E+01 2.731638E+00 4.142371E-02
6.165661E+01 2.738962E+00 4.164149E-02
6.092264E+01 2.746499E+00 4.195624E-02
6.020589E+01 2.754255E+00 4.236998E-02
5.950582E+01 2.762236E+00 4.288483E-02
5.882183E+01 2.770448E+00 4.350306E-02
5.815340E+01 2.778900E+00 4.422711E-02
5.750001E+01 2.787600E+00 4.505962E-02
5.686112E+01 2.796558E+00 4.600350E-02
5.623626E+01 2.805782E+00 4.706198E-02
5.562499E+01 2.815285E+00 4.823864E-02
5.502687E+01 2.825078E+00 4.953749E-02
5.444150E+01 2.835176E+00 5.096304E-02
5.386843E+01 2.845592E+00 5.252036E-02
5.330729E+01 2.856342E+00 5.421519E-02
5.275773E+01 2.867444E+00 5.605398E-02
5.221938E+01 2.878917E+00 5.804408E-02
5.169193E+01 2.890781E+00 6.019375E-02
5.117500E+01 2.903058E+00 6.251238E-02
5.066832E+01 2.915773E+00 6.501062E-02
5.017156E+01 2.928953E+00 6.770051E-02
4.968445E+01 2.942627E+00 7.059572E-02
4.920674E+01 2.956826E+00 7.371180E-02
4.873810E+01 2.971585E+00 7.706638E-02
4.827830E+01 2.986941E+00 8.067954E-02
4.782710E+01 3.002938E+00 8.457417E-02
4.738427E+01 3.019619E+00 8.877637E-02
4.694955E+01 3.037035E+00 9.331603E-02
4.652273E+01 3.055242E+00 9.822739E-02
4.610360E+01 3.074300E+00 1.035498E-01
4.569196E+01 3.094277E+00 1.093286E-01
4.528762E+01 3.115246E+00 1.156164E-01
4.489036E+01 3.137292E+00 1.224739E-01
4.450000E+01 3.160504E+00 1.299721E-01
4.411638E+01 3.184987E+00 1.381941E-01
4.373931E+01 3.210855E+00 1.472372E-01
4.336865E+01 3.238236E+00 1.572167E-01
4.300420E+01 3.267273E+00 1.682692E-01
4.264583E+01 3.298129E+00 1.805580E-01
4.229338E+01 3.330984E+00 1.942790E-01
4.194671E+01 3.366044E+00 2.096692E-01
4.160570E+01 3.403537E+00 2.270169E-01
4.127016E+01 3.443724E+00 2.466755E-01
4.094000E+01 3.486892E+00 2.690816E-01
4.061507E+01 3.533364E+00 2.947792E-01
4.029527E+01 3.583492E+00 3.244510E-01
3.998047E+01 3.637658E+00 3.589621E-01
3.967054E+01 3.696259E+00 3.994183E-01
3.936538E+01 3.759679E+00 4.472448E-01
3.906488E+01 3.828245E+00 5.042934E-01
3.876895E+01 3.902127E+00 5.729857E-01
3.847745E+01 3.981166E+00 6.564991E-01
3.819030E+01 4.064562E+00 7.589937E-01
3.790741E+01 4.150323E+00 8.858473E-01
3.762867E+01 4.234314E+00 1.043785E+00
3.735402E+01 4.308724E+00 1.240596E+00
3.708334E+01 4.359870E+00 1.483739E+00
3.681655E+01 4.365930E+00 1.776583E+00
3.655357E+01 4.297065E+00 2.111037E+00
3.629432E+01 4.123043E+00 2.458227E+00
3.603874E+01 3.831580E+00 2.766596E+00
3.578672E+01 3.446441E+00 2.979860E+00
3.553819E+01 3.022282E+00 3.067304E+00
3.529310E+01 2.615667E+00 3.036453E+00
3.505136E+01 2.261622E+00 2.918316E+00
3.481293E+01 1.971603E+00 2.746491E+00
3.457770E+01 1.742890E+00 2.546485E+00
3.434564E+01 1.567441E+00 2.334447E+00
3.411666E+01 1.436808E+00 2.119539E+00
3.389072E+01 1.344103E+00 1.906645E+00
3.366777E+01 1.284483E+00 1.698470E+00
3.344771E+01 1.254959E+00 1.497073E+00
3.323052E+01 1.253752E+00 1.305010E+00
3.301613E+01 1.279156E+00 1.126011E+00
3.280449E+01 1.328057E+00 9.646946E-01
3.259554E+01 1.395069E+00 8.250399E-01
3.238924E+01 1.473342E+00 7.085915E-01
3.218553E+01 1.556487E+00 6.140575E-01
3.198437E+01 1.639915E+00 5.383879E-01
3.178572E+01 1.720962E+00 4.780912E-01
3.158951E+01 1.798381E+00 4.300093E-01
3.139571E+01 1.871783E+00 3.915721E-01
3.120427E+01 1.941241E+00 3.607855E-01
3.101515E+01 2.007047E+00 3.361332E-01
3.082832E+01 2.069588E+00 3.164686E-01
3.064371E+01 2.129275E+00 3.009245E-01
3.046131E+01 2.186511E+00 2.888435E-01
3.028106E+01 2.241677E+00 2.797266E-01
3.010294E+01 2.295128E+00 2.731962E-01
2.992690E+01 2.347190E+00 2.689686E-01
2.975291E+01 2.398167E+00 2.668348E-01
2.958092E+01 2.448341E+00 2.666469E-01
2.941092E+01 2.497976E+00 2.683075E-01
2.924286E+01 2.547322E+00 2.717639E-01
2.907671E+01 2.596618E+00 2.770029E-01
2.891243E+01 2.646096E+00 2.840495E-01
2.875000E+01 2.695982E+00 2.929655E-01
2.858938E+01 2.746500E+00 3.038511E-01
2.843056E+01 2.797875E+00 3.168475E-01
2.827348E+01 2.850332E+00 3.321409E-01
2.811813E+01 2.904096E+00 3.499693E-01
2.796448E+01 2.959400E+00 3.706307E-01
2.781250E+01 3.016472E+00 3.944941E-01
2.766217E+01 3.075544E+00 4.220147E-01
2.751344E+01 3.136838E+00 4.537513E-01
2.736631E+01 3.200558E+00 4.903907E-01
2.722074E+01 3.266875E+00 5.327765E-01
2.707672E+01 3.335901E+00 5.819460E-01
2.693421E+01 3.407643E+00 6.391737E-01
2.679319E+01 3.481940E+00 7.060233E-01
2.665365E+01 3.558360E+00 7.844028E-01
2.651554E+01 3.636050E+00 8.766157E-01
2.637886E+01 3.713503E+00 9.853873E-01
2.624359E+01 3.788234E+00 1.113825E+00
2.610969E+01 3.856325E+00 1.265236E+00
2.597716E+01 3.911890E+00 1.442667E+00
2.584596E+01 3.946543E+00 1.647990E+00
2.571608E+01 3.949244E+00 1.880342E+00
2.558750E+01 3.907122E+00 2.133991E+00
2.546020E+01 3.808066E+00 2.396316E+00
2.533416E+01 3.645225E+00 2.647569E+00
2.520936E+01 3.421762E+00 2.864252E+00
2.508579E+01 3.152454E+00 3.025897E+00
2.496342E+01 2.859896E+00 3.121663E+00
2.484223E+01 2.567297E+00 3.152443E+00
2.472222E+01 2.292464E+00 3.127867E+00
2.460336E+01 2.045668E+00 3.061237E+00
2.448565E+01 1.830696E+00 2.965469E+00
2.436905E+01 1.647110E+00 2.851089E+00
2.425355E+01 1.492308E+00 2.725801E+00
2.413915E+01 1.362913E+00 2.594839E+00
2.402582E+01 1.255557E+00 2.461552E+00
2.391355E+01 1.167257E+00 2.327951E+00
2.380233E+01 1.095557E+00 2.195142E+00
2.369213E+01 1.038560E+00 2.063649E+00
2.358295E+01 9.949136E-01 1.933643E+00
2.347477E+01 9.637890E-01 1.805122E+00
2.336758E+01 9.448594E-01 1.678063E+00
2.326136E+01 9.382777E-01 1.552593E+00
2.315611E+01 9.446255E-01 1.429184E+00
2.305180E+01 9.647776E-01 1.308906E+00
2.294843E+01 9.995963E-01 1.193667E+00
2.284598E+01 1.049401E+00 1.086307E+00
2.274444E+01 1.113332E+00 9.902953E-01
2.264380E+01 1.188995E+00 9.089651E-01
2.254405E+01 1.272731E+00 8.446533E-01
2.244518E+01 1.360349E+00 7.983096E-01
2.234716E+01 1.447708E+00 7.696585E-01
2.225000E+01 1.530877E+00 7.574657E-01
2.215368E+01 1.606068E+00 7.594625E-01
2.205819E+01 1.669907E+00 7.718759E-01
2.196352E+01 1.720486E+00 7.890629E-01
2.186966E+01 1.759029E+00 8.042402E-01
2.177660E+01 1.790807E+00 8.119012E-01
2.168432E+01 1.823641E+00 8.106599E-01
2.159282E+01 1.864470E+00 8.039879E-01
2.150210E+01 1.916722E+00 7.981567E-01
2.141213E+01 1.980152E+00 7.994340E-01
2.132292E+01 2.052283E+00 8.125518E-01
2.123444E+01 2.129820E+00 8.406370E-01
2.114669E+01 2.209323E+00 8.857812E-01
2.105967E+01 2.287220E+00 9.495652E-01
2.097336E+01 2.359488E+00 1.033259E+00
2.088775E+01 2.421246E+00 1.137635E+00
2.080284E+01 2.466484E+00 1.262380E+00
2.071863E+01 2.488195E+00 1.405171E+00
2.063508E+01 2.479209E+00 1.560646E+00
2.055221E+01 2.433924E+00 1.719842E+00
2.047000E+01 2.350560E+00 1.870902E+00
2.038844E+01 2.232813E+00 2.001426E+00
2.030754E+01 2.089607E+00 2.101706E+00
2.022727E+01 1.932730E+00 2.167122E+00
2.014764E+01 1.773653E+00 2.198420E+00
2.006863E+01 1.621211E+00 2.200163E+00
1.999023E+01 1.480850E+00 2.178593E+00
1.991245E+01 1.355052E+00 2.139953E+00
1.983527E+01 1.244236E+00 2.089583E+00
1.975869E+01 1.147620E+00 2.031642E+00
1.968269E+01 1.063850E+00 1.969182E+00
1.960728E+01 9.913915E-01 1.904341E+00
1.953244E+01 9.287475E-01 1.838572E+00
1.945818E+01 8.745573E-01 1.772828E+00
1.938447E+01 8.276337E-01 1.707711E+00
1.931132E+01 7.869652E-01 1.643583E+00
1.923872E+01 7.517030E-01 1.580641E+00
1.916667E+01 7.211420E-01 1.518972E+00
1.909515E+01 6.947002E-01 1.458589E+00
1.902416E+01 6.719016E-01 1.399459E+00
1.895370E+01 6.523590E-01 1.341521E+00
1.888377E+01 6.357617E-01 1.284695E+00
1.881434E+01 6.218645E-01 1.228896E+00
1.874542E+01 6.104788E-01 1.174035E+00
1.867701E+01 6.014662E-01 1.120029E+00
1.860909E+01 5.947327E-01 1.066803E+00
1.854167E+01 5.902247E-01 1.014297E+00
1.847473E+01 5.879247E-01 9.624696E-01
1.840827E+01 5.878475E-01 9.113034E-01
1.834229E+01 5.900342E-01 8.608145E-01
1.827678E+01 5.945457E-01 8.110589E-01
1.821175E+01 6.014511E-01 7.621404E-01
1.814716E+01 6.108131E-01 7.142162E-01
1.808304E+01 6.226684E-01 6.674990E-01
1.801937E+01 6.370048E-01 6.222501E-01
1.795614E+01 6.537395E-01 5.787631E-01
1.789336E+01 6.727043E-01 5.373362E-01
1.783101E+01 6.936437E-01 4.982381E-01
1.776910E+01 7.162297E-01 4.616745E-01
1.770761E+01 7.400901E-01 4.277652E-01
1.764655E+01 7.648430E-01 3.965368E-01
1.758591E+01 7.901290E-01 3.679308E-01
1.752569E+01 8.156331E-01 3.418224E-01
1.746587E+01 8.410958E-01 3.180427E-01
1.740646E+01 8.663150E-01 2.963996E-01
1.734746E+01 8.911410E-01 2.766947E-01
1.728885E+01 9.154689E-01 2.587344E-01
1.723064E+01 9.392293E-01 2.423369E-01
1.717282E+01 9.623810E-01 2.273360E-01
1.711538E+01 9.849033E-01 2.135820E-01
1.705833E+01 1.006791E+00 2.009419E-01
1.700166E+01 1.028050E+00 1.892981E-01
1.694536E+01 1.048692E+00 1.785475E-01
1.688944E+01 1.068736E+00 1.685991E-01
1.683388E+01 1.088204E+00 1.593735E-01
1.677869E+01 1.107118E+00 1.508009E-01
1.672386E+01 1.125501E+00 1.428198E-01
1.666938E+01 1.143379E+00 1.353762E-01
1.661526E+01 1.160775E+00 1.284225E-01
1.656149E+01 1.177713E+00 1.219167E-01
1.650807E+01 1.194215E+00 1.158212E-01
1.645498E+01 1.210303E+00 1.101029E-01
1.640224E+01 1.225998E+00 1.047324E-01
1.634984E+01 1.241320E+00 9.968296E-02
1.629777E+01 1.256287E+00 9.493107E-02
1.624603E+01 1.270917E+00 9.045539E-02
1.619462E+01 1.285228E+00 8.623674E-02
1.614353E+01 1.299235E+00 8.225776E-02
1.609277E+01 1.312954E+00 7.850277E-02
1.604232E+01 1.326398E+00 7.495748E-02
1.599219E+01 1.339582E+00 7.160892E-02
1.594237E+01 1.352518E+00 6.844522E-02
1.589286E+01 1.365218E+00 6.545554E-02
1.584365E+01 1.377695E+00 6.262991E-02
1.579475E+01 1.389958E+00 5.995918E-02
1.574615E+01 1.402020E+00 5.743494E-02
1.569785E+01 1.413888E+00 5.504938E-02
1.564985E+01 1.425574E+00 5.279530E-02
1.560213E+01 1.437085E+00 5.066603E-02
1.555471E+01 1.448431E+00 4.865537E-02
1.550758E+01 1.459620E+00 4.675753E-02
1.546072E+01 1.470660E+00 4.496714E-02
1.541416E+01 1.481559E+00 4.327918E-02
1.536787E+01 1.492323E+00 4.168895E-02
1.532186E+01 1.502961E+00 4.019205E-02
1.527612E+01 1.513478E+00 3.878438E-02
1.523065E+01 1.523882E+00 3.746208E-02
1.518546E+01 1.534179E+00 3.622150E-02
1.514053E+01 1.544375E+00 3.505926E-02
1.509587E+01 1.554477E+00 3.397215E-02
1.505147E+01 1.564490E+00 3.295715E-02
1.500733E+01 1.574421E+00 3.201145E-02
1.496345E+01 1.584274E+00 3.113237E-02
1.491983E+01 1.594056E+00 3.031743E-02
1.487645E+01 1.603772E+00 2.956425E-02
1.483333E+01 1.613427E+00 2.887064E-02
1.479046E+01 1.623028E+00 2.823453E-02
1.474784E+01 1.632579E+00 2.765396E-02
1.470546E+01 1.642085E+00 2.712713E-02
1.466332E+01 1.651552E+00 2.665234E-02
1.462143E+01 1.660985E+00 2.622800E-02
1.457977E+01 1.670389E+00 2.585265E-02
1.453835E+01 1.679770E+00 2.552492E-02
1.449717E+01 1.689132E+00 2.524357E-02
1.445622E+01 1.698482E+00 2.500744E-02
1.441549E+01 1.707823E+00 2.481548E-02
1.437500E+01 1.717162E+00 2.466675E-02
1.433473E+01 1.726503E+00 2.456039E-02
1.429469E+01 1.735853E+00 2.449566E-02
1.425487E+01 1.745216E+00 2.447190E-02
1.421528E+01 1.754598E+00 2.448856E-02
1.417590E+01 1.764005E+00 2.454517E-02
1.413674E+01 1.773442E+00 2.464137E-02
1.409780E+01 1.782915E+00 2.477689E-02
1.405907E+01 1.792430E+00 2.495158E-02
1.402055E+01 1.801993E+00 2.516537E-02
1.398224E+01 1.811611E+00 2.541830E-02
1.394414E+01 1.821289E+00 2.571050E-02
1.390625E+01 1.831035E+00 2.604225E-02
1.386856E+01 1.840854E+00 2.641389E-02
1.383108E+01 1.850754E+00 2.682592E-02
1.379380E+01 1.860741E+00 2.727892E-02
1.375672E+01 1.870824E+00 2.777363E-02
1.371984E+01 1.881010E+00 2.831090E-02
1.368316E+01 1.891307E+00 2.889173E-02
1.364667E+01 1.901722E+00 2.951725E-02
1.361037E+01 1.912265E+00 3.018876E-02
1.357427E+01 1.922944E+00 3.090771E-02
1.353836E+01 1.933768E+00 3.167573E-02
1.350264E+01 1.944748E+00 3.249463E-02
1.346710E+01 1.955893E+00 3.336643E-02
1.343176E+01 1.967213E+00 3.429333E-02
1.339660E+01 1.978721E+00 3.527781E-02
1.336162E+01 1.990427E+00 3.632255E-02
1.332682E+01 2.002344E+00 3.743053E-02
1.329221E+01 2.014485E+00 3.860500E-02
1.325777E+01 2.026863E+00 3.984955E-02
1.322351E+01 2.039492E+00 4.116809E-02
1.318943E+01 2.052389E+00 4.256494E-02
1.315553E+01 2.065568E+00 4.404481E-02
1.312179E+01 2.079048E+00 4.561287E-02
1.308824E+01 2.092845E+00 4.727482E-02
1.305485E+01 2.106980E+00 4.903690E-02
1.302163E+01 2.121473E+00 5.090596E-02
1.298858E+01 2.136346E+00 5.288956E-02
1.295570E+01 2.151623E+00 5.499601E-02
1.292298E+01 2.167328E+00 5.723448E-02
1.289043E+01 2.183488E+00 5.961511E-02
1.285804E+01 2.200133E+00 6.214909E-02
1.282581E+01 2.217294E+00 6.484884E-02
1.279375E+01 2.235004E+00 6.772814E-02
1.276185E+01 2.253298E+00 7.080230E-02
1.273010E+01 2.272217E+00 7.408839E-02
1.269851E+01 2.291803E+00 7.760548E-02
1.266708E+01 2.312101E+00 8.137492E-02
1.263580E+01 2.333162E+00 8.542064E-02
1.260468E+01 2.355040E+00 8.976960E-02
1.257371E+01 2.377795E+00 9.445217E-02
1.254289E+01 2.401491E+00 9.950277E-02
1.251222E+01 2.426199E+00 1.049604E-01
1.248171E+01 2.451998E+00 1.108696E-01
1.245134E+01 2.478974E+00 1.172810E-01
1.242112E+01 2.507222E+00 1.242530E-01
1.239104E+01 2.536846E+00 1.318525E-01
1.236111E+01 2.567963E+00 1.401572E-01
1.233133E+01 2.600702E+00 1.492571E-01
1.230168E+01 2.635207E+00 1.592570E-01
1.227218E+01 2.671639E+00 1.702802E-01
1.224282E+01 2.710176E+00 1.824717E-01
1.221360E+01 2.751020E+00 1.960031E-01
1.218452E+01 2.794397E+00 2.110794E-01
1.215558E+01 2.840561E+00 2.279461E-01
1.212678E+01 2.889798E+00 2.468996E-01
1.209811E+01 2.942430E+00 2.683002E-01
1.206957E+01 2.998820E+00 2.925893E-01
1.204118E+01 3.059376E+00 3.203117E-01
1.201291E+01 3.124553E+00 3.521457E-01
1.198478E+01 3.194855E+00 3.889426E-01
1.195678E+01 3.270834E+00 4.317813E-01
1.192890E+01 3.353072E+00 4.820410E-01
1.190116E+01 3.442162E+00 5.415010E-01
1.187355E+01 3.538641E+00 6.124756E-01
1.184606E+01 3.642884E+00 6.979963E-01
1.181871E+01 3.754894E+00 8.020493E-01
1.179148E+01 3.873920E+00 9.298669E-01
1.176437E+01 3.997774E+00 1.088233E+00
1.173739E+01 4.121655E+00 1.285660E+00
1.171053E+01 4.236224E+00 1.532031E+00
1.168379E+01 4.324878E+00 1.836832E+00
1.165718E+01 4.361042E+00 2.204374E+00
1.163068E+01 4.308735E+00 2.624611E+00
1.160431E+01 4.132743E+00 3.062241E+00
1.157805E+01 3.821148E+00 3.456347E+00
1.155192E+01 3.404610E+00 3.744060E+00
1.152590E+01 2.946178E+00 3.894953E+00
1.150000E+01 2.506897E+00 3.921198E+00
1.147422E+01 2.122144E+00 3.858285E+00
1.144855E+01 1.801974E+00 3.742488E+00
1.142299E+01 1.542008E+00 3.600657E+00
1.139755E+01 1.332627E+00 3.449621E+00
1.137222E+01 1.163781E+00 3.298880E+00
1.134701E+01 1.026794E+00 3.153342E+00
1.132190E+01 9.147224E-01 3.015255E+00
1.129691E+01 8.221950E-01 2.885395E+00
1.127203E+01 7.451061E-01 2.763766E+00
1.124725E+01 6.803236E-01 2.649984E+00
1.122259E+01 6.254492E-01 2.543493E+00
1.119803E+01 5.786347E-01 2.443681E+00
1.117358E+01 5.384439E-01 2.349940E+00
1.114924E+01 5.037517E-01 2.261694E+00
1.112500E+01 4.736687E-01 2.178414E+00
1.110087E+01 4.474861E-01 2.099622E+00
1.107684E+01 4.246343E-01 2.024889E+00
1.105292E+01 4.046521E-01 1.953833E+00
1.102910E+01 3.871637E-01 1.886112E+00
1.100538E+01 3.718603E-01 1.821425E+00
1.098176E+01 3.584871E-01 1.759503E+00
1.095824E+01 3.468324E-01 1.700109E+00
1.093483E+01 3.367191E-01 1.643031E+00
1.091151E+01 3.279990E-01 1.588079E+00
1.088830E+01 3.205468E-01 1.535088E+00
1.086518E+01 3.142564E-01 1.483907E+00
1.084216E+01 3.090377E-01 1.434403E+00
1.081924E+01 3.048134E-01 1.386457E+00
1.079641E+01 3.015174E-01 1.339962E+00
1.077368E+01 2.990928E-01 1.294823E+00
1.075105E+01 2.974902E-01 1.250954E+00
1.072851E+01 2.966670E-01 1.208280E+00
1.070607E+01 2.965857E-01 1.166731E+00
1.068372E+01 2.972137E-01 1.126246E+00
1.066146E+01 2.985223E-01 1.086770E+00
1.063929E+01 3.004861E-01 1.048253E+00
1.061722E+01 3.030829E-01 1.010649E+00
1.059524E+01 3.062927E-01 9.739202E-01
1.057335E+01 3.100978E-01 9.380289E-01
1.055155E+01 3.144829E-01 9.029428E-01
1.052983E+01 3.194340E-01 8.686325E-01
1.050821E+01 3.249392E-01 8.350718E-01
1.048668E+01 3.309884E-01 8.022368E-01
1.046524E+01 3.375729E-01 7.701064E-01
1.044388E+01 3.446861E-01 7.386621E-01
1.042261E+01 3.523230E-01 7.078879E-01
1.040142E+01 3.604805E-01 6.777703E-01
1.038032E+01 3.691576E-01 6.482991E-01
1.035931E+01 3.783546E-01 6.194675E-01
1.033838E+01 3.880737E-01 5.912724E-01
1.031754E+01 3.983178E-01 5.637154E-01
1.029678E+01 4.090903E-01 5.368032E-01
1.027610E+01 4.203939E-01 5.105477E-01
1.025551E+01 4.322290E-01 4.849668E-01
1.023500E+01 4.445927E-01 4.600837E-01
1.021457E+01 4.574770E-01 4.359267E-01
1.019422E+01 4.708671E-01 4.125276E-01
1.017396E+01 4.847408E-01 3.899200E-01
1.015377E+01 4.990675E-01 3.681375E-01
1.013366E+01 5.138085E-01 3.472113E-01
1.011364E+01 5.289180E-01 3.271683E-01
1.009369E+01 5.443440E-01 3.080290E-01
1.007382E+01 5.600306E-01 2.898067E-01
1.005403E+01 5.759195E-01 2.725070E-01
1.003431E+01 5.919523E-01 2.561277E-01
1.001468E+01 6.080716E-01 2.406592E-01
9.995112E+00 6.242226E-01 2.260856E-01
9.975630E+00 6.403538E-01 2.123854E-01
9.956222E+00 6.564177E-01 1.995329E-01
9.936891E+00 6.723710E-01 1.874985E-01
9.917634E+00 6.881748E-01 1.762501E-01
9.898452E+00 7.037945E-01 1.657536E-01
9.879344E+00 7.191995E-01 1.559736E-01
9.860309E+00 7.343637E-01 1.468739E-01
9.841348E+00 7.492643E-01 1.384178E-01
9.822459E+00 7.638823E-01 1.305688E-01
9.803643E+00 7.782022E-01 1.232907E-01
9.784899E+00 7.922114E-01 1.165479E-01
9.766226E+00 8.059002E-01 1.103055E-01
9.747615E+00 8.192618E-01 1.045298E-01
9.729084E+00 8.322916E-01 9.918813E-02
9.710623E+00 8.449873E-01 9.424916E-02
9.692233E+00 8.573484E-01 8.968295E-02
9.673912E+00 8.693763E-01 8.546103E-02
9.655660E+00 8.810741E-01 8.155645E-02
9.637477E+00 8.924459E-01 7.794380E-02
9.619362E+00 9.034971E-01 7.459922E-02
9.601315E+00 9.142342E-01 7.150042E-02
9.583336E+00 9.246643E-01 6.862662E-02
9.565424E+00 9.347952E-01 6.595854E-02
9.547578E+00 9.446354E-01 6.347836E-02
9.529800E+00 9.541935E-01 6.116961E-02
9.512078E+00 9.634785E-01 5.901720E-02
9.494431E+00 9.724995E-01 5.700727E-02
9.476849E+00 9.812658E-01 5.512716E-02
9.459333E+00 9.897864E-01 5.336533E-02
9.441881E+00 9.980706E-01 5.171128E-02
9.424493E+00 1.006127E+00 5.015550E-02
9.407170E+00 1.013965E+00 4.868934E-02
9.389909E+00 1.021593E+00 4.730503E-02
9.372712E+00 1.029019E+00 4.599550E-02
9.355578E+00 1.036252E+00 4.475444E-02
9.338507E+00 1.043298E+00 4.357611E-02
9.321498E+00 1.050166E+00 4.245538E-02
9.304541E+00 1.056863E+00 4.138764E-02
9.287655E+00 1.063395E+00 4.036873E-02
9.270831E+00 1.069769E+00 3.939492E-02
9.254067E+00 1.075992E+00 3.846284E-02
9.237363E+00 1.082069E+00 3.756950E-02
9.220720E+00 1.088006E+00 3.671217E-02
9.204137E+00 1.093808E+00 3.588839E-02
9.187613E+00 1.099481E+00 3.509597E-02
9.171148E+00 1.105029E+00 3.433290E-02
9.154743E+00 1.110457E+00 3.359738E-02
9.138396E+00 1.115769E+00 3.288776E-02
9.122107E+00 1.120970E+00 3.220255E-02
9.105876E+00 1.126063E+00 3.154038E-02
9.089694E+00 1.131052E+00 3.090001E-02
9.073579E+00 1.135941E+00 3.028030E-02
9.057520E+00 1.140733E+00 2.968019E-02
9.041518E+00 1.145431E+00 2.909872E-02
9.025572E+00 1.150039E+00 2.853499E-02
9.009683E+00 1.154559E+00 2.798817E-02
8.993849E+00 1.158994E+00 2.745748E-02
8.978071E+00 1.163346E+00 2.694221E-02
8.962348E+00 1.167619E+00 2.644169E-02
8.946680E+00 1.171814E+00 2.595529E-02
8.931067E+00 1.175935E+00 2.548242E-02
8.915509E+00 1.179982E+00 2.502252E-02
8.899996E+00 1.183959E+00 2.457507E-02
8.884545E+00 1.187867E+00 2.413959E-02
8.869148E+00 1.191708E+00 2.371560E-02
8.853804E+00 1.195484E+00 2.330267E-02
8.838513E+00 1.199197E+00 2.290039E-02
8.823275E+00 1.202849E+00 2.250835E-02
8.808089E+00 1.206441E+00 2.212618E-02
8.792956E+00 1.209975E+00 2.175353E-02
8.777874E+00 1.213452E+00 2.139006E-02
8.762844E+00 1.216874E+00 2.103544E-02
8.747866E+00 1.220242E+00 2.068937E-02
8.732938E+00 1.223558E+00 2.035156E-02
8.718061E+00 1.226822E+00 2.002173E-02
8.703228E+00 1.230037E+00 1.969960E-02
8.688452E+00 1.233203E+00 1.938493E-02
8.673727E+00 1.236322E+00 1.907747E-02
8.659051E+00 1.239395E+00 1.877699E-02
8.644425E+00 1.242422E+00 1.848326E-02
8.629848E+00 1.245405E+00 1.819608E-02
8.615320E+00 1.248345E+00 1.791523E-02
8.600841E+00 1.251243E+00 1.764052E-02
8.586411E+00 1.254099E+00 1.737177E-02
8.572029E+00 1.256916E+00 1.710878E-02
8.557695E+00 1.259693E+00 1.685140E-02
8.543409E+00 1.262432E+00 1.659945E-02
8.529170E+00 1.265133E+00 1.635277E-02
8.514972E+00 1.267797E+00 1.611121E-02
8.500828E+00 1.270425E+00 1.587462E-02
8.486731E+00 1.273019E+00 1.564287E-02
8.472681E+00 1.275577E+00 1.541580E-02
8.458677E+00 1.278102E+00 1.519330E-02
8.444719E+00 1.280594E+00 1.497523E-02
8.430808E+00 1.283054E+00 1.476148E-02
8.416942E+00 1.285482E+00 1.455192E-02
8.403121E+00 1.287878E+00 1.434644E-02
8.389346E+00 1.290245E+00 1.414493E-02
8.375616E+00 1.292581E+00 1.394730E-02
8.361931E+00 1.294889E+00 1.375343E-02
8.348284E+00 1.297168E+00 1.356322E-02
8.334688E+00 1.299418E+00 1.337659E-02
8.321136E+00 1.301642E+00 1.319345E-02
8.307628E+00 1.303838E+00 1.301369E-02
8.294164E+00 1.306007E+00 1.283725E-02
8.280744E+00 1.308151E+00 1.266403E-02
8.267367E+00 1.310269E+00 1.249395E-02
8.254033E+00 1.312363E+00 1.232695E-02
8.240742E+00 1.314431E+00 1.216293E-02
8.227493E+00 1.316476E+00 1.200184E-02
8.214288E+00 1.318497E+00 1.184360E-02
8.201124E+00 1.320495E+00 1.168815E-02
8.188003E+00 1.322469E+00 1.153541E-02
8.174917E+00 1.324422E+00 1.138533E-02
8.161879E+00 1.326352E+00 1.123784E-02
8.148883E+00 1.328261E+00 1.109288E-02
8.135929E+00 1.330149E+00 1.095040E-02
8.123015E+00 1.332016E+00 1.081034E-02
8.110142E+00 1.333862E+00 1.067264E-02
8.097310E+00 1.335688E+00 1.053726E-02
8.084519E+00 1.337494E+00 1.040413E-02
8.071768E+00 1.339281E+00 1.027322E-02
8.059057E+00 1.341049E+00 1.014447E-02
8.046386E+00 1.342798E+00 1.001783E-02
8.033755E+00 1.344528E+00 9.893265E-03
8.021163E+00 1.346240E+00 9.770723E-03
8.008604E+00 1.347934E+00 9.650162E-03
7.996092E+00 1.349611E+00 9.531541E-03
7.983618E+00 1.351270E+00 9.414819E-03
7.971183E+00 1.352912E+00 9.299956E-03
7.958786E+00 1.354537E+00 9.186913E-03
7.946428E+00 1.356146E+00 9.075654E-03
7.934109E+00 1.357739E+00 8.966140E-03
7.921827E+00 1.359315E+00 8.858336E-03
7.909584E+00 1.360876E+00 8.752208E-03
7.897378E+00 1.362421E+00 8.647721E-03
7.885210E+00 1.363951E+00 8.544843E-03
7.873080E+00 1.365466E+00 8.443541E-03
7.860980E+00 1.366966E+00 8.343784E-03
7.848924E+00 1.368452E+00 8.245541E-03
7.836905E+00 1.369923E+00 8.148782E-03
7.824922E+00 1.371380E+00 8.053478E-03
7.812976E+00 1.372823E+00 7.959601E-03
7.801067E+00 1.374252E+00 7.867123E-03
7.789193E+00 1.375668E+00 7.776016E-03
7.777356E+00 1.377071E+00 7.686254E-03
7.765555E+00 1.378460E+00 7.597811E-03
7.753789E+00 1.379836E+00 7.510662E-03
7.742059E+00 1.381200E+00 7.424782E-03
7.730365E+00 1.382551E+00 7.340147E-03
7.718706E+00 1.383889E+00 7.256733E-03
7.707076E+00 1.385216E+00 7.174516E-03
7.695487E+00 1.386530E+00 7.093476E-03
7.683932E+00 1.387832E+00 7.013588E-03
7.672413E+00 1.389123E+00 6.934832E-03
7.660927E+00 1.390402E+00 6.857186E-03
7.649477E+00 1.391669E+00 6.780629E-03
7.638060E+00 1.392926E+00 6.705142E-03
7.626677E+00 1.394171E+00 6.630704E-03
7.615328E+00 1.395405E+00 6.557295E-03
7.604013E+00 1.396629E+00 6.484897E-03
7.592732E+00 1.397841E+00 6.413490E-03
7.581484E+00 1.399044E+00 6.343057E-03
7.570269E+00 1.400236E+00 6.273580E-03
7.559082E+00 1.401417E+00 6.205040E-03
7.547933E+00 1.402589E+00 6.137420E-03
7.536817E+00 1.403750E+00 6.070704E-03
7.525734E+00 1.404902E+00 6.004875E-03
7.514684E+00 1.406044E+00 5.939916E-03
7.503666E+00 1.407176E+00 5.875811E-03
7.492680E+00 1.408299E+00 5.812546E-03
7.481726E+00 1.409413E+00 5.750103E-03
7.470804E+00 1.410517E+00 5.688469E-03
7.459914E+00 1.411613E+00 5.627627E-03
7.449056E+00 1.412699E+00 5.567565E-03
7.438229E+00 1.413776E+00 5.508267E-03
7.427428E+00 1.414845E+00 5.449719E-03
7.416665E+00 1.415905E+00 5.391908E-03
7.405932E+00 1.416956E+00 5.334819E-03
7.395230E+00 1.417999E+00 5.278440E-03
7.384559E+00 1.419034E+00 5.222758E-03
7.373919E+00 1.420060E+00 5.167760E-03
7.363309E+00 1.421078E+00 5.113433E-03
7.352730E+00 1.422088E+00 5.059765E-03
7.342182E+00 1.423090E+00 5.006743E-03
7.331663E+00 1.424085E+00 4.954356E-03
7.321175E+00 1.425071E+00 4.902593E-03
7.310716E+00 1.426050E+00 4.851441E-03
7.300288E+00 1.427022E+00 4.800889E-03
7.289884E+00 1.427985E+00 4.750927E-03
7.279514E+00 1.428942E+00 4.701543E-03
7.269175E+00 1.429891E+00 4.652727E-03
7.258864E+00 1.430833E+00 4.604468E-03
7.248583E+00 1.431768E+00 4.556756E-03
7.238331E+00 1.432696E+00 4.509581E-03
7.228108E+00 1.433617E+00 4.462934E-03
7.217913E+00 1.434530E+00 4.416803E-03
7.207747E+00 1.435438E+00 4.371181E-03
7.197610E+00 1.436338E+00 4.326058E-03
7.187502E+00 1.437232E+00 4.281423E-03
7.177422E+00 1.438119E+00 4.237270E-03
7.167364E+00 1.439000E+00 4.193588E-03
7.157341E+00 1.439874E+00 4.150370E-03
7.147345E+00 1.440742E+00 4.107606E-03
7.137377E+00 1.441604E+00 4.065289E-03
7.127436E+00 1.442459E+00 4.023411E-03
7.117524E+00 1.443309E+00 3.981964E-03
7.107639E+00 1.444152E+00 3.940940E-03
7.097781E+00 1.444989E+00 3.900332E-03
7.087951E+00 1.445821E+00 3.860132E-03
7.078148E+00 1.446646E+00 3.820333E-03
7.068372E+00 1.447466E+00 3.780929E-03
7.058623E+00 1.448280E+00 3.741913E-03
7.048900E+00 1.449089E+00 3.703278E-03
7.039200E+00 1.449892E+00 3.665017E-03
7.029531E+00 1.450689E+00 3.627126E-03
7.019889E+00 1.451481E+00 3.589597E-03
7.010273E+00 1.452267E+00 3.552425E-03
7.000683E+00 1.453049E+00 3.515605E-03
6.991120E+00 1.453825E+00 3.479130E-03
6.981583E+00 1.454595E+00 3.442996E-03
6.972071E+00 1.455361E+00 3.407199E-03
6.962586E+00 1.456121E+00 3.371732E-03
6.953126E+00 1.456877E+00 3.336593E-03
6.943692E+00 1.457627E+00 3.301775E-03
6.934284E+00 1.458373E+00 3.267276E-03
6.924901E+00 1.459113E+00 3.233092E-03
6.915538E+00 1.459849E+00 3.199218E-03
6.906206E+00 1.460580E+00 3.165653E-03
6.896899E+00 1.461307E+00 3.132391E-03
6.887617E+00 1.462028E+00 3.099432E-03
6.878360E+00 1.462745E+00 3.066772E-03
6.869127E+00 1.463458E+00 3.034409E-03
6.859920E+00 1.464166E+00 3.002341E-03
6.850737E+00 1.464870E+00 2.970566E-03
6.841578E+00 1.465569E+00 2.939083E-03
6.832445E+00 1.466264E+00 2.907891E-03
6.823335E+00 1.466955E+00 2.876990E-03
6.814250E+00 1.467641E+00 2.846378E-03
6.805184E+00 1.468324E+00 2.816057E-03
6.796147E+00 1.469002E+00 2.786025E-03
6.787134E+00 1.469676E+00 2.756285E-03
6.778145E+00 1.470346E+00 2.726837E-03
6.769179E+00 1.471012E+00 2.697683E-03
6.760237E+00 1.471674E+00 2.668824E-03
6.751319E+00 1.472332E+00 2.640263E-03
6.742425E+00 1.472987E+00 2.612003E-03
6.733553E+00 1.473637E+00 2.584048E-03
6.724705E+00 1.474284E+00 2.556400E-03
6.715881E+00 1.474927E+00 2.529065E-03
6.707079E+00 1.475567E+00 2.502046E-03
6.698301E+00 1.476203E+00 2.475350E-03
6.689540E+00 1.476835E+00 2.448982E-03
6.680808E+00 1.477464E+00 2.422949E-03
6.672098E+00 1.478089E+00 2.397257E-03
6.663410E+00 1.478711E+00 2.371914E-03
6.654746E+00 1.479329E+00 2.346928E-03
6.646104E+00 1.479945E+00 2.322308E-03
6.637484E+00 1.480556E+00 2.298062E-03
6.628886E+00 1.481165E+00 2.274202E-03
6.620311E+00 1.481770E+00 2.250737E-03
6.611758E+00 1.482372E+00 2.227679E-03
6.603227E+00 1.482971E+00 2.205039E-03
6.594718E+00 1.483567E+00 2.182830E-03
6.586231E+00 1.484159E+00 2.161065E-03
6.577762E+00 1.484749E+00 2.139758E-03
6.569318E+00 1.485336E+00 2.118923E-03
6.560896E+00 1.485919E+00 2.098574E-03
6.552496E+00 1.486500E+00 2.078729E-03
6.544117E+00 1.487078E+00 2.059402E-03
6.535760E+00 1.487652E+00 2.040612E-03
6.527424E+00 1.488224E+00 2.022374E-03
6.519109E+00 1.488793E+00 2.004707E-03
6.510815E+00 1.489360E+00 1.987631E-03
6.502542E+00 1.489923E+00 1.971163E-03
6.494291E+00 1.490484E+00 1.955323E-03
6.486060E+00 1.491042E+00 1.940132E-03
6.477846E+00 1.491598E+00 1.925609E-03
6.469657E+00 1.492151E+00 1.911776E-03
6.461489E+00 1.492701E+00 1.898654E-03
6.453341E+00 1.493248E+00 1.886264E-03
6.445213E+00 1.493793E+00 1.874627E-03
6.437107E+00 1.494335E+00 1.863767E-03
6.429020E+00 1.494875E+00 1.853703E-03
6.420954E+00 1.495412E+00 1.844459E-03
6.412908E+00 1.495947E+00 1.836057E-03
6.404882E+00 1.496479E+00 1.828517E-03
6.396876E+00 1.497008E+00 1.821863E-03
6.388890E+00 1.497535E+00 1.816114E-03
6.380925E+00 1.498060E+00 1.811293E-03
6.372975E+00 1.498582E+00 1.807420E-03
6.365048E+00 1.499101E+00 1.804515E-03
6.357142E+00 1.499618E+00 1.802597E-03
6.349255E+00 1.500133E+00 1.801686E-03
6.341387E+00 1.500645E+00 1.801798E-03
6.333539E+00 1.501154E+00 1.802953E-03
6.325711E+00 1.501661E+00 1.805165E-03
6.317902E+00 1.502166E+00 1.808450E-03
6.310112E+00 1.502668E+00 1.812822E-03
6.302341E+00 1.503168E+00 1.818296E-03
6.294589E+00 1.503665E+00 1.824882E-03
6.286857E+00 1.504160E+00 1.832593E-03
6.279143E+00 1.504652E+00 1.841438E-03
6.271444E+00 1.505142E+00 1.851428E-03
6.263769E+00 1.505629E+00 1.862573E-03
6.256111E+00 1.506114E+00 1.874880E-03
6.248473E+00 1.506597E+00 1.888361E-03
6.240853E+00 1.507077E+00 1.903025E-03
6.233252E+00 1.507555E+00 1.918884E-03
6.225669E+00 1.508030E+00 1.935953E-03
6.218105E+00 1.508503E+00 1.954249E-03
6.210559E+00 1.508974E+00 1.973795E-03
6.203031E+00 1.509442E+00 1.994619E-03
6.195522E+00 1.509908E+00 2.016757E-03
6.188031E+00 1.510372E+00 2.040253E-03
6.180554E+00 1.510834E+00 2.065165E-03
6.173099E+00 1.511294E+00 2.091561E-03
6.165661E+00 1.511752E+00 2.119525E-03
6.158242E+00 1.512207E+00 2.149160E-03
6.150841E+00 1.512661E+00 2.180585E-03
6.143457E+00 1.513113E+00 2.213943E-03
6.136091E+00 1.513563E+00 2.249397E-03
6.128743E+00 1.514011E+00 2.287133E-03
6.121412E+00 1.514457E+00 2.327361E-03
6.114099E+00 1.514901E+00 2.370311E-03
6.106803E+00 1.515343E+00 2.416236E-03
6.099525E+00 1.515783E+00 2.465405E-03
6.092264E+00 1.516221E+00 2.518099E-03
6.085016E+00 1.516656E+00 2.574609E-03
6.077790E+00 1.517089E+00 2.635223E-03
6.070580E+00 1.517518E+00 2.700224E-03
6.063388E+00 1.517944E+00 2.769873E-03
6.056213E+00 1.518366E+00 2.844405E-03
6.049054E+00 1.518784E+00 2.924011E-03
6.041913E+00 1.519197E+00 3.008830E-03
6.034788E+00 1.519604E+00 3.098931E-03
6.027680E+00 1.520004E+00 3.194306E-03
6.020589E+00 1.520398E+00 3.294855E-03
6.013515E+00 1.520784E+00 3.400374E-03
6.006457E+00 1.521161E+00 3.510549E-03
5.999412E+00 1.521529E+00 3.624948E-03
5.992387E+00 1.521887E+00 3.743015E-03
5.985379E+00 1.522234E+00 3.864071E-03
5.978387E+00 1.522570E+00 3.987314E-03
5.971411E+00 1.522894E+00 4.111827E-03
5.964452E+00 1.523205E+00 4.236584E-03
5.957509E+00 1.523503E+00 4.360467E-03
5.950582E+00 1.523789E+00 4.482276E-03
5.943671E+00 1.524062E+00 4.600757E-03
5.936776E+00 1.524322E+00 4.714617E-03
5.929897E+00 1.524569E+00 4.822556E-03
5.923034E+00 1.524804E+00 4.923290E-03
5.916187E+00 1.525028E+00 5.015584E-03
5.909352E+00 1.525242E+00 5.098281E-03
5.902536E+00 1.525446E+00 5.170331E-03
5.895736E+00 1.525642E+00 5.230820E-03
5.888952E+00 1.525831E+00 5.279000E-03
5.882183E+00 1.526015E+00 5.314305E-03
5.875430E+00 1.526194E+00 5.336379E-03
5.868693E+00 1.526372E+00 5.345080E-03
5.861971E+00 1.526548E+00 5.340493E-03
5.855264E+00 1.526725E+00 5.322927E-03
5.848572E+00 1.526905E+00 5.292907E-03
5.841896E+00 1.527087E+00 5.251159E-03
5.835235E+00 1.527275E+00 5.198589E-03
5.828589E+00 1.527469E+00 5.136253E-03
5.821955E+00 1.527669E+00 5.065326E-03
5.815340E+00 1.527876E+00 4.987065E-03
5.808739E+00 1.528091E+00 4.902771E-03
5.802154E+00 1.528314E+00 4.813751E-03
5.795583E+00 1.528546E+00 4.721282E-03
5.789027E+00 1.528785E+00 4.626581E-03
5.782486E+00 1.529032E+00 4.530773E-03
5.775960E+00 1.529286E+00 4.434871E-03
5.769448E+00 1.529546E+00 4.339759E-03
5.762951E+00 1.529813E+00 4.246185E-03
5.756469E+00 1.530085E+00 4.154751E-03
5.750001E+00 1.530362E+00 4.065918E-03
5.743545E+00 1.530642E+00 3.980013E-03
5.737106E+00 1.530926E+00 3.897238E-03
5.730682E+00 1.531212E+00 3.817682E-03
5.724272E+00 1.531500E+00 3.741338E-03
5.717877E+00 1.531789E+00 3.668118E-03
5.711495E+00 1.532079E+00 3.597869E-03
5.705128E+00 1.532369E+00 3.530393E-03
5.698775E+00 1.532659E+00 3.465454E-03
5.692437E+00 1.532950E+00 3.402803E-03
5.686112E+00 1.533239E+00 3.342179E-03
5.679801E+00 1.533529E+00 3.283328E-03
5.673505E+00 1.533817E+00 3.226005E-03
5.667222E+00 1.534105E+00 3.169985E-03
5.660950E+00 1.534392E+00 3.115066E-03
5.654695E+00 1.534678E+00 3.061073E-03
5.648454E+00 1.534964E+00 3.007857E-03
5.642226E+00 1.535248E+00 2.955302E-03
5.636013E+00 1.535533E+00 2.903317E-03
5.629813E+00 1.535817E+00 2.851841E-03
5.623626E+00 1.536100E+00 2.800837E-03
5.617454E+00 1.536384E+00 2.750292E-03
5.611294E+00 1.536667E+00 2.700215E-03
5.605149E+00 1.536949E+00 2.650634E-03
5.599016E+00 1.537232E+00 2.601589E-03
5.592897E+00 1.537515E+00 2.553138E-03
5.586792E+00 1.537798E+00 2.505346E-03
5.580697E+00 1.538080E+00 2.458287E-03
5.574618E+00 1.538363E+00 2.412042E-03
5.568552E+00 1.538646E+00 2.366692E-03
5.562499E+00 1.538929E+00 2.322324E-03
5.556460E+00 1.539212E+00 2.279020E-03
5.550434E+00 1.539494E+00 2.236865E-03
5.544421E+00 1.539777E+00 2.195936E-03
5.538420E+00 1.540059E+00 2.156309E-03
5.532433E+00 1.540342E+00 2.118051E-03
5.526459E+00 1.540624E+00 2.081225E-03
5.520497E+00 1.540905E+00 2.045885E-03
5.514549E+00 1.541186E+00 2.012077E-03
5.508610E+00 1.541467E+00 1.979837E-03
5.502687E+00 1.541746E+00 1.949192E-03
5.496777E+00 1.542025E+00 1.920160E-03
5.490879E+00 1.542303E+00 1.892748E-03
5.484994E+00 1.542580E+00 1.866951E-03
5.479122E+00 1.542856E+00 1.842756E-03
5.473262E+00 1.543131E+00 1.820139E-03
5.467415E+00 1.543404E+00 1.799063E-03
5.461580E+00 1.543676E+00 1.779483E-03
5.455758E+00 1.543946E+00 1.761344E-03
5.449948E+00 1.544214E+00 1.744581E-03
5.444150E+00 1.544481E+00 1.729120E-03
5.438365E+00 1.544746E+00 1.714878E-03
5.432589E+00 1.545009E+00 1.701765E-03
5.426828E+00 1.545270E+00 1.689683E-03
5.421080E+00 1.545529E+00 1.678527E-03
5.415343E+00 1.545786E+00 1.668188E-03
5.409619E+00 1.546040E+00 1.658551E-03
5.403907E+00 1.546293E+00 1.649499E-03
5.398207E+00 1.546543E+00 1.640911E-03
5.392519E+00 1.546791E+00 1.632663E-03
5.386843E+00 1.547037E+00 1.624634E-03
5.381178E+00 1.547281E+00 1.616701E-03
5.375526E+00 1.547522E+00 1.608742E-03
5.369886E+00 1.547762E+00 1.600639E-03
5.364257E+00 1.547999E+00 1.592278E-03
5.358638E+00 1.548234E+00 1.583547E-03
5.353032E+00 1.548468E+00 1.574343E-03
5.347439E+00 1.548699E+00 1.564568E-03
5.341858E+00 1.548928E+00 1.554130E-03
5.336288E+00 1.549156E+00 1.542948E-03
5.330729E+00 1.549383E+00 1.530948E-03
5.325182E+00 1.549607E+00 1.518065E-03
5.319647E+00 1.549831E+00 1.504247E-03
5.314123E+00 1.550053E+00 1.489449E-03
5.308611E+00 1.550273E+00 1.473638E-03
5.303110E+00 1.550493E+00 1.456793E-03
5.297620E+00 1.550712E+00 1.438902E-03
5.292139E+00 1.550930E+00 1.419967E-03
5.286672E+00 1.551147E+00 1.399997E-03
5.281217E+00 1.551363E+00 1.379015E-03
5.275773E+00 1.551580E+00 1.357051E-03
5.270339E+00 1.551795E+00 1.334146E-03
5.264917E+00 1.552011E+00 1.310351E-03
5.259507E+00 1.552226E+00 1.285724E-03
5.254107E+00 1.552441E+00 1.260331E-03
5.248718E+00 1.552656E+00 1.234244E-03
5.243341E+00 1.552871E+00 1.207541E-03
5.237974E+00 1.553086E+00 1.180305E-03
5.232619E+00 1.553301E+00 1.152622E-03
5.227274E+00 1.553517E+00 1.124583E-03
5.221938E+00 1.553732E+00 1.096278E-03
5.216615E+00 1.553948E+00 1.067799E-03
5.211303E+00 1.554164E+00 1.039238E-03
5.206001E+00 1.554381E+00 1.010686E-03
5.200711E+00 1.554597E+00 9.822305E-04
5.195431E+00 1.554814E+00 9.539579E-04
5.190162E+00 1.555031E+00 9.259505E-04
5.184904E+00 1.555249E+00 8.982861E-04
5.179656E+00 1.555466E+00 8.710379E-04
5.174419E+00 1.555684E+00 8.442738E-04
5.169193E+00 1.555901E+00 8.180559E-04
5.163977E+00 1.556119E+00 7.924403E-04
5.158769E+00 1.556336E+00 7.674768E-04
5.153574E+00 1.556554E+00 7.432090E-04
5.148389E+00 1.556771E+00 7.196739E-04
5.143215E+00 1.556989E+00 6.969019E-04
5.138052E+00 1.557206E+00 6.749173E-04
5.132898E+00 1.557422E+00 6.537384E-04
5.127755E+00 1.557639E+00 6.333771E-04
5.122623E+00 1.557854E+00 6.138402E-04
5.117500E+00 1.558070E+00 5.951286E-04
5.112388E+00 1.558285E+00 5.772388E-04
5.107286E+00 1.558499E+00 5.601622E-04
5.102194E+00 1.558712E+00 5.438865E-04
5.097113E+00 1.558925E+00 5.283953E-04
5.092039E+00 1.559138E+00 5.136691E-04
5.086977E+00 1.559349E+00 4.996855E-04
5.081926E+00 1.559560E+00 4.864194E-04
5.076884E+00 1.559769E+00 4.738440E-04
5.071853E+00 1.559978E+00 4.619307E-04
5.066832E+00 1.560186E+00 4.506497E-04
5.061820E+00 1.560394E+00 4.399702E-04
5.056818E+00 1.560600E+00 4.298610E-04
5.051827E+00 1.560805E+00 4.202906E-04
5.046845E+00 1.561009E+00 4.112274E-04
5.041873E+00 1.561213E+00 4.026403E-04
5.036910E+00 1.561415E+00 3.944986E-04
5.031958E+00 1.561617E+00 3.867725E-04
5.027013E+00 1.561817E+00 3.794328E-04
5.022080E+00 1.562016E+00 3.724515E-04
5.017156E+00 1.562215E+00 3.658018E-04
5.012242E+00 1.562412E+00 3.594581E-04
5.007338E+00 1.562609E+00 3.533961E-04
5.002444E+00 1.562805E+00 3.475929E-04
4.997559E+00 1.562999E+00 3.420269E-04
4.992683E+00 1.563193E+00 3.366780E-04
4.987817E+00 1.563386E+00 3.315276E-04
4.982961E+00 1.563577E+00 3.265583E-04
4.978114E+00 1.563768E+00 3.217541E-04
4.973276E+00 1.563958E+00 3.171005E-04
4.968445E+00 1.564147E+00 3.125840E-04
4.963627E+00 1.564336E+00 3.081926E-04
4.958817E+00 1.564523E+00 3.039152E-04
4.954017E+00 1.564709E+00 2.997420E-04
4.949226E+00 1.564895E+00 2.956643E-04
4.944444E+00 1.565080E+00 2.916740E-04
4.939672E+00 1.565264E+00 2.877644E-04
4.934909E+00 1.565447E+00 2.839291E-04
4.930155E+00 1.565630E+00 2.801630E-04
4.925410E+00 1.565811E+00 2.764612E-04
4.920674E+00 1.565992E+00 2.728199E-04
4.915947E+00 1.566172E+00 2.692354E-04
4.911230E+00 1.566351E+00 2.657050E-04
4.906519E+00 1.566530E+00 2.622261E-04
4.901819E+00 1.566708E+00 2.587966E-04
4.897128E+00 1.566885E+00 2.554149E-04
4.892447E+00 1.567061E+00 2.520796E-04
4.887774E+00 1.567237E+00 2.487895E-04
4.883111E+00 1.567412E+00 2.455438E-04
4.878456E+00 1.567586E+00 2.423418E-04
4.873810E+00 1.567760E+00 2.391830E-04
4.869173E+00 1.567933E+00 2.360670E-04
4.864544E+00 1.568105E+00 2.329937E-04
4.859925E+00 1.568277E+00 2.299627E-04
4.855314E+00 1.568448E+00 2.269741E-04
4.850712E+00 1.568618E+00 2.240278E-04
4.846116E+00 1.568788E+00 2.211238E-04
4.841532E+00 1.568957E+00 2.182621E-04
4.836956E+00 1.569125E+00 2.154428E-04
4.832389E+00 1.569293E+00 2.126658E-04
4.827830E+00 1.569460E+00 2.099313E-04
4.823280E+00 1.569626E+00 2.072391E-04
4.818738E+00 1.569792E+00 2.045893E-04
4.814205E+00 1.569957E+00 2.019818E-04
4.809681E+00 1.570122E+00 1.994166E-04
4.805165E+00 1.570286E+00 1.968935E-04
4.800657E+00 1.570449E+00 1.944124E-04
4.796158E+00 1.570612E+00 1.919730E-04
4.791666E+00 1.570774E+00 1.895751E-04
4.787183E+00 1.570936E+00 1.872185E-04
4.782710E+00 1.571097E+00 1.849027E-04
4.778244E+00 1.571257E+00 1.826276E-04
4.773787E+00 1.571417E+00 1.803925E-04
4.769338E+00 1.571576E+00 1.781972E-04
4.764898E+00 1.571734E+00 1.760411E-04
4.760465E+00 1.571892E+00 1.739236E-04
4.756041E+00 1.572050E+00 1.718443E-04
4.751625E+00 1.572207E+00 1.698026E-04
4.747218E+00 1.572363E+00 1.677979E-04
4.742818E+00 1.572519E+00 1.658294E-04
4.738427E+00 1.572674E+00 1.638965E-04
4.734042E+00 1.572829E+00 1.619986E-04
4.729666E+00 1.572983E+00 1.601350E-04
4.725299E+00 1.573136E+00 1.583048E-04
4.720940E+00 1.573289E+00 1.565073E-04
4.716590E+00 1.573441E+00 1.547419E-04
4.712247E+00 1.573593E+00 1.530076E-04
4.707912E+00 1.573744E+00 1.513038E-04
4.703585E+00 1.573895E+00 1.496295E-04
4.699266E+00 1.574045E+00 1.479841E-04
4.694955E+00 1.574195E+00 1.463667E-04
4.690652E+00 1.574344E+00 1.447766E-04
4.686356E+00 1.574493E+00 1.432128E-04
4.682067E+00 1.574641E+00 1.416747E-04
4.677787E+00 1.574788E+00 1.401614E-04
4.673515E+00 1.574935E+00 1.386721E-04
4.669251E+00 1.575082E+00 1.372061E-04
4.664995E+00 1.575228E+00 1.357625E-04
4.660747E+00 1.575373E+00 1.343406E-04
4.656506E+00 1.575518E+00 1.329398E-04
4.652273E+00 1.575663E+00 1.315591E-04
4.648048E+00 1.575807E+00 1.301980E-04
4.643830E+00 1.575950E+00 1.288556E-04
4.639620E+00 1.576093E+00 1.275314E-04
4.635417E+00 1.576235E+00 1.262247E-04
4.631223E+00 1.576377E+00 1.249347E-04
4.627033E+00 1.576519E+00 1.236609E-04
4.622854E+00 1.576660E+00 1.224027E-04
4.618682E+00 1.576800E+00 1.211595E-04
4.614517E+00 1.576940E+00 1.199307E-04
4.610360E+00 1.577079E+00 1.187157E-04
4.606210E+00 1.577218E+00 1.175141E-04
4.602068E+00 1.577357E+00 1.163254E-04
4.597934E+00 1.577495E+00 1.151490E-04
4.593806E+00 1.577633E+00 1.139845E-04
4.589687E+00 1.577770E+00 1.128316E-04
4.585574E+00 1.577906E+00 1.116897E-04
4.581469E+00 1.578042E+00 1.105585E-04
4.577371E+00 1.578178E+00 1.094377E-04
4.573279E+00 1.578313E+00 1.083269E-04
4.569196E+00 1.578448E+00 1.072258E-04
4.565120E+00 1.578583E+00 1.061341E-04
4.561051E+00 1.578716E+00 1.050515E-04
4.556990E+00 1.578850E+00 1.039778E-04
4.552936E+00 1.578983E+00 1.029128E-04
4.548889E+00 1.579115E+00 1.018563E-04
4.544849E+00 1.579248E+00 1.008081E-04
4.540817E+00 1.579379E+00 9.976800E-05
4.536791E+00 1.579510E+00 9.873588E-05
4.532773E+00 1.579641E+00 9.771162E-05
4.528762E+00 1.579772E+00 9.669512E-05
4.524756E+00 1.579902E+00 9.568628E-05
4.520759E+00 1.580031E+00 9.468505E-05
4.516769E+00 1.580160E+00 9.369135E-05
4.512786E+00 1.580289E+00 9.270517E-05
4.508810E+00 1.580417E+00 9.172646E-05
4.504841E+00 1.580545E+00 9.075523E-05
4.500879E+00 1.580672E+00 8.979148E-05
4.496925E+00 1.580799E+00 8.883522E-05
4.492977E+00 1.580926E+00 8.788649E-05
4.489036E+00 1.581052E+00 8.694532E-05
4.485101E+00 1.581178E+00 8.601178E-05
4.481174E+00 1.581303E+00 8.508591E-05
4.477254E+00 1.581428E+00 8.416779E-05
4.473338E+00 1.581553E+00 8.325751E-05
4.469432E+00 1.581677E+00 8.235514E-05
4.465532E+00 1.581801E+00 8.146078E-05
4.461639E+00 1.581924E+00 8.057453E-05
4.457752E+00 1.582047E+00 7.969650E-05
4.453873E+00 1.582170E+00 7.882679E-05
4.450000E+00 1.582292E+00 7.796553E-05
4.446134E+00 1.582414E+00 7.711283E-05
4.442275E+00 1.582535E+00 7.626882E-05
4.438422E+00 1.582656E+00 7.543361E-05
4.434576E+00 1.582777E+00 7.460733E-05
4.430737E+00 1.582897E+00 7.379011E-05
4.426904E+00 1.583017E+00 7.298208E-05
4.423076E+00 1.583137E+00 7.218336E-05
4.419257E+00 1.583256E+00 7.139409E-05
4.415444E+00 1.583375E+00 7.061438E-05
4.411638E+00 1.583493E+00 6.984436E-05
4.407838E+00 1.583611E+00 6.908416E-05
4.404045E+00 1.583729E+00 6.833389E-05
4.400258E+00 1.583847E+00 6.759368E-05
4.396478E+00 1.583964E+00 6.686363E-05
4.392704E+00 1.584080E+00 6.614386E-05
4.388937E+00 1.584196E+00 6.543447E-05
4.385176E+00 1.584312E+00 6.473556E-05
4.381422E+00 1.584428E+00 6.404724E-05
4.377672E+00 1.584543E+00 6.336960E-05
4.373931E+00 1.584658E+00 6.270272E-05
4.370196E+00 1.584772E+00 6.204668E-05
4.366467E+00 1.584886E+00 6.140156E-05
4.362745E+00 1.585000E+00 6.076744E-05
4.359029E+00 1.585114E+00 6.014437E-05
4.355319E+00 1.585227E+00 5.953242E-05
4.351616E+00 1.585339E+00 5.893163E-05
4.347919E+00 1.585452E+00 5.834206E-05
4.344228E+00 1.585564E+00 5.776373E-05
4.340543E+00 1.585676E+00 5.719669E-05
4.336865E+00 1.585787E+00 5.664095E-05
4.333193E+00 1.585898E+00 5.609654E-05
4.329525E+00 1.586009E+00 5.556346E-05
4.325866E+00 1.586119E+00 5.504172E-05
4.322212E+00 1.586229E+00 5.453132E-05
4.318565E+00 1.586339E+00 5.403225E-05
4.314924E+00 1.586448E+00 5.354449E-05
4.311289E+00 1.586557E+00 5.306801E-05
4.307660E+00 1.586666E+00 5.260279E-05
4.304037E+00 1.586774E+00 5.214879E-05
4.300420E+00 1.586882E+00 5.170596E-05
4.296810E+00 1.586990E+00 5.127426E-05
4.293205E+00 1.587097E+00 5.085362E-05
4.289607E+00 1.587204E+00 5.044399E-05
4.286014E+00 1.587311E+00 5.004529E-05
4.282426E+00 1.587418E+00 4.965744E-05
4.278846E+00 1.587524E+00 4.928038E-05
4.275271E+00 1.587630E+00 4.891400E-05
4.271702E+00 1.587735E+00 4.855821E-05
4.268140E+00 1.587840E+00 4.821292E-05
4.264583E+00 1.587945E+00 4.787802E-05
4.261033E+00 1.588050E+00 4.755341E-05
4.257488E+00 1.588154E+00 4.723897E-05
4.253949E+00 1.588258E+00 4.693458E-05
4.250416E+00 1.588361E+00 4.664012E-05
4.246889E+00 1.588464E+00 4.635547E-05
4.243367E+00 1.588567E+00 4.608049E-05
4.239850E+00 1.588670E+00 4.581506E-05
4.236340E+00 1.588772E+00 4.555905E-05
4.232836E+00 1.588875E+00 4.531231E-05
4.229338E+00 1.588976E+00 4.507471E-05
4.225846E+00 1.589078E+00 4.484611E-05
4.222360E+00 1.589179E+00 4.462636E-05
4.218879E+00 1.589280E+00 4.441534E-05
4.215404E+00 1.589380E+00 4.421290E-05
4.211934E+00 1.589481E+00 4.401890E-05
4.208471E+00 1.589580E+00 4.383321E-05
4.205013E+00 1.589680E+00 4.365570E-05
4.201561E+00 1.589780E+00 4.348622E-05
4.198114E+00 1.589879E+00 4.332466E-05
4.194671E+00 1.589977E+00 4.317090E-05
4.191236E+00 1.590076E+00 4.302482E-05
4.187806E+00 1.590174E+00 4.288631E-05
4.184382E+00 1.590272E+00 4.275527E-05
4.180964E+00 1.590370E+00 4.263161E-05
4.177551E+00 1.590467E+00 4.251525E-05
4.174144E+00 1.590564E+00 4.240612E-05
4.170742E+00 1.590661E+00 4.230415E-05
4.167346E+00 1.590757E+00 4.220932E-05
4.163955E+00 1.590854E+00 4.212157E-05
4.160570E+00 1.590949E+00 4.204091E-05
4.157190E+00 1.591045E+00 4.196733E-05
4.153814E+00 1.591140E+00 4.190084E-05
4.150445E+00 1.591236E+00 4.184150E-05
4.147082E+00 1.591330E+00 4.178936E-05
4.143724E+00 1.591425E+00 4.174449E-05
4.140372E+00 1.591519E+00 4.170700E-05
4.137025E+00 1.591613E+00 4.167701E-05
4.133683E+00 1.591707E+00 4.165467E-05
4.130347E+00 1.591801E+00 4.164015E-05
4.127016E+00 1.591894E+00 4.163364E-05
4.123691E+00 1.591987E+00 4.163536E-05
4.120371E+00 1.592079E+00 4.164555E-05
4.117056E+00 1.592172E+00 4.166447E-05
4.113747E+00 1.592264E+00 4.169240E-05
4.110441E+00 1.592356E+00 4.172966E-05
4.107142E+00 1.592447E+00 4.177656E-05
4.103849E+00 1.592539E+00 4.183345E-05
4.100561E+00 1.592630E+00 4.190068E-05
4.097278E+00 1.592721E+00 4.197863E-05
4.094000E+00 1.592811E+00 4.206766E-05
4.090727E+00 1.592902E+00 4.216817E-05
4.087460E+00 1.592992E+00 4.228054E-05
4.084198E+00 1.593082E+00 4.240515E-05
4.080941E+00 1.593171E+00 4.254238E-05
4.077690E+00 1.593260E+00 4.269258E-05
4.074443E+00 1.593349E+00 4.285611E-05
4.071202E+00 1.593438E+00 4.303327E-05
4.067964E+00 1.593527E+00 4.322437E-05
4.064733E+00 1.593615E+00 4.342964E-05
4.061507E+00 1.593703E+00 4.364930E-05
4.058287E+00 1.593791E+00 4.388350E-05
4.055071E+00 1.593878E+00 4.413234E-05
4.051861E+00 1.593966E+00 4.439585E-05
4.048655E+00 1.594053E+00 4.467399E-05
4.045455E+00 1.594140E+00 4.496665E-05
4.042259E+00 1.594226E+00 4.527362E-05
4.039069E+00 1.594312E+00 4.559461E-05
4.035884E+00 1.594398E+00 4.592923E-05
4.032704E+00 1.594484E+00 4.627699E-05
4.029527E+00 1.594570E+00 4.663729E-05
4.026357E+00 1.594655E+00 4.700942E-05
4.023191E+00 1.594740E+00 4.739255E-05
4.020031E+00 1.594824E+00 4.778577E-05
4.016876E+00 1.594909E+00 4.818801E-05
4.013725E+00 1.594993E+00 4.859811E-05
4.010580E+00 1.595077E+00 4.901480E-05
4.007439E+00 1.595161E+00 4.943669E-05
4.004304E+00 1.595244E+00 4.986228E-05
4.001173E+00 1.595327E+00 5.028998E-05
3.998047E+00 1.595410E+00 5.071810E-05
3.994926E+00 1.595493E+00 5.114486E-05
3.991810E+00 1.595575E+00 5.156842E-05
3.988698E+00 1.595658E+00 5.198685E-05
3.985591E+00 1.595739E+00 5.239818E-05
3.982490E+00 1.595821E+00 5.280038E-05
3.979393E+00 1.595903E+00 5.319141E-05
3.976301E+00 1.595984E+00 5.356922E-05
3.973214E+00 1.596065E+00 5.393172E-05
3.970132E+00 1.596145E+00 5.427688E-05
3.967054E+00 1.596226E+00 5.460267E-05
3.963982E+00 1.596306E+00 5.490714E-05
3.960914E+00 1.596386E+00 5.518836E-05
3.957850E+00 1.596465E+00 5.544451E-05
3.954792E+00 1.596545E+00 5.567387E-05
3.951738E+00 1.596624E+00 5.587479E-05
3.948688E+00 1.596703E+00 5.604580E-05
3.945643E+00 1.596782E+00 5.618552E-05
3.942604E+00 1.596860E+00 5.629274E-05
3.939569E+00 1.596939E+00 5.636641E-05
3.936538E+00 1.597017E+00 5.640567E-05
3.933513E+00 1.597094E+00 5.640979E-05
3.930492E+00 1.597172E+00 5.637828E-05
3.927475E+00 1.597250E+00 5.631081E-05
3.924463E+00 1.597327E+00 5.620726E-05
3.921456E+00 1.597404E+00 5.606768E-05
3.918454E+00 1.597481E+00 5.589235E-05
3.915456E+00 1.597557E+00 5.568172E-05
3.912461E+00 1.597634E+00 5.543645E-05
3.909472E+00 1.597710E+00 5.515735E-05
3.906488E+00 1.597786E+00 5.484544E-05
3.903508E+00 1.597862E+00 5.450189E-05
3.900533E+00 1.597937E+00 5.412804E-05
3.897563E+00 1.598013E+00 5.372535E-05
3.894597E+00 1.598088E+00 5.329544E-05
3.891635E+00 1.598163E+00 5.284004E-05
3.888678E+00 1.598238E+00 5.236098E-05
3.885725E+00 1.598313E+00 5.186018E-05
3.882777E+00 1.598388E+00 5.133963E-05
3.879834E+00 1.598462E+00 5.080138E-05
3.876895E+00 1.598536E+00 5.024753E-05
3.873958E+00 1.598610E+00 4.968018E-05
3.871028E+00 1.598684E+00 4.910146E-05
3.868102E+00 1.598758E+00 4.851349E-05
3.865181E+00 1.598832E+00 4.791836E-05
3.862264E+00 1.598905E+00 4.731813E-05
3.859351E+00 1.598978E+00 4.671481E-05
3.856443E+00 1.599051E+00 4.611034E-05
3.853539E+00 1.599124E+00 4.550660E-05
3.850640E+00 1.599197E+00 4.490537E-05
3.847745E+00 1.599270E+00 4.430836E-05
3.844854E+00 1.599342E+00 4.371715E-05
3.841968E+00 1.599415E+00 4.313324E-05
3.839085E+00 1.599487E+00 4.255799E-05
3.836206E+00 1.599559E+00 4.199268E-05
3.833333E+00 1.599631E+00 4.143842E-05
3.830464E+00 1.599702E+00 4.089624E-05
3.827599E+00 1.599774E+00 4.036702E-05
3.824738E+00 1.599845E+00 3.985154E-05
3.821882E+00 1.599916E+00 3.935042E-05
3.819030E+00 1.599987E+00 3.886419E-05
3.816182E+00 1.600058E+00 3.839325E-05
3.813339E+00 1.600129E+00 3.793788E-05
3.810499E+00 1.600199E+00 3.749827E-05
3.807664E+00 1.600269E+00 3.707447E-05
3.804833E+00 1.600339E+00 3.666646E-05
3.802005E+00 1.600409E+00 3.627410E-05
3.799183E+00 1.600479E+00 3.589717E-05
3.796365E+00 1.600549E+00 3.553536E-05
3.793550E+00 1.600618E+00 3.518828E-05
3.790741E+00 1.600687E+00 3.485548E-05
3.787935E+00 1.600757E+00 3.453642E-05
3.785133E+00 1.600825E+00 3.423052E-05
3.782336E+00 1.600894E+00 3.393714E-05
3.779542E+00 1.600963E+00 3.365559E-05
3.776753E+00 1.601031E+00 3.338514E-05
3.773968E+00 1.601099E+00 3.312503E-05
3.771187E+00 1.601167E+00 3.287446E-05
3.768410E+00 1.601235E+00 3.263261E-05
3.765636E+00 1.601303E+00 3.239865E-05
3.762867E+00 1.601370E+00 3.217173E-05
3.760102E+00 1.601438E+00 3.195101E-05
3.757342E+00 1.601505E+00 3.173563E-05
3.754585E+00 1.601572E+00 3.152474E-05
3.751833E+00 1.601639E+00 3.131751E-05
3.749084E+00 1.601705E+00 3.111311E-05
3.746340E+00 1.601772E+00 3.091075E-05
3.743599E+00 1.601838E+00 3.070963E-05
3.740863E+00 1.601904E+00 3.050902E-05
3.738131E+00 1.601970E+00 3.030819E-05
3.735402E+00 1.602036E+00 3.010646E-05
3.732676E+00 1.602101E+00 2.990319E-05
3.729956E+00 1.602167E+00 2.969779E-05
3.727239E+00 1.602232E+00 2.948968E-05
3.724527E+00 1.602297E+00 2.927838E-05
3.721818E+00 1.602362E+00 2.906342E-05
3.719113E+00 1.602427E+00 2.884441E-05
3.716412E+00 1.602491E+00 2.862099E-05
3.713716E+00 1.602556E+00 2.839287E-05
3.711023E+00 1.602620E+00 2.815980E-05
3.708334E+00 1.602684E+00 2.792161E-05
3.705648E+00 1.602748E+00 2.767817E-05
3.702967E+00 1.602812E+00 2.742939E-05
3.700290E+00 1.602876E+00 2.717527E-05
3.697615E+00 1.602939E+00 2.691583E-05
3.694945E+00 1.603002E+00 2.665114E-05
3.692280E+00 1.603066E+00 2.638135E-05
3.689618E+00 1.603129E+00 2.610661E-05
3.686959E+00 1.603192E+00 2.582715E-05
3.684305E+00 1.603254E+00 2.554321E-05
3.681655E+00 1.603317E+00 2.525509E-05
3.679008E+00 1.603379E+00 2.496310E-05
3.676365E+00 1.603442E+00 2.466760E-05
3.673726E+00 1.603504E+00 2.436894E-05
3.671091E+00 1.603566E+00 2.406753E-05
3.668459E+00 1.603628E+00 2.376377E-05
3.665832E+00 1.603689E+00 2.345807E-05
3.663206E+00 1.603751E+00 2.315086E-05
3.660586E+00 1.603812E+00 2.284257E-05
3.657970E+00 1.603874E+00 2.253362E-05
3.655357E+00 1.603935E+00 2.222444E-05
3.652748E+00 1.603996E+00 2.191545E-05
3.650143E+00 1.604057E+00 2.160704E-05
3.647541E+00 1.604117E+00 2.129962E-05
3.644943E+00 1.604178E+00 2.099355E-05
3.642349E+00 1.604238E+00 2.068919E-05
3.639759E+00 1.604299E+00 2.038689E-05
3.637172E+00 1.604359E+00 2.008696E-05
3.634589E+00 1.604419E+00 1.978969E-05
3.632008E+00 1.604479E+00 1.949534E-05
3.629432E+00 1.604539E+00 1.920417E-05
3.626860E+00 1.604598E+00 1.891638E-05
3.624291E+00 1.604658E+00 1.863217E-05
3.621727E+00 1.604717E+00 1.835171E-05
3.619165E+00 1.604776E+00 1.807514E-05
3.616608E+00 1.604835E+00 1.780257E-05
3.614054E+00 1.604894E+00 1.753410E-05
3.611503E+00 1.604953E+00 1.726980E-05
3.608957E+00 1.605012E+00 1.700972E-05
3.606413E+00 1.605070E+00 1.675389E-05
3.603874E+00 1.605128E+00 1.650231E-05
3.601338E+00 1.605187E+00 1.625499E-05
3.598804E+00 1.605245E+00 1.601190E-05
3.596275E+00 1.605303E+00 1.577300E-05
3.593750E+00 1.605361E+00 1.553825E-05
3.591228E+00 1.605418E+00 1.530759E-05
3.588709E+00 1.605476E+00 1.508094E-05
3.586195E+00 1.605533E+00 1.485823E-05
3.583683E+00 1.605591E+00 1.463938E-05
3.581176E+00 1.605648E+00 1.442429E-05
3.578672E+00 1.605705E+00 1.421288E-05
3.576171E+00 1.605762E+00 1.400505E-05
3.573674E+00 1.605819E+00 1.380070E-05
3.571180E+00 1.605875E+00 1.359974E-05
3.568690E+00 1.605932E+00 1.340206E-05
3.566202E+00 1.605988E+00 1.320757E-05
3.563718E+00 1.606044E+00 1.301617E-05
3.561238E+00 1.606100E+00 1.282778E-05
3.558762E+00 1.606156E+00 1.264229E-05
3.556289E+00 1.606212E+00 1.245963E-05
3.553819E+00 1.606268E+00 1.227971E-05
3.551353E+00 1.606324E+00 1.210245E-05
3.548891E+00 1.606379E+00 1.192778E-05
3.546431E+00 1.606434E+00 1.175562E-05
3.543975E+00 1.606490E+00 1.158590E-05
3.541523E+00 1.606545E+00 1.141857E-05
3.539074E+00 1.606600E+00 1.125356E-05
3.536627E+00 1.606654E+00 1.109082E-05
3.534185E+00 1.606709E+00 1.093029E-05
3.531746E+00 1.606764E+00 1.077193E-05
3.529310E+00 1.606818E+00 1.061569E-05
3.526878E+00 1.606872E+00 1.046153E-05
3.524449E+00 1.606927E+00 1.030942E-05
3.522023E+00 1.606981E+00 1.015931E-05
3.519601E+00 1.607035E+00 1.001118E-05
3.517182E+00 1.607088E+00 9.864992E-06
3.514767E+00 1.607142E+00 9.720725E-06
3.512355E+00 1.607196E+00 9.578350E-06
3.509946E+00 1.607249E+00 9.437845E-06
3.507540E+00 1.607303E+00 9.299187E-06
3.505136E+00 1.607356E+00 9.162356E-06
3.502737E+00 1.607409E+00 9.027333E-06
3.500342E+00 1.607462E+00 8.894100E-06
3.497949E+00 1.607515E+00 8.762642E-06
3.495560E+00 1.607567E+00 8.632941E-06
3.493174E+00 1.607620E+00 8.504984E-06
3.490791E+00 1.607672E+00 8.378756E-06
3.488412E+00 1.607725E+00 8.254242E-06
3.486036E+00 1.607777E+00 8.131431E-06
3.483663E+00 1.607829E+00 8.010309E-06
3.481293E+00 1.607881E+00 7.890864E-06
3.478926E+00 1.607933E+00 7.773082E-06
3.476563E+00 1.607985E+00 7.656952E-06
3.474202E+00 1.608037E+00 7.542462E-06
3.471845E+00 1.608088E+00 7.429600E-06
3.469491E+00 1.608140E+00 7.318353E-06
3.467141E+00 1.608191E+00 7.208710E-06
3.464793E+00 1.608242E+00 7.100659E-06
3.462449E+00 1.608293E+00 6.994187E-06
3.460108E+00 1.608344E+00 6.889281E-06
3.457770E+00 1.608395E+00 6.785931E-06
3.455436E+00 1.608446E+00 6.684122E-06
3.453104E+00 1.608496E+00 6.583843E-06
3.450776E+00 1.608547E+00 6.485081E-06
3.448451E+00 1.608597E+00 6.387822E-06
3.446127E+00 1.608647E+00 6.292055E-06
3.443808E+00 1.608698E+00 6.197764E-06
3.441493E+00 1.608748E+00 6.104938E-06
3.439180E+00 1.608798E+00 6.013562E-06
3.436870E+00 1.608847E+00 5.923624E-06
3.434564E+00 1.608897E+00 5.835108E-06
3.432260E+00 1.608947E+00 5.748002E-06
3.429960E+00 1.608996E+00 5.662291E-06
3.427663E+00 1.609046E+00 5.577961E-06
3.425368E+00 1.609095E+00 5.494997E-06
3.423077E+00 1.609144E+00 5.413386E-06
3.420789E+00 1.609193E+00 5.333112E-06
3.418504E+00 1.609242E+00 5.254162E-06
3.416221E+00 1.609291E+00 5.176520E-06
3.413942E+00 1.609340E+00 5.100171E-06
3.411666E+00 1.609388E+00 5.025102E-06
3.409393E+00 1.609437E+00 4.951296E-06
3.407124E+00 1.609485E+00 4.878739E-06
3.404857E+00 1.609534E+00 4.807416E-06
3.402593E+00 1.609582E+00 4.737312E-06
3.400332E+00 1.609630E+00 4.668411E-06
3.398075E+00 1.609678E+00 4.600699E-06
3.395820E+00 1.609726E+00 4.534160E-06
3.393568E+00 1.609773E+00 4.468780E-06
3.391319E+00 1.609821E+00 4.404542E-06
3.389072E+00 1.609869E+00 4.341432E-06
3.386829E+00 1.609916E+00 4.279435E-06
3.384590E+00 1.609964E+00 4.218535E-06
3.382353E+00 1.610011E+00 4.158717E-06
3.380119E+00 1.610058E+00 4.099967E-06
3.377888E+00 1.610105E+00 4.042268E-06
3.375660E+00 1.610152E+00 3.985607E-06
3.373434E+00 1.610199E+00 3.929967E-06
3.371212E+00 1.610245E+00 3.875334E-06
3.368993E+00 1.610292E+00 3.821693E-06
3.366777E+00 1.610339E+00 3.769030E-06
3.364563E+00 1.610385E+00 3.717328E-06
3.362353E+00 1.610431E+00 3.666574E-06
3.360144E+00 1.610478E+00 3.616753E-06
3.357939E+00 1.610524E+00 3.567850E-06
3.355737E+00 1.610570E+00 3.519851E-06
3.353538E+00 1.610616E+00 3.472741E-06
3.351342E+00 1.610662E+00 3.426506E-06
3.349149E+00 1.610707E+00 3.381132E-06
3.346959E+00 1.610753E+00 3.336604E-06
3.344771E+00 1.610798E+00 3.292909E-06
3.342587E+00 1.610844E+00 3.250032E-06
3.340405E+00 1.610889E+00 3.207960E-06
3.338226E+00 1.610934E+00 3.166679E-06
3.336050E+00 1.610980E+00 3.126175E-06
3.333877E+00 1.611025E+00 3.086435E-06
3.331705E+00 1.611070E+00 3.047445E-06
3.329538E+00 1.611114E+00 3.009192E-06
3.327373E+00 1.611159E+00 2.971663E-06
3.325211E+00 1.611204E+00 2.934845E-06
3.323052E+00 1.611248E+00 2.898726E-06
3.320895E+00 1.611293E+00 2.863291E-06
3.318742E+00 1.611337E+00 2.828529E-06
3.316591E+00 1.611381E+00 2.794428E-06
3.314443E+00 1.611426E+00 2.760974E-06
3.312298E+00 1.611470E+00 2.728155E-06
3.310156E+00 1.611514E+00 2.695960E-06
3.308016E+00 1.611558E+00 2.664377E-06
3.305878E+00 1.611601E+00 2.633394E-06
3.303744E+00 1.611645E+00 2.602998E-06
3.301613E+00 1.611689E+00 2.573180E-06
3.299484E+00 1.611732E+00 2.543926E-06
3.297358E+00 1.611776E+00 2.515226E-06
3.295235E+00 1.611819E+00 2.487070E-06
3.293115E+00 1.611862E+00 2.459445E-06
3.290997E+00 1.611905E+00 2.432342E-06
3.288882E+00 1.611948E+00 2.405749E-06
3.286770E+00 1.611991E+00 2.379657E-06
3.284660E+00 1.612034E+00 2.354054E-06
3.282553E+00 1.612077E+00 2.328931E-06
3.280449E+00 1.612120E+00 2.304277E-06
3.278347E+00 1.612162E+00 2.280083E-06
3.276248E+00 1.612205E+00 2.256339E-06
3.274152E+00 1.612247E+00 2.233036E-06
3.272059E+00 1.612290E+00 2.210163E-06
3.269968E+00 1.612332E+00 2.187712E-06
3.267880E+00 1.612374E+00 2.165674E-06
3.265795E+00 1.612416E+00 2.144039E-06
3.263712E+00 1.612458E+00 2.122799E-06
3.261632E+00 1.612500E+00 2.101944E-06
3.259554E+00 1.612542E+00 2.081468E-06
3.257480E+00 1.612583E+00 2.061360E-06
3.255408E+00 1.612625E+00 2.041613E-06
3.253338E+00 1.612666E+00 2.022218E-06
3.251270E+00 1.612708E+00 2.003168E-06
3.249206E+00 1.612749E+00 1.984455E-06
3.247144E+00 1.612791E+00 1.966071E-06
3.245085E+00 1.612832E+00 1.948009E-06
3.243029E+00 1.612873E+00 1.930261E-06
3.240975E+00 1.612914E+00 1.912819E-06
3.238924E+00 1.612955E+00 1.895678E-06
3.236876E+00 1.612996E+00 1.878829E-06
3.234830E+00 1.613036E+00 1.862266E-06
3.232786E+00 1.613077E+00 1.845982E-06
3.230745E+00 1.613118E+00 1.829970E-06
3.228707E+00 1.613158E+00 1.814225E-06
3.226670E+00 1.613199E+00 1.798739E-06
3.224637E+00 1.613239E+00 1.783506E-06
3.222607E+00 1.613279E+00 1.768521E-06
3.220579E+00 1.613319E+00 1.753777E-06
3.218553E+00 1.613359E+00 1.739269E-06
3.216530E+00 1.613399E+00 1.724991E-06
3.214510E+00 1.613439E+00 1.710936E-06
3.212492E+00 1.613479E+00 1.697101E-06
3.210477E+00 1.613519E+00 1.683479E-06
3.208464E+00 1.613559E+00 1.670064E-06
3.206454E+00 1.613598E+00 1.656853E-06
3.204446E+00 1.613638E+00 1.643840E-06
3.202441E+00 1.613677E+00 1.631019E-06
3.200437E+00 1.613717E+00 1.618387E-06
3.198437E+00 1.613756E+00 1.605939E-06
3.196439E+00 1.613795E+00 1.593669E-06
3.194444E+00 1.613834E+00 1.581574E-06
3.192452E+00 1.613873E+00 1.569648E-06
3.190461E+00 1.613912E+00 1.557889E-06
3.188474E+00 1.613951E+00 1.546291E-06
3.186488E+00 1.613990E+00 1.534850E-06
3.184505E+00 1.614028E+00 1.523564E-06
3.182525E+00 1.614067E+00 1.512426E-06
3.180547E+00 1.614106E+00 1.501435E-06
3.178572E+00 1.614144E+00 1.490586E-06
3.176599E+00 1.614183E+00 1.479875E-06
3.174627E+00 1.614221E+00 1.469299E-06
3.172659E+00 1.614259E+00 1.458855E-06
3.170694E+00 1.614297E+00 1.448539E-06
3.168730E+00 1.614335E+00 1.438348E-06
3.166770E+00 1.614373E+00 1.428279E-06
3.164811E+00 1.614411E+00 1.418328E-06
3.162855E+00 1.614449E+00 1.408493E-06
3.160902E+00 1.614487E+00 1.398771E-06
3.158951E+00 1.614525E+00 1.389159E-06
3.157002E+00 1.614562E+00 1.379654E-06
3.155056E+00 1.614600E+00 1.370253E-06
3.153112E+00 1.614637E+00 1.360954E-06
3.151169E+00 1.614675E+00 1.351754E-06
3.149230E+00 1.614712E+00 1.342651E-06
3.147294E+00 1.614749E+00 1.333642E-06
3.145359E+00 1.614786E+00 1.324725E-06
3.143427E+00 1.614824E+00 1.315898E-06
3.141498E+00 1.614861E+00 1.307158E-06
3.139571E+00 1.614897E+00 1.298503E-06
3.137646E+00 1.614934E+00 1.289931E-06
3.135723E+00 1.614971E+00 1.281440E-06
3.133803E+00 1.615008E+00 1.273028E-06
3.131885E+00 1.615045E+00 1.264693E-06
3.129970E+00 1.615081E+00 1.256433E-06
3.128057E+00 1.615118E+00 1.248247E-06
3.126145E+00 1.615154E+00 1.240132E-06
3.124237E+00 1.615190E+00 1.232087E-06
3.122330E+00 1.615227E+00 1.224111E-06
3.120427E+00 1.615263E+00 1.216201E-06
3.118525E+00 1.615299E+00 1.208356E-06
3.116626E+00 1.615335E+00 1.200574E-06
3.114729E+00 1.615371E+00 1.192855E-06
3.112835E+00 1.615407E+00 1.185196E-06
3.110942E+00 1.615443E+00 1.177596E-06
3.109053E+00 1.615479E+00 1.170054E-06
3.107165E+00 1.615514E+00 1.162569E-06
3.105280E+00 1.615550E+00 1.155139E-06
3.103396E+00 1.615586E+00 1.147764E-06
3.101515E+00 1.615621E+00 1.140441E-06
3.099636E+00 1.615657E+00 1.133170E-06
3.097760E+00 1.615692E+00 1.125950E-06
3.095886E+00 1.615727E+00 1.118779E-06
3.094014E+00 1.615763E+00 1.111657E-06
3.092145E+00 1.615798E+00 1.104582E-06
3.090278E+00 1.615833E+00 1.097554E-06
3.088413E+00 1.615868E+00 1.090572E-06
3.086550E+00 1.615903E+00 1.083634E-06
3.084690E+00 1.615938E+00 1.076740E-06
3.082832E+00 1.615972E+00 1.069890E-06
3.080976E+00 1.616007E+00 1.063081E-06
3.079121E+00 1.616042E+00 1.056315E-06
3.077270E+00 1.616076E+00 1.049588E-06
3.075420E+00 1.616111E+00 1.042902E-06
3.073573E+00 1.616145E+00 1.036255E-06
3.071729E+00 1.616180E+00 1.029647E-06
3.069886E+00 1.616214E+00 1.023076E-06
3.068046E+00 1.616248E+00 1.016543E-06
3.066207E+00 1.616283E+00 1.010046E-06
3.064371E+00 1.616317E+00 1.003586E-06
3.062538E+00 1.616351E+00 9.971609E-07
3.060706E+00 1.616385E+00 9.907709E-07
3.058877E+00 1.616419E+00 9.844153E-07
3.057049E+00 1.616453E+00 9.780937E-07
3.055223E+00 1.616487E+00 9.718055E-07
3.053401E+00 1.616520E+00 9.655503E-07
3.051580E+00 1.616554E+00 9.593277E-07
3.049761E+00 1.616588E+00 9.531371E-07
3.047945E+00 1.616621E+00 9.469782E-07
3.046131E+00 1.616655E+00 9.408505E-07
3.044319E+00 1.616688E+00 9.347538E-07
3.042509E+00 1.616721E+00 9.286875E-07
3.040701E+00 1.616755E+00 9.226514E-07
3.038896E+00 1.616788E+00 9.166451E-07
3.037092E+00 1.616821E+00 9.106684E-07
3.035291E+00 1.616854E+00 9.047207E-07
3.033491E+00 1.616887E+00 8.988020E-07
3.031694E+00 1.616920E+00 8.929118E-07
3.029899E+00 1.616953E+00 8.870499E-07
3.028106E+00 1.616986E+00 8.812161E-07
3.026316E+00 1.617019E+00 8.754100E-07
3.024527E+00 1.617051E+00 8.696315E-07
3.022741E+00 1.617084E+00 8.638803E-07
3.020956E+00 1.617117E+00 8.581561E-07
3.019174E+00 1.617149E+00 8.524588E-07
3.017394E+00 1.617182E+00 8.467881E-07
3.015616E+00 1.617214E+00 8.411439E-07
3.013840E+00 1.617246E+00 8.355259E-07
3.012066E+00 1.617279E+00 8.299340E-07
3.010294E+00 1.617311E+00 8.243680E-07
3.008524E+00 1.617343E+00 8.188277E-07
3.006756E+00 1.617375E+00 8.133131E-07
3.004991E+00 1.617407E+00 8.078238E-07
3.003228E+00 1.617439E+00 8.023599E-07
3.001466E+00 1.617471E+00 7.969210E-07
2.999707E+00 1.617503E+00 7.915072E-07
2.997950E+00 1.617535E+00 7.861183E-07
2.996195E+00 1.617566E+00 7.807542E-07
2.994441E+00 1.617598E+00 7.754146E-07
2.992690E+00 1.617630E+00 7.700997E-07
2.990941E+00 1.617661E+00 7.648091E-07
2.989194E+00 1.617693E+00 7.595429E-07
2.987449E+00 1.617724E+00 7.543010E-07
2.985706E+00 1.617756E+00 7.490831E-07
2.983965E+00 1.617787E+00 7.438894E-07
2.982226E+00 1.617818E+00 7.387196E-07
2.980489E+00 1.617849E+00 7.335737E-07
2.978754E+00 1.617880E+00 7.284516E-07
2.977022E+00 1.617912E+00 7.233533E-07
2.975291E+00 1.617943E+00 7.182786E-07
2.973562E+00 1.617974E+00 7.132276E-07
2.971835E+00 1.618004E+00 7.082001E-07
2.970111E+00 1.618035E+00 7.031961E-07
2.968388E+00 1.618066E+00 6.982155E-07
2.966666E+00 1.618097E+00 6.932583E-07
2.964948E+00 1.618127E+00 6.883244E-07
2.963231E+00 1.618158E+00 6.834137E-07
2.961516E+00 1.618189E+00 6.785263E-07
2.959803E+00 1.618219E+00 6.736621E-07
2.958092E+00 1.618250E+00 6.688209E-07
2.956384E+00 1.618280E+00 6.640029E-07
2.954677E+00 1.618310E+00 6.592079E-07
2.952972E+00 1.618341E+00 6.544359E-07
2.951269E+00 1.618371E+00 6.496868E-07
2.949568E+00 1.618401E+00 6.449607E-07
2.947869E+00 1.618431E+00 6.402574E-07
2.946172E+00 1.618461E+00 6.355770E-07
2.944476E+00 1.618491E+00 6.309194E-07
2.942783E+00 1.618521E+00 6.262846E-07
2.941092E+00 1.618551E+00 6.216726E-07
2.939402E+00 1.618581E+00 6.170832E-07
2.937715E+00 1.618611E+00 6.125166E-07
2.936030E+00 1.618640E+00 6.079725E-07
2.934346E+00 1.618670E+00 6.034512E-07
2.932665E+00 1.618700E+00 5.989524E-07
2.930985E+00 1.618729E+00 5.944762E-07
2.929308E+00 1.618759E+00 5.900225E-07
2.927632E+00 1.618788E+00 5.855913E-07
2.925958E+00 1.618817E+00 5.811826E-07
2.924286E+00 1.618847E+00 5.767964E-07
2.922615E+00 1.618876E+00 5.724325E-07
2.920947E+00 1.618905E+00 5.680911E-07
2.919281E+00 1.618934E+00 5.637721E-07
2.917617E+00 1.618964E+00 5.594754E-07
2.915954E+00 1.618993E+00 5.552010E-07
2.914294E+00 1.619022E+00 5.509489E-07
2.912635E+00 1.619051E+00 5.467190E-07
2.910978E+00 1.619079E+00 5.425114E-07
2.909324E+00 1.619108E+00 5.383260E-07
2.907671E+00 1.619137E+00 5.341628E-07
2.906020E+00 1.619166E+00 5.300217E-07
2.904370E+00 1.619195E+00 5.259028E-07
2.902722E+00 1.619223E+00 5.218059E-07
2.901077E+00 1.619252E+00 5.177311E-07
2.899433E+00 1.619280E+00 5.136784E-07
2.897791E+00 1.619309E+00 5.096476E-07
2.896152E+00 1.619337E+00 5.056388E-07
2.894514E+00 1.619366E+00 5.016520E-07
2.892877E+00 1.619394E+00 4.976870E-07
2.891243E+00 1.619422E+00 4.937440E-07
2.889611E+00 1.619451E+00 4.898228E-07
2.887980E+00 1.619479E+00 4.859234E-07
2.886351E+00 1.619507E+00 4.820458E-07
2.884724E+00 1.619535E+00 4.781899E-07
2.883099E+00 1.619563E+00 4.743558E-07
2.881475E+00 1.619591E+00 4.705433E-07
2.879853E+00 1.619619E+00 4.667525E-07
2.878234E+00 1.619647E+00 4.629833E-07
2.876616E+00 1.619675E+00 4.592357E-07
2.875000E+00 1.619702E+00 4.555096E-07
2.873386E+00 1.619730E+00 4.518050E-07
2.871773E+00 1.619758E+00 4.481218E-07
2.870163E+00 1.619785E+00 4.444601E-07
2.868554E+00 1.619813E+00 4.408198E-07
2.866947E+00 1.619840E+00 4.372008E-07
2.865342E+00 1.619868E+00 4.336032E-07
2.863738E+00 1.619895E+00 4.300267E-07
2.862136E+00 1.619923E+00 4.264715E-07
2.860536E+00 1.619950E+00 4.229375E-07
2.858938E+00 1.619977E+00 4.194247E-07
2.857342E+00 1.620005E+00 4.159329E-07
2.855748E+00 1.620032E+00 4.124621E-07
2.854155E+00 1.620059E+00 4.090124E-07
2.852564E+00 1.620086E+00 4.055836E-07
2.850975E+00 1.620113E+00 4.021758E-07
2.849388E+00 1.620140E+00 3.987888E-07
2.847802E+00 1.620167E+00 3.954226E-07
2.846218E+00 1.620194E+00 3.920772E-07
2.844636E+00 1.620221E+00 3.887525E-07
2.843056E+00 1.620247E+00 3.854484E-07
2.841477E+00 1.620274E+00 3.821650E-07
2.839900E+00 1.620301E+00 3.789022E-07
2.838325E+00 1.620327E+00 3.756599E-07
2.836751E+00 1.620354E+00 3.724381E-07
2.835180E+00 1.620381E+00 3.692366E-07
2.833610E+00 1.620407E+00 3.660556E-07
2.832042E+00 1.620434E+00 3.628948E-07
2.830476E+00 1.620460E+00 3.597543E-07
2.828911E+00 1.620486E+00 3.566340E-07
2.827348E+00 1.620513E+00 3.535338E-07
2.825787E+00 1.620539E+00 3.504538E-07
2.824228E+00 1.620565E+00 3.473937E-07
2.822670E+00 1.620591E+00 3.443536E-07
2.821113E+00 1.620618E+00 3.413335E-07
2.819559E+00 1.620644E+00 3.383332E-07
2.818006E+00 1.620670E+00 3.353527E-07
2.816456E+00 1.620696E+00 3.323919E-07
2.814906E+00 1.620722E+00 3.294508E-07
2.813359E+00 1.620748E+00 3.265294E-07
2.811813E+00 1.620773E+00 3.236274E-07
2.810269E+00 1.620799E+00 3.207450E-07
2.808727E+00 1.620825E+00 3.178820E-07
2.807186E+00 1.620851E+00 3.150384E-07
2.805647E+00 1.620876E+00 3.122141E-07
2.804110E+00 1.620902E+00 3.094090E-07
2.802574E+00 1.620928E+00 3.066231E-07
2.801040E+00 1.620953E+00 3.038564E-07
2.799507E+00 1.620979E+00 3.011086E-07
2.797977E+00 1.621004E+00 2.983799E-07
2.796448E+00 1.621029E+00 2.956701E-07
2.794921E+00 1.621055E+00 2.929791E-07
2.793395E+00 1.621080E+00 2.903069E-07
2.791871E+00 1.621105E+00 2.876534E-07
2.790349E+00 1.621131E+00 2.850185E-07
2.788829E+00 1.621156E+00 2.824023E-07
2.787310E+00 1.621181E+00 2.798045E-07
2.785792E+00 1.621206E+00 2.772252E-07
2.784277E+00 1.621231E+00 2.746643E-07
2.782762E+00 1.621256E+00 2.721216E-07
2.781250E+00 1.621281E+00 2.695972E-07
2.779739E+00 1.621306E+00 2.670910E-07
2.778230E+00 1.621331E+00 2.646028E-07
2.776723E+00 1.621356E+00 2.621326E-07
2.775217E+00 1.621381E+00 2.596804E-07
2.773713E+00 1.621405E+00 2.572461E-07
2.772210E+00 1.621430E+00 2.548295E-07
2.770709E+00 1.621455E+00 2.524307E-07
2.769210E+00 1.621479E+00 2.500496E-07
2.767713E+00 1.621504E+00 2.476860E-07
2.766217E+00 1.621528E+00 2.453399E-07
2.764722E+00 1.621553E+00 2.430112E-07
2.763229E+00 1.621577E+00 2.406999E-07
2.761737E+00 1.621602E+00 2.384059E-07
2.760248E+00 1.621626E+00 2.361291E-07
2.758760E+00 1.621651E+00 2.338694E-07
2.757274E+00 1.621675E+00 2.316268E-07
2.755789E+00 1.621699E+00 2.294012E-07
2.754306E+00 1.621723E+00 2.271924E-07
2.752824E+00 1.621747E+00 2.250005E-07
2.751344E+00 1.621772E+00 2.228253E-07
2.749866E+00 1.621796E+00 2.206668E-07
2.748389E+00 1.621820E+00 2.185249E-07
2.746914E+00 1.621844E+00 2.163995E-07
2.745440E+00 1.621868E+00 2.142905E-07
2.743968E+00 1.621892E+00 2.121980E-07
2.742497E+00 1.621915E+00 2.101217E-07
2.741028E+00 1.621939E+00 2.080616E-07
2.739561E+00 1.621963E+00 2.060176E-07
2.738095E+00 1.621987E+00 2.039897E-07
2.736631E+00 1.622011E+00 2.019777E-07
2.735168E+00 1.622034E+00 1.999816E-07
2.733707E+00 1.622058E+00 1.980014E-07
2.732248E+00 1.622081E+00 1.960369E-07
2.730790E+00 1.622105E+00 1.940880E-07
2.729334E+00 1.622128E+00 1.921547E-07
2.727879E+00 1.622152E+00 1.902369E-07
2.726425E+00 1.622175E+00 1.883345E-07
2.724973E+00 1.622199E+00 1.864475E-07
2.723523E+00 1.622222E+00 1.845757E-07
2.722074E+00 1.622245E+00 1.827191E-07
2.720627E+00 1.622269E+00 1.808776E-07
2.719182E+00 1.622292E+00 1.790511E-07
2.717738E+00 1.622315E+00 1.772395E-07
2.716295E+00 1.622338E+00 1.754428E-07
2.714854E+00 1.622361E+00 1.736609E-07
2.713415E+00 1.622384E+00 1.718937E-07
2.711977E+00 1.622408E+00 1.701411E-07
2.710541E+00 1.622431E+00 1.684030E-07
2.709106E+00 1.622453E+00 1.666794E-07
2.707672E+00 1.622476E+00 1.649701E-07
2.706240E+00 1.622499E+00 1.632752E-07
2.704810E+00 1.622522E+00 1.615944E-07
2.703381E+00 1.622545E+00 1.599278E-07
2.701953E+00 1.622568E+00 1.582753E-07
2.700528E+00 1.622590E+00 1.566367E-07
2.699103E+00 1.622613E+00 1.550120E-07
2.697681E+00 1.622636E+00 1.534011E-07
2.696259E+00 1.622658E+00 1.518040E-07
2.694840E+00 1.622681E+00 1.502205E-07
2.693421E+00 1.622703E+00 1.486506E-07
2.692005E+00 1.622726E+00 1.470942E-07
2.690589E+00 1.622748E+00 1.455511E-07
2.689175E+00 1.622771E+00 1.440215E-07
2.687762E+00 1.622793E+00 1.425050E-07
2.686352E+00 1.622816E+00 1.410018E-07
2.684942E+00 1.622838E+00 1.395116E-07
2.683534E+00 1.622860E+00 1.380344E-07
2.682128E+00 1.622882E+00 1.365702E-07
2.680723E+00 1.622905E+00 1.351188E-07
2.679319E+00 1.622927E+00 1.336802E-07
2.677917E+00 1.622949E+00 1.322543E-07
2.676517E+00 1.622971E+00 1.308410E-07
2.675118E+00 1.622993E+00 1.294402E-07
2.673720E+00 1.623015E+00 1.280519E-07
2.672323E+00 1.623037E+00 1.266760E-07
2.670929E+00 1.623059E+00 1.253124E-07
2.669536E+00 1.623081E+00 1.239610E-07
2.668144E+00 1.623103E+00 1.226217E-07
2.666753E+00 1.623125E+00 1.212945E-07
2.665365E+00 1.623146E+00 1.199792E-07
2.663977E+00 1.623168E+00 1.186759E-07
2.662591E+00 1.623190E+00 1.173844E-07
2.661207E+00 1.623212E+00 1.161047E-07
2.659823E+00 1.623233E+00 1.148366E-07
2.658442E+00 1.623255E+00 1.135801E-07
2.657062E+00 1.623276E+00 1.123351E-07
2.655682E+00 1.623298E+00 1.111016E-07
2.654305E+00 1.623320E+00 1.098794E-07
2.652929E+00 1.623341E+00 1.086686E-07
2.651554E+00 1.623362E+00 1.074689E-07
2.650181E+00 1.623384E+00 1.062803E-07
2.648809E+00 1.623405E+00 1.051029E-07
2.647439E+00 1.623427E+00 1.039364E-07
2.646070E+00 1.623448E+00 1.027808E-07
2.644703E+00 1.623469E+00 1.016360E-07
2.643337E+00 1.623490E+00 1.005020E-07
2.641972E+00 1.623512E+00 9.937861E-08
2.640609E+00 1.623533E+00 9.826587E-08
2.639247E+00 1.623554E+00 9.716366E-08
2.637886E+00 1.623575E+00 9.607190E-08
2.636527E+00 1.623596E+00 9.499051E-08
2.635170E+00 1.623617E+00 9.391943E-08
2.633814E+00 1.623638E+00 9.285859E-08
2.632459E+00 1.623659E+00 9.180789E-08
2.631105E+00 1.623680E+00 9.076728E-08
2.629753E+00 1.623701E+00 8.973668E-08
2.628403E+00 1.623722E+00 8.871602E-08
2.627054E+00 1.623742E+00 8.770522E-08
2.625706E+00 1.623763E+00 8.670421E-08
2.624359E+00 1.623784E+00 8.571292E-08
2.623014E+00 1.623805E+00 8.473128E-08
2.621670E+00 1.623825E+00 8.375921E-08
2.620327E+00 1.623846E+00 8.279664E-08
2.618986E+00 1.623867E+00 8.184351E-08
2.617647E+00 1.623887E+00 8.089974E-08
2.616309E+00 1.623908E+00 7.996526E-08
2.614972E+00 1.623928E+00 7.904000E-08
2.613636E+00 1.623949E+00 7.812390E-08
2.612302E+00 1.623969E+00 7.721687E-08
2.610969E+00 1.623990E+00 7.631885E-08
2.609638E+00 1.624010E+00 7.542977E-08
2.608308E+00 1.624030E+00 7.454957E-08
2.606979E+00 1.624051E+00 7.367817E-08
2.605652E+00 1.624071E+00 7.281550E-08
2.604325E+00 1.624091E+00 7.196150E-08
2.603001E+00 1.624111E+00 7.111610E-08
2.601677E+00 1.624132E+00 7.027923E-08
2.600356E+00 1.624152E+00 6.945083E-08
2.599035E+00 1.624172E+00 6.863082E-08
2.597716E+00 1.624192E+00 6.781914E-08
2.596398E+00 1.624212E+00 6.701572E-08
2.595081E+00 1.624232E+00 6.622050E-08
2.593766E+00 1.624252E+00 6.543342E-08
2.592452E+00 1.624272E+00 6.465440E-08
2.591139E+00 1.624292E+00 6.388338E-08
2.589828E+00 1.624312E+00 6.312030E-08
2.588518E+00 1.624332E+00 6.236508E-08
2.587209E+00 1.624351E+00 6.161768E-08
2.585902E+00 1.624371E+00 6.087802E-08
2.584596E+00 1.624391E+00 6.014603E-08
2.583291E+00 1.624411E+00 5.942167E-08
2.581988E+00 1.624430E+00 5.870485E-08
2.580686E+00 1.624450E+00 5.799553E-08
2.579385E+00 1.624470E+00 5.729363E-08
2.578086E+00 1.624489E+00 5.659910E-08
2.576788E+00 1.624509E+00 5.591187E-08
2.575491E+00 1.624529E+00 5.523188E-08
2.574195E+00 1.624548E+00 5.455908E-08
2.572901E+00 1.624568E+00 5.389339E-08
2.571608E+00 1.624587E+00 5.323476E-08
2.570316E+00 1.624606E+00 5.258314E-08
2.569026E+00 1.624626E+00 5.193845E-08
2.567737E+00 1.624645E+00 5.130064E-08
2.566449E+00 1.624665E+00 5.066965E-08
2.565163E+00 1.624684E+00 5.004543E-08
2.563878E+00 1.624703E+00 4.942791E-08
2.562594E+00 1.624722E+00 4.881703E-08
2.561311E+00 1.624742E+00 4.821274E-08
2.560030E+00 1.624761E+00 4.761498E-08
2.558750E+00 1.624780E+00 4.702369E-08
2.557471E+00 1.624799E+00 4.643881E-08
2.556194E+00 1.624818E+00 4.586030E-08
2.554917E+00 1.624837E+00 4.528808E-08
2.553642E+00 1.624856E+00 4.472211E-08
2.552369E+00 1.624875E+00 4.416233E-08
2.551097E+00 1.624894E+00 4.360869E-08
2.549826E+00 1.624913E+00 4.306113E-08
2.548556E+00 1.624932E+00 4.251959E-08
2.547287E+00 1.624951E+00 4.198403E-08
2.546020E+00 1.624970E+00 4.145438E-08
2.544754E+00 1.624989E+00 4.093059E-08
2.543489E+00 1.625007E+00 4.041262E-08
2.542226E+00 1.625026E+00 3.990040E-08
2.540964E+00 1.625045E+00 3.939388E-08
2.539703E+00 1.625064E+00 3.889302E-08
2.538442E+00 1.625082E+00 3.839776E-08
2.537184E+00 1.625101E+00 3.790805E-08
2.535926E+00 1.625119E+00 3.742383E-08
2.534670E+00 1.625138E+00 3.694506E-08
2.533416E+00 1.625157E+00 3.647169E-08
2.532162E+00 1.625175E+00 3.600366E-08
2.530910E+00 1.625194E+00 3.554092E-08
2.529659E+00 1.625212E+00 3.508343E-08
2.528409E+00 1.625231E+00 3.463114E-08
2.527161E+00 1.625249E+00 3.418399E-08
2.525913E+00 1.625267E+00 3.374195E-08
2.524667E+00 1.625286E+00 3.330495E-08
2.523422E+00 1.625304E+00 3.287295E-08
2.522178E+00 1.625322E+00 3.244591E-08
2.520936E+00 1.625341E+00 3.202377E-08
2.519695E+00 1.625359E+00 3.160649E-08
2.518455E+00 1.625377E+00 3.119403E-08
2.517216E+00 1.625395E+00 3.078633E-08
2.515978E+00 1.625413E+00 3.038335E-08
2.514742E+00 1.625431E+00 2.998505E-08
2.513507E+00 1.625450E+00 2.959138E-08
2.512273E+00 1.625468E+00 2.920229E-08
2.511040E+00 1.625486E+00 2.881773E-08
2.509809E+00 1.625504E+00 2.843768E-08
2.508579E+00 1.625522E+00 2.806207E-08
2.507349E+00 1.625540E+00 2.769087E-08
2.506121E+00 1.625558E+00 2.732403E-08
2.504895E+00 1.625575E+00 2.696151E-08
2.503669E+00 1.625593E+00 2.660327E-08
2.502445E+00 1.625611E+00 2.624926E-08
2.501222E+00 1.625629E+00 2.589944E-08
2.500000E+00 1.625647E+00 2.555378E-08
