5.117500E+03 2.647788E+00 1.210792E-04
2.558750E+03 2.647934E+00 2.445610E-04
1.705833E+03 2.648178E+00 3.728718E-04
1.279375E+03 2.648519E+00 5.084853E-04
1.023500E+03 2.648959E+00 6.539457E-04
8.529170E+02 2.649497E+00 8.118907E-04
7.310716E+02 2.650133E+00 9.850733E-04
6.396876E+02 2.650869E+00 1.176383E-03
5.686112E+02 2.651705E+00 1.388867E-03
5.117500E+02 2.652642E+00 1.625746E-03
4.652273E+02 2.653679E+00 1.890437E-03
4.264583E+02 2.654818E+00 2.186562E-03
3.936538E+02 2.656058E+00 2.517966E-03
3.655357E+02 2.657400E+00 2.888727E-03
3.411666E+02 2.658845E+00 3.303164E-03
3.198437E+02 2.660392E+00 3.765842E-03
3.010294E+02 2.662041E+00 4.281574E-03
2.843056E+02 2.663791E+00 4.855420E-03
2.693421E+02 2.665643E+00 5.492678E-03
2.558750E+02 2.667595E+00 6.198880E-03
2.436905E+02 2.669645E+00 6.979769E-03
2.326136E+02 2.671793E+00 7.841288E-03
2.225000E+02 2.674035E+00 8.789548E-03
2.132292E+02 2.676369E+00 9.830802E-03
2.047000E+02 2.678792E+00 1.097141E-02
1.968269E+02 2.681301E+00 1.221778E-02
1.895370E+02 2.683890E+00 1.357637E-02
1.827678E+02 2.686556E+00 1.505357E-02
1.764655E+02 2.689292E+00 1.665570E-02
1.705833E+02 2.692092E+00 1.838890E-02
1.650807E+02 2.694951E+00 2.025912E-02
1.599219E+02 2.697858E+00 2.227199E-02
1.550758E+02 2.700808E+00 2.443279E-02
1.505147E+02 2.703791E+00 2.674634E-02
1.462143E+02 2.706796E+00 2.921694E-02
1.421528E+02 2.709815E+00 3.184827E-02
1.383108E+02 2.712835E+00 3.464335E-02
1.346710E+02 2.715846E+00 3.760438E-02
1.312179E+02 2.718836E+00 4.073275E-02
1.279375E+02 2.721792E+00 4.402888E-02
1.248171E+02 2.724701E+00 4.749221E-02
1.218452E+02 2.727551E+00 5.112109E-02
1.190116E+02 2.730327E+00 5.491272E-02
1.163068E+02 2.733017E+00 5.886310E-02
1.137222E+02 2.735607E+00 6.296699E-02
1.112500E+02 2.738082E+00 6.721785E-02
1.088830E+02 2.740431E+00 7.160780E-02
1.066146E+02 2.742641E+00 7.612765E-02
1.044388E+02 2.744698E+00 8.076680E-02
1.023500E+02 2.746591E+00 8.551336E-02
1.003431E+02 2.748308E+00 9.035404E-02
9.841348E+01 2.749841E+00 9.527430E-02
9.655660E+01 2.751179E+00 1.002583E-01
9.476849E+01 2.752315E+00 1.052890E-01
9.304541E+01 2.753242E+00 1.103482E-01
9.138396E+01 2.753954E+00 1.154168E-01
8.978071E+01 2.754449E+00 1.204745E-01
8.823275E+01 2.754725E+00 1.255004E-01
8.673727E+01 2.754781E+00 1.304727E-01
8.529170E+01 2.754620E+00 1.353693E-01
8.389346E+01 2.754246E+00 1.401675E-01
8.254033E+01 2.753666E+00 1.448444E-01
8.123015E+01 2.752888E+00 1.493772E-01
7.996092E+01 2.751923E+00 1.537432E-01
7.873080E+01 2.750785E+00 1.579199E-01
7.753789E+01 2.749491E+00 1.618857E-01
7.638060E+01 2.748059E+00 1.656198E-01
7.525734E+01 2.746512E+00 1.691022E-01
7.416665E+01 2.744873E+00 1.723148E-01
7.310716E+01 2.743171E+00 1.752407E-01
7.207747E+01 2.741435E+00 1.778654E-01
7.107639E+01 2.739699E+00 1.801764E-01
7.010273E+01 2.738000E+00 1.821644E-01
6.915538E+01 2.736378E+00 1.838230E-01
6.823335E+01 2.734876E+00 1.851500E-01
6.733553E+01 2.733544E+00 1.861475E-01
6.646104E+01 2.732431E+00 1.868233E-01
6.560896E+01 2.731597E+00 1.871922E-01
6.477846E+01 2.731103E+00 1.872773E-01
6.396876E+01 2.731020E+00 1.871130E-01
6.317902E+01 2.731424E+00 1.867486E-01
6.240853E+01 2.732403E+00 1.862538E-01
6.165661E+01 2.734053E+00 1.857274E-01
6.092264E+01 2.736483E+00 1.853105E-01
6.020589E+01 2.739808E+00 1.852080E-01
5.950582E+01 2.744142E+00 1.857223E-01
5.882183E+01 2.749570E+00 1.873074E-01
5.815340E+01 2.756071E+00 1.906499E-01
5.750001E+01 2.763343E+00 1.967714E-01
5.686112E+01 2.770393E+00 2.070821E-01
5.623626E+01 2.774750E+00 2.230712E-01
5.562499E+01 2.771521E+00 2.447583E-01
5.502687E+01 2.754483E+00 2.670429E-01
5.444150E+01 2.723237E+00 2.779874E-01
5.386843E+01 2.689742E+00 2.688358E-01
5.330729E+01 2.667592E+00 2.450376E-01
5.275773E+01 2.659441E+00 2.178404E-01
5.221938E+01 2.660990E+00 1.936015E-01
5.169193E+01 2.667834E+00 1.737455E-01
5.117500E+01 2.677318E+00 1.577352E-01
5.066832E+01 2.688112E+00 1.446767E-01
5.017156E+01 2.699611E+00 1.338117E-01
4.968445E+01 2.711561E+00 1.245897E-01
4.920674E+01 2.723873E+00 1.166315E-01
4.873810E+01 2.736532E+00 1.096810E-01
4.827830E+01 2.749555E+00 1.035670E-01
4.782710E+01 2.762975E+00 9.817591E-02
4.738427E+01 2.776827E+00 9.343400E-02
4.694955E+01 2.791148E+00 8.929580E-02
4.652273E+01 2.805976E+00 8.573637E-02
4.610360E+01 2.821349E+00 8.274661E-02
4.569196E+01 2.837307E+00 8.033040E-02
4.528762E+01 2.853890E+00 7.850315E-02
4.489036E+01 2.871143E+00 7.729149E-02
4.450000E+01 2.889111E+00 7.673388E-02
4.411638E+01 2.907848E+00 7.688214E-02
4.373931E+01 2.927410E+00 7.780396E-02
4.336865E+01 2.947859E+00 7.958664E-02
4.300420E+01 2.969263E+00 8.234217E-02
4.264583E+01 2.991692E+00 8.621425E-02
4.229338E+01 3.015220E+00 9.138765E-02
4.194671E+01 3.039913E+00 9.810065E-02
4.160570E+01 3.065822E+00 1.066612E-01
4.127016E+01 3.092962E+00 1.174668E-01
4.094000E+01 3.121276E+00 1.310281E-01
4.061507E+01 3.150574E+00 1.479897E-01
4.029527E+01 3.180435E+00 1.691369E-01
3.998047E+01 3.210051E+00 1.953552E-01
3.967054E+01 3.238023E+00 2.274763E-01
3.936538E+01 3.262156E+00 2.658969E-01
3.906488E+01 3.279489E+00 3.098581E-01
3.876895E+01 3.287043E+00 3.565007E-01
3.847745E+01 3.283713E+00 4.005094E-01
3.819030E+01 3.272626E+00 4.358290E-01
3.790741E+01 3.261349E+00 4.596578E-01
3.762867E+01 3.258146E+00 4.754903E-01
3.735402E+01 3.267167E+00 4.918789E-01
3.708334E+01 3.286592E+00 5.185414E-01
3.681655E+01 3.309426E+00 5.634630E-01
3.655357E+01 3.324195E+00 6.313589E-01
3.629432E+01 3.314939E+00 7.210562E-01
3.603874E+01 3.263687E+00 8.200498E-01
3.578672E+01 3.160897E+00 9.002152E-01
3.553819E+01 3.021249E+00 9.270292E-01
3.529310E+01 2.883892E+00 8.848017E-01
3.505136E+01 2.786703E+00 7.903056E-01
3.481293E+01 2.743284E+00 6.766276E-01
3.457770E+01 2.745229E+00 5.702065E-01
3.434564E+01 2.776761E+00 4.830443E-01
3.411666E+01 2.824588E+00 4.169126E-01
3.389072E+01 2.880277E+00 3.692849E-01
3.366777E+01 2.939221E+00 3.368148E-01
3.344771E+01 2.999120E+00 3.166923E-01
3.323052E+01 3.058851E+00 3.069833E-01
3.301613E+01 3.117720E+00 3.066095E-01
3.280449E+01 3.174888E+00 3.152005E-01
3.259554E+01 3.228791E+00 3.327702E-01
3.238924E+01 3.276544E+00 3.588962E-01
3.218553E+01 3.313980E+00 3.909178E-01
3.198437E+01 3.338147E+00 4.217262E-01
3.178572E+01 3.352910E+00 4.413340E-01
3.158951E+01 3.370337E+00 4.455725E-01
3.139571E+01 3.401100E+00 4.412592E-01
3.120427E+01 3.446777E+00 4.387473E-01
3.101515E+01 3.503274E+00 4.442769E-01
3.082832E+01 3.566200E+00 4.597940E-01
3.064371E+01 3.632658E+00 4.853731E-01
3.046131E+01 3.700979E+00 5.207722E-01
3.028106E+01 3.770113E+00 5.660017E-01
3.010294E+01 3.839163E+00 6.214356E-01
2.992690E+01 3.907076E+00 6.877589E-01
2.975291E+01 3.972407E+00 7.658497E-01
2.958092E+01 4.033125E+00 8.565989E-01
2.941092E+01 4.086457E+00 9.606368E-01
2.924286E+01 4.128801E+00 1.077932E+00
2.907671E+01 4.155832E+00 1.207248E+00
2.891243E+01 4.162916E+00 1.345521E+00
2.875000E+01 4.146000E+00 1.487371E+00
2.858938E+01 4.102936E+00 1.625094E+00
2.843056E+01 4.034925E+00 1.749535E+00
2.827348E+01 3.947396E+00 1.851914E+00
2.811813E+01 3.849657E+00 1.926113E+00
2.796448E+01 3.753206E+00 1.970448E+00
2.781250E+01 3.669337E+00 1.988188E+00
2.766217E+01 3.607017E+00 1.986738E+00
2.751344E+01 3.571637E+00 1.976073E+00
2.736631E+01 3.564710E+00 1.967077E+00
2.722074E+01 3.584224E+00 1.970241E+00
2.707672E+01 3.625249E+00 1.994855E+00
2.693421E+01 3.680492E+00 2.048604E+00
2.679319E+01 3.740572E+00 2.137343E+00
2.665365E+01 3.794009E+00 2.264675E+00
2.651554E+01 3.827202E+00 2.431010E+00
2.637886E+01 3.825007E+00 2.631959E+00
2.624359E+01 3.772711E+00 2.856529E+00
2.610969E+01 3.659843E+00 3.086460E+00
2.597716E+01 3.484779E+00 3.298522E+00
2.584596E+01 3.257299E+00 3.470275E+00
2.571608E+01 2.996449E+00 3.586759E+00
2.558750E+01 2.724372E+00 3.643991E+00
2.546020E+01 2.459991E+00 3.647561E+00
2.533416E+01 2.215739E+00 3.608306E+00
2.520936E+01 1.997611E+00 3.538119E+00
2.508579E+01 1.806908E+00 3.447426E+00
2.496342E+01 1.642194E+00 3.344294E+00
2.484223E+01 1.500776E+00 3.234479E+00
2.472222E+01 1.379606E+00 3.121865E+00
2.460336E+01 1.275752E+00 3.008948E+00
2.448565E+01 1.186610E+00 2.897256E+00
2.436905E+01 1.109956E+00 2.787660E+00
2.425355E+01 1.043944E+00 2.680597E+00
2.413915E+01 9.870633E-01 2.576222E+00
2.402582E+01 9.380959E-01 2.474508E+00
2.391355E+01 8.960702E-01 2.375318E+00
2.380233E+01 8.602253E-01 2.278445E+00
2.369213E+01 8.299811E-01 2.183644E+00
2.358295E+01 8.049160E-01 2.090650E+00
2.347477E+01 7.847517E-01 1.999199E+00
2.336758E+01 7.693449E-01 1.909035E+00
2.326136E+01 7.586831E-01 1.819928E+00
2.315611E+01 7.528861E-01 1.731695E+00
2.305180E+01 7.522080E-01 1.644226E+00
2.294843E+01 7.570370E-01 1.557522E+00
2.284598E+01 7.678843E-01 1.471755E+00
2.274444E+01 7.853506E-01 1.387329E+00
2.264380E+01 8.100505E-01 1.304963E+00
2.254405E+01 8.424808E-01 1.225741E+00
2.244518E+01 8.828294E-01 1.151107E+00
2.234716E+01 9.307698E-01 1.082734E+00
2.225000E+01 9.853337E-01 1.022253E+00
2.215368E+01 1.044965E+00 9.709252E-01
2.205819E+01 1.107776E+00 9.293844E-01
2.196352E+01 1.171896E+00 8.975858E-01
2.186966E+01 1.235767E+00 8.749498E-01
2.177660E+01 1.298295E+00 8.606083E-01
2.168432E+01 1.358852E+00 8.536530E-01
2.159282E+01 1.417193E+00 8.533266E-01
2.150210E+01 1.473311E+00 8.591444E-01
2.141213E+01 1.527284E+00 8.709509E-01
2.132292E+01 1.579117E+00 8.889204E-01
2.123444E+01 1.628592E+00 9.135108E-01
2.114669E+01 1.675131E+00 9.453718E-01
2.105967E+01 1.717683E+00 9.852040E-01
2.097336E+01 1.754633E+00 1.033559E+00
2.088775E+01 1.783789E+00 1.090571E+00
2.080284E+01 1.802476E+00 1.155633E+00
2.071863E+01 1.807820E+00 1.227068E+00
2.063508E+01 1.797249E+00 1.301914E+00
2.055221E+01 1.769164E+00 1.375995E+00
2.047000E+01 1.723575E+00 1.444398E+00
2.038844E+01 1.662411E+00 1.502319E+00
2.030754E+01 1.589290E+00 1.546001E+00
2.022727E+01 1.508797E+00 1.573371E+00
2.014764E+01 1.425576E+00 1.584155E+00
2.006863E+01 1.343604E+00 1.579529E+00
1.999023E+01 1.265829E+00 1.561533E+00
1.991245E+01 1.194142E+00 1.532524E+00
1.983527E+01 1.129565E+00 1.494792E+00
1.975869E+01 1.072494E+00 1.450349E+00
1.968269E+01 1.022935E+00 1.400859E+00
1.960728E+01 9.806823E-01 1.347653E+00
1.953244E+01 9.454410E-01 1.291779E+00
1.945818E+01 9.169023E-01 1.234068E+00
1.938447E+01 8.947845E-01 1.175197E+00
1.931132E+01 8.788483E-01 1.115751E+00
1.923872E+01 8.688932E-01 1.056268E+00
1.916667E+01 8.647394E-01 9.972752E-01
1.909515E+01 8.661994E-01 9.393164E-01
1.902416E+01 8.730419E-01 8.829540E-01
1.895370E+01 8.849577E-01 8.287572E-01
1.888377E+01 9.015349E-01 7.772687E-01
1.881434E+01 9.222551E-01 7.289578E-01
1.874542E+01 9.465153E-01 6.841755E-01
1.867701E+01 9.736728E-01 6.431228E-01
1.860909E+01 1.003100E+00 6.058452E-01
1.854167E+01 1.034236E+00 5.722513E-01
1.847473E+01 1.066619E+00 5.421507E-01
1.840827E+01 1.099906E+00 5.152967E-01
1.834229E+01 1.133865E+00 4.914256E-01
1.827678E+01 1.168368E+00 4.702887E-01
1.821175E+01 1.203367E+00 4.516729E-01
1.814716E+01 1.238880E+00 4.354140E-01
1.808304E+01 1.274972E+00 4.214036E-01
1.801937E+01 1.311742E+00 4.095924E-01
1.795614E+01 1.349312E+00 3.999923E-01
1.789336E+01 1.387816E+00 3.926784E-01
1.783101E+01 1.427397E+00 3.877924E-01
1.776910E+01 1.468198E+00 3.855492E-01
1.770761E+01 1.510354E+00 3.862451E-01
1.764655E+01 1.553980E+00 3.902716E-01
1.758591E+01 1.599158E+00 3.981312E-01
1.752569E+01 1.645911E+00 4.104591E-01
1.746587E+01 1.694165E+00 4.280461E-01
1.740646E+01 1.743689E+00 4.518633E-01
1.734746E+01 1.794013E+00 4.830778E-01
1.728885E+01 1.844300E+00 5.230494E-01
1.723064E+01 1.893177E+00 5.732789E-01
1.717282E+01 1.938525E+00 6.352658E-01
1.711538E+01 1.977251E+00 7.102108E-01
1.705833E+01 2.005156E+00 7.984962E-01
1.700166E+01 2.017083E+00 8.989293E-01
1.694536E+01 2.007603E+00 1.007911E+00
1.688944E+01 1.972418E+00 1.118983E+00
1.683388E+01 1.910165E+00 1.223397E+00
1.677869E+01 1.823702E+00 1.312018E+00
1.672386E+01 1.719825E+00 1.377871E+00
1.666938E+01 1.607339E+00 1.417906E+00
1.661526E+01 1.494602E+00 1.433070E+00
1.656149E+01 1.387861E+00 1.427004E+00
1.650807E+01 1.290819E+00 1.404416E+00
1.645498E+01 1.205043E+00 1.369875E+00
1.640224E+01 1.130671E+00 1.327213E+00
1.634984E+01 1.067039E+00 1.279377E+00
1.629777E+01 1.013131E+00 1.228507E+00
1.624603E+01 9.678368E-01 1.176105E+00
1.619462E+01 9.301018E-01 1.123195E+00
1.614353E+01 8.989828E-01 1.070464E+00
1.609277E+01 8.736687E-01 1.018373E+00
1.604232E+01 8.534757E-01 9.672258E-01
1.599219E+01 8.378334E-01 9.172308E-01
1.594237E+01 8.262660E-01 8.685363E-01
1.589286E+01 8.183733E-01 8.212564E-01
1.584365E+01 8.138125E-01 7.754876E-01
1.579475E+01 8.122815E-01 7.313183E-01
1.574615E+01 8.135048E-01 6.888326E-01
1.569785E+01 8.172220E-01 6.481102E-01
1.564985E+01 8.231793E-01 6.092231E-01
1.560213E+01 8.311250E-01 5.722304E-01
1.555471E+01 8.408084E-01 5.371733E-01
1.550758E+01 8.519820E-01 5.040700E-01
1.546072E+01 8.644053E-01 4.729137E-01
1.541416E+01 8.778500E-01 4.436722E-01
1.536787E+01 8.921051E-01 4.162898E-01
1.532186E+01 9.069807E-01 3.906914E-01
1.527612E+01 9.223099E-01 3.667873E-01
1.523065E+01 9.379502E-01 3.444777E-01
1.518546E+01 9.537824E-01 3.236584E-01
1.514053E+01 9.697089E-01 3.042236E-01
1.509587E+01 9.856517E-01 2.860702E-01
1.505147E+01 1.001550E+00 2.690993E-01
1.500733E+01 1.017356E+00 2.532178E-01
1.496345E+01 1.033036E+00 2.383397E-01
1.491983E+01 1.048563E+00 2.243858E-01
1.487645E+01 1.063920E+00 2.112844E-01
1.483333E+01 1.079094E+00 1.989704E-01
1.479046E+01 1.094079E+00 1.873854E-01
1.474784E+01 1.108870E+00 1.764771E-01
1.470546E+01 1.123466E+00 1.661984E-01
1.466332E+01 1.137867E+00 1.565073E-01
1.462143E+01 1.152074E+00 1.473663E-01
1.457977E+01 1.166091E+00 1.387414E-01
1.453835E+01 1.179918E+00 1.306023E-01
1.449717E+01 1.193561E+00 1.229216E-01
1.445622E+01 1.207021E+00 1.156743E-01
1.441549E+01 1.220301E+00 1.088377E-01
1.437500E+01 1.233405E+00 1.023909E-01
1.433473E+01 1.246334E+00 9.631479E-02
1.429469E+01 1.259092E+00 9.059135E-02
1.425487E+01 1.271680E+00 8.520390E-02
1.421528E+01 1.284100E+00 8.013672E-02
1.417590E+01 1.296355E+00 7.537491E-02
1.413674E+01 1.308446E+00 7.090432E-02
1.409780E+01 1.320376E+00 6.671143E-02
1.405907E+01 1.332145E+00 6.278329E-02
1.402055E+01 1.343756E+00 5.910742E-02
1.398224E+01 1.355210E+00 5.567183E-02
1.394414E+01 1.366511E+00 5.246491E-02
1.390625E+01 1.377659E+00 4.947549E-02
1.386856E+01 1.388658E+00 4.669275E-02
1.383108E+01 1.399509E+00 4.410624E-02
1.379380E+01 1.410215E+00 4.170589E-02
1.375672E+01 1.420780E+00 3.948198E-02
1.371984E+01 1.431207E+00 3.742515E-02
1.368316E+01 1.441498E+00 3.552641E-02
1.364667E+01 1.451657E+00 3.377710E-02
1.361037E+01 1.461688E+00 3.216895E-02
1.357427E+01 1.471595E+00 3.069404E-02
1.353836E+01 1.481381E+00 2.934481E-02
1.350264E+01 1.491051E+00 2.811407E-02
1.346710E+01 1.500609E+00 2.699496E-02
1.343176E+01 1.510059E+00 2.598100E-02
1.339660E+01 1.519406E+00 2.506603E-02
1.336162E+01 1.528655E+00 2.424425E-02
1.332682E+01 1.537811E+00 2.351019E-02
1.329221E+01 1.546877E+00 2.285870E-02
1.325777E+01 1.555860E+00 2.228494E-02
1.322351E+01 1.564764E+00 2.178439E-02
1.318943E+01 1.573594E+00 2.135282E-02
1.315553E+01 1.582355E+00 2.098630E-02
1.312179E+01 1.591052E+00 2.068117E-02
1.308824E+01 1.599691E+00 2.043402E-02
1.305485E+01 1.608276E+00 2.024172E-02
1.302163E+01 1.616813E+00 2.010138E-02
1.298858E+01 1.625307E+00 2.001033E-02
1.295570E+01 1.633763E+00 1.996616E-02
1.292298E+01 1.642186E+00 1.996664E-02
1.289043E+01 1.650582E+00 2.000976E-02
1.285804E+01 1.658956E+00 2.009372E-02
1.282581E+01 1.667314E+00 2.021689E-02
1.279375E+01 1.675660E+00 2.037785E-02
1.276185E+01 1.684000E+00 2.057532E-02
1.273010E+01 1.692340E+00 2.080822E-02
1.269851E+01 1.700684E+00 2.107561E-02
1.266708E+01 1.709039E+00 2.137671E-02
1.263580E+01 1.717410E+00 2.171090E-02
1.260468E+01 1.725803E+00 2.207771E-02
1.257371E+01 1.734224E+00 2.247680E-02
1.254289E+01 1.742678E+00 2.290797E-02
1.251222E+01 1.751170E+00 2.337116E-02
1.248171E+01 1.759709E+00 2.386647E-02
1.245134E+01 1.768298E+00 2.439410E-02
1.242112E+01 1.776945E+00 2.495441E-02
1.239104E+01 1.785657E+00 2.554788E-02
1.236111E+01 1.794439E+00 2.617513E-02
1.233133E+01 1.803298E+00 2.683692E-02
1.230168E+01 1.812242E+00 2.753416E-02
1.227218E+01 1.821277E+00 2.826790E-02
1.224282E+01 1.830411E+00 2.903933E-02
1.221360E+01 1.839652E+00 2.984981E-02
1.218452E+01 1.849008E+00 3.070085E-02
1.215558E+01 1.858487E+00 3.159416E-02
1.212678E+01 1.868097E+00 3.253159E-02
1.209811E+01 1.877848E+00 3.351522E-02
1.206957E+01 1.887748E+00 3.454730E-02
1.204118E+01 1.897809E+00 3.563034E-02
1.201291E+01 1.908039E+00 3.676706E-02
1.198478E+01 1.918450E+00 3.796042E-02
1.195678E+01 1.929053E+00 3.921370E-02
1.192890E+01 1.939860E+00 4.053045E-02
1.190116E+01 1.950884E+00 4.191454E-02
1.187355E+01 1.962138E+00 4.337023E-02
1.184606E+01 1.973636E+00 4.490214E-02
1.181871E+01 1.985394E+00 4.651535E-02
1.179148E+01 1.997426E+00 4.821541E-02
1.176437E+01 2.009751E+00 5.000840E-02
1.173739E+01 2.022386E+00 5.190098E-02
1.171053E+01 2.035351E+00 5.390050E-02
1.168379E+01 2.048667E+00 5.601502E-02
1.165718E+01 2.062355E+00 5.825345E-02
1.163068E+01 2.076439E+00 6.062565E-02
1.160431E+01 2.090947E+00 6.314253E-02
1.157805E+01 2.105905E+00 6.581623E-02
1.155192E+01 2.121344E+00 6.866030E-02
1.152590E+01 2.137296E+00 7.168988E-02
1.150000E+01 2.153798E+00 7.492201E-02
1.147422E+01 2.170887E+00 7.837591E-02
1.144855E+01 2.188608E+00 8.207337E-02
1.142299E+01 2.207005E+00 8.603920E-02
1.139755E+01 2.226130E+00 9.030183E-02
1.137222E+01 2.246040E+00 9.489399E-02
1.134701E+01 2.266794E+00 9.985355E-02
1.132190E+01 2.288462E+00 1.052246E-01
1.129691E+01 2.311118E+00 1.110587E-01
1.127203E+01 2.334843E+00 1.174165E-01
1.124725E+01 2.359728E+00 1.243696E-01
1.122259E+01 2.385872E+00 1.320029E-01
1.119803E+01 2.413382E+00 1.404178E-01
1.117358E+01 2.442377E+00 1.497348E-01
1.114924E+01 2.472983E+00 1.600986E-01
1.112500E+01 2.505335E+00 1.716825E-01
1.110087E+01 2.539578E+00 1.846944E-01
1.107684E+01 2.575860E+00 1.993837E-01
1.105292E+01 2.614331E+00 2.160498E-01
1.102910E+01 2.655139E+00 2.350507E-01
1.100538E+01 2.698418E+00 2.568144E-01
1.098176E+01 2.744280E+00 2.818495E-01
1.095824E+01 2.792794E+00 3.107580E-01
1.093483E+01 2.843970E+00 3.442461E-01
1.091151E+01 2.897721E+00 3.831346E-01
1.088830E+01 2.953831E+00 4.283631E-01
1.086518E+01 3.011898E+00 4.809870E-01
1.084216E+01 3.071279E+00 5.421594E-01
1.081924E+01 3.131019E+00 6.130917E-01
1.079641E+01 3.189776E+00 6.949833E-01
1.077368E+01 3.245765E+00 7.889125E-01
1.075105E+01 3.296718E+00 8.956838E-01
1.072851E+01 3.339908E+00 1.015635E+00
1.070607E+01 3.372254E+00 1.148428E+00
1.068372E+01 3.390528E+00 1.292862E+00
1.066146E+01 3.391662E+00 1.446771E+00
1.063929E+01 3.373117E+00 1.607063E+00
1.061722E+01 3.333215E+00 1.769927E+00
1.059524E+01 3.271357E+00 1.931197E+00
1.057335E+01 3.188050E+00 2.086751E+00
1.055155E+01 3.084744E+00 2.232880E+00
1.052983E+01 2.963557E+00 2.366486E+00
1.050821E+01 2.826990E+00 2.485134E+00
1.048668E+01 2.677719E+00 2.586975E+00
1.046524E+01 2.518500E+00 2.670626E+00
1.044388E+01 2.352174E+00 2.735097E+00
1.042261E+01 2.181693E+00 2.779790E+00
1.040142E+01 2.010126E+00 2.804575E+00
1.038032E+01 1.840573E+00 2.809887E+00
1.035931E+01 1.676018E+00 2.796791E+00
1.033838E+01 1.519126E+00 2.766964E+00
1.031754E+01 1.372060E+00 2.722583E+00
1.029678E+01 1.236357E+00 2.666145E+00
1.027610E+01 1.112892E+00 2.600251E+00
1.025551E+01 1.001926E+00 2.527412E+00
1.023500E+01 9.032130E-01 2.449907E+00
1.021457E+01 8.161264E-01 2.369689E+00
1.019422E+01 7.397947E-01 2.288352E+00
1.017396E+01 6.732140E-01 2.207145E+00
1.015377E+01 6.153368E-01 2.126998E+00
1.013366E+01 5.651352E-01 2.048570E+00
1.011364E+01 5.216415E-01 1.972302E+00
1.009369E+01 4.839707E-01 1.898459E+00
1.007382E+01 4.513312E-01 1.827173E+00
1.005403E+01 4.230259E-01 1.758477E+00
1.003431E+01 3.984489E-01 1.692332E+00
1.001468E+01 3.770786E-01 1.628649E+00
9.995112E+00 3.584696E-01 1.567305E+00
9.975630E+00 3.422443E-01 1.508156E+00
9.956222E+00 3.280846E-01 1.451046E+00
9.936891E+00 3.157240E-01 1.395813E+00
9.917634E+00 3.049413E-01 1.342295E+00
9.898452E+00 2.955538E-01 1.290330E+00
9.879344E+00 2.874130E-01 1.239761E+00
9.860309E+00 2.803993E-01 1.190437E+00
9.841348E+00 2.744192E-01 1.142212E+00
9.822459E+00 2.694024E-01 1.094943E+00
9.803643E+00 2.652994E-01 1.048497E+00
9.784899E+00 2.620810E-01 1.002742E+00
9.766226E+00 2.597373E-01 9.575502E-01
9.747615E+00 2.582784E-01 9.127995E-01
9.729084E+00 2.577360E-01 8.683694E-01
9.710623E+00 2.581658E-01 8.241438E-01
9.692233E+00 2.596516E-01 7.800111E-01
9.673912E+00 2.623106E-01 7.358673E-01
9.655660E+00 2.663014E-01 6.916219E-01
9.637477E+00 2.718321E-01 6.472077E-01
9.619362E+00 2.791700E-01 6.025985E-01
9.601315E+00 2.886479E-01 5.578381E-01
9.583336E+00 3.006589E-01 5.130838E-01
9.565424E+00 3.156262E-01 4.686647E-01
9.547578E+00 3.339238E-01 4.251377E-01
9.529800E+00 3.557389E-01 3.833008E-01
9.512078E+00 3.809078E-01 3.440981E-01
9.494431E+00 4.088329E-01 3.083968E-01
9.476849E+00 4.385820E-01 2.767371E-01
9.459333E+00 4.691370E-01 2.492169E-01
9.441881E+00 4.996265E-01 2.255667E-01
9.424493E+00 5.294330E-01 2.053174E-01
9.407170E+00 5.581837E-01 1.879485E-01
9.389909E+00 5.856899E-01 1.729737E-01
9.372712E+00 6.118846E-01 1.599754E-01
9.355578E+00 6.367730E-01 1.486097E-01
9.338507E+00 6.604009E-01 1.385987E-01
9.321498E+00 6.828336E-01 1.297193E-01
9.304541E+00 7.041449E-01 1.217923E-01
9.287655E+00 7.244102E-01 1.146734E-01
9.270831E+00 7.437024E-01 1.082454E-01
9.254067E+00 7.620906E-01 1.024123E-01
9.237363E+00 7.796390E-01 9.709535E-02
9.220720E+00 7.964070E-01 9.222890E-02
9.204137E+00 8.124487E-01 8.775813E-02
9.187613E+00 8.278140E-01 8.363681E-02
9.171148E+00 8.425480E-01 7.982572E-02
9.154743E+00 8.566923E-01 7.629135E-02
9.138396E+00 8.702847E-01 7.300491E-02
9.122107E+00 8.833598E-01 6.994151E-02
9.105876E+00 8.959493E-01 6.707953E-02
9.089694E+00 9.080823E-01 6.440007E-02
9.073579E+00 9.197855E-01 6.188657E-02
9.057520E+00 9.310835E-01 5.952441E-02
9.041518E+00 9.419989E-01 5.730067E-02
9.025572E+00 9.525527E-01 5.520386E-02
9.009683E+00 9.627643E-01 5.322376E-02
8.993849E+00 9.726514E-01 5.135119E-02
8.978071E+00 9.822309E-01 4.957793E-02
8.962348E+00 9.915181E-01 4.789659E-02
8.946680E+00 1.000527E+00 4.630048E-02
8.931067E+00 1.009272E+00 4.478355E-02
8.915509E+00 1.017765E+00 4.334031E-02
8.899996E+00 1.026018E+00 4.196577E-02
8.884545E+00 1.034041E+00 4.065537E-02
8.869148E+00 1.041845E+00 3.940495E-02
8.853804E+00 1.049440E+00 3.821070E-02
8.838513E+00 1.056835E+00 3.706913E-02
8.823275E+00 1.064037E+00 3.597702E-02
8.808089E+00 1.071056E+00 3.493140E-02
8.792956E+00 1.077898E+00 3.392956E-02
8.777874E+00 1.084571E+00 3.296896E-02
8.762844E+00 1.091082E+00 3.204728E-02
8.747866E+00 1.097437E+00 3.116234E-02
8.732938E+00 1.103641E+00 3.031215E-02
8.718061E+00 1.109701E+00 2.949483E-02
8.703228E+00 1.115622E+00 2.870865E-02
8.688452E+00 1.121409E+00 2.795200E-02
8.673727E+00 1.127067E+00 2.722336E-02
8.659051E+00 1.132600E+00 2.652132E-02
8.644425E+00 1.138014E+00 2.584456E-02
8.629848E+00 1.143311E+00 2.519186E-02
8.615320E+00 1.148497E+00 2.456206E-02
8.600841E+00 1.153574E+00 2.395406E-02
8.586411E+00 1.158547E+00 2.336686E-02
8.572029E+00 1.163419E+00 2.279950E-02
8.557695E+00 1.168193E+00 2.225107E-02
8.543409E+00 1.172872E+00 2.172074E-02
8.529170E+00 1.177460E+00 2.120769E-02
8.514972E+00 1.181959E+00 2.071119E-02
8.500828E+00 1.186372E+00 2.023051E-02
8.486731E+00 1.190702E+00 1.976499E-02
8.472681E+00 1.194950E+00 1.931400E-02
8.458677E+00 1.199121E+00 1.887693E-02
8.444719E+00 1.203215E+00 1.845321E-02
8.430808E+00 1.207235E+00 1.804231E-02
8.416942E+00 1.211183E+00 1.764373E-02
8.403121E+00 1.215062E+00 1.725696E-02
8.389346E+00 1.218873E+00 1.688156E-02
8.375616E+00 1.222618E+00 1.651709E-02
8.361931E+00 1.226299E+00 1.616314E-02
8.348284E+00 1.229917E+00 1.581931E-02
8.334688E+00 1.233475E+00 1.548523E-02
8.321136E+00 1.236974E+00 1.516053E-02
8.307628E+00 1.240416E+00 1.484489E-02
8.294164E+00 1.243801E+00 1.453798E-02
8.280744E+00 1.247132E+00 1.423948E-02
8.267367E+00 1.250410E+00 1.394911E-02
8.254033E+00 1.253637E+00 1.366658E-02
8.240742E+00 1.256812E+00 1.339162E-02
8.227493E+00 1.259939E+00 1.312399E-02
8.214288E+00 1.263018E+00 1.286343E-02
8.201124E+00 1.266049E+00 1.260971E-02
8.188003E+00 1.269036E+00 1.236261E-02
8.174917E+00 1.271977E+00 1.212190E-02
8.161879E+00 1.274875E+00 1.188740E-02
8.148883E+00 1.277731E+00 1.165889E-02
8.135929E+00 1.280545E+00 1.143620E-02
8.123015E+00 1.283318E+00 1.121914E-02
8.110142E+00 1.286052E+00 1.100753E-02
8.097310E+00 1.288747E+00 1.080122E-02
8.084519E+00 1.291405E+00 1.060004E-02
8.071768E+00 1.294025E+00 1.040384E-02
8.059057E+00 1.296609E+00 1.021247E-02
8.046386E+00 1.299158E+00 1.002579E-02
8.033755E+00 1.301672E+00 9.843670E-03
8.021163E+00 1.304153E+00 9.665974E-03
8.008604E+00 1.306600E+00 9.492577E-03
7.996092E+00 1.309014E+00 9.323358E-03
7.983618E+00 1.311397E+00 9.158202E-03
7.971183E+00 1.313749E+00 8.996996E-03
7.958786E+00 1.316070E+00 8.839633E-03
7.946428E+00 1.318362E+00 8.686008E-03
7.934109E+00 1.320624E+00 8.536021E-03
7.921827E+00 1.322858E+00 8.389577E-03
7.909584E+00 1.325063E+00 8.246580E-03
7.897378E+00 1.327241E+00 8.106942E-03
7.885210E+00 1.329392E+00 7.970576E-03
7.873080E+00 1.331517E+00 7.837398E-03
7.860980E+00 1.333615E+00 7.707327E-03
7.848924E+00 1.335688E+00 7.580285E-03
7.836905E+00 1.337736E+00 7.456196E-03
7.824922E+00 1.339760E+00 7.334987E-03
7.812976E+00 1.341760E+00 7.216588E-03
7.801067E+00 1.343736E+00 7.100929E-03
7.789193E+00 1.345689E+00 6.987945E-03
7.777356E+00 1.347619E+00 6.877573E-03
7.765555E+00 1.349527E+00 6.769748E-03
7.753789E+00 1.351413E+00 6.664412E-03
7.742059E+00 1.353277E+00 6.561506E-03
7.730365E+00 1.355120E+00 6.460974E-03
7.718706E+00 1.356943E+00 6.362761E-03
7.707076E+00 1.358745E+00 6.266813E-03
7.695487E+00 1.360527E+00 6.173079E-03
7.683932E+00 1.362289E+00 6.081509E-03
7.672413E+00 1.364032E+00 5.992054E-03
7.660927E+00 1.365756E+00 5.904666E-03
7.649477E+00 1.367462E+00 5.819301E-03
7.638060E+00 1.369148E+00 5.735912E-03
7.626677E+00 1.370817E+00 5.654457E-03
7.615328E+00 1.372468E+00 5.574893E-03
7.604013E+00 1.374102E+00 5.497179E-03
7.592732E+00 1.375718E+00 5.421275E-03
7.581484E+00 1.377317E+00 5.347142E-03
7.570269E+00 1.378900E+00 5.274741E-03
7.559082E+00 1.380466E+00 5.204036E-03
7.547933E+00 1.382016E+00 5.134989E-03
7.536817E+00 1.383550E+00 5.067567E-03
7.525734E+00 1.385069E+00 5.001734E-03
7.514684E+00 1.386572E+00 4.937457E-03
7.503666E+00 1.388060E+00 4.874703E-03
7.492680E+00 1.389533E+00 4.813439E-03
7.481726E+00 1.390992E+00 4.753634E-03
7.470804E+00 1.392435E+00 4.695258E-03
7.459914E+00 1.393865E+00 4.638280E-03
7.449056E+00 1.395281E+00 4.582671E-03
7.438229E+00 1.396683E+00 4.528402E-03
7.427428E+00 1.398071E+00 4.475445E-03
7.416665E+00 1.399445E+00 4.423772E-03
7.405932E+00 1.400807E+00 4.373356E-03
7.395230E+00 1.402155E+00 4.324171E-03
7.384559E+00 1.403491E+00 4.276191E-03
7.373919E+00 1.404814E+00 4.229389E-03
7.363309E+00 1.406124E+00 4.183742E-03
7.352730E+00 1.407422E+00 4.139224E-03
7.342182E+00 1.408708E+00 4.095811E-03
7.331663E+00 1.409982E+00 4.053479E-03
7.321175E+00 1.411244E+00 4.012206E-03
7.310716E+00 1.412495E+00 3.971968E-03
7.300288E+00 1.413734E+00 3.932743E-03
7.289884E+00 1.414962E+00 3.894508E-03
7.279514E+00 1.416178E+00 3.857242E-03
7.269175E+00 1.417384E+00 3.820923E-03
7.258864E+00 1.418578E+00 3.785531E-03
7.248583E+00 1.419762E+00 3.751044E-03
7.238331E+00 1.420936E+00 3.717443E-03
7.228108E+00 1.422099E+00 3.684706E-03
7.217913E+00 1.423251E+00 3.652815E-03
7.207747E+00 1.424394E+00 3.621749E-03
7.197610E+00 1.425526E+00 3.591490E-03
7.187502E+00 1.426648E+00 3.562019E-03
7.177422E+00 1.427761E+00 3.533316E-03
7.167364E+00 1.428864E+00 3.505364E-03
7.157341E+00 1.429958E+00 3.478145E-03
7.147345E+00 1.431042E+00 3.451641E-03
7.137377E+00 1.432117E+00 3.425834E-03
7.127436E+00 1.433182E+00 3.400707E-03
7.117524E+00 1.434239E+00 3.376243E-03
7.107639E+00 1.435287E+00 3.352425E-03
7.097781E+00 1.436326E+00 3.329236E-03
7.087951E+00 1.437356E+00 3.306661E-03
7.078148E+00 1.438377E+00 3.284683E-03
7.068372E+00 1.439390E+00 3.263287E-03
7.058623E+00 1.440395E+00 3.242457E-03
7.048900E+00 1.441391E+00 3.222177E-03
7.039200E+00 1.442380E+00 3.202433E-03
7.029531E+00 1.443360E+00 3.183209E-03
7.019889E+00 1.444332E+00 3.164491E-03
7.010273E+00 1.445296E+00 3.146265E-03
7.000683E+00 1.446253E+00 3.128517E-03
6.991120E+00 1.447201E+00 3.111232E-03
6.981583E+00 1.448143E+00 3.094397E-03
6.972071E+00 1.449076E+00 3.077999E-03
6.962586E+00 1.450003E+00 3.062024E-03
6.953126E+00 1.450922E+00 3.046459E-03
6.943692E+00 1.451833E+00 3.031292E-03
6.934284E+00 1.452738E+00 3.016511E-03
6.924901E+00 1.453636E+00 3.002103E-03
6.915538E+00 1.454526E+00 2.988055E-03
6.906206E+00 1.455410E+00 2.974358E-03
6.896899E+00 1.456287E+00 2.960999E-03
6.887617E+00 1.457157E+00 2.947967E-03
6.878360E+00 1.458021E+00 2.935251E-03
6.869127E+00 1.458878E+00 2.922842E-03
6.859920E+00 1.459729E+00 2.910730E-03
6.850737E+00 1.460573E+00 2.898904E-03
6.841578E+00 1.461411E+00 2.887357E-03
6.832445E+00 1.462243E+00 2.876080E-03
6.823335E+00 1.463069E+00 2.865066E-03
6.814250E+00 1.463889E+00 2.854308E-03
6.805184E+00 1.464702E+00 2.843800E-03
6.796147E+00 1.465510E+00 2.833539E-03
6.787134E+00 1.466312E+00 2.823520E-03
6.778145E+00 1.467109E+00 2.813742E-03
6.769179E+00 1.467900E+00 2.804207E-03
6.760237E+00 1.468685E+00 2.794915E-03
6.751319E+00 1.469465E+00 2.785873E-03
6.742425E+00 1.470239E+00 2.777088E-03
6.733553E+00 1.471008E+00 2.768571E-03
6.724705E+00 1.471772E+00 2.760337E-03
6.715881E+00 1.472531E+00 2.752403E-03
6.707079E+00 1.473285E+00 2.744794E-03
6.698301E+00 1.474034E+00 2.737536E-03
6.689540E+00 1.474777E+00 2.730661E-03
6.680808E+00 1.475517E+00 2.724207E-03
6.672098E+00 1.476251E+00 2.718216E-03
6.663410E+00 1.476981E+00 2.712736E-03
6.654746E+00 1.477706E+00 2.707820E-03
6.646104E+00 1.478426E+00 2.703524E-03
6.637484E+00 1.479142E+00 2.699909E-03
6.628886E+00 1.479854E+00 2.697039E-03
6.620311E+00 1.480561E+00 2.694981E-03
6.611758E+00 1.481263E+00 2.693800E-03
6.603227E+00 1.481961E+00 2.693561E-03
6.594718E+00 1.482655E+00 2.694327E-03
6.586231E+00 1.483344E+00 2.696154E-03
6.577762E+00 1.484028E+00 2.699093E-03
6.569318E+00 1.484708E+00 2.703182E-03
6.560896E+00 1.485383E+00 2.708452E-03
6.552496E+00 1.486054E+00 2.714913E-03
6.544117E+00 1.486719E+00 2.722565E-03
6.535760E+00 1.487380E+00 2.731385E-03
6.527424E+00 1.488036E+00 2.741332E-03
6.519109E+00 1.488686E+00 2.752344E-03
6.510815E+00 1.489332E+00 2.764336E-03
6.502542E+00 1.489972E+00 2.777203E-03
6.494291E+00 1.490607E+00 2.790820E-03
6.486060E+00 1.491236E+00 2.805042E-03
6.477846E+00 1.491861E+00 2.819709E-03
6.469657E+00 1.492479E+00 2.834646E-03
6.461489E+00 1.493093E+00 2.849670E-03
6.453341E+00 1.493701E+00 2.864594E-03
6.445213E+00 1.494304E+00 2.879231E-03
6.437107E+00 1.494902E+00 2.893399E-03
6.429020E+00 1.495495E+00 2.906929E-03
6.420954E+00 1.496083E+00 2.919669E-03
6.412908E+00 1.496667E+00 2.931490E-03
6.404882E+00 1.497246E+00 2.942289E-03
6.396876E+00 1.497821E+00 2.951997E-03
6.388890E+00 1.498393E+00 2.960581E-03
6.380925E+00 1.498961E+00 2.968045E-03
6.372975E+00 1.499525E+00 2.974434E-03
6.365048E+00 1.500087E+00 2.979833E-03
6.357142E+00 1.500646E+00 2.984365E-03
6.349255E+00 1.501202E+00 2.988193E-03
6.341387E+00 1.501755E+00 2.991509E-03
6.333539E+00 1.502307E+00 2.994536E-03
6.325711E+00 1.502856E+00 2.997521E-03
6.317902E+00 1.503404E+00 3.000725E-03
6.310112E+00 1.503949E+00 3.004420E-03
6.302341E+00 1.504493E+00 3.008880E-03
6.294589E+00 1.505034E+00 3.014371E-03
6.286857E+00 1.505573E+00 3.021150E-03
6.279143E+00 1.506110E+00 3.029451E-03
6.271444E+00 1.506644E+00 3.039482E-03
6.263769E+00 1.507176E+00 3.051420E-03
6.256111E+00 1.507705E+00 3.065404E-03
6.248473E+00 1.508230E+00 3.081534E-03
6.240853E+00 1.508752E+00 3.099865E-03
6.233252E+00 1.509271E+00 3.120407E-03
6.225669E+00 1.509785E+00 3.143127E-03
6.218105E+00 1.510295E+00 3.167944E-03
6.210559E+00 1.510800E+00 3.194738E-03
6.203031E+00 1.511301E+00 3.223344E-03
6.195522E+00 1.511796E+00 3.253561E-03
6.188031E+00 1.512286E+00 3.285155E-03
6.180554E+00 1.512771E+00 3.317860E-03
6.173099E+00 1.513250E+00 3.351388E-03
6.165661E+00 1.513723E+00 3.385428E-03
6.158242E+00 1.514190E+00 3.419656E-03
6.150841E+00 1.514652E+00 3.453739E-03
6.143457E+00 1.515107E+00 3.487337E-03
6.136091E+00 1.515558E+00 3.520115E-03
6.128743E+00 1.516002E+00 3.551740E-03
6.121412E+00 1.516441E+00 3.581892E-03
6.114099E+00 1.516874E+00 3.610267E-03
6.106803E+00 1.517303E+00 3.636579E-03
6.099525E+00 1.517726E+00 3.660567E-03
6.092264E+00 1.518145E+00 3.681997E-03
6.085016E+00 1.518560E+00 3.700665E-03
6.077790E+00 1.518970E+00 3.716401E-03
6.070580E+00 1.519377E+00 3.729069E-03
6.063388E+00 1.519780E+00 3.738570E-03
6.056213E+00 1.520181E+00 3.744845E-03
6.049054E+00 1.520579E+00 3.747870E-03
6.041913E+00 1.520974E+00 3.747661E-03
6.034788E+00 1.521368E+00 3.744272E-03
6.027680E+00 1.521760E+00 3.737790E-03
6.020589E+00 1.522151E+00 3.728341E-03
6.013515E+00 1.522540E+00 3.716079E-03
6.006457E+00 1.522929E+00 3.701189E-03
5.999412E+00 1.523318E+00 3.683881E-03
5.992387E+00 1.523706E+00 3.664387E-03
5.985379E+00 1.524095E+00 3.642959E-03
5.978387E+00 1.524483E+00 3.619861E-03
5.971411E+00 1.524872E+00 3.595368E-03
5.964452E+00 1.525261E+00 3.569759E-03
5.957509E+00 1.525650E+00 3.543317E-03
5.950582E+00 1.526040E+00 3.516320E-03
5.943671E+00 1.526430E+00 3.489041E-03
5.936776E+00 1.526821E+00 3.461744E-03
5.929897E+00 1.527212E+00 3.434677E-03
5.923034E+00 1.527603E+00 3.408073E-03
5.916187E+00 1.527994E+00 3.382150E-03
5.909352E+00 1.528386E+00 3.357101E-03
5.902536E+00 1.528777E+00 3.333101E-03
5.895736E+00 1.529168E+00 3.310301E-03
5.888952E+00 1.529559E+00 3.288830E-03
5.882183E+00 1.529949E+00 3.268793E-03
5.875430E+00 1.530338E+00 3.250273E-03
5.868693E+00 1.530727E+00 3.233332E-03
5.861971E+00 1.531114E+00 3.218008E-03
5.855264E+00 1.531500E+00 3.204323E-03
5.848572E+00 1.531885E+00 3.192278E-03
5.841896E+00 1.532268E+00 3.181859E-03
5.835235E+00 1.532649E+00 3.173036E-03
5.828589E+00 1.533029E+00 3.165766E-03
5.821955E+00 1.533406E+00 3.159994E-03
5.815340E+00 1.533782E+00 3.155657E-03
5.808739E+00 1.534155E+00 3.152683E-03
5.802154E+00 1.534526E+00 3.150993E-03
5.795583E+00 1.534895E+00 3.150506E-03
5.789027E+00 1.535261E+00 3.151134E-03
5.782486E+00 1.535625E+00 3.152790E-03
5.775960E+00 1.535986E+00 3.155385E-03
5.769448E+00 1.536345E+00 3.158832E-03
5.762951E+00 1.536701E+00 3.163041E-03
5.756469E+00 1.537055E+00 3.167929E-03
5.750001E+00 1.537406E+00 3.173412E-03
5.743545E+00 1.537754E+00 3.179410E-03
5.737106E+00 1.538100E+00 3.185847E-03
5.730682E+00 1.538444E+00 3.192651E-03
5.724272E+00 1.538784E+00 3.199753E-03
5.717877E+00 1.539122E+00 3.207087E-03
5.711495E+00 1.539458E+00 3.214592E-03
5.705128E+00 1.539791E+00 3.222213E-03
5.698775E+00 1.540122E+00 3.229896E-03
5.692437E+00 1.540450E+00 3.237591E-03
5.686112E+00 1.540776E+00 3.245253E-03
5.679801E+00 1.541099E+00 3.252839E-03
5.673505E+00 1.541421E+00 3.260311E-03
5.667222E+00 1.541739E+00 3.267631E-03
5.660950E+00 1.542056E+00 3.274767E-03
5.654695E+00 1.542370E+00 3.281688E-03
5.648454E+00 1.542682E+00 3.288365E-03
5.642226E+00 1.542992E+00 3.294771E-03
5.636013E+00 1.543300E+00 3.300883E-03
5.629813E+00 1.543606E+00 3.306677E-03
5.623626E+00 1.543909E+00 3.312132E-03
5.617454E+00 1.544211E+00 3.317230E-03
5.611294E+00 1.544510E+00 3.321951E-03
5.605149E+00 1.544808E+00 3.326278E-03
5.599016E+00 1.545103E+00 3.330195E-03
5.592897E+00 1.545397E+00 3.333688E-03
5.586792E+00 1.545689E+00 3.336742E-03
5.580697E+00 1.545979E+00 3.339343E-03
5.574618E+00 1.546267E+00 3.341480E-03
5.568552E+00 1.546553E+00 3.343140E-03
5.562499E+00 1.546837E+00 3.344312E-03
5.556460E+00 1.547120E+00 3.344986E-03
5.550434E+00 1.547401E+00 3.345151E-03
5.544421E+00 1.547681E+00 3.344798E-03
5.538420E+00 1.547958E+00 3.343918E-03
5.532433E+00 1.548234E+00 3.342503E-03
5.526459E+00 1.548509E+00 3.340545E-03
5.520497E+00 1.548782E+00 3.338037E-03
5.514549E+00 1.549053E+00 3.334971E-03
5.508610E+00 1.549323E+00 3.331342E-03
5.502687E+00 1.549591E+00 3.327143E-03
5.496777E+00 1.549858E+00 3.322369E-03
5.490879E+00 1.550123E+00 3.317016E-03
5.484994E+00 1.550387E+00 3.311079E-03
5.479122E+00 1.550650E+00 3.304554E-03
5.473262E+00 1.550911E+00 3.297438E-03
5.467415E+00 1.551171E+00 3.289728E-03
5.461580E+00 1.551430E+00 3.281422E-03
5.455758E+00 1.551687E+00 3.272517E-03
5.449948E+00 1.551943E+00 3.263013E-03
5.444150E+00 1.552198E+00 3.252909E-03
5.438365E+00 1.552452E+00 3.242205E-03
5.432589E+00 1.552705E+00 3.230900E-03
5.426828E+00 1.552956E+00 3.218996E-03
5.421080E+00 1.553206E+00 3.206495E-03
5.415343E+00 1.553456E+00 3.193397E-03
5.409619E+00 1.553704E+00 3.179705E-03
5.403907E+00 1.553951E+00 3.165423E-03
5.398207E+00 1.554197E+00 3.150554E-03
5.392519E+00 1.554442E+00 3.135102E-03
5.386843E+00 1.554686E+00 3.119071E-03
5.381178E+00 1.554930E+00 3.102467E-03
5.375526E+00 1.555172E+00 3.085294E-03
5.369886E+00 1.555413E+00 3.067560E-03
5.364257E+00 1.555654E+00 3.049270E-03
5.358638E+00 1.555894E+00 3.030433E-03
5.353032E+00 1.556133E+00 3.011054E-03
5.347439E+00 1.556371E+00 2.991144E-03
5.341858E+00 1.556609E+00 2.970709E-03
5.336288E+00 1.556845E+00 2.949760E-03
5.330729E+00 1.557082E+00 2.928305E-03
5.325182E+00 1.557317E+00 2.906355E-03
5.319647E+00 1.557552E+00 2.883920E-03
5.314123E+00 1.557786E+00 2.861011E-03
5.308611E+00 1.558019E+00 2.837639E-03
5.303110E+00 1.558252E+00 2.813816E-03
5.297620E+00 1.558485E+00 2.789554E-03
5.292139E+00 1.558716E+00 2.764866E-03
5.286672E+00 1.558948E+00 2.739765E-03
5.281217E+00 1.559178E+00 2.714264E-03
5.275773E+00 1.559409E+00 2.688377E-03
5.270339E+00 1.559639E+00 2.662119E-03
5.264917E+00 1.559868E+00 2.635504E-03
5.259507E+00 1.560097E+00 2.608549E-03
5.254107E+00 1.560326E+00 2.581270E-03
5.248718E+00 1.560554E+00 2.553684E-03
5.243341E+00 1.560782E+00 2.525810E-03
5.237974E+00 1.561010E+00 2.497668E-03
5.232619E+00 1.561238E+00 2.469277E-03
5.227274E+00 1.561465E+00 2.440663E-03
5.221938E+00 1.561692E+00 2.411848E-03
5.216615E+00 1.561919E+00 2.382861E-03
5.211303E+00 1.562146E+00 2.353733E-03
5.206001E+00 1.562372E+00 2.324496E-03
5.200711E+00 1.562599E+00 2.295190E-03
5.195431E+00 1.562825E+00 2.265855E-03
5.190162E+00 1.563052E+00 2.236541E-03
5.184904E+00 1.563278E+00 2.207300E-03
5.179656E+00 1.563505E+00 2.178191E-03
5.174419E+00 1.563731E+00 2.149282E-03
5.169193E+00 1.563958E+00 2.120646E-03
5.163977E+00 1.564185E+00 2.092365E-03
5.158769E+00 1.564412E+00 2.064527E-03
5.153574E+00 1.564639E+00 2.037229E-03
5.148389E+00 1.564866E+00 2.010573E-03
5.143215E+00 1.565093E+00 1.984670E-03
5.138052E+00 1.565321E+00 1.959633E-03
5.132898E+00 1.565548E+00 1.935580E-03
5.127755E+00 1.565775E+00 1.912630E-03
5.122623E+00 1.566002E+00 1.890898E-03
5.117500E+00 1.566229E+00 1.870499E-03
5.112388E+00 1.566456E+00 1.851535E-03
5.107286E+00 1.566682E+00 1.834099E-03
5.102194E+00 1.566907E+00 1.818269E-03
5.097113E+00 1.567131E+00 1.804100E-03
5.092039E+00 1.567354E+00 1.791626E-03
5.086977E+00 1.567576E+00 1.780852E-03
5.081926E+00 1.567796E+00 1.771749E-03
5.076884E+00 1.568015E+00 1.764256E-03
5.071853E+00 1.568231E+00 1.758275E-03
5.066832E+00 1.568446E+00 1.753667E-03
5.061820E+00 1.568657E+00 1.750257E-03
5.056818E+00 1.568866E+00 1.747830E-03
5.051827E+00 1.569072E+00 1.746134E-03
5.046845E+00 1.569276E+00 1.744886E-03
5.041873E+00 1.569476E+00 1.743773E-03
5.036910E+00 1.569673E+00 1.742460E-03
5.031958E+00 1.569866E+00 1.740597E-03
5.027013E+00 1.570057E+00 1.737824E-03
5.022080E+00 1.570244E+00 1.733784E-03
5.017156E+00 1.570429E+00 1.728128E-03
5.012242E+00 1.570611E+00 1.720526E-03
5.007338E+00 1.570790E+00 1.710679E-03
5.002444E+00 1.570968E+00 1.698324E-03
4.997559E+00 1.571143E+00 1.683241E-03
4.992683E+00 1.571318E+00 1.665267E-03
4.987817E+00 1.571491E+00 1.644292E-03
4.982961E+00 1.571664E+00 1.620272E-03
4.978114E+00 1.571836E+00 1.593223E-03
4.973276E+00 1.572009E+00 1.563227E-03
4.968445E+00 1.572183E+00 1.530428E-03
4.963627E+00 1.572357E+00 1.495025E-03
4.958817E+00 1.572533E+00 1.457272E-03
4.954017E+00 1.572711E+00 1.417464E-03
4.949226E+00 1.572891E+00 1.375934E-03
4.944444E+00 1.573072E+00 1.333039E-03
4.939672E+00 1.573256E+00 1.289153E-03
4.934909E+00 1.573442E+00 1.244654E-03
4.930155E+00 1.573631E+00 1.199916E-03
4.925410E+00 1.573821E+00 1.155298E-03
4.920674E+00 1.574014E+00 1.111138E-03
4.915947E+00 1.574209E+00 1.067743E-03
4.911230E+00 1.574406E+00 1.025388E-03
4.906519E+00 1.574604E+00 9.843078E-04
4.901819E+00 1.574803E+00 9.446971E-04
4.897128E+00 1.575004E+00 9.067091E-04
4.892447E+00 1.575206E+00 8.704564E-04
4.887774E+00 1.575408E+00 8.360126E-04
4.883111E+00 1.575611E+00 8.034151E-04
4.878456E+00 1.575814E+00 7.726689E-04
4.873810E+00 1.576017E+00 7.437505E-04
4.869173E+00 1.576220E+00 7.166124E-04
4.864544E+00 1.576422E+00 6.911876E-04
4.859925E+00 1.576624E+00 6.673940E-04
4.855314E+00 1.576826E+00 6.451384E-04
4.850712E+00 1.577026E+00 6.243207E-04
4.846116E+00 1.577226E+00 6.048368E-04
4.841532E+00 1.577425E+00 5.865820E-04
4.836956E+00 1.577622E+00 5.694535E-04
4.832389E+00 1.577819E+00 5.533518E-04
4.827830E+00 1.578015E+00 5.381826E-04
4.823280E+00 1.578209E+00 5.238579E-04
4.818738E+00 1.578403E+00 5.102967E-04
4.814205E+00 1.578596E+00 4.974249E-04
4.809681E+00 1.578787E+00 4.851758E-04
4.805165E+00 1.578978E+00 4.734901E-04
4.800657E+00 1.579167E+00 4.623150E-04
4.796158E+00 1.579356E+00 4.516042E-04
4.791666E+00 1.579543E+00 4.413173E-04
4.787183E+00 1.579730E+00 4.314192E-04
4.782710E+00 1.579915E+00 4.218795E-04
4.778244E+00 1.580100E+00 4.126719E-04
4.773787E+00 1.580284E+00 4.037737E-04
4.769338E+00 1.580466E+00 3.951655E-04
4.764898E+00 1.580648E+00 3.868303E-04
4.760465E+00 1.580830E+00 3.787533E-04
4.756041E+00 1.581010E+00 3.709216E-04
4.751625E+00 1.581189E+00 3.633239E-04
4.747218E+00 1.581368E+00 3.559500E-04
4.742818E+00 1.581546E+00 3.487908E-04
4.738427E+00 1.581723E+00 3.418380E-04
4.734042E+00 1.581899E+00 3.350840E-04
4.729666E+00 1.582075E+00 3.285218E-04
4.725299E+00 1.582250E+00 3.221446E-04
4.720940E+00 1.582424E+00 3.159464E-04
4.716590E+00 1.582597E+00 3.099210E-04
4.712247E+00 1.582770E+00 3.040627E-04
4.707912E+00 1.582942E+00 2.983662E-04
4.703585E+00 1.583113E+00 2.928260E-04
4.699266E+00 1.583283E+00 2.874371E-04
4.694955E+00 1.583453E+00 2.821943E-04
4.690652E+00 1.583622E+00 2.770929E-04
4.686356E+00 1.583791E+00 2.721282E-04
4.682067E+00 1.583958E+00 2.672954E-04
4.677787E+00 1.584125E+00 2.625901E-04
4.673515E+00 1.584291E+00 2.580081E-04
4.669251E+00 1.584457E+00 2.535448E-04
4.664995E+00 1.584622E+00 2.491964E-04
4.660747E+00 1.584786E+00 2.449587E-04
4.656506E+00 1.584950E+00 2.408278E-04
4.652273E+00 1.585113E+00 2.367999E-04
4.648048E+00 1.585275E+00 2.328713E-04
4.643830E+00 1.585437E+00 2.290386E-04
4.639620E+00 1.585598E+00 2.252981E-04
4.635417E+00 1.585758E+00 2.216466E-04
4.631223E+00 1.585918E+00 2.180809E-04
4.627033E+00 1.586077E+00 2.145978E-04
4.622854E+00 1.586236E+00 2.111943E-04
4.618682E+00 1.586394E+00 2.078675E-04
4.614517E+00 1.586551E+00 2.046147E-04
4.610360E+00 1.586708E+00 2.014332E-04
4.606210E+00 1.586864E+00 1.983203E-04
4.602068E+00 1.587019E+00 1.952737E-04
4.597934E+00 1.587174E+00 1.922910E-04
4.593806E+00 1.587328E+00 1.893699E-04
4.589687E+00 1.587482E+00 1.865083E-04
4.585574E+00 1.587635E+00 1.837040E-04
4.581469E+00 1.587788E+00 1.809552E-04
4.577371E+00 1.587940E+00 1.782600E-04
4.573279E+00 1.588091E+00 1.756166E-04
4.569196E+00 1.588242E+00 1.730234E-04
4.565120E+00 1.588392E+00 1.704787E-04
4.561051E+00 1.588542E+00 1.679810E-04
4.556990E+00 1.588691E+00 1.655289E-04
4.552936E+00 1.588840E+00 1.631212E-04
4.548889E+00 1.588988E+00 1.607564E-04
4.544849E+00 1.589136E+00 1.584335E-04
4.540817E+00 1.589283E+00 1.561513E-04
4.536791E+00 1.589429E+00 1.539088E-04
4.532773E+00 1.589575E+00 1.517049E-04
4.528762E+00 1.589721E+00 1.495389E-04
4.524756E+00 1.589866E+00 1.474099E-04
4.520759E+00 1.590010E+00 1.453170E-04
4.516769E+00 1.590154E+00 1.432596E-04
4.512786E+00 1.590297E+00 1.412370E-04
4.508810E+00 1.590440E+00 1.392486E-04
4.504841E+00 1.590583E+00 1.372938E-04
4.500879E+00 1.590725E+00 1.353721E-04
4.496925E+00 1.590866E+00 1.334830E-04
4.492977E+00 1.591007E+00 1.316260E-04
4.489036E+00 1.591147E+00 1.298009E-04
4.485101E+00 1.591287E+00 1.280072E-04
4.481174E+00 1.591427E+00 1.262446E-04
4.477254E+00 1.591566E+00 1.245128E-04
4.473338E+00 1.591704E+00 1.228116E-04
4.469432E+00 1.591842E+00 1.211407E-04
4.465532E+00 1.591980E+00 1.194999E-04
4.461639E+00 1.592117E+00 1.178890E-04
4.457752E+00 1.592254E+00 1.163079E-04
4.453873E+00 1.592390E+00 1.147564E-04
4.450000E+00 1.592525E+00 1.132343E-04
4.446134E+00 1.592661E+00 1.117416E-04
4.442275E+00 1.592795E+00 1.102781E-04
4.438422E+00 1.592930E+00 1.088438E-04
4.434576E+00 1.593064E+00 1.074385E-04
4.430737E+00 1.593197E+00 1.060621E-04
4.426904E+00 1.593330E+00 1.047146E-04
4.423076E+00 1.593463E+00 1.033959E-04
4.419257E+00 1.593595E+00 1.021060E-04
4.415444E+00 1.593726E+00 1.008446E-04
4.411638E+00 1.593858E+00 9.961186E-05
4.407838E+00 1.593988E+00 9.840755E-05
4.404045E+00 1.594119E+00 9.723164E-05
4.400258E+00 1.594249E+00 9.608403E-05
4.396478E+00 1.594378E+00 9.496460E-05
4.392704E+00 1.594507E+00 9.387327E-05
4.388937E+00 1.594636E+00 9.280992E-05
4.385176E+00 1.594764E+00 9.177441E-05
4.381422E+00 1.594892E+00 9.076663E-05
4.377672E+00 1.595020E+00 8.978641E-05
4.373931E+00 1.595146E+00 8.883361E-05
4.370196E+00 1.595273E+00 8.790805E-05
4.366467E+00 1.595399E+00 8.700955E-05
4.362745E+00 1.595525E+00 8.613792E-05
4.359029E+00 1.595650E+00 8.529295E-05
4.355319E+00 1.595775E+00 8.447442E-05
4.351616E+00 1.595900E+00 8.368209E-05
4.347919E+00 1.596024E+00 8.291570E-05
4.344228E+00 1.596148E+00 8.217500E-05
4.340543E+00 1.596271E+00 8.145970E-05
4.336865E+00 1.596394E+00 8.076951E-05
4.333193E+00 1.596516E+00 8.010412E-05
4.329525E+00 1.596638E+00 7.946320E-05
4.325866E+00 1.596760E+00 7.884642E-05
4.322212E+00 1.596881E+00 7.825342E-05
4.318565E+00 1.597002E+00 7.768384E-05
4.314924E+00 1.597123E+00 7.713729E-05
4.311289E+00 1.597243E+00 7.661339E-05
4.307660E+00 1.597363E+00 7.611172E-05
4.304037E+00 1.597482E+00 7.563187E-05
4.300420E+00 1.597601E+00 7.517339E-05
4.296810E+00 1.597720E+00 7.473586E-05
4.293205E+00 1.597838E+00 7.431881E-05
4.289607E+00 1.597956E+00 7.392178E-05
4.286014E+00 1.598073E+00 7.354428E-05
4.282426E+00 1.598190E+00 7.318584E-05
4.278846E+00 1.598307E+00 7.284595E-05
4.275271E+00 1.598423E+00 7.252410E-05
4.271702E+00 1.598539E+00 7.221980E-05
4.268140E+00 1.598655E+00 7.193250E-05
4.264583E+00 1.598770E+00 7.166169E-05
4.261033E+00 1.598885E+00 7.140683E-05
4.257488E+00 1.598999E+00 7.116738E-05
4.253949E+00 1.599113E+00 7.094280E-05
4.250416E+00 1.599227E+00 7.073253E-05
4.246889E+00 1.599340E+00 7.053602E-05
4.243367E+00 1.599453E+00 7.035272E-05
4.239850E+00 1.599566E+00 7.018206E-05
4.236340E+00 1.599678E+00 7.002349E-05
4.232836E+00 1.599790E+00 6.987644E-05
4.229338E+00 1.599902E+00 6.974035E-05
4.225846E+00 1.600013E+00 6.961466E-05
4.222360E+00 1.600124E+00 6.949881E-05
4.218879E+00 1.600234E+00 6.939223E-05
4.215404E+00 1.600344E+00 6.929438E-05
4.211934E+00 1.600454E+00 6.920469E-05
4.208471E+00 1.600564E+00 6.912262E-05
4.205013E+00 1.600673E+00 6.904762E-05
4.201561E+00 1.600781E+00 6.897914E-05
4.198114E+00 1.600890E+00 6.891665E-05
4.194671E+00 1.600998E+00 6.885961E-05
4.191236E+00 1.601106E+00 6.880751E-05
4.187806E+00 1.601213E+00 6.875982E-05
4.184382E+00 1.601320E+00 6.871603E-05
4.180964E+00 1.601427E+00 6.867563E-05
4.177551E+00 1.601533E+00 6.863815E-05
4.174144E+00 1.601639E+00 6.860307E-05
4.170742E+00 1.601745E+00 6.856994E-05
4.167346E+00 1.601850E+00 6.853828E-05
4.163955E+00 1.601955E+00 6.850763E-05
4.160570E+00 1.602060E+00 6.847754E-05
4.157190E+00 1.602165E+00 6.844759E-05
4.153814E+00 1.602269E+00 6.841735E-05
4.150445E+00 1.602372E+00 6.838639E-05
4.147082E+00 1.602476E+00 6.835432E-05
4.143724E+00 1.602579E+00 6.832076E-05
4.140372E+00 1.602682E+00 6.828531E-05
4.137025E+00 1.602784E+00 6.824762E-05
4.133683E+00 1.602887E+00 6.820734E-05
4.130347E+00 1.602988E+00 6.816412E-05
4.127016E+00 1.603090E+00 6.811763E-05
4.123691E+00 1.603191E+00 6.806757E-05
4.120371E+00 1.603292E+00 6.801364E-05
4.117056E+00 1.603393E+00 6.795554E-05
4.113747E+00 1.603493E+00 6.789301E-05
4.110441E+00 1.603593E+00 6.782579E-05
4.107142E+00 1.603693E+00 6.775364E-05
4.103849E+00 1.603792E+00 6.767631E-05
4.100561E+00 1.603892E+00 6.759360E-05
4.097278E+00 1.603990E+00 6.750530E-05
4.094000E+00 1.604089E+00 6.741122E-05
4.090727E+00 1.604187E+00 6.731119E-05
4.087460E+00 1.604285E+00 6.720504E-05
4.084198E+00 1.604383E+00 6.709263E-05
4.080941E+00 1.604480E+00 6.697383E-05
4.077690E+00 1.604577E+00 6.684850E-05
4.074443E+00 1.604674E+00 6.671655E-05
4.071202E+00 1.604771E+00 6.657788E-05
4.067964E+00 1.604867E+00 6.643241E-05
4.064733E+00 1.604963E+00 6.628008E-05
4.061507E+00 1.605059E+00 6.612082E-05
4.058287E+00 1.605154E+00 6.595459E-05
4.055071E+00 1.605249E+00 6.578137E-05
4.051861E+00 1.605344E+00 6.560114E-05
4.048655E+00 1.605439E+00 6.541390E-05
4.045455E+00 1.605533E+00 6.521964E-05
4.042259E+00 1.605627E+00 6.501839E-05
4.039069E+00 1.605721E+00 6.481019E-05
4.035884E+00 1.605815E+00 6.459505E-05
4.032704E+00 1.605908E+00 6.437305E-05
4.029527E+00 1.606001E+00 6.414425E-05
4.026357E+00 1.606094E+00 6.390870E-05
4.023191E+00 1.606186E+00 6.366651E-05
4.020031E+00 1.606278E+00 6.341775E-05
4.016876E+00 1.606370E+00 6.316253E-05
4.013725E+00 1.606462E+00 6.290097E-05
4.010580E+00 1.606553E+00 6.263318E-05
4.007439E+00 1.606645E+00 6.235928E-05
4.004304E+00 1.606735E+00 6.207942E-05
4.001173E+00 1.606826E+00 6.179373E-05
3.998047E+00 1.606917E+00 6.150238E-05
3.994926E+00 1.607007E+00 6.120551E-05
3.991810E+00 1.607097E+00 6.090329E-05
3.988698E+00 1.607186E+00 6.059589E-05
3.985591E+00 1.607276E+00 6.028349E-05
3.982490E+00 1.607365E+00 5.996628E-05
3.979393E+00 1.607454E+00 5.964443E-05
3.976301E+00 1.607543E+00 5.931814E-05
3.973214E+00 1.607631E+00 5.898762E-05
3.970132E+00 1.607719E+00 5.865305E-05
3.967054E+00 1.607807E+00 5.831466E-05
3.963982E+00 1.607895E+00 5.797264E-05
3.960914E+00 1.607983E+00 5.762721E-05
3.957850E+00 1.608070E+00 5.727859E-05
3.954792E+00 1.608157E+00 5.692698E-05
3.951738E+00 1.608244E+00 5.657262E-05
3.948688E+00 1.608330E+00 5.621573E-05
3.945643E+00 1.608417E+00 5.585652E-05
3.942604E+00 1.608503E+00 5.549522E-05
3.939569E+00 1.608589E+00 5.513206E-05
3.936538E+00 1.608674E+00 5.476727E-05
3.933513E+00 1.608760E+00 5.440106E-05
3.930492E+00 1.608845E+00 5.403367E-05
3.927475E+00 1.608930E+00 5.366532E-05
3.924463E+00 1.609015E+00 5.329624E-05
3.921456E+00 1.609099E+00 5.292665E-05
3.918454E+00 1.609184E+00 5.255676E-05
3.915456E+00 1.609268E+00 5.218681E-05
3.912461E+00 1.609352E+00 5.181702E-05
3.909472E+00 1.609435E+00 5.144759E-05
3.906488E+00 1.609519E+00 5.107874E-05
3.903508E+00 1.609602E+00 5.071069E-05
3.900533E+00 1.609685E+00 5.034364E-05
3.897563E+00 1.609768E+00 4.997780E-05
3.894597E+00 1.609850E+00 4.961337E-05
3.891635E+00 1.609932E+00 4.925055E-05
3.888678E+00 1.610015E+00 4.888954E-05
3.885725E+00 1.610097E+00 4.853053E-05
3.882777E+00 1.610178E+00 4.817369E-05
3.879834E+00 1.610260E+00 4.781923E-05
3.876895E+00 1.610341E+00 4.746730E-05
3.873958E+00 1.610422E+00 4.711809E-05
3.871028E+00 1.610503E+00 4.677177E-05
3.868102E+00 1.610584E+00 4.642849E-05
3.865181E+00 1.610664E+00 4.608842E-05
3.862264E+00 1.610744E+00 4.575171E-05
3.859351E+00 1.610824E+00 4.541850E-05
3.856443E+00 1.610904E+00 4.508893E-05
3.853539E+00 1.610984E+00 4.476315E-05
3.850640E+00 1.611063E+00 4.444128E-05
3.847745E+00 1.611142E+00 4.412344E-05
3.844854E+00 1.611221E+00 4.380976E-05
3.841968E+00 1.611300E+00 4.350034E-05
3.839085E+00 1.611379E+00 4.319530E-05
3.836206E+00 1.611457E+00 4.289472E-05
3.833333E+00 1.611535E+00 4.259871E-05
3.830464E+00 1.611613E+00 4.230736E-05
3.827599E+00 1.611691E+00 4.202073E-05
3.824738E+00 1.611769E+00 4.173891E-05
3.821882E+00 1.611846E+00 4.146197E-05
3.819030E+00 1.611923E+00 4.118997E-05
3.816182E+00 1.612000E+00 4.092296E-05
3.813339E+00 1.612077E+00 4.066100E-05
3.810499E+00 1.612153E+00 4.040412E-05
3.807664E+00 1.612230E+00 4.015237E-05
3.804833E+00 1.612306E+00 3.990577E-05
3.802005E+00 1.612382E+00 3.966435E-05
3.799183E+00 1.612458E+00 3.942813E-05
3.796365E+00 1.612533E+00 3.919712E-05
3.793550E+00 1.612609E+00 3.897133E-05
3.790741E+00 1.612684E+00 3.875075E-05
3.787935E+00 1.612759E+00 3.853539E-05
3.785133E+00 1.612834E+00 3.832524E-05
3.782336E+00 1.612909E+00 3.812026E-05
3.779542E+00 1.612983E+00 3.792045E-05
3.776753E+00 1.613057E+00 3.772578E-05
3.773968E+00 1.613131E+00 3.753621E-05
3.771187E+00 1.613205E+00 3.735170E-05
3.768410E+00 1.613279E+00 3.717221E-05
3.765636E+00 1.613352E+00 3.699770E-05
3.762867E+00 1.613426E+00 3.682810E-05
3.760102E+00 1.613499E+00 3.666337E-05
3.757342E+00 1.613572E+00 3.650343E-05
3.754585E+00 1.613645E+00 3.634822E-05
3.751833E+00 1.613717E+00 3.619767E-05
3.749084E+00 1.613790E+00 3.605170E-05
3.746340E+00 1.613862E+00 3.591024E-05
3.743599E+00 1.613934E+00 3.577319E-05
3.740863E+00 1.614006E+00 3.564048E-05
3.738131E+00 1.614077E+00 3.551200E-05
3.735402E+00 1.614149E+00 3.538767E-05
3.732676E+00 1.614220E+00 3.526738E-05
3.729956E+00 1.614291E+00 3.515104E-05
3.727239E+00 1.614362E+00 3.503854E-05
3.724527E+00 1.614433E+00 3.492977E-05
3.721818E+00 1.614503E+00 3.482462E-05
3.719113E+00 1.614574E+00 3.472298E-05
3.716412E+00 1.614644E+00 3.462474E-05
3.713716E+00 1.614714E+00 3.452978E-05
3.711023E+00 1.614784E+00 3.443797E-05
3.708334E+00 1.614854E+00 3.434920E-05
3.705648E+00 1.614923E+00 3.426335E-05
3.702967E+00 1.614992E+00 3.418029E-05
3.700290E+00 1.615061E+00 3.409989E-05
3.697615E+00 1.615130E+00 3.402203E-05
3.694945E+00 1.615199E+00 3.394658E-05
3.692280E+00 1.615268E+00 3.387341E-05
3.689618E+00 1.615336E+00 3.380239E-05
3.686959E+00 1.615405E+00 3.373339E-05
3.684305E+00 1.615473E+00 3.366629E-05
3.681655E+00 1.615541E+00 3.360094E-05
3.679008E+00 1.615608E+00 3.353722E-05
3.676365E+00 1.615676E+00 3.347499E-05
3.673726E+00 1.615743E+00 3.341413E-05
3.671091E+00 1.615811E+00 3.335450E-05
3.668459E+00 1.615878E+00 3.329598E-05
3.665832E+00 1.615945E+00 3.323843E-05
3.663206E+00 1.616011E+00 3.318173E-05
3.660586E+00 1.616078E+00 3.312574E-05
3.657970E+00 1.616144E+00 3.307034E-05
3.655357E+00 1.616211E+00 3.301541E-05
3.652748E+00 1.616277E+00 3.296081E-05
3.650143E+00 1.616343E+00 3.290643E-05
3.647541E+00 1.616408E+00 3.285214E-05
3.644943E+00 1.616474E+00 3.279782E-05
3.642349E+00 1.616539E+00 3.274336E-05
3.639759E+00 1.616605E+00 3.268862E-05
3.637172E+00 1.616670E+00 3.263351E-05
3.634589E+00 1.616735E+00 3.257791E-05
3.632008E+00 1.616799E+00 3.252170E-05
3.629432E+00 1.616864E+00 3.246478E-05
3.626860E+00 1.616928E+00 3.240703E-05
3.624291E+00 1.616993E+00 3.234836E-05
3.621727E+00 1.617057E+00 3.228866E-05
3.619165E+00 1.617121E+00 3.222784E-05
3.616608E+00 1.617185E+00 3.216579E-05
3.614054E+00 1.617248E+00 3.210243E-05
3.611503E+00 1.617312E+00 3.203765E-05
3.608957E+00 1.617375E+00 3.197138E-05
3.606413E+00 1.617438E+00 3.190352E-05
3.603874E+00 1.617501E+00 3.183399E-05
3.601338E+00 1.617564E+00 3.176272E-05
3.598804E+00 1.617627E+00 3.168961E-05
3.596275E+00 1.617689E+00 3.161461E-05
3.593750E+00 1.617752E+00 3.153764E-05
3.591228E+00 1.617814E+00 3.145863E-05
3.588709E+00 1.617876E+00 3.137752E-05
3.586195E+00 1.617938E+00 3.129424E-05
3.583683E+00 1.618000E+00 3.120873E-05
3.581176E+00 1.618062E+00 3.112095E-05
3.578672E+00 1.618123E+00 3.103083E-05
3.576171E+00 1.618185E+00 3.093833E-05
3.573674E+00 1.618246E+00 3.084341E-05
3.571180E+00 1.618307E+00 3.074601E-05
3.568690E+00 1.618368E+00 3.064610E-05
3.566202E+00 1.618429E+00 3.054365E-05
3.563718E+00 1.618489E+00 3.043862E-05
3.561238E+00 1.618550E+00 3.033099E-05
3.558762E+00 1.618610E+00 3.022071E-05
3.556289E+00 1.618670E+00 3.010778E-05
3.553819E+00 1.618730E+00 2.999217E-05
3.551353E+00 1.618790E+00 2.987386E-05
3.548891E+00 1.618850E+00 2.975285E-05
3.546431E+00 1.618910E+00 2.962911E-05
3.543975E+00 1.618969E+00 2.950265E-05
3.541523E+00 1.619029E+00 2.937345E-05
3.539074E+00 1.619088E+00 2.924151E-05
3.536627E+00 1.619147E+00 2.910684E-05
3.534185E+00 1.619206E+00 2.896944E-05
3.531746E+00 1.619265E+00 2.882932E-05
3.529310E+00 1.619323E+00 2.868648E-05
3.526878E+00 1.619382E+00 2.854094E-05
3.524449E+00 1.619440E+00 2.839271E-05
3.522023E+00 1.619499E+00 2.824182E-05
3.519601E+00 1.619557E+00 2.808828E-05
3.517182E+00 1.619615E+00 2.793211E-05
3.514767E+00 1.619673E+00 2.777334E-05
3.512355E+00 1.619730E+00 2.761200E-05
3.509946E+00 1.619788E+00 2.744811E-05
3.507540E+00 1.619845E+00 2.728172E-05
3.505136E+00 1.619903E+00 2.711285E-05
3.502737E+00 1.619960E+00 2.694155E-05
3.500342E+00 1.620017E+00 2.676785E-05
3.497949E+00 1.620074E+00 2.659179E-05
3.495560E+00 1.620131E+00 2.641342E-05
3.493174E+00 1.620187E+00 2.623277E-05
3.490791E+00 1.620244E+00 2.604991E-05
3.488412E+00 1.620300E+00 2.586487E-05
3.486036E+00 1.620356E+00 2.567771E-05
3.483663E+00 1.620413E+00 2.548848E-05
3.481293E+00 1.620469E+00 2.529723E-05
3.478926E+00 1.620525E+00 2.510402E-05
3.476563E+00 1.620580E+00 2.490891E-05
3.474202E+00 1.620636E+00 2.471195E-05
3.471845E+00 1.620691E+00 2.451320E-05
3.469491E+00 1.620747E+00 2.431272E-05
3.467141E+00 1.620802E+00 2.411057E-05
3.464793E+00 1.620857E+00 2.390682E-05
3.462449E+00 1.620912E+00 2.370153E-05
3.460108E+00 1.620967E+00 2.349476E-05
3.457770E+00 1.621022E+00 2.328659E-05
3.455436E+00 1.621077E+00 2.307706E-05
3.453104E+00 1.621131E+00 2.286626E-05
3.450776E+00 1.621186E+00 2.265425E-05
3.448451E+00 1.621240E+00 2.244109E-05
3.446127E+00 1.621294E+00 2.222686E-05
3.443808E+00 1.621348E+00 2.201162E-05
3.441493E+00 1.621402E+00 2.179545E-05
3.439180E+00 1.621456E+00 2.157840E-05
3.436870E+00 1.621510E+00 2.136056E-05
3.434564E+00 1.621563E+00 2.114199E-05
3.432260E+00 1.621617E+00 2.092275E-05
3.429960E+00 1.621670E+00 2.070293E-05
3.427663E+00 1.621723E+00 2.048259E-05
3.425368E+00 1.621776E+00 2.026179E-05
3.423077E+00 1.621829E+00 2.004062E-05
3.420789E+00 1.621882E+00 1.981913E-05
3.418504E+00 1.621935E+00 1.959740E-05
3.416221E+00 1.621987E+00 1.937549E-05
3.413942E+00 1.622040E+00 1.915347E-05
3.411666E+00 1.622092E+00 1.893142E-05
3.409393E+00 1.622145E+00 1.870939E-05
3.407124E+00 1.622197E+00 1.848745E-05
3.404857E+00 1.622249E+00 1.826568E-05
3.402593E+00 1.622301E+00 1.804413E-05
3.400332E+00 1.622353E+00 1.782286E-05
3.398075E+00 1.622404E+00 1.760195E-05
3.395820E+00 1.622456E+00 1.738146E-05
3.393568E+00 1.622508E+00 1.716144E-05
3.391319E+00 1.622559E+00 1.694196E-05
3.389072E+00 1.622610E+00 1.672308E-05
3.386829E+00 1.622661E+00 1.650485E-05
3.384590E+00 1.622712E+00 1.628735E-05
3.382353E+00 1.622763E+00 1.607061E-05
3.380119E+00 1.622814E+00 1.585471E-05
3.377888E+00 1.622865E+00 1.563969E-05
3.375660E+00 1.622916E+00 1.542561E-05
3.373434E+00 1.622966E+00 1.521252E-05
3.371212E+00 1.623017E+00 1.500047E-05
3.368993E+00 1.623067E+00 1.478952E-05
3.366777E+00 1.623117E+00 1.457971E-05
3.364563E+00 1.623167E+00 1.437109E-05
3.362353E+00 1.623217E+00 1.416371E-05
3.360144E+00 1.623267E+00 1.395762E-05
3.357939E+00 1.623317E+00 1.375285E-05
3.355737E+00 1.623366E+00 1.354945E-05
3.353538E+00 1.623416E+00 1.334747E-05
3.351342E+00 1.623465E+00 1.314693E-05
3.349149E+00 1.623515E+00 1.294789E-05
3.346959E+00 1.623564E+00 1.275038E-05
3.344771E+00 1.623613E+00 1.255444E-05
3.342587E+00 1.623662E+00 1.236009E-05
3.340405E+00 1.623711E+00 1.216738E-05
3.338226E+00 1.623760E+00 1.197633E-05
3.336050E+00 1.623808E+00 1.178699E-05
3.333877E+00 1.623857E+00 1.159937E-05
3.331705E+00 1.623905E+00 1.141350E-05
3.329538E+00 1.623954E+00 1.122942E-05
3.327373E+00 1.624002E+00 1.104714E-05
3.325211E+00 1.624050E+00 1.086669E-05
3.323052E+00 1.624098E+00 1.068810E-05
3.320895E+00 1.624146E+00 1.051139E-05
3.318742E+00 1.624194E+00 1.033657E-05
3.316591E+00 1.624242E+00 1.016366E-05
3.314443E+00 1.624290E+00 9.992687E-06
3.312298E+00 1.624337E+00 9.823662E-06
3.310156E+00 1.624385E+00 9.656600E-06
3.308016E+00 1.624432E+00 9.491515E-06
3.305878E+00 1.624479E+00 9.328419E-06
3.303744E+00 1.624527E+00 9.167324E-06
3.301613E+00 1.624574E+00 9.008240E-06
3.299484E+00 1.624621E+00 8.851175E-06
3.297358E+00 1.624667E+00 8.696136E-06
3.295235E+00 1.624714E+00 8.543132E-06
3.293115E+00 1.624761E+00 8.392166E-06
3.290997E+00 1.624807E+00 8.243243E-06
3.288882E+00 1.624854E+00 8.096366E-06
3.286770E+00 1.624900E+00 7.951537E-06
3.284660E+00 1.624947E+00 7.808757E-06
3.282553E+00 1.624993E+00 7.668026E-06
3.280449E+00 1.625039E+00 7.529342E-06
3.278347E+00 1.625085E+00 7.392705E-06
3.276248E+00 1.625131E+00 7.258110E-06
3.274152E+00 1.625176E+00 7.125553E-06
3.272059E+00 1.625222E+00 6.995030E-06
3.269968E+00 1.625268E+00 6.866535E-06
3.267880E+00 1.625313E+00 6.740061E-06
3.265795E+00 1.625359E+00 6.615600E-06
3.263712E+00 1.625404E+00 6.493144E-06
3.261632E+00 1.625449E+00 6.372684E-06
3.259554E+00 1.625494E+00 6.254211E-06
3.257480E+00 1.625539E+00 6.137712E-06
3.255408E+00 1.625584E+00 6.023177E-06
3.253338E+00 1.625629E+00 5.910593E-06
3.251270E+00 1.625674E+00 5.799948E-06
3.249206E+00 1.625719E+00 5.691229E-06
3.247144E+00 1.625763E+00 5.584420E-06
3.245085E+00 1.625808E+00 5.479508E-06
3.243029E+00 1.625852E+00 5.376478E-06
3.240975E+00 1.625896E+00 5.275312E-06
3.238924E+00 1.625940E+00 5.175995E-06
3.236876E+00 1.625984E+00 5.078511E-06
3.234830E+00 1.626028E+00 4.982841E-06
3.232786E+00 1.626072E+00 4.888969E-06
3.230745E+00 1.626116E+00 4.796875E-06
3.228707E+00 1.626160E+00 4.706541E-06
3.226670E+00 1.626204E+00 4.617948E-06
3.224637E+00 1.626247E+00 4.531077E-06
3.222607E+00 1.626291E+00 4.445908E-06
3.220579E+00 1.626334E+00 4.362421E-06
3.218553E+00 1.626377E+00 4.280596E-06
3.216530E+00 1.626420E+00 4.200412E-06
3.214510E+00 1.626463E+00 4.121848E-06
3.212492E+00 1.626506E+00 4.044883E-06
3.210477E+00 1.626549E+00 3.969497E-06
3.208464E+00 1.626592E+00 3.895667E-06
3.206454E+00 1.626635E+00 3.823371E-06
3.204446E+00 1.626678E+00 3.752589E-06
3.202441E+00 1.626720E+00 3.683298E-06
3.200437E+00 1.626763E+00 3.615476E-06
3.198437E+00 1.626805E+00 3.549102E-06
3.196439E+00 1.626847E+00 3.484152E-06
3.194444E+00 1.626889E+00 3.420604E-06
3.192452E+00 1.626932E+00 3.358437E-06
3.190461E+00 1.626974E+00 3.297628E-06
3.188474E+00 1.627016E+00 3.238155E-06
3.186488E+00 1.627057E+00 3.179995E-06
3.184505E+00 1.627099E+00 3.123126E-06
3.182525E+00 1.627141E+00 3.067526E-06
3.180547E+00 1.627182E+00 3.013172E-06
3.178572E+00 1.627224E+00 2.960043E-06
3.176599E+00 1.627265E+00 2.908117E-06
3.174627E+00 1.627307E+00 2.857370E-06
3.172659E+00 1.627348E+00 2.807782E-06
3.170694E+00 1.627389E+00 2.759331E-06
3.168730E+00 1.627430E+00 2.711995E-06
3.166770E+00 1.627471E+00 2.665752E-06
3.164811E+00 1.627512E+00 2.620582E-06
3.162855E+00 1.627553E+00 2.576462E-06
3.160902E+00 1.627594E+00 2.533372E-06
3.158951E+00 1.627634E+00 2.491291E-06
3.157002E+00 1.627675E+00 2.450199E-06
3.155056E+00 1.627716E+00 2.410074E-06
3.153112E+00 1.627756E+00 2.370897E-06
3.151169E+00 1.627796E+00 2.332646E-06
3.149230E+00 1.627837E+00 2.295304E-06
3.147294E+00 1.627877E+00 2.258848E-06
3.145359E+00 1.627917E+00 2.223261E-06
3.143427E+00 1.627957E+00 2.188524E-06
3.141498E+00 1.627997E+00 2.154615E-06
3.139571E+00 1.628037E+00 2.121519E-06
3.137646E+00 1.628076E+00 2.089214E-06
3.135723E+00 1.628116E+00 2.057685E-06
3.133803E+00 1.628156E+00 2.026911E-06
3.131885E+00 1.628195E+00 1.996876E-06
3.129970E+00 1.628235E+00 1.967562E-06
3.128057E+00 1.628274E+00 1.938952E-06
3.126145E+00 1.628313E+00 1.911029E-06
3.124237E+00 1.628352E+00 1.883775E-06
3.122330E+00 1.628392E+00 1.857176E-06
3.120427E+00 1.628431E+00 1.831213E-06
3.118525E+00 1.628470E+00 1.805872E-06
3.116626E+00 1.628509E+00 1.781137E-06
3.114729E+00 1.628547E+00 1.756993E-06
3.112835E+00 1.628586E+00 1.733424E-06
3.110942E+00 1.628625E+00 1.710415E-06
3.109053E+00 1.628663E+00 1.687952E-06
3.107165E+00 1.628702E+00 1.666021E-06
3.105280E+00 1.628740E+00 1.644608E-06
3.103396E+00 1.628779E+00 1.623698E-06
3.101515E+00 1.628817E+00 1.603279E-06
3.099636E+00 1.628855E+00 1.583337E-06
3.097760E+00 1.628893E+00 1.563859E-06
3.095886E+00 1.628931E+00 1.544833E-06
3.094014E+00 1.628969E+00 1.526246E-06
3.092145E+00 1.629007E+00 1.508086E-06
3.090278E+00 1.629045E+00 1.490341E-06
3.088413E+00 1.629083E+00 1.473000E-06
3.086550E+00 1.629120E+00 1.456050E-06
3.084690E+00 1.629158E+00 1.439482E-06
3.082832E+00 1.629195E+00 1.423284E-06
3.080976E+00 1.629233E+00 1.407446E-06
3.079121E+00 1.629270E+00 1.391957E-06
3.077270E+00 1.629307E+00 1.376807E-06
3.075420E+00 1.629345E+00 1.361986E-06
3.073573E+00 1.629382E+00 1.347485E-06
3.071729E+00 1.629419E+00 1.333294E-06
3.069886E+00 1.629456E+00 1.319405E-06
3.068046E+00 1.629493E+00 1.305807E-06
3.066207E+00 1.629530E+00 1.292492E-06
3.064371E+00 1.629566E+00 1.279453E-06
3.062538E+00 1.629603E+00 1.266680E-06
3.060706E+00 1.629640E+00 1.254166E-06
3.058877E+00 1.629676E+00 1.241903E-06
3.057049E+00 1.629713E+00 1.229882E-06
3.055223E+00 1.629749E+00 1.218098E-06
3.053401E+00 1.629786E+00 1.206542E-06
3.051580E+00 1.629822E+00 1.195207E-06
3.049761E+00 1.629858E+00 1.184087E-06
3.047945E+00 1.629894E+00 1.173175E-06
3.046131E+00 1.629930E+00 1.162464E-06
3.044319E+00 1.629966E+00 1.151949E-06
3.042509E+00 1.630002E+00 1.141623E-06
3.040701E+00 1.630038E+00 1.131481E-06
3.038896E+00 1.630074E+00 1.121516E-06
3.037092E+00 1.630110E+00 1.111723E-06
3.035291E+00 1.630145E+00 1.102096E-06
3.033491E+00 1.630181E+00 1.092631E-06
3.031694E+00 1.630216E+00 1.083322E-06
3.029899E+00 1.630252E+00 1.074165E-06
3.028106E+00 1.630287E+00 1.065154E-06
3.026316E+00 1.630322E+00 1.056285E-06
3.024527E+00 1.630358E+00 1.047554E-06
3.022741E+00 1.630393E+00 1.038956E-06
3.020956E+00 1.630428E+00 1.030487E-06
3.019174E+00 1.630463E+00 1.022143E-06
3.017394E+00 1.630498E+00 1.013920E-06
3.015616E+00 1.630533E+00 1.005814E-06
3.013840E+00 1.630568E+00 9.978220E-07
3.012066E+00 1.630602E+00 9.899397E-07
3.010294E+00 1.630637E+00 9.821640E-07
3.008524E+00 1.630672E+00 9.744915E-07
3.006756E+00 1.630706E+00 9.669191E-07
3.004991E+00 1.630741E+00 9.594437E-07
3.003228E+00 1.630775E+00 9.520622E-07
3.001466E+00 1.630809E+00 9.447718E-07
2.999707E+00 1.630844E+00 9.375697E-07
2.997950E+00 1.630878E+00 9.304531E-07
2.996195E+00 1.630912E+00 9.234196E-07
2.994441E+00 1.630946E+00 9.164667E-07
2.992690E+00 1.630980E+00 9.095918E-07
2.990941E+00 1.631014E+00 9.027927E-07
2.989194E+00 1.631048E+00 8.960672E-07
2.987449E+00 1.631082E+00 8.894130E-07
2.985706E+00 1.631116E+00 8.828282E-07
2.983965E+00 1.631149E+00 8.763107E-07
2.982226E+00 1.631183E+00 8.698586E-07
2.980489E+00 1.631217E+00 8.634700E-07
2.978754E+00 1.631250E+00 8.571432E-07
2.977022E+00 1.631284E+00 8.508764E-07
2.975291E+00 1.631317E+00 8.446680E-07
2.973562E+00 1.631350E+00 8.385164E-07
2.971835E+00 1.631384E+00 8.324201E-07
2.970111E+00 1.631417E+00 8.263776E-07
2.968388E+00 1.631450E+00 8.203875E-07
2.966666E+00 1.631483E+00 8.144485E-07
2.964948E+00 1.631516E+00 8.085593E-07
2.963231E+00 1.631549E+00 8.027185E-07
2.961516E+00 1.631582E+00 7.969251E-07
2.959803E+00 1.631615E+00 7.911779E-07
2.958092E+00 1.631647E+00 7.854757E-07
2.956384E+00 1.631680E+00 7.798175E-07
2.954677E+00 1.631713E+00 7.742023E-07
2.952972E+00 1.631745E+00 7.686292E-07
2.951269E+00 1.631778E+00 7.630971E-07
2.949568E+00 1.631810E+00 7.576052E-07
2.947869E+00 1.631843E+00 7.521527E-07
2.946172E+00 1.631875E+00 7.467387E-07
2.944476E+00 1.631907E+00 7.413625E-07
2.942783E+00 1.631939E+00 7.360233E-07
2.941092E+00 1.631972E+00 7.307203E-07
2.939402E+00 1.632004E+00 7.254529E-07
2.937715E+00 1.632036E+00 7.202204E-07
2.936030E+00 1.632068E+00 7.150222E-07
2.934346E+00 1.632100E+00 7.098577E-07
2.932665E+00 1.632131E+00 7.047264E-07
2.930985E+00 1.632163E+00 6.996276E-07
2.929308E+00 1.632195E+00 6.945608E-07
2.927632E+00 1.632227E+00 6.895256E-07
2.925958E+00 1.632258E+00 6.845214E-07
2.924286E+00 1.632290E+00 6.795478E-07
2.922615E+00 1.632321E+00 6.746043E-07
2.920947E+00 1.632353E+00 6.696906E-07
2.919281E+00 1.632384E+00 6.648063E-07
2.917617E+00 1.632415E+00 6.599508E-07
2.915954E+00 1.632447E+00 6.551240E-07
2.914294E+00 1.632478E+00 6.503253E-07
2.912635E+00 1.632509E+00 6.455546E-07
2.910978E+00 1.632540E+00 6.408115E-07
2.909324E+00 1.632571E+00 6.360956E-07
2.907671E+00 1.632602E+00 6.314067E-07
2.906020E+00 1.632633E+00 6.267446E-07
2.904370E+00 1.632664E+00 6.221088E-07
2.902722E+00 1.632695E+00 6.174993E-07
2.901077E+00 1.632725E+00 6.129157E-07
2.899433E+00 1.632756E+00 6.083578E-07
2.897791E+00 1.632787E+00 6.038254E-07
2.896152E+00 1.632817E+00 5.993183E-07
2.894514E+00 1.632848E+00 5.948363E-07
2.892877E+00 1.632878E+00 5.903792E-07
2.891243E+00 1.632909E+00 5.859468E-07
2.889611E+00 1.632939E+00 5.815390E-07
2.887980E+00 1.632969E+00 5.771555E-07
2.886351E+00 1.633000E+00 5.727962E-07
2.884724E+00 1.633030E+00 5.684610E-07
2.883099E+00 1.633060E+00 5.641497E-07
2.881475E+00 1.633090E+00 5.598621E-07
2.879853E+00 1.633120E+00 5.555982E-07
2.878234E+00 1.633150E+00 5.513578E-07
2.876616E+00 1.633180E+00 5.471408E-07
2.875000E+00 1.633210E+00 5.429471E-07
2.873386E+00 1.633240E+00 5.387765E-07
2.871773E+00 1.633269E+00 5.346289E-07
2.870163E+00 1.633299E+00 5.305043E-07
2.868554E+00 1.633329E+00 5.264025E-07
2.866947E+00 1.633358E+00 5.223234E-07
2.865342E+00 1.633388E+00 5.182670E-07
2.863738E+00 1.633417E+00 5.142332E-07
2.862136E+00 1.633447E+00 5.102218E-07
2.860536E+00 1.633476E+00 5.062328E-07
2.858938E+00 1.633505E+00 5.022660E-07
2.857342E+00 1.633535E+00 4.983215E-07
2.855748E+00 1.633564E+00 4.943992E-07
2.854155E+00 1.633593E+00 4.904989E-07
2.852564E+00 1.633622E+00 4.866206E-07
2.850975E+00 1.633651E+00 4.827642E-07
2.849388E+00 1.633680E+00 4.789297E-07
2.847802E+00 1.633709E+00 4.751170E-07
2.846218E+00 1.633738E+00 4.713260E-07
2.844636E+00 1.633767E+00 4.675567E-07
2.843056E+00 1.633796E+00 4.638089E-07
2.841477E+00 1.633825E+00 4.600827E-07
2.839900E+00 1.633853E+00 4.563780E-07
2.838325E+00 1.633882E+00 4.526946E-07
2.836751E+00 1.633910E+00 4.490327E-07
2.835180E+00 1.633939E+00 4.453920E-07
2.833610E+00 1.633967E+00 4.417725E-07
2.832042E+00 1.633996E+00 4.381743E-07
2.830476E+00 1.634024E+00 4.345972E-07
2.828911E+00 1.634053E+00 4.310411E-07
2.827348E+00 1.634081E+00 4.275060E-07
2.825787E+00 1.634109E+00 4.239920E-07
2.824228E+00 1.634137E+00 4.204988E-07
2.822670E+00 1.634165E+00 4.170265E-07
2.821113E+00 1.634194E+00 4.135749E-07
2.819559E+00 1.634222E+00 4.101441E-07
2.818006E+00 1.634250E+00 4.067340E-07
2.816456E+00 1.634278E+00 4.033446E-07
2.814906E+00 1.634305E+00 3.999757E-07
2.813359E+00 1.634333E+00 3.966274E-07
2.811813E+00 1.634361E+00 3.932995E-07
2.810269E+00 1.634389E+00 3.899921E-07
2.808727E+00 1.634416E+00 3.867050E-07
2.807186E+00 1.634444E+00 3.834383E-07
2.805647E+00 1.634472E+00 3.801918E-07
2.804110E+00 1.634499E+00 3.769655E-07
2.802574E+00 1.634527E+00 3.737594E-07
2.801040E+00 1.634554E+00 3.705734E-07
2.799507E+00 1.634582E+00 3.674074E-07
2.797977E+00 1.634609E+00 3.642614E-07
2.796448E+00 1.634636E+00 3.611353E-07
2.794921E+00 1.634663E+00 3.580292E-07
2.793395E+00 1.634691E+00 3.549428E-07
2.791871E+00 1.634718E+00 3.518762E-07
2.790349E+00 1.634745E+00 3.488294E-07
2.788829E+00 1.634772E+00 3.458021E-07
2.787310E+00 1.634799E+00 3.427945E-07
2.785792E+00 1.634826E+00 3.398064E-07
2.784277E+00 1.634853E+00 3.368378E-07
2.782762E+00 1.634880E+00 3.338887E-07
2.781250E+00 1.634907E+00 3.309588E-07
2.779739E+00 1.634933E+00 3.280483E-07
2.778230E+00 1.634960E+00 3.251571E-07
2.776723E+00 1.634987E+00 3.222850E-07
2.775217E+00 1.635013E+00 3.194320E-07
2.773713E+00 1.635040E+00 3.165981E-07
2.772210E+00 1.635067E+00 3.137832E-07
2.770709E+00 1.635093E+00 3.109873E-07
2.769210E+00 1.635119E+00 3.082102E-07
2.767713E+00 1.635146E+00 3.054520E-07
2.766217E+00 1.635172E+00 3.027125E-07
2.764722E+00 1.635199E+00 2.999916E-07
2.763229E+00 1.635225E+00 2.972895E-07
2.761737E+00 1.635251E+00 2.946058E-07
2.760248E+00 1.635277E+00 2.919407E-07
2.758760E+00 1.635303E+00 2.892940E-07
2.757274E+00 1.635329E+00 2.866657E-07
2.755789E+00 1.635356E+00 2.840557E-07
2.754306E+00 1.635382E+00 2.814639E-07
2.752824E+00 1.635407E+00 2.788903E-07
2.751344E+00 1.635433E+00 2.763348E-07
2.749866E+00 1.635459E+00 2.737973E-07
2.748389E+00 1.635485E+00 2.712778E-07
2.746914E+00 1.635511E+00 2.687762E-07
2.745440E+00 1.635537E+00 2.662924E-07
2.743968E+00 1.635562E+00 2.638264E-07
2.742497E+00 1.635588E+00 2.613781E-07
2.741028E+00 1.635613E+00 2.589474E-07
2.739561E+00 1.635639E+00 2.565343E-07
2.738095E+00 1.635665E+00 2.541387E-07
2.736631E+00 1.635690E+00 2.517604E-07
2.735168E+00 1.635715E+00 2.493995E-07
2.733707E+00 1.635741E+00 2.470559E-07
2.732248E+00 1.635766E+00 2.447295E-07
2.730790E+00 1.635791E+00 2.424203E-07
2.729334E+00 1.635817E+00 2.401280E-07
2.727879E+00 1.635842E+00 2.378528E-07
2.726425E+00 1.635867E+00 2.355945E-07
2.724973E+00 1.635892E+00 2.333530E-07
2.723523E+00 1.635917E+00 2.311283E-07
2.722074E+00 1.635942E+00 2.289203E-07
2.720627E+00 1.635967E+00 2.267290E-07
2.719182E+00 1.635992E+00 2.245541E-07
2.717738E+00 1.636017E+00 2.223958E-07
2.716295E+00 1.636042E+00 2.202538E-07
2.714854E+00 1.636067E+00 2.181282E-07
2.713415E+00 1.636092E+00 2.160188E-07
2.711977E+00 1.636116E+00 2.139256E-07
2.710541E+00 1.636141E+00 2.118485E-07
2.709106E+00 1.636166E+00 2.097874E-07
2.707672E+00 1.636190E+00 2.077423E-07
2.706240E+00 1.636215E+00 2.057131E-07
2.704810E+00 1.636239E+00 2.036996E-07
2.703381E+00 1.636264E+00 2.017019E-07
2.701953E+00 1.636288E+00 1.997198E-07
2.700528E+00 1.636313E+00 1.977533E-07
2.699103E+00 1.636337E+00 1.958023E-07
2.697681E+00 1.636361E+00 1.938668E-07
2.696259E+00 1.636386E+00 1.919465E-07
2.694840E+00 1.636410E+00 1.900415E-07
2.693421E+00 1.636434E+00 1.881517E-07
2.692005E+00 1.636458E+00 1.862770E-07
2.690589E+00 1.636482E+00 1.844174E-07
2.689175E+00 1.636506E+00 1.825727E-07
2.687762E+00 1.636530E+00 1.807429E-07
2.686352E+00 1.636554E+00 1.789279E-07
2.684942E+00 1.636578E+00 1.771276E-07
2.683534E+00 1.636602E+00 1.753419E-07
2.682128E+00 1.636626E+00 1.735709E-07
2.680723E+00 1.636650E+00 1.718143E-07
2.679319E+00 1.636674E+00 1.700721E-07
2.677917E+00 1.636697E+00 1.683443E-07
2.676517E+00 1.636721E+00 1.666307E-07
2.675118E+00 1.636745E+00 1.649313E-07
2.673720E+00 1.636768E+00 1.632460E-07
2.672323E+00 1.636792E+00 1.615747E-07
2.670929E+00 1.636816E+00 1.599174E-07
2.669536E+00 1.636839E+00 1.582739E-07
2.668144E+00 1.636863E+00 1.566443E-07
2.666753E+00 1.636886E+00 1.550283E-07
2.665365E+00 1.636909E+00 1.534260E-07
2.663977E+00 1.636933E+00 1.518372E-07
2.662591E+00 1.636956E+00 1.502619E-07
2.661207E+00 1.636979E+00 1.487000E-07
2.659823E+00 1.637003E+00 1.471514E-07
2.658442E+00 1.637026E+00 1.456160E-07
2.657062E+00 1.637049E+00 1.440939E-07
2.655682E+00 1.637072E+00 1.425848E-07
2.654305E+00 1.637095E+00 1.410887E-07
2.652929E+00 1.637118E+00 1.396055E-07
2.651554E+00 1.637141E+00 1.381353E-07
2.650181E+00 1.637164E+00 1.366777E-07
2.648809E+00 1.637187E+00 1.352329E-07
2.647439E+00 1.637210E+00 1.338007E-07
2.646070E+00 1.637233E+00 1.323810E-07
2.644703E+00 1.637256E+00 1.309739E-07
2.643337E+00 1.637279E+00 1.295791E-07
2.641972E+00 1.637301E+00 1.281966E-07
2.640609E+00 1.637324E+00 1.268263E-07
2.639247E+00 1.637347E+00 1.254682E-07
2.637886E+00 1.637369E+00 1.241222E-07
2.636527E+00 1.637392E+00 1.227882E-07
2.635170E+00 1.637414E+00 1.214661E-07
2.633814E+00 1.637437E+00 1.201558E-07
2.632459E+00 1.637459E+00 1.188574E-07
2.631105E+00 1.637482E+00 1.175706E-07
2.629753E+00 1.637504E+00 1.162955E-07
2.628403E+00 1.637527E+00 1.150319E-07
2.627054E+00 1.637549E+00 1.137798E-07
2.625706E+00 1.637571E+00 1.125390E-07
2.624359E+00 1.637594E+00 1.113096E-07
2.623014E+00 1.637616E+00 1.100915E-07
2.621670E+00 1.637638E+00 1.088845E-07
2.620327E+00 1.637660E+00 1.076886E-07
2.618986E+00 1.637682E+00 1.065037E-07
2.617647E+00 1.637704E+00 1.053298E-07
2.616309E+00 1.637726E+00 1.041667E-07
2.614972E+00 1.637748E+00 1.030144E-07
2.613636E+00 1.637770E+00 1.018729E-07
2.612302E+00 1.637792E+00 1.007420E-07
2.610969E+00 1.637814E+00 9.962166E-08
2.609638E+00 1.637836E+00 9.851183E-08
2.608308E+00 1.637858E+00 9.741244E-08
2.606979E+00 1.637880E+00 9.632340E-08
2.605652E+00 1.637902E+00 9.524464E-08
2.604325E+00 1.637923E+00 9.417609E-08
2.603001E+00 1.637945E+00 9.311768E-08
2.601677E+00 1.637967E+00 9.206934E-08
2.600356E+00 1.637988E+00 9.103098E-08
2.599035E+00 1.638010E+00 9.000255E-08
2.597716E+00 1.638031E+00 8.898396E-08
2.596398E+00 1.638053E+00 8.797516E-08
2.595081E+00 1.638074E+00 8.697606E-08
2.593766E+00 1.638096E+00 8.598659E-08
2.592452E+00 1.638117E+00 8.500669E-08
2.591139E+00 1.638139E+00 8.403629E-08
2.589828E+00 1.638160E+00 8.307531E-08
2.588518E+00 1.638181E+00 8.212369E-08
2.587209E+00 1.638203E+00 8.118135E-08
2.585902E+00 1.638224E+00 8.024823E-08
2.584596E+00 1.638245E+00 7.932425E-08
2.583291E+00 1.638266E+00 7.840936E-08
2.581988E+00 1.638287E+00 7.750347E-08
2.580686E+00 1.638308E+00 7.660652E-08
2.579385E+00 1.638329E+00 7.571844E-08
2.578086E+00 1.638351E+00 7.483918E-08
2.576788E+00 1.638372E+00 7.396864E-08
2.575491E+00 1.638392E+00 7.310678E-08
2.574195E+00 1.638413E+00 7.225352E-08
2.572901E+00 1.638434E+00 7.140880E-08
2.571608E+00 1.638455E+00 7.057255E-08
2.570316E+00 1.638476E+00 6.974470E-08
2.569026E+00 1.638497E+00 6.892519E-08
2.567737E+00 1.638518E+00 6.811395E-08
2.566449E+00 1.638538E+00 6.731092E-08
2.565163E+00 1.638559E+00 6.651603E-08
2.563878E+00 1.638580E+00 6.572922E-08
2.562594E+00 1.638600E+00 6.495042E-08
2.561311E+00 1.638621E+00 6.417957E-08
2.560030E+00 1.638642E+00 6.341660E-08
2.558750E+00 1.638662E+00 6.266146E-08
2.557471E+00 1.638683E+00 6.191407E-08
2.556194E+00 1.638703E+00 6.117438E-08
2.554917E+00 1.638723E+00 6.044232E-08
2.553642E+00 1.638744E+00 5.971783E-08
2.552369E+00 1.638764E+00 5.900084E-08
2.551097E+00 1.638785E+00 5.829131E-08
2.549826E+00 1.638805E+00 5.758915E-08
2.548556E+00 1.638825E+00 5.689432E-08
2.547287E+00 1.638845E+00 5.620675E-08
2.546020E+00 1.638866E+00 5.552639E-08
2.544754E+00 1.638886E+00 5.485316E-08
2.543489E+00 1.638906E+00 5.418702E-08
2.542226E+00 1.638926E+00 5.352789E-08
2.540964E+00 1.638946E+00 5.287573E-08
2.539703E+00 1.638966E+00 5.223048E-08
2.538442E+00 1.638986E+00 5.159207E-08
2.537184E+00 1.639006E+00 5.096044E-08
2.535926E+00 1.639026E+00 5.033554E-08
2.534670E+00 1.639046E+00 4.971731E-08
2.533416E+00 1.639066E+00 4.910570E-08
2.532162E+00 1.639086E+00 4.850064E-08
2.530910E+00 1.639106E+00 4.790208E-08
2.529659E+00 1.639126E+00 4.730996E-08
2.528409E+00 1.639145E+00 4.672423E-08
2.527161E+00 1.639165E+00 4.614483E-08
2.525913E+00 1.639185E+00 4.557170E-08
2.524667E+00 1.639204E+00 4.500479E-08
2.523422E+00 1.639224E+00 4.444405E-08
2.522178E+00 1.639244E+00 4.388941E-08
2.520936E+00 1.639263E+00 4.334084E-08
2.519695E+00 1.639283E+00 4.279826E-08
2.518455E+00 1.639302E+00 4.226163E-08
2.517216E+00 1.639322E+00 4.173090E-08
2.515978E+00 1.639341E+00 4.120601E-08
2.514742E+00 1.639361E+00 4.068690E-08
2.513507E+00 1.639380E+00 4.017354E-08
2.512273E+00 1.639400E+00 3.966586E-08
2.511040E+00 1.639419E+00 3.916381E-08
2.509809E+00 1.639438E+00 3.866734E-08
2.508579E+00 1.639458E+00 3.817640E-08
2.507349E+00 1.639477E+00 3.769094E-08
2.506121E+00 1.639496E+00 3.721091E-08
2.504895E+00 1.639515E+00 3.673626E-08
2.503669E+00 1.639534E+00 3.626694E-08
2.502445E+00 1.639554E+00 3.580290E-08
2.501222E+00 1.639573E+00 3.534409E-08
2.500000E+00 1.639592E+00 3.489046E-08
