5.117500E+03 2.859808E+00 1.568570E-03
2.558750E+03 2.859863E+00 3.136012E-03
1.705833E+03 2.859955E+00 4.701205E-03
1.279375E+03 2.860084E+00 6.263029E-03
1.023500E+03 2.860251E+00 7.820377E-03
8.529170E+02 2.860455E+00 9.372154E-03
7.310716E+02 2.860699E+00 1.091728E-02
6.396876E+02 2.860981E+00 1.245469E-02
5.686112E+02 2.861304E+00 1.398334E-02
5.117500E+02 2.861668E+00 1.550223E-02
4.652273E+02 2.862073E+00 1.701035E-02
4.264583E+02 2.862522E+00 1.850674E-02
3.936538E+02 2.863016E+00 1.999048E-02
3.655357E+02 2.863555E+00 2.146066E-02
3.411666E+02 2.864142E+00 2.291642E-02
3.198437E+02 2.864777E+00 2.435693E-02
3.010294E+02 2.865463E+00 2.578141E-02
2.843056E+02 2.866202E+00 2.718910E-02
2.693421E+02 2.866995E+00 2.857930E-02
2.558750E+02 2.867844E+00 2.995134E-02
2.436905E+02 2.868752E+00 3.130459E-02
2.326136E+02 2.869721E+00 3.263848E-02
2.225000E+02 2.870754E+00 3.395246E-02
2.132292E+02 2.871852E+00 3.524605E-02
2.047000E+02 2.873020E+00 3.651879E-02
1.968269E+02 2.874259E+00 3.777028E-02
1.895370E+02 2.875574E+00 3.900015E-02
1.827678E+02 2.876966E+00 4.020808E-02
1.764655E+02 2.878441E+00 4.139379E-02
1.705833E+02 2.880001E+00 4.255706E-02
1.650807E+02 2.881651E+00 4.369767E-02
1.599219E+02 2.883396E+00 4.481548E-02
1.550758E+02 2.885239E+00 4.591037E-02
1.505147E+02 2.887186E+00 4.698227E-02
1.462143E+02 2.889242E+00 4.803113E-02
1.421528E+02 2.891413E+00 4.905698E-02
1.383108E+02 2.893707E+00 5.005986E-02
1.346710E+02 2.896129E+00 5.103987E-02
1.312179E+02 2.898688E+00 5.199719E-02
1.279375E+02 2.901393E+00 5.293206E-02
1.248171E+02 2.904253E+00 5.384480E-02
1.218452E+02 2.907279E+00 5.473588E-02
1.190116E+02 2.910483E+00 5.560593E-02
1.163068E+02 2.913880E+00 5.645579E-02
1.137222E+02 2.917485E+00 5.728664E-02
1.112500E+02 2.921317E+00 5.810005E-02
1.088830E+02 2.925396E+00 5.889821E-02
1.066146E+02 2.929748E+00 5.968408E-02
1.044388E+02 2.934401E+00 6.046176E-02
1.023500E+02 2.939388E+00 6.123686E-02
1.003431E+02 2.944750E+00 6.201715E-02
9.841348E+01 2.950535E+00 6.281329E-02
9.655660E+01 2.956801E+00 6.364010E-02
9.476849E+01 2.963617E+00 6.451817E-02
9.304541E+01 2.971068E+00 6.547630E-02
9.138396E+01 2.979262E+00 6.655511E-02
8.978071E+01 2.988327E+00 6.781236E-02
8.823275E+01 2.998429E+00 6.933121E-02
8.673727E+01 3.009778E+00 7.123305E-02
8.529170E+01 3.022640E+00 7.369806E-02
8.389346E+01 3.037360E+00 7.699896E-02
8.254033E+01 3.054385E+00 8.155823E-02
8.123015E+01 3.074292E+00 8.804760E-02
7.996092E+01 3.097808E+00 9.756693E-02
7.873080E+01 3.125788E+00 1.119738E-01
7.753789E+01 3.159014E+00 1.344973E-01
7.638060E+01 3.197409E+00 1.708363E-01
7.525734E+01 3.237406E+00 2.307345E-01
7.416665E+01 3.264436E+00 3.278237E-01
7.310716E+01 3.239497E+00 4.657399E-01
7.207747E+01 3.113123E+00 5.925910E-01
7.107639E+01 2.923266E+00 6.085834E-01
7.010273E+01 2.786712E+00 5.168694E-01
6.915538E+01 2.735172E+00 4.042643E-01
6.823335E+01 2.733367E+00 3.149467E-01
6.733553E+01 2.751363E+00 2.520348E-01
6.646104E+01 2.775326E+00 2.084435E-01
6.560896E+01 2.800018E+00 1.777514E-01
6.477846E+01 2.823689E+00 1.556382E-01
6.396876E+01 2.845889E+00 1.393694E-01
6.317902E+01 2.866625E+00 1.272099E-01
6.240853E+01 2.886044E+00 1.180299E-01
6.165661E+01 2.904323E+00 1.110692E-01
6.092264E+01 2.921631E+00 1.057969E-01
6.020589E+01 2.938119E+00 1.018300E-01
5.950582E+01 2.953919E+00 9.888380E-02
5.882183E+01 2.969150E+00 9.674211E-02
5.815340E+01 2.983917E+00 9.523804E-02
5.750001E+01 2.998314E+00 9.424151E-02
5.686112E+01 3.012429E+00 9.365066E-02
5.623626E+01 3.026339E+00 9.338564E-02
5.562499E+01 3.040118E+00 9.338396E-02
5.502687E+01 3.053830E+00 9.359696E-02
5.444150E+01 3.067538E+00 9.398703E-02
5.386843E+01 3.081298E+00 9.452533E-02
5.330729E+01 3.095162E+00 9.519011E-02
5.275773E+01 3.109180E+00 9.596527E-02
5.221938E+01 3.123398E+00 9.683925E-02
5.169193E+01 3.137861E+00 9.780418E-02
5.117500E+01 3.152611E+00 9.885513E-02
5.066832E+01 3.167690E+00 9.998966E-02
5.017156E+01 3.183138E+00 1.012073E-01
4.968445E+01 3.198997E+00 1.025094E-01
4.920674E+01 3.215308E+00 1.038987E-01
4.873810E+01 3.232113E+00 1.053794E-01
4.827830E+01 3.249454E+00 1.069567E-01
4.782710E+01 3.267377E+00 1.086373E-01
4.738427E+01 3.285928E+00 1.104289E-01
4.694955E+01 3.305159E+00 1.123405E-01
4.652273E+01 3.325122E+00 1.143824E-01
4.610360E+01 3.345873E+00 1.165662E-01
4.569196E+01 3.367475E+00 1.189053E-01
4.528762E+01 3.389995E+00 1.214147E-01
4.489036E+01 3.413506E+00 1.241117E-01
4.450000E+01 3.438088E+00 1.270158E-01
4.411638E+01 3.463829E+00 1.301493E-01
4.373931E+01 3.490829E+00 1.335378E-01
4.336865E+01 3.519195E+00 1.372108E-01
4.300420E+01 3.549051E+00 1.412024E-01
4.264583E+01 3.580534E+00 1.455521E-01
4.229338E+01 3.613798E+00 1.503063E-01
4.194671E+01 3.649019E+00 1.555193E-01
4.160570E+01 3.686398E+00 1.612555E-01
4.127016E+01 3.726164E+00 1.675914E-01
4.094000E+01 3.768583E+00 1.746187E-01
4.061507E+01 3.813961E+00 1.824486E-01
4.029527E+01 3.862659E+00 1.912163E-01
3.998047E+01 3.915097E+00 2.010883E-01
3.967054E+01 3.971776E+00 2.122715E-01
3.936538E+01 4.033292E+00 2.250260E-01
3.906488E+01 4.100365E+00 2.396828E-01
3.876895E+01 4.173868E+00 2.566688E-01
3.847745E+01 4.254878E+00 2.765430E-01
3.819030E+01 4.344729E+00 3.000498E-01
3.790741E+01 4.445100E+00 3.281996E-01
3.762867E+01 4.558135E+00 3.623936E-01
3.735402E+01 4.686600E+00 4.046236E-01
3.708334E+01 4.834127E+00 4.578017E-01
3.681655E+01 5.005548E+00 5.263275E-01
3.655357E+01 5.207368E+00 6.171062E-01
3.629432E+01 5.448374E+00 7.414692E-01
3.603874E+01 5.740212E+00 9.189979E-01
3.578672E+01 6.096881E+00 1.185550E+00
3.553819E+01 6.528407E+00 1.610646E+00
3.529310E+01 7.007646E+00 2.332234E+00
3.505136E+01 7.330468E+00 3.581808E+00
3.481293E+01 6.809328E+00 5.362221E+00
3.457770E+01 5.001625E+00 6.509070E+00
3.434564E+01 3.198422E+00 6.298808E+00
3.411666E+01 2.101128E+00 5.566793E+00
3.389072E+01 1.489634E+00 4.822734E+00
3.366777E+01 1.137235E+00 4.169152E+00
3.344771E+01 9.266622E-01 3.600235E+00
3.323052E+01 8.016250E-01 3.092672E+00
3.301613E+01 7.361278E-01 2.623700E+00
3.280449E+01 7.221740E-01 2.173110E+00
3.259554E+01 7.688861E-01 1.723895E+00
3.238924E+01 9.106697E-01 1.274702E+00
3.218553E+01 1.185456E+00 8.876253E-01
3.198437E+01 1.524485E+00 6.465327E-01
3.178572E+01 1.837546E+00 5.183744E-01
3.158951E+01 2.110820E+00 4.492296E-01
3.139571E+01 2.353854E+00 4.124228E-01
3.120427E+01 2.576785E+00 3.960467E-01
3.101515E+01 2.787691E+00 3.946538E-01
3.082832E+01 2.993087E+00 4.059843E-01
3.064371E+01 3.198622E+00 4.297219E-01
3.046131E+01 3.409649E+00 4.671166E-01
3.028106E+01 3.631685E+00 5.211094E-01
3.010294E+01 3.870825E+00 5.969283E-01
2.992690E+01 4.134066E+00 7.033621E-01
2.975291E+01 4.429318E+00 8.552391E-01
2.958092E+01 4.764246E+00 1.078205E+00
2.941092E+01 5.140886E+00 1.417717E+00
2.924286E+01 5.535899E+00 1.953382E+00
2.907671E+01 5.838444E+00 2.802264E+00
2.891243E+01 5.732217E+00 4.001273E+00
2.875000E+01 4.851159E+00 5.124928E+00
2.858938E+01 3.542045E+00 5.514848E+00
2.843056E+01 2.473253E+00 5.277349E+00
2.827348E+01 1.778418E+00 4.827232E+00
2.811813E+01 1.343009E+00 4.363161E+00
2.796448E+01 1.063535E+00 3.937903E+00
2.781250E+01 8.784461E-01 3.555806E+00
2.766217E+01 7.535876E-01 3.208739E+00
2.751344E+01 6.702174E-01 2.886312E+00
2.736631E+01 6.186272E-01 2.578197E+00
2.722074E+01 5.954179E-01 2.274114E+00
2.707672E+01 6.035048E-01 1.963208E+00
2.693421E+01 6.557142E-01 1.634265E+00
2.679319E+01 7.843387E-01 1.283416E+00
2.665365E+01 1.038585E+00 9.516395E-01
2.651554E+01 1.395732E+00 7.320844E-01
2.637886E+01 1.768988E+00 6.334543E-01
2.624359E+01 2.133076E+00 6.151563E-01
2.610969E+01 2.497683E+00 6.603272E-01
2.597716E+01 2.877599E+00 7.764392E-01
2.584596E+01 3.283283E+00 9.961107E-01
2.571608E+01 3.702017E+00 1.390077E+00
2.558750E+01 4.029389E+00 2.072663E+00
2.546020E+01 3.936974E+00 3.050649E+00
2.533416E+01 3.164239E+00 3.808902E+00
2.520936E+01 2.235349E+00 3.888324E+00
2.508579E+01 1.604362E+00 3.585808E+00
2.496342E+01 1.249826E+00 3.194224E+00
2.484223E+01 1.077472E+00 2.803920E+00
2.472222E+01 1.041674E+00 2.430391E+00
2.460336E+01 1.143375E+00 2.084241E+00
2.448565E+01 1.406123E+00 1.817631E+00
2.436905E+01 1.805353E+00 1.739182E+00
2.425355E+01 2.224647E+00 1.942222E+00
2.413915E+01 2.462979E+00 2.456971E+00
2.402582E+01 2.245371E+00 3.087769E+00
2.391355E+01 1.659477E+00 3.378235E+00
2.380233E+01 1.136543E+00 3.286686E+00
2.369213E+01 8.038998E-01 3.055994E+00
2.358295E+01 6.049999E-01 2.809613E+00
2.347477E+01 4.843871E-01 2.578954E+00
2.336758E+01 4.106868E-01 2.366532E+00
2.326136E+01 3.678320E-01 2.167911E+00
2.315611E+01 3.483054E-01 1.977456E+00
2.305180E+01 3.500395E-01 1.789594E+00
2.294843E+01 3.757585E-01 1.599150E+00
2.284598E+01 4.343376E-01 1.402466E+00
2.274444E+01 5.435660E-01 1.202499E+00
2.264380E+01 7.260805E-01 1.023188E+00
2.254405E+01 9.781098E-01 9.138939E-01
2.244518E+01 1.257349E+00 9.034636E-01
2.234716E+01 1.529723E+00 9.908077E-01
2.225000E+01 1.770881E+00 1.180481E+00
2.215368E+01 1.934632E+00 1.482300E+00
2.205819E+01 1.938537E+00 1.867074E+00
2.196352E+01 1.729168E+00 2.211962E+00
2.186966E+01 1.392624E+00 2.382098E+00
2.177660E+01 1.072779E+00 2.378505E+00
2.168432E+01 8.305978E-01 2.281262E+00
2.159282E+01 6.609522E-01 2.150256E+00
2.150210E+01 5.436026E-01 2.012741E+00
2.141213E+01 4.617648E-01 1.878336E+00
2.132292E+01 4.042620E-01 1.749311E+00
2.123444E+01 3.641292E-01 1.625151E+00
2.114669E+01 3.372072E-01 1.504335E+00
2.105967E+01 3.212575E-01 1.384965E+00
2.097336E+01 3.155385E-01 1.264967E+00
2.088775E+01 3.207830E-01 1.142147E+00
2.080284E+01 3.396247E-01 1.014364E+00
2.071863E+01 3.776082E-01 8.803461E-01
2.063508E+01 4.442964E-01 7.426552E-01
2.055221E+01 5.499492E-01 6.142713E-01
2.047000E+01 6.908719E-01 5.179085E-01
2.038844E+01 8.466571E-01 4.644549E-01
2.030754E+01 1.002289E+00 4.486002E-01
2.022727E+01 1.153311E+00 4.646619E-01
2.014764E+01 1.298186E+00 5.128274E-01
2.006863E+01 1.431880E+00 5.988971E-01
1.999023E+01 1.538981E+00 7.311162E-01
1.991245E+01 1.586316E+00 9.078851E-01
1.983527E+01 1.532936E+00 1.089970E+00
1.975869E+01 1.384593E+00 1.194965E+00
1.968269E+01 1.223786E+00 1.172656E+00
1.960728E+01 1.135500E+00 1.054613E+00
1.953244E+01 1.154248E+00 9.081626E-01
1.945818E+01 1.270733E+00 7.973103E-01
1.938447E+01 1.448389E+00 7.618095E-01
1.931132E+01 1.650786E+00 8.166180E-01
1.923872E+01 1.846568E+00 9.745463E-01
1.916667E+01 1.984590E+00 1.251456E+00
1.909515E+01 1.972842E+00 1.624303E+00
1.902416E+01 1.745236E+00 1.963627E+00
1.895370E+01 1.393853E+00 2.122873E+00
1.888377E+01 1.071237E+00 2.110449E+00
1.881434E+01 8.327138E-01 2.013998E+00
1.874542E+01 6.669320E-01 1.892495E+00
1.867701E+01 5.513840E-01 1.770475E+00
1.860909E+01 4.689072E-01 1.655811E+00
1.854167E+01 4.083825E-01 1.550038E+00
1.847473E+01 3.628200E-01 1.452549E+00
1.840827E+01 3.277847E-01 1.362144E+00
1.834229E+01 3.004038E-01 1.277561E+00
1.827678E+01 2.787773E-01 1.197647E+00
1.821175E+01 2.616301E-01 1.121385E+00
1.814716E+01 2.481058E-01 1.047878E+00
1.808304E+01 2.376445E-01 9.763256E-01
1.801937E+01 2.299151E-01 9.059841E-01
1.795614E+01 2.247859E-01 8.361402E-01
1.789336E+01 2.223304E-01 7.660784E-01
1.783101E+01 2.228752E-01 6.950573E-01
1.776910E+01 2.271131E-01 6.223069E-01
1.770761E+01 2.363203E-01 5.471023E-01
1.764655E+01 2.527172E-01 4.690848E-01
1.758591E+01 2.797724E-01 3.892727E-01
1.752569E+01 3.211303E-01 3.120985E-01
1.746587E+01 3.761196E-01 2.455885E-01
1.740646E+01 4.374342E-01 1.948733E-01
1.734746E+01 4.977081E-01 1.582454E-01
1.728885E+01 5.537226E-01 1.315579E-01
1.723064E+01 6.049080E-01 1.114941E-01
1.717282E+01 6.516214E-01 9.591475E-02
1.711538E+01 6.944254E-01 8.348152E-02
1.705833E+01 7.338619E-01 7.333831E-02
1.700166E+01 7.703980E-01 6.491739E-02
1.694536E+01 8.044220E-01 5.782826E-02
1.688944E+01 8.362549E-01 5.179322E-02
1.683388E+01 8.661621E-01 4.660890E-02
1.677869E+01 8.943647E-01 4.212244E-02
1.672386E+01 9.210486E-01 3.821635E-02
1.666938E+01 9.463708E-01 3.479856E-02
1.661526E+01 9.704658E-01 3.179562E-02
1.656149E+01 9.934492E-01 2.914810E-02
1.650807E+01 1.015421E+00 2.680721E-02
1.645498E+01 1.036470E+00 2.473249E-02
1.640224E+01 1.056671E+00 2.288998E-02
1.634984E+01 1.076095E+00 2.125097E-02
1.629777E+01 1.094800E+00 1.979098E-02
1.624603E+01 1.112842E+00 1.848895E-02
1.619462E+01 1.130269E+00 1.732674E-02
1.614353E+01 1.147126E+00 1.628857E-02
1.609277E+01 1.163452E+00 1.536067E-02
1.604232E+01 1.179284E+00 1.453100E-02
1.599219E+01 1.194655E+00 1.378898E-02
1.594237E+01 1.209596E+00 1.312528E-02
1.589286E+01 1.224134E+00 1.253167E-02
1.584365E+01 1.238296E+00 1.200087E-02
1.579475E+01 1.252105E+00 1.152643E-02
1.574615E+01 1.265584E+00 1.110262E-02
1.569785E+01 1.278753E+00 1.072437E-02
1.564985E+01 1.291632E+00 1.038715E-02
1.560213E+01 1.304239E+00 1.008694E-02
1.555471E+01 1.316590E+00 9.820187E-03
1.550758E+01 1.328701E+00 9.583701E-03
1.546072E+01 1.340587E+00 9.374660E-03
1.541416E+01 1.352263E+00 9.190557E-03
1.536787E+01 1.363741E+00 9.029160E-03
1.532186E+01 1.375034E+00 8.888492E-03
1.527612E+01 1.386153E+00 8.766798E-03
1.523065E+01 1.397111E+00 8.662525E-03
1.518546E+01 1.407917E+00 8.574301E-03
1.514053E+01 1.418582E+00 8.500915E-03
1.509587E+01 1.429116E+00 8.441301E-03
1.505147E+01 1.439528E+00 8.394526E-03
1.500733E+01 1.449827E+00 8.359772E-03
1.496345E+01 1.460021E+00 8.336329E-03
1.491983E+01 1.470119E+00 8.323583E-03
1.487645E+01 1.480129E+00 8.321006E-03
1.483333E+01 1.490058E+00 8.328149E-03
1.479046E+01 1.499914E+00 8.344634E-03
1.474784E+01 1.509705E+00 8.370150E-03
1.470546E+01 1.519438E+00 8.404443E-03
1.466332E+01 1.529118E+00 8.447315E-03
1.462143E+01 1.538755E+00 8.498621E-03
1.457977E+01 1.548353E+00 8.558259E-03
1.453835E+01 1.557919E+00 8.626174E-03
1.449717E+01 1.567461E+00 8.702352E-03
1.445622E+01 1.576984E+00 8.786816E-03
1.441549E+01 1.586496E+00 8.879630E-03
1.437500E+01 1.596001E+00 8.980892E-03
1.433473E+01 1.605507E+00 9.090738E-03
1.429469E+01 1.615021E+00 9.209337E-03
1.425487E+01 1.624548E+00 9.336894E-03
1.421528E+01 1.634094E+00 9.473648E-03
1.417590E+01 1.643667E+00 9.619876E-03
1.413674E+01 1.653273E+00 9.775891E-03
1.409780E+01 1.662919E+00 9.942042E-03
1.405907E+01 1.672611E+00 1.011872E-02
1.402055E+01 1.682356E+00 1.030636E-02
1.398224E+01 1.692162E+00 1.050543E-02
1.394414E+01 1.702035E+00 1.071645E-02
1.390625E+01 1.711984E+00 1.094001E-02
1.386856E+01 1.722015E+00 1.117672E-02
1.383108E+01 1.732137E+00 1.142727E-02
1.379380E+01 1.742357E+00 1.169241E-02
1.375672E+01 1.752685E+00 1.197296E-02
1.371984E+01 1.763129E+00 1.226980E-02
1.368316E+01 1.773698E+00 1.258390E-02
1.364667E+01 1.784403E+00 1.291634E-02
1.361037E+01 1.795252E+00 1.326827E-02
1.357427E+01 1.806256E+00 1.364096E-02
1.353836E+01 1.817428E+00 1.403581E-02
1.350264E+01 1.828777E+00 1.445435E-02
1.346710E+01 1.840316E+00 1.489824E-02
1.343176E+01 1.852059E+00 1.536934E-02
1.339660E+01 1.864019E+00 1.586967E-02
1.336162E+01 1.876210E+00 1.640146E-02
1.332682E+01 1.888648E+00 1.696721E-02
1.329221E+01 1.901350E+00 1.756963E-02
1.325777E+01 1.914332E+00 1.821178E-02
1.322351E+01 1.927615E+00 1.889702E-02
1.318943E+01 1.941217E+00 1.962912E-02
1.315553E+01 1.955160E+00 2.041228E-02
1.312179E+01 1.969469E+00 2.125120E-02
1.308824E+01 1.984167E+00 2.215116E-02
1.305485E+01 1.999282E+00 2.311812E-02
1.302163E+01 2.014844E+00 2.415877E-02
1.298858E+01 2.030884E+00 2.528074E-02
1.295570E+01 2.047437E+00 2.649266E-02
1.292298E+01 2.064542E+00 2.780441E-02
1.289043E+01 2.082239E+00 2.922727E-02
1.285804E+01 2.100575E+00 3.077423E-02
1.282581E+01 2.119600E+00 3.246031E-02
1.279375E+01 2.139369E+00 3.430292E-02
1.276185E+01 2.159945E+00 3.632234E-02
1.273010E+01 2.181396E+00 3.854238E-02
1.269851E+01 2.203799E+00 4.099108E-02
1.266708E+01 2.227240E+00 4.370171E-02
1.263580E+01 2.251815E+00 4.671396E-02
1.260468E+01 2.277634E+00 5.007551E-02
1.257371E+01 2.304821E+00 5.384408E-02
1.254289E+01 2.333517E+00 5.809002E-02
1.251222E+01 2.363884E+00 6.289987E-02
1.248171E+01 2.396108E+00 6.838091E-02
1.245134E+01 2.430405E+00 7.466748E-02
1.242112E+01 2.467023E+00 8.192947E-02
1.239104E+01 2.506256E+00 9.038410E-02
1.236111E+01 2.548446E+00 1.003125E-01
1.233133E+01 2.593995E+00 1.120831E-01
1.230168E+01 2.643377E+00 1.261860E-01
1.227218E+01 2.697153E+00 1.432832E-01
1.224282E+01 2.755977E+00 1.642848E-01
1.221360E+01 2.820605E+00 1.904648E-01
1.218452E+01 2.891875E+00 2.236431E-01
1.215558E+01 2.970636E+00 2.664724E-01
1.212678E+01 3.057537E+00 3.228933E-01
1.209811E+01 3.152496E+00 3.988386E-01
1.206957E+01 3.253377E+00 5.032235E-01
1.204118E+01 3.352899E+00 6.488895E-01
1.201291E+01 3.432012E+00 8.515679E-01
1.198478E+01 3.449346E+00 1.120064E+00
1.195678E+01 3.339908E+00 1.425369E+00
1.192890E+01 3.064948E+00 1.664988E+00
1.190116E+01 2.698509E+00 1.717483E+00
1.187355E+01 2.388737E+00 1.569740E+00
1.184606E+01 2.228470E+00 1.311079E+00
1.181871E+01 2.225543E+00 1.043210E+00
1.179148E+01 2.336125E+00 8.316020E-01
1.176437E+01 2.507053E+00 6.940217E-01
1.173739E+01 2.705041E+00 6.207722E-01
1.171053E+01 2.917207E+00 5.984325E-01
1.168379E+01 3.141779E+00 6.189701E-01
1.165718E+01 3.381928E+00 6.810694E-01
1.163068E+01 3.642887E+00 7.904533E-01
1.160431E+01 3.930083E+00 9.616606E-01
1.157805E+01 4.245674E+00 1.222451E+00
1.155192E+01 4.578378E+00 1.621413E+00
1.152590E+01 4.873932E+00 2.233285E+00
1.150000E+01 4.969633E+00 3.122872E+00
1.147422E+01 4.575650E+00 4.162357E+00
1.144855E+01 3.632018E+00 4.878107E+00
1.142299E+01 2.594697E+00 4.999528E+00
1.139755E+01 1.812245E+00 4.761207E+00
1.137222E+01 1.293324E+00 4.418753E+00
1.134701E+01 9.529847E-01 4.080727E+00
1.132190E+01 7.236423E-01 3.777349E+00
1.129691E+01 5.637149E-01 3.511961E+00
1.127203E+01 4.486122E-01 3.280469E+00
1.124725E+01 3.635348E-01 3.077508E+00
1.122259E+01 2.992724E-01 2.898191E+00
1.119803E+01 2.498801E-01 2.738463E+00
1.117358E+01 2.113847E-01 2.595057E+00
1.114924E+01 1.810461E-01 2.465360E+00
1.112500E+01 1.569205E-01 2.347271E+00
1.110087E+01 1.375957E-01 2.239090E+00
1.107684E+01 1.220237E-01 2.139423E+00
1.105292E+01 1.094129E-01 2.047119E+00
1.102910E+01 9.915698E-02 1.961218E+00
1.100538E+01 9.078531E-02 1.880908E+00
1.098176E+01 8.392940E-02 1.805499E+00
1.095824E+01 7.829838E-02 1.734397E+00
1.093483E+01 7.366143E-02 1.667088E+00
1.091151E+01 6.983466E-02 1.603124E+00
1.088830E+01 6.667127E-02 1.542109E+00
1.086518E+01 6.405402E-02 1.483693E+00
1.084216E+01 6.188938E-02 1.427561E+00
1.081924E+01 6.010306E-02 1.373431E+00
1.079641E+01 5.863635E-02 1.321043E+00
1.077368E+01 5.744340E-02 1.270156E+00
1.075105E+01 5.648900E-02 1.220545E+00
1.072851E+01 5.574692E-02 1.171993E+00
1.070607E+01 5.519879E-02 1.124285E+00
1.068372E+01 5.483354E-02 1.077204E+00
1.066146E+01 5.464773E-02 1.030522E+00
1.063929E+01 5.464773E-02 9.839853E-01
1.061722E+01 5.485573E-02 9.373008E-01
1.059524E+01 5.532380E-02 8.901107E-01
1.057335E+01 5.616395E-02 8.419607E-01
1.055155E+01 5.760710E-02 7.922624E-01
1.052983E+01 6.010996E-02 7.402614E-01
1.050821E+01 6.453399E-02 6.850354E-01
1.048668E+01 7.242871E-02 6.255746E-01
1.046524E+01 8.646836E-02 5.610586E-01
1.044388E+01 1.110866E-01 4.916644E-01
1.042261E+01 1.528440E-01 4.209036E-01
1.040142E+01 2.168440E-01 3.601536E-01
1.038032E+01 2.950565E-01 3.251533E-01
1.035931E+01 3.695364E-01 3.178022E-01
1.033838E+01 4.308617E-01 3.290326E-01
1.031754E+01 4.772786E-01 3.513339E-01
1.029678E+01 5.087737E-01 3.802198E-01
1.027610E+01 5.250213E-01 4.125133E-01
1.025551E+01 5.251344E-01 4.449219E-01
1.023500E+01 5.082246E-01 4.729860E-01
1.021457E+01 4.746951E-01 4.905734E-01
1.019422E+01 4.279608E-01 4.905456E-01
1.017396E+01 3.754225E-01 4.669063E-01
1.015377E+01 3.275401E-01 4.172113E-01
1.013366E+01 2.961176E-01 3.434753E-01
1.011364E+01 2.943044E-01 2.537031E-01
1.009369E+01 3.306993E-01 1.693607E-01
1.007382E+01 3.887805E-01 1.135518E-01
1.005403E+01 4.457073E-01 8.302707E-02
1.003431E+01 4.946812E-01 6.634207E-02
1.001468E+01 5.360874E-01 5.659909E-02
9.995112E+00 5.715341E-01 5.039278E-02
9.975630E+00 6.024643E-01 4.606296E-02
9.956222E+00 6.299591E-01 4.278990E-02
9.936891E+00 6.547872E-01 4.016024E-02
9.917634E+00 6.774905E-01 3.795752E-02
9.898452E+00 6.984549E-01 3.606118E-02
9.879344E+00 7.179623E-01 3.439843E-02
9.860309E+00 7.362243E-01 3.292145E-02
9.841348E+00 7.534045E-01 3.159653E-02
9.822459E+00 7.696329E-01 3.039861E-02
9.803643E+00 7.850147E-01 2.930837E-02
9.784899E+00 7.996370E-01 2.831056E-02
9.766226E+00 8.135726E-01 2.739288E-02
9.747615E+00 8.268836E-01 2.654526E-02
9.729084E+00 8.396233E-01 2.575938E-02
9.710623E+00 8.518377E-01 2.502827E-02
9.692233E+00 8.635673E-01 2.434601E-02
9.673912E+00 8.748476E-01 2.370758E-02
9.655660E+00 8.857102E-01 2.310865E-02
9.637477E+00 8.961831E-01 2.254548E-02
9.619362E+00 9.062916E-01 2.201482E-02
9.601315E+00 9.160584E-01 2.151379E-02
9.583336E+00 9.255040E-01 2.103989E-02
9.565424E+00 9.346473E-01 2.059089E-02
9.547578E+00 9.435051E-01 2.016481E-02
9.529800E+00 9.520932E-01 1.975987E-02
9.512078E+00 9.604258E-01 1.937450E-02
9.494431E+00 9.685160E-01 1.900726E-02
9.476849E+00 9.763762E-01 1.865688E-02
9.459333E+00 9.840175E-01 1.832218E-02
9.441881E+00 9.914503E-01 1.800210E-02
9.424493E+00 9.986844E-01 1.769569E-02
9.407170E+00 1.005729E+00 1.740207E-02
9.389909E+00 1.012592E+00 1.712043E-02
9.372712E+00 1.019282E+00 1.685002E-02
9.355578E+00 1.025806E+00 1.659018E-02
9.338507E+00 1.032170E+00 1.634028E-02
9.321498E+00 1.038382E+00 1.609974E-02
9.304541E+00 1.044448E+00 1.586803E-02
9.287655E+00 1.050373E+00 1.564465E-02
9.270831E+00 1.056163E+00 1.542915E-02
9.254067E+00 1.061822E+00 1.522109E-02
9.237363E+00 1.067357E+00 1.502009E-02
9.220720E+00 1.072770E+00 1.482577E-02
9.204137E+00 1.078067E+00 1.463779E-02
9.187613E+00 1.083252E+00 1.445582E-02
9.171148E+00 1.088329E+00 1.427956E-02
9.154743E+00 1.093301E+00 1.410874E-02
9.138396E+00 1.098172E+00 1.394308E-02
9.122107E+00 1.102946E+00 1.378234E-02
9.105876E+00 1.107624E+00 1.362627E-02
9.089694E+00 1.112212E+00 1.347467E-02
9.073579E+00 1.116711E+00 1.332732E-02
9.057520E+00 1.121124E+00 1.318403E-02
9.041518E+00 1.125454E+00 1.304461E-02
9.025572E+00 1.129704E+00 1.290888E-02
9.009683E+00 1.133875E+00 1.277669E-02
8.993849E+00 1.137971E+00 1.264788E-02
8.978071E+00 1.141993E+00 1.252229E-02
8.962348E+00 1.145943E+00 1.239979E-02
8.946680E+00 1.149825E+00 1.228024E-02
8.931067E+00 1.153639E+00 1.216352E-02
8.915509E+00 1.157387E+00 1.204950E-02
8.899996E+00 1.161072E+00 1.193808E-02
8.884545E+00 1.164695E+00 1.182914E-02
8.869148E+00 1.168257E+00 1.172259E-02
8.853804E+00 1.171761E+00 1.161832E-02
8.838513E+00 1.175208E+00 1.151623E-02
8.823275E+00 1.178599E+00 1.141624E-02
8.808089E+00 1.181936E+00 1.131827E-02
8.792956E+00 1.185220E+00 1.122223E-02
8.777874E+00 1.188453E+00 1.112805E-02
8.762844E+00 1.191636E+00 1.103564E-02
8.747866E+00 1.194769E+00 1.094495E-02
8.732938E+00 1.197855E+00 1.085589E-02
8.718061E+00 1.200895E+00 1.076841E-02
8.703228E+00 1.203889E+00 1.068245E-02
8.688452E+00 1.206839E+00 1.059794E-02
8.673727E+00 1.209745E+00 1.051483E-02
8.659051E+00 1.212609E+00 1.043306E-02
8.644425E+00 1.215432E+00 1.035258E-02
8.629848E+00 1.218215E+00 1.027334E-02
8.615320E+00 1.220958E+00 1.019529E-02
8.600841E+00 1.223663E+00 1.011838E-02
8.586411E+00 1.226330E+00 1.004258E-02
8.572029E+00 1.228960E+00 9.967839E-03
8.557695E+00 1.231554E+00 9.894113E-03
8.543409E+00 1.234113E+00 9.821365E-03
8.529170E+00 1.236638E+00 9.749557E-03
8.514972E+00 1.239128E+00 9.678653E-03
8.500828E+00 1.241586E+00 9.608618E-03
8.486731E+00 1.244011E+00 9.539419E-03
8.472681E+00 1.246405E+00 9.471023E-03
8.458677E+00 1.248768E+00 9.403400E-03
8.444719E+00 1.251100E+00 9.336519E-03
8.430808E+00 1.253403E+00 9.270351E-03
8.416942E+00 1.255677E+00 9.204870E-03
8.403121E+00 1.257922E+00 9.140049E-03
8.389346E+00 1.260139E+00 9.075861E-03
8.375616E+00 1.262328E+00 9.012283E-03
8.361931E+00 1.264491E+00 8.949291E-03
8.348284E+00 1.266628E+00 8.886862E-03
8.334688E+00 1.268738E+00 8.824974E-03
8.321136E+00 1.270824E+00 8.763607E-03
8.307628E+00 1.272884E+00 8.702739E-03
8.294164E+00 1.274920E+00 8.642352E-03
8.280744E+00 1.276933E+00 8.582426E-03
8.267367E+00 1.278921E+00 8.522944E-03
8.254033E+00 1.280887E+00 8.463889E-03
8.240742E+00 1.282830E+00 8.405242E-03
8.227493E+00 1.284751E+00 8.346990E-03
8.214288E+00 1.286650E+00 8.289115E-03
8.201124E+00 1.288528E+00 8.231604E-03
8.188003E+00 1.290384E+00 8.174442E-03
8.174917E+00 1.292220E+00 8.117616E-03
8.161879E+00 1.294036E+00 8.061112E-03
8.148883E+00 1.295832E+00 8.004917E-03
8.135929E+00 1.297608E+00 7.949021E-03
8.123015E+00 1.299365E+00 7.893410E-03
8.110142E+00 1.301104E+00 7.838074E-03
8.097310E+00 1.302823E+00 7.783003E-03
8.084519E+00 1.304525E+00 7.728186E-03
8.071768E+00 1.306208E+00 7.673613E-03
8.059057E+00 1.307874E+00 7.619275E-03
8.046386E+00 1.309522E+00 7.565163E-03
8.033755E+00 1.311154E+00 7.511269E-03
8.021163E+00 1.312769E+00 7.457585E-03
8.008604E+00 1.314367E+00 7.404102E-03
7.996092E+00 1.315949E+00 7.350813E-03
7.983618E+00 1.317515E+00 7.297712E-03
7.971183E+00 1.319065E+00 7.244792E-03
7.958786E+00 1.320600E+00 7.192045E-03
7.946428E+00 1.322120E+00 7.139467E-03
7.934109E+00 1.323625E+00 7.087052E-03
7.921827E+00 1.325115E+00 7.034793E-03
7.909584E+00 1.326591E+00 6.982687E-03
7.897378E+00 1.328052E+00 6.930728E-03
7.885210E+00 1.329500E+00 6.878912E-03
7.873080E+00 1.330934E+00 6.827234E-03
7.860980E+00 1.332354E+00 6.775691E-03
7.848924E+00 1.333760E+00 6.724279E-03
7.836905E+00 1.335154E+00 6.672994E-03
7.824922E+00 1.336534E+00 6.621833E-03
7.812976E+00 1.337902E+00 6.570794E-03
7.801067E+00 1.339257E+00 6.519873E-03
7.789193E+00 1.340600E+00 6.469068E-03
7.777356E+00 1.341931E+00 6.418377E-03
7.765555E+00 1.343249E+00 6.367798E-03
7.753789E+00 1.344556E+00 6.317328E-03
7.742059E+00 1.345851E+00 6.266967E-03
7.730365E+00 1.347135E+00 6.216713E-03
7.718706E+00 1.348407E+00 6.166564E-03
7.707076E+00 1.349668E+00 6.116520E-03
7.695487E+00 1.350918E+00 6.066579E-03
7.683932E+00 1.352157E+00 6.016742E-03
7.672413E+00 1.353386E+00 5.967007E-03
7.660927E+00 1.354604E+00 5.917374E-03
7.649477E+00 1.355811E+00 5.867842E-03
7.638060E+00 1.357009E+00 5.818413E-03
7.626677E+00 1.358196E+00 5.769086E-03
7.615328E+00 1.359374E+00 5.719861E-03
7.604013E+00 1.360541E+00 5.670739E-03
7.592732E+00 1.361699E+00 5.621719E-03
7.581484E+00 1.362847E+00 5.572804E-03
7.570269E+00 1.363986E+00 5.523994E-03
7.559082E+00 1.365116E+00 5.475290E-03
7.547933E+00 1.366236E+00 5.426692E-03
7.536817E+00 1.367348E+00 5.378202E-03
7.525734E+00 1.368450E+00 5.329822E-03
7.514684E+00 1.369544E+00 5.281552E-03
7.503666E+00 1.370629E+00 5.233394E-03
7.492680E+00 1.371706E+00 5.185351E-03
7.481726E+00 1.372774E+00 5.137423E-03
7.470804E+00 1.373834E+00 5.089612E-03
7.459914E+00 1.374885E+00 5.041921E-03
7.449056E+00 1.375929E+00 4.994351E-03
7.438229E+00 1.376965E+00 4.946905E-03
7.427428E+00 1.377992E+00 4.899584E-03
7.416665E+00 1.379012E+00 4.852392E-03
7.405932E+00 1.380024E+00 4.805329E-03
7.395230E+00 1.381029E+00 4.758400E-03
7.384559E+00 1.382026E+00 4.711606E-03
7.373919E+00 1.383016E+00 4.664950E-03
7.363309E+00 1.383998E+00 4.618436E-03
7.352730E+00 1.384973E+00 4.572065E-03
7.342182E+00 1.385942E+00 4.525842E-03
7.331663E+00 1.386903E+00 4.479770E-03
7.321175E+00 1.387857E+00 4.433853E-03
7.310716E+00 1.388805E+00 4.388095E-03
7.300288E+00 1.389745E+00 4.342502E-03
7.289884E+00 1.390679E+00 4.297078E-03
7.279514E+00 1.391607E+00 4.251830E-03
7.269175E+00 1.392528E+00 4.206765E-03
7.258864E+00 1.393443E+00 4.161893E-03
7.248583E+00 1.394352E+00 4.117223E-03
7.238331E+00 1.395254E+00 4.072768E-03
7.228108E+00 1.396150E+00 4.028542E-03
7.217913E+00 1.397041E+00 3.984563E-03
7.207747E+00 1.397925E+00 3.940851E-03
7.197610E+00 1.398804E+00 3.897430E-03
7.187502E+00 1.399677E+00 3.854329E-03
7.177422E+00 1.400544E+00 3.811580E-03
7.167364E+00 1.401406E+00 3.769222E-03
7.157341E+00 1.402262E+00 3.727299E-03
7.147345E+00 1.403113E+00 3.685860E-03
7.137377E+00 1.403958E+00 3.644962E-03
7.127436E+00 1.404798E+00 3.604667E-03
7.117524E+00 1.405634E+00 3.565042E-03
7.107639E+00 1.406464E+00 3.526163E-03
7.097781E+00 1.407288E+00 3.488107E-03
7.087951E+00 1.408108E+00 3.450956E-03
7.078148E+00 1.408923E+00 3.414796E-03
7.068372E+00 1.409732E+00 3.379709E-03
7.058623E+00 1.410537E+00 3.345779E-03
7.048900E+00 1.411336E+00 3.313083E-03
7.039200E+00 1.412131E+00 3.281691E-03
7.029531E+00 1.412920E+00 3.251659E-03
7.019889E+00 1.413703E+00 3.223032E-03
7.010273E+00 1.414481E+00 3.195835E-03
7.000683E+00 1.415254E+00 3.170072E-03
6.991120E+00 1.416021E+00 3.145720E-03
6.981583E+00 1.416782E+00 3.122731E-03
6.972071E+00 1.417537E+00 3.101026E-03
6.962586E+00 1.418286E+00 3.080496E-03
6.953126E+00 1.419028E+00 3.061000E-03
6.943692E+00 1.419765E+00 3.042366E-03
6.934284E+00 1.420495E+00 3.024394E-03
6.924901E+00 1.421218E+00 3.006856E-03
6.915538E+00 1.421935E+00 2.989504E-03
6.906206E+00 1.422645E+00 2.972072E-03
6.896899E+00 1.423349E+00 2.954284E-03
6.887617E+00 1.424047E+00 2.935861E-03
6.878360E+00 1.424738E+00 2.916525E-03
6.869127E+00 1.425424E+00 2.896012E-03
6.859920E+00 1.426103E+00 2.874077E-03
6.850737E+00 1.426777E+00 2.850502E-03
6.841578E+00 1.427446E+00 2.825102E-03
6.832445E+00 1.428109E+00 2.797734E-03
6.823335E+00 1.428769E+00 2.768296E-03
6.814250E+00 1.429423E+00 2.736736E-03
6.805184E+00 1.430074E+00 2.703054E-03
6.796147E+00 1.430722E+00 2.667296E-03
6.787134E+00 1.431366E+00 2.629557E-03
6.778145E+00 1.432007E+00 2.589980E-03
6.769179E+00 1.432646E+00 2.548745E-03
6.760237E+00 1.433282E+00 2.506068E-03
6.751319E+00 1.433916E+00 2.462192E-03
6.742425E+00 1.434548E+00 2.417378E-03
6.733553E+00 1.435179E+00 2.371901E-03
6.724705E+00 1.435807E+00 2.326039E-03
6.715881E+00 1.436434E+00 2.280064E-03
6.707079E+00 1.437059E+00 2.234238E-03
6.698301E+00 1.437683E+00 2.188804E-03
6.689540E+00 1.438304E+00 2.143985E-03
6.680808E+00 1.438924E+00 2.099973E-03
6.672098E+00 1.439541E+00 2.056934E-03
6.663410E+00 1.440157E+00 2.015000E-03
6.654746E+00 1.440770E+00 1.974273E-03
6.646104E+00 1.441380E+00 1.934825E-03
6.637484E+00 1.441988E+00 1.896696E-03
6.628886E+00 1.442593E+00 1.859902E-03
6.620311E+00 1.443195E+00 1.824433E-03
6.611758E+00 1.443794E+00 1.790261E-03
6.603227E+00 1.444390E+00 1.757339E-03
6.594718E+00 1.444983E+00 1.725606E-03
6.586231E+00 1.445573E+00 1.694993E-03
6.577762E+00 1.446159E+00 1.665423E-03
6.569318E+00 1.446741E+00 1.636816E-03
6.560896E+00 1.447321E+00 1.609089E-03
6.552496E+00 1.447897E+00 1.582161E-03
6.544117E+00 1.448469E+00 1.555954E-03
6.535760E+00 1.449038E+00 1.530392E-03
6.527424E+00 1.449604E+00 1.505408E-03
6.519109E+00 1.450166E+00 1.480935E-03
6.510815E+00 1.450725E+00 1.456918E-03
6.502542E+00 1.451280E+00 1.433304E-03
6.494291E+00 1.451833E+00 1.410047E-03
6.486060E+00 1.452382E+00 1.387109E-03
6.477846E+00 1.452928E+00 1.364455E-03
6.469657E+00 1.453471E+00 1.342057E-03
6.461489E+00 1.454011E+00 1.319890E-03
6.453341E+00 1.454548E+00 1.297937E-03
6.445213E+00 1.455081E+00 1.276179E-03
6.437107E+00 1.455612E+00 1.254607E-03
6.429020E+00 1.456140E+00 1.233210E-03
6.420954E+00 1.456666E+00 1.211982E-03
6.412908E+00 1.457188E+00 1.190919E-03
6.404882E+00 1.457708E+00 1.170018E-03
6.396876E+00 1.458225E+00 1.149278E-03
6.388890E+00 1.458739E+00 1.128701E-03
6.380925E+00 1.459251E+00 1.108289E-03
6.372975E+00 1.459760E+00 1.088044E-03
6.365048E+00 1.460266E+00 1.067971E-03
6.357142E+00 1.460770E+00 1.048075E-03
6.349255E+00 1.461272E+00 1.028359E-03
6.341387E+00 1.461771E+00 1.008832E-03
6.333539E+00 1.462268E+00 9.894978E-04
6.325711E+00 1.462762E+00 9.703643E-04
6.317902E+00 1.463254E+00 9.514380E-04
6.310112E+00 1.463743E+00 9.327260E-04
6.302341E+00 1.464230E+00 9.142356E-04
6.294589E+00 1.464715E+00 8.959740E-04
6.286857E+00 1.465198E+00 8.779485E-04
6.279143E+00 1.465678E+00 8.601667E-04
6.271444E+00 1.466157E+00 8.426358E-04
6.263769E+00 1.466633E+00 8.253634E-04
6.256111E+00 1.467107E+00 8.083569E-04
6.248473E+00 1.467579E+00 7.916242E-04
6.240853E+00 1.468048E+00 7.751735E-04
6.233252E+00 1.468516E+00 7.590134E-04
6.225669E+00 1.468982E+00 7.431539E-04
6.218105E+00 1.469446E+00 7.276064E-04
6.210559E+00 1.469907E+00 7.123845E-04
6.203031E+00 1.470367E+00 6.975054E-04
6.195522E+00 1.470825E+00 6.829907E-04
6.188031E+00 1.471282E+00 6.688683E-04
6.180554E+00 1.471736E+00 6.551740E-04
6.173099E+00 1.472190E+00 6.419546E-04
6.165661E+00 1.472641E+00 6.292696E-04
6.158242E+00 1.473091E+00 6.171949E-04
6.150841E+00 1.473540E+00 6.058257E-04
6.143457E+00 1.473987E+00 5.952793E-04
6.136091E+00 1.474433E+00 5.856980E-04
6.128743E+00 1.474877E+00 5.772509E-04
6.121412E+00 1.475321E+00 5.701348E-04
6.114099E+00 1.475763E+00 5.645730E-04
6.106803E+00 1.476204E+00 5.608125E-04
6.099525E+00 1.476643E+00 5.591179E-04
6.092264E+00 1.477081E+00 5.597628E-04
6.085016E+00 1.477517E+00 5.630176E-04
6.077790E+00 1.477951E+00 5.691347E-04
6.070580E+00 1.478382E+00 5.783298E-04
6.063388E+00 1.478811E+00 5.907625E-04
6.056213E+00 1.479236E+00 6.065153E-04
6.049054E+00 1.479657E+00 6.255723E-04
6.041913E+00 1.480074E+00 6.478011E-04
6.034788E+00 1.480485E+00 6.729379E-04
6.027680E+00 1.480890E+00 7.005780E-04
6.020589E+00 1.481289E+00 7.301734E-04
6.013515E+00 1.481681E+00 7.610389E-04
6.006457E+00 1.482066E+00 7.923673E-04
5.999412E+00 1.482443E+00 8.232528E-04
5.992387E+00 1.482813E+00 8.527242E-04
5.985379E+00 1.483176E+00 8.797845E-04
5.978387E+00 1.483531E+00 9.034563E-04
5.971411E+00 1.483881E+00 9.228296E-04
5.964452E+00 1.484225E+00 9.371094E-04
5.957509E+00 1.484564E+00 9.456603E-04
5.950582E+00 1.484900E+00 9.480432E-04
5.943671E+00 1.485234E+00 9.440431E-04
5.936776E+00 1.485566E+00 9.336837E-04
5.929897E+00 1.485899E+00 9.172285E-04
5.923034E+00 1.486232E+00 8.951671E-04
5.916187E+00 1.486567E+00 8.681876E-04
5.909352E+00 1.486906E+00 8.371380E-04
5.902536E+00 1.487247E+00 8.029779E-04
5.895736E+00 1.487592E+00 7.667262E-04
5.888952E+00 1.487941E+00 7.294075E-04
5.882183E+00 1.488293E+00 6.920023E-04
5.875430E+00 1.488649E+00 6.554035E-04
5.868693E+00 1.489008E+00 6.203831E-04
5.861971E+00 1.489368E+00 5.875688E-04
5.855264E+00 1.489731E+00 5.574332E-04
5.848572E+00 1.490095E+00 5.302921E-04
5.841896E+00 1.490459E+00 5.063135E-04
5.835235E+00 1.490822E+00 4.855324E-04
5.828589E+00 1.491185E+00 4.678717E-04
5.821955E+00 1.491547E+00 4.531643E-04
5.815340E+00 1.491907E+00 4.411773E-04
5.808739E+00 1.492265E+00 4.316341E-04
5.802154E+00 1.492620E+00 4.242347E-04
5.795583E+00 1.492974E+00 4.186727E-04
5.789027E+00 1.493324E+00 4.146491E-04
5.782486E+00 1.493672E+00 4.118829E-04
5.775960E+00 1.494017E+00 4.101179E-04
5.769448E+00 1.494360E+00 4.091274E-04
5.762951E+00 1.494700E+00 4.087161E-04
5.756469E+00 1.495038E+00 4.087208E-04
5.750001E+00 1.495374E+00 4.090093E-04
5.743545E+00 1.495707E+00 4.094787E-04
5.737106E+00 1.496038E+00 4.100531E-04
5.730682E+00 1.496367E+00 4.106812E-04
5.724272E+00 1.496695E+00 4.113333E-04
5.717877E+00 1.497020E+00 4.119989E-04
5.711495E+00 1.497344E+00 4.126839E-04
5.705128E+00 1.497666E+00 4.134080E-04
5.698775E+00 1.497986E+00 4.142018E-04
5.692437E+00 1.498305E+00 4.151044E-04
5.686112E+00 1.498623E+00 4.161603E-04
5.679801E+00 1.498939E+00 4.174173E-04
5.673505E+00 1.499253E+00 4.189233E-04
5.667222E+00 1.499566E+00 4.207242E-04
5.660950E+00 1.499878E+00 4.228608E-04
5.654695E+00 1.500188E+00 4.253673E-04
5.648454E+00 1.500496E+00 4.282690E-04
5.642226E+00 1.500803E+00 4.315805E-04
5.636013E+00 1.501109E+00 4.353053E-04
5.629813E+00 1.501412E+00 4.394343E-04
5.623626E+00 1.501714E+00 4.439463E-04
5.617454E+00 1.502014E+00 4.488079E-04
5.611294E+00 1.502312E+00 4.539747E-04
5.605149E+00 1.502608E+00 4.593923E-04
5.599016E+00 1.502902E+00 4.649980E-04
5.592897E+00 1.503194E+00 4.707227E-04
5.586792E+00 1.503485E+00 4.764931E-04
5.580697E+00 1.503773E+00 4.822337E-04
5.574618E+00 1.504059E+00 4.878690E-04
5.568552E+00 1.504344E+00 4.933255E-04
5.562499E+00 1.504627E+00 4.985336E-04
5.556460E+00 1.504907E+00 5.034291E-04
5.550434E+00 1.505186E+00 5.079545E-04
5.544421E+00 1.505464E+00 5.120599E-04
5.538420E+00 1.505739E+00 5.157037E-04
5.532433E+00 1.506013E+00 5.188526E-04
5.526459E+00 1.506286E+00 5.214818E-04
5.520497E+00 1.506557E+00 5.235745E-04
5.514549E+00 1.506826E+00 5.251214E-04
5.508610E+00 1.507094E+00 5.261201E-04
5.502687E+00 1.507361E+00 5.265741E-04
5.496777E+00 1.507627E+00 5.264917E-04
5.490879E+00 1.507892E+00 5.258857E-04
5.484994E+00 1.508155E+00 5.247719E-04
5.479122E+00 1.508417E+00 5.231685E-04
5.473262E+00 1.508679E+00 5.210955E-04
5.467415E+00 1.508939E+00 5.185736E-04
5.461580E+00 1.509198E+00 5.156243E-04
5.455758E+00 1.509456E+00 5.122690E-04
5.449948E+00 1.509714E+00 5.085287E-04
5.444150E+00 1.509971E+00 5.044242E-04
5.438365E+00 1.510226E+00 4.999756E-04
5.432589E+00 1.510481E+00 4.952025E-04
5.426828E+00 1.510735E+00 4.901239E-04
5.421080E+00 1.510988E+00 4.847585E-04
5.415343E+00 1.511241E+00 4.791250E-04
5.409619E+00 1.511493E+00 4.732420E-04
5.403907E+00 1.511744E+00 4.671287E-04
5.398207E+00 1.511994E+00 4.608049E-04
5.392519E+00 1.512244E+00 4.542919E-04
5.386843E+00 1.512493E+00 4.476126E-04
5.381178E+00 1.512741E+00 4.407920E-04
5.375526E+00 1.512989E+00 4.338582E-04
5.369886E+00 1.513236E+00 4.268425E-04
5.364257E+00 1.513483E+00 4.197806E-04
5.358638E+00 1.513729E+00 4.127125E-04
5.353032E+00 1.513974E+00 4.056838E-04
5.347439E+00 1.514219E+00 3.987455E-04
5.341858E+00 1.514464E+00 3.919547E-04
5.336288E+00 1.514708E+00 3.853747E-04
5.330729E+00 1.514952E+00 3.790745E-04
5.325182E+00 1.515195E+00 3.731285E-04
5.319647E+00 1.515438E+00 3.676152E-04
5.314123E+00 1.515680E+00 3.626159E-04
5.308611E+00 1.515922E+00 3.582121E-04
5.303110E+00 1.516163E+00 3.544837E-04
5.297620E+00 1.516403E+00 3.515049E-04
5.292139E+00 1.516643E+00 3.493411E-04
5.286672E+00 1.516881E+00 3.480448E-04
5.281217E+00 1.517119E+00 3.476513E-04
5.275773E+00 1.517355E+00 3.481748E-04
5.270339E+00 1.517590E+00 3.496042E-04
5.264917E+00 1.517823E+00 3.519000E-04
5.259507E+00 1.518055E+00 3.549917E-04
5.254107E+00 1.518285E+00 3.587764E-04
5.248718E+00 1.518513E+00 3.631188E-04
5.243341E+00 1.518739E+00 3.678523E-04
5.237974E+00 1.518962E+00 3.727822E-04
5.232619E+00 1.519184E+00 3.776905E-04
5.227274E+00 1.519403E+00 3.823416E-04
5.221938E+00 1.519620E+00 3.864901E-04
5.216615E+00 1.519834E+00 3.898894E-04
5.211303E+00 1.520047E+00 3.923009E-04
5.206001E+00 1.520257E+00 3.935033E-04
5.200711E+00 1.520466E+00 3.933024E-04
5.195431E+00 1.520673E+00 3.915391E-04
5.190162E+00 1.520879E+00 3.880970E-04
5.184904E+00 1.521085E+00 3.829075E-04
5.179656E+00 1.521289E+00 3.759537E-04
5.174419E+00 1.521493E+00 3.672711E-04
5.169193E+00 1.521697E+00 3.569468E-04
5.163977E+00 1.521901E+00 3.451151E-04
5.158769E+00 1.522105E+00 3.319525E-04
5.153574E+00 1.522310E+00 3.176692E-04
5.148389E+00 1.522516E+00 3.025009E-04
5.143215E+00 1.522722E+00 2.866982E-04
5.138052E+00 1.522930E+00 2.705174E-04
5.132898E+00 1.523138E+00 2.542101E-04
5.127755E+00 1.523347E+00 2.380148E-04
5.122623E+00 1.523556E+00 2.221492E-04
5.117500E+00 1.523767E+00 2.068043E-04
5.112388E+00 1.523977E+00 1.921404E-04
5.107286E+00 1.524188E+00 1.782848E-04
5.102194E+00 1.524400E+00 1.653307E-04
5.097113E+00 1.524611E+00 1.533387E-04
5.092039E+00 1.524822E+00 1.423391E-04
5.086977E+00 1.525032E+00 1.323347E-04
5.081926E+00 1.525243E+00 1.233051E-04
5.076884E+00 1.525452E+00 1.152108E-04
5.071853E+00 1.525661E+00 1.079980E-04
5.066832E+00 1.525869E+00 1.016024E-04
5.061820E+00 1.526076E+00 9.595321E-05
5.056818E+00 1.526283E+00 9.097686E-05
5.051827E+00 1.526488E+00 8.659964E-05
5.046845E+00 1.526692E+00 8.275006E-05
5.041873E+00 1.526896E+00 7.936064E-05
5.036910E+00 1.527098E+00 7.636906E-05
5.031958E+00 1.527300E+00 7.371889E-05
5.027013E+00 1.527500E+00 7.135995E-05
5.022080E+00 1.527699E+00 6.924824E-05
5.017156E+00 1.527898E+00 6.734578E-05
5.012242E+00 1.528095E+00 6.562013E-05
5.007338E+00 1.528292E+00 6.404388E-05
5.002444E+00 1.528488E+00 6.259412E-05
4.997559E+00 1.528682E+00 6.125178E-05
4.992683E+00 1.528876E+00 6.000110E-05
4.987817E+00 1.529069E+00 5.882909E-05
4.982961E+00 1.529261E+00 5.772506E-05
4.978114E+00 1.529453E+00 5.668017E-05
4.973276E+00 1.529643E+00 5.568710E-05
4.968445E+00 1.529833E+00 5.473975E-05
4.963627E+00 1.530022E+00 5.383297E-05
4.958817E+00 1.530210E+00 5.296238E-05
4.954017E+00 1.530397E+00 5.212423E-05
4.949226E+00 1.530584E+00 5.131523E-05
4.944444E+00 1.530770E+00 5.053252E-05
4.939672E+00 1.530955E+00 4.977352E-05
4.934909E+00 1.531139E+00 4.903595E-05
4.930155E+00 1.531323E+00 4.831776E-05
4.925410E+00 1.531506E+00 4.761707E-05
4.920674E+00 1.531688E+00 4.693220E-05
4.915947E+00 1.531870E+00 4.626163E-05
4.911230E+00 1.532051E+00 4.560397E-05
4.906519E+00 1.532231E+00 4.495798E-05
4.901819E+00 1.532410E+00 4.432255E-05
4.897128E+00 1.532589E+00 4.369669E-05
4.892447E+00 1.532767E+00 4.307952E-05
4.887774E+00 1.532945E+00 4.247028E-05
4.883111E+00 1.533122E+00 4.186833E-05
4.878456E+00 1.533298E+00 4.127312E-05
4.873810E+00 1.533473E+00 4.068421E-05
4.869173E+00 1.533648E+00 4.010126E-05
4.864544E+00 1.533822E+00 3.952402E-05
4.859925E+00 1.533996E+00 3.895233E-05
4.855314E+00 1.534169E+00 3.838616E-05
4.850712E+00 1.534341E+00 3.782553E-05
4.846116E+00 1.534513E+00 3.727056E-05
4.841532E+00 1.534684E+00 3.672147E-05
4.836956E+00 1.534855E+00 3.617856E-05
4.832389E+00 1.535025E+00 3.564223E-05
4.827830E+00 1.535194E+00 3.511295E-05
4.823280E+00 1.535363E+00 3.459130E-05
4.818738E+00 1.535531E+00 3.407791E-05
4.814205E+00 1.535699E+00 3.357354E-05
4.809681E+00 1.535866E+00 3.307902E-05
4.805165E+00 1.536032E+00 3.259525E-05
4.800657E+00 1.536198E+00 3.212324E-05
4.796158E+00 1.536363E+00 3.166407E-05
4.791666E+00 1.536528E+00 3.121890E-05
4.787183E+00 1.536692E+00 3.078897E-05
4.782710E+00 1.536856E+00 3.037559E-05
4.778244E+00 1.537019E+00 2.998014E-05
4.773787E+00 1.537181E+00 2.960405E-05
4.769338E+00 1.537343E+00 2.924878E-05
4.764898E+00 1.537505E+00 2.891586E-05
4.760465E+00 1.537665E+00 2.860681E-05
4.756041E+00 1.537826E+00 2.832316E-05
4.751625E+00 1.537985E+00 2.806643E-05
4.747218E+00 1.538145E+00 2.783809E-05
4.742818E+00 1.538303E+00 2.763957E-05
4.738427E+00 1.538461E+00 2.747219E-05
4.734042E+00 1.538619E+00 2.733717E-05
4.729666E+00 1.538776E+00 2.723559E-05
4.725299E+00 1.538933E+00 2.716834E-05
4.720940E+00 1.539089E+00 2.713613E-05
4.716590E+00 1.539244E+00 2.713942E-05
4.712247E+00 1.539399E+00 2.717842E-05
4.707912E+00 1.539553E+00 2.725303E-05
4.703585E+00 1.539707E+00 2.736285E-05
4.699266E+00 1.539861E+00 2.750713E-05
4.694955E+00 1.540013E+00 2.768476E-05
4.690652E+00 1.540166E+00 2.789424E-05
4.686356E+00 1.540317E+00 2.813370E-05
4.682067E+00 1.540468E+00 2.840085E-05
4.677787E+00 1.540619E+00 2.869302E-05
4.673515E+00 1.540769E+00 2.900717E-05
4.669251E+00 1.540919E+00 2.933986E-05
4.664995E+00 1.541068E+00 2.968731E-05
4.660747E+00 1.541216E+00 3.004543E-05
4.656506E+00 1.541364E+00 3.040985E-05
4.652273E+00 1.541511E+00 3.077595E-05
4.648048E+00 1.541658E+00 3.113894E-05
4.643830E+00 1.541804E+00 3.149388E-05
4.639620E+00 1.541950E+00 3.183578E-05
4.635417E+00 1.542095E+00 3.215965E-05
4.631223E+00 1.542240E+00 3.246056E-05
4.627033E+00 1.542384E+00 3.273373E-05
4.622854E+00 1.542528E+00 3.297456E-05
4.618682E+00 1.542671E+00 3.317875E-05
4.614517E+00 1.542814E+00 3.334234E-05
4.610360E+00 1.542956E+00 3.346177E-05
4.606210E+00 1.543097E+00 3.353393E-05
4.602068E+00 1.543239E+00 3.355625E-05
4.597934E+00 1.543379E+00 3.352666E-05
4.593806E+00 1.543520E+00 3.344372E-05
4.589687E+00 1.543659E+00 3.330657E-05
4.585574E+00 1.543799E+00 3.311497E-05
4.581469E+00 1.543938E+00 3.286930E-05
4.577371E+00 1.544076E+00 3.257054E-05
4.573279E+00 1.544214E+00 3.222027E-05
4.569196E+00 1.544352E+00 3.182062E-05
4.565120E+00 1.544489E+00 3.137424E-05
4.561051E+00 1.544625E+00 3.088427E-05
4.556990E+00 1.544762E+00 3.035425E-05
4.552936E+00 1.544898E+00 2.978807E-05
4.548889E+00 1.545033E+00 2.918995E-05
4.544849E+00 1.545169E+00 2.856431E-05
4.540817E+00 1.545303E+00 2.791573E-05
4.536791E+00 1.545438E+00 2.724888E-05
4.532773E+00 1.545572E+00 2.656845E-05
4.528762E+00 1.545705E+00 2.587907E-05
4.524756E+00 1.545839E+00 2.518529E-05
4.520759E+00 1.545971E+00 2.449146E-05
4.516769E+00 1.546104E+00 2.380173E-05
4.512786E+00 1.546236E+00 2.312000E-05
4.508810E+00 1.546368E+00 2.244984E-05
4.504841E+00 1.546499E+00 2.179452E-05
4.500879E+00 1.546630E+00 2.115694E-05
4.496925E+00 1.546761E+00 2.053963E-05
4.492977E+00 1.546891E+00 1.994475E-05
4.489036E+00 1.547021E+00 1.937409E-05
4.485101E+00 1.547151E+00 1.882908E-05
4.481174E+00 1.547280E+00 1.831080E-05
4.477254E+00 1.547409E+00 1.782002E-05
4.473338E+00 1.547537E+00 1.735734E-05
4.469432E+00 1.547665E+00 1.692326E-05
4.465532E+00 1.547793E+00 1.651849E-05
4.461639E+00 1.547920E+00 1.614435E-05
4.457752E+00 1.548047E+00 1.580334E-05
4.453873E+00 1.548173E+00 1.549988E-05
4.450000E+00 1.548299E+00 1.524106E-05
4.446134E+00 1.548425E+00 1.503709E-05
4.442275E+00 1.548551E+00 1.490088E-05
4.438422E+00 1.548676E+00 1.484644E-05
4.434576E+00 1.548800E+00 1.488550E-05
4.430737E+00 1.548924E+00 1.502280E-05
4.426904E+00 1.549048E+00 1.525085E-05
4.423076E+00 1.549171E+00 1.554597E-05
4.419257E+00 1.549294E+00 1.586761E-05
4.415444E+00 1.549416E+00 1.616241E-05
4.411638E+00 1.549538E+00 1.637304E-05
4.407838E+00 1.549659E+00 1.645000E-05
4.404045E+00 1.549780E+00 1.636300E-05
4.400258E+00 1.549900E+00 1.610827E-05
4.396478E+00 1.550021E+00 1.570926E-05
4.392704E+00 1.550141E+00 1.521052E-05
4.388937E+00 1.550260E+00 1.466681E-05
4.385176E+00 1.550380E+00 1.413113E-05
4.381422E+00 1.550499E+00 1.364504E-05
4.377672E+00 1.550618E+00 1.323365E-05
4.373931E+00 1.550736E+00 1.290549E-05
4.370196E+00 1.550855E+00 1.265597E-05
4.366467E+00 1.550973E+00 1.247257E-05
4.362745E+00 1.551090E+00 1.233977E-05
4.359029E+00 1.551207E+00 1.224272E-05
4.355319E+00 1.551324E+00 1.216925E-05
4.351616E+00 1.551441E+00 1.211041E-05
4.347919E+00 1.551557E+00 1.206026E-05
4.344228E+00 1.551672E+00 1.201510E-05
4.340543E+00 1.551788E+00 1.197281E-05
4.336865E+00 1.551903E+00 1.193224E-05
4.333193E+00 1.552017E+00 1.189275E-05
4.329525E+00 1.552131E+00 1.185403E-05
4.325866E+00 1.552245E+00 1.181590E-05
4.322212E+00 1.552359E+00 1.177824E-05
4.318565E+00 1.552472E+00 1.174099E-05
4.314924E+00 1.552585E+00 1.170410E-05
4.311289E+00 1.552698E+00 1.166751E-05
4.307660E+00 1.552810E+00 1.163120E-05
4.304037E+00 1.552922E+00 1.159515E-05
4.300420E+00 1.553033E+00 1.155932E-05
4.296810E+00 1.553145E+00 1.152370E-05
4.293205E+00 1.553256E+00 1.148827E-05
4.289607E+00 1.553366E+00 1.145303E-05
4.286014E+00 1.553476E+00 1.141796E-05
4.282426E+00 1.553586E+00 1.138305E-05
4.278846E+00 1.553696E+00 1.134829E-05
4.275271E+00 1.553805E+00 1.131369E-05
4.271702E+00 1.553914E+00 1.127923E-05
4.268140E+00 1.554023E+00 1.124491E-05
4.264583E+00 1.554131E+00 1.121073E-05
4.261033E+00 1.554239E+00 1.117668E-05
4.257488E+00 1.554347E+00 1.114277E-05
4.253949E+00 1.554455E+00 1.110898E-05
4.250416E+00 1.554562E+00 1.107532E-05
4.246889E+00 1.554668E+00 1.104179E-05
4.243367E+00 1.554775E+00 1.100839E-05
4.239850E+00 1.554881E+00 1.097510E-05
4.236340E+00 1.554987E+00 1.094194E-05
4.232836E+00 1.555093E+00 1.090890E-05
4.229338E+00 1.555198E+00 1.087598E-05
4.225846E+00 1.555303E+00 1.084318E-05
4.222360E+00 1.555407E+00 1.081050E-05
4.218879E+00 1.555512E+00 1.077793E-05
4.215404E+00 1.555616E+00 1.074548E-05
4.211934E+00 1.555720E+00 1.071314E-05
4.208471E+00 1.555823E+00 1.068092E-05
4.205013E+00 1.555926E+00 1.064881E-05
4.201561E+00 1.556029E+00 1.061681E-05
4.198114E+00 1.556132E+00 1.058493E-05
4.194671E+00 1.556234E+00 1.055316E-05
4.191236E+00 1.556336E+00 1.052149E-05
4.187806E+00 1.556438E+00 1.048994E-05
4.184382E+00 1.556539E+00 1.045850E-05
4.180964E+00 1.556641E+00 1.042716E-05
4.177551E+00 1.556741E+00 1.039594E-05
4.174144E+00 1.556842E+00 1.036484E-05
4.170742E+00 1.556942E+00 1.033385E-05
4.167346E+00 1.557043E+00 1.030298E-05
4.163955E+00 1.557142E+00 1.027226E-05
4.160570E+00 1.557242E+00 1.024170E-05
4.157190E+00 1.557341E+00 1.021133E-05
4.153814E+00 1.557440E+00 1.018121E-05
4.150445E+00 1.557539E+00 1.015141E-05
4.147082E+00 1.557637E+00 1.012204E-05
4.143724E+00 1.557735E+00 1.009327E-05
4.140372E+00 1.557833E+00 1.006535E-05
4.137025E+00 1.557931E+00 1.003861E-05
4.133683E+00 1.558028E+00 1.001353E-05
4.130347E+00 1.558125E+00 9.990790E-06
4.127016E+00 1.558222E+00 9.971287E-06
4.123691E+00 1.558319E+00 9.956243E-06
4.120371E+00 1.558415E+00 9.947267E-06
4.117056E+00 1.558511E+00 9.946455E-06
4.113747E+00 1.558607E+00 9.956491E-06
4.110441E+00 1.558703E+00 9.980754E-06
4.107142E+00 1.558798E+00 1.002342E-05
4.103849E+00 1.558894E+00 1.008958E-05
4.100561E+00 1.558989E+00 1.018527E-05
4.097278E+00 1.559083E+00 1.031756E-05
4.094000E+00 1.559178E+00 1.049452E-05
4.090727E+00 1.559272E+00 1.072513E-05
4.087460E+00 1.559366E+00 1.101915E-05
4.084198E+00 1.559460E+00 1.138681E-05
4.080941E+00 1.559554E+00 1.183848E-05
4.077690E+00 1.559647E+00 1.238415E-05
4.074443E+00 1.559740E+00 1.303286E-05
4.071202E+00 1.559833E+00 1.379200E-05
4.067964E+00 1.559925E+00 1.466659E-05
4.064733E+00 1.560017E+00 1.565848E-05
4.061507E+00 1.560109E+00 1.676562E-05
4.058287E+00 1.560201E+00 1.798142E-05
4.055071E+00 1.560292E+00 1.929423E-05
4.051861E+00 1.560382E+00 2.068706E-05
4.048655E+00 1.560473E+00 2.213756E-05
4.045455E+00 1.560563E+00 2.361833E-05
4.042259E+00 1.560652E+00 2.509753E-05
4.039069E+00 1.560741E+00 2.653987E-05
4.035884E+00 1.560829E+00 2.790786E-05
4.032704E+00 1.560917E+00 2.916334E-05
4.029527E+00 1.561005E+00 3.026921E-05
4.026357E+00 1.561092E+00 3.119113E-05
4.023191E+00 1.561179E+00 3.189930E-05
4.020031E+00 1.561265E+00 3.236997E-05
4.016876E+00 1.561351E+00 3.258673E-05
4.013725E+00 1.561437E+00 3.254142E-05
4.010580E+00 1.561523E+00 3.223459E-05
4.007439E+00 1.561609E+00 3.167545E-05
4.004304E+00 1.561694E+00 3.088144E-05
4.001173E+00 1.561779E+00 2.987720E-05
3.998047E+00 1.561865E+00 2.869335E-05
3.994926E+00 1.561950E+00 2.736483E-05
3.991810E+00 1.562035E+00 2.592919E-05
3.988698E+00 1.562120E+00 2.442482E-05
3.985591E+00 1.562205E+00 2.288921E-05
3.982490E+00 1.562291E+00 2.135746E-05
3.979393E+00 1.562376E+00 1.986102E-05
3.976301E+00 1.562461E+00 1.842676E-05
3.973214E+00 1.562546E+00 1.707636E-05
3.970132E+00 1.562631E+00 1.582613E-05
3.967054E+00 1.562716E+00 1.468700E-05
3.963982E+00 1.562800E+00 1.366494E-05
3.960914E+00 1.562885E+00 1.276143E-05
3.957850E+00 1.562969E+00 1.197423E-05
3.954792E+00 1.563053E+00 1.129807E-05
3.951738E+00 1.563137E+00 1.072550E-05
3.948688E+00 1.563221E+00 1.024760E-05
3.945643E+00 1.563305E+00 9.854687E-06
3.942604E+00 1.563388E+00 9.536868E-06
3.939569E+00 1.563471E+00 9.284547E-06
3.936538E+00 1.563554E+00 9.088763E-06
3.933513E+00 1.563636E+00 8.941434E-06
3.930492E+00 1.563719E+00 8.835513E-06
3.927475E+00 1.563801E+00 8.765046E-06
3.924463E+00 1.563883E+00 8.725166E-06
3.921456E+00 1.563964E+00 8.712038E-06
3.918454E+00 1.564046E+00 8.722764E-06
3.915456E+00 1.564127E+00 8.755265E-06
3.912461E+00 1.564208E+00 8.808156E-06
3.909472E+00 1.564288E+00 8.880608E-06
3.906488E+00 1.564369E+00 8.972218E-06
3.903508E+00 1.564449E+00 9.082882E-06
3.900533E+00 1.564529E+00 9.212679E-06
3.897563E+00 1.564609E+00 9.361760E-06
3.894597E+00 1.564688E+00 9.530247E-06
3.891635E+00 1.564768E+00 9.718148E-06
3.888678E+00 1.564847E+00 9.925277E-06
3.885725E+00 1.564926E+00 1.015118E-05
3.882777E+00 1.565005E+00 1.039510E-05
3.879834E+00 1.565083E+00 1.065589E-05
3.876895E+00 1.565161E+00 1.093201E-05
3.873958E+00 1.565239E+00 1.122152E-05
3.871028E+00 1.565317E+00 1.152203E-05
3.868102E+00 1.565395E+00 1.183073E-05
3.865181E+00 1.565472E+00 1.214443E-05
3.862264E+00 1.565549E+00 1.245956E-05
3.859351E+00 1.565626E+00 1.277227E-05
3.856443E+00 1.565702E+00 1.307843E-05
3.853539E+00 1.565779E+00 1.337378E-05
3.850640E+00 1.565855E+00 1.365398E-05
3.847745E+00 1.565931E+00 1.391470E-05
3.844854E+00 1.566007E+00 1.415173E-05
3.841968E+00 1.566082E+00 1.436110E-05
3.839085E+00 1.566157E+00 1.453916E-05
3.836206E+00 1.566232E+00 1.468268E-05
3.833333E+00 1.566307E+00 1.478894E-05
3.830464E+00 1.566382E+00 1.485580E-05
3.827599E+00 1.566456E+00 1.488178E-05
3.824738E+00 1.566530E+00 1.486605E-05
3.821882E+00 1.566604E+00 1.480853E-05
3.819030E+00 1.566678E+00 1.470980E-05
3.816182E+00 1.566752E+00 1.457119E-05
3.813339E+00 1.566826E+00 1.439464E-05
3.810499E+00 1.566899E+00 1.418271E-05
3.807664E+00 1.566972E+00 1.393850E-05
3.804833E+00 1.567045E+00 1.366556E-05
3.802005E+00 1.567118E+00 1.336777E-05
3.799183E+00 1.567191E+00 1.304930E-05
3.796365E+00 1.567263E+00 1.271445E-05
3.793550E+00 1.567336E+00 1.236758E-05
3.790741E+00 1.567408E+00 1.201299E-05
3.787935E+00 1.567480E+00 1.165485E-05
3.785133E+00 1.567552E+00 1.129711E-05
3.782336E+00 1.567624E+00 1.094341E-05
3.779542E+00 1.567696E+00 1.059705E-05
3.776753E+00 1.567767E+00 1.026094E-05
3.773968E+00 1.567839E+00 9.937567E-06
3.771187E+00 1.567910E+00 9.628969E-06
3.768410E+00 1.567981E+00 9.336750E-06
3.765636E+00 1.568052E+00 9.062087E-06
3.762867E+00 1.568123E+00 8.805744E-06
3.760102E+00 1.568193E+00 8.568108E-06
3.757342E+00 1.568264E+00 8.349219E-06
3.754585E+00 1.568334E+00 8.148818E-06
3.751833E+00 1.568404E+00 7.966385E-06
3.749084E+00 1.568474E+00 7.801186E-06
3.746340E+00 1.568544E+00 7.652320E-06
3.743599E+00 1.568613E+00 7.518757E-06
3.740863E+00 1.568683E+00 7.399382E-06
3.738131E+00 1.568752E+00 7.293031E-06
3.735402E+00 1.568821E+00 7.198520E-06
3.732676E+00 1.568890E+00 7.114676E-06
3.729956E+00 1.568959E+00 7.040359E-06
3.727239E+00 1.569027E+00 6.974476E-06
3.724527E+00 1.569096E+00 6.916002E-06
3.721818E+00 1.569164E+00 6.863982E-06
3.719113E+00 1.569232E+00 6.817544E-06
3.716412E+00 1.569300E+00 6.775895E-06
3.713716E+00 1.569368E+00 6.738326E-06
3.711023E+00 1.569435E+00 6.704210E-06
3.708334E+00 1.569503E+00 6.672995E-06
3.705648E+00 1.569570E+00 6.644202E-06
3.702967E+00 1.569637E+00 6.617418E-06
3.700290E+00 1.569704E+00 6.592291E-06
3.697615E+00 1.569770E+00 6.568524E-06
3.694945E+00 1.569837E+00 6.545867E-06
3.692280E+00 1.569903E+00 6.524112E-06
3.689618E+00 1.569970E+00 6.503088E-06
3.686959E+00 1.570036E+00 6.482654E-06
3.684305E+00 1.570102E+00 6.462695E-06
3.681655E+00 1.570167E+00 6.443121E-06
3.679008E+00 1.570233E+00 6.423857E-06
3.676365E+00 1.570298E+00 6.404844E-06
3.673726E+00 1.570364E+00 6.386037E-06
3.671091E+00 1.570429E+00 6.367399E-06
3.668459E+00 1.570494E+00 6.348902E-06
3.665832E+00 1.570559E+00 6.330524E-06
3.663206E+00 1.570623E+00 6.312249E-06
3.660586E+00 1.570688E+00 6.294063E-06
3.657970E+00 1.570752E+00 6.275956E-06
3.655357E+00 1.570816E+00 6.257923E-06
3.652748E+00 1.570880E+00 6.239956E-06
3.650143E+00 1.570944E+00 6.222051E-06
3.647541E+00 1.571008E+00 6.204207E-06
3.644943E+00 1.571071E+00 6.186419E-06
3.642349E+00 1.571135E+00 6.168687E-06
3.639759E+00 1.571198E+00 6.151009E-06
3.637172E+00 1.571261E+00 6.133384E-06
3.634589E+00 1.571324E+00 6.115812E-06
3.632008E+00 1.571387E+00 6.098291E-06
3.629432E+00 1.571450E+00 6.080821E-06
3.626860E+00 1.571512E+00 6.063402E-06
3.624291E+00 1.571575E+00 6.046034E-06
3.621727E+00 1.571637E+00 6.028716E-06
3.619165E+00 1.571699E+00 6.011448E-06
3.616608E+00 1.571761E+00 5.994229E-06
3.614054E+00 1.571823E+00 5.977060E-06
3.611503E+00 1.571884E+00 5.959940E-06
3.608957E+00 1.571946E+00 5.942870E-06
3.606413E+00 1.572007E+00 5.925848E-06
3.603874E+00 1.572068E+00 5.908875E-06
3.601338E+00 1.572129E+00 5.891950E-06
3.598804E+00 1.572190E+00 5.875073E-06
3.596275E+00 1.572251E+00 5.858245E-06
3.593750E+00 1.572312E+00 5.841464E-06
3.591228E+00 1.572372E+00 5.824731E-06
3.588709E+00 1.572433E+00 5.808046E-06
3.586195E+00 1.572493E+00 5.791408E-06
3.583683E+00 1.572553E+00 5.774818E-06
3.581176E+00 1.572613E+00 5.758274E-06
3.578672E+00 1.572673E+00 5.741777E-06
3.576171E+00 1.572732E+00 5.725327E-06
3.573674E+00 1.572792E+00 5.708924E-06
3.571180E+00 1.572851E+00 5.692567E-06
3.568690E+00 1.572911E+00 5.676256E-06
3.566202E+00 1.572970E+00 5.659991E-06
3.563718E+00 1.573029E+00 5.643771E-06
3.561238E+00 1.573088E+00 5.627598E-06
3.558762E+00 1.573146E+00 5.611470E-06
3.556289E+00 1.573205E+00 5.595387E-06
3.553819E+00 1.573263E+00 5.579350E-06
3.551353E+00 1.573322E+00 5.563358E-06
3.548891E+00 1.573380E+00 5.547410E-06
3.546431E+00 1.573438E+00 5.531508E-06
3.543975E+00 1.573496E+00 5.515650E-06
3.541523E+00 1.573553E+00 5.499836E-06
3.539074E+00 1.573611E+00 5.484067E-06
3.536627E+00 1.573669E+00 5.468341E-06
3.534185E+00 1.573726E+00 5.452660E-06
3.531746E+00 1.573783E+00 5.437022E-06
3.529310E+00 1.573840E+00 5.421429E-06
3.526878E+00 1.573897E+00 5.405878E-06
3.524449E+00 1.573954E+00 5.390371E-06
3.522023E+00 1.574011E+00 5.374907E-06
3.519601E+00 1.574068E+00 5.359487E-06
3.517182E+00 1.574124E+00 5.344109E-06
3.514767E+00 1.574180E+00 5.328774E-06
3.512355E+00 1.574237E+00 5.313482E-06
3.509946E+00 1.574293E+00 5.298232E-06
3.507540E+00 1.574349E+00 5.283024E-06
3.505136E+00 1.574405E+00 5.267859E-06
3.502737E+00 1.574460E+00 5.252735E-06
3.500342E+00 1.574516E+00 5.237654E-06
3.497949E+00 1.574571E+00 5.222614E-06
3.495560E+00 1.574627E+00 5.207616E-06
3.493174E+00 1.574682E+00 5.192660E-06
3.490791E+00 1.574737E+00 5.177745E-06
3.488412E+00 1.574792E+00 5.162871E-06
3.486036E+00 1.574847E+00 5.148038E-06
3.483663E+00 1.574902E+00 5.133246E-06
3.481293E+00 1.574956E+00 5.118495E-06
3.478926E+00 1.575011E+00 5.103784E-06
3.476563E+00 1.575065E+00 5.089114E-06
3.474202E+00 1.575119E+00 5.074485E-06
3.471845E+00 1.575173E+00 5.059896E-06
3.469491E+00 1.575227E+00 5.045347E-06
3.467141E+00 1.575281E+00 5.030838E-06
3.464793E+00 1.575335E+00 5.016369E-06
3.462449E+00 1.575389E+00 5.001939E-06
3.460108E+00 1.575442E+00 4.987550E-06
3.457770E+00 1.575495E+00 4.973199E-06
3.455436E+00 1.575549E+00 4.958888E-06
3.453104E+00 1.575602E+00 4.944617E-06
3.450776E+00 1.575655E+00 4.930384E-06
3.448451E+00 1.575708E+00 4.916191E-06
3.446127E+00 1.575761E+00 4.902036E-06
3.443808E+00 1.575813E+00 4.887920E-06
3.441493E+00 1.575866E+00 4.873843E-06
3.439180E+00 1.575918E+00 4.859804E-06
3.436870E+00 1.575971E+00 4.845804E-06
3.434564E+00 1.576023E+00 4.831842E-06
3.432260E+00 1.576075E+00 4.817918E-06
3.429960E+00 1.576127E+00 4.804032E-06
3.427663E+00 1.576179E+00 4.790183E-06
3.425368E+00 1.576231E+00 4.776373E-06
3.423077E+00 1.576282E+00 4.762600E-06
3.420789E+00 1.576334E+00 4.748865E-06
3.418504E+00 1.576385E+00 4.735167E-06
3.416221E+00 1.576437E+00 4.721507E-06
3.413942E+00 1.576488E+00 4.707883E-06
3.411666E+00 1.576539E+00 4.694297E-06
3.409393E+00 1.576590E+00 4.680748E-06
3.407124E+00 1.576641E+00 4.667235E-06
3.404857E+00 1.576692E+00 4.653760E-06
3.402593E+00 1.576742E+00 4.640320E-06
3.400332E+00 1.576793E+00 4.626918E-06
3.398075E+00 1.576843E+00 4.613551E-06
3.395820E+00 1.576894E+00 4.600221E-06
3.393568E+00 1.576944E+00 4.586928E-06
3.391319E+00 1.576994E+00 4.573670E-06
3.389072E+00 1.577044E+00 4.560448E-06
3.386829E+00 1.577094E+00 4.547262E-06
3.384590E+00 1.577144E+00 4.534111E-06
3.382353E+00 1.577193E+00 4.520996E-06
3.380119E+00 1.577243E+00 4.507917E-06
3.377888E+00 1.577292E+00 4.494873E-06
3.375660E+00 1.577342E+00 4.481864E-06
3.373434E+00 1.577391E+00 4.468891E-06
3.371212E+00 1.577440E+00 4.455952E-06
3.368993E+00 1.577489E+00 4.443049E-06
3.366777E+00 1.577538E+00 4.430180E-06
3.364563E+00 1.577587E+00 4.417346E-06
3.362353E+00 1.577636E+00 4.404547E-06
3.360144E+00 1.577684E+00 4.391782E-06
3.357939E+00 1.577733E+00 4.379052E-06
3.355737E+00 1.577781E+00 4.366356E-06
3.353538E+00 1.577829E+00 4.353694E-06
3.351342E+00 1.577878E+00 4.341066E-06
3.349149E+00 1.577926E+00 4.328472E-06
3.346959E+00 1.577974E+00 4.315913E-06
3.344771E+00 1.578022E+00 4.303387E-06
3.342587E+00 1.578069E+00 4.290894E-06
3.340405E+00 1.578117E+00 4.278436E-06
3.338226E+00 1.578165E+00 4.266010E-06
3.336050E+00 1.578212E+00 4.253619E-06
3.333877E+00 1.578260E+00 4.241260E-06
3.331705E+00 1.578307E+00 4.228935E-06
3.329538E+00 1.578354E+00 4.216643E-06
3.327373E+00 1.578401E+00 4.204383E-06
3.325211E+00 1.578448E+00 4.192157E-06
3.323052E+00 1.578495E+00 4.179964E-06
3.320895E+00 1.578542E+00 4.167803E-06
3.318742E+00 1.578589E+00 4.155675E-06
3.316591E+00 1.578635E+00 4.143579E-06
3.314443E+00 1.578682E+00 4.131516E-06
3.312298E+00 1.578728E+00 4.119485E-06
3.310156E+00 1.578774E+00 4.107487E-06
3.308016E+00 1.578821E+00 4.095520E-06
3.305878E+00 1.578867E+00 4.083586E-06
3.303744E+00 1.578913E+00 4.071684E-06
3.301613E+00 1.578959E+00 4.059813E-06
3.299484E+00 1.579004E+00 4.047974E-06
3.297358E+00 1.579050E+00 4.036167E-06
3.295235E+00 1.579096E+00 4.024392E-06
3.293115E+00 1.579141E+00 4.012648E-06
3.290997E+00 1.579187E+00 4.000935E-06
3.288882E+00 1.579232E+00 3.989254E-06
3.286770E+00 1.579277E+00 3.977604E-06
3.284660E+00 1.579322E+00 3.965985E-06
3.282553E+00 1.579367E+00 3.954397E-06
3.280449E+00 1.579412E+00 3.942840E-06
3.278347E+00 1.579457E+00 3.931314E-06
3.276248E+00 1.579502E+00 3.919819E-06
3.274152E+00 1.579547E+00 3.908354E-06
3.272059E+00 1.579591E+00 3.896920E-06
3.269968E+00 1.579636E+00 3.885517E-06
3.267880E+00 1.579680E+00 3.874144E-06
3.265795E+00 1.579725E+00 3.862801E-06
3.263712E+00 1.579769E+00 3.851489E-06
3.261632E+00 1.579813E+00 3.840207E-06
3.259554E+00 1.579857E+00 3.828954E-06
3.257480E+00 1.579901E+00 3.817732E-06
3.255408E+00 1.579945E+00 3.806540E-06
3.253338E+00 1.579989E+00 3.795378E-06
3.251270E+00 1.580032E+00 3.784245E-06
3.249206E+00 1.580076E+00 3.773142E-06
3.247144E+00 1.580119E+00 3.762069E-06
3.245085E+00 1.580163E+00 3.751025E-06
3.243029E+00 1.580206E+00 3.740010E-06
3.240975E+00 1.580249E+00 3.729025E-06
3.238924E+00 1.580292E+00 3.718069E-06
3.236876E+00 1.580335E+00 3.707142E-06
3.234830E+00 1.580378E+00 3.696244E-06
3.232786E+00 1.580421E+00 3.685376E-06
3.230745E+00 1.580464E+00 3.674536E-06
3.228707E+00 1.580507E+00 3.663725E-06
3.226670E+00 1.580549E+00 3.652943E-06
3.224637E+00 1.580592E+00 3.642189E-06
3.222607E+00 1.580634E+00 3.631464E-06
3.220579E+00 1.580677E+00 3.620768E-06
3.218553E+00 1.580719E+00 3.610100E-06
3.216530E+00 1.580761E+00 3.599461E-06
3.214510E+00 1.580803E+00 3.588849E-06
3.212492E+00 1.580845E+00 3.578266E-06
3.210477E+00 1.580887E+00 3.567711E-06
3.208464E+00 1.580929E+00 3.557184E-06
3.206454E+00 1.580971E+00 3.546686E-06
3.204446E+00 1.581012E+00 3.536215E-06
3.202441E+00 1.581054E+00 3.525771E-06
3.200437E+00 1.581096E+00 3.515356E-06
3.198437E+00 1.581137E+00 3.504968E-06
3.196439E+00 1.581178E+00 3.494608E-06
3.194444E+00 1.581220E+00 3.484275E-06
3.192452E+00 1.581261E+00 3.473970E-06
3.190461E+00 1.581302E+00 3.463692E-06
3.188474E+00 1.581343E+00 3.453442E-06
3.186488E+00 1.581384E+00 3.443218E-06
3.184505E+00 1.581425E+00 3.433022E-06
3.182525E+00 1.581465E+00 3.422853E-06
3.180547E+00 1.581506E+00 3.412711E-06
3.178572E+00 1.581547E+00 3.402596E-06
3.176599E+00 1.581587E+00 3.392507E-06
3.174627E+00 1.581627E+00 3.382446E-06
3.172659E+00 1.581668E+00 3.372411E-06
3.170694E+00 1.581708E+00 3.362403E-06
3.168730E+00 1.581748E+00 3.352421E-06
3.166770E+00 1.581788E+00 3.342466E-06
3.164811E+00 1.581828E+00 3.332537E-06
3.162855E+00 1.581868E+00 3.322635E-06
3.160902E+00 1.581908E+00 3.312759E-06
3.158951E+00 1.581948E+00 3.302909E-06
3.157002E+00 1.581988E+00 3.293085E-06
3.155056E+00 1.582027E+00 3.283288E-06
3.153112E+00 1.582067E+00 3.273516E-06
3.151169E+00 1.582106E+00 3.263770E-06
3.149230E+00 1.582146E+00 3.254050E-06
3.147294E+00 1.582185E+00 3.244356E-06
3.145359E+00 1.582224E+00 3.234688E-06
3.143427E+00 1.582263E+00 3.225045E-06
3.141498E+00 1.582303E+00 3.215428E-06
3.139571E+00 1.582342E+00 3.205836E-06
3.137646E+00 1.582380E+00 3.196270E-06
3.135723E+00 1.582419E+00 3.186729E-06
3.133803E+00 1.582458E+00 3.177214E-06
3.131885E+00 1.582497E+00 3.167724E-06
3.129970E+00 1.582535E+00 3.158259E-06
3.128057E+00 1.582574E+00 3.148819E-06
3.126145E+00 1.582612E+00 3.139404E-06
3.124237E+00 1.582651E+00 3.130014E-06
3.122330E+00 1.582689E+00 3.120649E-06
3.120427E+00 1.582727E+00 3.111309E-06
3.118525E+00 1.582766E+00 3.101994E-06
3.116626E+00 1.582804E+00 3.092703E-06
3.114729E+00 1.582842E+00 3.083437E-06
3.112835E+00 1.582880E+00 3.074196E-06
3.110942E+00 1.582917E+00 3.064979E-06
3.109053E+00 1.582955E+00 3.055787E-06
3.107165E+00 1.582993E+00 3.046619E-06
3.105280E+00 1.583031E+00 3.037475E-06
3.103396E+00 1.583068E+00 3.028356E-06
3.101515E+00 1.583106E+00 3.019261E-06
3.099636E+00 1.583143E+00 3.010190E-06
3.097760E+00 1.583181E+00 3.001143E-06
3.095886E+00 1.583218E+00 2.992120E-06
3.094014E+00 1.583255E+00 2.983121E-06
3.092145E+00 1.583292E+00 2.974146E-06
3.090278E+00 1.583329E+00 2.965195E-06
3.088413E+00 1.583366E+00 2.956268E-06
3.086550E+00 1.583403E+00 2.947364E-06
3.084690E+00 1.583440E+00 2.938484E-06
3.082832E+00 1.583477E+00 2.929628E-06
3.080976E+00 1.583513E+00 2.920795E-06
3.079121E+00 1.583550E+00 2.911986E-06
3.077270E+00 1.583587E+00 2.903200E-06
3.075420E+00 1.583623E+00 2.894437E-06
3.073573E+00 1.583660E+00 2.885698E-06
3.071729E+00 1.583696E+00 2.876982E-06
3.069886E+00 1.583732E+00 2.868289E-06
3.068046E+00 1.583768E+00 2.859619E-06
3.066207E+00 1.583805E+00 2.850972E-06
3.064371E+00 1.583841E+00 2.842348E-06
3.062538E+00 1.583877E+00 2.833747E-06
3.060706E+00 1.583913E+00 2.825169E-06
3.058877E+00 1.583948E+00 2.816614E-06
3.057049E+00 1.583984E+00 2.808082E-06
3.055223E+00 1.584020E+00 2.799572E-06
3.053401E+00 1.584056E+00 2.791085E-06
3.051580E+00 1.584091E+00 2.782621E-06
3.049761E+00 1.584127E+00 2.774179E-06
3.047945E+00 1.584162E+00 2.765759E-06
3.046131E+00 1.584198E+00 2.757362E-06
3.044319E+00 1.584233E+00 2.748987E-06
3.042509E+00 1.584268E+00 2.740635E-06
3.040701E+00 1.584303E+00 2.732305E-06
3.038896E+00 1.584339E+00 2.723997E-06
3.037092E+00 1.584374E+00 2.715711E-06
3.035291E+00 1.584409E+00 2.707447E-06
3.033491E+00 1.584443E+00 2.699206E-06
3.031694E+00 1.584478E+00 2.690986E-06
3.029899E+00 1.584513E+00 2.682788E-06
3.028106E+00 1.584548E+00 2.674612E-06
3.026316E+00 1.584583E+00 2.666458E-06
3.024527E+00 1.584617E+00 2.658325E-06
3.022741E+00 1.584652E+00 2.650215E-06
3.020956E+00 1.584686E+00 2.642125E-06
3.019174E+00 1.584720E+00 2.634058E-06
3.017394E+00 1.584755E+00 2.626012E-06
3.015616E+00 1.584789E+00 2.617987E-06
3.013840E+00 1.584823E+00 2.609984E-06
3.012066E+00 1.584857E+00 2.602002E-06
3.010294E+00 1.584891E+00 2.594042E-06
3.008524E+00 1.584925E+00 2.586103E-06
3.006756E+00 1.584959E+00 2.578185E-06
3.004991E+00 1.584993E+00 2.570288E-06
3.003228E+00 1.585027E+00 2.562412E-06
3.001466E+00 1.585061E+00 2.554557E-06
2.999707E+00 1.585095E+00 2.546724E-06
2.997950E+00 1.585128E+00 2.538911E-06
2.996195E+00 1.585162E+00 2.531119E-06
2.994441E+00 1.585195E+00 2.523348E-06
2.992690E+00 1.585229E+00 2.515598E-06
2.990941E+00 1.585262E+00 2.507868E-06
2.989194E+00 1.585295E+00 2.500159E-06
2.987449E+00 1.585329E+00 2.492471E-06
2.985706E+00 1.585362E+00 2.484804E-06
2.983965E+00 1.585395E+00 2.477157E-06
2.982226E+00 1.585428E+00 2.469530E-06
2.980489E+00 1.585461E+00 2.461924E-06
2.978754E+00 1.585494E+00 2.454338E-06
2.977022E+00 1.585527E+00 2.446772E-06
2.975291E+00 1.585560E+00 2.439227E-06
2.973562E+00 1.585592E+00 2.431702E-06
2.971835E+00 1.585625E+00 2.424197E-06
2.970111E+00 1.585658E+00 2.416713E-06
2.968388E+00 1.585690E+00 2.409248E-06
2.966666E+00 1.585723E+00 2.401804E-06
2.964948E+00 1.585755E+00 2.394379E-06
2.963231E+00 1.585788E+00 2.386974E-06
2.961516E+00 1.585820E+00 2.379590E-06
2.959803E+00 1.585852E+00 2.372225E-06
2.958092E+00 1.585885E+00 2.364880E-06
2.956384E+00 1.585917E+00 2.357554E-06
2.954677E+00 1.585949E+00 2.350248E-06
2.952972E+00 1.585981E+00 2.342962E-06
2.951269E+00 1.586013E+00 2.335696E-06
2.949568E+00 1.586045E+00 2.328449E-06
2.947869E+00 1.586077E+00 2.321221E-06
2.946172E+00 1.586108E+00 2.314013E-06
2.944476E+00 1.586140E+00 2.306825E-06
2.942783E+00 1.586172E+00 2.299655E-06
2.941092E+00 1.586203E+00 2.292505E-06
2.939402E+00 1.586235E+00 2.285375E-06
2.937715E+00 1.586267E+00 2.278263E-06
2.936030E+00 1.586298E+00 2.271171E-06
2.934346E+00 1.586329E+00 2.264097E-06
2.932665E+00 1.586361E+00 2.257043E-06
2.930985E+00 1.586392E+00 2.250008E-06
2.929308E+00 1.586423E+00 2.242992E-06
2.927632E+00 1.586454E+00 2.235995E-06
2.925958E+00 1.586486E+00 2.229016E-06
2.924286E+00 1.586517E+00 2.222057E-06
2.922615E+00 1.586548E+00 2.215116E-06
2.920947E+00 1.586579E+00 2.208194E-06
2.919281E+00 1.586609E+00 2.201291E-06
2.917617E+00 1.586640E+00 2.194406E-06
2.915954E+00 1.586671E+00 2.187540E-06
2.914294E+00 1.586702E+00 2.180693E-06
2.912635E+00 1.586732E+00 2.173864E-06
2.910978E+00 1.586763E+00 2.167053E-06
2.909324E+00 1.586794E+00 2.160261E-06
2.907671E+00 1.586824E+00 2.153488E-06
2.906020E+00 1.586854E+00 2.146732E-06
2.904370E+00 1.586885E+00 2.139995E-06
2.902722E+00 1.586915E+00 2.133277E-06
2.901077E+00 1.586945E+00 2.126576E-06
2.899433E+00 1.586976E+00 2.119894E-06
2.897791E+00 1.587006E+00 2.113229E-06
2.896152E+00 1.587036E+00 2.106583E-06
2.894514E+00 1.587066E+00 2.099955E-06
2.892877E+00 1.587096E+00 2.093345E-06
2.891243E+00 1.587126E+00 2.086753E-06
2.889611E+00 1.587156E+00 2.080178E-06
2.887980E+00 1.587186E+00 2.073622E-06
2.886351E+00 1.587215E+00 2.067083E-06
2.884724E+00 1.587245E+00 2.060562E-06
2.883099E+00 1.587275E+00 2.054059E-06
2.881475E+00 1.587305E+00 2.047574E-06
2.879853E+00 1.587334E+00 2.041106E-06
2.878234E+00 1.587364E+00 2.034656E-06
2.876616E+00 1.587393E+00 2.028223E-06
2.875000E+00 1.587423E+00 2.021808E-06
2.873386E+00 1.587452E+00 2.015410E-06
2.871773E+00 1.587481E+00 2.009030E-06
2.870163E+00 1.587510E+00 2.002667E-06
2.868554E+00 1.587540E+00 1.996322E-06
2.866947E+00 1.587569E+00 1.989994E-06
2.865342E+00 1.587598E+00 1.983683E-06
2.863738E+00 1.587627E+00 1.977389E-06
2.862136E+00 1.587656E+00 1.971113E-06
2.860536E+00 1.587685E+00 1.964853E-06
2.858938E+00 1.587714E+00 1.958611E-06
2.857342E+00 1.587743E+00 1.952386E-06
2.855748E+00 1.587771E+00 1.946178E-06
2.854155E+00 1.587800E+00 1.939987E-06
2.852564E+00 1.587829E+00 1.933812E-06
2.850975E+00 1.587858E+00 1.927655E-06
2.849388E+00 1.587886E+00 1.921515E-06
2.847802E+00 1.587915E+00 1.915391E-06
2.846218E+00 1.587943E+00 1.909284E-06
2.844636E+00 1.587972E+00 1.903194E-06
2.843056E+00 1.588000E+00 1.897120E-06
2.841477E+00 1.588028E+00 1.891064E-06
2.839900E+00 1.588057E+00 1.885023E-06
2.838325E+00 1.588085E+00 1.879000E-06
2.836751E+00 1.588113E+00 1.872993E-06
2.835180E+00 1.588141E+00 1.867002E-06
2.833610E+00 1.588169E+00 1.861028E-06
2.832042E+00 1.588197E+00 1.855070E-06
2.830476E+00 1.588225E+00 1.849129E-06
2.828911E+00 1.588253E+00 1.843204E-06
2.827348E+00 1.588281E+00 1.837295E-06
2.825787E+00 1.588309E+00 1.831403E-06
2.824228E+00 1.588337E+00 1.825527E-06
2.822670E+00 1.588365E+00 1.819667E-06
2.821113E+00 1.588392E+00 1.813823E-06
2.819559E+00 1.588420E+00 1.807995E-06
2.818006E+00 1.588447E+00 1.802183E-06
2.816456E+00 1.588475E+00 1.796388E-06
2.814906E+00 1.588503E+00 1.790608E-06
2.813359E+00 1.588530E+00 1.784844E-06
2.811813E+00 1.588557E+00 1.779096E-06
2.810269E+00 1.588585E+00 1.773364E-06
2.808727E+00 1.588612E+00 1.767648E-06
2.807186E+00 1.588639E+00 1.761948E-06
2.805647E+00 1.588667E+00 1.756264E-06
2.804110E+00 1.588694E+00 1.750595E-06
2.802574E+00 1.588721E+00 1.744942E-06
2.801040E+00 1.588748E+00 1.739304E-06
2.799507E+00 1.588775E+00 1.733682E-06
2.797977E+00 1.588802E+00 1.728076E-06
2.796448E+00 1.588829E+00 1.722485E-06
2.794921E+00 1.588856E+00 1.716910E-06
2.793395E+00 1.588883E+00 1.711350E-06
2.791871E+00 1.588909E+00 1.705806E-06
2.790349E+00 1.588936E+00 1.700277E-06
2.788829E+00 1.588963E+00 1.694764E-06
2.787310E+00 1.588990E+00 1.689265E-06
2.785792E+00 1.589016E+00 1.683783E-06
2.784277E+00 1.589043E+00 1.678315E-06
2.782762E+00 1.589069E+00 1.672862E-06
2.781250E+00 1.589096E+00 1.667425E-06
2.779739E+00 1.589122E+00 1.662003E-06
2.778230E+00 1.589148E+00 1.656596E-06
2.776723E+00 1.589175E+00 1.651204E-06
2.775217E+00 1.589201E+00 1.645827E-06
2.773713E+00 1.589227E+00 1.640465E-06
2.772210E+00 1.589254E+00 1.635118E-06
2.770709E+00 1.589280E+00 1.629786E-06
2.769210E+00 1.589306E+00 1.624468E-06
2.767713E+00 1.589332E+00 1.619166E-06
2.766217E+00 1.589358E+00 1.613878E-06
2.764722E+00 1.589384E+00 1.608606E-06
2.763229E+00 1.589410E+00 1.603348E-06
2.761737E+00 1.589436E+00 1.598104E-06
2.760248E+00 1.589462E+00 1.592876E-06
2.758760E+00 1.589487E+00 1.587662E-06
2.757274E+00 1.589513E+00 1.582462E-06
2.755789E+00 1.589539E+00 1.577278E-06
2.754306E+00 1.589565E+00 1.572107E-06
2.752824E+00 1.589590E+00 1.566952E-06
2.751344E+00 1.589616E+00 1.561810E-06
2.749866E+00 1.589641E+00 1.556683E-06
2.748389E+00 1.589667E+00 1.551571E-06
2.746914E+00 1.589692E+00 1.546473E-06
2.745440E+00 1.589718E+00 1.541389E-06
2.743968E+00 1.589743E+00 1.536320E-06
2.742497E+00 1.589768E+00 1.531264E-06
2.741028E+00 1.589794E+00 1.526223E-06
2.739561E+00 1.589819E+00 1.521197E-06
2.738095E+00 1.589844E+00 1.516184E-06
2.736631E+00 1.589869E+00 1.511186E-06
2.735168E+00 1.589894E+00 1.506201E-06
2.733707E+00 1.589919E+00 1.501231E-06
2.732248E+00 1.589944E+00 1.496275E-06
2.730790E+00 1.589969E+00 1.491332E-06
2.729334E+00 1.589994E+00 1.486404E-06
2.727879E+00 1.590019E+00 1.481489E-06
2.726425E+00 1.590044E+00 1.476589E-06
2.724973E+00 1.590069E+00 1.471702E-06
2.723523E+00 1.590094E+00 1.466829E-06
2.722074E+00 1.590118E+00 1.461970E-06
2.720627E+00 1.590143E+00 1.457125E-06
2.719182E+00 1.590168E+00 1.452294E-06
2.717738E+00 1.590192E+00 1.447476E-06
2.716295E+00 1.590217E+00 1.442671E-06
2.714854E+00 1.590241E+00 1.437881E-06
2.713415E+00 1.590266E+00 1.433104E-06
2.711977E+00 1.590290E+00 1.428341E-06
2.710541E+00 1.590315E+00 1.423591E-06
2.709106E+00 1.590339E+00 1.418854E-06
2.707672E+00 1.590363E+00 1.414131E-06
2.706240E+00 1.590388E+00 1.409422E-06
2.704810E+00 1.590412E+00 1.404726E-06
2.703381E+00 1.590436E+00 1.400043E-06
2.701953E+00 1.590460E+00 1.395374E-06
2.700528E+00 1.590484E+00 1.390718E-06
2.699103E+00 1.590508E+00 1.386075E-06
2.697681E+00 1.590533E+00 1.381446E-06
2.696259E+00 1.590557E+00 1.376829E-06
2.694840E+00 1.590580E+00 1.372226E-06
2.693421E+00 1.590604E+00 1.367636E-06
2.692005E+00 1.590628E+00 1.363060E-06
2.690589E+00 1.590652E+00 1.358496E-06
2.689175E+00 1.590676E+00 1.353945E-06
2.687762E+00 1.590700E+00 1.349408E-06
2.686352E+00 1.590723E+00 1.344883E-06
2.684942E+00 1.590747E+00 1.340371E-06
2.683534E+00 1.590771E+00 1.335873E-06
2.682128E+00 1.590794E+00 1.331387E-06
2.680723E+00 1.590818E+00 1.326914E-06
2.679319E+00 1.590841E+00 1.322454E-06
2.677917E+00 1.590865E+00 1.318006E-06
2.676517E+00 1.590888E+00 1.313572E-06
2.675118E+00 1.590912E+00 1.309150E-06
2.673720E+00 1.590935E+00 1.304741E-06
2.672323E+00 1.590958E+00 1.300344E-06
2.670929E+00 1.590982E+00 1.295961E-06
2.669536E+00 1.591005E+00 1.291590E-06
2.668144E+00 1.591028E+00 1.287231E-06
2.666753E+00 1.591051E+00 1.282885E-06
2.665365E+00 1.591075E+00 1.278552E-06
2.663977E+00 1.591098E+00 1.274231E-06
2.662591E+00 1.591121E+00 1.269922E-06
2.661207E+00 1.591144E+00 1.265626E-06
2.659823E+00 1.591167E+00 1.261343E-06
2.658442E+00 1.591190E+00 1.257072E-06
2.657062E+00 1.591213E+00 1.252813E-06
2.655682E+00 1.591235E+00 1.248566E-06
2.654305E+00 1.591258E+00 1.244332E-06
2.652929E+00 1.591281E+00 1.240110E-06
2.651554E+00 1.591304E+00 1.235901E-06
2.650181E+00 1.591327E+00 1.231703E-06
2.648809E+00 1.591349E+00 1.227518E-06
2.647439E+00 1.591372E+00 1.223345E-06
2.646070E+00 1.591395E+00 1.219184E-06
2.644703E+00 1.591417E+00 1.215035E-06
2.643337E+00 1.591440E+00 1.210898E-06
2.641972E+00 1.591462E+00 1.206773E-06
2.640609E+00 1.591485E+00 1.202660E-06
2.639247E+00 1.591507E+00 1.198559E-06
2.637886E+00 1.591529E+00 1.194471E-06
2.636527E+00 1.591552E+00 1.190394E-06
2.635170E+00 1.591574E+00 1.186328E-06
2.633814E+00 1.591596E+00 1.182275E-06
2.632459E+00 1.591619E+00 1.178234E-06
2.631105E+00 1.591641E+00 1.174204E-06
2.629753E+00 1.591663E+00 1.170186E-06
2.628403E+00 1.591685E+00 1.166180E-06
2.627054E+00 1.591707E+00 1.162186E-06
2.625706E+00 1.591729E+00 1.158203E-06
2.624359E+00 1.591751E+00 1.154232E-06
2.623014E+00 1.591773E+00 1.150273E-06
2.621670E+00 1.591795E+00 1.146325E-06
2.620327E+00 1.591817E+00 1.142389E-06
2.618986E+00 1.591839E+00 1.138464E-06
2.617647E+00 1.591861E+00 1.134551E-06
2.616309E+00 1.591883E+00 1.130650E-06
2.614972E+00 1.591905E+00 1.126760E-06
2.613636E+00 1.591926E+00 1.122881E-06
2.612302E+00 1.591948E+00 1.119014E-06
2.610969E+00 1.591970E+00 1.115158E-06
2.609638E+00 1.591991E+00 1.111313E-06
2.608308E+00 1.592013E+00 1.107480E-06
2.606979E+00 1.592035E+00 1.103658E-06
2.605652E+00 1.592056E+00 1.099847E-06
2.604325E+00 1.592078E+00 1.096048E-06
2.603001E+00 1.592099E+00 1.092260E-06
2.601677E+00 1.592121E+00 1.088483E-06
2.600356E+00 1.592142E+00 1.084717E-06
2.599035E+00 1.592163E+00 1.080962E-06
2.597716E+00 1.592185E+00 1.077219E-06
2.596398E+00 1.592206E+00 1.073486E-06
2.595081E+00 1.592227E+00 1.069765E-06
2.593766E+00 1.592249E+00 1.066054E-06
2.592452E+00 1.592270E+00 1.062355E-06
2.591139E+00 1.592291E+00 1.058666E-06
2.589828E+00 1.592312E+00 1.054989E-06
2.588518E+00 1.592333E+00 1.051322E-06
2.587209E+00 1.592354E+00 1.047667E-06
2.585902E+00 1.592375E+00 1.044022E-06
2.584596E+00 1.592396E+00 1.040388E-06
2.583291E+00 1.592417E+00 1.036765E-06
2.581988E+00 1.592438E+00 1.033152E-06
2.580686E+00 1.592459E+00 1.029551E-06
2.579385E+00 1.592480E+00 1.025960E-06
2.578086E+00 1.592501E+00 1.022380E-06
2.576788E+00 1.592522E+00 1.018810E-06
2.575491E+00 1.592542E+00 1.015252E-06
2.574195E+00 1.592563E+00 1.011703E-06
2.572901E+00 1.592584E+00 1.008166E-06
2.571608E+00 1.592604E+00 1.004639E-06
2.570316E+00 1.592625E+00 1.001122E-06
2.569026E+00 1.592646E+00 9.976165E-07
2.567737E+00 1.592666E+00 9.941211E-07
2.566449E+00 1.592687E+00 9.906361E-07
2.565163E+00 1.592707E+00 9.871616E-07
2.563878E+00 1.592728E+00 9.836976E-07
2.562594E+00 1.592748E+00 9.802439E-07
2.561311E+00 1.592769E+00 9.768006E-07
2.560030E+00 1.592789E+00 9.733677E-07
2.558750E+00 1.592809E+00 9.699451E-07
2.557471E+00 1.592830E+00 9.665328E-07
2.556194E+00 1.592850E+00 9.631307E-07
2.554917E+00 1.592870E+00 9.597389E-07
2.553642E+00 1.592890E+00 9.563573E-07
2.552369E+00 1.592911E+00 9.529860E-07
2.551097E+00 1.592931E+00 9.496248E-07
2.549826E+00 1.592951E+00 9.462737E-07
2.548556E+00 1.592971E+00 9.429327E-07
2.547287E+00 1.592991E+00 9.396019E-07
2.546020E+00 1.593011E+00 9.362811E-07
2.544754E+00 1.593031E+00 9.329704E-07
2.543489E+00 1.593051E+00 9.296697E-07
2.542226E+00 1.593071E+00 9.263789E-07
2.540964E+00 1.593091E+00 9.230982E-07
2.539703E+00 1.593111E+00 9.198274E-07
2.538442E+00 1.593131E+00 9.165665E-07
2.537184E+00 1.593150E+00 9.133155E-07
2.535926E+00 1.593170E+00 9.100744E-07
2.534670E+00 1.593190E+00 9.068431E-07
2.533416E+00 1.593210E+00 9.036217E-07
2.532162E+00 1.593229E+00 9.004101E-07
2.530910E+00 1.593249E+00 8.972082E-07
2.529659E+00 1.593269E+00 8.940161E-07
2.528409E+00 1.593288E+00 8.908337E-07
2.527161E+00 1.593308E+00 8.876610E-07
2.525913E+00 1.593327E+00 8.844980E-07
2.524667E+00 1.593347E+00 8.813446E-07
2.523422E+00 1.593366E+00 8.782009E-07
2.522178E+00 1.593386E+00 8.750668E-07
2.520936E+00 1.593405E+00 8.719423E-07
2.519695E+00 1.593425E+00 8.688273E-07
2.518455E+00 1.593444E+00 8.657218E-07
2.517216E+00 1.593463E+00 8.626259E-07
2.515978E+00 1.593483E+00 8.595394E-07
2.514742E+00 1.593502E+00 8.564624E-07
2.513507E+00 1.593521E+00 8.533949E-07
2.512273E+00 1.593540E+00 8.503368E-07
2.511040E+00 1.593559E+00 8.472880E-07
2.509809E+00 1.593579E+00 8.442486E-07
2.508579E+00 1.593598E+00 8.412186E-07
2.507349E+00 1.593617E+00 8.381979E-07
2.506121E+00 1.593636E+00 8.351865E-07
2.504895E+00 1.593655E+00 8.321843E-07
2.503669E+00 1.593674E+00 8.291914E-07
2.502445E+00 1.593693E+00 8.262078E-07
2.501222E+00 1.593712E+00 8.232333E-07
2.500000E+00 1.593731E+00 8.202680E-07
