5.117500E+03 2.789948E+00 2.797065E-03
2.558750E+03 2.789865E+00 5.586735E-03
1.705833E+03 2.789728E+00 8.361671E-03
1.279375E+03 2.789539E+00 1.111464E-02
1.023500E+03 2.789299E+00 1.383856E-02
8.529170E+02 2.789011E+00 1.652656E-02
7.310716E+02 2.788679E+00 1.917202E-02
6.396876E+02 2.788306E+00 2.176861E-02
5.686112E+02 2.787896E+00 2.431034E-02
5.117500E+02 2.787455E+00 2.679157E-02
4.652273E+02 2.786987E+00 2.920707E-02
4.264583E+02 2.786498E+00 3.155200E-02
3.936538E+02 2.785993E+00 3.382199E-02
3.655357E+02 2.785479E+00 3.601309E-02
3.411666E+02 2.784962E+00 3.812181E-02
3.198437E+02 2.784448E+00 4.014512E-02
3.010294E+02 2.783944E+00 4.208047E-02
2.843056E+02 2.783458E+00 4.392571E-02
2.693421E+02 2.782995E+00 4.567918E-02
2.558750E+02 2.782564E+00 4.733963E-02
2.436905E+02 2.782170E+00 4.890621E-02
2.326136E+02 2.781822E+00 5.037847E-02
2.225000E+02 2.781525E+00 5.175634E-02
2.132292E+02 2.781288E+00 5.304010E-02
2.047000E+02 2.781117E+00 5.423032E-02
1.968269E+02 2.781020E+00 5.532792E-02
1.895370E+02 2.781002E+00 5.633407E-02
1.827678E+02 2.781071E+00 5.725018E-02
1.764655E+02 2.781235E+00 5.807790E-02
1.705833E+02 2.781499E+00 5.881909E-02
1.650807E+02 2.781871E+00 5.947577E-02
1.599219E+02 2.782358E+00 6.005014E-02
1.550758E+02 2.782967E+00 6.054453E-02
1.505147E+02 2.783706E+00 6.096141E-02
1.462143E+02 2.784581E+00 6.130335E-02
1.421528E+02 2.785600E+00 6.157304E-02
1.383108E+02 2.786772E+00 6.177329E-02
1.346710E+02 2.788106E+00 6.190700E-02
1.312179E+02 2.789609E+00 6.197724E-02
1.279375E+02 2.791292E+00 6.198720E-02
1.248171E+02 2.793166E+00 6.194030E-02
1.218452E+02 2.795242E+00 6.184021E-02
1.190116E+02 2.797533E+00 6.169096E-02
1.163068E+02 2.800055E+00 6.149703E-02
1.137222E+02 2.802822E+00 6.126358E-02
1.112500E+02 2.805853E+00 6.099659E-02
1.088830E+02 2.809171E+00 6.070327E-02
1.066146E+02 2.812799E+00 6.039238E-02
1.044388E+02 2.816767E+00 6.007488E-02
1.023500E+02 2.821107E+00 5.976473E-02
1.003431E+02 2.825860E+00 5.947998E-02
9.841348E+01 2.831072E+00 5.924433E-02
9.655660E+01 2.836800E+00 5.908941E-02
9.476849E+01 2.843109E+00 5.905797E-02
9.304541E+01 2.850081E+00 5.920849E-02
9.138396E+01 2.857812E+00 5.962210E-02
8.978071E+01 2.866416E+00 6.041269E-02
8.823275E+01 2.876029E+00 6.174226E-02
8.673727E+01 2.886808E+00 6.384400E-02
8.529170E+01 2.898924E+00 6.705747E-02
8.389346E+01 2.912545E+00 7.188139E-02
8.254033E+01 2.927786E+00 7.905091E-02
8.123015E+01 2.944593E+00 8.964184E-02
7.996092E+01 2.962503E+00 1.051822E-01
7.873080E+01 2.980159E+00 1.276753E-01
7.753789E+01 2.994498E+00 1.592346E-01
7.638060E+01 2.999850E+00 2.006800E-01
7.525734E+01 2.988375E+00 2.484925E-01
7.416665E+01 2.954574E+00 2.919235E-01
7.310716E+01 2.902897E+00 3.164706E-01
7.207747E+01 2.848139E+00 3.150110E-01
7.107639E+01 2.804377E+00 2.930486E-01
7.010273E+01 2.776674E+00 2.614814E-01
6.915538E+01 2.763057E+00 2.286478E-01
6.823335E+01 2.759464E+00 1.985791E-01
6.733553E+01 2.762380E+00 1.724784E-01
6.646104E+01 2.769401E+00 1.502727E-01
6.560896E+01 2.779035E+00 1.314778E-01
6.477846E+01 2.790380E+00 1.155646E-01
6.396876E+01 2.802885E+00 1.020779E-01
6.317902E+01 2.816198E+00 9.065422E-02
6.240853E+01 2.830080E+00 8.100549E-02
6.165661E+01 2.844357E+00 7.289682E-02
6.092264E+01 2.858899E+00 6.612842E-02
6.020589E+01 2.873612E+00 6.052406E-02
5.950582E+01 2.888427E+00 5.592515E-02
5.882183E+01 2.903305E+00 5.218862E-02
5.815340E+01 2.918227E+00 4.918669E-02
5.750001E+01 2.933191E+00 4.680721E-02
5.686112E+01 2.948212E+00 4.495368E-02
5.623626E+01 2.963317E+00 4.354488E-02
5.562499E+01 2.978539E+00 4.251385E-02
5.502687E+01 2.993918E+00 4.180663E-02
5.444150E+01 3.009495E+00 4.138077E-02
5.386843E+01 3.025316E+00 4.120375E-02
5.330729E+01 3.041427E+00 4.125165E-02
5.275773E+01 3.057875E+00 4.150779E-02
5.221938E+01 3.074706E+00 4.196170E-02
5.169193E+01 3.091969E+00 4.260820E-02
5.117500E+01 3.109711E+00 4.344670E-02
5.066832E+01 3.127981E+00 4.448068E-02
5.017156E+01 3.146830E+00 4.571728E-02
4.968445E+01 3.166309E+00 4.716707E-02
4.920674E+01 3.186472E+00 4.884393E-02
4.873810E+01 3.207376E+00 5.076505E-02
4.827830E+01 3.229081E+00 5.295105E-02
4.782710E+01 3.251650E+00 5.542619E-02
4.738427E+01 3.275152E+00 5.821867E-02
4.694955E+01 3.299660E+00 6.136117E-02
4.652273E+01 3.325254E+00 6.489133E-02
4.610360E+01 3.352021E+00 6.885261E-02
4.569196E+01 3.380055E+00 7.329513E-02
4.528762E+01 3.409462E+00 7.827690E-02
4.489036E+01 3.440356E+00 8.386524E-02
4.450000E+01 3.472866E+00 9.013857E-02
4.411638E+01 3.507134E+00 9.718863E-02
4.373931E+01 3.543320E+00 1.051233E-01
4.336865E+01 3.581602E+00 1.140700E-01
4.300420E+01 3.622181E+00 1.241804E-01
4.264583E+01 3.665285E+00 1.356357E-01
4.229338E+01 3.711169E+00 1.486542E-01
4.194671E+01 3.760126E+00 1.635006E-01
4.160570E+01 3.812489E+00 1.804984E-01
4.127016E+01 3.868636E+00 2.000461E-01
4.094000E+01 3.929000E+00 2.226389E-01
4.061507E+01 3.994074E+00 2.488980E-01
4.029527E+01 4.064420E+00 2.796103E-01
3.998047E+01 4.140673E+00 3.157828E-01
3.967054E+01 4.223537E+00 3.587189E-01
3.936538E+01 4.313782E+00 4.101240E-01
3.906488E+01 4.412205E+00 4.722552E-01
3.876895E+01 4.519554E+00 5.481322E-01
3.847745E+01 4.636365E+00 6.418332E-01
3.819030E+01 4.762635E+00 7.588977E-01
3.790741E+01 4.897173E+00 9.068435E-01
3.762867E+01 5.036371E+00 1.095721E+00
3.735402E+01 5.171936E+00 1.338378E+00
3.708334E+01 5.287064E+00 1.649458E+00
3.681655E+01 5.351138E+00 2.040788E+00
3.655357E+01 5.316187E+00 2.509357E+00
3.629432E+01 5.125589E+00 3.017267E+00
3.603874E+01 4.747851E+00 3.480232E+00
3.578672E+01 4.218505E+00 3.798171E+00
3.553819E+01 3.633118E+00 3.919066E+00
3.529310E+01 3.085890E+00 3.863114E+00
3.505136E+01 2.626430E+00 3.687046E+00
3.481293E+01 2.264018E+00 3.444104E+00
3.457770E+01 1.988696E+00 3.169716E+00
3.434564E+01 1.786154E+00 2.883495E+00
3.411666E+01 1.644218E+00 2.594973E+00
3.389072E+01 1.554829E+00 2.308406E+00
3.366777E+01 1.514229E+00 2.026257E+00
3.344771E+01 1.522233E+00 1.752128E+00
3.323052E+01 1.579980E+00 1.493400E+00
3.301613E+01 1.685403E+00 1.261855E+00
3.280449E+01 1.829089E+00 1.069312E+00
3.259554E+01 1.996448E+00 9.209255E-01
3.238924E+01 2.174561E+00 8.140284E-01
3.218553E+01 2.355877E+00 7.424447E-01
3.198437E+01 2.537496E+00 7.003577E-01
3.178572E+01 2.719272E+00 6.838463E-01
3.158951E+01 2.902409E+00 6.911479E-01
3.139571E+01 3.088647E+00 7.226303E-01
3.120427E+01 3.279729E+00 7.808865E-01
3.101515E+01 3.476834E+00 8.710963E-01
3.082832E+01 3.679607E+00 1.001686E+00
3.064371E+01 3.884238E+00 1.185168E+00
3.046131E+01 4.079653E+00 1.438522E+00
3.028106E+01 4.240728E+00 1.780932E+00
3.010294E+01 4.319500E+00 2.223397E+00
2.992690E+01 4.244985E+00 2.743052E+00
2.975291E+01 3.957705E+00 3.253123E+00
2.958092E+01 3.478630E+00 3.624629E+00
2.941092E+01 2.921058E+00 3.780849E+00
2.924286E+01 2.402164E+00 3.745630E+00
2.907671E+01 1.976679E+00 3.590106E+00
2.891243E+01 1.648106E+00 3.375144E+00
2.875000E+01 1.400163E+00 3.136673E+00
2.858938E+01 1.214548E+00 2.891904E+00
2.843056E+01 1.076717E+00 2.647335E+00
2.827348E+01 9.767606E-01 2.403861E+00
2.811813E+01 9.090680E-01 2.159440E+00
2.796448E+01 8.722630E-01 1.910454E+00
2.781250E+01 8.700603E-01 1.652865E+00
2.766217E+01 9.133486E-01 1.385016E+00
2.751344E+01 1.020843E+00 1.116027E+00
2.736631E+01 1.204875E+00 8.776884E-01
2.722074E+01 1.443992E+00 7.067238E-01
2.707672E+01 1.701389E+00 6.077517E-01
2.693421E+01 1.958812E+00 5.667472E-01
2.679319E+01 2.212923E+00 5.738576E-01
2.665365E+01 2.464313E+00 6.277311E-01
2.651554E+01 2.711364E+00 7.343888E-01
2.637886E+01 2.945121E+00 9.054858E-01
2.624359E+01 3.142592E+00 1.153579E+00
2.610969E+01 3.261277E+00 1.478461E+00
2.597716E+01 3.249648E+00 1.842931E+00
2.584596E+01 3.089762E+00 2.164169E+00
2.571608E+01 2.835537E+00 2.361498E+00
2.558750E+01 2.579936E+00 2.418053E+00
2.546020E+01 2.392292E+00 2.376054E+00
2.533416E+01 2.299935E+00 2.296759E+00
2.520936E+01 2.297748E+00 2.239238E+00
2.508579E+01 2.353184E+00 2.252473E+00
2.496342E+01 2.408688E+00 2.362197E+00
2.484223E+01 2.396540E+00 2.553168E+00
2.472222E+01 2.272479E+00 2.764704E+00
2.460336E+01 2.047861E+00 2.921933E+00
2.448565E+01 1.777950E+00 2.985103E+00
2.436905E+01 1.516256E+00 2.961171E+00
2.425355E+01 1.289918E+00 2.877510E+00
2.413915E+01 1.104949E+00 2.759184E+00
2.402582E+01 9.580891E-01 2.622530E+00
2.391355E+01 8.440096E-01 2.476670E+00
2.380233E+01 7.581944E-01 2.326277E+00
2.369213E+01 6.977878E-01 2.173676E+00
2.358295E+01 6.617493E-01 2.020248E+00
2.347477E+01 6.508324E-01 1.867533E+00
2.336758E+01 6.673937E-01 1.718449E+00
2.326136E+01 7.145557E-01 1.578877E+00
2.315611E+01 7.937418E-01 1.459110E+00
2.305180E+01 9.002948E-01 1.372943E+00
2.294843E+01 1.020547E+00 1.332148E+00
2.284598E+01 1.135071E+00 1.339991E+00
2.274444E+01 1.225237E+00 1.390053E+00
2.264380E+01 1.277271E+00 1.468868E+00
2.254405E+01 1.284273E+00 1.558604E+00
2.244518E+01 1.247864E+00 1.640366E+00
2.234716E+01 1.177877E+00 1.698901E+00
2.225000E+01 1.088692E+00 1.726382E+00
2.215368E+01 9.941560E-01 1.722649E+00
2.205819E+01 9.042658E-01 1.692414E+00
2.196352E+01 8.246234E-01 1.641968E+00
2.186966E+01 7.575337E-01 1.577072E+00
2.177660E+01 7.034109E-01 1.502150E+00
2.168432E+01 6.618628E-01 1.420260E+00
2.159282E+01 6.323691E-01 1.333376E+00
2.150210E+01 6.146731E-01 1.242739E+00
2.141213E+01 6.090082E-01 1.149216E+00
2.132292E+01 6.162239E-01 1.053694E+00
2.123444E+01 6.377750E-01 9.575678E-01
2.114669E+01 6.754026E-01 8.633442E-01
2.105967E+01 7.302537E-01 7.750670E-01
2.097336E+01 8.015785E-01 6.978933E-01
2.088775E+01 8.861110E-01 6.364783E-01
2.080284E+01 9.791354E-01 5.934274E-01
2.071863E+01 1.076219E+00 5.693692E-01
2.063508E+01 1.173907E+00 5.641994E-01
2.055221E+01 1.269141E+00 5.781248E-01
2.047000E+01 1.358015E+00 6.118023E-01
2.038844E+01 1.434461E+00 6.651788E-01
2.030754E+01 1.490089E+00 7.345892E-01
2.022727E+01 1.517770E+00 8.092629E-01
2.014764E+01 1.519580E+00 8.728156E-01
2.006863E+01 1.510504E+00 9.141220E-01
1.999023E+01 1.508707E+00 9.369764E-01
1.991245E+01 1.522778E+00 9.556025E-01
1.983527E+01 1.549895E+00 9.837069E-01
1.975869E+01 1.581358E+00 1.029072E+00
1.968269E+01 1.607263E+00 1.093748E+00
1.960728E+01 1.618473E+00 1.175514E+00
1.953244E+01 1.607509E+00 1.268698E+00
1.945818E+01 1.569651E+00 1.364743E+00
1.938447E+01 1.504284E+00 1.453452E+00
1.931132E+01 1.415503E+00 1.525270E+00
1.923872E+01 1.311104E+00 1.573745E+00
1.916667E+01 1.200197E+00 1.596809E+00
1.909515E+01 1.090781E+00 1.596274E+00
1.902416E+01 9.883956E-01 1.576231E+00
1.895370E+01 8.960159E-01 1.541419E+00
1.888377E+01 8.146468E-01 1.496164E+00
1.881434E+01 7.440615E-01 1.443936E+00
1.874542E+01 6.834034E-01 1.387297E+00
1.867701E+01 6.315797E-01 1.328032E+00
1.860909E+01 5.874857E-01 1.267324E+00
1.854167E+01 5.501162E-01 1.205920E+00
1.847473E+01 5.186117E-01 1.144257E+00
1.840827E+01 4.922707E-01 1.082560E+00
1.834229E+01 4.705478E-01 1.020907E+00
1.827678E+01 4.530477E-01 9.592784E-01
1.821175E+01 4.395203E-01 8.975966E-01
1.814716E+01 4.298625E-01 8.357519E-01
1.808304E+01 4.241243E-01 7.736380E-01
1.801937E+01 4.225212E-01 7.111945E-01
1.795614E+01 4.254431E-01 6.484736E-01
1.789336E+01 4.334416E-01 5.857411E-01
1.783101E+01 4.471522E-01 5.236116E-01
1.776910E+01 4.670929E-01 4.631714E-01
1.770761E+01 4.933250E-01 4.059537E-01
1.764655E+01 5.251293E-01 3.536141E-01
1.758591E+01 5.610136E-01 3.073783E-01
1.752569E+01 5.991494E-01 2.676545E-01
1.746587E+01 6.379059E-01 2.340888E-01
1.740646E+01 6.761263E-01 2.059011E-01
1.734746E+01 7.131239E-01 1.822018E-01
1.728885E+01 7.485575E-01 1.621698E-01
1.723064E+01 7.823026E-01 1.451150E-01
1.717282E+01 8.143580E-01 1.304816E-01
1.711538E+01 8.447873E-01 1.178296E-01
1.705833E+01 8.736844E-01 1.068121E-01
1.700166E+01 9.011546E-01 9.715505E-02
1.694536E+01 9.273041E-01 8.864010E-02
1.688944E+01 9.522351E-01 8.109213E-02
1.683388E+01 9.760430E-01 7.436931E-02
1.677869E+01 9.988157E-01 6.835580E-02
1.672386E+01 1.020634E+00 6.295615E-02
1.666938E+01 1.041570E+00 5.809104E-02
1.661526E+01 1.061691E+00 5.369406E-02
1.656149E+01 1.081057E+00 4.970918E-02
1.650807E+01 1.099722E+00 4.608883E-02
1.645498E+01 1.117736E+00 4.279234E-02
1.640224E+01 1.135145E+00 3.978474E-02
1.634984E+01 1.151989E+00 3.703582E-02
1.629777E+01 1.168306E+00 3.451931E-02
1.624603E+01 1.184131E+00 3.221226E-02
1.619462E+01 1.199495E+00 3.009458E-02
1.614353E+01 1.214427E+00 2.814855E-02
1.609277E+01 1.228955E+00 2.635850E-02
1.604232E+01 1.243103E+00 2.471056E-02
1.599219E+01 1.256894E+00 2.319235E-02
1.594237E+01 1.270350E+00 2.179282E-02
1.589286E+01 1.283490E+00 2.050209E-02
1.584365E+01 1.296334E+00 1.931128E-02
1.579475E+01 1.308897E+00 1.821237E-02
1.574615E+01 1.321197E+00 1.719816E-02
1.569785E+01 1.333250E+00 1.626212E-02
1.564985E+01 1.345068E+00 1.539832E-02
1.560213E+01 1.356666E+00 1.460140E-02
1.555471E+01 1.368057E+00 1.386647E-02
1.550758E+01 1.379253E+00 1.318907E-02
1.546072E+01 1.390264E+00 1.256514E-02
1.541416E+01 1.401103E+00 1.199098E-02
1.536787E+01 1.411779E+00 1.146319E-02
1.532186E+01 1.422302E+00 1.097866E-02
1.527612E+01 1.432682E+00 1.053454E-02
1.523065E+01 1.442928E+00 1.012823E-02
1.518546E+01 1.453048E+00 9.757335E-03
1.514053E+01 1.463051E+00 9.419653E-03
1.509587E+01 1.472946E+00 9.113169E-03
1.505147E+01 1.482739E+00 8.836031E-03
1.500733E+01 1.492438E+00 8.586540E-03
1.496345E+01 1.502051E+00 8.363138E-03
1.491983E+01 1.511585E+00 8.164396E-03
1.487645E+01 1.521046E+00 7.989004E-03
1.483333E+01 1.530442E+00 7.835767E-03
1.479046E+01 1.539780E+00 7.703591E-03
1.474784E+01 1.549064E+00 7.591481E-03
1.470546E+01 1.558303E+00 7.498534E-03
1.466332E+01 1.567502E+00 7.423931E-03
1.462143E+01 1.576668E+00 7.366935E-03
1.457977E+01 1.585806E+00 7.326885E-03
1.453835E+01 1.594924E+00 7.303194E-03
1.449717E+01 1.604026E+00 7.295345E-03
1.445622E+01 1.613119E+00 7.302886E-03
1.441549E+01 1.622210E+00 7.325430E-03
1.437500E+01 1.631304E+00 7.362654E-03
1.433473E+01 1.640407E+00 7.414294E-03
1.429469E+01 1.649526E+00 7.480146E-03
1.425487E+01 1.658666E+00 7.560066E-03
1.421528E+01 1.667835E+00 7.653968E-03
1.417590E+01 1.677038E+00 7.761822E-03
1.413674E+01 1.686282E+00 7.883661E-03
1.409780E+01 1.695574E+00 8.019572E-03
1.405907E+01 1.704921E+00 8.169708E-03
1.402055E+01 1.714329E+00 8.334280E-03
1.398224E+01 1.723806E+00 8.513565E-03
1.394414E+01 1.733359E+00 8.707908E-03
1.390625E+01 1.742995E+00 8.917721E-03
1.386856E+01 1.752723E+00 9.143494E-03
1.383108E+01 1.762550E+00 9.385792E-03
1.379380E+01 1.772486E+00 9.645265E-03
1.375672E+01 1.782539E+00 9.922652E-03
1.371984E+01 1.792717E+00 1.021879E-02
1.368316E+01 1.803032E+00 1.053462E-02
1.364667E+01 1.813492E+00 1.087121E-02
1.361037E+01 1.824108E+00 1.122972E-02
1.357427E+01 1.834892E+00 1.161148E-02
1.353836E+01 1.845855E+00 1.201797E-02
1.350264E+01 1.857009E+00 1.245082E-02
1.346710E+01 1.868368E+00 1.291186E-02
1.343176E+01 1.879945E+00 1.340313E-02
1.339660E+01 1.891755E+00 1.392690E-02
1.336162E+01 1.903814E+00 1.448573E-02
1.332682E+01 1.916139E+00 1.508244E-02
1.329221E+01 1.928746E+00 1.572022E-02
1.325777E+01 1.941657E+00 1.640264E-02
1.322351E+01 1.954890E+00 1.713371E-02
1.318943E+01 1.968468E+00 1.791797E-02
1.315553E+01 1.982416E+00 1.876052E-02
1.312179E+01 1.996758E+00 1.966716E-02
1.308824E+01 2.011523E+00 2.064447E-02
1.305485E+01 2.026740E+00 2.169996E-02
1.302163E+01 2.042444E+00 2.284219E-02
1.298858E+01 2.058669E+00 2.408102E-02
1.295570E+01 2.075456E+00 2.542778E-02
1.292298E+01 2.092847E+00 2.689559E-02
1.289043E+01 2.110890E+00 2.849966E-02
1.285804E+01 2.129637E+00 3.025774E-02
1.282581E+01 2.149146E+00 3.219060E-02
1.279375E+01 2.169481E+00 3.432267E-02
1.276185E+01 2.190713E+00 3.668285E-02
1.273010E+01 2.212923E+00 3.930548E-02
1.269851E+01 2.236198E+00 4.223156E-02
1.266708E+01 2.260640E+00 4.551043E-02
1.263580E+01 2.286362E+00 4.920171E-02
1.260468E+01 2.313490E+00 5.337803E-02
1.257371E+01 2.342171E+00 5.812846E-02
1.254289E+01 2.372569E+00 6.356314E-02
1.251222E+01 2.404874E+00 6.981937E-02
1.248171E+01 2.439303E+00 7.707000E-02
1.245134E+01 2.476106E+00 8.553479E-02
1.242112E+01 2.515571E+00 9.549634E-02
1.239104E+01 2.558028E+00 1.073225E-01
1.236111E+01 2.603858E+00 1.214983E-01
1.233133E+01 2.653493E+00 1.386731E-01
1.230168E+01 2.707412E+00 1.597284E-01
1.227218E+01 2.766122E+00 1.858814E-01
1.224282E+01 2.830109E+00 2.188379E-01
1.221360E+01 2.899708E+00 2.610226E-01
1.218452E+01 2.974817E+00 3.159122E-01
1.215558E+01 3.054272E+00 3.884762E-01
1.212678E+01 3.134512E+00 4.855996E-01
1.209811E+01 3.206920E+00 6.158836E-01
1.206957E+01 3.253354E+00 7.868507E-01
1.204118E+01 3.242055E+00 9.951306E-01
1.201291E+01 3.135559E+00 1.207059E+00
1.198478E+01 2.927592E+00 1.350153E+00
1.195678E+01 2.680336E+00 1.358099E+00
1.192890E+01 2.489496E+00 1.234659E+00
1.190116E+01 2.412644E+00 1.045044E+00
1.187355E+01 2.448742E+00 8.604189E-01
1.184606E+01 2.563942E+00 7.215623E-01
1.181871E+01 2.724498E+00 6.379039E-01
1.179148E+01 2.910825E+00 6.049832E-01
1.176437E+01 3.115281E+00 6.177916E-01
1.173739E+01 3.336607E+00 6.759808E-01
1.171053E+01 3.575761E+00 7.856900E-01
1.168379E+01 3.832295E+00 9.611870E-01
1.165718E+01 4.098718E+00 1.227094E+00
1.163068E+01 4.348829E+00 1.618980E+00
1.160431E+01 4.516331E+00 2.171950E+00
1.157805E+01 4.478203E+00 2.872470E+00
1.155192E+01 4.114771E+00 3.577424E+00
1.152590E+01 3.474982E+00 4.055492E+00
1.150000E+01 2.777515E+00 4.214065E+00
1.147422E+01 2.187173E+00 4.145475E+00
1.144855E+01 1.739430E+00 3.970872E+00
1.142299E+01 1.409768E+00 3.763537E+00
1.139755E+01 1.165468E+00 3.556503E+00
1.137222E+01 9.807784E-01 3.362110E+00
1.134701E+01 8.378572E-01 3.183705E+00
1.132190E+01 7.247319E-01 3.021076E+00
1.129691E+01 6.333585E-01 2.872766E+00
1.127203E+01 5.582557E-01 2.737019E+00
1.124725E+01 4.956181E-01 2.612150E+00
1.122259E+01 4.427508E-01 2.496666E+00
1.119803E+01 3.977064E-01 2.389294E+00
1.117358E+01 3.590501E-01 2.288960E+00
1.114924E+01 3.257043E-01 2.194771E+00
1.112500E+01 2.968444E-01 2.105984E+00
1.110087E+01 2.718278E-01 2.021975E+00
1.107684E+01 2.501446E-01 1.942226E+00
1.105292E+01 2.313832E-01 1.866297E+00
1.102910E+01 2.152062E-01 1.793816E+00
1.100538E+01 2.013326E-01 1.724466E+00
1.098176E+01 1.895255E-01 1.657973E+00
1.095824E+01 1.795829E-01 1.594097E+00
1.093483E+01 1.713309E-01 1.532629E+00
1.091151E+01 1.646191E-01 1.473383E+00
1.088830E+01 1.593167E-01 1.416193E+00
1.086518E+01 1.553095E-01 1.360908E+00
1.084216E+01 1.524984E-01 1.307393E+00
1.081924E+01 1.507972E-01 1.255522E+00
1.079641E+01 1.501317E-01 1.205181E+00
1.077368E+01 1.504387E-01 1.156264E+00
1.075105E+01 1.516652E-01 1.108673E+00
1.072851E+01 1.537678E-01 1.062315E+00
1.070607E+01 1.567126E-01 1.017108E+00
1.068372E+01 1.604748E-01 9.729706E-01
1.066146E+01 1.650386E-01 9.298321E-01
1.063929E+01 1.703978E-01 8.876255E-01
1.061722E+01 1.765550E-01 8.462914E-01
1.059524E+01 1.835231E-01 8.057773E-01
1.057335E+01 1.913249E-01 7.660398E-01
1.055155E+01 1.999934E-01 7.270460E-01
1.052983E+01 2.095721E-01 6.887761E-01
1.050821E+01 2.201140E-01 6.512271E-01
1.048668E+01 2.316800E-01 6.144174E-01
1.046524E+01 2.443347E-01 5.783914E-01
1.044388E+01 2.581399E-01 5.432255E-01
1.042261E+01 2.731441E-01 5.090314E-01
1.040142E+01 2.893680E-01 4.759561E-01
1.038032E+01 3.067876E-01 4.441752E-01
1.035931E+01 3.253192E-01 4.138764E-01
1.033838E+01 3.448119E-01 3.852338E-01
1.031754E+01 3.650543E-01 3.583793E-01
1.029678E+01 3.857956E-01 3.333781E-01
1.027610E+01 4.067773E-01 3.102190E-01
1.025551E+01 4.277631E-01 2.888213E-01
1.023500E+01 4.485613E-01 2.690531E-01
1.021457E+01 4.690334E-01 2.507552E-01
1.019422E+01 4.890924E-01 2.337617E-01
1.017396E+01 5.086949E-01 2.179155E-01
1.015377E+01 5.278303E-01 2.030771E-01
1.013366E+01 5.465106E-01 1.891288E-01
1.011364E+01 5.647610E-01 1.759749E-01
1.009369E+01 5.826135E-01 1.635406E-01
1.007382E+01 6.001017E-01 1.517686E-01
1.005403E+01 6.172570E-01 1.406164E-01
1.003431E+01 6.341069E-01 1.300531E-01
1.001468E+01 6.506735E-01 1.200566E-01
9.995112E+00 6.669731E-01 1.106108E-01
9.975630E+00 6.830162E-01 1.017035E-01
9.956222E+00 6.988082E-01 9.332449E-02
9.936891E+00 7.143497E-01 8.546440E-02
9.917634E+00 7.296377E-01 7.811338E-02
9.898452E+00 7.446662E-01 7.126045E-02
9.879344E+00 7.594273E-01 6.489307E-02
9.860309E+00 7.739119E-01 5.899687E-02
9.841348E+00 7.881101E-01 5.355562E-02
9.822459E+00 8.020125E-01 4.855135E-02
9.803643E+00 8.156103E-01 4.396453E-02
9.784899E+00 8.288954E-01 3.977437E-02
9.766226E+00 8.418615E-01 3.595910E-02
9.747615E+00 8.545034E-01 3.249629E-02
9.729084E+00 8.668177E-01 2.936321E-02
9.710623E+00 8.788026E-01 2.653708E-02
9.692233E+00 8.904581E-01 2.399536E-02
9.673912E+00 9.017853E-01 2.171599E-02
9.655660E+00 9.127873E-01 1.967760E-02
9.637477E+00 9.234680E-01 1.785963E-02
9.619362E+00 9.338327E-01 1.624250E-02
9.601315E+00 9.438876E-01 1.480768E-02
9.583336E+00 9.536400E-01 1.353776E-02
9.565424E+00 9.630975E-01 1.241648E-02
9.547578E+00 9.722686E-01 1.142872E-02
9.529800E+00 9.811619E-01 1.056055E-02
9.512078E+00 9.897867E-01 9.799140E-03
9.494431E+00 9.981521E-01 9.132766E-03
9.476849E+00 1.006268E+00 8.550752E-03
9.459333E+00 1.014142E+00 8.043415E-03
9.441881E+00 1.021786E+00 7.602009E-03
9.424493E+00 1.029207E+00 7.218668E-03
9.407170E+00 1.036416E+00 6.886338E-03
9.389909E+00 1.043420E+00 6.598721E-03
9.372712E+00 1.050228E+00 6.350209E-03
9.355578E+00 1.056849E+00 6.135828E-03
9.338507E+00 1.063290E+00 5.951179E-03
9.321498E+00 1.069559E+00 5.792386E-03
9.304541E+00 1.075664E+00 5.656040E-03
9.287655E+00 1.081611E+00 5.539157E-03
9.270831E+00 1.087407E+00 5.439130E-03
9.254067E+00 1.093058E+00 5.353688E-03
9.237363E+00 1.098571E+00 5.280857E-03
9.220720E+00 1.103951E+00 5.218927E-03
9.204137E+00 1.109204E+00 5.166422E-03
9.187613E+00 1.114334E+00 5.122068E-03
9.171148E+00 1.119348E+00 5.084768E-03
9.154743E+00 1.124248E+00 5.053581E-03
9.138396E+00 1.129041E+00 5.027702E-03
9.122107E+00 1.133729E+00 5.006439E-03
9.105876E+00 1.138317E+00 4.989203E-03
9.089694E+00 1.142808E+00 4.975490E-03
9.073579E+00 1.147206E+00 4.964868E-03
9.057520E+00 1.151515E+00 4.956971E-03
9.041518E+00 1.155736E+00 4.951483E-03
9.025572E+00 1.159875E+00 4.948138E-03
9.009683E+00 1.163932E+00 4.946703E-03
8.993849E+00 1.167912E+00 4.946981E-03
8.978071E+00 1.171815E+00 4.948802E-03
8.962348E+00 1.175646E+00 4.952016E-03
8.946680E+00 1.179406E+00 4.956496E-03
8.931067E+00 1.183097E+00 4.962127E-03
8.915509E+00 1.186721E+00 4.968812E-03
8.899996E+00 1.190281E+00 4.976461E-03
8.884545E+00 1.193779E+00 4.984995E-03
8.869148E+00 1.197215E+00 4.994343E-03
8.853804E+00 1.200592E+00 5.004440E-03
8.838513E+00 1.203912E+00 5.015227E-03
8.823275E+00 1.207176E+00 5.026648E-03
8.808089E+00 1.210386E+00 5.038654E-03
8.792956E+00 1.213542E+00 5.051195E-03
8.777874E+00 1.216647E+00 5.064226E-03
8.762844E+00 1.219702E+00 5.077706E-03
8.747866E+00 1.222708E+00 5.091592E-03
8.732938E+00 1.225667E+00 5.105846E-03
8.718061E+00 1.228579E+00 5.120430E-03
8.703228E+00 1.231445E+00 5.135308E-03
8.688452E+00 1.234268E+00 5.150444E-03
8.673727E+00 1.237047E+00 5.165805E-03
8.659051E+00 1.239785E+00 5.181356E-03
8.644425E+00 1.242481E+00 5.197066E-03
8.629848E+00 1.245138E+00 5.212903E-03
8.615320E+00 1.247755E+00 5.228836E-03
8.600841E+00 1.250333E+00 5.244835E-03
8.586411E+00 1.252875E+00 5.260871E-03
8.572029E+00 1.255380E+00 5.276913E-03
8.557695E+00 1.257849E+00 5.292935E-03
8.543409E+00 1.260283E+00 5.308908E-03
8.529170E+00 1.262683E+00 5.324805E-03
8.514972E+00 1.265050E+00 5.340598E-03
8.500828E+00 1.267384E+00 5.356263E-03
8.486731E+00 1.269685E+00 5.371772E-03
8.472681E+00 1.271956E+00 5.387101E-03
8.458677E+00 1.274196E+00 5.402224E-03
8.444719E+00 1.276406E+00 5.417118E-03
8.430808E+00 1.278586E+00 5.431758E-03
8.416942E+00 1.280737E+00 5.446120E-03
8.403121E+00 1.282861E+00 5.460182E-03
8.389346E+00 1.284956E+00 5.473921E-03
8.375616E+00 1.287024E+00 5.487314E-03
8.361931E+00 1.289066E+00 5.500341E-03
8.348284E+00 1.291082E+00 5.512978E-03
8.334688E+00 1.293072E+00 5.525207E-03
8.321136E+00 1.295037E+00 5.537005E-03
8.307628E+00 1.296978E+00 5.548353E-03
8.294164E+00 1.298894E+00 5.559231E-03
8.280744E+00 1.300787E+00 5.569620E-03
8.267367E+00 1.302657E+00 5.579501E-03
8.254033E+00 1.304504E+00 5.588856E-03
8.240742E+00 1.306328E+00 5.597667E-03
8.227493E+00 1.308131E+00 5.605916E-03
8.214288E+00 1.309912E+00 5.613587E-03
8.201124E+00 1.311672E+00 5.620662E-03
8.188003E+00 1.313411E+00 5.627126E-03
8.174917E+00 1.315130E+00 5.632963E-03
8.161879E+00 1.316829E+00 5.638157E-03
8.148883E+00 1.318508E+00 5.642695E-03
8.135929E+00 1.320168E+00 5.646561E-03
8.123015E+00 1.321810E+00 5.649742E-03
8.110142E+00 1.323432E+00 5.652224E-03
8.097310E+00 1.325036E+00 5.653996E-03
8.084519E+00 1.326623E+00 5.655043E-03
8.071768E+00 1.328191E+00 5.655356E-03
8.059057E+00 1.329743E+00 5.654921E-03
8.046386E+00 1.331277E+00 5.653729E-03
8.033755E+00 1.332795E+00 5.651769E-03
8.021163E+00 1.334296E+00 5.649031E-03
8.008604E+00 1.335781E+00 5.645506E-03
7.996092E+00 1.337251E+00 5.641186E-03
7.983618E+00 1.338704E+00 5.636062E-03
7.971183E+00 1.340143E+00 5.630126E-03
7.958786E+00 1.341566E+00 5.623371E-03
7.946428E+00 1.342975E+00 5.615791E-03
7.934109E+00 1.344369E+00 5.607380E-03
7.921827E+00 1.345748E+00 5.598133E-03
7.909584E+00 1.347114E+00 5.588043E-03
7.897378E+00 1.348466E+00 5.577108E-03
7.885210E+00 1.349804E+00 5.565323E-03
7.873080E+00 1.351129E+00 5.552685E-03
7.860980E+00 1.352440E+00 5.539192E-03
7.848924E+00 1.353739E+00 5.524841E-03
7.836905E+00 1.355025E+00 5.509631E-03
7.824922E+00 1.356299E+00 5.493562E-03
7.812976E+00 1.357560E+00 5.476633E-03
7.801067E+00 1.358809E+00 5.458844E-03
7.789193E+00 1.360047E+00 5.440197E-03
7.777356E+00 1.361272E+00 5.420693E-03
7.765555E+00 1.362487E+00 5.400333E-03
7.753789E+00 1.363690E+00 5.379122E-03
7.742059E+00 1.364881E+00 5.357061E-03
7.730365E+00 1.366062E+00 5.334155E-03
7.718706E+00 1.367232E+00 5.310409E-03
7.707076E+00 1.368392E+00 5.285828E-03
7.695487E+00 1.369541E+00 5.260417E-03
7.683932E+00 1.370680E+00 5.234182E-03
7.672413E+00 1.371809E+00 5.207130E-03
7.660927E+00 1.372928E+00 5.179270E-03
7.649477E+00 1.374038E+00 5.150608E-03
7.638060E+00 1.375137E+00 5.121154E-03
7.626677E+00 1.376228E+00 5.090916E-03
7.615328E+00 1.377309E+00 5.059904E-03
7.604013E+00 1.378381E+00 5.028129E-03
7.592732E+00 1.379444E+00 4.995600E-03
7.581484E+00 1.380498E+00 4.962331E-03
7.570269E+00 1.381544E+00 4.928331E-03
7.559082E+00 1.382581E+00 4.893614E-03
7.547933E+00 1.383610E+00 4.858193E-03
7.536817E+00 1.384630E+00 4.822081E-03
7.525734E+00 1.385642E+00 4.785291E-03
7.514684E+00 1.386647E+00 4.747839E-03
7.503666E+00 1.387643E+00 4.709738E-03
7.492680E+00 1.388632E+00 4.671004E-03
7.481726E+00 1.389613E+00 4.631652E-03
7.470804E+00 1.390587E+00 4.591700E-03
7.459914E+00 1.391553E+00 4.551162E-03
7.449056E+00 1.392513E+00 4.510057E-03
7.438229E+00 1.393465E+00 4.468400E-03
7.427428E+00 1.394410E+00 4.426210E-03
7.416665E+00 1.395348E+00 4.383505E-03
7.405932E+00 1.396279E+00 4.340303E-03
7.395230E+00 1.397204E+00 4.296623E-03
7.384559E+00 1.398122E+00 4.252482E-03
7.373919E+00 1.399034E+00 4.207902E-03
7.363309E+00 1.399939E+00 4.162900E-03
7.352730E+00 1.400838E+00 4.117498E-03
7.342182E+00 1.401731E+00 4.071714E-03
7.331663E+00 1.402618E+00 4.025571E-03
7.321175E+00 1.403499E+00 3.979088E-03
7.310716E+00 1.404374E+00 3.932289E-03
7.300288E+00 1.405243E+00 3.885194E-03
7.289884E+00 1.406107E+00 3.837829E-03
7.279514E+00 1.406965E+00 3.790217E-03
7.269175E+00 1.407818E+00 3.742384E-03
7.258864E+00 1.408665E+00 3.694359E-03
7.248583E+00 1.409508E+00 3.646172E-03
7.238331E+00 1.410345E+00 3.597856E-03
7.228108E+00 1.411177E+00 3.549448E-03
7.217913E+00 1.412004E+00 3.500991E-03
7.207747E+00 1.412826E+00 3.452530E-03
7.197610E+00 1.413643E+00 3.404119E-03
7.187502E+00 1.414456E+00 3.355819E-03
7.177422E+00 1.415265E+00 3.307698E-03
7.167364E+00 1.416069E+00 3.259835E-03
7.157341E+00 1.416868E+00 3.212320E-03
7.147345E+00 1.417664E+00 3.165250E-03
7.137377E+00 1.418455E+00 3.118739E-03
7.127436E+00 1.419242E+00 3.072908E-03
7.117524E+00 1.420025E+00 3.027893E-03
7.107639E+00 1.420804E+00 2.983835E-03
7.097781E+00 1.421579E+00 2.940888E-03
7.087951E+00 1.422350E+00 2.899209E-03
7.078148E+00 1.423116E+00 2.858956E-03
7.068372E+00 1.423879E+00 2.820286E-03
7.058623E+00 1.424638E+00 2.783347E-03
7.048900E+00 1.425392E+00 2.748272E-03
7.039200E+00 1.426141E+00 2.715175E-03
7.029531E+00 1.426886E+00 2.684140E-03
7.019889E+00 1.427626E+00 2.655217E-03
7.010273E+00 1.428360E+00 2.628411E-03
7.000683E+00 1.429089E+00 2.603683E-03
6.991120E+00 1.429813E+00 2.580936E-03
6.981583E+00 1.430530E+00 2.560017E-03
6.972071E+00 1.431241E+00 2.540716E-03
6.962586E+00 1.431945E+00 2.522762E-03
6.953126E+00 1.432643E+00 2.505829E-03
6.943692E+00 1.433334E+00 2.489541E-03
6.934284E+00 1.434018E+00 2.473481E-03
6.924901E+00 1.434696E+00 2.457201E-03
6.915538E+00 1.435366E+00 2.440233E-03
6.906206E+00 1.436029E+00 2.422108E-03
6.896899E+00 1.436687E+00 2.402369E-03
6.887617E+00 1.437338E+00 2.380586E-03
6.878360E+00 1.437983E+00 2.356376E-03
6.869127E+00 1.438623E+00 2.329417E-03
6.859920E+00 1.439258E+00 2.299458E-03
6.850737E+00 1.439889E+00 2.266336E-03
6.841578E+00 1.440516E+00 2.229980E-03
6.832445E+00 1.441140E+00 2.190416E-03
6.823335E+00 1.441762E+00 2.147768E-03
6.814250E+00 1.442382E+00 2.102256E-03
6.805184E+00 1.443001E+00 2.054186E-03
6.796147E+00 1.443619E+00 2.003939E-03
6.787134E+00 1.444236E+00 1.951962E-03
6.778145E+00 1.444853E+00 1.898748E-03
6.769179E+00 1.445470E+00 1.844817E-03
6.760237E+00 1.446087E+00 1.790705E-03
6.751319E+00 1.446705E+00 1.736940E-03
6.742425E+00 1.447322E+00 1.684029E-03
6.733553E+00 1.447939E+00 1.632442E-03
6.724705E+00 1.448556E+00 1.582604E-03
6.715881E+00 1.449173E+00 1.534879E-03
6.707079E+00 1.449788E+00 1.489572E-03
6.698301E+00 1.450403E+00 1.446918E-03
6.689540E+00 1.451016E+00 1.407088E-03
6.680808E+00 1.451627E+00 1.370185E-03
6.672098E+00 1.452235E+00 1.336255E-03
6.663410E+00 1.452842E+00 1.305284E-03
6.654746E+00 1.453445E+00 1.277214E-03
6.646104E+00 1.454045E+00 1.251942E-03
6.637484E+00 1.454642E+00 1.229332E-03
6.628886E+00 1.455235E+00 1.209223E-03
6.620311E+00 1.455825E+00 1.191434E-03
6.611758E+00 1.456411E+00 1.175771E-03
6.603227E+00 1.456992E+00 1.162033E-03
6.594718E+00 1.457570E+00 1.150018E-03
6.586231E+00 1.458144E+00 1.139525E-03
6.577762E+00 1.458713E+00 1.130363E-03
6.569318E+00 1.459279E+00 1.122344E-03
6.560896E+00 1.459840E+00 1.115296E-03
6.552496E+00 1.460398E+00 1.109057E-03
6.544117E+00 1.460952E+00 1.103481E-03
6.535760E+00 1.461502E+00 1.098437E-03
6.527424E+00 1.462048E+00 1.093809E-03
6.519109E+00 1.462591E+00 1.089501E-03
6.510815E+00 1.463130E+00 1.085430E-03
6.502542E+00 1.463666E+00 1.081536E-03
6.494291E+00 1.464200E+00 1.077773E-03
6.486060E+00 1.464730E+00 1.074116E-03
6.477846E+00 1.465257E+00 1.070557E-03
6.469657E+00 1.465782E+00 1.067110E-03
6.461489E+00 1.466304E+00 1.063805E-03
6.453341E+00 1.466824E+00 1.060692E-03
6.445213E+00 1.467342E+00 1.057837E-03
6.437107E+00 1.467858E+00 1.055328E-03
6.429020E+00 1.468372E+00 1.053264E-03
6.420954E+00 1.468884E+00 1.051766E-03
6.412908E+00 1.469394E+00 1.050964E-03
6.404882E+00 1.469902E+00 1.051004E-03
6.396876E+00 1.470409E+00 1.052043E-03
6.388890E+00 1.470914E+00 1.054245E-03
6.380925E+00 1.471418E+00 1.057785E-03
6.372975E+00 1.471921E+00 1.062839E-03
6.365048E+00 1.472421E+00 1.069588E-03
6.357142E+00 1.472920E+00 1.078210E-03
6.349255E+00 1.473418E+00 1.088883E-03
6.341387E+00 1.473913E+00 1.101778E-03
6.333539E+00 1.474407E+00 1.117060E-03
6.325711E+00 1.474899E+00 1.134882E-03
6.317902E+00 1.475388E+00 1.155385E-03
6.310112E+00 1.475876E+00 1.178695E-03
6.302341E+00 1.476360E+00 1.204922E-03
6.294589E+00 1.476842E+00 1.234156E-03
6.286857E+00 1.477321E+00 1.266470E-03
6.279143E+00 1.477797E+00 1.301912E-03
6.271444E+00 1.478270E+00 1.340508E-03
6.263769E+00 1.478739E+00 1.382264E-03
6.256111E+00 1.479203E+00 1.427157E-03
6.248473E+00 1.479664E+00 1.475145E-03
6.240853E+00 1.480121E+00 1.526157E-03
6.233252E+00 1.480573E+00 1.580100E-03
6.225669E+00 1.481019E+00 1.636859E-03
6.218105E+00 1.481461E+00 1.696292E-03
6.210559E+00 1.481898E+00 1.758236E-03
6.203031E+00 1.482329E+00 1.822507E-03
6.195522E+00 1.482754E+00 1.888900E-03
6.188031E+00 1.483173E+00 1.957190E-03
6.180554E+00 1.483586E+00 2.027134E-03
6.173099E+00 1.483993E+00 2.098473E-03
6.165661E+00 1.484394E+00 2.170931E-03
6.158242E+00 1.484788E+00 2.244219E-03
6.150841E+00 1.485176E+00 2.318036E-03
6.143457E+00 1.485557E+00 2.392071E-03
6.136091E+00 1.485931E+00 2.466001E-03
6.128743E+00 1.486298E+00 2.539500E-03
6.121412E+00 1.486659E+00 2.612235E-03
6.114099E+00 1.487013E+00 2.683868E-03
6.106803E+00 1.487361E+00 2.754063E-03
6.099525E+00 1.487702E+00 2.822482E-03
6.092264E+00 1.488037E+00 2.888789E-03
6.085016E+00 1.488365E+00 2.952656E-03
6.077790E+00 1.488687E+00 3.013759E-03
6.070580E+00 1.489004E+00 3.071784E-03
6.063388E+00 1.489315E+00 3.126428E-03
6.056213E+00 1.489620E+00 3.177401E-03
6.049054E+00 1.489920E+00 3.224431E-03
6.041913E+00 1.490215E+00 3.267261E-03
6.034788E+00 1.490505E+00 3.305655E-03
6.027680E+00 1.490792E+00 3.339402E-03
6.020589E+00 1.491074E+00 3.368312E-03
6.013515E+00 1.491353E+00 3.392224E-03
6.006457E+00 1.491629E+00 3.411003E-03
5.999412E+00 1.491902E+00 3.424546E-03
5.992387E+00 1.492172E+00 3.432782E-03
5.985379E+00 1.492441E+00 3.435671E-03
5.978387E+00 1.492708E+00 3.433209E-03
5.971411E+00 1.492974E+00 3.425425E-03
5.964452E+00 1.493239E+00 3.412383E-03
5.957509E+00 1.493505E+00 3.394183E-03
5.950582E+00 1.493770E+00 3.370958E-03
5.943671E+00 1.494036E+00 3.342876E-03
5.936776E+00 1.494302E+00 3.310136E-03
5.929897E+00 1.494570E+00 3.272970E-03
5.923034E+00 1.494840E+00 3.231637E-03
5.916187E+00 1.495112E+00 3.186421E-03
5.909352E+00 1.495386E+00 3.137633E-03
5.902536E+00 1.495662E+00 3.085600E-03
5.895736E+00 1.495941E+00 3.030671E-03
5.888952E+00 1.496223E+00 2.973203E-03
5.882183E+00 1.496508E+00 2.913566E-03
5.875430E+00 1.496796E+00 2.852135E-03
5.868693E+00 1.497087E+00 2.789286E-03
5.861971E+00 1.497382E+00 2.725395E-03
5.855264E+00 1.497680E+00 2.660831E-03
5.848572E+00 1.497982E+00 2.595956E-03
5.841896E+00 1.498287E+00 2.531120E-03
5.835235E+00 1.498596E+00 2.466663E-03
5.828589E+00 1.498908E+00 2.402915E-03
5.821955E+00 1.499224E+00 2.340197E-03
5.815340E+00 1.499543E+00 2.278830E-03
5.808739E+00 1.499865E+00 2.219146E-03
5.802154E+00 1.500191E+00 2.161504E-03
5.795583E+00 1.500521E+00 2.106310E-03
5.789027E+00 1.500854E+00 2.054054E-03
5.782486E+00 1.501192E+00 2.005333E-03
5.775960E+00 1.501533E+00 1.960892E-03
5.769448E+00 1.501878E+00 1.921654E-03
5.762951E+00 1.502227E+00 1.888732E-03
5.756469E+00 1.502580E+00 1.863428E-03
5.750001E+00 1.502935E+00 1.847185E-03
5.743545E+00 1.503292E+00 1.841511E-03
5.737106E+00 1.503648E+00 1.847842E-03
5.730682E+00 1.504003E+00 1.867367E-03
5.724272E+00 1.504352E+00 1.900825E-03
5.717877E+00 1.504693E+00 1.948286E-03
5.711495E+00 1.505022E+00 2.008957E-03
5.705128E+00 1.505336E+00 2.081039E-03
5.698775E+00 1.505631E+00 2.161669E-03
5.692437E+00 1.505905E+00 2.246967E-03
5.686112E+00 1.506156E+00 2.332204E-03
5.679801E+00 1.506384E+00 2.412095E-03
5.673505E+00 1.506590E+00 2.481188E-03
5.667222E+00 1.506778E+00 2.534339E-03
5.660950E+00 1.506950E+00 2.567212E-03
5.654695E+00 1.507113E+00 2.576743E-03
5.648454E+00 1.507273E+00 2.561513E-03
5.642226E+00 1.507435E+00 2.521950E-03
5.636013E+00 1.507607E+00 2.460314E-03
5.629813E+00 1.507793E+00 2.380453E-03
5.623626E+00 1.507996E+00 2.287362E-03
5.617454E+00 1.508218E+00 2.186598E-03
5.611294E+00 1.508460E+00 2.083678E-03
5.605149E+00 1.508719E+00 1.983530E-03
5.599016E+00 1.508994E+00 1.890102E-03
5.592897E+00 1.509280E+00 1.806150E-03
5.586792E+00 1.509574E+00 1.733215E-03
5.580697E+00 1.509874E+00 1.671759E-03
5.574618E+00 1.510175E+00 1.621391E-03
5.568552E+00 1.510476E+00 1.581144E-03
5.562499E+00 1.510775E+00 1.549756E-03
5.556460E+00 1.511071E+00 1.525906E-03
5.550434E+00 1.511363E+00 1.508385E-03
5.544421E+00 1.511651E+00 1.496195E-03
5.538420E+00 1.511933E+00 1.488556E-03
5.532433E+00 1.512211E+00 1.484832E-03
5.526459E+00 1.512484E+00 1.484391E-03
5.520497E+00 1.512750E+00 1.486455E-03
5.514549E+00 1.513010E+00 1.489970E-03
5.508610E+00 1.513263E+00 1.493581E-03
5.502687E+00 1.513509E+00 1.495717E-03
5.496777E+00 1.513750E+00 1.494810E-03
5.490879E+00 1.513986E+00 1.489576E-03
5.484994E+00 1.514219E+00 1.479280E-03
5.479122E+00 1.514451E+00 1.463893E-03
5.473262E+00 1.514683E+00 1.444080E-03
5.467415E+00 1.514917E+00 1.421024E-03
5.461580E+00 1.515154E+00 1.396141E-03
5.455758E+00 1.515393E+00 1.370773E-03
5.449948E+00 1.515633E+00 1.345961E-03
5.444150E+00 1.515874E+00 1.322324E-03
5.438365E+00 1.516116E+00 1.300076E-03
5.432589E+00 1.516357E+00 1.279115E-03
5.426828E+00 1.516597E+00 1.259155E-03
5.421080E+00 1.516835E+00 1.239849E-03
5.415343E+00 1.517073E+00 1.220870E-03
5.409619E+00 1.517309E+00 1.201959E-03
5.403907E+00 1.517544E+00 1.182935E-03
5.398207E+00 1.517778E+00 1.163692E-03
5.392519E+00 1.518012E+00 1.144174E-03
5.386843E+00 1.518244E+00 1.124367E-03
5.381178E+00 1.518476E+00 1.104277E-03
5.375526E+00 1.518707E+00 1.083926E-03
5.369886E+00 1.518938E+00 1.063345E-03
5.364257E+00 1.519168E+00 1.042572E-03
5.358638E+00 1.519398E+00 1.021649E-03
5.353032E+00 1.519628E+00 1.000626E-03
5.347439E+00 1.519857E+00 9.795582E-04
5.341858E+00 1.520086E+00 9.585094E-04
5.336288E+00 1.520315E+00 9.375536E-04
5.330729E+00 1.520544E+00 9.167759E-04
5.325182E+00 1.520773E+00 8.962732E-04
5.319647E+00 1.521001E+00 8.761550E-04
5.314123E+00 1.521230E+00 8.565416E-04
5.308611E+00 1.521458E+00 8.375621E-04
5.303110E+00 1.521686E+00 8.193497E-04
5.297620E+00 1.521914E+00 8.020348E-04
5.292139E+00 1.522141E+00 7.857366E-04
5.286672E+00 1.522368E+00 7.705527E-04
5.281217E+00 1.522593E+00 7.565469E-04
5.275773E+00 1.522818E+00 7.437380E-04
5.270339E+00 1.523042E+00 7.320892E-04
5.264917E+00 1.523263E+00 7.214994E-04
5.259507E+00 1.523484E+00 7.118000E-04
5.254107E+00 1.523702E+00 7.027556E-04
5.248718E+00 1.523918E+00 6.940713E-04
5.243341E+00 1.524131E+00 6.854064E-04
5.237974E+00 1.524343E+00 6.763936E-04
5.232619E+00 1.524552E+00 6.666633E-04
5.227274E+00 1.524759E+00 6.558692E-04
5.221938E+00 1.524965E+00 6.437157E-04
5.216615E+00 1.525170E+00 6.299812E-04
5.211303E+00 1.525373E+00 6.145372E-04
5.206001E+00 1.525576E+00 5.973598E-04
5.200711E+00 1.525780E+00 5.785320E-04
5.195431E+00 1.525983E+00 5.582380E-04
5.190162E+00 1.526187E+00 5.367476E-04
5.184904E+00 1.526392E+00 5.143956E-04
5.179656E+00 1.526598E+00 4.915549E-04
5.174419E+00 1.526805E+00 4.686100E-04
5.169193E+00 1.527014E+00 4.459301E-04
5.163977E+00 1.527223E+00 4.238473E-04
5.158769E+00 1.527433E+00 4.026398E-04
5.153574E+00 1.527644E+00 3.825211E-04
5.148389E+00 1.527855E+00 3.636369E-04
5.143215E+00 1.528066E+00 3.460668E-04
5.138052E+00 1.528276E+00 3.298313E-04
5.132898E+00 1.528487E+00 3.149019E-04
5.127755E+00 1.528697E+00 3.012125E-04
5.122623E+00 1.528906E+00 2.886717E-04
5.117500E+00 1.529114E+00 2.771736E-04
5.112388E+00 1.529321E+00 2.666069E-04
5.107286E+00 1.529527E+00 2.568626E-04
5.102194E+00 1.529733E+00 2.478391E-04
5.097113E+00 1.529937E+00 2.394453E-04
5.092039E+00 1.530140E+00 2.316020E-04
5.086977E+00 1.530342E+00 2.242423E-04
5.081926E+00 1.530543E+00 2.173107E-04
5.076884E+00 1.530743E+00 2.107621E-04
5.071853E+00 1.530942E+00 2.045598E-04
5.066832E+00 1.531141E+00 1.986743E-04
5.061820E+00 1.531338E+00 1.930816E-04
5.056818E+00 1.531534E+00 1.877620E-04
5.051827E+00 1.531729E+00 1.826991E-04
5.046845E+00 1.531924E+00 1.778787E-04
5.041873E+00 1.532118E+00 1.732885E-04
5.036910E+00 1.532310E+00 1.689171E-04
5.031958E+00 1.532502E+00 1.647543E-04
5.027013E+00 1.532693E+00 1.607903E-04
5.022080E+00 1.532884E+00 1.570160E-04
5.017156E+00 1.533073E+00 1.534224E-04
5.012242E+00 1.533261E+00 1.500010E-04
5.007338E+00 1.533449E+00 1.467437E-04
5.002444E+00 1.533636E+00 1.436423E-04
4.997559E+00 1.533822E+00 1.406892E-04
4.992683E+00 1.534007E+00 1.378770E-04
4.987817E+00 1.534192E+00 1.351983E-04
4.982961E+00 1.534375E+00 1.326461E-04
4.978114E+00 1.534558E+00 1.302138E-04
4.973276E+00 1.534740E+00 1.278949E-04
4.968445E+00 1.534922E+00 1.256830E-04
4.963627E+00 1.535102E+00 1.235723E-04
4.958817E+00 1.535282E+00 1.215568E-04
4.954017E+00 1.535461E+00 1.196312E-04
4.949226E+00 1.535639E+00 1.177902E-04
4.944444E+00 1.535817E+00 1.160287E-04
4.939672E+00 1.535994E+00 1.143420E-04
4.934909E+00 1.536170E+00 1.127255E-04
4.930155E+00 1.536345E+00 1.111749E-04
4.925410E+00 1.536519E+00 1.096862E-04
4.920674E+00 1.536693E+00 1.082554E-04
4.915947E+00 1.536866E+00 1.068790E-04
4.911230E+00 1.537039E+00 1.055536E-04
4.906519E+00 1.537211E+00 1.042759E-04
4.901819E+00 1.537382E+00 1.030431E-04
4.897128E+00 1.537552E+00 1.018524E-04
4.892447E+00 1.537722E+00 1.007013E-04
4.887774E+00 1.537891E+00 9.958752E-05
4.883111E+00 1.538059E+00 9.850894E-05
4.878456E+00 1.538227E+00 9.746373E-05
4.873810E+00 1.538394E+00 9.645025E-05
4.869173E+00 1.538560E+00 9.546709E-05
4.864544E+00 1.538726E+00 9.451305E-05
4.859925E+00 1.538891E+00 9.358717E-05
4.855314E+00 1.539056E+00 9.268868E-05
4.850712E+00 1.539219E+00 9.181707E-05
4.846116E+00 1.539383E+00 9.097203E-05
4.841532E+00 1.539545E+00 9.015347E-05
4.836956E+00 1.539707E+00 8.936150E-05
4.832389E+00 1.539869E+00 8.859647E-05
4.827830E+00 1.540029E+00 8.785887E-05
4.823280E+00 1.540190E+00 8.714943E-05
4.818738E+00 1.540349E+00 8.646901E-05
4.814205E+00 1.540508E+00 8.581861E-05
4.809681E+00 1.540667E+00 8.519937E-05
4.805165E+00 1.540825E+00 8.461250E-05
4.800657E+00 1.540982E+00 8.405928E-05
4.796158E+00 1.541139E+00 8.354100E-05
4.791666E+00 1.541295E+00 8.305891E-05
4.787183E+00 1.541450E+00 8.261421E-05
4.782710E+00 1.541605E+00 8.220797E-05
4.778244E+00 1.541760E+00 8.184105E-05
4.773787E+00 1.541913E+00 8.151413E-05
4.769338E+00 1.542067E+00 8.122756E-05
4.764898E+00 1.542219E+00 8.098135E-05
4.760465E+00 1.542372E+00 8.077514E-05
4.756041E+00 1.542523E+00 8.060811E-05
4.751625E+00 1.542674E+00 8.047894E-05
4.747218E+00 1.542825E+00 8.038580E-05
4.742818E+00 1.542974E+00 8.032632E-05
4.738427E+00 1.543124E+00 8.029753E-05
4.734042E+00 1.543272E+00 8.029592E-05
4.729666E+00 1.543421E+00 8.031739E-05
4.725299E+00 1.543568E+00 8.035732E-05
4.720940E+00 1.543715E+00 8.041057E-05
4.716590E+00 1.543861E+00 8.047155E-05
4.712247E+00 1.544007E+00 8.053428E-05
4.707912E+00 1.544153E+00 8.059246E-05
4.703585E+00 1.544297E+00 8.063957E-05
4.699266E+00 1.544441E+00 8.066900E-05
4.694955E+00 1.544585E+00 8.067408E-05
4.690652E+00 1.544728E+00 8.064828E-05
4.686356E+00 1.544871E+00 8.058528E-05
4.682067E+00 1.545012E+00 8.047911E-05
4.677787E+00 1.545154E+00 8.032424E-05
4.673515E+00 1.545295E+00 8.011574E-05
4.669251E+00 1.545435E+00 7.984930E-05
4.664995E+00 1.545575E+00 7.952140E-05
4.660747E+00 1.545714E+00 7.912934E-05
4.656506E+00 1.545853E+00 7.867129E-05
4.652273E+00 1.545992E+00 7.814637E-05
4.648048E+00 1.546130E+00 7.755462E-05
4.643830E+00 1.546267E+00 7.689701E-05
4.639620E+00 1.546404E+00 7.617546E-05
4.635417E+00 1.546541E+00 7.539274E-05
4.631223E+00 1.546677E+00 7.455243E-05
4.627033E+00 1.546813E+00 7.365887E-05
4.622854E+00 1.546948E+00 7.271702E-05
4.618682E+00 1.547083E+00 7.173241E-05
4.614517E+00 1.547217E+00 7.071097E-05
4.610360E+00 1.547352E+00 6.965898E-05
4.606210E+00 1.547485E+00 6.858289E-05
4.602068E+00 1.547619E+00 6.748922E-05
4.597934E+00 1.547752E+00 6.638447E-05
4.593806E+00 1.547884E+00 6.527498E-05
4.589687E+00 1.548016E+00 6.416682E-05
4.585574E+00 1.548148E+00 6.306575E-05
4.581469E+00 1.548280E+00 6.197710E-05
4.577371E+00 1.548411E+00 6.090570E-05
4.573279E+00 1.548542E+00 5.985588E-05
4.569196E+00 1.548672E+00 5.883138E-05
4.565120E+00 1.548802E+00 5.783537E-05
4.561051E+00 1.548931E+00 5.687043E-05
4.556990E+00 1.549060E+00 5.593854E-05
4.552936E+00 1.549189E+00 5.504111E-05
4.548889E+00 1.549318E+00 5.417904E-05
4.544849E+00 1.549446E+00 5.335269E-05
4.540817E+00 1.549573E+00 5.256199E-05
4.536791E+00 1.549700E+00 5.180642E-05
4.532773E+00 1.549827E+00 5.108514E-05
4.528762E+00 1.549953E+00 5.039698E-05
4.524756E+00 1.550079E+00 4.974050E-05
4.520759E+00 1.550205E+00 4.911407E-05
4.516769E+00 1.550330E+00 4.851592E-05
4.512786E+00 1.550455E+00 4.794414E-05
4.508810E+00 1.550579E+00 4.739677E-05
4.504841E+00 1.550703E+00 4.687184E-05
4.500879E+00 1.550827E+00 4.636735E-05
4.496925E+00 1.550950E+00 4.588137E-05
4.492977E+00 1.551073E+00 4.541200E-05
4.489036E+00 1.551195E+00 4.495744E-05
4.485101E+00 1.551317E+00 4.451597E-05
4.481174E+00 1.551438E+00 4.408600E-05
4.477254E+00 1.551560E+00 4.366601E-05
4.473338E+00 1.551680E+00 4.325464E-05
4.469432E+00 1.551801E+00 4.285063E-05
4.465532E+00 1.551921E+00 4.245283E-05
4.461639E+00 1.552040E+00 4.206020E-05
4.457752E+00 1.552160E+00 4.167185E-05
4.453873E+00 1.552278E+00 4.128693E-05
4.450000E+00 1.552397E+00 4.090475E-05
4.446134E+00 1.552515E+00 4.052467E-05
4.442275E+00 1.552633E+00 4.014615E-05
4.438422E+00 1.552750E+00 3.976873E-05
4.434576E+00 1.552867E+00 3.939200E-05
4.430737E+00 1.552984E+00 3.901563E-05
4.426904E+00 1.553100E+00 3.863936E-05
4.423076E+00 1.553216E+00 3.826294E-05
4.419257E+00 1.553331E+00 3.788621E-05
4.415444E+00 1.553447E+00 3.750901E-05
4.411638E+00 1.553561E+00 3.713125E-05
4.407838E+00 1.553676E+00 3.675284E-05
4.404045E+00 1.553790E+00 3.637375E-05
4.400258E+00 1.553904E+00 3.599396E-05
4.396478E+00 1.554017E+00 3.561345E-05
4.392704E+00 1.554130E+00 3.523227E-05
4.388937E+00 1.554243E+00 3.485044E-05
4.385176E+00 1.554355E+00 3.446803E-05
4.381422E+00 1.554468E+00 3.408510E-05
4.377672E+00 1.554579E+00 3.370173E-05
4.373931E+00 1.554691E+00 3.331804E-05
4.370196E+00 1.554802E+00 3.293412E-05
4.366467E+00 1.554912E+00 3.255009E-05
4.362745E+00 1.555023E+00 3.216608E-05
4.359029E+00 1.555133E+00 3.178224E-05
4.355319E+00 1.555243E+00 3.139872E-05
4.351616E+00 1.555352E+00 3.101567E-05
4.347919E+00 1.555461E+00 3.063326E-05
4.344228E+00 1.555570E+00 3.025168E-05
4.340543E+00 1.555678E+00 2.987111E-05
4.336865E+00 1.555786E+00 2.949176E-05
4.333193E+00 1.555894E+00 2.911382E-05
4.329525E+00 1.556002E+00 2.873754E-05
4.325866E+00 1.556109E+00 2.836313E-05
4.322212E+00 1.556216E+00 2.799084E-05
4.318565E+00 1.556322E+00 2.762094E-05
4.314924E+00 1.556429E+00 2.725370E-05
4.311289E+00 1.556534E+00 2.688940E-05
4.307660E+00 1.556640E+00 2.652836E-05
4.304037E+00 1.556745E+00 2.617091E-05
4.300420E+00 1.556850E+00 2.581739E-05
4.296810E+00 1.556955E+00 2.546817E-05
4.293205E+00 1.557060E+00 2.512365E-05
4.289607E+00 1.557164E+00 2.478424E-05
4.286014E+00 1.557268E+00 2.445040E-05
4.282426E+00 1.557371E+00 2.412262E-05
4.278846E+00 1.557474E+00 2.380139E-05
4.275271E+00 1.557577E+00 2.348728E-05
4.271702E+00 1.557680E+00 2.318087E-05
4.268140E+00 1.557782E+00 2.288278E-05
4.264583E+00 1.557884E+00 2.259370E-05
4.261033E+00 1.557986E+00 2.231434E-05
4.257488E+00 1.558088E+00 2.204545E-05
4.253949E+00 1.558189E+00 2.178785E-05
4.250416E+00 1.558290E+00 2.154239E-05
4.246889E+00 1.558391E+00 2.130999E-05
4.243367E+00 1.558491E+00 2.109160E-05
4.239850E+00 1.558591E+00 2.088824E-05
4.236340E+00 1.558691E+00 2.070096E-05
4.232836E+00 1.558791E+00 2.053086E-05
4.229338E+00 1.558890E+00 2.037909E-05
4.225846E+00 1.558989E+00 2.024686E-05
4.222360E+00 1.559088E+00 2.013537E-05
4.218879E+00 1.559186E+00 2.004588E-05
4.215404E+00 1.559284E+00 1.997969E-05
4.211934E+00 1.559382E+00 1.993808E-05
4.208471E+00 1.559480E+00 1.992235E-05
4.205013E+00 1.559577E+00 1.993381E-05
4.201561E+00 1.559674E+00 1.997375E-05
4.198114E+00 1.559771E+00 2.004341E-05
4.194671E+00 1.559868E+00 2.014401E-05
4.191236E+00 1.559964E+00 2.027672E-05
4.187806E+00 1.560060E+00 2.044260E-05
4.184382E+00 1.560156E+00 2.064267E-05
4.180964E+00 1.560251E+00 2.087780E-05
4.177551E+00 1.560346E+00 2.114874E-05
4.174144E+00 1.560441E+00 2.145613E-05
4.170742E+00 1.560536E+00 2.180041E-05
4.167346E+00 1.560630E+00 2.218184E-05
4.163955E+00 1.560724E+00 2.260051E-05
4.160570E+00 1.560818E+00 2.305625E-05
4.157190E+00 1.560912E+00 2.354868E-05
4.153814E+00 1.561005E+00 2.407718E-05
4.150445E+00 1.561098E+00 2.464084E-05
4.147082E+00 1.561190E+00 2.523850E-05
4.143724E+00 1.561283E+00 2.586870E-05
4.140372E+00 1.561375E+00 2.652969E-05
4.137025E+00 1.561466E+00 2.721944E-05
4.133683E+00 1.561558E+00 2.793560E-05
4.130347E+00 1.561649E+00 2.867554E-05
4.127016E+00 1.561740E+00 2.943635E-05
4.123691E+00 1.561830E+00 3.021483E-05
4.120371E+00 1.561921E+00 3.100751E-05
4.117056E+00 1.562010E+00 3.181070E-05
4.113747E+00 1.562100E+00 3.262045E-05
4.110441E+00 1.562189E+00 3.343262E-05
4.107142E+00 1.562278E+00 3.424290E-05
4.103849E+00 1.562367E+00 3.504683E-05
4.100561E+00 1.562455E+00 3.583984E-05
4.097278E+00 1.562543E+00 3.661730E-05
4.094000E+00 1.562631E+00 3.737454E-05
4.090727E+00 1.562719E+00 3.810688E-05
4.087460E+00 1.562806E+00 3.880972E-05
4.084198E+00 1.562893E+00 3.947853E-05
4.080941E+00 1.562979E+00 4.010894E-05
4.077690E+00 1.563066E+00 4.069676E-05
4.074443E+00 1.563152E+00 4.123799E-05
4.071202E+00 1.563237E+00 4.172895E-05
4.067964E+00 1.563323E+00 4.216622E-05
4.064733E+00 1.563408E+00 4.254675E-05
4.061507E+00 1.563493E+00 4.286786E-05
4.058287E+00 1.563578E+00 4.312727E-05
4.055071E+00 1.563662E+00 4.332313E-05
4.051861E+00 1.563746E+00 4.345405E-05
4.048655E+00 1.563830E+00 4.351912E-05
4.045455E+00 1.563914E+00 4.351790E-05
4.042259E+00 1.563997E+00 4.345043E-05
4.039069E+00 1.564080E+00 4.331724E-05
4.035884E+00 1.564163E+00 4.311936E-05
4.032704E+00 1.564246E+00 4.285829E-05
4.029527E+00 1.564329E+00 4.253596E-05
4.026357E+00 1.564411E+00 4.215477E-05
4.023191E+00 1.564493E+00 4.171751E-05
4.020031E+00 1.564576E+00 4.122737E-05
4.016876E+00 1.564657E+00 4.068786E-05
4.013725E+00 1.564739E+00 4.010283E-05
4.010580E+00 1.564821E+00 3.947637E-05
4.007439E+00 1.564902E+00 3.881283E-05
4.004304E+00 1.564983E+00 3.811672E-05
4.001173E+00 1.565064E+00 3.739270E-05
3.998047E+00 1.565145E+00 3.664550E-05
3.994926E+00 1.565225E+00 3.587992E-05
3.991810E+00 1.565306E+00 3.510075E-05
3.988698E+00 1.565386E+00 3.431275E-05
3.985591E+00 1.565466E+00 3.352056E-05
3.982490E+00 1.565546E+00 3.272873E-05
3.979393E+00 1.565626E+00 3.194163E-05
3.976301E+00 1.565706E+00 3.116343E-05
3.973214E+00 1.565786E+00 3.039810E-05
3.970132E+00 1.565865E+00 2.964931E-05
3.967054E+00 1.565944E+00 2.892050E-05
3.963982E+00 1.566023E+00 2.821478E-05
3.960914E+00 1.566102E+00 2.753496E-05
3.957850E+00 1.566181E+00 2.688352E-05
3.954792E+00 1.566259E+00 2.626263E-05
3.951738E+00 1.566338E+00 2.567410E-05
3.948688E+00 1.566416E+00 2.511942E-05
3.945643E+00 1.566494E+00 2.459976E-05
3.942604E+00 1.566572E+00 2.411595E-05
3.939569E+00 1.566649E+00 2.366850E-05
3.936538E+00 1.566727E+00 2.325763E-05
3.933513E+00 1.566804E+00 2.288329E-05
3.930492E+00 1.566881E+00 2.254512E-05
3.927475E+00 1.566958E+00 2.224255E-05
3.924463E+00 1.567034E+00 2.197473E-05
3.921456E+00 1.567111E+00 2.174062E-05
3.918454E+00 1.567187E+00 2.153901E-05
3.915456E+00 1.567263E+00 2.136847E-05
3.912461E+00 1.567339E+00 2.122745E-05
3.909472E+00 1.567414E+00 2.111427E-05
3.906488E+00 1.567490E+00 2.102712E-05
3.903508E+00 1.567565E+00 2.096414E-05
3.900533E+00 1.567640E+00 2.092335E-05
3.897563E+00 1.567715E+00 2.090277E-05
3.894597E+00 1.567789E+00 2.090035E-05
3.891635E+00 1.567864E+00 2.091404E-05
3.888678E+00 1.567938E+00 2.094179E-05
3.885725E+00 1.568012E+00 2.098157E-05
3.882777E+00 1.568086E+00 2.103136E-05
3.879834E+00 1.568159E+00 2.108919E-05
3.876895E+00 1.568232E+00 2.115314E-05
3.873958E+00 1.568305E+00 2.122135E-05
3.871028E+00 1.568378E+00 2.129203E-05
3.868102E+00 1.568451E+00 2.136346E-05
3.865181E+00 1.568524E+00 2.143401E-05
3.862264E+00 1.568596E+00 2.150213E-05
3.859351E+00 1.568668E+00 2.156637E-05
3.856443E+00 1.568740E+00 2.162537E-05
3.853539E+00 1.568811E+00 2.167788E-05
3.850640E+00 1.568883E+00 2.172274E-05
3.847745E+00 1.568954E+00 2.175889E-05
3.844854E+00 1.569025E+00 2.178537E-05
3.841968E+00 1.569096E+00 2.180135E-05
3.839085E+00 1.569167E+00 2.180608E-05
3.836206E+00 1.569237E+00 2.179890E-05
3.833333E+00 1.569308E+00 2.177928E-05
3.830464E+00 1.569378E+00 2.174676E-05
3.827599E+00 1.569448E+00 2.170101E-05
3.824738E+00 1.569518E+00 2.164175E-05
3.821882E+00 1.569587E+00 2.156883E-05
3.819030E+00 1.569657E+00 2.148216E-05
3.816182E+00 1.569726E+00 2.138176E-05
3.813339E+00 1.569795E+00 2.126769E-05
3.810499E+00 1.569864E+00 2.114013E-05
3.807664E+00 1.569932E+00 2.099931E-05
3.804833E+00 1.570001E+00 2.084552E-05
3.802005E+00 1.570069E+00 2.067913E-05
3.799183E+00 1.570137E+00 2.050055E-05
3.796365E+00 1.570206E+00 2.031028E-05
3.793550E+00 1.570273E+00 2.010882E-05
3.790741E+00 1.570341E+00 1.989674E-05
3.787935E+00 1.570409E+00 1.967466E-05
3.785133E+00 1.570476E+00 1.944322E-05
3.782336E+00 1.570543E+00 1.920308E-05
3.779542E+00 1.570610E+00 1.895495E-05
3.776753E+00 1.570677E+00 1.869954E-05
3.773968E+00 1.570744E+00 1.843757E-05
3.771187E+00 1.570811E+00 1.816980E-05
3.768410E+00 1.570877E+00 1.789697E-05
3.765636E+00 1.570943E+00 1.761983E-05
3.762867E+00 1.571009E+00 1.733913E-05
3.760102E+00 1.571075E+00 1.705561E-05
3.757342E+00 1.571141E+00 1.676999E-05
3.754585E+00 1.571207E+00 1.648301E-05
3.751833E+00 1.571273E+00 1.619536E-05
3.749084E+00 1.571338E+00 1.590771E-05
3.746340E+00 1.571403E+00 1.562073E-05
3.743599E+00 1.571468E+00 1.533506E-05
3.740863E+00 1.571533E+00 1.505129E-05
3.738131E+00 1.571598E+00 1.477000E-05
3.735402E+00 1.571663E+00 1.449174E-05
3.732676E+00 1.571727E+00 1.421702E-05
3.729956E+00 1.571791E+00 1.394631E-05
3.727239E+00 1.571856E+00 1.368006E-05
3.724527E+00 1.571920E+00 1.341867E-05
3.721818E+00 1.571983E+00 1.316251E-05
3.719113E+00 1.572047E+00 1.291193E-05
3.716412E+00 1.572111E+00 1.266721E-05
3.713716E+00 1.572174E+00 1.242862E-05
3.711023E+00 1.572238E+00 1.219638E-05
3.708334E+00 1.572301E+00 1.197069E-05
3.705648E+00 1.572364E+00 1.175171E-05
3.702967E+00 1.572427E+00 1.153956E-05
3.700290E+00 1.572489E+00 1.133434E-05
3.697615E+00 1.572552E+00 1.113610E-05
3.694945E+00 1.572614E+00 1.094489E-05
3.692280E+00 1.572677E+00 1.076071E-05
3.689618E+00 1.572739E+00 1.058354E-05
3.686959E+00 1.572801E+00 1.041333E-05
3.684305E+00 1.572862E+00 1.025003E-05
3.681655E+00 1.572924E+00 1.009355E-05
3.679008E+00 1.572986E+00 9.943781E-06
3.676365E+00 1.573047E+00 9.800599E-06
3.673726E+00 1.573108E+00 9.663867E-06
3.671091E+00 1.573169E+00 9.533432E-06
3.668459E+00 1.573230E+00 9.409132E-06
3.665832E+00 1.573291E+00 9.290790E-06
3.663206E+00 1.573352E+00 9.178222E-06
3.660586E+00 1.573412E+00 9.071238E-06
3.657970E+00 1.573473E+00 8.969640E-06
3.655357E+00 1.573533E+00 8.873225E-06
3.652748E+00 1.573593E+00 8.781790E-06
3.650143E+00 1.573653E+00 8.695125E-06
3.647541E+00 1.573713E+00 8.613023E-06
3.644943E+00 1.573772E+00 8.535276E-06
3.642349E+00 1.573832E+00 8.461676E-06
3.639759E+00 1.573891E+00 8.392020E-06
3.637172E+00 1.573950E+00 8.326104E-06
3.634589E+00 1.574009E+00 8.263730E-06
3.632008E+00 1.574068E+00 8.204704E-06
3.629432E+00 1.574127E+00 8.148837E-06
3.626860E+00 1.574186E+00 8.095943E-06
3.624291E+00 1.574244E+00 8.045845E-06
3.621727E+00 1.574303E+00 7.998369E-06
3.619165E+00 1.574361E+00 7.953350E-06
3.616608E+00 1.574419E+00 7.910628E-06
3.614054E+00 1.574477E+00 7.870049E-06
3.611503E+00 1.574535E+00 7.831467E-06
3.608957E+00 1.574592E+00 7.794743E-06
3.606413E+00 1.574650E+00 7.759743E-06
3.603874E+00 1.574707E+00 7.726343E-06
3.601338E+00 1.574765E+00 7.694422E-06
3.598804E+00 1.574822E+00 7.663868E-06
3.596275E+00 1.574879E+00 7.634576E-06
3.593750E+00 1.574936E+00 7.606444E-06
3.591228E+00 1.574992E+00 7.579381E-06
3.588709E+00 1.575049E+00 7.553298E-06
3.586195E+00 1.575105E+00 7.528113E-06
3.583683E+00 1.575162E+00 7.503749E-06
3.581176E+00 1.575218E+00 7.480137E-06
3.578672E+00 1.575274E+00 7.457210E-06
3.576171E+00 1.575330E+00 7.434906E-06
3.573674E+00 1.575386E+00 7.413169E-06
3.571180E+00 1.575441E+00 7.391947E-06
3.568690E+00 1.575497E+00 7.371192E-06
3.566202E+00 1.575552E+00 7.350859E-06
3.563718E+00 1.575608E+00 7.330907E-06
3.561238E+00 1.575663E+00 7.311300E-06
3.558762E+00 1.575718E+00 7.292003E-06
3.556289E+00 1.575773E+00 7.272985E-06
3.553819E+00 1.575827E+00 7.254217E-06
3.551353E+00 1.575882E+00 7.235675E-06
3.548891E+00 1.575937E+00 7.217333E-06
3.546431E+00 1.575991E+00 7.199171E-06
3.543975E+00 1.576045E+00 7.181170E-06
3.541523E+00 1.576099E+00 7.163312E-06
3.539074E+00 1.576153E+00 7.145581E-06
3.536627E+00 1.576207E+00 7.127964E-06
3.534185E+00 1.576261E+00 7.110447E-06
3.531746E+00 1.576315E+00 7.093019E-06
3.529310E+00 1.576368E+00 7.075670E-06
3.526878E+00 1.576422E+00 7.058391E-06
3.524449E+00 1.576475E+00 7.041173E-06
3.522023E+00 1.576528E+00 7.024010E-06
3.519601E+00 1.576581E+00 7.006894E-06
3.517182E+00 1.576634E+00 6.989821E-06
3.514767E+00 1.576687E+00 6.972784E-06
3.512355E+00 1.576739E+00 6.955780E-06
3.509946E+00 1.576792E+00 6.938804E-06
3.507540E+00 1.576844E+00 6.921854E-06
3.505136E+00 1.576897E+00 6.904925E-06
3.502737E+00 1.576949E+00 6.888016E-06
3.500342E+00 1.577001E+00 6.871123E-06
3.497949E+00 1.577053E+00 6.854246E-06
3.495560E+00 1.577105E+00 6.837381E-06
3.493174E+00 1.577156E+00 6.820529E-06
3.490791E+00 1.577208E+00 6.803686E-06
3.488412E+00 1.577259E+00 6.786853E-06
3.486036E+00 1.577311E+00 6.770028E-06
3.483663E+00 1.577362E+00 6.753210E-06
3.481293E+00 1.577413E+00 6.736399E-06
3.478926E+00 1.577464E+00 6.719594E-06
3.476563E+00 1.577515E+00 6.702794E-06
3.474202E+00 1.577566E+00 6.686000E-06
3.471845E+00 1.577617E+00 6.669210E-06
3.469491E+00 1.577667E+00 6.652425E-06
3.467141E+00 1.577718E+00 6.635645E-06
3.464793E+00 1.577768E+00 6.618869E-06
3.462449E+00 1.577818E+00 6.602096E-06
3.460108E+00 1.577868E+00 6.585328E-06
3.457770E+00 1.577918E+00 6.568564E-06
3.455436E+00 1.577968E+00 6.551804E-06
3.453104E+00 1.578018E+00 6.535047E-06
3.450776E+00 1.578068E+00 6.518295E-06
3.448451E+00 1.578117E+00 6.501547E-06
3.446127E+00 1.578167E+00 6.484803E-06
3.443808E+00 1.578216E+00 6.468064E-06
3.441493E+00 1.578265E+00 6.451328E-06
3.439180E+00 1.578314E+00 6.434597E-06
3.436870E+00 1.578363E+00 6.417871E-06
3.434564E+00 1.578412E+00 6.401149E-06
3.432260E+00 1.578461E+00 6.384432E-06
3.429960E+00 1.578510E+00 6.367720E-06
3.427663E+00 1.578558E+00 6.351013E-06
3.425368E+00 1.578607E+00 6.334311E-06
3.423077E+00 1.578655E+00 6.317615E-06
3.420789E+00 1.578703E+00 6.300924E-06
3.418504E+00 1.578752E+00 6.284238E-06
3.416221E+00 1.578800E+00 6.267559E-06
3.413942E+00 1.578848E+00 6.250885E-06
3.411666E+00 1.578895E+00 6.234217E-06
3.409393E+00 1.578943E+00 6.217556E-06
3.407124E+00 1.578991E+00 6.200901E-06
3.404857E+00 1.579038E+00 6.184252E-06
3.402593E+00 1.579086E+00 6.167610E-06
3.400332E+00 1.579133E+00 6.150975E-06
3.398075E+00 1.579180E+00 6.134347E-06
3.395820E+00 1.579227E+00 6.117726E-06
3.393568E+00 1.579274E+00 6.101112E-06
3.391319E+00 1.579321E+00 6.084506E-06
3.389072E+00 1.579368E+00 6.067907E-06
3.386829E+00 1.579415E+00 6.051316E-06
3.384590E+00 1.579461E+00 6.034733E-06
3.382353E+00 1.579508E+00 6.018158E-06
3.380119E+00 1.579554E+00 6.001591E-06
3.377888E+00 1.579601E+00 5.985033E-06
3.375660E+00 1.579647E+00 5.968483E-06
3.373434E+00 1.579693E+00 5.951941E-06
3.371212E+00 1.579739E+00 5.935409E-06
3.368993E+00 1.579785E+00 5.918885E-06
3.366777E+00 1.579831E+00 5.902371E-06
3.364563E+00 1.579876E+00 5.885866E-06
3.362353E+00 1.579922E+00 5.869371E-06
3.360144E+00 1.579967E+00 5.852884E-06
3.357939E+00 1.580013E+00 5.836408E-06
3.355737E+00 1.580058E+00 5.819942E-06
3.353538E+00 1.580103E+00 5.803486E-06
3.351342E+00 1.580148E+00 5.787039E-06
3.349149E+00 1.580193E+00 5.770604E-06
3.346959E+00 1.580238E+00 5.754178E-06
3.344771E+00 1.580283E+00 5.737764E-06
3.342587E+00 1.580328E+00 5.721360E-06
3.340405E+00 1.580373E+00 5.704967E-06
3.338226E+00 1.580417E+00 5.688585E-06
3.336050E+00 1.580462E+00 5.672215E-06
3.333877E+00 1.580506E+00 5.655855E-06
3.331705E+00 1.580550E+00 5.639508E-06
3.329538E+00 1.580594E+00 5.623172E-06
3.327373E+00 1.580638E+00 5.606848E-06
3.325211E+00 1.580682E+00 5.590536E-06
3.323052E+00 1.580726E+00 5.574236E-06
3.320895E+00 1.580770E+00 5.557948E-06
3.318742E+00 1.580814E+00 5.541673E-06
3.316591E+00 1.580857E+00 5.525411E-06
3.314443E+00 1.580901E+00 5.509161E-06
3.312298E+00 1.580944E+00 5.492924E-06
3.310156E+00 1.580988E+00 5.476700E-06
3.308016E+00 1.581031E+00 5.460489E-06
3.305878E+00 1.581074E+00 5.444291E-06
3.303744E+00 1.581117E+00 5.428107E-06
3.301613E+00 1.581160E+00 5.411937E-06
3.299484E+00 1.581203E+00 5.395780E-06
3.297358E+00 1.581246E+00 5.379637E-06
3.295235E+00 1.581288E+00 5.363508E-06
3.293115E+00 1.581331E+00 5.347394E-06
3.290997E+00 1.581373E+00 5.331293E-06
3.288882E+00 1.581416E+00 5.315207E-06
3.286770E+00 1.581458E+00 5.299136E-06
3.284660E+00 1.581500E+00 5.283079E-06
3.282553E+00 1.581543E+00 5.267038E-06
3.280449E+00 1.581585E+00 5.251011E-06
3.278347E+00 1.581627E+00 5.234999E-06
3.276248E+00 1.581669E+00 5.219003E-06
3.274152E+00 1.581710E+00 5.203022E-06
3.272059E+00 1.581752E+00 5.187057E-06
3.269968E+00 1.581794E+00 5.171107E-06
3.267880E+00 1.581835E+00 5.155173E-06
3.265795E+00 1.581877E+00 5.139256E-06
3.263712E+00 1.581918E+00 5.123354E-06
3.261632E+00 1.581959E+00 5.107468E-06
3.259554E+00 1.582001E+00 5.091599E-06
3.257480E+00 1.582042E+00 5.075747E-06
3.255408E+00 1.582083E+00 5.059911E-06
3.253338E+00 1.582124E+00 5.044092E-06
3.251270E+00 1.582165E+00 5.028289E-06
3.249206E+00 1.582205E+00 5.012504E-06
3.247144E+00 1.582246E+00 4.996736E-06
3.245085E+00 1.582287E+00 4.980985E-06
3.243029E+00 1.582327E+00 4.965252E-06
3.240975E+00 1.582368E+00 4.949536E-06
3.238924E+00 1.582408E+00 4.933838E-06
3.236876E+00 1.582448E+00 4.918158E-06
3.234830E+00 1.582488E+00 4.902496E-06
3.232786E+00 1.582529E+00 4.886852E-06
3.230745E+00 1.582569E+00 4.871226E-06
3.228707E+00 1.582609E+00 4.855618E-06
3.226670E+00 1.582648E+00 4.840029E-06
3.224637E+00 1.582688E+00 4.824458E-06
3.222607E+00 1.582728E+00 4.808906E-06
3.220579E+00 1.582768E+00 4.793373E-06
3.218553E+00 1.582807E+00 4.777859E-06
3.216530E+00 1.582847E+00 4.762364E-06
3.214510E+00 1.582886E+00 4.746889E-06
3.212492E+00 1.582925E+00 4.731432E-06
3.210477E+00 1.582964E+00 4.715995E-06
3.208464E+00 1.583004E+00 4.700578E-06
3.206454E+00 1.583043E+00 4.685180E-06
3.204446E+00 1.583082E+00 4.669802E-06
3.202441E+00 1.583121E+00 4.654444E-06
3.200437E+00 1.583159E+00 4.639106E-06
3.198437E+00 1.583198E+00 4.623789E-06
3.196439E+00 1.583237E+00 4.608491E-06
3.194444E+00 1.583275E+00 4.593214E-06
3.192452E+00 1.583314E+00 4.577958E-06
3.190461E+00 1.583352E+00 4.562722E-06
3.188474E+00 1.583391E+00 4.547507E-06
3.186488E+00 1.583429E+00 4.532313E-06
3.184505E+00 1.583467E+00 4.517140E-06
3.182525E+00 1.583505E+00 4.501987E-06
3.180547E+00 1.583543E+00 4.486857E-06
3.178572E+00 1.583581E+00 4.471747E-06
3.176599E+00 1.583619E+00 4.456659E-06
3.174627E+00 1.583657E+00 4.441592E-06
3.172659E+00 1.583695E+00 4.426548E-06
3.170694E+00 1.583732E+00 4.411524E-06
3.168730E+00 1.583770E+00 4.396523E-06
3.166770E+00 1.583808E+00 4.381544E-06
3.164811E+00 1.583845E+00 4.366587E-06
3.162855E+00 1.583882E+00 4.351652E-06
3.160902E+00 1.583920E+00 4.336739E-06
3.158951E+00 1.583957E+00 4.321849E-06
3.157002E+00 1.583994E+00 4.306982E-06
3.155056E+00 1.584031E+00 4.292137E-06
3.153112E+00 1.584068E+00 4.277314E-06
3.151169E+00 1.584105E+00 4.262515E-06
3.149230E+00 1.584142E+00 4.247738E-06
3.147294E+00 1.584179E+00 4.232985E-06
3.145359E+00 1.584215E+00 4.218255E-06
3.143427E+00 1.584252E+00 4.203548E-06
3.141498E+00 1.584289E+00 4.188864E-06
3.139571E+00 1.584325E+00 4.174204E-06
3.137646E+00 1.584361E+00 4.159567E-06
3.135723E+00 1.584398E+00 4.144954E-06
3.133803E+00 1.584434E+00 4.130365E-06
3.131885E+00 1.584470E+00 4.115800E-06
3.129970E+00 1.584506E+00 4.101258E-06
3.128057E+00 1.584542E+00 4.086741E-06
3.126145E+00 1.584578E+00 4.072248E-06
3.124237E+00 1.584614E+00 4.057779E-06
3.122330E+00 1.584650E+00 4.043334E-06
3.120427E+00 1.584686E+00 4.028914E-06
3.118525E+00 1.584722E+00 4.014518E-06
3.116626E+00 1.584757E+00 4.000147E-06
3.114729E+00 1.584793E+00 3.985801E-06
3.112835E+00 1.584828E+00 3.971479E-06
3.110942E+00 1.584864E+00 3.957182E-06
3.109053E+00 1.584899E+00 3.942911E-06
3.107165E+00 1.584934E+00 3.928664E-06
3.105280E+00 1.584970E+00 3.914442E-06
3.103396E+00 1.585005E+00 3.900246E-06
3.101515E+00 1.585040E+00 3.886075E-06
3.099636E+00 1.585075E+00 3.871930E-06
3.097760E+00 1.585110E+00 3.857809E-06
3.095886E+00 1.585145E+00 3.843715E-06
3.094014E+00 1.585179E+00 3.829646E-06
3.092145E+00 1.585214E+00 3.815603E-06
3.090278E+00 1.585249E+00 3.801586E-06
3.088413E+00 1.585283E+00 3.787595E-06
3.086550E+00 1.585318E+00 3.773630E-06
3.084690E+00 1.585352E+00 3.759690E-06
3.082832E+00 1.585387E+00 3.745777E-06
3.080976E+00 1.585421E+00 3.731891E-06
3.079121E+00 1.585455E+00 3.718030E-06
3.077270E+00 1.585490E+00 3.704196E-06
3.075420E+00 1.585524E+00 3.690388E-06
3.073573E+00 1.585558E+00 3.676607E-06
3.071729E+00 1.585592E+00 3.662853E-06
3.069886E+00 1.585626E+00 3.649125E-06
3.068046E+00 1.585660E+00 3.635425E-06
3.066207E+00 1.585693E+00 3.621751E-06
3.064371E+00 1.585727E+00 3.608103E-06
3.062538E+00 1.585761E+00 3.594483E-06
3.060706E+00 1.585794E+00 3.580890E-06
3.058877E+00 1.585828E+00 3.567324E-06
3.057049E+00 1.585861E+00 3.553786E-06
3.055223E+00 1.585895E+00 3.540275E-06
3.053401E+00 1.585928E+00 3.526791E-06
3.051580E+00 1.585962E+00 3.513334E-06
3.049761E+00 1.585995E+00 3.499905E-06
3.047945E+00 1.586028E+00 3.486503E-06
3.046131E+00 1.586061E+00 3.473130E-06
3.044319E+00 1.586094E+00 3.459783E-06
3.042509E+00 1.586127E+00 3.446465E-06
3.040701E+00 1.586160E+00 3.433175E-06
3.038896E+00 1.586193E+00 3.419912E-06
3.037092E+00 1.586226E+00 3.406677E-06
3.035291E+00 1.586258E+00 3.393471E-06
3.033491E+00 1.586291E+00 3.380292E-06
3.031694E+00 1.586324E+00 3.367141E-06
3.029899E+00 1.586356E+00 3.354019E-06
3.028106E+00 1.586389E+00 3.340925E-06
3.026316E+00 1.586421E+00 3.327860E-06
3.024527E+00 1.586453E+00 3.314822E-06
3.022741E+00 1.586486E+00 3.301814E-06
3.020956E+00 1.586518E+00 3.288833E-06
3.019174E+00 1.586550E+00 3.275881E-06
3.017394E+00 1.586582E+00 3.262958E-06
3.015616E+00 1.586614E+00 3.250064E-06
3.013840E+00 1.586646E+00 3.237198E-06
3.012066E+00 1.586678E+00 3.224361E-06
3.010294E+00 1.586710E+00 3.211553E-06
3.008524E+00 1.586742E+00 3.198774E-06
3.006756E+00 1.586773E+00 3.186023E-06
3.004991E+00 1.586805E+00 3.173302E-06
3.003228E+00 1.586837E+00 3.160610E-06
3.001466E+00 1.586868E+00 3.147946E-06
2.999707E+00 1.586900E+00 3.135312E-06
2.997950E+00 1.586931E+00 3.122708E-06
2.996195E+00 1.586963E+00 3.110132E-06
2.994441E+00 1.586994E+00 3.097585E-06
2.992690E+00 1.587025E+00 3.085068E-06
2.990941E+00 1.587056E+00 3.072581E-06
2.989194E+00 1.587088E+00 3.060122E-06
2.987449E+00 1.587119E+00 3.047694E-06
2.985706E+00 1.587150E+00 3.035294E-06
2.983965E+00 1.587181E+00 3.022925E-06
2.982226E+00 1.587212E+00 3.010584E-06
2.980489E+00 1.587242E+00 2.998274E-06
2.978754E+00 1.587273E+00 2.985993E-06
2.977022E+00 1.587304E+00 2.973742E-06
2.975291E+00 1.587335E+00 2.961521E-06
2.973562E+00 1.587365E+00 2.949329E-06
2.971835E+00 1.587396E+00 2.937167E-06
2.970111E+00 1.587426E+00 2.925035E-06
2.968388E+00 1.587457E+00 2.912933E-06
2.966666E+00 1.587487E+00 2.900861E-06
2.964948E+00 1.587518E+00 2.888819E-06
2.963231E+00 1.587548E+00 2.876807E-06
2.961516E+00 1.587578E+00 2.864825E-06
2.959803E+00 1.587608E+00 2.852873E-06
2.958092E+00 1.587638E+00 2.840952E-06
2.956384E+00 1.587669E+00 2.829060E-06
2.954677E+00 1.587699E+00 2.817198E-06
2.952972E+00 1.587729E+00 2.805367E-06
2.951269E+00 1.587758E+00 2.793566E-06
2.949568E+00 1.587788E+00 2.781795E-06
2.947869E+00 1.587818E+00 2.770055E-06
2.946172E+00 1.587848E+00 2.758345E-06
2.944476E+00 1.587877E+00 2.746665E-06
2.942783E+00 1.587907E+00 2.735016E-06
2.941092E+00 1.587937E+00 2.723397E-06
2.939402E+00 1.587966E+00 2.711808E-06
2.937715E+00 1.587996E+00 2.700250E-06
2.936030E+00 1.588025E+00 2.688723E-06
2.934346E+00 1.588054E+00 2.677226E-06
2.932665E+00 1.588084E+00 2.665759E-06
2.930985E+00 1.588113E+00 2.654323E-06
2.929308E+00 1.588142E+00 2.642918E-06
2.927632E+00 1.588171E+00 2.631543E-06
2.925958E+00 1.588200E+00 2.620199E-06
2.924286E+00 1.588229E+00 2.608886E-06
2.922615E+00 1.588258E+00 2.597603E-06
2.920947E+00 1.588287E+00 2.586351E-06
2.919281E+00 1.588316E+00 2.575129E-06
2.917617E+00 1.588345E+00 2.563938E-06
2.915954E+00 1.588374E+00 2.552778E-06
2.914294E+00 1.588403E+00 2.541649E-06
2.912635E+00 1.588431E+00 2.530551E-06
2.910978E+00 1.588460E+00 2.519483E-06
2.909324E+00 1.588488E+00 2.508446E-06
2.907671E+00 1.588517E+00 2.497440E-06
2.906020E+00 1.588545E+00 2.486465E-06
2.904370E+00 1.588574E+00 2.475520E-06
2.902722E+00 1.588602E+00 2.464607E-06
2.901077E+00 1.588630E+00 2.453724E-06
2.899433E+00 1.588659E+00 2.442872E-06
2.897791E+00 1.588687E+00 2.432051E-06
2.896152E+00 1.588715E+00 2.421261E-06
2.894514E+00 1.588743E+00 2.410502E-06
2.892877E+00 1.588771E+00 2.399774E-06
2.891243E+00 1.588799E+00 2.389076E-06
2.889611E+00 1.588827E+00 2.378410E-06
2.887980E+00 1.588855E+00 2.367774E-06
2.886351E+00 1.588883E+00 2.357170E-06
2.884724E+00 1.588911E+00 2.346596E-06
2.883099E+00 1.588938E+00 2.336053E-06
2.881475E+00 1.588966E+00 2.325542E-06
2.879853E+00 1.588994E+00 2.315061E-06
2.878234E+00 1.589021E+00 2.304611E-06
2.876616E+00 1.589049E+00 2.294192E-06
2.875000E+00 1.589076E+00 2.283804E-06
2.873386E+00 1.589104E+00 2.273448E-06
2.871773E+00 1.589131E+00 2.263122E-06
2.870163E+00 1.589159E+00 2.252827E-06
2.868554E+00 1.589186E+00 2.242563E-06
2.866947E+00 1.589213E+00 2.232329E-06
2.865342E+00 1.589240E+00 2.222127E-06
2.863738E+00 1.589268E+00 2.211956E-06
2.862136E+00 1.589295E+00 2.201816E-06
2.860536E+00 1.589322E+00 2.191707E-06
2.858938E+00 1.589349E+00 2.181628E-06
2.857342E+00 1.589376E+00 2.171581E-06
2.855748E+00 1.589403E+00 2.161565E-06
2.854155E+00 1.589430E+00 2.151579E-06
2.852564E+00 1.589456E+00 2.141625E-06
2.850975E+00 1.589483E+00 2.131701E-06
2.849388E+00 1.589510E+00 2.121808E-06
2.847802E+00 1.589537E+00 2.111946E-06
2.846218E+00 1.589563E+00 2.102116E-06
2.844636E+00 1.589590E+00 2.092316E-06
2.843056E+00 1.589616E+00 2.082546E-06
2.841477E+00 1.589643E+00 2.072808E-06
2.839900E+00 1.589669E+00 2.063101E-06
2.838325E+00 1.589696E+00 2.053424E-06
2.836751E+00 1.589722E+00 2.043778E-06
2.835180E+00 1.589748E+00 2.034164E-06
2.833610E+00 1.589775E+00 2.024579E-06
2.832042E+00 1.589801E+00 2.015026E-06
2.830476E+00 1.589827E+00 2.005504E-06
2.828911E+00 1.589853E+00 1.996012E-06
2.827348E+00 1.589879E+00 1.986551E-06
2.825787E+00 1.589905E+00 1.977121E-06
2.824228E+00 1.589931E+00 1.967721E-06
2.822670E+00 1.589957E+00 1.958352E-06
2.821113E+00 1.589983E+00 1.949014E-06
2.819559E+00 1.590009E+00 1.939707E-06
2.818006E+00 1.590035E+00 1.930430E-06
2.816456E+00 1.590060E+00 1.921184E-06
2.814906E+00 1.590086E+00 1.911968E-06
2.813359E+00 1.590112E+00 1.902783E-06
2.811813E+00 1.590137E+00 1.893629E-06
2.810269E+00 1.590163E+00 1.884505E-06
2.808727E+00 1.590189E+00 1.875412E-06
2.807186E+00 1.590214E+00 1.866349E-06
2.805647E+00 1.590239E+00 1.857317E-06
2.804110E+00 1.590265E+00 1.848315E-06
2.802574E+00 1.590290E+00 1.839344E-06
2.801040E+00 1.590316E+00 1.830403E-06
2.799507E+00 1.590341E+00 1.821493E-06
2.797977E+00 1.590366E+00 1.812613E-06
2.796448E+00 1.590391E+00 1.803763E-06
2.794921E+00 1.590416E+00 1.794943E-06
2.793395E+00 1.590441E+00 1.786154E-06
2.791871E+00 1.590467E+00 1.777396E-06
2.790349E+00 1.590492E+00 1.768667E-06
2.788829E+00 1.590516E+00 1.759969E-06
2.787310E+00 1.590541E+00 1.751301E-06
2.785792E+00 1.590566E+00 1.742663E-06
2.784277E+00 1.590591E+00 1.734055E-06
2.782762E+00 1.590616E+00 1.725477E-06
2.781250E+00 1.590641E+00 1.716929E-06
2.779739E+00 1.590665E+00 1.708412E-06
2.778230E+00 1.590690E+00 1.699924E-06
2.776723E+00 1.590715E+00 1.691467E-06
2.775217E+00 1.590739E+00 1.683039E-06
2.773713E+00 1.590764E+00 1.674642E-06
2.772210E+00 1.590788E+00 1.666274E-06
2.770709E+00 1.590813E+00 1.657936E-06
2.769210E+00 1.590837E+00 1.649628E-06
2.767713E+00 1.590861E+00 1.641350E-06
2.766217E+00 1.590886E+00 1.633101E-06
2.764722E+00 1.590910E+00 1.624882E-06
2.763229E+00 1.590934E+00 1.616693E-06
2.761737E+00 1.590959E+00 1.608534E-06
2.760248E+00 1.590983E+00 1.600404E-06
2.758760E+00 1.591007E+00 1.592304E-06
2.757274E+00 1.591031E+00 1.584233E-06
2.755789E+00 1.591055E+00 1.576192E-06
2.754306E+00 1.591079E+00 1.568181E-06
2.752824E+00 1.591103E+00 1.560198E-06
2.751344E+00 1.591127E+00 1.552246E-06
2.749866E+00 1.591151E+00 1.544322E-06
2.748389E+00 1.591175E+00 1.536428E-06
2.746914E+00 1.591198E+00 1.528563E-06
2.745440E+00 1.591222E+00 1.520728E-06
2.743968E+00 1.591246E+00 1.512922E-06
2.742497E+00 1.591269E+00 1.505145E-06
2.741028E+00 1.591293E+00 1.497397E-06
2.739561E+00 1.591317E+00 1.489678E-06
2.738095E+00 1.591340E+00 1.481988E-06
2.736631E+00 1.591364E+00 1.474327E-06
2.735168E+00 1.591387E+00 1.466695E-06
2.733707E+00 1.591411E+00 1.459092E-06
2.732248E+00 1.591434E+00 1.451518E-06
2.730790E+00 1.591457E+00 1.443973E-06
2.729334E+00 1.591481E+00 1.436457E-06
2.727879E+00 1.591504E+00 1.428969E-06
2.726425E+00 1.591527E+00 1.421510E-06
2.724973E+00 1.591550E+00 1.414080E-06
2.723523E+00 1.591574E+00 1.406678E-06
2.722074E+00 1.591597E+00 1.399305E-06
2.720627E+00 1.591620E+00 1.391961E-06
2.719182E+00 1.591643E+00 1.384644E-06
2.717738E+00 1.591666E+00 1.377357E-06
2.716295E+00 1.591689E+00 1.370098E-06
2.714854E+00 1.591712E+00 1.362867E-06
2.713415E+00 1.591735E+00 1.355664E-06
2.711977E+00 1.591757E+00 1.348490E-06
2.710541E+00 1.591780E+00 1.341344E-06
2.709106E+00 1.591803E+00 1.334226E-06
2.707672E+00 1.591826E+00 1.327136E-06
2.706240E+00 1.591848E+00 1.320074E-06
2.704810E+00 1.591871E+00 1.313040E-06
2.703381E+00 1.591894E+00 1.306034E-06
2.701953E+00 1.591916E+00 1.299057E-06
2.700528E+00 1.591939E+00 1.292106E-06
2.699103E+00 1.591961E+00 1.285184E-06
2.697681E+00 1.591984E+00 1.278290E-06
2.696259E+00 1.592006E+00 1.271423E-06
2.694840E+00 1.592029E+00 1.264584E-06
2.693421E+00 1.592051E+00 1.257772E-06
2.692005E+00 1.592073E+00 1.250988E-06
2.690589E+00 1.592096E+00 1.244232E-06
2.689175E+00 1.592118E+00 1.237503E-06
2.687762E+00 1.592140E+00 1.230801E-06
2.686352E+00 1.592162E+00 1.224127E-06
2.684942E+00 1.592184E+00 1.217480E-06
2.683534E+00 1.592206E+00 1.210860E-06
2.682128E+00 1.592228E+00 1.204268E-06
2.680723E+00 1.592250E+00 1.197702E-06
2.679319E+00 1.592272E+00 1.191164E-06
2.677917E+00 1.592294E+00 1.184653E-06
2.676517E+00 1.592316E+00 1.178168E-06
2.675118E+00 1.592338E+00 1.171711E-06
2.673720E+00 1.592360E+00 1.165280E-06
2.672323E+00 1.592382E+00 1.158877E-06
2.670929E+00 1.592404E+00 1.152500E-06
2.669536E+00 1.592425E+00 1.146149E-06
2.668144E+00 1.592447E+00 1.139826E-06
2.666753E+00 1.592469E+00 1.133528E-06
2.665365E+00 1.592490E+00 1.127258E-06
2.663977E+00 1.592512E+00 1.121014E-06
2.662591E+00 1.592533E+00 1.114796E-06
2.661207E+00 1.592555E+00 1.108605E-06
2.659823E+00 1.592576E+00 1.102440E-06
2.658442E+00 1.592598E+00 1.096301E-06
2.657062E+00 1.592619E+00 1.090188E-06
2.655682E+00 1.592641E+00 1.084102E-06
2.654305E+00 1.592662E+00 1.078041E-06
2.652929E+00 1.592683E+00 1.072007E-06
2.651554E+00 1.592705E+00 1.065998E-06
2.650181E+00 1.592726E+00 1.060016E-06
2.648809E+00 1.592747E+00 1.054059E-06
2.647439E+00 1.592768E+00 1.048128E-06
2.646070E+00 1.592789E+00 1.042222E-06
2.644703E+00 1.592811E+00 1.036343E-06
2.643337E+00 1.592832E+00 1.030489E-06
2.641972E+00 1.592853E+00 1.024660E-06
2.640609E+00 1.592874E+00 1.018857E-06
2.639247E+00 1.592895E+00 1.013079E-06
2.637886E+00 1.592916E+00 1.007327E-06
2.636527E+00 1.592936E+00 1.001600E-06
2.635170E+00 1.592957E+00 9.958980E-07
2.633814E+00 1.592978E+00 9.902213E-07
2.632459E+00 1.592999E+00 9.845697E-07
2.631105E+00 1.593020E+00 9.789432E-07
2.629753E+00 1.593040E+00 9.733416E-07
2.628403E+00 1.593061E+00 9.677649E-07
2.627054E+00 1.593082E+00 9.622131E-07
2.625706E+00 1.593102E+00 9.566861E-07
2.624359E+00 1.593123E+00 9.511838E-07
2.623014E+00 1.593144E+00 9.457062E-07
2.621670E+00 1.593164E+00 9.402532E-07
2.620327E+00 1.593185E+00 9.348247E-07
2.618986E+00 1.593205E+00 9.294207E-07
2.617647E+00 1.593225E+00 9.240411E-07
2.616309E+00 1.593246E+00 9.186859E-07
2.614972E+00 1.593266E+00 9.133549E-07
2.613636E+00 1.593287E+00 9.080482E-07
2.612302E+00 1.593307E+00 9.027656E-07
2.610969E+00 1.593327E+00 8.975071E-07
2.609638E+00 1.593347E+00 8.922726E-07
2.608308E+00 1.593368E+00 8.870621E-07
2.606979E+00 1.593388E+00 8.818756E-07
2.605652E+00 1.593408E+00 8.767128E-07
2.604325E+00 1.593428E+00 8.715738E-07
2.603001E+00 1.593448E+00 8.664585E-07
2.601677E+00 1.593468E+00 8.613669E-07
2.600356E+00 1.593488E+00 8.562989E-07
2.599035E+00 1.593508E+00 8.512543E-07
2.597716E+00 1.593528E+00 8.462332E-07
2.596398E+00 1.593548E+00 8.412355E-07
2.595081E+00 1.593568E+00 8.362611E-07
2.593766E+00 1.593588E+00 8.313099E-07
2.592452E+00 1.593607E+00 8.263820E-07
2.591139E+00 1.593627E+00 8.214771E-07
2.589828E+00 1.593647E+00 8.165953E-07
2.588518E+00 1.593667E+00 8.117365E-07
2.587209E+00 1.593686E+00 8.069007E-07
2.585902E+00 1.593706E+00 8.020876E-07
2.584596E+00 1.593726E+00 7.972974E-07
2.583291E+00 1.593745E+00 7.925299E-07
2.581988E+00 1.593765E+00 7.877850E-07
2.580686E+00 1.593784E+00 7.830627E-07
2.579385E+00 1.593804E+00 7.783630E-07
2.578086E+00 1.593823E+00 7.736857E-07
2.576788E+00 1.593843E+00 7.690308E-07
2.575491E+00 1.593862E+00 7.643982E-07
2.574195E+00 1.593882E+00 7.597879E-07
2.572901E+00 1.593901E+00 7.551997E-07
2.571608E+00 1.593920E+00 7.506337E-07
2.570316E+00 1.593939E+00 7.460898E-07
2.569026E+00 1.593959E+00 7.415678E-07
2.567737E+00 1.593978E+00 7.370677E-07
2.566449E+00 1.593997E+00 7.325895E-07
2.565163E+00 1.594016E+00 7.281331E-07
2.563878E+00 1.594035E+00 7.236984E-07
2.562594E+00 1.594055E+00 7.192854E-07
2.561311E+00 1.594074E+00 7.148939E-07
2.560030E+00 1.594093E+00 7.105240E-07
2.558750E+00 1.594112E+00 7.061755E-07
2.557471E+00 1.594131E+00 7.018484E-07
2.556194E+00 1.594150E+00 6.975426E-07
2.554917E+00 1.594169E+00 6.932580E-07
2.553642E+00 1.594187E+00 6.889946E-07
2.552369E+00 1.594206E+00 6.847524E-07
2.551097E+00 1.594225E+00 6.805311E-07
2.549826E+00 1.594244E+00 6.763309E-07
2.548556E+00 1.594263E+00 6.721516E-07
2.547287E+00 1.594281E+00 6.679930E-07
2.546020E+00 1.594300E+00 6.638553E-07
2.544754E+00 1.594319E+00 6.597383E-07
2.543489E+00 1.594338E+00 6.556419E-07
2.542226E+00 1.594356E+00 6.515660E-07
2.540964E+00 1.594375E+00 6.475107E-07
2.539703E+00 1.594393E+00 6.434758E-07
2.538442E+00 1.594412E+00 6.394613E-07
2.537184E+00 1.594430E+00 6.354670E-07
2.535926E+00 1.594449E+00 6.314930E-07
2.534670E+00 1.594467E+00 6.275391E-07
2.533416E+00 1.594486E+00 6.236054E-07
2.532162E+00 1.594504E+00 6.196916E-07
2.530910E+00 1.594523E+00 6.157978E-07
2.529659E+00 1.594541E+00 6.119239E-07
2.528409E+00 1.594559E+00 6.080698E-07
2.527161E+00 1.594577E+00 6.042355E-07
2.525913E+00 1.594596E+00 6.004208E-07
2.524667E+00 1.594614E+00 5.966258E-07
2.523422E+00 1.594632E+00 5.928503E-07
2.522178E+00 1.594650E+00 5.890943E-07
2.520936E+00 1.594668E+00 5.853576E-07
2.519695E+00 1.594687E+00 5.816404E-07
2.518455E+00 1.594705E+00 5.779424E-07
2.517216E+00 1.594723E+00 5.742636E-07
2.515978E+00 1.594741E+00 5.706039E-07
2.514742E+00 1.594759E+00 5.669633E-07
2.513507E+00 1.594777E+00 5.633418E-07
2.512273E+00 1.594795E+00 5.597391E-07
2.511040E+00 1.594813E+00 5.561553E-07
2.509809E+00 1.594831E+00 5.525903E-07
2.508579E+00 1.594848E+00 5.490441E-07
2.507349E+00 1.594866E+00 5.455165E-07
2.506121E+00 1.594884E+00 5.420075E-07
2.504895E+00 1.594902E+00 5.385170E-07
2.503669E+00 1.594920E+00 5.350450E-07
2.502445E+00 1.594937E+00 5.315913E-07
2.501222E+00 1.594955E+00 5.281560E-07
2.500000E+00 1.594973E+00 5.247390E-07
