5.117500E+03 2.837811E+00 4.031460E-03
2.558750E+03 2.837673E+00 8.055931E-03
1.705833E+03 2.837443E+00 1.206634E-02
1.279375E+03 2.837122E+00 1.605545E-02
1.023500E+03 2.836710E+00 2.001578E-02
8.529170E+02 2.836207E+00 2.393957E-02
7.310716E+02 2.835615E+00 2.781871E-02
6.396876E+02 2.834933E+00 3.164472E-02
5.686112E+02 2.834165E+00 3.540878E-02
5.117500E+02 2.833312E+00 3.910172E-02
4.652273E+02 2.832378E+00 4.271404E-02
4.264583E+02 2.831366E+00 4.623605E-02
3.936538E+02 2.830281E+00 4.965788E-02
3.655357E+02 2.829129E+00 5.296964E-02
3.411666E+02 2.827917E+00 5.616148E-02
3.198437E+02 2.826652E+00 5.922381E-02
3.010294E+02 2.825344E+00 6.214735E-02
2.843056E+02 2.824002E+00 6.492331E-02
2.693421E+02 2.822638E+00 6.754355E-02
2.558750E+02 2.821263E+00 7.000064E-02
2.436905E+02 2.819892E+00 7.228807E-02
2.326136E+02 2.818536E+00 7.440027E-02
2.225000E+02 2.817212E+00 7.633274E-02
2.132292E+02 2.815933E+00 7.808209E-02
2.047000E+02 2.814716E+00 7.964609E-02
1.968269E+02 2.813577E+00 8.102370E-02
1.895370E+02 2.812531E+00 8.221504E-02
1.827678E+02 2.811595E+00 8.322140E-02
1.764655E+02 2.810786E+00 8.404518E-02
1.705833E+02 2.810120E+00 8.468984E-02
1.650807E+02 2.809612E+00 8.515987E-02
1.599219E+02 2.809280E+00 8.546067E-02
1.550758E+02 2.809139E+00 8.559855E-02
1.505147E+02 2.809207E+00 8.558059E-02
1.462143E+02 2.809498E+00 8.541466E-02
1.421528E+02 2.810028E+00 8.510930E-02
1.383108E+02 2.810816E+00 8.467374E-02
1.346710E+02 2.811877E+00 8.411792E-02
1.312179E+02 2.813228E+00 8.345242E-02
1.279375E+02 2.814888E+00 8.268864E-02
1.248171E+02 2.816876E+00 8.183883E-02
1.218452E+02 2.819212E+00 8.091630E-02
1.190116E+02 2.821919E+00 7.993566E-02
1.163068E+02 2.825022E+00 7.891319E-02
1.137222E+02 2.828547E+00 7.786730E-02
1.112500E+02 2.832525E+00 7.681922E-02
1.088830E+02 2.836990E+00 7.579386E-02
1.066146E+02 2.841983E+00 7.482112E-02
1.044388E+02 2.847549E+00 7.393748E-02
1.023500E+02 2.853740E+00 7.318839E-02
1.003431E+02 2.860616E+00 7.263139E-02
9.841348E+01 2.868248E+00 7.234062E-02
9.655660E+01 2.876715E+00 7.241300E-02
9.476849E+01 2.886108E+00 7.297705E-02
9.304541E+01 2.896527E+00 7.420522E-02
9.138396E+01 2.908078E+00 7.633135E-02
8.978071E+01 2.920861E+00 7.967507E-02
8.823275E+01 2.934950E+00 8.467489E-02
8.673727E+01 2.950348E+00 9.193097E-02
8.529170E+01 2.966905E+00 1.022533E-01
8.389346E+01 2.984168E+00 1.166977E-01
8.254033E+01 3.001125E+00 1.365381E-01
8.123015E+01 3.015837E+00 1.630552E-01
7.996092E+01 3.025048E+00 1.969261E-01
7.873080E+01 3.024207E+00 2.370120E-01
7.753789E+01 3.008741E+00 2.788478E-01
7.638060E+01 2.977073E+00 3.144050E-01
7.525734E+01 2.933524E+00 3.351407E-01
7.416665E+01 2.887304E+00 3.370603E-01
7.310716E+01 2.847425E+00 3.227398E-01
7.207747E+01 2.818616E+00 2.984775E-01
7.107639E+01 2.801243E+00 2.703517E-01
7.010273E+01 2.793378E+00 2.423697E-01
6.915538E+01 2.792600E+00 2.165333E-01
6.823335E+01 2.796836E+00 1.935508E-01
6.733553E+01 2.804566E+00 1.734678E-01
6.646104E+01 2.814752E+00 1.560570E-01
6.560896E+01 2.826707E+00 1.410164E-01
6.477846E+01 2.839983E+00 1.280572E-01
6.396876E+01 2.854279E+00 1.169329E-01
6.317902E+01 2.869387E+00 1.074432E-01
6.240853E+01 2.885157E+00 9.942668E-02
6.165661E+01 2.901472E+00 9.275066E-02
6.092264E+01 2.918240E+00 8.730229E-02
6.020589E+01 2.935387E+00 8.298166E-02
5.950582E+01 2.952853E+00 7.969755E-02
5.882183E+01 2.970596E+00 7.736531E-02
5.815340E+01 2.988583E+00 7.590633E-02
5.750001E+01 3.006800E+00 7.524837E-02
5.686112E+01 3.025240E+00 7.532635E-02
5.623626E+01 3.043912E+00 7.608308E-02
5.562499E+01 3.062830E+00 7.746987E-02
5.502687E+01 3.082019E+00 7.944682E-02
5.444150E+01 3.101508E+00 8.198284E-02
5.386843E+01 3.121332E+00 8.505555E-02
5.330729E+01 3.141531E+00 8.865091E-02
5.275773E+01 3.162147E+00 9.276299E-02
5.221938E+01 3.183226E+00 9.739356E-02
5.169193E+01 3.204814E+00 1.025519E-01
5.117500E+01 3.226963E+00 1.082545E-01
5.066832E+01 3.249725E+00 1.145254E-01
5.017156E+01 3.273152E+00 1.213957E-01
4.968445E+01 3.297303E+00 1.289044E-01
4.920674E+01 3.322237E+00 1.370984E-01
4.873810E+01 3.348014E+00 1.460335E-01
4.827830E+01 3.374701E+00 1.557751E-01
4.782710E+01 3.402364E+00 1.663993E-01
4.738427E+01 3.431077E+00 1.779943E-01
4.694955E+01 3.460914E+00 1.906620E-01
4.652273E+01 3.491954E+00 2.045206E-01
4.610360E+01 3.524280E+00 2.197063E-01
4.569196E+01 3.557977E+00 2.363773E-01
4.528762E+01 3.593136E+00 2.547170E-01
4.489036E+01 3.629848E+00 2.749388E-01
4.450000E+01 3.668203E+00 2.972913E-01
4.411638E+01 3.708293E+00 3.220655E-01
4.373931E+01 3.750201E+00 3.496024E-01
4.336865E+01 3.794001E+00 3.803026E-01
4.300420E+01 3.839748E+00 4.146382E-01
4.264583E+01 3.887468E+00 4.531656E-01
4.229338E+01 3.937139E+00 4.965421E-01
4.194671E+01 3.988673E+00 5.455429E-01
4.160570E+01 4.041875E+00 6.010802E-01
4.127016E+01 4.096403E+00 6.642219E-01
4.094000E+01 4.151703E+00 7.362060E-01
4.061507E+01 4.206913E+00 8.184445E-01
4.029527E+01 4.260750E+00 9.125060E-01
3.998047E+01 4.311350E+00 1.020055E+00
3.967054E+01 4.356084E+00 1.142723E+00
3.936538E+01 4.391354E+00 1.281862E+00
3.906488E+01 4.412434E+00 1.438135E+00
3.876895E+01 4.413442E+00 1.610910E+00
3.847745E+01 4.387639E+00 1.797469E+00
3.819030E+01 4.328232E+00 1.992205E+00
3.790741E+01 4.229809E+00 2.186173E+00
3.762867E+01 4.090223E+00 2.367515E+00
3.735402E+01 3.912239E+00 2.523131E+00
3.708334E+01 3.704010E+00 2.641335E+00
3.681655E+01 3.477820E+00 2.714484E+00
3.655357E+01 3.247509E+00 2.740346E+00
3.629432E+01 3.025771E+00 2.721734E+00
3.603874E+01 2.822405E+00 2.664884E+00
3.578672E+01 2.643848E+00 2.577558E+00
3.553819E+01 2.493625E+00 2.467590E+00
3.529310E+01 2.373185E+00 2.342101E+00
3.505136E+01 2.282694E+00 2.207286E+00
3.481293E+01 2.221591E+00 2.068546E+00
3.457770E+01 2.188851E+00 1.930741E+00
3.434564E+01 2.183011E+00 1.798409E+00
3.411666E+01 2.202051E+00 1.675824E+00
3.389072E+01 2.243291E+00 1.566872E+00
3.366777E+01 2.303433E+00 1.474814E+00
3.344771E+01 2.378805E+00 1.402100E+00
3.323052E+01 2.465681E+00 1.350381E+00
3.301613E+01 2.560538E+00 1.320708E+00
3.280449E+01 2.660124E+00 1.313850E+00
3.259554E+01 2.761322E+00 1.330583E+00
3.238924E+01 2.860847E+00 1.371869E+00
3.218553E+01 2.954818E+00 1.438858E+00
3.198437E+01 3.038269E+00 1.532633E+00
3.178572E+01 3.104684E+00 1.653608E+00
3.158951E+01 3.145781E+00 1.800476E+00
3.139571E+01 3.151932E+00 1.968731E+00
3.120427E+01 3.113737E+00 2.149172E+00
3.101515E+01 3.024937E+00 2.327387E+00
3.082832E+01 2.885862E+00 2.485480E+00
3.064371E+01 2.705304E+00 2.606347E+00
3.046131E+01 2.498941E+00 2.678628E+00
3.028106E+01 2.284766E+00 2.699344E+00
3.010294E+01 2.078313E+00 2.672895E+00
2.992690E+01 1.890119E+00 2.607800E+00
2.975291E+01 1.725707E+00 2.513442E+00
2.958092E+01 1.586952E+00 2.398052E+00
2.941092E+01 1.473672E+00 2.267957E+00
2.924286E+01 1.384908E+00 2.127626E+00
2.907671E+01 1.319777E+00 1.980085E+00
2.891243E+01 1.277991E+00 1.827465E+00
2.875000E+01 1.260148E+00 1.671646E+00
2.858938E+01 1.267744E+00 1.515014E+00
2.843056E+01 1.302750E+00 1.361300E+00
2.827348E+01 1.366497E+00 1.216170E+00
2.811813E+01 1.458045E+00 1.086779E+00
2.796448E+01 1.573286E+00 9.799009E-01
2.781250E+01 1.705951E+00 8.998996E-01
2.766217E+01 1.849753E+00 8.483552E-01
2.751344E+01 1.999746E+00 8.253148E-01
2.736631E+01 2.152281E+00 8.307661E-01
2.722074E+01 2.304145E+00 8.655030E-01
2.707672E+01 2.451417E+00 9.312891E-01
2.693421E+01 2.588258E+00 1.030328E+00
2.679319E+01 2.705895E+00 1.163840E+00
2.665365E+01 2.792489E+00 1.329539E+00
2.651554E+01 2.835211E+00 1.518523E+00
2.637886E+01 2.825408E+00 1.713874E+00
2.624359E+01 2.764835E+00 1.894278E+00
2.610969E+01 2.667358E+00 2.042697E+00
2.597716E+01 2.552778E+00 2.153869E+00
2.584596E+01 2.437269E+00 2.234343E+00
2.571608E+01 2.327646E+00 2.296039E+00
2.558750E+01 2.221851E+00 2.348949E+00
2.546020E+01 2.113416E+00 2.396904E+00
2.533416E+01 1.996688E+00 2.437403E+00
2.520936E+01 1.870272E+00 2.464534E+00
2.508579E+01 1.737451E+00 2.472822E+00
2.496342E+01 1.604189E+00 2.459775E+00
2.484223E+01 1.476563E+00 2.426241E+00
2.472222E+01 1.359131E+00 2.375283E+00
2.460336E+01 1.254533E+00 2.310777E+00
2.448565E+01 1.163855E+00 2.236450E+00
2.436905E+01 1.087222E+00 2.155448E+00
2.425355E+01 1.024282E+00 2.070294E+00
2.413915E+01 9.745370E-01 1.983024E+00
2.402582E+01 9.374989E-01 1.895385E+00
2.391355E+01 9.127201E-01 1.809029E+00
2.380233E+01 8.997234E-01 1.725683E+00
2.369213E+01 8.978463E-01 1.647239E+00
2.358295E+01 9.060229E-01 1.575757E+00
2.347477E+01 9.225587E-01 1.513304E+00
2.336758E+01 9.449912E-01 1.461652E+00
2.326136E+01 9.701451E-01 1.421862E+00
2.315611E+01 9.944331E-01 1.393919E+00
2.305180E+01 1.014341E+00 1.376556E+00
2.294843E+01 1.026960E+00 1.367337E+00
2.284598E+01 1.030413E+00 1.362989E+00
2.274444E+01 1.024092E+00 1.359879E+00
2.264380E+01 1.008651E+00 1.354533E+00
2.254405E+01 9.857884E-01 1.344079E+00
2.244518E+01 9.578723E-01 1.326523E+00
2.234716E+01 9.275294E-01 1.300819E+00
2.225000E+01 8.973021E-01 1.266763E+00
2.215368E+01 8.694351E-01 1.224782E+00
2.205819E+01 8.457974E-01 1.175715E+00
2.196352E+01 8.279042E-01 1.120646E+00
2.186966E+01 8.169871E-01 1.060800E+00
2.177660E+01 8.140619E-01 9.975338E-01
2.168432E+01 8.199521E-01 9.323670E-01
2.159282E+01 8.352371E-01 8.670401E-01
2.150210E+01 8.601201E-01 8.035181E-01
2.141213E+01 8.942636E-01 7.438787E-01
2.132292E+01 9.367020E-01 6.900662E-01
2.123444E+01 9.859341E-01 6.435960E-01
2.114669E+01 1.040192E+00 6.053683E-01
2.105967E+01 1.097757E+00 5.756809E-01
2.097336E+01 1.157172E+00 5.543999E-01
2.088775E+01 1.217321E+00 5.411743E-01
2.080284E+01 1.277389E+00 5.356115E-01
2.071863E+01 1.336780E+00 5.373872E-01
2.063508E+01 1.395025E+00 5.463000E-01
2.055221E+01 1.451686E+00 5.622886E-01
2.047000E+01 1.506286E+00 5.854241E-01
2.038844E+01 1.558230E+00 6.158841E-01
2.030754E+01 1.606737E+00 6.539087E-01
2.022727E+01 1.650780E+00 6.997314E-01
2.014764E+01 1.689032E+00 7.534785E-01
2.006863E+01 1.719837E+00 8.150296E-01
1.999023E+01 1.741249E+00 8.838387E-01
1.991245E+01 1.751138E+00 9.587340E-01
1.983527E+01 1.747433E+00 1.037743E+00
1.975869E+01 1.728484E+00 1.118017E+00
1.968269E+01 1.693488E+00 1.195955E+00
1.960728E+01 1.642875E+00 1.267570E+00
1.953244E+01 1.578461E+00 1.329063E+00
1.945818E+01 1.503280E+00 1.377442E+00
1.938447E+01 1.421108E+00 1.410959E+00
1.931132E+01 1.335842E+00 1.429240E+00
1.923872E+01 1.250960E+00 1.433095E+00
1.916667E+01 1.169186E+00 1.424136E+00
1.909515E+01 1.092396E+00 1.404364E+00
1.902416E+01 1.021692E+00 1.375838E+00
1.895370E+01 9.575662E-01 1.340455E+00
1.888377E+01 9.000848E-01 1.299841E+00
1.881434E+01 8.490439E-01 1.255324E+00
1.874542E+01 8.040934E-01 1.207946E+00
1.867701E+01 7.648234E-01 1.158504E+00
1.860909E+01 7.308213E-01 1.107592E+00
1.854167E+01 7.017068E-01 1.055645E+00
1.847473E+01 6.771535E-01 1.002980E+00
1.840827E+01 6.568997E-01 9.498292E-01
1.834229E+01 6.407537E-01 8.963713E-01
1.827678E+01 6.285950E-01 8.427590E-01
1.821175E+01 6.203707E-01 7.891471E-01
1.814716E+01 6.160865E-01 7.357202E-01
1.808304E+01 6.157892E-01 6.827209E-01
1.801937E+01 6.195368E-01 6.304741E-01
1.795614E+01 6.273547E-01 5.794014E-01
1.789336E+01 6.391803E-01 5.300148E-01
1.783101E+01 6.548083E-01 4.828785E-01
1.776910E+01 6.738589E-01 4.385393E-01
1.770761E+01 6.957877E-01 3.974435E-01
1.764655E+01 7.199424E-01 3.598690E-01
1.758591E+01 7.456442E-01 3.258997E-01
1.752569E+01 7.722646E-01 2.954449E-01
1.746587E+01 7.992748E-01 2.682869E-01
1.740646E+01 8.262633E-01 2.441350E-01
1.734746E+01 8.529306E-01 2.226712E-01
1.728885E+01 8.790718E-01 2.035810E-01
1.723064E+01 9.045558E-01 1.865713E-01
1.717282E+01 9.293062E-01 1.713786E-01
1.711538E+01 9.532853E-01 1.577714E-01
1.705833E+01 9.764824E-01 1.455489E-01
1.700166E+01 9.989048E-01 1.345380E-01
1.694536E+01 1.020571E+00 1.245903E-01
1.688944E+01 1.041508E+00 1.155784E-01
1.683388E+01 1.061746E+00 1.073931E-01
1.677869E+01 1.081318E+00 9.994050E-02
1.672386E+01 1.100256E+00 9.313956E-02
1.666938E+01 1.118593E+00 8.692026E-02
1.661526E+01 1.136363E+00 8.122181E-02
1.656149E+01 1.153595E+00 7.599129E-02
1.650807E+01 1.170320E+00 7.118246E-02
1.645498E+01 1.186566E+00 6.675477E-02
1.640224E+01 1.202360E+00 6.267252E-02
1.634984E+01 1.217726E+00 5.890419E-02
1.629777E+01 1.232690E+00 5.542188E-02
1.624603E+01 1.247272E+00 5.220077E-02
1.619462E+01 1.261495E+00 4.921875E-02
1.614353E+01 1.275377E+00 4.645604E-02
1.609277E+01 1.288939E+00 4.389492E-02
1.604232E+01 1.302197E+00 4.151946E-02
1.599219E+01 1.315168E+00 3.931531E-02
1.594237E+01 1.327867E+00 3.726948E-02
1.589286E+01 1.340310E+00 3.537025E-02
1.584365E+01 1.352511E+00 3.360696E-02
1.579475E+01 1.364483E+00 3.196994E-02
1.574615E+01 1.376238E+00 3.045035E-02
1.569785E+01 1.387789E+00 2.904016E-02
1.564985E+01 1.399147E+00 2.773201E-02
1.560213E+01 1.410323E+00 2.651917E-02
1.555471E+01 1.421327E+00 2.539548E-02
1.550758E+01 1.432169E+00 2.435528E-02
1.546072E+01 1.442860E+00 2.339337E-02
1.541416E+01 1.453407E+00 2.250496E-02
1.536787E+01 1.463821E+00 2.168567E-02
1.532186E+01 1.474109E+00 2.093143E-02
1.527612E+01 1.484279E+00 2.023853E-02
1.523065E+01 1.494340E+00 1.960351E-02
1.518546E+01 1.504299E+00 1.902321E-02
1.514053E+01 1.514164E+00 1.849472E-02
1.509587E+01 1.523943E+00 1.801533E-02
1.505147E+01 1.533641E+00 1.758256E-02
1.500733E+01 1.543267E+00 1.719415E-02
1.496345E+01 1.552826E+00 1.684798E-02
1.491983E+01 1.562327E+00 1.654215E-02
1.487645E+01 1.571774E+00 1.627487E-02
1.483333E+01 1.581175E+00 1.604456E-02
1.479046E+01 1.590537E+00 1.584973E-02
1.474784E+01 1.599865E+00 1.568906E-02
1.470546E+01 1.609165E+00 1.556135E-02
1.466332E+01 1.618445E+00 1.546552E-02
1.462143E+01 1.627710E+00 1.540062E-02
1.457977E+01 1.636967E+00 1.536580E-02
1.453835E+01 1.646221E+00 1.536032E-02
1.449717E+01 1.655480E+00 1.538355E-02
1.445622E+01 1.664749E+00 1.543499E-02
1.441549E+01 1.674035E+00 1.551420E-02
1.437500E+01 1.683344E+00 1.562087E-02
1.433473E+01 1.692683E+00 1.575478E-02
1.429469E+01 1.702059E+00 1.591582E-02
1.425487E+01 1.711477E+00 1.610398E-02
1.421528E+01 1.720946E+00 1.631934E-02
1.417590E+01 1.730473E+00 1.656210E-02
1.413674E+01 1.740064E+00 1.683257E-02
1.409780E+01 1.749726E+00 1.713115E-02
1.405907E+01 1.759469E+00 1.745839E-02
1.402055E+01 1.769299E+00 1.781493E-02
1.398224E+01 1.779224E+00 1.820155E-02
1.394414E+01 1.789254E+00 1.861917E-02
1.390625E+01 1.799397E+00 1.906885E-02
1.386856E+01 1.809662E+00 1.955180E-02
1.383108E+01 1.820059E+00 2.006940E-02
1.379380E+01 1.830598E+00 2.062321E-02
1.375672E+01 1.841288E+00 2.121499E-02
1.371984E+01 1.852142E+00 2.184670E-02
1.368316E+01 1.863171E+00 2.252055E-02
1.364667E+01 1.874387E+00 2.323900E-02
1.361037E+01 1.885802E+00 2.400478E-02
1.357427E+01 1.897431E+00 2.482097E-02
1.353836E+01 1.909287E+00 2.569098E-02
1.350264E+01 1.921387E+00 2.661862E-02
1.346710E+01 1.933745E+00 2.760813E-02
1.343176E+01 1.946379E+00 2.866427E-02
1.339660E+01 1.959308E+00 2.979236E-02
1.336162E+01 1.972551E+00 3.099833E-02
1.332682E+01 1.986129E+00 3.228887E-02
1.329221E+01 2.000065E+00 3.367148E-02
1.325777E+01 2.014383E+00 3.515459E-02
1.322351E+01 2.029109E+00 3.674775E-02
1.318943E+01 2.044271E+00 3.846171E-02
1.315553E+01 2.059900E+00 4.030869E-02
1.312179E+01 2.076027E+00 4.230256E-02
1.308824E+01 2.092689E+00 4.445912E-02
1.305485E+01 2.109923E+00 4.679640E-02
1.302163E+01 2.127773E+00 4.933506E-02
1.298858E+01 2.146282E+00 5.209885E-02
1.295570E+01 2.165501E+00 5.511511E-02
1.292298E+01 2.185485E+00 5.841547E-02
1.289043E+01 2.206291E+00 6.203660E-02
1.285804E+01 2.227985E+00 6.602121E-02
1.282581E+01 2.250638E+00 7.041921E-02
1.279375E+01 2.274327E+00 7.528916E-02
1.276185E+01 2.299139E+00 8.070007E-02
1.273010E+01 2.325166E+00 8.673363E-02
1.269851E+01 2.352511E+00 9.348701E-02
1.266708E+01 2.381288E+00 1.010764E-01
1.263580E+01 2.411618E+00 1.096413E-01
1.260468E+01 2.443636E+00 1.193506E-01
1.257371E+01 2.477486E+00 1.304094E-01
1.254289E+01 2.513323E+00 1.430685E-01
1.251222E+01 2.551307E+00 1.576368E-01
1.248171E+01 2.591604E+00 1.744967E-01
1.245134E+01 2.634369E+00 1.941244E-01
1.242112E+01 2.679739E+00 2.171159E-01
1.239104E+01 2.727801E+00 2.442200E-01
1.236111E+01 2.778547E+00 2.763782E-01
1.233133E+01 2.831802E+00 3.147708E-01
1.230168E+01 2.887102E+00 3.608603E-01
1.227218E+01 2.943500E+00 4.164145E-01
1.224282E+01 2.999264E+00 4.834605E-01
1.221360E+01 3.051456E+00 5.640726E-01
1.218452E+01 3.095409E+00 6.598122E-01
1.215558E+01 3.124336E+00 7.705535E-01
1.212678E+01 3.129670E+00 8.925092E-01
1.209811E+01 3.103240E+00 1.015895E+00
1.206957E+01 3.042076E+00 1.124158E+00
1.204118E+01 2.954216E+00 1.197788E+00
1.201291E+01 2.860376E+00 1.223193E+00
1.198478E+01 2.787581E+00 1.201039E+00
1.195678E+01 2.758324E+00 1.147089E+00
1.192890E+01 2.783066E+00 1.085315E+00
1.190116E+01 2.859988E+00 1.039117E+00
1.187355E+01 2.979888E+00 1.026289E+00
1.184606E+01 3.131407E+00 1.059240E+00
1.181871E+01 3.303128E+00 1.148191E+00
1.179148E+01 3.481974E+00 1.304285E+00
1.176437E+01 3.648557E+00 1.540360E+00
1.173739E+01 3.770586E+00 1.866725E+00
1.171053E+01 3.798895E+00 2.277869E+00
1.168379E+01 3.679080E+00 2.731245E+00
1.165718E+01 3.390090E+00 3.141360E+00
1.163068E+01 2.979019E+00 3.421997E+00
1.160431E+01 2.535184E+00 3.544495E+00
1.157805E+01 2.129534E+00 3.539517E+00
1.155192E+01 1.790920E+00 3.456157E+00
1.152590E+01 1.519550E+00 3.333696E+00
1.150000E+01 1.304666E+00 3.196266E+00
1.147422E+01 1.134032E+00 3.056768E+00
1.144855E+01 9.972290E-01 2.921450E+00
1.142299E+01 8.862124E-01 2.792978E+00
1.139755E+01 7.949958E-01 2.672199E+00
1.137222E+01 7.191695E-01 2.559077E+00
1.134701E+01 6.554800E-01 2.453179E+00
1.132190E+01 6.015071E-01 2.353919E+00
1.129691E+01 5.554316E-01 2.260683E+00
1.127203E+01 5.158683E-01 2.172884E+00
1.124725E+01 4.817492E-01 2.089985E+00
1.122259E+01 4.522397E-01 2.011510E+00
1.119803E+01 4.266788E-01 1.937039E+00
1.117358E+01 4.045357E-01 1.866208E+00
1.114924E+01 3.853788E-01 1.798699E+00
1.112500E+01 3.688524E-01 1.734237E+00
1.110087E+01 3.546595E-01 1.672582E+00
1.107684E+01 3.425488E-01 1.613525E+00
1.105292E+01 3.323055E-01 1.556884E+00
1.102910E+01 3.237434E-01 1.502500E+00
1.100538E+01 3.166991E-01 1.450230E+00
1.098176E+01 3.110282E-01 1.399949E+00
1.095824E+01 3.066008E-01 1.351547E+00
1.093483E+01 3.032993E-01 1.304924E+00
1.091151E+01 3.010161E-01 1.259988E+00
1.088830E+01 2.996512E-01 1.216658E+00
1.086518E+01 2.991110E-01 1.174858E+00
1.084216E+01 2.993069E-01 1.134517E+00
1.081924E+01 3.001545E-01 1.095567E+00
1.079641E+01 3.015723E-01 1.057945E+00
1.077368E+01 3.034815E-01 1.021585E+00
1.075105E+01 3.058055E-01 9.864243E-01
1.072851E+01 3.084698E-01 9.523961E-01
1.070607E+01 3.114026E-01 9.194316E-01
1.068372E+01 3.145346E-01 8.874573E-01
1.066146E+01 3.178004E-01 8.563944E-01
1.063929E+01 3.211396E-01 8.261574E-01
1.061722E+01 3.244979E-01 7.966533E-01
1.059524E+01 3.278293E-01 7.677813E-01
1.057335E+01 3.310981E-01 7.394317E-01
1.055155E+01 3.342813E-01 7.114868E-01
1.052983E+01 3.373714E-01 6.838207E-01
1.050821E+01 3.403797E-01 6.563005E-01
1.048668E+01 3.433392E-01 6.287879E-01
1.046524E+01 3.463091E-01 6.011415E-01
1.044388E+01 3.493786E-01 5.732200E-01
1.042261E+01 3.526718E-01 5.448878E-01
1.040142E+01 3.563530E-01 5.160215E-01
1.038032E+01 3.606310E-01 4.865209E-01
1.035931E+01 3.657625E-01 4.563235E-01
1.033838E+01 3.720519E-01 4.254254E-01
1.031754E+01 3.798418E-01 3.939079E-01
1.029678E+01 3.894889E-01 3.619666E-01
1.027610E+01 4.013196E-01 3.299351E-01
1.025551E+01 4.155636E-01 2.982862E-01
1.023500E+01 4.322824E-01 2.675917E-01
1.021457E+01 4.513233E-01 2.384375E-01
1.019422E+01 4.723315E-01 2.113198E-01
1.017396E+01 4.948195E-01 1.865655E-01
1.015377E+01 5.182631E-01 1.643096E-01
1.013366E+01 5.421799E-01 1.445239E-01
1.011364E+01 5.661727E-01 1.270701E-01
1.009369E+01 5.899388E-01 1.117510E-01
1.007382E+01 6.132613E-01 9.834777E-02
1.005403E+01 6.359921E-01 8.664368E-02
1.003431E+01 6.580357E-01 7.643569E-02
1.001468E+01 6.793348E-01 6.753970E-02
9.995112E+00 6.998596E-01 5.979162E-02
9.975630E+00 7.196001E-01 5.304658E-02
9.956222E+00 7.385598E-01 4.717732E-02
9.936891E+00 7.567519E-01 4.207228E-02
9.917634E+00 7.741961E-01 3.763379E-02
9.898452E+00 7.909168E-01 3.377632E-02
9.879344E+00 8.069413E-01 3.042499E-02
9.860309E+00 8.222985E-01 2.751428E-02
9.841348E+00 8.370183E-01 2.498680E-02
9.822459E+00 8.511310E-01 2.279237E-02
9.803643E+00 8.646665E-01 2.088710E-02
9.784899E+00 8.776543E-01 1.923261E-02
9.766226E+00 8.901233E-01 1.779542E-02
9.747615E+00 9.021010E-01 1.654630E-02
9.729084E+00 9.136143E-01 1.545981E-02
9.710623E+00 9.246886E-01 1.451380E-02
9.692233E+00 9.353482E-01 1.368903E-02
9.673912E+00 9.456161E-01 1.296880E-02
9.655660E+00 9.555141E-01 1.233866E-02
9.637477E+00 9.650628E-01 1.178610E-02
9.619362E+00 9.742815E-01 1.130033E-02
9.601315E+00 9.831884E-01 1.087204E-02
9.583336E+00 9.918006E-01 1.049324E-02
9.565424E+00 1.000134E+00 1.015704E-02
9.547578E+00 1.008204E+00 9.857565E-03
9.529800E+00 1.016024E+00 9.589756E-03
9.512078E+00 1.023607E+00 9.349306E-03
9.494431E+00 1.030965E+00 9.132535E-03
9.476849E+00 1.038111E+00 8.936305E-03
9.459333E+00 1.045054E+00 8.757947E-03
9.441881E+00 1.051804E+00 8.595188E-03
9.424493E+00 1.058371E+00 8.446097E-03
9.407170E+00 1.064763E+00 8.309031E-03
9.389909E+00 1.070989E+00 8.182595E-03
9.372712E+00 1.077056E+00 8.065601E-03
9.355578E+00 1.082970E+00 7.957038E-03
9.338507E+00 1.088739E+00 7.856043E-03
9.321498E+00 1.094369E+00 7.761880E-03
9.304541E+00 1.099866E+00 7.673916E-03
9.287655E+00 1.105234E+00 7.591608E-03
9.270831E+00 1.110480E+00 7.514487E-03
9.254067E+00 1.115607E+00 7.442145E-03
9.237363E+00 1.120621E+00 7.374227E-03
9.220720E+00 1.125526E+00 7.310421E-03
9.204137E+00 1.130325E+00 7.250451E-03
9.187613E+00 1.135023E+00 7.194074E-03
9.171148E+00 1.139623E+00 7.141069E-03
9.154743E+00 1.144128E+00 7.091240E-03
9.138396E+00 1.148542E+00 7.044408E-03
9.122107E+00 1.152869E+00 7.000410E-03
9.105876E+00 1.157109E+00 6.959095E-03
9.089694E+00 1.161268E+00 6.920325E-03
9.073579E+00 1.165346E+00 6.883971E-03
9.057520E+00 1.169347E+00 6.849913E-03
9.041518E+00 1.173273E+00 6.818038E-03
9.025572E+00 1.177127E+00 6.788240E-03
9.009683E+00 1.180909E+00 6.760418E-03
8.993849E+00 1.184624E+00 6.734478E-03
8.978071E+00 1.188272E+00 6.710329E-03
8.962348E+00 1.191855E+00 6.687884E-03
8.946680E+00 1.195376E+00 6.667062E-03
8.931067E+00 1.198836E+00 6.647783E-03
8.915509E+00 1.202236E+00 6.629971E-03
8.899996E+00 1.205579E+00 6.613555E-03
8.884545E+00 1.208866E+00 6.598463E-03
8.869148E+00 1.212098E+00 6.584629E-03
8.853804E+00 1.215276E+00 6.571988E-03
8.838513E+00 1.218403E+00 6.560478E-03
8.823275E+00 1.221480E+00 6.550036E-03
8.808089E+00 1.224507E+00 6.540606E-03
8.792956E+00 1.227487E+00 6.532131E-03
8.777874E+00 1.230419E+00 6.524554E-03
8.762844E+00 1.233306E+00 6.517825E-03
8.747866E+00 1.236149E+00 6.511889E-03
8.732938E+00 1.238948E+00 6.506699E-03
8.718061E+00 1.241704E+00 6.502204E-03
8.703228E+00 1.244419E+00 6.498359E-03
8.688452E+00 1.247094E+00 6.495116E-03
8.673727E+00 1.249729E+00 6.492431E-03
8.659051E+00 1.252326E+00 6.490261E-03
8.644425E+00 1.254884E+00 6.488564E-03
8.629848E+00 1.257406E+00 6.487297E-03
8.615320E+00 1.259892E+00 6.486421E-03
8.600841E+00 1.262342E+00 6.485897E-03
8.586411E+00 1.264758E+00 6.485687E-03
8.572029E+00 1.267140E+00 6.485753E-03
8.557695E+00 1.269489E+00 6.486059E-03
8.543409E+00 1.271806E+00 6.486569E-03
8.529170E+00 1.274091E+00 6.487250E-03
8.514972E+00 1.276345E+00 6.488066E-03
8.500828E+00 1.278569E+00 6.488986E-03
8.486731E+00 1.280763E+00 6.489977E-03
8.472681E+00 1.282928E+00 6.491007E-03
8.458677E+00 1.285064E+00 6.492046E-03
8.444719E+00 1.287172E+00 6.493064E-03
8.430808E+00 1.289253E+00 6.494031E-03
8.416942E+00 1.291307E+00 6.494919E-03
8.403121E+00 1.293335E+00 6.495700E-03
8.389346E+00 1.295336E+00 6.496346E-03
8.375616E+00 1.297313E+00 6.496832E-03
8.361931E+00 1.299265E+00 6.497130E-03
8.348284E+00 1.301192E+00 6.497216E-03
8.334688E+00 1.303096E+00 6.497064E-03
8.321136E+00 1.304976E+00 6.496652E-03
8.307628E+00 1.306833E+00 6.495954E-03
8.294164E+00 1.308667E+00 6.494948E-03
8.280744E+00 1.310480E+00 6.493612E-03
8.267367E+00 1.312270E+00 6.491924E-03
8.254033E+00 1.314039E+00 6.489862E-03
8.240742E+00 1.315788E+00 6.487406E-03
8.227493E+00 1.317516E+00 6.484535E-03
8.214288E+00 1.319223E+00 6.481231E-03
8.201124E+00 1.320911E+00 6.477475E-03
8.188003E+00 1.322579E+00 6.473247E-03
8.174917E+00 1.324229E+00 6.468529E-03
8.161879E+00 1.325859E+00 6.463306E-03
8.148883E+00 1.327471E+00 6.457559E-03
8.135929E+00 1.329065E+00 6.451273E-03
8.123015E+00 1.330641E+00 6.444432E-03
8.110142E+00 1.332200E+00 6.437021E-03
8.097310E+00 1.333741E+00 6.429025E-03
8.084519E+00 1.335266E+00 6.420431E-03
8.071768E+00 1.336774E+00 6.411224E-03
8.059057E+00 1.338266E+00 6.401392E-03
8.046386E+00 1.339742E+00 6.390923E-03
8.033755E+00 1.341202E+00 6.379805E-03
8.021163E+00 1.342646E+00 6.368027E-03
8.008604E+00 1.344076E+00 6.355578E-03
7.996092E+00 1.345490E+00 6.342448E-03
7.983618E+00 1.346890E+00 6.328627E-03
7.971183E+00 1.348275E+00 6.314107E-03
7.958786E+00 1.349646E+00 6.298879E-03
7.946428E+00 1.351004E+00 6.282935E-03
7.934109E+00 1.352347E+00 6.266269E-03
7.921827E+00 1.353677E+00 6.248873E-03
7.909584E+00 1.354994E+00 6.230742E-03
7.897378E+00 1.356298E+00 6.211871E-03
7.885210E+00 1.357589E+00 6.192254E-03
7.873080E+00 1.358867E+00 6.171887E-03
7.860980E+00 1.360133E+00 6.150768E-03
7.848924E+00 1.361387E+00 6.128892E-03
7.836905E+00 1.362629E+00 6.106259E-03
7.824922E+00 1.363860E+00 6.082866E-03
7.812976E+00 1.365078E+00 6.058713E-03
7.801067E+00 1.366286E+00 6.033800E-03
7.789193E+00 1.367482E+00 6.008128E-03
7.777356E+00 1.368667E+00 5.981698E-03
7.765555E+00 1.369841E+00 5.954513E-03
7.753789E+00 1.371005E+00 5.926576E-03
7.742059E+00 1.372159E+00 5.897892E-03
7.730365E+00 1.373302E+00 5.868467E-03
7.718706E+00 1.374435E+00 5.838305E-03
7.707076E+00 1.375558E+00 5.807416E-03
7.695487E+00 1.376672E+00 5.775808E-03
7.683932E+00 1.377776E+00 5.743491E-03
7.672413E+00 1.378871E+00 5.710477E-03
7.660927E+00 1.379956E+00 5.676779E-03
7.649477E+00 1.381033E+00 5.642411E-03
7.638060E+00 1.382100E+00 5.607390E-03
7.626677E+00 1.383159E+00 5.571734E-03
7.615328E+00 1.384209E+00 5.535464E-03
7.604013E+00 1.385251E+00 5.498601E-03
7.592732E+00 1.386285E+00 5.461170E-03
7.581484E+00 1.387310E+00 5.423199E-03
7.570269E+00 1.388328E+00 5.384715E-03
7.559082E+00 1.389338E+00 5.345752E-03
7.547933E+00 1.390340E+00 5.306344E-03
7.536817E+00 1.391334E+00 5.266528E-03
7.525734E+00 1.392322E+00 5.226344E-03
7.514684E+00 1.393302E+00 5.185835E-03
7.503666E+00 1.394274E+00 5.145048E-03
7.492680E+00 1.395240E+00 5.104030E-03
7.481726E+00 1.396199E+00 5.062834E-03
7.470804E+00 1.397151E+00 5.021515E-03
7.459914E+00 1.398097E+00 4.980128E-03
7.449056E+00 1.399035E+00 4.938735E-03
7.438229E+00 1.399968E+00 4.897396E-03
7.427428E+00 1.400894E+00 4.856175E-03
7.416665E+00 1.401814E+00 4.815139E-03
7.405932E+00 1.402727E+00 4.774352E-03
7.395230E+00 1.403634E+00 4.733883E-03
7.384559E+00 1.404536E+00 4.693799E-03
7.373919E+00 1.405431E+00 4.654166E-03
7.363309E+00 1.406320E+00 4.615051E-03
7.352730E+00 1.407204E+00 4.576517E-03
7.342182E+00 1.408081E+00 4.538625E-03
7.331663E+00 1.408953E+00 4.501434E-03
7.321175E+00 1.409818E+00 4.464997E-03
7.310716E+00 1.410678E+00 4.429363E-03
7.300288E+00 1.411532E+00 4.394575E-03
7.289884E+00 1.412380E+00 4.360668E-03
7.279514E+00 1.413222E+00 4.327672E-03
7.269175E+00 1.414059E+00 4.295605E-03
7.258864E+00 1.414889E+00 4.264480E-03
7.248583E+00 1.415713E+00 4.234297E-03
7.238331E+00 1.416532E+00 4.205047E-03
7.228108E+00 1.417344E+00 4.176712E-03
7.217913E+00 1.418151E+00 4.149260E-03
7.207747E+00 1.418951E+00 4.122649E-03
7.197610E+00 1.419745E+00 4.096827E-03
7.187502E+00 1.420533E+00 4.071730E-03
7.177422E+00 1.421315E+00 4.047281E-03
7.167364E+00 1.422091E+00 4.023397E-03
7.157341E+00 1.422861E+00 3.999981E-03
7.147345E+00 1.423624E+00 3.976931E-03
7.137377E+00 1.424382E+00 3.954134E-03
7.127436E+00 1.425133E+00 3.931471E-03
7.117524E+00 1.425878E+00 3.908818E-03
7.107639E+00 1.426617E+00 3.886047E-03
7.097781E+00 1.427350E+00 3.863027E-03
7.087951E+00 1.428077E+00 3.839628E-03
7.078148E+00 1.428799E+00 3.815717E-03
7.068372E+00 1.429514E+00 3.791168E-03
7.058623E+00 1.430225E+00 3.765858E-03
7.048900E+00 1.430929E+00 3.739669E-03
7.039200E+00 1.431629E+00 3.712493E-03
7.029531E+00 1.432323E+00 3.684233E-03
7.019889E+00 1.433012E+00 3.654800E-03
7.010273E+00 1.433697E+00 3.624123E-03
7.000683E+00 1.434377E+00 3.592141E-03
6.991120E+00 1.435053E+00 3.558812E-03
6.981583E+00 1.435724E+00 3.524110E-03
6.972071E+00 1.436392E+00 3.488027E-03
6.962586E+00 1.437056E+00 3.450572E-03
6.953126E+00 1.437716E+00 3.411774E-03
6.943692E+00 1.438373E+00 3.371679E-03
6.934284E+00 1.439027E+00 3.330354E-03
6.924901E+00 1.439678E+00 3.287881E-03
6.915538E+00 1.440327E+00 3.244361E-03
6.906206E+00 1.440972E+00 3.199908E-03
6.896899E+00 1.441616E+00 3.154655E-03
6.887617E+00 1.442257E+00 3.108744E-03
6.878360E+00 1.442896E+00 3.062332E-03
6.869127E+00 1.443534E+00 3.015583E-03
6.859920E+00 1.444169E+00 2.968670E-03
6.850737E+00 1.444803E+00 2.921772E-03
6.841578E+00 1.445435E+00 2.875071E-03
6.832445E+00 1.446065E+00 2.828750E-03
6.823335E+00 1.446694E+00 2.782992E-03
6.814250E+00 1.447321E+00 2.737978E-03
6.805184E+00 1.447946E+00 2.693884E-03
6.796147E+00 1.448570E+00 2.650879E-03
6.787134E+00 1.449192E+00 2.609124E-03
6.778145E+00 1.449813E+00 2.568773E-03
6.769179E+00 1.450431E+00 2.529967E-03
6.760237E+00 1.451048E+00 2.492836E-03
6.751319E+00 1.451663E+00 2.457498E-03
6.742425E+00 1.452275E+00 2.424058E-03
6.733553E+00 1.452886E+00 2.392608E-03
6.724705E+00 1.453494E+00 2.363225E-03
6.715881E+00 1.454100E+00 2.335974E-03
6.707079E+00 1.454704E+00 2.310907E-03
6.698301E+00 1.455305E+00 2.288061E-03
6.689540E+00 1.455903E+00 2.267463E-03
6.680808E+00 1.456498E+00 2.249127E-03
6.672098E+00 1.457090E+00 2.233055E-03
6.663410E+00 1.457680E+00 2.219243E-03
6.654746E+00 1.458266E+00 2.207672E-03
6.646104E+00 1.458849E+00 2.198320E-03
6.637484E+00 1.459429E+00 2.191155E-03
6.628886E+00 1.460005E+00 2.186138E-03
6.620311E+00 1.460578E+00 2.183227E-03
6.611758E+00 1.461147E+00 2.182374E-03
6.603227E+00 1.461713E+00 2.183527E-03
6.594718E+00 1.462275E+00 2.186632E-03
6.586231E+00 1.462833E+00 2.191634E-03
6.577762E+00 1.463388E+00 2.198475E-03
6.569318E+00 1.463938E+00 2.207096E-03
6.560896E+00 1.464485E+00 2.217439E-03
6.552496E+00 1.465028E+00 2.229447E-03
6.544117E+00 1.465568E+00 2.243061E-03
6.535760E+00 1.466103E+00 2.258226E-03
6.527424E+00 1.466635E+00 2.274886E-03
6.519109E+00 1.467162E+00 2.292987E-03
6.510815E+00 1.467686E+00 2.312478E-03
6.502542E+00 1.468205E+00 2.333307E-03
6.494291E+00 1.468721E+00 2.355425E-03
6.486060E+00 1.469233E+00 2.378784E-03
6.477846E+00 1.469740E+00 2.403338E-03
6.469657E+00 1.470244E+00 2.429042E-03
6.461489E+00 1.470744E+00 2.455851E-03
6.453341E+00 1.471240E+00 2.483723E-03
6.445213E+00 1.471732E+00 2.512615E-03
6.437107E+00 1.472220E+00 2.542484E-03
6.429020E+00 1.472704E+00 2.573288E-03
6.420954E+00 1.473183E+00 2.604985E-03
6.412908E+00 1.473659E+00 2.637533E-03
6.404882E+00 1.474131E+00 2.670889E-03
6.396876E+00 1.474599E+00 2.705008E-03
6.388890E+00 1.475063E+00 2.739845E-03
6.380925E+00 1.475523E+00 2.775354E-03
6.372975E+00 1.475978E+00 2.811488E-03
6.365048E+00 1.476430E+00 2.848196E-03
6.357142E+00 1.476877E+00 2.885428E-03
6.349255E+00 1.477321E+00 2.923129E-03
6.341387E+00 1.477760E+00 2.961245E-03
6.333539E+00 1.478196E+00 2.999717E-03
6.325711E+00 1.478627E+00 3.038487E-03
6.317902E+00 1.479054E+00 3.077490E-03
6.310112E+00 1.479477E+00 3.116663E-03
6.302341E+00 1.479896E+00 3.155938E-03
6.294589E+00 1.480311E+00 3.195245E-03
6.286857E+00 1.480722E+00 3.234514E-03
6.279143E+00 1.481128E+00 3.273669E-03
6.271444E+00 1.481531E+00 3.312635E-03
6.263769E+00 1.481929E+00 3.351333E-03
6.256111E+00 1.482324E+00 3.389683E-03
6.248473E+00 1.482714E+00 3.427603E-03
6.240853E+00 1.483100E+00 3.465010E-03
6.233252E+00 1.483483E+00 3.501820E-03
6.225669E+00 1.483861E+00 3.537946E-03
6.218105E+00 1.484236E+00 3.573303E-03
6.210559E+00 1.484606E+00 3.607803E-03
6.203031E+00 1.484973E+00 3.641358E-03
6.195522E+00 1.485336E+00 3.673883E-03
6.188031E+00 1.485695E+00 3.705290E-03
6.180554E+00 1.486050E+00 3.735494E-03
6.173099E+00 1.486402E+00 3.764409E-03
6.165661E+00 1.486751E+00 3.791952E-03
6.158242E+00 1.487095E+00 3.818041E-03
6.150841E+00 1.487437E+00 3.842598E-03
6.143457E+00 1.487775E+00 3.865545E-03
6.136091E+00 1.488109E+00 3.886808E-03
6.128743E+00 1.488441E+00 3.906318E-03
6.121412E+00 1.488770E+00 3.924007E-03
6.114099E+00 1.489095E+00 3.939812E-03
6.106803E+00 1.489418E+00 3.953676E-03
6.099525E+00 1.489738E+00 3.965545E-03
6.092264E+00 1.490056E+00 3.975370E-03
6.085016E+00 1.490371E+00 3.983110E-03
6.077790E+00 1.490683E+00 3.988727E-03
6.070580E+00 1.490994E+00 3.992190E-03
6.063388E+00 1.491302E+00 3.993475E-03
6.056213E+00 1.491608E+00 3.992563E-03
6.049054E+00 1.491912E+00 3.989445E-03
6.041913E+00 1.492215E+00 3.984114E-03
6.034788E+00 1.492516E+00 3.976575E-03
6.027680E+00 1.492815E+00 3.966838E-03
6.020589E+00 1.493113E+00 3.954918E-03
6.013515E+00 1.493410E+00 3.940842E-03
6.006457E+00 1.493706E+00 3.924640E-03
5.999412E+00 1.494001E+00 3.906351E-03
5.992387E+00 1.494295E+00 3.886021E-03
5.985379E+00 1.494588E+00 3.863703E-03
5.978387E+00 1.494881E+00 3.839455E-03
5.971411E+00 1.495173E+00 3.813342E-03
5.964452E+00 1.495465E+00 3.785436E-03
5.957509E+00 1.495756E+00 3.755813E-03
5.950582E+00 1.496048E+00 3.724556E-03
5.943671E+00 1.496339E+00 3.691751E-03
5.936776E+00 1.496631E+00 3.657489E-03
5.929897E+00 1.496922E+00 3.621864E-03
5.923034E+00 1.497214E+00 3.584977E-03
5.916187E+00 1.497506E+00 3.546929E-03
5.909352E+00 1.497799E+00 3.507825E-03
5.902536E+00 1.498092E+00 3.467776E-03
5.895736E+00 1.498385E+00 3.426897E-03
5.888952E+00 1.498680E+00 3.385311E-03
5.882183E+00 1.498975E+00 3.343150E-03
5.875430E+00 1.499270E+00 3.300564E-03
5.868693E+00 1.499567E+00 3.257720E-03
5.861971E+00 1.499865E+00 3.214815E-03
5.855264E+00 1.500164E+00 3.172086E-03
5.848572E+00 1.500465E+00 3.129811E-03
5.841896E+00 1.500766E+00 3.088325E-03
5.835235E+00 1.501070E+00 3.048026E-03
5.828589E+00 1.501374E+00 3.009370E-03
5.821955E+00 1.501680E+00 2.972871E-03
5.815340E+00 1.501987E+00 2.939080E-03
5.808739E+00 1.502294E+00 2.908562E-03
5.802154E+00 1.502602E+00 2.881847E-03
5.795583E+00 1.502909E+00 2.859387E-03
5.789027E+00 1.503214E+00 2.841489E-03
5.782486E+00 1.503517E+00 2.828252E-03
5.775960E+00 1.503816E+00 2.819514E-03
5.769448E+00 1.504111E+00 2.814800E-03
5.762951E+00 1.504399E+00 2.813312E-03
5.756469E+00 1.504681E+00 2.813928E-03
5.750001E+00 1.504955E+00 2.815254E-03
5.743545E+00 1.505221E+00 2.815696E-03
5.737106E+00 1.505480E+00 2.813577E-03
5.730682E+00 1.505732E+00 2.807263E-03
5.724272E+00 1.505978E+00 2.795305E-03
5.717877E+00 1.506220E+00 2.776574E-03
5.711495E+00 1.506459E+00 2.750366E-03
5.705128E+00 1.506697E+00 2.716478E-03
5.698775E+00 1.506937E+00 2.675227E-03
5.692437E+00 1.507179E+00 2.627417E-03
5.686112E+00 1.507426E+00 2.574260E-03
5.679801E+00 1.507678E+00 2.517250E-03
5.673505E+00 1.507935E+00 2.458025E-03
5.667222E+00 1.508199E+00 2.398214E-03
5.660950E+00 1.508467E+00 2.339308E-03
5.654695E+00 1.508740E+00 2.282560E-03
5.648454E+00 1.509017E+00 2.228919E-03
5.642226E+00 1.509297E+00 2.179007E-03
5.636013E+00 1.509578E+00 2.133134E-03
5.629813E+00 1.509860E+00 2.091337E-03
5.623626E+00 1.510142E+00 2.053433E-03
5.617454E+00 1.510423E+00 2.019089E-03
5.611294E+00 1.510702E+00 1.987876E-03
5.605149E+00 1.510980E+00 1.959326E-03
5.599016E+00 1.511255E+00 1.932973E-03
5.592897E+00 1.511528E+00 1.908384E-03
5.586792E+00 1.511799E+00 1.885173E-03
5.580697E+00 1.512067E+00 1.863011E-03
5.574618E+00 1.512334E+00 1.841630E-03
5.568552E+00 1.512598E+00 1.820811E-03
5.562499E+00 1.512861E+00 1.800383E-03
5.556460E+00 1.513121E+00 1.780215E-03
5.550434E+00 1.513380E+00 1.760206E-03
5.544421E+00 1.513637E+00 1.740278E-03
5.538420E+00 1.513893E+00 1.720372E-03
5.532433E+00 1.514147E+00 1.700443E-03
5.526459E+00 1.514400E+00 1.680453E-03
5.520497E+00 1.514651E+00 1.660375E-03
5.514549E+00 1.514901E+00 1.640187E-03
5.508610E+00 1.515150E+00 1.619870E-03
5.502687E+00 1.515398E+00 1.599409E-03
5.496777E+00 1.515645E+00 1.578794E-03
5.490879E+00 1.515890E+00 1.558016E-03
5.484994E+00 1.516135E+00 1.537069E-03
5.479122E+00 1.516378E+00 1.515950E-03
5.473262E+00 1.516621E+00 1.494658E-03
5.467415E+00 1.516863E+00 1.473194E-03
5.461580E+00 1.517104E+00 1.451562E-03
5.455758E+00 1.517344E+00 1.429767E-03
5.449948E+00 1.517583E+00 1.407818E-03
5.444150E+00 1.517822E+00 1.385724E-03
5.438365E+00 1.518060E+00 1.363500E-03
5.432589E+00 1.518297E+00 1.341160E-03
5.426828E+00 1.518534E+00 1.318725E-03
5.421080E+00 1.518770E+00 1.296218E-03
5.415343E+00 1.519006E+00 1.273667E-03
5.409619E+00 1.519241E+00 1.251106E-03
5.403907E+00 1.519476E+00 1.228574E-03
5.398207E+00 1.519710E+00 1.206118E-03
5.392519E+00 1.519944E+00 1.183792E-03
5.386843E+00 1.520177E+00 1.161659E-03
5.381178E+00 1.520410E+00 1.139788E-03
5.375526E+00 1.520643E+00 1.118256E-03
5.369886E+00 1.520875E+00 1.097142E-03
5.364257E+00 1.521107E+00 1.076529E-03
5.358638E+00 1.521339E+00 1.056497E-03
5.353032E+00 1.521570E+00 1.037118E-03
5.347439E+00 1.521800E+00 1.018451E-03
5.341858E+00 1.522029E+00 1.000533E-03
5.336288E+00 1.522258E+00 9.833764E-04
5.330729E+00 1.522485E+00 9.669608E-04
5.325182E+00 1.522712E+00 9.512294E-04
5.319647E+00 1.522936E+00 9.360872E-04
5.314123E+00 1.523160E+00 9.214022E-04
5.308611E+00 1.523382E+00 9.070091E-04
5.303110E+00 1.523602E+00 8.927172E-04
5.297620E+00 1.523821E+00 8.783204E-04
5.292139E+00 1.524039E+00 8.636107E-04
5.286672E+00 1.524255E+00 8.483919E-04
5.281217E+00 1.524469E+00 8.324943E-04
5.275773E+00 1.524683E+00 8.157876E-04
5.270339E+00 1.524896E+00 7.981917E-04
5.264917E+00 1.525108E+00 7.796834E-04
5.259507E+00 1.525320E+00 7.602991E-04
5.254107E+00 1.525532E+00 7.401325E-04
5.248718E+00 1.525744E+00 7.193277E-04
5.243341E+00 1.525956E+00 6.980688E-04
5.237974E+00 1.526168E+00 6.765668E-04
5.232619E+00 1.526381E+00 6.550449E-04
5.227274E+00 1.526594E+00 6.337242E-04
5.221938E+00 1.526808E+00 6.128109E-04
5.216615E+00 1.527022E+00 5.924852E-04
5.211303E+00 1.527236E+00 5.728944E-04
5.206001E+00 1.527450E+00 5.541488E-04
5.200711E+00 1.527664E+00 5.363206E-04
5.195431E+00 1.527878E+00 5.194461E-04
5.190162E+00 1.528091E+00 5.035301E-04
5.184904E+00 1.528304E+00 4.885514E-04
5.179656E+00 1.528516E+00 4.744690E-04
5.174419E+00 1.528727E+00 4.612285E-04
5.169193E+00 1.528938E+00 4.487678E-04
5.163977E+00 1.529148E+00 4.370221E-04
5.158769E+00 1.529356E+00 4.259275E-04
5.153574E+00 1.529564E+00 4.154239E-04
5.148389E+00 1.529771E+00 4.054568E-04
5.143215E+00 1.529977E+00 3.959781E-04
5.138052E+00 1.530182E+00 3.869459E-04
5.132898E+00 1.530386E+00 3.783247E-04
5.127755E+00 1.530589E+00 3.700846E-04
5.122623E+00 1.530791E+00 3.622004E-04
5.117500E+00 1.530993E+00 3.546508E-04
5.112388E+00 1.531193E+00 3.474178E-04
5.107286E+00 1.531392E+00 3.404856E-04
5.102194E+00 1.531591E+00 3.338407E-04
5.097113E+00 1.531789E+00 3.274704E-04
5.092039E+00 1.531986E+00 3.213636E-04
5.086977E+00 1.532182E+00 3.155094E-04
5.081926E+00 1.532377E+00 3.098979E-04
5.076884E+00 1.532571E+00 3.045192E-04
5.071853E+00 1.532765E+00 2.993640E-04
5.066832E+00 1.532957E+00 2.944230E-04
5.061820E+00 1.533149E+00 2.896872E-04
5.056818E+00 1.533340E+00 2.851480E-04
5.051827E+00 1.533530E+00 2.807966E-04
5.046845E+00 1.533719E+00 2.766247E-04
5.041873E+00 1.533908E+00 2.726240E-04
5.036910E+00 1.534096E+00 2.687865E-04
5.031958E+00 1.534282E+00 2.651043E-04
5.027013E+00 1.534468E+00 2.615699E-04
5.022080E+00 1.534653E+00 2.581757E-04
5.017156E+00 1.534838E+00 2.549147E-04
5.012242E+00 1.535021E+00 2.517797E-04
5.007338E+00 1.535204E+00 2.487640E-04
5.002444E+00 1.535386E+00 2.458612E-04
4.997559E+00 1.535567E+00 2.430648E-04
4.992683E+00 1.535748E+00 2.403689E-04
4.987817E+00 1.535927E+00 2.377676E-04
4.982961E+00 1.536106E+00 2.352553E-04
4.978114E+00 1.536284E+00 2.328266E-04
4.973276E+00 1.536462E+00 2.304764E-04
4.968445E+00 1.536638E+00 2.281997E-04
4.963627E+00 1.536814E+00 2.259920E-04
4.958817E+00 1.536989E+00 2.238487E-04
4.954017E+00 1.537164E+00 2.217657E-04
4.949226E+00 1.537337E+00 2.197388E-04
4.944444E+00 1.537510E+00 2.177644E-04
4.939672E+00 1.537683E+00 2.158389E-04
4.934909E+00 1.537854E+00 2.139589E-04
4.930155E+00 1.538025E+00 2.121212E-04
4.925410E+00 1.538195E+00 2.103231E-04
4.920674E+00 1.538365E+00 2.085616E-04
4.915947E+00 1.538533E+00 2.068343E-04
4.911230E+00 1.538701E+00 2.051389E-04
4.906519E+00 1.538869E+00 2.034733E-04
4.901819E+00 1.539036E+00 2.018354E-04
4.897128E+00 1.539202E+00 2.002236E-04
4.892447E+00 1.539367E+00 1.986363E-04
4.887774E+00 1.539532E+00 1.970721E-04
4.883111E+00 1.539696E+00 1.955298E-04
4.878456E+00 1.539860E+00 1.940083E-04
4.873810E+00 1.540022E+00 1.925067E-04
4.869173E+00 1.540185E+00 1.910243E-04
4.864544E+00 1.540346E+00 1.895605E-04
4.859925E+00 1.540507E+00 1.881148E-04
4.855314E+00 1.540668E+00 1.866868E-04
4.850712E+00 1.540828E+00 1.852763E-04
4.846116E+00 1.540987E+00 1.838830E-04
4.841532E+00 1.541145E+00 1.825069E-04
4.836956E+00 1.541303E+00 1.811477E-04
4.832389E+00 1.541461E+00 1.798056E-04
4.827830E+00 1.541618E+00 1.784804E-04
4.823280E+00 1.541774E+00 1.771721E-04
4.818738E+00 1.541929E+00 1.758804E-04
4.814205E+00 1.542084E+00 1.746053E-04
4.809681E+00 1.542239E+00 1.733465E-04
4.805165E+00 1.542393E+00 1.721036E-04
4.800657E+00 1.542546E+00 1.708761E-04
4.796158E+00 1.542699E+00 1.696633E-04
4.791666E+00 1.542851E+00 1.684644E-04
4.787183E+00 1.543003E+00 1.672784E-04
4.782710E+00 1.543154E+00 1.661042E-04
4.778244E+00 1.543305E+00 1.649405E-04
4.773787E+00 1.543455E+00 1.637856E-04
4.769338E+00 1.543604E+00 1.626380E-04
4.764898E+00 1.543753E+00 1.614958E-04
4.760465E+00 1.543901E+00 1.603570E-04
4.756041E+00 1.544049E+00 1.592195E-04
4.751625E+00 1.544196E+00 1.580811E-04
4.747218E+00 1.544343E+00 1.569397E-04
4.742818E+00 1.544489E+00 1.557929E-04
4.738427E+00 1.544635E+00 1.546385E-04
4.734042E+00 1.544780E+00 1.534744E-04
4.729666E+00 1.544925E+00 1.522984E-04
4.725299E+00 1.545069E+00 1.511088E-04
4.720940E+00 1.545212E+00 1.499036E-04
4.716590E+00 1.545355E+00 1.486814E-04
4.712247E+00 1.545498E+00 1.474409E-04
4.707912E+00 1.545640E+00 1.461811E-04
4.703585E+00 1.545781E+00 1.449013E-04
4.699266E+00 1.545923E+00 1.436012E-04
4.694955E+00 1.546063E+00 1.422807E-04
4.690652E+00 1.546203E+00 1.409400E-04
4.686356E+00 1.546343E+00 1.395799E-04
4.682067E+00 1.546482E+00 1.382012E-04
4.677787E+00 1.546621E+00 1.368052E-04
4.673515E+00 1.546759E+00 1.353934E-04
4.669251E+00 1.546897E+00 1.339676E-04
4.664995E+00 1.547034E+00 1.325297E-04
4.660747E+00 1.547171E+00 1.310820E-04
4.656506E+00 1.547308E+00 1.296267E-04
4.652273E+00 1.547444E+00 1.281661E-04
4.648048E+00 1.547580E+00 1.267028E-04
4.643830E+00 1.547715E+00 1.252392E-04
4.639620E+00 1.547850E+00 1.237776E-04
4.635417E+00 1.547984E+00 1.223205E-04
4.631223E+00 1.548118E+00 1.208701E-04
4.627033E+00 1.548252E+00 1.194284E-04
4.622854E+00 1.548385E+00 1.179974E-04
4.618682E+00 1.548517E+00 1.165789E-04
4.614517E+00 1.548650E+00 1.151745E-04
4.610360E+00 1.548782E+00 1.137854E-04
4.606210E+00 1.548913E+00 1.124130E-04
4.602068E+00 1.549044E+00 1.110581E-04
4.597934E+00 1.549175E+00 1.097214E-04
4.593806E+00 1.549305E+00 1.084035E-04
4.589687E+00 1.549435E+00 1.071047E-04
4.585574E+00 1.549564E+00 1.058253E-04
4.581469E+00 1.549693E+00 1.045651E-04
4.577371E+00 1.549821E+00 1.033242E-04
4.573279E+00 1.549950E+00 1.021022E-04
4.569196E+00 1.550077E+00 1.008988E-04
4.565120E+00 1.550205E+00 9.971352E-05
4.561051E+00 1.550332E+00 9.854591E-05
4.556990E+00 1.550458E+00 9.739538E-05
4.552936E+00 1.550584E+00 9.626135E-05
4.548889E+00 1.550710E+00 9.514322E-05
4.544849E+00 1.550835E+00 9.404037E-05
4.540817E+00 1.550960E+00 9.295219E-05
4.536791E+00 1.551085E+00 9.187811E-05
4.532773E+00 1.551209E+00 9.081755E-05
4.528762E+00 1.551333E+00 8.977000E-05
4.524756E+00 1.551456E+00 8.873495E-05
4.520759E+00 1.551579E+00 8.771195E-05
4.516769E+00 1.551701E+00 8.670060E-05
4.512786E+00 1.551823E+00 8.570053E-05
4.508810E+00 1.551945E+00 8.471143E-05
4.504841E+00 1.552067E+00 8.373302E-05
4.500879E+00 1.552188E+00 8.276509E-05
4.496925E+00 1.552308E+00 8.180744E-05
4.492977E+00 1.552429E+00 8.085993E-05
4.489036E+00 1.552548E+00 7.992248E-05
4.485101E+00 1.552668E+00 7.899500E-05
4.481174E+00 1.552787E+00 7.807749E-05
4.477254E+00 1.552906E+00 7.716995E-05
4.473338E+00 1.553024E+00 7.627241E-05
4.469432E+00 1.553142E+00 7.538496E-05
4.465532E+00 1.553260E+00 7.450769E-05
4.461639E+00 1.553377E+00 7.364072E-05
4.457752E+00 1.553494E+00 7.278421E-05
4.453873E+00 1.553611E+00 7.193834E-05
4.450000E+00 1.553727E+00 7.110330E-05
4.446134E+00 1.553843E+00 7.027930E-05
4.442275E+00 1.553958E+00 6.946660E-05
4.438422E+00 1.554074E+00 6.866545E-05
4.434576E+00 1.554188E+00 6.787612E-05
4.430737E+00 1.554303E+00 6.709891E-05
4.426904E+00 1.554417E+00 6.633413E-05
4.423076E+00 1.554531E+00 6.558211E-05
4.419257E+00 1.554644E+00 6.484319E-05
4.415444E+00 1.554757E+00 6.411773E-05
4.411638E+00 1.554870E+00 6.340609E-05
4.407838E+00 1.554983E+00 6.270866E-05
4.404045E+00 1.555095E+00 6.202584E-05
4.400258E+00 1.555207E+00 6.135802E-05
4.396478E+00 1.555318E+00 6.070563E-05
4.392704E+00 1.555429E+00 6.006908E-05
4.388937E+00 1.555540E+00 5.944882E-05
4.385176E+00 1.555650E+00 5.884526E-05
4.381422E+00 1.555760E+00 5.825886E-05
4.377672E+00 1.555870E+00 5.769006E-05
4.373931E+00 1.555980E+00 5.713930E-05
4.370196E+00 1.556089E+00 5.660703E-05
4.366467E+00 1.556197E+00 5.609369E-05
4.362745E+00 1.556306E+00 5.559972E-05
4.359029E+00 1.556414E+00 5.512554E-05
4.355319E+00 1.556522E+00 5.467159E-05
4.351616E+00 1.556629E+00 5.423826E-05
4.347919E+00 1.556737E+00 5.382597E-05
4.344228E+00 1.556844E+00 5.343510E-05
4.340543E+00 1.556950E+00 5.306601E-05
4.336865E+00 1.557056E+00 5.271904E-05
4.333193E+00 1.557162E+00 5.239453E-05
4.329525E+00 1.557268E+00 5.209276E-05
4.325866E+00 1.557373E+00 5.181400E-05
4.322212E+00 1.557478E+00 5.155850E-05
4.318565E+00 1.557583E+00 5.132646E-05
4.314924E+00 1.557687E+00 5.111804E-05
4.311289E+00 1.557791E+00 5.093337E-05
4.307660E+00 1.557895E+00 5.077255E-05
4.304037E+00 1.557998E+00 5.063562E-05
4.300420E+00 1.558101E+00 5.052257E-05
4.296810E+00 1.558204E+00 5.043337E-05
4.293205E+00 1.558307E+00 5.036791E-05
4.289607E+00 1.558409E+00 5.032604E-05
4.286014E+00 1.558511E+00 5.030755E-05
4.282426E+00 1.558612E+00 5.031219E-05
4.278846E+00 1.558713E+00 5.033963E-05
4.275271E+00 1.558814E+00 5.038951E-05
4.271702E+00 1.558915E+00 5.046137E-05
4.268140E+00 1.559015E+00 5.055474E-05
4.264583E+00 1.559115E+00 5.066904E-05
4.261033E+00 1.559215E+00 5.080366E-05
4.257488E+00 1.559314E+00 5.095792E-05
4.253949E+00 1.559413E+00 5.113108E-05
4.250416E+00 1.559512E+00 5.132233E-05
4.246889E+00 1.559610E+00 5.153083E-05
4.243367E+00 1.559709E+00 5.175563E-05
4.239850E+00 1.559806E+00 5.199578E-05
4.236340E+00 1.559904E+00 5.225024E-05
4.232836E+00 1.560001E+00 5.251791E-05
4.229338E+00 1.560098E+00 5.279767E-05
4.225846E+00 1.560195E+00 5.308833E-05
4.222360E+00 1.560291E+00 5.338866E-05
4.218879E+00 1.560387E+00 5.369740E-05
4.215404E+00 1.560483E+00 5.401323E-05
4.211934E+00 1.560578E+00 5.433480E-05
4.208471E+00 1.560673E+00 5.466076E-05
4.205013E+00 1.560768E+00 5.498969E-05
4.201561E+00 1.560862E+00 5.532018E-05
4.198114E+00 1.560956E+00 5.565079E-05
4.194671E+00 1.561050E+00 5.598008E-05
4.191236E+00 1.561144E+00 5.630658E-05
4.187806E+00 1.561237E+00 5.662886E-05
4.184382E+00 1.561330E+00 5.694545E-05
4.180964E+00 1.561423E+00 5.725491E-05
4.177551E+00 1.561515E+00 5.755584E-05
4.174144E+00 1.561607E+00 5.784681E-05
4.170742E+00 1.561699E+00 5.812645E-05
4.167346E+00 1.561791E+00 5.839343E-05
4.163955E+00 1.561882E+00 5.864643E-05
4.160570E+00 1.561973E+00 5.888418E-05
4.157190E+00 1.562064E+00 5.910549E-05
4.153814E+00 1.562154E+00 5.930917E-05
4.150445E+00 1.562244E+00 5.949412E-05
4.147082E+00 1.562334E+00 5.965931E-05
4.143724E+00 1.562424E+00 5.980375E-05
4.140372E+00 1.562513E+00 5.992655E-05
4.137025E+00 1.562602E+00 6.002686E-05
4.133683E+00 1.562691E+00 6.010394E-05
4.130347E+00 1.562779E+00 6.015712E-05
4.127016E+00 1.562868E+00 6.018580E-05
4.123691E+00 1.562956E+00 6.018948E-05
4.120371E+00 1.563043E+00 6.016776E-05
4.117056E+00 1.563131E+00 6.012029E-05
4.113747E+00 1.563218E+00 6.004686E-05
4.110441E+00 1.563305E+00 5.994730E-05
4.107142E+00 1.563392E+00 5.982157E-05
4.103849E+00 1.563478E+00 5.966971E-05
4.100561E+00 1.563565E+00 5.949184E-05
4.097278E+00 1.563651E+00 5.928817E-05
4.094000E+00 1.563736E+00 5.905902E-05
4.090727E+00 1.563822E+00 5.880476E-05
4.087460E+00 1.563907E+00 5.852587E-05
4.084198E+00 1.563992E+00 5.822289E-05
4.080941E+00 1.564077E+00 5.789646E-05
4.077690E+00 1.564162E+00 5.754727E-05
4.074443E+00 1.564246E+00 5.717610E-05
4.071202E+00 1.564330E+00 5.678378E-05
4.067964E+00 1.564414E+00 5.637120E-05
4.064733E+00 1.564498E+00 5.593932E-05
4.061507E+00 1.564582E+00 5.548914E-05
4.058287E+00 1.564665E+00 5.502171E-05
4.055071E+00 1.564748E+00 5.453812E-05
4.051861E+00 1.564831E+00 5.403949E-05
4.048655E+00 1.564914E+00 5.352698E-05
4.045455E+00 1.564996E+00 5.300177E-05
4.042259E+00 1.565078E+00 5.246505E-05
4.039069E+00 1.565161E+00 5.191805E-05
4.035884E+00 1.565242E+00 5.136198E-05
4.032704E+00 1.565324E+00 5.079806E-05
4.029527E+00 1.565406E+00 5.022751E-05
4.026357E+00 1.565487E+00 4.965156E-05
4.023191E+00 1.565568E+00 4.907138E-05
4.020031E+00 1.565649E+00 4.848817E-05
4.016876E+00 1.565729E+00 4.790308E-05
4.013725E+00 1.565810E+00 4.731724E-05
4.010580E+00 1.565890E+00 4.673176E-05
4.007439E+00 1.565970E+00 4.614770E-05
4.004304E+00 1.566050E+00 4.556608E-05
4.001173E+00 1.566130E+00 4.498789E-05
3.998047E+00 1.566209E+00 4.441406E-05
3.994926E+00 1.566289E+00 4.384549E-05
3.991810E+00 1.566368E+00 4.328302E-05
3.988698E+00 1.566446E+00 4.272743E-05
3.985591E+00 1.566525E+00 4.217946E-05
3.982490E+00 1.566604E+00 4.163979E-05
3.979393E+00 1.566682E+00 4.110903E-05
3.976301E+00 1.566760E+00 4.058776E-05
3.973214E+00 1.566838E+00 4.007647E-05
3.970132E+00 1.566916E+00 3.957562E-05
3.967054E+00 1.566993E+00 3.908560E-05
3.963982E+00 1.567071E+00 3.860673E-05
3.960914E+00 1.567148E+00 3.813930E-05
3.957850E+00 1.567225E+00 3.768353E-05
3.954792E+00 1.567301E+00 3.723957E-05
3.951738E+00 1.567378E+00 3.680755E-05
3.948688E+00 1.567454E+00 3.638752E-05
3.945643E+00 1.567531E+00 3.597949E-05
3.942604E+00 1.567607E+00 3.558343E-05
3.939569E+00 1.567682E+00 3.519926E-05
3.936538E+00 1.567758E+00 3.482684E-05
3.933513E+00 1.567833E+00 3.446602E-05
3.930492E+00 1.567908E+00 3.411658E-05
3.927475E+00 1.567983E+00 3.377828E-05
3.924463E+00 1.568058E+00 3.345085E-05
3.921456E+00 1.568133E+00 3.313399E-05
3.918454E+00 1.568207E+00 3.282736E-05
3.915456E+00 1.568281E+00 3.253060E-05
3.912461E+00 1.568355E+00 3.224333E-05
3.909472E+00 1.568429E+00 3.196516E-05
3.906488E+00 1.568503E+00 3.169565E-05
3.903508E+00 1.568576E+00 3.143439E-05
3.900533E+00 1.568650E+00 3.118093E-05
3.897563E+00 1.568723E+00 3.093481E-05
3.894597E+00 1.568795E+00 3.069558E-05
3.891635E+00 1.568868E+00 3.046277E-05
3.888678E+00 1.568941E+00 3.023591E-05
3.885725E+00 1.569013E+00 3.001453E-05
3.882777E+00 1.569085E+00 2.979818E-05
3.879834E+00 1.569157E+00 2.958638E-05
3.876895E+00 1.569229E+00 2.937869E-05
3.873958E+00 1.569300E+00 2.917466E-05
3.871028E+00 1.569371E+00 2.897384E-05
3.868102E+00 1.569443E+00 2.877580E-05
3.865181E+00 1.569514E+00 2.858013E-05
3.862264E+00 1.569584E+00 2.838643E-05
3.859351E+00 1.569655E+00 2.819430E-05
3.856443E+00 1.569725E+00 2.800337E-05
3.853539E+00 1.569795E+00 2.781327E-05
3.850640E+00 1.569866E+00 2.762367E-05
3.847745E+00 1.569935E+00 2.743424E-05
3.844854E+00 1.570005E+00 2.724467E-05
3.841968E+00 1.570075E+00 2.705467E-05
3.839085E+00 1.570144E+00 2.686397E-05
3.836206E+00 1.570213E+00 2.667231E-05
3.833333E+00 1.570282E+00 2.647947E-05
3.830464E+00 1.570351E+00 2.628522E-05
3.827599E+00 1.570419E+00 2.608938E-05
3.824738E+00 1.570488E+00 2.589176E-05
3.821882E+00 1.570556E+00 2.569220E-05
3.819030E+00 1.570624E+00 2.549057E-05
3.816182E+00 1.570692E+00 2.528674E-05
3.813339E+00 1.570760E+00 2.508060E-05
3.810499E+00 1.570827E+00 2.487208E-05
3.807664E+00 1.570895E+00 2.466110E-05
3.804833E+00 1.570962E+00 2.444760E-05
3.802005E+00 1.571029E+00 2.423155E-05
3.799183E+00 1.571096E+00 2.401292E-05
3.796365E+00 1.571162E+00 2.379171E-05
3.793550E+00 1.571229E+00 2.356792E-05
3.790741E+00 1.571295E+00 2.334157E-05
3.787935E+00 1.571362E+00 2.311270E-05
3.785133E+00 1.571428E+00 2.288134E-05
3.782336E+00 1.571493E+00 2.264755E-05
3.779542E+00 1.571559E+00 2.241140E-05
3.776753E+00 1.571625E+00 2.217296E-05
3.773968E+00 1.571690E+00 2.193233E-05
3.771187E+00 1.571755E+00 2.168959E-05
3.768410E+00 1.571820E+00 2.144485E-05
3.765636E+00 1.571885E+00 2.119821E-05
3.762867E+00 1.571950E+00 2.094981E-05
3.760102E+00 1.572015E+00 2.069975E-05
3.757342E+00 1.572079E+00 2.044817E-05
3.754585E+00 1.572144E+00 2.019520E-05
3.751833E+00 1.572208E+00 1.994098E-05
3.749084E+00 1.572272E+00 1.968565E-05
3.746340E+00 1.572335E+00 1.942936E-05
3.743599E+00 1.572399E+00 1.917225E-05
3.740863E+00 1.572463E+00 1.891448E-05
3.738131E+00 1.572526E+00 1.865620E-05
3.735402E+00 1.572589E+00 1.839755E-05
3.732676E+00 1.572652E+00 1.813870E-05
3.729956E+00 1.572715E+00 1.787979E-05
3.727239E+00 1.572778E+00 1.762098E-05
3.724527E+00 1.572841E+00 1.736243E-05
3.721818E+00 1.572903E+00 1.710428E-05
3.719113E+00 1.572965E+00 1.684668E-05
3.716412E+00 1.573028E+00 1.658978E-05
3.713716E+00 1.573090E+00 1.633374E-05
3.711023E+00 1.573151E+00 1.607869E-05
3.708334E+00 1.573213E+00 1.582477E-05
3.705648E+00 1.573275E+00 1.557213E-05
3.702967E+00 1.573336E+00 1.532090E-05
3.700290E+00 1.573397E+00 1.507121E-05
3.697615E+00 1.573459E+00 1.482319E-05
3.694945E+00 1.573520E+00 1.457697E-05
3.692280E+00 1.573580E+00 1.433267E-05
3.689618E+00 1.573641E+00 1.409039E-05
3.686959E+00 1.573702E+00 1.385027E-05
3.684305E+00 1.573762E+00 1.361239E-05
3.681655E+00 1.573823E+00 1.337688E-05
3.679008E+00 1.573883E+00 1.314382E-05
3.676365E+00 1.573943E+00 1.291331E-05
3.673726E+00 1.574003E+00 1.268544E-05
3.671091E+00 1.574062E+00 1.246030E-05
3.668459E+00 1.574122E+00 1.223797E-05
3.665832E+00 1.574181E+00 1.201851E-05
3.663206E+00 1.574241E+00 1.180201E-05
3.660586E+00 1.574300E+00 1.158853E-05
3.657970E+00 1.574359E+00 1.137812E-05
3.655357E+00 1.574418E+00 1.117085E-05
3.652748E+00 1.574476E+00 1.096677E-05
3.650143E+00 1.574535E+00 1.076591E-05
3.647541E+00 1.574593E+00 1.056834E-05
3.644943E+00 1.574652E+00 1.037407E-05
3.642349E+00 1.574710E+00 1.018315E-05
3.639759E+00 1.574768E+00 9.995596E-06
3.637172E+00 1.574826E+00 9.811442E-06
3.634589E+00 1.574884E+00 9.630705E-06
3.632008E+00 1.574941E+00 9.453400E-06
3.629432E+00 1.574999E+00 9.279537E-06
3.626860E+00 1.575056E+00 9.109125E-06
3.624291E+00 1.575114E+00 8.942167E-06
3.621727E+00 1.575171E+00 8.778661E-06
3.619165E+00 1.575228E+00 8.618606E-06
3.616608E+00 1.575285E+00 8.461992E-06
3.614054E+00 1.575341E+00 8.308809E-06
3.611503E+00 1.575398E+00 8.159043E-06
3.608957E+00 1.575454E+00 8.012677E-06
3.606413E+00 1.575511E+00 7.869689E-06
3.603874E+00 1.575567E+00 7.730058E-06
3.601338E+00 1.575623E+00 7.593756E-06
3.598804E+00 1.575679E+00 7.460755E-06
3.596275E+00 1.575735E+00 7.331025E-06
3.593750E+00 1.575790E+00 7.204531E-06
3.591228E+00 1.575846E+00 7.081238E-06
3.588709E+00 1.575901E+00 6.961109E-06
3.586195E+00 1.575957E+00 6.844102E-06
3.583683E+00 1.576012E+00 6.730178E-06
3.581176E+00 1.576067E+00 6.619292E-06
3.578672E+00 1.576122E+00 6.511399E-06
3.576171E+00 1.576176E+00 6.406454E-06
3.573674E+00 1.576231E+00 6.304408E-06
3.571180E+00 1.576286E+00 6.205213E-06
3.568690E+00 1.576340E+00 6.108819E-06
3.566202E+00 1.576394E+00 6.015175E-06
3.563718E+00 1.576448E+00 5.924229E-06
3.561238E+00 1.576502E+00 5.835929E-06
3.558762E+00 1.576556E+00 5.750220E-06
3.556289E+00 1.576610E+00 5.667050E-06
3.553819E+00 1.576664E+00 5.586365E-06
3.551353E+00 1.576717E+00 5.508109E-06
3.548891E+00 1.576771E+00 5.432228E-06
3.546431E+00 1.576824E+00 5.358667E-06
3.543975E+00 1.576877E+00 5.287371E-06
3.541523E+00 1.576930E+00 5.218284E-06
3.539074E+00 1.576983E+00 5.151353E-06
3.536627E+00 1.577036E+00 5.086521E-06
3.534185E+00 1.577088E+00 5.023735E-06
3.531746E+00 1.577141E+00 4.962939E-06
3.529310E+00 1.577193E+00 4.904081E-06
3.526878E+00 1.577246E+00 4.847106E-06
3.524449E+00 1.577298E+00 4.791961E-06
3.522023E+00 1.577350E+00 4.738594E-06
3.519601E+00 1.577402E+00 4.686953E-06
3.517182E+00 1.577454E+00 4.636986E-06
3.514767E+00 1.577505E+00 4.588643E-06
3.512355E+00 1.577557E+00 4.541874E-06
3.509946E+00 1.577608E+00 4.496629E-06
3.507540E+00 1.577660E+00 4.452861E-06
3.505136E+00 1.577711E+00 4.410521E-06
3.502737E+00 1.577762E+00 4.369562E-06
3.500342E+00 1.577813E+00 4.329939E-06
3.497949E+00 1.577864E+00 4.291607E-06
3.495560E+00 1.577915E+00 4.254522E-06
3.493174E+00 1.577965E+00 4.218640E-06
3.490791E+00 1.578016E+00 4.183919E-06
3.488412E+00 1.578066E+00 4.150317E-06
3.486036E+00 1.578117E+00 4.117795E-06
3.483663E+00 1.578167E+00 4.086313E-06
3.481293E+00 1.578217E+00 4.055833E-06
3.478926E+00 1.578267E+00 4.026317E-06
3.476563E+00 1.578317E+00 3.997728E-06
3.474202E+00 1.578366E+00 3.970032E-06
3.471845E+00 1.578416E+00 3.943193E-06
3.469491E+00 1.578465E+00 3.917178E-06
3.467141E+00 1.578515E+00 3.891955E-06
3.464793E+00 1.578564E+00 3.867492E-06
3.462449E+00 1.578613E+00 3.843759E-06
3.460108E+00 1.578662E+00 3.820725E-06
3.457770E+00 1.578711E+00 3.798361E-06
3.455436E+00 1.578760E+00 3.776641E-06
3.453104E+00 1.578809E+00 3.755537E-06
3.450776E+00 1.578858E+00 3.735023E-06
3.448451E+00 1.578906E+00 3.715074E-06
3.446127E+00 1.578954E+00 3.695665E-06
3.443808E+00 1.579003E+00 3.676773E-06
3.441493E+00 1.579051E+00 3.658376E-06
3.439180E+00 1.579099E+00 3.640452E-06
3.436870E+00 1.579147E+00 3.622980E-06
3.434564E+00 1.579195E+00 3.605939E-06
3.432260E+00 1.579243E+00 3.589310E-06
3.429960E+00 1.579290E+00 3.573074E-06
3.427663E+00 1.579338E+00 3.557214E-06
3.425368E+00 1.579385E+00 3.541713E-06
3.423077E+00 1.579433E+00 3.526553E-06
3.420789E+00 1.579480E+00 3.511718E-06
3.418504E+00 1.579527E+00 3.497195E-06
3.416221E+00 1.579574E+00 3.482967E-06
3.413942E+00 1.579621E+00 3.469021E-06
3.411666E+00 1.579668E+00 3.455344E-06
3.409393E+00 1.579714E+00 3.441923E-06
3.407124E+00 1.579761E+00 3.428746E-06
3.404857E+00 1.579808E+00 3.415800E-06
3.402593E+00 1.579854E+00 3.403075E-06
3.400332E+00 1.579900E+00 3.390560E-06
3.398075E+00 1.579947E+00 3.378245E-06
3.395820E+00 1.579993E+00 3.366120E-06
3.393568E+00 1.580039E+00 3.354176E-06
3.391319E+00 1.580085E+00 3.342404E-06
3.389072E+00 1.580130E+00 3.330795E-06
3.386829E+00 1.580176E+00 3.319343E-06
3.384590E+00 1.580222E+00 3.308038E-06
3.382353E+00 1.580267E+00 3.296874E-06
3.380119E+00 1.580313E+00 3.285845E-06
3.377888E+00 1.580358E+00 3.274942E-06
3.375660E+00 1.580403E+00 3.264161E-06
3.373434E+00 1.580448E+00 3.253496E-06
3.371212E+00 1.580493E+00 3.242940E-06
3.368993E+00 1.580538E+00 3.232488E-06
3.366777E+00 1.580583E+00 3.222137E-06
3.364563E+00 1.580628E+00 3.211879E-06
3.362353E+00 1.580672E+00 3.201712E-06
3.360144E+00 1.580717E+00 3.191632E-06
3.357939E+00 1.580761E+00 3.181633E-06
3.355737E+00 1.580805E+00 3.171712E-06
3.353538E+00 1.580850E+00 3.161865E-06
3.351342E+00 1.580894E+00 3.152090E-06
3.349149E+00 1.580938E+00 3.142383E-06
3.346959E+00 1.580982E+00 3.132741E-06
3.344771E+00 1.581026E+00 3.123160E-06
3.342587E+00 1.581069E+00 3.113640E-06
3.340405E+00 1.581113E+00 3.104176E-06
3.338226E+00 1.581157E+00 3.094766E-06
3.336050E+00 1.581200E+00 3.085408E-06
3.333877E+00 1.581244E+00 3.076101E-06
3.331705E+00 1.581287E+00 3.066842E-06
3.329538E+00 1.581330E+00 3.057628E-06
3.327373E+00 1.581373E+00 3.048460E-06
3.325211E+00 1.581416E+00 3.039333E-06
3.323052E+00 1.581459E+00 3.030249E-06
3.320895E+00 1.581502E+00 3.021203E-06
3.318742E+00 1.581545E+00 3.012197E-06
3.316591E+00 1.581587E+00 3.003227E-06
3.314443E+00 1.581630E+00 2.994293E-06
3.312298E+00 1.581672E+00 2.985393E-06
3.310156E+00 1.581715E+00 2.976528E-06
3.308016E+00 1.581757E+00 2.967695E-06
3.305878E+00 1.581799E+00 2.958893E-06
3.303744E+00 1.581841E+00 2.950123E-06
3.301613E+00 1.581883E+00 2.941382E-06
3.299484E+00 1.581925E+00 2.932671E-06
3.297358E+00 1.581967E+00 2.923988E-06
3.295235E+00 1.582009E+00 2.915332E-06
3.293115E+00 1.582051E+00 2.906705E-06
3.290997E+00 1.582092E+00 2.898103E-06
3.288882E+00 1.582134E+00 2.889528E-06
3.286770E+00 1.582175E+00 2.880978E-06
3.284660E+00 1.582216E+00 2.872453E-06
3.282553E+00 1.582258E+00 2.863953E-06
3.280449E+00 1.582299E+00 2.855477E-06
3.278347E+00 1.582340E+00 2.847024E-06
3.276248E+00 1.582381E+00 2.838595E-06
3.274152E+00 1.582422E+00 2.830189E-06
3.272059E+00 1.582463E+00 2.821806E-06
3.269968E+00 1.582503E+00 2.813445E-06
3.267880E+00 1.582544E+00 2.805106E-06
3.265795E+00 1.582585E+00 2.796789E-06
3.263712E+00 1.582625E+00 2.788494E-06
3.261632E+00 1.582665E+00 2.780220E-06
3.259554E+00 1.582706E+00 2.771967E-06
3.257480E+00 1.582746E+00 2.763735E-06
3.255408E+00 1.582786E+00 2.755524E-06
3.253338E+00 1.582826E+00 2.747334E-06
3.251270E+00 1.582866E+00 2.739164E-06
3.249206E+00 1.582906E+00 2.731014E-06
3.247144E+00 1.582946E+00 2.722884E-06
3.245085E+00 1.582985E+00 2.714774E-06
3.243029E+00 1.583025E+00 2.706684E-06
3.240975E+00 1.583065E+00 2.698614E-06
3.238924E+00 1.583104E+00 2.690563E-06
3.236876E+00 1.583144E+00 2.682531E-06
3.234830E+00 1.583183E+00 2.674519E-06
3.232786E+00 1.583222E+00 2.666527E-06
3.230745E+00 1.583261E+00 2.658553E-06
3.228707E+00 1.583300E+00 2.650599E-06
3.226670E+00 1.583339E+00 2.642663E-06
3.224637E+00 1.583378E+00 2.634747E-06
3.222607E+00 1.583417E+00 2.626849E-06
3.220579E+00 1.583456E+00 2.618970E-06
3.218553E+00 1.583494E+00 2.611110E-06
3.216530E+00 1.583533E+00 2.603268E-06
3.214510E+00 1.583572E+00 2.595445E-06
3.212492E+00 1.583610E+00 2.587641E-06
3.210477E+00 1.583648E+00 2.579855E-06
3.208464E+00 1.583687E+00 2.572087E-06
3.206454E+00 1.583725E+00 2.564338E-06
3.204446E+00 1.583763E+00 2.556607E-06
3.202441E+00 1.583801E+00 2.548894E-06
3.200437E+00 1.583839E+00 2.541200E-06
3.198437E+00 1.583877E+00 2.533523E-06
3.196439E+00 1.583915E+00 2.525865E-06
3.194444E+00 1.583952E+00 2.518224E-06
3.192452E+00 1.583990E+00 2.510602E-06
3.190461E+00 1.584028E+00 2.502998E-06
3.188474E+00 1.584065E+00 2.495411E-06
3.186488E+00 1.584103E+00 2.487843E-06
3.184505E+00 1.584140E+00 2.480292E-06
3.182525E+00 1.584177E+00 2.472759E-06
3.180547E+00 1.584214E+00 2.465244E-06
3.178572E+00 1.584251E+00 2.457747E-06
3.176599E+00 1.584289E+00 2.450267E-06
3.174627E+00 1.584326E+00 2.442806E-06
3.172659E+00 1.584362E+00 2.435361E-06
3.170694E+00 1.584399E+00 2.427934E-06
3.168730E+00 1.584436E+00 2.420525E-06
3.166770E+00 1.584473E+00 2.413134E-06
3.164811E+00 1.584509E+00 2.405759E-06
3.162855E+00 1.584546E+00 2.398403E-06
3.160902E+00 1.584582E+00 2.391063E-06
3.158951E+00 1.584619E+00 2.383741E-06
3.157002E+00 1.584655E+00 2.376437E-06
3.155056E+00 1.584691E+00 2.369150E-06
3.153112E+00 1.584727E+00 2.361880E-06
3.151169E+00 1.584764E+00 2.354627E-06
3.149230E+00 1.584800E+00 2.347392E-06
3.147294E+00 1.584836E+00 2.340173E-06
3.145359E+00 1.584871E+00 2.332972E-06
3.143427E+00 1.584907E+00 2.325789E-06
3.141498E+00 1.584943E+00 2.318622E-06
3.139571E+00 1.584979E+00 2.311472E-06
3.137646E+00 1.585014E+00 2.304339E-06
3.135723E+00 1.585050E+00 2.297224E-06
3.133803E+00 1.585085E+00 2.290125E-06
3.131885E+00 1.585121E+00 2.283043E-06
3.129970E+00 1.585156E+00 2.275979E-06
3.128057E+00 1.585191E+00 2.268931E-06
3.126145E+00 1.585226E+00 2.261900E-06
3.124237E+00 1.585261E+00 2.254886E-06
3.122330E+00 1.585297E+00 2.247888E-06
3.120427E+00 1.585332E+00 2.240908E-06
3.118525E+00 1.585366E+00 2.233944E-06
3.116626E+00 1.585401E+00 2.226997E-06
3.114729E+00 1.585436E+00 2.220066E-06
3.112835E+00 1.585471E+00 2.213153E-06
3.110942E+00 1.585505E+00 2.206256E-06
3.109053E+00 1.585540E+00 2.199375E-06
3.107165E+00 1.585574E+00 2.192511E-06
3.105280E+00 1.585609E+00 2.185664E-06
3.103396E+00 1.585643E+00 2.178833E-06
3.101515E+00 1.585677E+00 2.172019E-06
3.099636E+00 1.585712E+00 2.165221E-06
3.097760E+00 1.585746E+00 2.158440E-06
3.095886E+00 1.585780E+00 2.151675E-06
3.094014E+00 1.585814E+00 2.144926E-06
3.092145E+00 1.585848E+00 2.138194E-06
3.090278E+00 1.585882E+00 2.131478E-06
3.088413E+00 1.585916E+00 2.124778E-06
3.086550E+00 1.585949E+00 2.118095E-06
3.084690E+00 1.585983E+00 2.111428E-06
3.082832E+00 1.586017E+00 2.104777E-06
3.080976E+00 1.586050E+00 2.098142E-06
3.079121E+00 1.586084E+00 2.091524E-06
3.077270E+00 1.586117E+00 2.084921E-06
3.075420E+00 1.586151E+00 2.078335E-06
3.073573E+00 1.586184E+00 2.071765E-06
3.071729E+00 1.586217E+00 2.065211E-06
3.069886E+00 1.586250E+00 2.058673E-06
3.068046E+00 1.586283E+00 2.052151E-06
3.066207E+00 1.586316E+00 2.045645E-06
3.064371E+00 1.586349E+00 2.039154E-06
3.062538E+00 1.586382E+00 2.032680E-06
3.060706E+00 1.586415E+00 2.026222E-06
3.058877E+00 1.586448E+00 2.019779E-06
3.057049E+00 1.586481E+00 2.013353E-06
3.055223E+00 1.586513E+00 2.006942E-06
3.053401E+00 1.586546E+00 2.000547E-06
3.051580E+00 1.586579E+00 1.994168E-06
3.049761E+00 1.586611E+00 1.987804E-06
3.047945E+00 1.586643E+00 1.981456E-06
3.046131E+00 1.586676E+00 1.975124E-06
3.044319E+00 1.586708E+00 1.968808E-06
3.042509E+00 1.586740E+00 1.962507E-06
3.040701E+00 1.586772E+00 1.956222E-06
3.038896E+00 1.586805E+00 1.949952E-06
3.037092E+00 1.586837E+00 1.943698E-06
3.035291E+00 1.586869E+00 1.937459E-06
3.033491E+00 1.586901E+00 1.931236E-06
3.031694E+00 1.586932E+00 1.925028E-06
3.029899E+00 1.586964E+00 1.918836E-06
3.028106E+00 1.586996E+00 1.912659E-06
3.026316E+00 1.587028E+00 1.906498E-06
3.024527E+00 1.587059E+00 1.900352E-06
3.022741E+00 1.587091E+00 1.894221E-06
3.020956E+00 1.587122E+00 1.888106E-06
3.019174E+00 1.587154E+00 1.882006E-06
3.017394E+00 1.587185E+00 1.875921E-06
3.015616E+00 1.587216E+00 1.869851E-06
3.013840E+00 1.587248E+00 1.863797E-06
3.012066E+00 1.587279E+00 1.857758E-06
3.010294E+00 1.587310E+00 1.851734E-06
3.008524E+00 1.587341E+00 1.845725E-06
3.006756E+00 1.587372E+00 1.839731E-06
3.004991E+00 1.587403E+00 1.833752E-06
3.003228E+00 1.587434E+00 1.827789E-06
3.001466E+00 1.587465E+00 1.821840E-06
2.999707E+00 1.587496E+00 1.815907E-06
2.997950E+00 1.587526E+00 1.809988E-06
2.996195E+00 1.587557E+00 1.804084E-06
2.994441E+00 1.587588E+00 1.798196E-06
2.992690E+00 1.587618E+00 1.792322E-06
2.990941E+00 1.587649E+00 1.786463E-06
2.989194E+00 1.587679E+00 1.780619E-06
2.987449E+00 1.587710E+00 1.774789E-06
2.985706E+00 1.587740E+00 1.768975E-06
2.983965E+00 1.587770E+00 1.763175E-06
2.982226E+00 1.587800E+00 1.757390E-06
2.980489E+00 1.587831E+00 1.751620E-06
2.978754E+00 1.587861E+00 1.745865E-06
2.977022E+00 1.587891E+00 1.740124E-06
2.975291E+00 1.587921E+00 1.734398E-06
2.973562E+00 1.587951E+00 1.728686E-06
2.971835E+00 1.587981E+00 1.722990E-06
2.970111E+00 1.588010E+00 1.717307E-06
2.968388E+00 1.588040E+00 1.711639E-06
2.966666E+00 1.588070E+00 1.705986E-06
2.964948E+00 1.588100E+00 1.700347E-06
2.963231E+00 1.588129E+00 1.694723E-06
2.961516E+00 1.588159E+00 1.689113E-06
2.959803E+00 1.588188E+00 1.683518E-06
2.958092E+00 1.588218E+00 1.677937E-06
2.956384E+00 1.588247E+00 1.672371E-06
2.954677E+00 1.588276E+00 1.666818E-06
2.952972E+00 1.588306E+00 1.661281E-06
2.951269E+00 1.588335E+00 1.655757E-06
2.949568E+00 1.588364E+00 1.650248E-06
2.947869E+00 1.588393E+00 1.644753E-06
2.946172E+00 1.588422E+00 1.639272E-06
2.944476E+00 1.588451E+00 1.633805E-06
2.942783E+00 1.588480E+00 1.628353E-06
2.941092E+00 1.588509E+00 1.622915E-06
2.939402E+00 1.588538E+00 1.617491E-06
2.937715E+00 1.588567E+00 1.612081E-06
2.936030E+00 1.588595E+00 1.606685E-06
2.934346E+00 1.588624E+00 1.601303E-06
2.932665E+00 1.588653E+00 1.595935E-06
2.930985E+00 1.588681E+00 1.590582E-06
2.929308E+00 1.588710E+00 1.585242E-06
2.927632E+00 1.588738E+00 1.579916E-06
2.925958E+00 1.588767E+00 1.574604E-06
2.924286E+00 1.588795E+00 1.569306E-06
2.922615E+00 1.588824E+00 1.564022E-06
2.920947E+00 1.588852E+00 1.558752E-06
2.919281E+00 1.588880E+00 1.553496E-06
2.917617E+00 1.588908E+00 1.548253E-06
2.915954E+00 1.588936E+00 1.543025E-06
2.914294E+00 1.588964E+00 1.537810E-06
2.912635E+00 1.588992E+00 1.532609E-06
2.910978E+00 1.589020E+00 1.527421E-06
2.909324E+00 1.589048E+00 1.522248E-06
2.907671E+00 1.589076E+00 1.517088E-06
2.906020E+00 1.589104E+00 1.511941E-06
2.904370E+00 1.589132E+00 1.506809E-06
2.902722E+00 1.589159E+00 1.501689E-06
2.901077E+00 1.589187E+00 1.496584E-06
2.899433E+00 1.589215E+00 1.491492E-06
2.897791E+00 1.589242E+00 1.486413E-06
2.896152E+00 1.589270E+00 1.481349E-06
2.894514E+00 1.589297E+00 1.476297E-06
2.892877E+00 1.589325E+00 1.471259E-06
2.891243E+00 1.589352E+00 1.466235E-06
2.889611E+00 1.589379E+00 1.461224E-06
2.887980E+00 1.589407E+00 1.456226E-06
2.886351E+00 1.589434E+00 1.451242E-06
2.884724E+00 1.589461E+00 1.446271E-06
2.883099E+00 1.589488E+00 1.441313E-06
2.881475E+00 1.589515E+00 1.436369E-06
2.879853E+00 1.589542E+00 1.431438E-06
2.878234E+00 1.589569E+00 1.426520E-06
2.876616E+00 1.589596E+00 1.421615E-06
2.875000E+00 1.589623E+00 1.416724E-06
2.873386E+00 1.589650E+00 1.411846E-06
2.871773E+00 1.589677E+00 1.406981E-06
2.870163E+00 1.589703E+00 1.402129E-06
2.868554E+00 1.589730E+00 1.397290E-06
2.866947E+00 1.589757E+00 1.392464E-06
2.865342E+00 1.589783E+00 1.387652E-06
2.863738E+00 1.589810E+00 1.382852E-06
2.862136E+00 1.589836E+00 1.378065E-06
2.860536E+00 1.589863E+00 1.373292E-06
2.858938E+00 1.589889E+00 1.368531E-06
2.857342E+00 1.589915E+00 1.363784E-06
2.855748E+00 1.589942E+00 1.359049E-06
2.854155E+00 1.589968E+00 1.354327E-06
2.852564E+00 1.589994E+00 1.349618E-06
2.850975E+00 1.590020E+00 1.344922E-06
2.849388E+00 1.590047E+00 1.340239E-06
2.847802E+00 1.590073E+00 1.335569E-06
2.846218E+00 1.590099E+00 1.330911E-06
2.844636E+00 1.590125E+00 1.326266E-06
2.843056E+00 1.590151E+00 1.321634E-06
2.841477E+00 1.590176E+00 1.317015E-06
2.839900E+00 1.590202E+00 1.312408E-06
2.838325E+00 1.590228E+00 1.307814E-06
2.836751E+00 1.590254E+00 1.303233E-06
2.835180E+00 1.590280E+00 1.298664E-06
2.833610E+00 1.590305E+00 1.294108E-06
2.832042E+00 1.590331E+00 1.289564E-06
2.830476E+00 1.590356E+00 1.285033E-06
2.828911E+00 1.590382E+00 1.280515E-06
2.827348E+00 1.590407E+00 1.276009E-06
2.825787E+00 1.590433E+00 1.271516E-06
2.824228E+00 1.590458E+00 1.267035E-06
2.822670E+00 1.590484E+00 1.262566E-06
2.821113E+00 1.590509E+00 1.258110E-06
2.819559E+00 1.590534E+00 1.253666E-06
2.818006E+00 1.590559E+00 1.249235E-06
2.816456E+00 1.590585E+00 1.244816E-06
2.814906E+00 1.590610E+00 1.240409E-06
2.813359E+00 1.590635E+00 1.236015E-06
2.811813E+00 1.590660E+00 1.231633E-06
2.810269E+00 1.590685E+00 1.227263E-06
2.808727E+00 1.590710E+00 1.222906E-06
2.807186E+00 1.590735E+00 1.218560E-06
2.805647E+00 1.590759E+00 1.214227E-06
2.804110E+00 1.590784E+00 1.209906E-06
2.802574E+00 1.590809E+00 1.205597E-06
2.801040E+00 1.590834E+00 1.201301E-06
2.799507E+00 1.590858E+00 1.197016E-06
2.797977E+00 1.590883E+00 1.192744E-06
2.796448E+00 1.590908E+00 1.188483E-06
2.794921E+00 1.590932E+00 1.184235E-06
2.793395E+00 1.590957E+00 1.179998E-06
2.791871E+00 1.590981E+00 1.175774E-06
2.790349E+00 1.591006E+00 1.171561E-06
2.788829E+00 1.591030E+00 1.167361E-06
2.787310E+00 1.591054E+00 1.163172E-06
2.785792E+00 1.591079E+00 1.158996E-06
2.784277E+00 1.591103E+00 1.154831E-06
2.782762E+00 1.591127E+00 1.150678E-06
2.781250E+00 1.591151E+00 1.146537E-06
2.779739E+00 1.591176E+00 1.142408E-06
2.778230E+00 1.591200E+00 1.138290E-06
2.776723E+00 1.591224E+00 1.134184E-06
2.775217E+00 1.591248E+00 1.130090E-06
2.773713E+00 1.591272E+00 1.126008E-06
2.772210E+00 1.591296E+00 1.121937E-06
2.770709E+00 1.591320E+00 1.117878E-06
2.769210E+00 1.591343E+00 1.113831E-06
2.767713E+00 1.591367E+00 1.109796E-06
2.766217E+00 1.591391E+00 1.105772E-06
2.764722E+00 1.591415E+00 1.101759E-06
2.763229E+00 1.591438E+00 1.097758E-06
2.761737E+00 1.591462E+00 1.093769E-06
2.760248E+00 1.591486E+00 1.089791E-06
2.758760E+00 1.591509E+00 1.085825E-06
2.757274E+00 1.591533E+00 1.081870E-06
2.755789E+00 1.591556E+00 1.077927E-06
2.754306E+00 1.591580E+00 1.073995E-06
2.752824E+00 1.591603E+00 1.070074E-06
2.751344E+00 1.591626E+00 1.066165E-06
2.749866E+00 1.591650E+00 1.062267E-06
2.748389E+00 1.591673E+00 1.058381E-06
2.746914E+00 1.591696E+00 1.054506E-06
2.745440E+00 1.591720E+00 1.050642E-06
2.743968E+00 1.591743E+00 1.046789E-06
2.742497E+00 1.591766E+00 1.042948E-06
2.741028E+00 1.591789E+00 1.039118E-06
2.739561E+00 1.591812E+00 1.035299E-06
2.738095E+00 1.591835E+00 1.031491E-06
2.736631E+00 1.591858E+00 1.027695E-06
2.735168E+00 1.591881E+00 1.023909E-06
2.733707E+00 1.591904E+00 1.020135E-06
2.732248E+00 1.591927E+00 1.016372E-06
2.730790E+00 1.591949E+00 1.012620E-06
2.729334E+00 1.591972E+00 1.008879E-06
2.727879E+00 1.591995E+00 1.005149E-06
2.726425E+00 1.592018E+00 1.001430E-06
2.724973E+00 1.592040E+00 9.977218E-07
2.723523E+00 1.592063E+00 9.940248E-07
2.722074E+00 1.592085E+00 9.903387E-07
2.720627E+00 1.592108E+00 9.866635E-07
2.719182E+00 1.592131E+00 9.829993E-07
2.717738E+00 1.592153E+00 9.793459E-07
2.716295E+00 1.592175E+00 9.757034E-07
2.714854E+00 1.592198E+00 9.720717E-07
2.713415E+00 1.592220E+00 9.684508E-07
2.711977E+00 1.592243E+00 9.648408E-07
2.710541E+00 1.592265E+00 9.612415E-07
2.709106E+00 1.592287E+00 9.576529E-07
2.707672E+00 1.592309E+00 9.540751E-07
2.706240E+00 1.592331E+00 9.505079E-07
2.704810E+00 1.592354E+00 9.469515E-07
2.703381E+00 1.592376E+00 9.434057E-07
2.701953E+00 1.592398E+00 9.398706E-07
2.700528E+00 1.592420E+00 9.363460E-07
2.699103E+00 1.592442E+00 9.328321E-07
2.697681E+00 1.592464E+00 9.293288E-07
2.696259E+00 1.592486E+00 9.258360E-07
2.694840E+00 1.592507E+00 9.223537E-07
2.693421E+00 1.592529E+00 9.188819E-07
2.692005E+00 1.592551E+00 9.154207E-07
2.690589E+00 1.592573E+00 9.119699E-07
2.689175E+00 1.592595E+00 9.085295E-07
2.687762E+00 1.592616E+00 9.050996E-07
2.686352E+00 1.592638E+00 9.016800E-07
2.684942E+00 1.592660E+00 8.982709E-07
2.683534E+00 1.592681E+00 8.948721E-07
2.682128E+00 1.592703E+00 8.914836E-07
2.680723E+00 1.592724E+00 8.881055E-07
2.679319E+00 1.592746E+00 8.847376E-07
2.677917E+00 1.592767E+00 8.813800E-07
2.676517E+00 1.592789E+00 8.780327E-07
2.675118E+00 1.592810E+00 8.746956E-07
2.673720E+00 1.592831E+00 8.713687E-07
2.672323E+00 1.592853E+00 8.680520E-07
2.670929E+00 1.592874E+00 8.647455E-07
2.669536E+00 1.592895E+00 8.614491E-07
2.668144E+00 1.592916E+00 8.581628E-07
2.666753E+00 1.592937E+00 8.548867E-07
2.665365E+00 1.592959E+00 8.516206E-07
2.663977E+00 1.592980E+00 8.483645E-07
2.662591E+00 1.593001E+00 8.451185E-07
2.661207E+00 1.593022E+00 8.418826E-07
2.659823E+00 1.593043E+00 8.386566E-07
2.658442E+00 1.593064E+00 8.354406E-07
2.657062E+00 1.593085E+00 8.322345E-07
2.655682E+00 1.593106E+00 8.290384E-07
2.654305E+00 1.593126E+00 8.258522E-07
2.652929E+00 1.593147E+00 8.226758E-07
2.651554E+00 1.593168E+00 8.195094E-07
2.650181E+00 1.593189E+00 8.163528E-07
2.648809E+00 1.593209E+00 8.132060E-07
2.647439E+00 1.593230E+00 8.100690E-07
2.646070E+00 1.593251E+00 8.069418E-07
2.644703E+00 1.593271E+00 8.038243E-07
2.643337E+00 1.593292E+00 8.007166E-07
2.641972E+00 1.593313E+00 7.976186E-07
2.640609E+00 1.593333E+00 7.945304E-07
2.639247E+00 1.593354E+00 7.914517E-07
2.637886E+00 1.593374E+00 7.883828E-07
2.636527E+00 1.593394E+00 7.853235E-07
2.635170E+00 1.593415E+00 7.822738E-07
2.633814E+00 1.593435E+00 7.792337E-07
2.632459E+00 1.593455E+00 7.762031E-07
2.631105E+00 1.593476E+00 7.731821E-07
2.629753E+00 1.593496E+00 7.701707E-07
2.628403E+00 1.593516E+00 7.671687E-07
2.627054E+00 1.593536E+00 7.641763E-07
2.625706E+00 1.593557E+00 7.611933E-07
2.624359E+00 1.593577E+00 7.582197E-07
2.623014E+00 1.593597E+00 7.552556E-07
2.621670E+00 1.593617E+00 7.523009E-07
2.620327E+00 1.593637E+00 7.493555E-07
2.618986E+00 1.593657E+00 7.464196E-07
2.617647E+00 1.593677E+00 7.434929E-07
2.616309E+00 1.593697E+00 7.405756E-07
2.614972E+00 1.593717E+00 7.376676E-07
2.613636E+00 1.593736E+00 7.347689E-07
2.612302E+00 1.593756E+00 7.318794E-07
2.610969E+00 1.593776E+00 7.289992E-07
2.609638E+00 1.593796E+00 7.261282E-07
2.608308E+00 1.593816E+00 7.232664E-07
2.606979E+00 1.593835E+00 7.204137E-07
2.605652E+00 1.593855E+00 7.175702E-07
2.604325E+00 1.593875E+00 7.147359E-07
2.603001E+00 1.593894E+00 7.119107E-07
2.601677E+00 1.593914E+00 7.090945E-07
2.600356E+00 1.593933E+00 7.062874E-07
2.599035E+00 1.593953E+00 7.034894E-07
2.597716E+00 1.593972E+00 7.007004E-07
2.596398E+00 1.593992E+00 6.979205E-07
2.595081E+00 1.594011E+00 6.951495E-07
2.593766E+00 1.594030E+00 6.923875E-07
2.592452E+00 1.594050E+00 6.896344E-07
2.591139E+00 1.594069E+00 6.868903E-07
2.589828E+00 1.594088E+00 6.841550E-07
2.588518E+00 1.594108E+00 6.814287E-07
2.587209E+00 1.594127E+00 6.787112E-07
2.585902E+00 1.594146E+00 6.760026E-07
2.584596E+00 1.594165E+00 6.733028E-07
2.583291E+00 1.594184E+00 6.706118E-07
2.581988E+00 1.594204E+00 6.679296E-07
2.580686E+00 1.594223E+00 6.652562E-07
2.579385E+00 1.594242E+00 6.625915E-07
2.578086E+00 1.594261E+00 6.599355E-07
2.576788E+00 1.594280E+00 6.572883E-07
2.575491E+00 1.594299E+00 6.546497E-07
2.574195E+00 1.594318E+00 6.520198E-07
2.572901E+00 1.594337E+00 6.493985E-07
2.571608E+00 1.594355E+00 6.467859E-07
2.570316E+00 1.594374E+00 6.441819E-07
2.569026E+00 1.594393E+00 6.415864E-07
2.567737E+00 1.594412E+00 6.389995E-07
2.566449E+00 1.594431E+00 6.364212E-07
2.565163E+00 1.594449E+00 6.338513E-07
2.563878E+00 1.594468E+00 6.312900E-07
2.562594E+00 1.594487E+00 6.287372E-07
2.561311E+00 1.594505E+00 6.261928E-07
2.560030E+00 1.594524E+00 6.236569E-07
2.558750E+00 1.594542E+00 6.211294E-07
2.557471E+00 1.594561E+00 6.186103E-07
2.556194E+00 1.594580E+00 6.160995E-07
2.554917E+00 1.594598E+00 6.135972E-07
2.553642E+00 1.594616E+00 6.111032E-07
2.552369E+00 1.594635E+00 6.086175E-07
2.551097E+00 1.594653E+00 6.061401E-07
2.549826E+00 1.594672E+00 6.036710E-07
2.548556E+00 1.594690E+00 6.012101E-07
2.547287E+00 1.594708E+00 5.987575E-07
2.546020E+00 1.594727E+00 5.963132E-07
2.544754E+00 1.594745E+00 5.938770E-07
2.543489E+00 1.594763E+00 5.914490E-07
2.542226E+00 1.594781E+00 5.890292E-07
2.540964E+00 1.594799E+00 5.866175E-07
2.539703E+00 1.594818E+00 5.842139E-07
2.538442E+00 1.594836E+00 5.818185E-07
2.537184E+00 1.594854E+00 5.794311E-07
2.535926E+00 1.594872E+00 5.770518E-07
2.534670E+00 1.594890E+00 5.746806E-07
2.533416E+00 1.594908E+00 5.723173E-07
2.532162E+00 1.594926E+00 5.699621E-07
2.530910E+00 1.594944E+00 5.676149E-07
2.529659E+00 1.594962E+00 5.652756E-07
2.528409E+00 1.594980E+00 5.629443E-07
2.527161E+00 1.594997E+00 5.606209E-07
2.525913E+00 1.595015E+00 5.583054E-07
2.524667E+00 1.595033E+00 5.559978E-07
2.523422E+00 1.595051E+00 5.536981E-07
2.522178E+00 1.595069E+00 5.514063E-07
2.520936E+00 1.595086E+00 5.491222E-07
2.519695E+00 1.595104E+00 5.468460E-07
2.518455E+00 1.595122E+00 5.445775E-07
2.517216E+00 1.595139E+00 5.423169E-07
2.515978E+00 1.595157E+00 5.400640E-07
2.514742E+00 1.595175E+00 5.378188E-07
2.513507E+00 1.595192E+00 5.355813E-07
2.512273E+00 1.595210E+00 5.333516E-07
2.511040E+00 1.595227E+00 5.311295E-07
2.509809E+00 1.595245E+00 5.289150E-07
2.508579E+00 1.595262E+00 5.267082E-07
2.507349E+00 1.595280E+00 5.245091E-07
2.506121E+00 1.595297E+00 5.223175E-07
2.504895E+00 1.595314E+00 5.201335E-07
2.503669E+00 1.595332E+00 5.179570E-07
2.502445E+00 1.595349E+00 5.157882E-07
2.501222E+00 1.595366E+00 5.136268E-07
2.500000E+00 1.595384E+00 5.114729E-07
