5.117500E+03 2.732424E+00 3.064844E-04
2.558750E+03 2.732585E+00 6.141526E-04
1.705833E+03 2.732855E+00 9.268258E-04
1.279375E+03 2.733232E+00 1.247064E-03
1.023500E+03 2.733718E+00 1.577497E-03
8.529170E+02 2.734313E+00 1.920843E-03
7.310716E+02 2.735017E+00 2.279937E-03
6.396876E+02 2.735831E+00 2.657742E-03
5.686112E+02 2.736755E+00 3.057377E-03
5.117500E+02 2.737790E+00 3.482132E-03
4.652273E+02 2.738937E+00 3.935485E-03
4.264583E+02 2.740195E+00 4.421116E-03
3.936538E+02 2.741566E+00 4.942922E-03
3.655357E+02 2.743050E+00 5.505028E-03
3.411666E+02 2.744647E+00 6.111792E-03
3.198437E+02 2.746357E+00 6.767814E-03
3.010294E+02 2.748180E+00 7.477937E-03
2.843056E+02 2.750117E+00 8.247244E-03
2.693421E+02 2.752165E+00 9.081053E-03
2.558750E+02 2.754325E+00 9.984908E-03
2.436905E+02 2.756596E+00 1.096457E-02
2.326136E+02 2.758976E+00 1.202597E-02
2.225000E+02 2.761462E+00 1.317525E-02
2.132292E+02 2.764053E+00 1.441865E-02
2.047000E+02 2.766746E+00 1.576254E-02
1.968269E+02 2.769538E+00 1.721334E-02
1.895370E+02 2.772424E+00 1.877751E-02
1.827678E+02 2.775400E+00 2.046147E-02
1.764655E+02 2.778461E+00 2.227155E-02
1.705833E+02 2.781601E+00 2.421395E-02
1.650807E+02 2.784814E+00 2.629464E-02
1.599219E+02 2.788093E+00 2.851934E-02
1.550758E+02 2.791430E+00 3.089340E-02
1.505147E+02 2.794817E+00 3.342175E-02
1.462143E+02 2.798245E+00 3.610882E-02
1.421528E+02 2.801704E+00 3.895845E-02
1.383108E+02 2.805185E+00 4.197385E-02
1.346710E+02 2.808677E+00 4.515745E-02
1.312179E+02 2.812169E+00 4.851090E-02
1.279375E+02 2.815649E+00 5.203494E-02
1.248171E+02 2.819106E+00 5.572936E-02
1.218452E+02 2.822526E+00 5.959292E-02
1.190116E+02 2.825900E+00 6.362328E-02
1.163068E+02 2.829213E+00 6.781698E-02
1.137222E+02 2.832453E+00 7.216937E-02
1.112500E+02 2.835610E+00 7.667456E-02
1.088830E+02 2.838669E+00 8.132544E-02
1.066146E+02 2.841622E+00 8.611361E-02
1.044388E+02 2.844455E+00 9.102942E-02
1.023500E+02 2.847160E+00 9.606196E-02
1.003431E+02 2.849727E+00 1.011991E-01
9.841348E+01 2.852148E+00 1.064275E-01
9.655660E+01 2.854415E+00 1.117327E-01
9.476849E+01 2.856523E+00 1.170993E-01
9.304541E+01 2.858468E+00 1.225106E-01
9.138396E+01 2.860247E+00 1.279493E-01
8.978071E+01 2.861859E+00 1.333974E-01
8.823275E+01 2.863306E+00 1.388362E-01
8.673727E+01 2.864592E+00 1.442465E-01
8.529170E+01 2.865721E+00 1.496092E-01
8.389346E+01 2.866703E+00 1.549048E-01
8.254033E+01 2.867549E+00 1.601145E-01
8.123015E+01 2.868273E+00 1.652198E-01
7.996092E+01 2.868893E+00 1.702034E-01
7.873080E+01 2.869430E+00 1.750493E-01
7.753789E+01 2.869910E+00 1.797434E-01
7.638060E+01 2.870361E+00 1.842745E-01
7.525734E+01 2.870818E+00 1.886349E-01
7.416665E+01 2.871320E+00 1.928215E-01
7.310716E+01 2.871913E+00 1.968378E-01
7.207747E+01 2.872648E+00 2.006959E-01
7.107639E+01 2.873586E+00 2.044198E-01
7.010273E+01 2.874793E+00 2.080501E-01
6.915538E+01 2.876345E+00 2.116514E-01
6.823335E+01 2.878324E+00 2.153227E-01
6.733553E+01 2.880817E+00 2.192141E-01
6.646104E+01 2.883897E+00 2.235509E-01
6.560896E+01 2.887599E+00 2.286690E-01
6.477846E+01 2.891852E+00 2.350601E-01
6.396876E+01 2.896335E+00 2.434063E-01
6.317902E+01 2.900210E+00 2.545320E-01
6.240853E+01 2.901719E+00 2.690578E-01
6.165661E+01 2.897983E+00 2.863912E-01
6.092264E+01 2.886143E+00 3.031625E-01
6.020589E+01 2.866660E+00 3.133641E-01
5.950582E+01 2.845239E+00 3.128432E-01
5.882183E+01 2.828534E+00 3.033498E-01
5.815340E+01 2.819115E+00 2.898875E-01
5.750001E+01 2.815936E+00 2.763137E-01
5.686112E+01 2.816994E+00 2.642931E-01
5.623626E+01 2.820687E+00 2.541521E-01
5.562499E+01 2.826017E+00 2.456998E-01
5.502687E+01 2.832422E+00 2.386303E-01
5.444150E+01 2.839605E+00 2.326664E-01
5.386843E+01 2.847416E+00 2.275939E-01
5.330729E+01 2.855784E+00 2.232595E-01
5.275773E+01 2.864681E+00 2.195588E-01
5.221938E+01 2.874098E+00 2.164245E-01
5.169193E+01 2.884040E+00 2.138170E-01
5.117500E+01 2.894515E+00 2.117170E-01
5.066832E+01 2.905532E+00 2.101206E-01
5.017156E+01 2.917102E+00 2.090357E-01
4.968445E+01 2.929233E+00 2.084792E-01
4.920674E+01 2.941934E+00 2.084759E-01
4.873810E+01 2.955210E+00 2.090567E-01
4.827830E+01 2.969066E+00 2.102589E-01
4.782710E+01 2.983505E+00 2.121256E-01
4.738427E+01 2.998529E+00 2.147055E-01
4.694955E+01 3.014135E+00 2.180541E-01
4.652273E+01 3.030319E+00 2.222339E-01
4.610360E+01 3.047074E+00 2.273151E-01
4.569196E+01 3.064386E+00 2.333772E-01
4.528762E+01 3.082235E+00 2.405096E-01
4.489036E+01 3.100590E+00 2.488131E-01
4.450000E+01 3.119407E+00 2.584007E-01
4.411638E+01 3.138627E+00 2.693984E-01
4.373931E+01 3.158162E+00 2.819448E-01
4.336865E+01 3.177895E+00 2.961892E-01
4.300420E+01 3.197668E+00 3.122872E-01
4.264583E+01 3.217270E+00 3.303924E-01
4.229338E+01 3.236427E+00 3.506421E-01
4.194671E+01 3.254794E+00 3.731356E-01
4.160570E+01 3.271954E+00 3.979031E-01
4.127016E+01 3.287427E+00 4.248675E-01
4.094000E+01 3.300704E+00 4.538025E-01
4.061507E+01 3.311308E+00 4.843033E-01
4.029527E+01 3.318879E+00 5.157865E-01
3.998047E+01 3.323263E+00 5.475452E-01
3.967054E+01 3.324568E+00 5.788621E-01
3.936538E+01 3.323134E+00 6.091538E-01
3.906488E+01 3.319403E+00 6.380758E-01
3.876895E+01 3.313732E+00 6.655087E-01
3.847745E+01 3.306255E+00 6.913962E-01
3.819030E+01 3.296908E+00 7.154982E-01
3.790741E+01 3.285656E+00 7.372093E-01
3.762867E+01 3.272850E+00 7.555987E-01
3.735402E+01 3.259489E+00 7.697319E-01
3.708334E+01 3.247197E+00 7.791510E-01
3.681655E+01 3.237844E+00 7.842438E-01
3.655357E+01 3.233005E+00 7.862708E-01
3.629432E+01 3.233542E+00 7.870424E-01
3.603874E+01 3.239495E+00 7.884564E-01
3.578672E+01 3.250246E+00 7.921264E-01
3.553819E+01 3.264791E+00 7.992094E-01
3.529310E+01 3.281994E+00 8.104030E-01
3.505136E+01 3.300748E+00 8.260330E-01
3.481293E+01 3.320054E+00 8.461604E-01
3.457770E+01 3.339040E+00 8.706727E-01
3.434564E+01 3.356955E+00 8.993459E-01
3.411666E+01 3.373142E+00 9.318813E-01
3.389072E+01 3.387027E+00 9.679225E-01
3.366777E+01 3.398102E+00 1.007060E+00
3.344771E+01 3.405920E+00 1.048828E+00
3.323052E+01 3.410102E+00 1.092705E+00
3.301613E+01 3.410342E+00 1.138107E+00
3.280449E+01 3.406430E+00 1.184394E+00
3.259554E+01 3.398261E+00 1.230880E+00
3.238924E+01 3.385865E+00 1.276850E+00
3.218553E+01 3.369409E+00 1.321588E+00
3.198437E+01 3.349214E+00 1.364407E+00
3.178572E+01 3.325750E+00 1.404688E+00
3.158951E+01 3.299621E+00 1.441920E+00
3.139571E+01 3.271543E+00 1.475732E+00
3.120427E+01 3.242307E+00 1.505919E+00
3.101515E+01 3.212740E+00 1.532463E+00
3.082832E+01 3.183657E+00 1.555536E+00
3.064371E+01 3.155819E+00 1.575496E+00
3.046131E+01 3.129890E+00 1.592864E+00
3.028106E+01 3.106407E+00 1.608305E+00
3.010294E+01 3.085747E+00 1.622592E+00
2.992690E+01 3.068115E+00 1.636573E+00
2.975291E+01 3.053532E+00 1.651136E+00
2.958092E+01 3.041828E+00 1.667171E+00
2.941092E+01 3.032647E+00 1.685537E+00
2.924286E+01 3.025447E+00 1.707032E+00
2.907671E+01 3.019516E+00 1.732355E+00
2.891243E+01 3.013975E+00 1.762079E+00
2.875000E+01 3.007803E+00 1.796612E+00
2.858938E+01 2.999853E+00 1.836166E+00
2.843056E+01 2.988886E+00 1.880717E+00
2.827348E+01 2.973615E+00 1.929973E+00
2.811813E+01 2.952763E+00 1.983340E+00
2.796448E+01 2.925136E+00 2.039907E+00
2.781250E+01 2.889712E+00 2.098450E+00
2.766217E+01 2.845737E+00 2.157462E+00
2.751344E+01 2.792815E+00 2.215221E+00
2.736631E+01 2.730976E+00 2.269897E+00
2.722074E+01 2.660711E+00 2.319674E+00
2.707672E+01 2.582953E+00 2.362898E+00
2.693421E+01 2.499016E+00 2.398200E+00
2.679319E+01 2.410478E+00 2.424595E+00
2.665365E+01 2.319055E+00 2.441527E+00
2.651554E+01 2.226464E+00 2.448870E+00
2.637886E+01 2.134301E+00 2.446878E+00
2.624359E+01 2.043966E+00 2.436107E+00
2.610969E+01 1.956607E+00 2.417330E+00
2.597716E+01 1.873110E+00 2.391440E+00
2.584596E+01 1.794109E+00 2.359384E+00
2.571608E+01 1.720016E+00 2.322094E+00
2.558750E+01 1.651058E+00 2.280451E+00
2.546020E+01 1.587319E+00 2.235260E+00
2.533416E+01 1.528770E+00 2.187235E+00
2.520936E+01 1.475311E+00 2.136998E+00
2.508579E+01 1.426792E+00 2.085085E+00
2.496342E+01 1.383032E+00 2.031949E+00
2.484223E+01 1.343842E+00 1.977976E+00
2.472222E+01 1.309031E+00 1.923491E+00
2.460336E+01 1.278416E+00 1.868770E+00
2.448565E+01 1.251826E+00 1.814051E+00
2.436905E+01 1.229106E+00 1.759545E+00
2.425355E+01 1.210118E+00 1.705441E+00
2.413915E+01 1.194736E+00 1.651917E+00
2.402582E+01 1.182852E+00 1.599145E+00
2.391355E+01 1.174363E+00 1.547298E+00
2.380233E+01 1.169175E+00 1.496553E+00
2.369213E+01 1.167192E+00 1.447097E+00
2.358295E+01 1.168313E+00 1.399126E+00
2.347477E+01 1.172425E+00 1.352847E+00
2.336758E+01 1.179395E+00 1.308473E+00
2.326136E+01 1.189067E+00 1.266223E+00
2.315611E+01 1.201256E+00 1.226315E+00
2.305180E+01 1.215747E+00 1.188958E+00
2.294843E+01 1.232291E+00 1.154344E+00
2.284598E+01 1.250612E+00 1.122643E+00
2.274444E+01 1.270410E+00 1.093992E+00
2.264380E+01 1.291361E+00 1.068497E+00
2.254405E+01 1.313135E+00 1.046223E+00
2.244518E+01 1.335390E+00 1.027198E+00
2.234716E+01 1.357786E+00 1.011413E+00
2.225000E+01 1.379988E+00 9.988202E-01
2.215368E+01 1.401668E+00 9.893399E-01
2.205819E+01 1.422508E+00 9.828597E-01
2.196352E+01 1.442201E+00 9.792365E-01
2.186966E+01 1.460455E+00 9.782976E-01
2.177660E+01 1.476993E+00 9.798403E-01
2.168432E+01 1.491553E+00 9.836313E-01
2.159282E+01 1.503898E+00 9.894065E-01
2.150210E+01 1.513811E+00 9.968702E-01
2.141213E+01 1.521111E+00 1.005695E+00
2.132292E+01 1.525651E+00 1.015526E+00
2.123444E+01 1.527328E+00 1.025980E+00
2.114669E+01 1.526092E+00 1.036655E+00
2.105967E+01 1.521949E+00 1.047138E+00
2.097336E+01 1.514967E+00 1.057011E+00
2.088775E+01 1.505275E+00 1.065866E+00
2.080284E+01 1.493069E+00 1.073319E+00
2.071863E+01 1.478600E+00 1.079015E+00
2.063508E+01 1.462172E+00 1.082648E+00
2.055221E+01 1.444131E+00 1.083962E+00
2.047000E+01 1.424854E+00 1.082763E+00
2.038844E+01 1.404734E+00 1.078919E+00
2.030754E+01 1.384173E+00 1.072361E+00
2.022727E+01 1.363566E+00 1.063080E+00
2.014764E+01 1.343295E+00 1.051124E+00
2.006863E+01 1.323717E+00 1.036588E+00
1.999023E+01 1.305165E+00 1.019610E+00
1.991245E+01 1.287938E+00 1.000364E+00
1.983527E+01 1.272306E+00 9.790504E-01
1.975869E+01 1.258503E+00 9.558942E-01
1.968269E+01 1.246732E+00 9.311376E-01
1.960728E+01 1.237164E+00 9.050376E-01
1.953244E+01 1.229939E+00 8.778621E-01
1.945818E+01 1.225165E+00 8.498879E-01
1.938447E+01 1.222920E+00 8.213981E-01
1.931132E+01 1.223250E+00 7.926792E-01
1.923872E+01 1.226169E+00 7.640185E-01
1.916667E+01 1.231659E+00 7.357000E-01
1.909515E+01 1.239671E+00 7.080003E-01
1.902416E+01 1.250125E+00 6.811840E-01
1.895370E+01 1.262914E+00 6.554996E-01
1.888377E+01 1.277908E+00 6.311760E-01
1.881434E+01 1.294960E+00 6.084194E-01
1.874542E+01 1.313907E+00 5.874134E-01
1.867701E+01 1.334581E+00 5.683187E-01
1.860909E+01 1.356810E+00 5.512763E-01
1.854167E+01 1.380424E+00 5.364104E-01
1.847473E+01 1.405254E+00 5.238337E-01
1.840827E+01 1.431139E+00 5.136517E-01
1.834229E+01 1.457916E+00 5.059686E-01
1.827678E+01 1.485427E+00 5.008918E-01
1.821175E+01 1.513507E+00 4.985363E-01
1.814716E+01 1.541984E+00 4.990282E-01
1.808304E+01 1.570665E+00 5.025069E-01
1.801937E+01 1.599335E+00 5.091259E-01
1.795614E+01 1.627741E+00 5.190506E-01
1.789336E+01 1.655579E+00 5.324538E-01
1.783101E+01 1.682486E+00 5.495072E-01
1.776910E+01 1.708024E+00 5.703670E-01
1.770761E+01 1.731664E+00 5.951540E-01
1.764655E+01 1.752786E+00 6.239249E-01
1.758591E+01 1.770671E+00 6.566364E-01
1.752569E+01 1.784514E+00 6.931014E-01
1.746587E+01 1.793452E+00 7.329420E-01
1.740646E+01 1.796616E+00 7.755449E-01
1.734746E+01 1.793201E+00 8.200312E-01
1.728885E+01 1.782566E+00 8.652531E-01
1.723064E+01 1.764335E+00 9.098302E-01
1.717282E+01 1.738492E+00 9.522336E-01
1.711538E+01 1.705437E+00 9.909113E-01
1.705833E+01 1.665992E+00 1.024436E+00
1.700166E+01 1.621337E+00 1.051648E+00
1.694536E+01 1.572893E+00 1.071756E+00
1.688944E+01 1.522183E+00 1.084384E+00
1.683388E+01 1.470690E+00 1.089554E+00
1.677869E+01 1.419743E+00 1.087624E+00
1.672386E+01 1.370449E+00 1.079192E+00
1.666938E+01 1.323667E+00 1.065008E+00
1.661526E+01 1.280013E+00 1.045883E+00
1.656149E+01 1.239887E+00 1.022629E+00
1.650807E+01 1.203514E+00 9.960129E-01
1.645498E+01 1.170984E+00 9.667362E-01
1.640224E+01 1.142286E+00 9.354211E-01
1.634984E+01 1.117337E+00 9.026117E-01
1.629777E+01 1.096013E+00 8.687792E-01
1.624603E+01 1.078154E+00 8.343297E-01
1.619462E+01 1.063587E+00 7.996134E-01
1.614353E+01 1.052124E+00 7.649329E-01
1.609277E+01 1.043574E+00 7.305501E-01
1.604232E+01 1.037737E+00 6.966919E-01
1.599219E+01 1.034414E+00 6.635537E-01
1.594237E+01 1.033400E+00 6.313024E-01
1.589286E+01 1.034490E+00 6.000772E-01
1.584365E+01 1.037480E+00 5.699908E-01
1.579475E+01 1.042165E+00 5.411301E-01
1.574615E+01 1.048347E+00 5.135568E-01
1.569785E+01 1.055834E+00 4.873090E-01
1.564985E+01 1.064442E+00 4.624028E-01
1.560213E+01 1.074002E+00 4.388351E-01
1.555471E+01 1.084355E+00 4.165860E-01
1.550758E+01 1.095359E+00 3.956223E-01
1.546072E+01 1.106887E+00 3.759000E-01
1.541416E+01 1.118825E+00 3.573673E-01
1.536787E+01 1.131076E+00 3.399673E-01
1.532186E+01 1.143556E+00 3.236402E-01
1.527612E+01 1.156191E+00 3.083248E-01
1.523065E+01 1.168922E+00 2.939603E-01
1.518546E+01 1.181698E+00 2.804871E-01
1.514053E+01 1.194478E+00 2.678478E-01
1.509587E+01 1.207226E+00 2.559876E-01
1.505147E+01 1.219915E+00 2.448547E-01
1.500733E+01 1.232522E+00 2.344004E-01
1.496345E+01 1.245031E+00 2.245791E-01
1.491983E+01 1.257427E+00 2.153487E-01
1.487645E+01 1.269701E+00 2.066699E-01
1.483333E+01 1.281843E+00 1.985063E-01
1.479046E+01 1.293850E+00 1.908246E-01
1.474784E+01 1.305718E+00 1.835938E-01
1.470546E+01 1.317444E+00 1.767855E-01
1.466332E+01 1.329028E+00 1.703735E-01
1.462143E+01 1.340470E+00 1.643337E-01
1.457977E+01 1.351771E+00 1.586440E-01
1.453835E+01 1.362933E+00 1.532838E-01
1.449717E+01 1.373958E+00 1.482345E-01
1.445622E+01 1.384849E+00 1.434785E-01
1.441549E+01 1.395609E+00 1.390000E-01
1.437500E+01 1.406241E+00 1.347842E-01
1.433473E+01 1.416749E+00 1.308173E-01
1.429469E+01 1.427135E+00 1.270867E-01
1.425487E+01 1.437404E+00 1.235808E-01
1.421528E+01 1.447559E+00 1.202887E-01
1.417590E+01 1.457604E+00 1.172004E-01
1.413674E+01 1.467544E+00 1.143064E-01
1.409780E+01 1.477380E+00 1.115982E-01
1.405907E+01 1.487119E+00 1.090676E-01
1.402055E+01 1.496762E+00 1.067071E-01
1.398224E+01 1.506314E+00 1.045097E-01
1.394414E+01 1.515779E+00 1.024688E-01
1.390625E+01 1.525160E+00 1.005785E-01
1.386856E+01 1.534461E+00 9.883290E-02
1.383108E+01 1.543686E+00 9.722678E-02
1.379380E+01 1.552838E+00 9.575518E-02
1.375672E+01 1.561921E+00 9.441347E-02
1.371984E+01 1.570939E+00 9.319734E-02
1.368316E+01 1.579895E+00 9.210277E-02
1.364667E+01 1.588792E+00 9.112603E-02
1.361037E+01 1.597634E+00 9.026365E-02
1.357427E+01 1.606426E+00 8.951240E-02
1.353836E+01 1.615170E+00 8.886930E-02
1.350264E+01 1.623870E+00 8.833160E-02
1.346710E+01 1.632529E+00 8.789677E-02
1.343176E+01 1.641151E+00 8.756249E-02
1.339660E+01 1.649741E+00 8.732666E-02
1.336162E+01 1.658300E+00 8.718737E-02
1.332682E+01 1.666834E+00 8.714291E-02
1.329221E+01 1.675345E+00 8.719178E-02
1.325777E+01 1.683837E+00 8.733265E-02
1.322351E+01 1.692315E+00 8.756439E-02
1.318943E+01 1.700781E+00 8.788605E-02
1.315553E+01 1.709240E+00 8.829687E-02
1.312179E+01 1.717695E+00 8.879628E-02
1.308824E+01 1.726151E+00 8.938388E-02
1.305485E+01 1.734611E+00 9.005948E-02
1.302163E+01 1.743079E+00 9.082307E-02
1.298858E+01 1.751559E+00 9.167482E-02
1.295570E+01 1.760055E+00 9.261510E-02
1.292298E+01 1.768572E+00 9.364448E-02
1.289043E+01 1.777114E+00 9.476373E-02
1.285804E+01 1.785685E+00 9.597384E-02
1.282581E+01 1.794289E+00 9.727600E-02
1.279375E+01 1.802931E+00 9.867160E-02
1.276185E+01 1.811616E+00 1.001623E-01
1.273010E+01 1.820347E+00 1.017500E-01
1.269851E+01 1.829130E+00 1.034367E-01
1.266708E+01 1.837971E+00 1.052249E-01
1.263580E+01 1.846872E+00 1.071173E-01
1.260468E+01 1.855841E+00 1.091166E-01
1.257371E+01 1.864881E+00 1.112262E-01
1.254289E+01 1.873999E+00 1.134496E-01
1.251222E+01 1.883199E+00 1.157907E-01
1.248171E+01 1.892488E+00 1.182536E-01
1.245134E+01 1.901871E+00 1.208430E-01
1.242112E+01 1.911354E+00 1.235639E-01
1.239104E+01 1.920943E+00 1.264215E-01
1.236111E+01 1.930645E+00 1.294219E-01
1.233133E+01 1.940465E+00 1.325713E-01
1.230168E+01 1.950411E+00 1.358765E-01
1.227218E+01 1.960489E+00 1.393451E-01
1.224282E+01 1.970706E+00 1.429849E-01
1.221360E+01 1.981070E+00 1.468046E-01
1.218452E+01 1.991588E+00 1.508136E-01
1.215558E+01 2.002267E+00 1.550218E-01
1.212678E+01 2.013115E+00 1.594403E-01
1.209811E+01 2.024141E+00 1.640808E-01
1.206957E+01 2.035353E+00 1.689559E-01
1.204118E+01 2.046758E+00 1.740795E-01
1.201291E+01 2.058367E+00 1.794664E-01
1.198478E+01 2.070186E+00 1.851327E-01
1.195678E+01 2.082227E+00 1.910958E-01
1.192890E+01 2.094497E+00 1.973746E-01
1.190116E+01 2.107006E+00 2.039895E-01
1.187355E+01 2.119764E+00 2.109627E-01
1.184606E+01 2.132780E+00 2.183184E-01
1.181871E+01 2.146062E+00 2.260827E-01
1.179148E+01 2.159622E+00 2.342841E-01
1.176437E+01 2.173467E+00 2.429534E-01
1.173739E+01 2.187607E+00 2.521243E-01
1.171053E+01 2.202050E+00 2.618336E-01
1.168379E+01 2.216804E+00 2.721211E-01
1.165718E+01 2.231876E+00 2.830305E-01
1.163068E+01 2.247271E+00 2.946093E-01
1.160431E+01 2.262995E+00 3.069094E-01
1.157805E+01 2.279050E+00 3.199873E-01
1.155192E+01 2.295437E+00 3.339050E-01
1.152590E+01 2.312153E+00 3.487299E-01
1.150000E+01 2.329194E+00 3.645357E-01
1.147422E+01 2.346548E+00 3.814029E-01
1.144855E+01 2.364203E+00 3.994191E-01
1.142299E+01 2.382135E+00 4.186797E-01
1.139755E+01 2.400316E+00 4.392886E-01
1.137222E+01 2.418708E+00 4.613583E-01
1.134701E+01 2.437262E+00 4.850105E-01
1.132190E+01 2.455913E+00 5.103764E-01
1.129691E+01 2.474582E+00 5.375964E-01
1.127203E+01 2.493170E+00 5.668201E-01
1.124725E+01 2.511555E+00 5.982054E-01
1.122259E+01 2.529587E+00 6.319169E-01
1.119803E+01 2.547083E+00 6.681237E-01
1.117358E+01 2.563825E+00 7.069961E-01
1.114924E+01 2.579550E+00 7.487005E-01
1.112500E+01 2.593947E+00 7.933927E-01
1.110087E+01 2.606653E+00 8.412090E-01
1.107684E+01 2.617244E+00 8.922544E-01
1.105292E+01 2.625235E+00 9.465883E-01
1.102910E+01 2.630084E+00 1.004207E+00
1.100538E+01 2.631187E+00 1.065022E+00
1.098176E+01 2.627896E+00 1.128840E+00
1.095824E+01 2.619536E+00 1.195337E+00
1.093483E+01 2.605428E+00 1.264039E+00
1.091151E+01 2.584927E+00 1.334305E+00
1.088830E+01 2.557469E+00 1.405323E+00
1.086518E+01 2.522622E+00 1.476112E+00
1.084216E+01 2.480138E+00 1.545554E+00
1.081924E+01 2.430001E+00 1.612435E+00
1.079641E+01 2.372460E+00 1.675508E+00
1.077368E+01 2.308043E+00 1.733570E+00
1.075105E+01 2.237543E+00 1.785537E+00
1.072851E+01 2.161973E+00 1.830521E+00
1.070607E+01 2.082511E+00 1.867880E+00
1.068372E+01 2.000413E+00 1.897250E+00
1.066146E+01 1.916943E+00 1.918543E+00
1.063929E+01 1.833297E+00 1.931928E+00
1.061722E+01 1.750548E+00 1.937788E+00
1.059524E+01 1.669608E+00 1.936669E+00
1.057335E+01 1.591214E+00 1.929220E+00
1.055155E+01 1.515926E+00 1.916153E+00
1.052983E+01 1.444136E+00 1.898188E+00
1.050821E+01 1.376093E+00 1.876031E+00
1.048668E+01 1.311922E+00 1.850343E+00
1.046524E+01 1.251650E+00 1.821731E+00
1.044388E+01 1.195227E+00 1.790737E+00
1.042261E+01 1.142550E+00 1.757835E+00
1.040142E+01 1.093474E+00 1.723440E+00
1.038032E+01 1.047831E+00 1.687901E+00
1.035931E+01 1.005440E+00 1.651516E+00
1.033838E+01 9.661126E-01 1.614533E+00
1.031754E+01 9.296601E-01 1.577157E+00
1.029678E+01 8.958997E-01 1.539555E+00
1.027610E+01 8.646560E-01 1.501864E+00
1.025551E+01 8.357631E-01 1.464193E+00
1.023500E+01 8.090660E-01 1.426628E+00
1.021457E+01 7.844209E-01 1.389237E+00
1.019422E+01 7.616958E-01 1.352071E+00
1.017396E+01 7.407701E-01 1.315170E+00
1.015377E+01 7.215346E-01 1.278560E+00
1.013366E+01 7.038907E-01 1.242261E+00
1.011364E+01 6.877503E-01 1.206287E+00
1.009369E+01 6.730353E-01 1.170642E+00
1.007382E+01 6.596766E-01 1.135332E+00
1.005403E+01 6.476146E-01 1.100354E+00
1.003431E+01 6.367978E-01 1.065707E+00
1.001468E+01 6.271828E-01 1.031388E+00
9.995112E+00 6.187339E-01 9.973939E-01
9.975630E+00 6.114226E-01 9.637216E-01
9.956222E+00 6.052269E-01 9.303705E-01
9.936891E+00 6.001315E-01 8.973423E-01
9.917634E+00 5.961265E-01 8.646422E-01
9.898452E+00 5.932070E-01 8.322798E-01
9.879344E+00 5.913726E-01 8.002701E-01
9.860309E+00 5.906258E-01 7.686347E-01
9.841348E+00 5.909709E-01 7.374021E-01
9.822459E+00 5.924125E-01 7.066091E-01
9.803643E+00 5.949534E-01 6.763010E-01
9.784899E+00 5.985924E-01 6.465313E-01
9.766226E+00 6.033218E-01 6.173621E-01
9.747615E+00 6.091249E-01 5.888619E-01
9.729084E+00 6.159738E-01 5.611044E-01
9.710623E+00 6.238273E-01 5.341651E-01
9.692233E+00 6.326302E-01 5.081184E-01
9.673912E+00 6.423129E-01 4.830337E-01
9.655660E+00 6.527931E-01 4.589712E-01
9.637477E+00 6.639776E-01 4.359792E-01
9.619362E+00 6.757659E-01 4.140916E-01
9.601315E+00 6.880539E-01 3.933263E-01
9.583336E+00 7.007378E-01 3.736857E-01
9.565424E+00 7.137172E-01 3.551571E-01
9.547578E+00 7.268983E-01 3.377151E-01
9.529800E+00 7.401959E-01 3.213238E-01
9.512078E+00 7.535343E-01 3.059389E-01
9.494431E+00 7.668480E-01 2.915108E-01
9.476849E+00 7.800815E-01 2.779865E-01
9.459333E+00 7.931889E-01 2.653113E-01
9.441881E+00 8.061328E-01 2.534308E-01
9.424493E+00 8.188834E-01 2.422915E-01
9.407170E+00 8.314179E-01 2.318418E-01
9.389909E+00 8.437189E-01 2.220327E-01
9.372712E+00 8.557741E-01 2.128179E-01
9.355578E+00 8.675750E-01 2.041543E-01
9.338507E+00 8.791166E-01 1.960014E-01
9.321498E+00 8.903965E-01 1.883220E-01
9.304541E+00 9.014144E-01 1.810816E-01
9.287655E+00 9.121718E-01 1.742484E-01
9.270831E+00 9.226715E-01 1.677932E-01
9.254067E+00 9.329175E-01 1.616889E-01
9.237363E+00 9.429145E-01 1.559111E-01
9.220720E+00 9.526677E-01 1.504369E-01
9.204137E+00 9.621829E-01 1.452456E-01
9.187613E+00 9.714662E-01 1.403179E-01
9.171148E+00 9.805237E-01 1.356364E-01
9.154743E+00 9.893618E-01 1.311847E-01
9.138396E+00 9.979869E-01 1.269481E-01
9.122107E+00 1.006405E+00 1.229127E-01
9.105876E+00 1.014623E+00 1.190660E-01
9.089694E+00 1.022647E+00 1.153962E-01
9.073579E+00 1.030482E+00 1.118925E-01
9.057520E+00 1.038135E+00 1.085451E-01
9.041518E+00 1.045612E+00 1.053445E-01
9.025572E+00 1.052918E+00 1.022823E-01
9.009683E+00 1.060058E+00 9.935056E-02
8.993849E+00 1.067038E+00 9.654184E-02
8.978071E+00 1.073863E+00 9.384930E-02
8.962348E+00 1.080538E+00 9.126657E-02
8.946680E+00 1.087067E+00 8.878770E-02
8.931067E+00 1.093456E+00 8.640715E-02
8.915509E+00 1.099708E+00 8.411975E-02
8.899996E+00 1.105828E+00 8.192067E-02
8.884545E+00 1.111821E+00 7.980538E-02
8.869148E+00 1.117689E+00 7.776967E-02
8.853804E+00 1.123436E+00 7.580956E-02
8.838513E+00 1.129067E+00 7.392134E-02
8.823275E+00 1.134585E+00 7.210154E-02
8.808089E+00 1.139994E+00 7.034687E-02
8.792956E+00 1.145295E+00 6.865426E-02
8.777874E+00 1.150494E+00 6.702081E-02
8.762844E+00 1.155592E+00 6.544380E-02
8.747866E+00 1.160593E+00 6.392067E-02
8.732938E+00 1.165500E+00 6.244898E-02
8.718061E+00 1.170314E+00 6.102647E-02
8.703228E+00 1.175040E+00 5.965096E-02
8.688452E+00 1.179678E+00 5.832042E-02
8.673727E+00 1.184233E+00 5.703293E-02
8.659051E+00 1.188705E+00 5.578666E-02
8.644425E+00 1.193098E+00 5.457988E-02
8.629848E+00 1.197413E+00 5.341096E-02
8.615320E+00 1.201653E+00 5.227835E-02
8.600841E+00 1.205819E+00 5.118058E-02
8.586411E+00 1.209914E+00 5.011625E-02
8.572029E+00 1.213939E+00 4.908403E-02
8.557695E+00 1.217897E+00 4.808267E-02
8.543409E+00 1.221788E+00 4.711096E-02
8.529170E+00 1.225616E+00 4.616778E-02
8.514972E+00 1.229380E+00 4.525203E-02
8.500828E+00 1.233083E+00 4.436268E-02
8.486731E+00 1.236727E+00 4.349874E-02
8.472681E+00 1.240313E+00 4.265929E-02
8.458677E+00 1.243841E+00 4.184343E-02
8.444719E+00 1.247315E+00 4.105030E-02
8.430808E+00 1.250735E+00 4.027909E-02
8.416942E+00 1.254102E+00 3.952903E-02
8.403121E+00 1.257417E+00 3.879937E-02
8.389346E+00 1.260683E+00 3.808940E-02
8.375616E+00 1.263899E+00 3.739845E-02
8.361931E+00 1.267068E+00 3.672586E-02
8.348284E+00 1.270189E+00 3.607103E-02
8.334688E+00 1.273265E+00 3.543334E-02
8.321136E+00 1.276297E+00 3.481225E-02
8.307628E+00 1.279285E+00 3.420719E-02
8.294164E+00 1.282230E+00 3.361767E-02
8.280744E+00 1.285133E+00 3.304316E-02
8.267367E+00 1.287996E+00 3.248321E-02
8.254033E+00 1.290819E+00 3.193734E-02
8.240742E+00 1.293602E+00 3.140513E-02
8.227493E+00 1.296348E+00 3.088615E-02
8.214288E+00 1.299056E+00 3.037999E-02
8.201124E+00 1.301727E+00 2.988628E-02
8.188003E+00 1.304363E+00 2.940464E-02
8.174917E+00 1.306964E+00 2.893472E-02
8.161879E+00 1.309530E+00 2.847617E-02
8.148883E+00 1.312063E+00 2.802868E-02
8.135929E+00 1.314563E+00 2.759191E-02
8.123015E+00 1.317030E+00 2.716558E-02
8.110142E+00 1.319466E+00 2.674940E-02
8.097310E+00 1.321871E+00 2.634309E-02
8.084519E+00 1.324246E+00 2.594638E-02
8.071768E+00 1.326591E+00 2.555902E-02
8.059057E+00 1.328907E+00 2.518076E-02
8.046386E+00 1.331194E+00 2.481138E-02
8.033755E+00 1.333453E+00 2.445064E-02
8.021163E+00 1.335685E+00 2.409833E-02
8.008604E+00 1.337890E+00 2.375425E-02
7.996092E+00 1.340068E+00 2.341820E-02
7.983618E+00 1.342220E+00 2.308998E-02
7.971183E+00 1.344347E+00 2.276942E-02
7.958786E+00 1.346448E+00 2.245634E-02
7.946428E+00 1.348525E+00 2.215057E-02
7.934109E+00 1.350578E+00 2.185196E-02
7.921827E+00 1.352608E+00 2.156034E-02
7.909584E+00 1.354613E+00 2.127557E-02
7.897378E+00 1.356597E+00 2.099751E-02
7.885210E+00 1.358557E+00 2.072601E-02
7.873080E+00 1.360495E+00 2.046096E-02
7.860980E+00 1.362412E+00 2.020221E-02
7.848924E+00 1.364307E+00 1.994966E-02
7.836905E+00 1.366181E+00 1.970317E-02
7.824922E+00 1.368035E+00 1.946265E-02
7.812976E+00 1.369868E+00 1.922796E-02
7.801067E+00 1.371681E+00 1.899902E-02
7.789193E+00 1.373474E+00 1.877571E-02
7.777356E+00 1.375248E+00 1.855793E-02
7.765555E+00 1.377002E+00 1.834559E-02
7.753789E+00 1.378738E+00 1.813858E-02
7.742059E+00 1.380455E+00 1.793681E-02
7.730365E+00 1.382153E+00 1.774019E-02
7.718706E+00 1.383834E+00 1.754862E-02
7.707076E+00 1.385496E+00 1.736201E-02
7.695487E+00 1.387141E+00 1.718028E-02
7.683932E+00 1.388768E+00 1.700333E-02
7.672413E+00 1.390378E+00 1.683106E-02
7.660927E+00 1.391972E+00 1.666339E-02
7.649477E+00 1.393548E+00 1.650023E-02
7.638060E+00 1.395108E+00 1.634149E-02
7.626677E+00 1.396651E+00 1.618706E-02
7.615328E+00 1.398178E+00 1.603687E-02
7.604013E+00 1.399689E+00 1.589080E-02
7.592732E+00 1.401184E+00 1.574877E-02
7.581484E+00 1.402663E+00 1.561068E-02
7.570269E+00 1.404127E+00 1.547642E-02
7.559082E+00 1.405576E+00 1.534589E-02
7.547933E+00 1.407009E+00 1.521900E-02
7.536817E+00 1.408427E+00 1.509563E-02
7.525734E+00 1.409830E+00 1.497567E-02
7.514684E+00 1.411219E+00 1.485902E-02
7.503666E+00 1.412593E+00 1.474556E-02
7.492680E+00 1.413952E+00 1.463517E-02
7.481726E+00 1.415297E+00 1.452775E-02
7.470804E+00 1.416628E+00 1.442317E-02
7.459914E+00 1.417945E+00 1.432130E-02
7.449056E+00 1.419248E+00 1.422203E-02
7.438229E+00 1.420537E+00 1.412524E-02
7.427428E+00 1.421812E+00 1.403079E-02
7.416665E+00 1.423075E+00 1.393856E-02
7.405932E+00 1.424323E+00 1.384842E-02
7.395230E+00 1.425559E+00 1.376024E-02
7.384559E+00 1.426782E+00 1.367390E-02
7.373919E+00 1.427991E+00 1.358925E-02
7.363309E+00 1.429188E+00 1.350617E-02
7.352730E+00 1.430373E+00 1.342454E-02
7.342182E+00 1.431545E+00 1.334421E-02
7.331663E+00 1.432705E+00 1.326506E-02
7.321175E+00 1.433852E+00 1.318697E-02
7.310716E+00 1.434988E+00 1.310980E-02
7.300288E+00 1.436112E+00 1.303343E-02
7.289884E+00 1.437225E+00 1.295774E-02
7.279514E+00 1.438326E+00 1.288262E-02
7.269175E+00 1.439416E+00 1.280794E-02
7.258864E+00 1.440495E+00 1.273358E-02
7.248583E+00 1.441563E+00 1.265945E-02
7.238331E+00 1.442621E+00 1.258543E-02
7.228108E+00 1.443668E+00 1.251143E-02
7.217913E+00 1.444705E+00 1.243735E-02
7.207747E+00 1.445731E+00 1.236309E-02
7.197610E+00 1.446748E+00 1.228857E-02
7.187502E+00 1.447755E+00 1.221371E-02
7.177422E+00 1.448753E+00 1.213843E-02
7.167364E+00 1.449741E+00 1.206268E-02
7.157341E+00 1.450721E+00 1.198637E-02
7.147345E+00 1.451691E+00 1.190946E-02
7.137377E+00 1.452653E+00 1.183191E-02
7.127436E+00 1.453607E+00 1.175366E-02
7.117524E+00 1.454552E+00 1.167468E-02
7.107639E+00 1.455489E+00 1.159494E-02
7.097781E+00 1.456418E+00 1.151442E-02
7.087951E+00 1.457340E+00 1.143311E-02
7.078148E+00 1.458254E+00 1.135100E-02
7.068372E+00 1.459161E+00 1.126809E-02
7.058623E+00 1.460061E+00 1.118437E-02
7.048900E+00 1.460954E+00 1.109988E-02
7.039200E+00 1.461840E+00 1.101461E-02
7.029531E+00 1.462720E+00 1.092861E-02
7.019889E+00 1.463594E+00 1.084189E-02
7.010273E+00 1.464461E+00 1.075450E-02
7.000683E+00 1.465322E+00 1.066648E-02
6.991120E+00 1.466178E+00 1.057786E-02
6.981583E+00 1.467028E+00 1.048872E-02
6.972071E+00 1.467872E+00 1.039909E-02
6.962586E+00 1.468711E+00 1.030905E-02
6.953126E+00 1.469544E+00 1.021864E-02
6.943692E+00 1.470373E+00 1.012795E-02
6.934284E+00 1.471196E+00 1.003704E-02
6.924901E+00 1.472015E+00 9.945971E-03
6.915538E+00 1.472828E+00 9.854828E-03
6.906206E+00 1.473638E+00 9.763682E-03
6.896899E+00 1.474442E+00 9.672608E-03
6.887617E+00 1.475242E+00 9.581681E-03
6.878360E+00 1.476037E+00 9.490979E-03
6.869127E+00 1.476828E+00 9.400575E-03
6.859920E+00 1.477615E+00 9.310546E-03
6.850737E+00 1.478398E+00 9.220965E-03
6.841578E+00 1.479176E+00 9.131905E-03
6.832445E+00 1.479950E+00 9.043435E-03
6.823335E+00 1.480721E+00 8.955626E-03
6.814250E+00 1.481487E+00 8.868542E-03
6.805184E+00 1.482249E+00 8.782248E-03
6.796147E+00 1.483007E+00 8.696805E-03
6.787134E+00 1.483761E+00 8.612270E-03
6.778145E+00 1.484511E+00 8.528697E-03
6.769179E+00 1.485257E+00 8.446138E-03
6.760237E+00 1.486000E+00 8.364640E-03
6.751319E+00 1.486738E+00 8.284247E-03
6.742425E+00 1.487473E+00 8.204999E-03
6.733553E+00 1.488203E+00 8.126934E-03
6.724705E+00 1.488930E+00 8.050083E-03
6.715881E+00 1.489653E+00 7.974476E-03
6.707079E+00 1.490372E+00 7.900137E-03
6.698301E+00 1.491086E+00 7.827090E-03
6.689540E+00 1.491797E+00 7.755351E-03
6.680808E+00 1.492505E+00 7.684935E-03
6.672098E+00 1.493208E+00 7.615854E-03
6.663410E+00 1.493907E+00 7.548116E-03
6.654746E+00 1.494602E+00 7.481724E-03
6.646104E+00 1.495294E+00 7.416681E-03
6.637484E+00 1.495981E+00 7.352986E-03
6.628886E+00 1.496665E+00 7.290635E-03
6.620311E+00 1.497344E+00 7.229621E-03
6.611758E+00 1.498020E+00 7.169937E-03
6.603227E+00 1.498691E+00 7.111570E-03
6.594718E+00 1.499359E+00 7.054510E-03
6.586231E+00 1.500023E+00 6.998740E-03
6.577762E+00 1.500682E+00 6.944245E-03
6.569318E+00 1.501338E+00 6.891007E-03
6.560896E+00 1.501990E+00 6.839008E-03
6.552496E+00 1.502638E+00 6.788226E-03
6.544117E+00 1.503282E+00 6.738642E-03
6.535760E+00 1.503922E+00 6.690234E-03
6.527424E+00 1.504558E+00 6.642978E-03
6.519109E+00 1.505190E+00 6.596852E-03
6.510815E+00 1.505819E+00 6.551833E-03
6.502542E+00 1.506443E+00 6.507897E-03
6.494291E+00 1.507064E+00 6.465021E-03
6.486060E+00 1.507680E+00 6.423180E-03
6.477846E+00 1.508293E+00 6.382352E-03
6.469657E+00 1.508902E+00 6.342512E-03
6.461489E+00 1.509508E+00 6.303638E-03
6.453341E+00 1.510109E+00 6.265706E-03
6.445213E+00 1.510707E+00 6.228694E-03
6.437107E+00 1.511301E+00 6.192580E-03
6.429020E+00 1.511891E+00 6.157342E-03
6.420954E+00 1.512478E+00 6.122960E-03
6.412908E+00 1.513061E+00 6.089412E-03
6.404882E+00 1.513641E+00 6.056680E-03
6.396876E+00 1.514216E+00 6.024743E-03
6.388890E+00 1.514789E+00 5.993583E-03
6.380925E+00 1.515357E+00 5.963182E-03
6.372975E+00 1.515922E+00 5.933523E-03
6.365048E+00 1.516484E+00 5.904589E-03
6.357142E+00 1.517042E+00 5.876365E-03
6.349255E+00 1.517597E+00 5.848834E-03
6.341387E+00 1.518148E+00 5.821982E-03
6.333539E+00 1.518696E+00 5.795794E-03
6.325711E+00 1.519240E+00 5.770258E-03
6.317902E+00 1.519781E+00 5.745361E-03
6.310112E+00 1.520319E+00 5.721089E-03
6.302341E+00 1.520854E+00 5.697431E-03
6.294589E+00 1.521385E+00 5.674376E-03
6.286857E+00 1.521913E+00 5.651912E-03
6.279143E+00 1.522437E+00 5.630030E-03
6.271444E+00 1.522959E+00 5.608719E-03
6.263769E+00 1.523477E+00 5.587969E-03
6.256111E+00 1.523992E+00 5.567772E-03
6.248473E+00 1.524505E+00 5.548118E-03
6.240853E+00 1.525013E+00 5.528999E-03
6.233252E+00 1.525519E+00 5.510406E-03
6.225669E+00 1.526022E+00 5.492332E-03
6.218105E+00 1.526522E+00 5.474768E-03
6.210559E+00 1.527019E+00 5.457707E-03
6.203031E+00 1.527512E+00 5.441142E-03
6.195522E+00 1.528003E+00 5.425064E-03
6.188031E+00 1.528491E+00 5.409468E-03
6.180554E+00 1.528976E+00 5.394345E-03
6.173099E+00 1.529458E+00 5.379689E-03
6.165661E+00 1.529937E+00 5.365494E-03
6.158242E+00 1.530413E+00 5.351751E-03
6.150841E+00 1.530886E+00 5.338455E-03
6.143457E+00 1.531356E+00 5.325598E-03
6.136091E+00 1.531824E+00 5.313174E-03
6.128743E+00 1.532289E+00 5.301176E-03
6.121412E+00 1.532751E+00 5.289597E-03
6.114099E+00 1.533210E+00 5.278430E-03
6.106803E+00 1.533666E+00 5.267669E-03
6.099525E+00 1.534120E+00 5.257306E-03
6.092264E+00 1.534571E+00 5.247334E-03
6.085016E+00 1.535019E+00 5.237746E-03
6.077790E+00 1.535464E+00 5.228535E-03
6.070580E+00 1.535907E+00 5.219694E-03
6.063388E+00 1.536347E+00 5.211214E-03
6.056213E+00 1.536785E+00 5.203089E-03
6.049054E+00 1.537220E+00 5.195311E-03
6.041913E+00 1.537652E+00 5.187872E-03
6.034788E+00 1.538081E+00 5.180765E-03
6.027680E+00 1.538508E+00 5.173980E-03
6.020589E+00 1.538933E+00 5.167510E-03
6.013515E+00 1.539354E+00 5.161347E-03
6.006457E+00 1.539774E+00 5.155483E-03
5.999412E+00 1.540190E+00 5.149908E-03
5.992387E+00 1.540604E+00 5.144614E-03
5.985379E+00 1.541016E+00 5.139593E-03
5.978387E+00 1.541425E+00 5.134834E-03
5.971411E+00 1.541832E+00 5.130330E-03
5.964452E+00 1.542236E+00 5.126072E-03
5.957509E+00 1.542637E+00 5.122048E-03
5.950582E+00 1.543036E+00 5.118251E-03
5.943671E+00 1.543433E+00 5.114671E-03
5.936776E+00 1.543827E+00 5.111298E-03
5.929897E+00 1.544219E+00 5.108122E-03
5.923034E+00 1.544609E+00 5.105133E-03
5.916187E+00 1.544996E+00 5.102321E-03
5.909352E+00 1.545380E+00 5.099677E-03
5.902536E+00 1.545763E+00 5.097189E-03
5.895736E+00 1.546143E+00 5.094848E-03
5.888952E+00 1.546520E+00 5.092643E-03
5.882183E+00 1.546895E+00 5.090563E-03
5.875430E+00 1.547268E+00 5.088598E-03
5.868693E+00 1.547639E+00 5.086738E-03
5.861971E+00 1.548007E+00 5.084970E-03
5.855264E+00 1.548373E+00 5.083286E-03
5.848572E+00 1.548737E+00 5.081673E-03
5.841896E+00 1.549098E+00 5.080121E-03
5.835235E+00 1.549458E+00 5.078618E-03
5.828589E+00 1.549815E+00 5.077154E-03
5.821955E+00 1.550169E+00 5.075718E-03
5.815340E+00 1.550522E+00 5.074298E-03
5.808739E+00 1.550872E+00 5.072884E-03
5.802154E+00 1.551220E+00 5.071463E-03
5.795583E+00 1.551567E+00 5.070026E-03
5.789027E+00 1.551910E+00 5.068560E-03
5.782486E+00 1.552252E+00 5.067054E-03
5.775960E+00 1.552592E+00 5.065498E-03
5.769448E+00 1.552929E+00 5.063880E-03
5.762951E+00 1.553265E+00 5.062188E-03
5.756469E+00 1.553598E+00 5.060413E-03
5.750001E+00 1.553930E+00 5.058542E-03
5.743545E+00 1.554259E+00 5.056564E-03
5.737106E+00 1.554586E+00 5.054470E-03
5.730682E+00 1.554911E+00 5.052246E-03
5.724272E+00 1.555234E+00 5.049884E-03
5.717877E+00 1.555556E+00 5.047371E-03
5.711495E+00 1.555875E+00 5.044697E-03
5.705128E+00 1.556192E+00 5.041852E-03
5.698775E+00 1.556508E+00 5.038824E-03
5.692437E+00 1.556821E+00 5.035604E-03
5.686112E+00 1.557133E+00 5.032181E-03
5.679801E+00 1.557442E+00 5.028544E-03
5.673505E+00 1.557750E+00 5.024685E-03
5.667222E+00 1.558056E+00 5.020591E-03
5.660950E+00 1.558360E+00 5.016255E-03
5.654695E+00 1.558663E+00 5.011666E-03
5.648454E+00 1.558963E+00 5.006815E-03
5.642226E+00 1.559262E+00 5.001692E-03
5.636013E+00 1.559559E+00 4.996288E-03
5.629813E+00 1.559854E+00 4.990595E-03
5.623626E+00 1.560148E+00 4.984603E-03
5.617454E+00 1.560440E+00 4.978305E-03
5.611294E+00 1.560730E+00 4.971691E-03
5.605149E+00 1.561018E+00 4.964754E-03
5.599016E+00 1.561305E+00 4.957486E-03
5.592897E+00 1.561590E+00 4.949880E-03
5.586792E+00 1.561874E+00 4.941927E-03
5.580697E+00 1.562156E+00 4.933622E-03
5.574618E+00 1.562436E+00 4.924958E-03
5.568552E+00 1.562715E+00 4.915928E-03
5.562499E+00 1.562993E+00 4.906527E-03
5.556460E+00 1.563268E+00 4.896748E-03
5.550434E+00 1.563543E+00 4.886587E-03
5.544421E+00 1.563816E+00 4.876038E-03
5.538420E+00 1.564087E+00 4.865098E-03
5.532433E+00 1.564357E+00 4.853761E-03
5.526459E+00 1.564626E+00 4.842025E-03
5.520497E+00 1.564893E+00 4.829886E-03
5.514549E+00 1.565159E+00 4.817341E-03
5.508610E+00 1.565424E+00 4.804389E-03
5.502687E+00 1.565687E+00 4.791026E-03
5.496777E+00 1.565949E+00 4.777253E-03
5.490879E+00 1.566209E+00 4.763067E-03
5.484994E+00 1.566469E+00 4.748469E-03
5.479122E+00 1.566727E+00 4.733459E-03
5.473262E+00 1.566984E+00 4.718038E-03
5.467415E+00 1.567240E+00 4.702208E-03
5.461580E+00 1.567494E+00 4.685969E-03
5.455758E+00 1.567748E+00 4.669324E-03
5.449948E+00 1.568000E+00 4.652277E-03
5.444150E+00 1.568251E+00 4.634831E-03
5.438365E+00 1.568502E+00 4.616991E-03
5.432589E+00 1.568751E+00 4.598760E-03
5.426828E+00 1.568999E+00 4.580144E-03
5.421080E+00 1.569246E+00 4.561149E-03
5.415343E+00 1.569492E+00 4.541782E-03
5.409619E+00 1.569737E+00 4.522048E-03
5.403907E+00 1.569981E+00 4.501956E-03
5.398207E+00 1.570224E+00 4.481513E-03
5.392519E+00 1.570466E+00 4.460726E-03
5.386843E+00 1.570707E+00 4.439606E-03
5.381178E+00 1.570947E+00 4.418160E-03
5.375526E+00 1.571187E+00 4.396397E-03
5.369886E+00 1.571425E+00 4.374328E-03
5.364257E+00 1.571663E+00 4.351961E-03
5.358638E+00 1.571900E+00 4.329306E-03
5.353032E+00 1.572135E+00 4.306374E-03
5.347439E+00 1.572371E+00 4.283173E-03
5.341858E+00 1.572605E+00 4.259713E-03
5.336288E+00 1.572838E+00 4.236005E-03
5.330729E+00 1.573071E+00 4.212058E-03
5.325182E+00 1.573303E+00 4.187880E-03
5.319647E+00 1.573534E+00 4.163481E-03
5.314123E+00 1.573764E+00 4.138868E-03
5.308611E+00 1.573993E+00 4.114051E-03
5.303110E+00 1.574222E+00 4.089036E-03
5.297620E+00 1.574450E+00 4.063830E-03
5.292139E+00 1.574677E+00 4.038439E-03
5.286672E+00 1.574903E+00 4.012869E-03
5.281217E+00 1.575129E+00 3.987123E-03
5.275773E+00 1.575353E+00 3.961207E-03
5.270339E+00 1.575577E+00 3.935124E-03
5.264917E+00 1.575801E+00 3.908874E-03
5.259507E+00 1.576023E+00 3.882459E-03
5.254107E+00 1.576245E+00 3.855881E-03
5.248718E+00 1.576466E+00 3.829137E-03
5.243341E+00 1.576686E+00 3.802227E-03
5.237974E+00 1.576905E+00 3.775148E-03
5.232619E+00 1.577124E+00 3.747898E-03
5.227274E+00 1.577342E+00 3.720471E-03
5.221938E+00 1.577559E+00 3.692864E-03
5.216615E+00 1.577775E+00 3.665071E-03
5.211303E+00 1.577991E+00 3.637085E-03
5.206001E+00 1.578206E+00 3.608902E-03
5.200711E+00 1.578420E+00 3.580512E-03
5.195431E+00 1.578634E+00 3.551911E-03
5.190162E+00 1.578847E+00 3.523089E-03
5.184904E+00 1.579059E+00 3.494039E-03
5.179656E+00 1.579270E+00 3.464755E-03
5.174419E+00 1.579481E+00 3.435228E-03
5.169193E+00 1.579691E+00 3.405452E-03
5.163977E+00 1.579901E+00 3.375420E-03
5.158769E+00 1.580110E+00 3.345127E-03
5.153574E+00 1.580318E+00 3.314566E-03
5.148389E+00 1.580525E+00 3.283734E-03
5.143215E+00 1.580733E+00 3.252627E-03
5.138052E+00 1.580939E+00 3.221243E-03
5.132898E+00 1.581145E+00 3.189580E-03
5.127755E+00 1.581351E+00 3.157639E-03
5.122623E+00 1.581556E+00 3.125420E-03
5.117500E+00 1.581760E+00 3.092927E-03
5.112388E+00 1.581964E+00 3.060165E-03
5.107286E+00 1.582168E+00 3.027138E-03
5.102194E+00 1.582372E+00 2.993855E-03
5.097113E+00 1.582574E+00 2.960325E-03
5.092039E+00 1.582777E+00 2.926557E-03
5.086977E+00 1.582979E+00 2.892566E-03
5.081926E+00 1.583182E+00 2.858364E-03
5.076884E+00 1.583383E+00 2.823968E-03
5.071853E+00 1.583585E+00 2.789393E-03
5.066832E+00 1.583786E+00 2.754659E-03
5.061820E+00 1.583987E+00 2.719785E-03
5.056818E+00 1.584188E+00 2.684793E-03
5.051827E+00 1.584389E+00 2.649703E-03
5.046845E+00 1.584589E+00 2.614540E-03
5.041873E+00 1.584790E+00 2.579326E-03
5.036910E+00 1.584990E+00 2.544088E-03
5.031958E+00 1.585190E+00 2.508849E-03
5.027013E+00 1.585390E+00 2.473636E-03
5.022080E+00 1.585590E+00 2.438474E-03
5.017156E+00 1.585790E+00 2.403391E-03
5.012242E+00 1.585989E+00 2.368411E-03
5.007338E+00 1.586189E+00 2.333561E-03
5.002444E+00 1.586388E+00 2.298866E-03
4.997559E+00 1.586587E+00 2.264352E-03
4.992683E+00 1.586787E+00 2.230043E-03
4.987817E+00 1.586986E+00 2.195964E-03
4.982961E+00 1.587184E+00 2.162137E-03
4.978114E+00 1.587383E+00 2.128585E-03
4.973276E+00 1.587582E+00 2.095329E-03
4.968445E+00 1.587780E+00 2.062390E-03
4.963627E+00 1.587979E+00 2.029785E-03
4.958817E+00 1.588177E+00 1.997534E-03
4.954017E+00 1.588375E+00 1.965653E-03
4.949226E+00 1.588572E+00 1.934156E-03
4.944444E+00 1.588770E+00 1.903059E-03
4.939672E+00 1.588967E+00 1.872373E-03
4.934909E+00 1.589164E+00 1.842110E-03
4.930155E+00 1.589361E+00 1.812280E-03
4.925410E+00 1.589557E+00 1.782892E-03
4.920674E+00 1.589753E+00 1.753952E-03
4.915947E+00 1.589949E+00 1.725467E-03
4.911230E+00 1.590144E+00 1.697443E-03
4.906519E+00 1.590339E+00 1.669882E-03
4.901819E+00 1.590534E+00 1.642787E-03
4.897128E+00 1.590728E+00 1.616160E-03
4.892447E+00 1.590922E+00 1.590002E-03
4.887774E+00 1.591116E+00 1.564312E-03
4.883111E+00 1.591309E+00 1.539089E-03
4.878456E+00 1.591501E+00 1.514331E-03
4.873810E+00 1.591693E+00 1.490036E-03
4.869173E+00 1.591885E+00 1.466199E-03
4.864544E+00 1.592076E+00 1.442818E-03
4.859925E+00 1.592267E+00 1.419887E-03
4.855314E+00 1.592457E+00 1.397402E-03
4.850712E+00 1.592647E+00 1.375357E-03
4.846116E+00 1.592836E+00 1.353746E-03
4.841532E+00 1.593024E+00 1.332564E-03
4.836956E+00 1.593212E+00 1.311804E-03
4.832389E+00 1.593400E+00 1.291460E-03
4.827830E+00 1.593587E+00 1.271525E-03
4.823280E+00 1.593773E+00 1.251991E-03
4.818738E+00 1.593959E+00 1.232854E-03
4.814205E+00 1.594144E+00 1.214104E-03
4.809681E+00 1.594328E+00 1.195736E-03
4.805165E+00 1.594512E+00 1.177743E-03
4.800657E+00 1.594696E+00 1.160117E-03
4.796158E+00 1.594879E+00 1.142852E-03
4.791666E+00 1.595061E+00 1.125940E-03
4.787183E+00 1.595242E+00 1.109376E-03
4.782710E+00 1.595423E+00 1.093152E-03
4.778244E+00 1.595604E+00 1.077262E-03
4.773787E+00 1.595784E+00 1.061699E-03
4.769338E+00 1.595963E+00 1.046457E-03
4.764898E+00 1.596141E+00 1.031530E-03
4.760465E+00 1.596319E+00 1.016911E-03
4.756041E+00 1.596496E+00 1.002595E-03
4.751625E+00 1.596673E+00 9.885753E-04
4.747218E+00 1.596849E+00 9.748461E-04
4.742818E+00 1.597025E+00 9.614017E-04
4.738427E+00 1.597200E+00 9.482366E-04
4.734042E+00 1.597374E+00 9.353453E-04
4.729666E+00 1.597547E+00 9.227222E-04
4.725299E+00 1.597720E+00 9.103621E-04
4.720940E+00 1.597893E+00 8.982597E-04
4.716590E+00 1.598064E+00 8.864098E-04
4.712247E+00 1.598236E+00 8.748075E-04
4.707912E+00 1.598406E+00 8.634476E-04
4.703585E+00 1.598576E+00 8.523253E-04
4.699266E+00 1.598745E+00 8.414357E-04
4.694955E+00 1.598914E+00 8.307741E-04
4.690652E+00 1.599082E+00 8.203358E-04
4.686356E+00 1.599249E+00 8.101162E-04
4.682067E+00 1.599416E+00 8.001106E-04
4.677787E+00 1.599582E+00 7.903146E-04
4.673515E+00 1.599748E+00 7.807238E-04
4.669251E+00 1.599913E+00 7.713337E-04
4.664995E+00 1.600077E+00 7.621400E-04
4.660747E+00 1.600241E+00 7.531384E-04
4.656506E+00 1.600404E+00 7.443248E-04
4.652273E+00 1.600567E+00 7.356950E-04
4.648048E+00 1.600729E+00 7.272449E-04
4.643830E+00 1.600890E+00 7.189703E-04
4.639620E+00 1.601051E+00 7.108675E-04
4.635417E+00 1.601211E+00 7.029322E-04
4.631223E+00 1.601371E+00 6.951608E-04
4.627033E+00 1.601529E+00 6.875494E-04
4.622854E+00 1.601688E+00 6.800941E-04
4.618682E+00 1.601846E+00 6.727913E-04
4.614517E+00 1.602003E+00 6.656372E-04
4.610360E+00 1.602159E+00 6.586283E-04
4.606210E+00 1.602315E+00 6.517611E-04
4.602068E+00 1.602471E+00 6.450319E-04
4.597934E+00 1.602626E+00 6.384374E-04
4.593806E+00 1.602780E+00 6.319741E-04
4.589687E+00 1.602934E+00 6.256387E-04
4.585574E+00 1.603087E+00 6.194280E-04
4.581469E+00 1.603239E+00 6.133388E-04
4.577371E+00 1.603391E+00 6.073678E-04
4.573279E+00 1.603543E+00 6.015119E-04
4.569196E+00 1.603694E+00 5.957682E-04
4.565120E+00 1.603844E+00 5.901336E-04
4.561051E+00 1.603994E+00 5.846051E-04
4.556990E+00 1.604143E+00 5.791801E-04
4.552936E+00 1.604292E+00 5.738555E-04
4.548889E+00 1.604440E+00 5.686288E-04
4.544849E+00 1.604587E+00 5.634971E-04
4.540817E+00 1.604734E+00 5.584578E-04
4.536791E+00 1.604881E+00 5.535085E-04
4.532773E+00 1.605027E+00 5.486465E-04
4.528762E+00 1.605172E+00 5.438694E-04
4.524756E+00 1.605317E+00 5.391749E-04
4.520759E+00 1.605461E+00 5.345605E-04
4.516769E+00 1.605605E+00 5.300240E-04
4.512786E+00 1.605748E+00 5.255632E-04
4.508810E+00 1.605891E+00 5.211759E-04
4.504841E+00 1.606033E+00 5.168599E-04
4.500879E+00 1.606175E+00 5.126134E-04
4.496925E+00 1.606316E+00 5.084341E-04
4.492977E+00 1.606457E+00 5.043203E-04
4.489036E+00 1.606597E+00 5.002699E-04
4.485101E+00 1.606737E+00 4.962813E-04
4.481174E+00 1.606876E+00 4.923525E-04
4.477254E+00 1.607014E+00 4.884818E-04
4.473338E+00 1.607153E+00 4.846676E-04
4.469432E+00 1.607290E+00 4.809083E-04
4.465532E+00 1.607428E+00 4.772022E-04
4.461639E+00 1.607564E+00 4.735478E-04
4.457752E+00 1.607700E+00 4.699436E-04
4.453873E+00 1.607836E+00 4.663883E-04
4.450000E+00 1.607971E+00 4.628803E-04
4.446134E+00 1.608106E+00 4.594184E-04
4.442275E+00 1.608241E+00 4.560013E-04
4.438422E+00 1.608374E+00 4.526277E-04
4.434576E+00 1.608508E+00 4.492963E-04
4.430737E+00 1.608641E+00 4.460061E-04
4.426904E+00 1.608773E+00 4.427558E-04
4.423076E+00 1.608905E+00 4.395444E-04
4.419257E+00 1.609037E+00 4.363708E-04
4.415444E+00 1.609168E+00 4.332341E-04
4.411638E+00 1.609298E+00 4.301332E-04
4.407838E+00 1.609429E+00 4.270672E-04
4.404045E+00 1.609558E+00 4.240351E-04
4.400258E+00 1.609688E+00 4.210362E-04
4.396478E+00 1.609816E+00 4.180695E-04
4.392704E+00 1.609945E+00 4.151343E-04
4.388937E+00 1.610073E+00 4.122298E-04
4.385176E+00 1.610200E+00 4.093552E-04
4.381422E+00 1.610327E+00 4.065098E-04
4.377672E+00 1.610454E+00 4.036930E-04
4.373931E+00 1.610580E+00 4.009040E-04
4.370196E+00 1.610706E+00 3.981423E-04
4.366467E+00 1.610832E+00 3.954071E-04
4.362745E+00 1.610957E+00 3.926981E-04
4.359029E+00 1.611081E+00 3.900145E-04
4.355319E+00 1.611205E+00 3.873558E-04
4.351616E+00 1.611329E+00 3.847216E-04
4.347919E+00 1.611452E+00 3.821113E-04
4.344228E+00 1.611575E+00 3.795245E-04
4.340543E+00 1.611698E+00 3.769607E-04
4.336865E+00 1.611820E+00 3.744195E-04
4.333193E+00 1.611942E+00 3.719005E-04
4.329525E+00 1.612063E+00 3.694032E-04
4.325866E+00 1.612184E+00 3.669273E-04
4.322212E+00 1.612305E+00 3.644725E-04
4.318565E+00 1.612425E+00 3.620383E-04
4.314924E+00 1.612544E+00 3.596245E-04
4.311289E+00 1.612664E+00 3.572307E-04
4.307660E+00 1.612783E+00 3.548567E-04
4.304037E+00 1.612901E+00 3.525021E-04
4.300420E+00 1.613020E+00 3.501667E-04
4.296810E+00 1.613138E+00 3.478501E-04
4.293205E+00 1.613255E+00 3.455522E-04
4.289607E+00 1.613372E+00 3.432727E-04
4.286014E+00 1.613489E+00 3.410113E-04
4.282426E+00 1.613605E+00 3.387679E-04
4.278846E+00 1.613721E+00 3.365421E-04
4.275271E+00 1.613837E+00 3.343339E-04
4.271702E+00 1.613952E+00 3.321430E-04
4.268140E+00 1.614067E+00 3.299692E-04
4.264583E+00 1.614182E+00 3.278123E-04
4.261033E+00 1.614296E+00 3.256722E-04
4.257488E+00 1.614410E+00 3.235487E-04
4.253949E+00 1.614523E+00 3.214416E-04
4.250416E+00 1.614636E+00 3.193508E-04
4.246889E+00 1.614749E+00 3.172760E-04
4.243367E+00 1.614861E+00 3.152173E-04
4.239850E+00 1.614973E+00 3.131743E-04
4.236340E+00 1.615085E+00 3.111470E-04
4.232836E+00 1.615197E+00 3.091353E-04
4.229338E+00 1.615308E+00 3.071390E-04
4.225846E+00 1.615418E+00 3.051580E-04
4.222360E+00 1.615529E+00 3.031922E-04
4.218879E+00 1.615639E+00 3.012415E-04
4.215404E+00 1.615748E+00 2.993057E-04
4.211934E+00 1.615858E+00 2.973847E-04
4.208471E+00 1.615967E+00 2.954785E-04
4.205013E+00 1.616075E+00 2.935868E-04
4.201561E+00 1.616184E+00 2.917097E-04
4.198114E+00 1.616292E+00 2.898471E-04
4.194671E+00 1.616399E+00 2.879987E-04
4.191236E+00 1.616507E+00 2.861646E-04
4.187806E+00 1.616614E+00 2.843446E-04
4.184382E+00 1.616720E+00 2.825387E-04
4.180964E+00 1.616827E+00 2.807467E-04
4.177551E+00 1.616933E+00 2.789686E-04
4.174144E+00 1.617039E+00 2.772043E-04
4.170742E+00 1.617144E+00 2.754537E-04
4.167346E+00 1.617249E+00 2.737168E-04
4.163955E+00 1.617354E+00 2.719933E-04
4.160570E+00 1.617459E+00 2.702834E-04
4.157190E+00 1.617563E+00 2.685868E-04
4.153814E+00 1.617667E+00 2.669036E-04
4.150445E+00 1.617770E+00 2.652336E-04
4.147082E+00 1.617873E+00 2.635768E-04
4.143724E+00 1.617976E+00 2.619330E-04
4.140372E+00 1.618079E+00 2.603024E-04
4.137025E+00 1.618181E+00 2.586846E-04
4.133683E+00 1.618283E+00 2.570798E-04
4.130347E+00 1.618385E+00 2.554878E-04
4.127016E+00 1.618487E+00 2.539086E-04
4.123691E+00 1.618588E+00 2.523421E-04
4.120371E+00 1.618689E+00 2.507882E-04
4.117056E+00 1.618789E+00 2.492469E-04
4.113747E+00 1.618889E+00 2.477181E-04
4.110441E+00 1.618989E+00 2.462018E-04
4.107142E+00 1.619089E+00 2.446979E-04
4.103849E+00 1.619188E+00 2.432063E-04
4.100561E+00 1.619288E+00 2.417271E-04
4.097278E+00 1.619386E+00 2.402600E-04
4.094000E+00 1.619485E+00 2.388051E-04
4.090727E+00 1.619583E+00 2.373624E-04
4.087460E+00 1.619681E+00 2.359317E-04
4.084198E+00 1.619779E+00 2.345130E-04
4.080941E+00 1.619876E+00 2.331063E-04
4.077690E+00 1.619973E+00 2.317115E-04
4.074443E+00 1.620070E+00 2.303286E-04
4.071202E+00 1.620167E+00 2.289574E-04
4.067964E+00 1.620263E+00 2.275980E-04
4.064733E+00 1.620359E+00 2.262503E-04
4.061507E+00 1.620455E+00 2.249142E-04
4.058287E+00 1.620550E+00 2.235897E-04
4.055071E+00 1.620645E+00 2.222768E-04
4.051861E+00 1.620740E+00 2.209753E-04
4.048655E+00 1.620835E+00 2.196853E-04
4.045455E+00 1.620929E+00 2.184067E-04
4.042259E+00 1.621023E+00 2.171394E-04
4.039069E+00 1.621117E+00 2.158834E-04
4.035884E+00 1.621211E+00 2.146385E-04
4.032704E+00 1.621304E+00 2.134049E-04
4.029527E+00 1.621397E+00 2.121824E-04
4.026357E+00 1.621490E+00 2.109709E-04
4.023191E+00 1.621582E+00 2.097704E-04
4.020031E+00 1.621674E+00 2.085809E-04
4.016876E+00 1.621766E+00 2.074022E-04
4.013725E+00 1.621858E+00 2.062344E-04
4.010580E+00 1.621949E+00 2.050773E-04
4.007439E+00 1.622041E+00 2.039309E-04
4.004304E+00 1.622132E+00 2.027951E-04
4.001173E+00 1.622222E+00 2.016699E-04
3.998047E+00 1.622313E+00 2.005552E-04
3.994926E+00 1.622403E+00 1.994509E-04
3.991810E+00 1.622493E+00 1.983570E-04
3.988698E+00 1.622582E+00 1.972733E-04
3.985591E+00 1.622672E+00 1.961999E-04
3.982490E+00 1.622761E+00 1.951366E-04
3.979393E+00 1.622850E+00 1.940834E-04
3.976301E+00 1.622939E+00 1.930401E-04
3.973214E+00 1.623027E+00 1.920067E-04
3.970132E+00 1.623115E+00 1.909832E-04
3.967054E+00 1.623203E+00 1.899693E-04
3.963982E+00 1.623291E+00 1.889651E-04
3.960914E+00 1.623378E+00 1.879704E-04
3.957850E+00 1.623465E+00 1.869852E-04
3.954792E+00 1.623552E+00 1.860094E-04
3.951738E+00 1.623639E+00 1.850428E-04
3.948688E+00 1.623726E+00 1.840853E-04
3.945643E+00 1.623812E+00 1.831370E-04
3.942604E+00 1.623898E+00 1.821975E-04
3.939569E+00 1.623983E+00 1.812669E-04
3.936538E+00 1.624069E+00 1.803451E-04
3.933513E+00 1.624154E+00 1.794319E-04
3.930492E+00 1.624239E+00 1.785272E-04
3.927475E+00 1.624324E+00 1.776309E-04
3.924463E+00 1.624409E+00 1.767428E-04
3.921456E+00 1.624493E+00 1.758630E-04
3.918454E+00 1.624577E+00 1.749911E-04
3.915456E+00 1.624661E+00 1.741272E-04
3.912461E+00 1.624745E+00 1.732711E-04
3.909472E+00 1.624828E+00 1.724226E-04
3.906488E+00 1.624911E+00 1.715816E-04
3.903508E+00 1.624994E+00 1.707480E-04
3.900533E+00 1.625077E+00 1.699217E-04
3.897563E+00 1.625159E+00 1.691025E-04
3.894597E+00 1.625242E+00 1.682903E-04
3.891635E+00 1.625324E+00 1.674850E-04
3.888678E+00 1.625406E+00 1.666863E-04
3.885725E+00 1.625487E+00 1.658942E-04
3.882777E+00 1.625569E+00 1.651085E-04
3.879834E+00 1.625650E+00 1.643291E-04
3.876895E+00 1.625731E+00 1.635558E-04
3.873958E+00 1.625811E+00 1.627884E-04
3.871028E+00 1.625892E+00 1.620269E-04
3.868102E+00 1.625972E+00 1.612710E-04
3.865181E+00 1.626052E+00 1.605207E-04
3.862264E+00 1.626132E+00 1.597758E-04
3.859351E+00 1.626212E+00 1.590360E-04
3.856443E+00 1.626291E+00 1.583013E-04
3.853539E+00 1.626370E+00 1.575715E-04
3.850640E+00 1.626449E+00 1.568465E-04
3.847745E+00 1.626528E+00 1.561261E-04
3.844854E+00 1.626607E+00 1.554101E-04
3.841968E+00 1.626685E+00 1.546983E-04
3.839085E+00 1.626763E+00 1.539908E-04
3.836206E+00 1.626841E+00 1.532872E-04
3.833333E+00 1.626919E+00 1.525874E-04
3.830464E+00 1.626996E+00 1.518913E-04
3.827599E+00 1.627074E+00 1.511987E-04
3.824738E+00 1.627151E+00 1.505095E-04
3.821882E+00 1.627228E+00 1.498235E-04
3.819030E+00 1.627304E+00 1.491405E-04
3.816182E+00 1.627381E+00 1.484605E-04
3.813339E+00 1.627457E+00 1.477832E-04
3.810499E+00 1.627533E+00 1.471086E-04
3.807664E+00 1.627609E+00 1.464364E-04
3.804833E+00 1.627685E+00 1.457665E-04
3.802005E+00 1.627760E+00 1.450988E-04
3.799183E+00 1.627835E+00 1.444332E-04
3.796365E+00 1.627911E+00 1.437695E-04
3.793550E+00 1.627985E+00 1.431075E-04
3.790741E+00 1.628060E+00 1.424472E-04
3.787935E+00 1.628135E+00 1.417883E-04
3.785133E+00 1.628209E+00 1.411308E-04
3.782336E+00 1.628283E+00 1.404746E-04
3.779542E+00 1.628357E+00 1.398194E-04
3.776753E+00 1.628430E+00 1.391652E-04
3.773968E+00 1.628504E+00 1.385119E-04
3.771187E+00 1.628577E+00 1.378593E-04
3.768410E+00 1.628650E+00 1.372074E-04
3.765636E+00 1.628723E+00 1.365559E-04
3.762867E+00 1.628796E+00 1.359049E-04
3.760102E+00 1.628869E+00 1.352541E-04
3.757342E+00 1.628941E+00 1.346035E-04
3.754585E+00 1.629013E+00 1.339530E-04
3.751833E+00 1.629085E+00 1.333025E-04
3.749084E+00 1.629157E+00 1.326518E-04
3.746340E+00 1.629229E+00 1.320009E-04
3.743599E+00 1.629300E+00 1.313497E-04
3.740863E+00 1.629371E+00 1.306981E-04
3.738131E+00 1.629442E+00 1.300461E-04
3.735402E+00 1.629513E+00 1.293934E-04
3.732676E+00 1.629584E+00 1.287402E-04
3.729956E+00 1.629654E+00 1.280862E-04
3.727239E+00 1.629725E+00 1.274314E-04
3.724527E+00 1.629795E+00 1.267758E-04
3.721818E+00 1.629865E+00 1.261192E-04
3.719113E+00 1.629935E+00 1.254617E-04
3.716412E+00 1.630004E+00 1.248031E-04
3.713716E+00 1.630074E+00 1.241434E-04
3.711023E+00 1.630143E+00 1.234826E-04
3.708334E+00 1.630212E+00 1.228205E-04
3.705648E+00 1.630281E+00 1.221572E-04
3.702967E+00 1.630350E+00 1.214927E-04
3.700290E+00 1.630418E+00 1.208268E-04
3.697615E+00 1.630487E+00 1.201595E-04
3.694945E+00 1.630555E+00 1.194909E-04
3.692280E+00 1.630623E+00 1.188208E-04
3.689618E+00 1.630691E+00 1.181493E-04
3.686959E+00 1.630759E+00 1.174763E-04
3.684305E+00 1.630826E+00 1.168018E-04
3.681655E+00 1.630894E+00 1.161258E-04
3.679008E+00 1.630961E+00 1.154483E-04
3.676365E+00 1.631028E+00 1.147692E-04
3.673726E+00 1.631095E+00 1.140887E-04
3.671091E+00 1.631161E+00 1.134065E-04
3.668459E+00 1.631228E+00 1.127229E-04
3.665832E+00 1.631294E+00 1.120377E-04
3.663206E+00 1.631361E+00 1.113509E-04
3.660586E+00 1.631427E+00 1.106626E-04
3.657970E+00 1.631493E+00 1.099728E-04
3.655357E+00 1.631558E+00 1.092815E-04
3.652748E+00 1.631624E+00 1.085888E-04
3.650143E+00 1.631689E+00 1.078945E-04
3.647541E+00 1.631755E+00 1.071988E-04
3.644943E+00 1.631820E+00 1.065016E-04
3.642349E+00 1.631885E+00 1.058031E-04
3.639759E+00 1.631949E+00 1.051032E-04
3.637172E+00 1.632014E+00 1.044020E-04
3.634589E+00 1.632078E+00 1.036994E-04
3.632008E+00 1.632143E+00 1.029956E-04
3.629432E+00 1.632207E+00 1.022905E-04
3.626860E+00 1.632271E+00 1.015843E-04
3.624291E+00 1.632335E+00 1.008768E-04
3.621727E+00 1.632399E+00 1.001683E-04
3.619165E+00 1.632462E+00 9.945875E-05
3.616608E+00 1.632525E+00 9.874816E-05
3.614054E+00 1.632589E+00 9.803661E-05
3.611503E+00 1.632652E+00 9.732414E-05
3.608957E+00 1.632715E+00 9.661081E-05
3.606413E+00 1.632778E+00 9.589667E-05
3.603874E+00 1.632840E+00 9.518179E-05
3.601338E+00 1.632903E+00 9.446622E-05
3.598804E+00 1.632965E+00 9.375002E-05
3.596275E+00 1.633027E+00 9.303324E-05
3.593750E+00 1.633089E+00 9.231596E-05
3.591228E+00 1.633151E+00 9.159824E-05
3.588709E+00 1.633213E+00 9.088013E-05
3.586195E+00 1.633275E+00 9.016172E-05
3.583683E+00 1.633336E+00 8.944306E-05
3.581176E+00 1.633398E+00 8.872421E-05
3.578672E+00 1.633459E+00 8.800526E-05
3.576171E+00 1.633520E+00 8.728627E-05
3.573674E+00 1.633581E+00 8.656732E-05
3.571180E+00 1.633641E+00 8.584846E-05
3.568690E+00 1.633702E+00 8.512978E-05
3.566202E+00 1.633763E+00 8.441135E-05
3.563718E+00 1.633823E+00 8.369325E-05
3.561238E+00 1.633883E+00 8.297554E-05
3.558762E+00 1.633943E+00 8.225830E-05
3.556289E+00 1.634003E+00 8.154160E-05
3.553819E+00 1.634063E+00 8.082553E-05
3.551353E+00 1.634123E+00 8.011016E-05
3.548891E+00 1.634182E+00 7.939556E-05
3.546431E+00 1.634241E+00 7.868181E-05
3.543975E+00 1.634301E+00 7.796899E-05
3.541523E+00 1.634360E+00 7.725717E-05
3.539074E+00 1.634419E+00 7.654644E-05
3.536627E+00 1.634478E+00 7.583686E-05
3.534185E+00 1.634536E+00 7.512851E-05
3.531746E+00 1.634595E+00 7.442148E-05
3.529310E+00 1.634653E+00 7.371583E-05
3.526878E+00 1.634712E+00 7.301165E-05
3.524449E+00 1.634770E+00 7.230901E-05
3.522023E+00 1.634828E+00 7.160799E-05
3.519601E+00 1.634886E+00 7.090866E-05
3.517182E+00 1.634944E+00 7.021109E-05
3.514767E+00 1.635001E+00 6.951537E-05
3.512355E+00 1.635059E+00 6.882156E-05
3.509946E+00 1.635116E+00 6.812975E-05
3.507540E+00 1.635174E+00 6.744000E-05
3.505136E+00 1.635231E+00 6.675239E-05
3.502737E+00 1.635288E+00 6.606699E-05
3.500342E+00 1.635345E+00 6.538387E-05
3.497949E+00 1.635401E+00 6.470310E-05
3.495560E+00 1.635458E+00 6.402476E-05
3.493174E+00 1.635514E+00 6.334891E-05
3.490791E+00 1.635571E+00 6.267562E-05
3.488412E+00 1.635627E+00 6.200497E-05
3.486036E+00 1.635683E+00 6.133701E-05
3.483663E+00 1.635739E+00 6.067182E-05
3.481293E+00 1.635795E+00 6.000945E-05
3.478926E+00 1.635851E+00 5.934998E-05
3.476563E+00 1.635906E+00 5.869347E-05
3.474202E+00 1.635962E+00 5.803999E-05
3.471845E+00 1.636017E+00 5.738958E-05
3.469491E+00 1.636073E+00 5.674232E-05
3.467141E+00 1.636128E+00 5.609827E-05
3.464793E+00 1.636183E+00 5.545747E-05
3.462449E+00 1.636238E+00 5.482000E-05
3.460108E+00 1.636292E+00 5.418591E-05
3.457770E+00 1.636347E+00 5.355525E-05
3.455436E+00 1.636402E+00 5.292808E-05
3.453104E+00 1.636456E+00 5.230445E-05
3.450776E+00 1.636510E+00 5.168441E-05
3.448451E+00 1.636564E+00 5.106802E-05
3.446127E+00 1.636618E+00 5.045532E-05
3.443808E+00 1.636672E+00 4.984636E-05
3.441493E+00 1.636726E+00 4.924120E-05
3.439180E+00 1.636780E+00 4.863987E-05
3.436870E+00 1.636833E+00 4.804242E-05
3.434564E+00 1.636887E+00 4.744890E-05
3.432260E+00 1.636940E+00 4.685935E-05
3.429960E+00 1.636993E+00 4.627380E-05
3.427663E+00 1.637047E+00 4.569230E-05
3.425368E+00 1.637100E+00 4.511489E-05
3.423077E+00 1.637152E+00 4.454161E-05
3.420789E+00 1.637205E+00 4.397248E-05
3.418504E+00 1.637258E+00 4.340756E-05
3.416221E+00 1.637310E+00 4.284686E-05
3.413942E+00 1.637363E+00 4.229042E-05
3.411666E+00 1.637415E+00 4.173828E-05
3.409393E+00 1.637467E+00 4.119046E-05
3.407124E+00 1.637519E+00 4.064699E-05
3.404857E+00 1.637571E+00 4.010789E-05
3.402593E+00 1.637623E+00 3.957321E-05
3.400332E+00 1.637675E+00 3.904295E-05
3.398075E+00 1.637727E+00 3.851714E-05
3.395820E+00 1.637778E+00 3.799580E-05
3.393568E+00 1.637829E+00 3.747896E-05
3.391319E+00 1.637881E+00 3.696664E-05
3.389072E+00 1.637932E+00 3.645884E-05
3.386829E+00 1.637983E+00 3.595560E-05
3.384590E+00 1.638034E+00 3.545692E-05
3.382353E+00 1.638085E+00 3.496282E-05
3.380119E+00 1.638135E+00 3.447331E-05
3.377888E+00 1.638186E+00 3.398840E-05
3.375660E+00 1.638237E+00 3.350811E-05
3.373434E+00 1.638287E+00 3.303245E-05
3.371212E+00 1.638337E+00 3.256142E-05
3.368993E+00 1.638387E+00 3.209503E-05
3.366777E+00 1.638438E+00 3.163328E-05
3.364563E+00 1.638487E+00 3.117619E-05
3.362353E+00 1.638537E+00 3.072375E-05
3.360144E+00 1.638587E+00 3.027597E-05
3.357939E+00 1.638637E+00 2.983285E-05
3.355737E+00 1.638686E+00 2.939438E-05
3.353538E+00 1.638736E+00 2.896058E-05
3.351342E+00 1.638785E+00 2.853143E-05
3.349149E+00 1.638834E+00 2.810694E-05
3.346959E+00 1.638883E+00 2.768709E-05
3.344771E+00 1.638932E+00 2.727189E-05
3.342587E+00 1.638981E+00 2.686133E-05
3.340405E+00 1.639030E+00 2.645540E-05
3.338226E+00 1.639079E+00 2.605410E-05
3.336050E+00 1.639127E+00 2.565740E-05
3.333877E+00 1.639176E+00 2.526532E-05
3.331705E+00 1.639224E+00 2.487782E-05
3.329538E+00 1.639272E+00 2.449491E-05
3.327373E+00 1.639321E+00 2.411657E-05
3.325211E+00 1.639369E+00 2.374278E-05
3.323052E+00 1.639417E+00 2.337353E-05
3.320895E+00 1.639464E+00 2.300881E-05
3.318742E+00 1.639512E+00 2.264860E-05
3.316591E+00 1.639560E+00 2.229288E-05
3.314443E+00 1.639607E+00 2.194163E-05
3.312298E+00 1.639655E+00 2.159484E-05
3.310156E+00 1.639702E+00 2.125248E-05
3.308016E+00 1.639749E+00 2.091454E-05
3.305878E+00 1.639797E+00 2.058099E-05
3.303744E+00 1.639844E+00 2.025182E-05
3.301613E+00 1.639891E+00 1.992700E-05
3.299484E+00 1.639937E+00 1.960650E-05
3.297358E+00 1.639984E+00 1.929031E-05
3.295235E+00 1.640031E+00 1.897840E-05
3.293115E+00 1.640077E+00 1.867074E-05
3.290997E+00 1.640124E+00 1.836732E-05
3.288882E+00 1.640170E+00 1.806809E-05
3.286770E+00 1.640216E+00 1.777304E-05
3.284660E+00 1.640262E+00 1.748214E-05
3.282553E+00 1.640309E+00 1.719536E-05
3.280449E+00 1.640354E+00 1.691268E-05
3.278347E+00 1.640400E+00 1.663406E-05
3.276248E+00 1.640446E+00 1.635947E-05
3.274152E+00 1.640492E+00 1.608889E-05
3.272059E+00 1.640537E+00 1.582228E-05
3.269968E+00 1.640583E+00 1.555962E-05
3.267880E+00 1.640628E+00 1.530087E-05
3.265795E+00 1.640673E+00 1.504600E-05
3.263712E+00 1.640719E+00 1.479498E-05
3.261632E+00 1.640764E+00 1.454778E-05
3.259554E+00 1.640809E+00 1.430436E-05
3.257480E+00 1.640853E+00 1.406470E-05
3.255408E+00 1.640898E+00 1.382876E-05
3.253338E+00 1.640943E+00 1.359650E-05
3.251270E+00 1.640988E+00 1.336789E-05
3.249206E+00 1.641032E+00 1.314291E-05
3.247144E+00 1.641076E+00 1.292150E-05
3.245085E+00 1.641121E+00 1.270365E-05
3.243029E+00 1.641165E+00 1.248931E-05
3.240975E+00 1.641209E+00 1.227846E-05
3.238924E+00 1.641253E+00 1.207104E-05
3.236876E+00 1.641297E+00 1.186704E-05
3.234830E+00 1.641341E+00 1.166642E-05
3.232786E+00 1.641385E+00 1.146913E-05
3.230745E+00 1.641428E+00 1.127515E-05
3.228707E+00 1.641472E+00 1.108443E-05
3.226670E+00 1.641515E+00 1.089695E-05
3.224637E+00 1.641559E+00 1.071267E-05
3.222607E+00 1.641602E+00 1.053154E-05
3.220579E+00 1.641645E+00 1.035355E-05
3.218553E+00 1.641688E+00 1.017864E-05
3.216530E+00 1.641731E+00 1.000678E-05
3.214510E+00 1.641774E+00 9.837944E-06
3.212492E+00 1.641817E+00 9.672088E-06
3.210477E+00 1.641860E+00 9.509177E-06
3.208464E+00 1.641903E+00 9.349176E-06
3.206454E+00 1.641945E+00 9.192048E-06
3.204446E+00 1.641988E+00 9.037758E-06
3.202441E+00 1.642030E+00 8.886270E-06
3.200437E+00 1.642072E+00 8.737548E-06
3.198437E+00 1.642115E+00 8.591556E-06
3.196439E+00 1.642157E+00 8.448260E-06
3.194444E+00 1.642199E+00 8.307623E-06
3.192452E+00 1.642241E+00 8.169611E-06
3.190461E+00 1.642283E+00 8.034187E-06
3.188474E+00 1.642324E+00 7.901317E-06
3.186488E+00 1.642366E+00 7.770966E-06
3.184505E+00 1.642408E+00 7.643100E-06
3.182525E+00 1.642449E+00 7.517682E-06
3.180547E+00 1.642491E+00 7.394680E-06
3.178572E+00 1.642532E+00 7.274058E-06
3.176599E+00 1.642573E+00 7.155783E-06
3.174627E+00 1.642614E+00 7.039820E-06
3.172659E+00 1.642655E+00 6.926136E-06
3.170694E+00 1.642696E+00 6.814697E-06
3.168730E+00 1.642737E+00 6.705469E-06
3.166770E+00 1.642778E+00 6.598421E-06
3.164811E+00 1.642819E+00 6.493517E-06
3.162855E+00 1.642860E+00 6.390727E-06
3.160902E+00 1.642900E+00 6.290018E-06
3.158951E+00 1.642941E+00 6.191356E-06
3.157002E+00 1.642981E+00 6.094711E-06
3.155056E+00 1.643021E+00 6.000050E-06
3.153112E+00 1.643062E+00 5.907342E-06
3.151169E+00 1.643102E+00 5.816556E-06
3.149230E+00 1.643142E+00 5.727660E-06
3.147294E+00 1.643182E+00 5.640625E-06
3.145359E+00 1.643222E+00 5.555419E-06
3.143427E+00 1.643262E+00 5.472013E-06
3.141498E+00 1.643301E+00 5.390376E-06
3.139571E+00 1.643341E+00 5.310479E-06
3.137646E+00 1.643381E+00 5.232292E-06
3.135723E+00 1.643420E+00 5.155787E-06
3.133803E+00 1.643460E+00 5.080935E-06
3.131885E+00 1.643499E+00 5.007707E-06
3.129970E+00 1.643538E+00 4.936075E-06
3.128057E+00 1.643577E+00 4.866011E-06
3.126145E+00 1.643616E+00 4.797488E-06
3.124237E+00 1.643655E+00 4.730478E-06
3.122330E+00 1.643694E+00 4.664955E-06
3.120427E+00 1.643733E+00 4.600891E-06
3.118525E+00 1.643772E+00 4.538261E-06
3.116626E+00 1.643811E+00 4.477038E-06
3.114729E+00 1.643849E+00 4.417197E-06
3.112835E+00 1.643888E+00 4.358711E-06
3.110942E+00 1.643926E+00 4.301557E-06
3.109053E+00 1.643965E+00 4.245709E-06
3.107165E+00 1.644003E+00 4.191142E-06
3.105280E+00 1.644041E+00 4.137833E-06
3.103396E+00 1.644079E+00 4.085758E-06
3.101515E+00 1.644118E+00 4.034892E-06
3.099636E+00 1.644156E+00 3.985213E-06
3.097760E+00 1.644193E+00 3.936698E-06
3.095886E+00 1.644231E+00 3.889324E-06
3.094014E+00 1.644269E+00 3.843069E-06
3.092145E+00 1.644307E+00 3.797911E-06
3.090278E+00 1.644344E+00 3.753827E-06
3.088413E+00 1.644382E+00 3.710797E-06
3.086550E+00 1.644419E+00 3.668800E-06
3.084690E+00 1.644457E+00 3.627814E-06
3.082832E+00 1.644494E+00 3.587819E-06
3.080976E+00 1.644531E+00 3.548796E-06
3.079121E+00 1.644568E+00 3.510723E-06
3.077270E+00 1.644606E+00 3.473582E-06
3.075420E+00 1.644643E+00 3.437353E-06
3.073573E+00 1.644680E+00 3.402018E-06
3.071729E+00 1.644716E+00 3.367557E-06
3.069886E+00 1.644753E+00 3.333952E-06
3.068046E+00 1.644790E+00 3.301185E-06
3.066207E+00 1.644827E+00 3.269238E-06
3.064371E+00 1.644863E+00 3.238094E-06
3.062538E+00 1.644900E+00 3.207735E-06
3.060706E+00 1.644936E+00 3.178144E-06
3.058877E+00 1.644972E+00 3.149305E-06
3.057049E+00 1.645009E+00 3.121202E-06
3.055223E+00 1.645045E+00 3.093817E-06
3.053401E+00 1.645081E+00 3.067136E-06
3.051580E+00 1.645117E+00 3.041143E-06
3.049761E+00 1.645153E+00 3.015822E-06
3.047945E+00 1.645189E+00 2.991158E-06
3.046131E+00 1.645225E+00 2.967137E-06
3.044319E+00 1.645261E+00 2.943744E-06
3.042509E+00 1.645296E+00 2.920965E-06
3.040701E+00 1.645332E+00 2.898786E-06
3.038896E+00 1.645368E+00 2.877193E-06
3.037092E+00 1.645403E+00 2.856172E-06
3.035291E+00 1.645439E+00 2.835711E-06
3.033491E+00 1.645474E+00 2.815796E-06
3.031694E+00 1.645509E+00 2.796414E-06
3.029899E+00 1.645544E+00 2.777554E-06
3.028106E+00 1.645580E+00 2.759202E-06
3.026316E+00 1.645615E+00 2.741347E-06
3.024527E+00 1.645650E+00 2.723977E-06
3.022741E+00 1.645685E+00 2.707080E-06
3.020956E+00 1.645720E+00 2.690645E-06
3.019174E+00 1.645754E+00 2.674661E-06
3.017394E+00 1.645789E+00 2.659117E-06
3.015616E+00 1.645824E+00 2.644002E-06
3.013840E+00 1.645858E+00 2.629305E-06
3.012066E+00 1.645893E+00 2.615018E-06
3.010294E+00 1.645927E+00 2.601128E-06
3.008524E+00 1.645962E+00 2.587627E-06
3.006756E+00 1.645996E+00 2.574505E-06
3.004991E+00 1.646030E+00 2.561753E-06
3.003228E+00 1.646065E+00 2.549360E-06
3.001466E+00 1.646099E+00 2.537319E-06
2.999707E+00 1.646133E+00 2.525620E-06
2.997950E+00 1.646167E+00 2.514255E-06
2.996195E+00 1.646201E+00 2.503214E-06
2.994441E+00 1.646235E+00 2.492490E-06
2.992690E+00 1.646268E+00 2.482075E-06
2.990941E+00 1.646302E+00 2.471961E-06
2.989194E+00 1.646336E+00 2.462139E-06
2.987449E+00 1.646369E+00 2.452603E-06
2.985706E+00 1.646403E+00 2.443344E-06
2.983965E+00 1.646437E+00 2.434356E-06
2.982226E+00 1.646470E+00 2.425632E-06
2.980489E+00 1.646503E+00 2.417164E-06
2.978754E+00 1.646537E+00 2.408945E-06
2.977022E+00 1.646570E+00 2.400970E-06
2.975291E+00 1.646603E+00 2.393231E-06
2.973562E+00 1.646636E+00 2.385722E-06
2.971835E+00 1.646669E+00 2.378437E-06
2.970111E+00 1.646702E+00 2.371370E-06
2.968388E+00 1.646735E+00 2.364515E-06
2.966666E+00 1.646768E+00 2.357866E-06
2.964948E+00 1.646801E+00 2.351418E-06
2.963231E+00 1.646833E+00 2.345165E-06
2.961516E+00 1.646866E+00 2.339102E-06
2.959803E+00 1.646899E+00 2.333223E-06
2.958092E+00 1.646931E+00 2.327523E-06
2.956384E+00 1.646964E+00 2.321998E-06
2.954677E+00 1.646996E+00 2.316643E-06
2.952972E+00 1.647028E+00 2.311452E-06
2.951269E+00 1.647061E+00 2.306421E-06
2.949568E+00 1.647093E+00 2.301546E-06
2.947869E+00 1.647125E+00 2.296821E-06
2.946172E+00 1.647157E+00 2.292244E-06
2.944476E+00 1.647189E+00 2.287810E-06
2.942783E+00 1.647221E+00 2.283514E-06
2.941092E+00 1.647253E+00 2.279352E-06
2.939402E+00 1.647285E+00 2.275321E-06
2.937715E+00 1.647317E+00 2.271418E-06
2.936030E+00 1.647349E+00 2.267637E-06
2.934346E+00 1.647380E+00 2.263976E-06
2.932665E+00 1.647412E+00 2.260431E-06
2.930985E+00 1.647443E+00 2.256999E-06
2.929308E+00 1.647475E+00 2.253677E-06
2.927632E+00 1.647506E+00 2.250460E-06
2.925958E+00 1.647538E+00 2.247347E-06
2.924286E+00 1.647569E+00 2.244333E-06
2.922615E+00 1.647600E+00 2.241417E-06
2.920947E+00 1.647632E+00 2.238594E-06
2.919281E+00 1.647663E+00 2.235863E-06
2.917617E+00 1.647694E+00 2.233220E-06
2.915954E+00 1.647725E+00 2.230663E-06
2.914294E+00 1.647756E+00 2.228190E-06
2.912635E+00 1.647787E+00 2.225797E-06
2.910978E+00 1.647818E+00 2.223482E-06
2.909324E+00 1.647848E+00 2.221243E-06
2.907671E+00 1.647879E+00 2.219078E-06
2.906020E+00 1.647910E+00 2.216983E-06
2.904370E+00 1.647940E+00 2.214958E-06
2.902722E+00 1.647971E+00 2.213000E-06
2.901077E+00 1.648002E+00 2.211106E-06
2.899433E+00 1.648032E+00 2.209275E-06
2.897791E+00 1.648062E+00 2.207505E-06
2.896152E+00 1.648093E+00 2.205794E-06
2.894514E+00 1.648123E+00 2.204140E-06
2.892877E+00 1.648153E+00 2.202541E-06
2.891243E+00 1.648183E+00 2.200996E-06
2.889611E+00 1.648214E+00 2.199503E-06
2.887980E+00 1.648244E+00 2.198059E-06
2.886351E+00 1.648274E+00 2.196664E-06
2.884724E+00 1.648304E+00 2.195316E-06
2.883099E+00 1.648334E+00 2.194014E-06
2.881475E+00 1.648363E+00 2.192755E-06
2.879853E+00 1.648393E+00 2.191539E-06
2.878234E+00 1.648423E+00 2.190364E-06
2.876616E+00 1.648453E+00 2.189229E-06
2.875000E+00 1.648482E+00 2.188133E-06
2.873386E+00 1.648512E+00 2.187074E-06
2.871773E+00 1.648541E+00 2.186051E-06
2.870163E+00 1.648571E+00 2.185062E-06
2.868554E+00 1.648600E+00 2.184108E-06
2.866947E+00 1.648630E+00 2.183186E-06
2.865342E+00 1.648659E+00 2.182295E-06
2.863738E+00 1.648688E+00 2.181435E-06
2.862136E+00 1.648717E+00 2.180605E-06
2.860536E+00 1.648746E+00 2.179803E-06
2.858938E+00 1.648776E+00 2.179028E-06
2.857342E+00 1.648805E+00 2.178280E-06
2.855748E+00 1.648834E+00 2.177557E-06
2.854155E+00 1.648863E+00 2.176860E-06
2.852564E+00 1.648891E+00 2.176186E-06
2.850975E+00 1.648920E+00 2.175536E-06
2.849388E+00 1.648949E+00 2.174907E-06
2.847802E+00 1.648978E+00 2.174301E-06
2.846218E+00 1.649006E+00 2.173715E-06
2.844636E+00 1.649035E+00 2.173149E-06
2.843056E+00 1.649064E+00 2.172603E-06
2.841477E+00 1.649092E+00 2.172075E-06
2.839900E+00 1.649121E+00 2.171566E-06
2.838325E+00 1.649149E+00 2.171074E-06
2.836751E+00 1.649177E+00 2.170599E-06
2.835180E+00 1.649206E+00 2.170140E-06
2.833610E+00 1.649234E+00 2.169697E-06
2.832042E+00 1.649262E+00 2.169269E-06
2.830476E+00 1.649290E+00 2.168856E-06
2.828911E+00 1.649318E+00 2.168456E-06
2.827348E+00 1.649346E+00 2.168071E-06
2.825787E+00 1.649374E+00 2.167698E-06
2.824228E+00 1.649402E+00 2.167338E-06
2.822670E+00 1.649430E+00 2.166990E-06
2.821113E+00 1.649458E+00 2.166654E-06
2.819559E+00 1.649486E+00 2.166330E-06
2.818006E+00 1.649514E+00 2.166016E-06
2.816456E+00 1.649541E+00 2.165713E-06
2.814906E+00 1.649569E+00 2.165420E-06
2.813359E+00 1.649597E+00 2.165136E-06
2.811813E+00 1.649624E+00 2.164862E-06
2.810269E+00 1.649652E+00 2.164598E-06
2.808727E+00 1.649679E+00 2.164341E-06
2.807186E+00 1.649707E+00 2.164094E-06
2.805647E+00 1.649734E+00 2.163854E-06
2.804110E+00 1.649761E+00 2.163623E-06
2.802574E+00 1.649789E+00 2.163399E-06
2.801040E+00 1.649816E+00 2.163182E-06
2.799507E+00 1.649843E+00 2.162972E-06
2.797977E+00 1.649870E+00 2.162769E-06
2.796448E+00 1.649897E+00 2.162572E-06
2.794921E+00 1.649924E+00 2.162381E-06
2.793395E+00 1.649951E+00 2.162197E-06
2.791871E+00 1.649978E+00 2.162018E-06
2.790349E+00 1.650005E+00 2.161845E-06
2.788829E+00 1.650032E+00 2.161677E-06
2.787310E+00 1.650059E+00 2.161515E-06
2.785792E+00 1.650085E+00 2.161357E-06
2.784277E+00 1.650112E+00 2.161204E-06
2.782762E+00 1.650139E+00 2.161056E-06
2.781250E+00 1.650165E+00 2.160912E-06
2.779739E+00 1.650192E+00 2.160772E-06
2.778230E+00 1.650218E+00 2.160637E-06
2.776723E+00 1.650245E+00 2.160505E-06
2.775217E+00 1.650271E+00 2.160377E-06
2.773713E+00 1.650298E+00 2.160253E-06
2.772210E+00 1.650324E+00 2.160132E-06
2.770709E+00 1.650350E+00 2.160015E-06
2.769210E+00 1.650376E+00 2.159900E-06
2.767713E+00 1.650403E+00 2.159789E-06
2.766217E+00 1.650429E+00 2.159681E-06
2.764722E+00 1.650455E+00 2.159576E-06
2.763229E+00 1.650481E+00 2.159474E-06
2.761737E+00 1.650507E+00 2.159374E-06
2.760248E+00 1.650533E+00 2.159277E-06
2.758760E+00 1.650559E+00 2.159182E-06
2.757274E+00 1.650585E+00 2.159089E-06
2.755789E+00 1.650610E+00 2.158999E-06
2.754306E+00 1.650636E+00 2.158911E-06
2.752824E+00 1.650662E+00 2.158825E-06
2.751344E+00 1.650688E+00 2.158741E-06
2.749866E+00 1.650713E+00 2.158659E-06
2.748389E+00 1.650739E+00 2.158579E-06
2.746914E+00 1.650764E+00 2.158501E-06
2.745440E+00 1.650790E+00 2.158424E-06
2.743968E+00 1.650815E+00 2.158349E-06
2.742497E+00 1.650841E+00 2.158276E-06
2.741028E+00 1.650866E+00 2.158204E-06
2.739561E+00 1.650892E+00 2.158133E-06
2.738095E+00 1.650917E+00 2.158064E-06
2.736631E+00 1.650942E+00 2.157996E-06
2.735168E+00 1.650967E+00 2.157930E-06
2.733707E+00 1.650992E+00 2.157864E-06
2.732248E+00 1.651018E+00 2.157800E-06
2.730790E+00 1.651043E+00 2.157738E-06
2.729334E+00 1.651068E+00 2.157676E-06
2.727879E+00 1.651093E+00 2.157615E-06
2.726425E+00 1.651118E+00 2.157555E-06
2.724973E+00 1.651142E+00 2.157496E-06
2.723523E+00 1.651167E+00 2.157438E-06
2.722074E+00 1.651192E+00 2.157382E-06
2.720627E+00 1.651217E+00 2.157325E-06
2.719182E+00 1.651242E+00 2.157270E-06
2.717738E+00 1.651266E+00 2.157216E-06
2.716295E+00 1.651291E+00 2.157162E-06
2.714854E+00 1.651316E+00 2.157109E-06
2.713415E+00 1.651340E+00 2.157057E-06
2.711977E+00 1.651365E+00 2.157005E-06
2.710541E+00 1.651389E+00 2.156954E-06
2.709106E+00 1.651413E+00 2.156904E-06
2.707672E+00 1.651438E+00 2.156854E-06
2.706240E+00 1.651462E+00 2.156805E-06
2.704810E+00 1.651487E+00 2.156756E-06
2.703381E+00 1.651511E+00 2.156708E-06
2.701953E+00 1.651535E+00 2.156660E-06
2.700528E+00 1.651559E+00 2.156613E-06
2.699103E+00 1.651583E+00 2.156566E-06
2.697681E+00 1.651607E+00 2.156520E-06
2.696259E+00 1.651632E+00 2.156474E-06
2.694840E+00 1.651656E+00 2.156429E-06
2.693421E+00 1.651680E+00 2.156384E-06
2.692005E+00 1.651703E+00 2.156339E-06
2.690589E+00 1.651727E+00 2.156295E-06
2.689175E+00 1.651751E+00 2.156251E-06
2.687762E+00 1.651775E+00 2.156208E-06
2.686352E+00 1.651799E+00 2.156165E-06
2.684942E+00 1.651823E+00 2.156122E-06
2.683534E+00 1.651846E+00 2.156079E-06
2.682128E+00 1.651870E+00 2.156037E-06
2.680723E+00 1.651894E+00 2.155995E-06
2.679319E+00 1.651917E+00 2.155953E-06
2.677917E+00 1.651941E+00 2.155912E-06
2.676517E+00 1.651964E+00 2.155870E-06
2.675118E+00 1.651988E+00 2.155829E-06
2.673720E+00 1.652011E+00 2.155789E-06
2.672323E+00 1.652034E+00 2.155748E-06
2.670929E+00 1.652058E+00 2.155708E-06
2.669536E+00 1.652081E+00 2.155668E-06
2.668144E+00 1.652104E+00 2.155628E-06
2.666753E+00 1.652128E+00 2.155588E-06
2.665365E+00 1.652151E+00 2.155549E-06
2.663977E+00 1.652174E+00 2.155509E-06
2.662591E+00 1.652197E+00 2.155470E-06
2.661207E+00 1.652220E+00 2.155431E-06
2.659823E+00 1.652243E+00 2.155392E-06
2.658442E+00 1.652266E+00 2.155354E-06
2.657062E+00 1.652289E+00 2.155315E-06
2.655682E+00 1.652312E+00 2.155277E-06
2.654305E+00 1.652335E+00 2.155239E-06
2.652929E+00 1.652358E+00 2.155201E-06
2.651554E+00 1.652380E+00 2.155163E-06
2.650181E+00 1.652403E+00 2.155125E-06
2.648809E+00 1.652426E+00 2.155087E-06
2.647439E+00 1.652449E+00 2.155049E-06
2.646070E+00 1.652471E+00 2.155012E-06
2.644703E+00 1.652494E+00 2.154975E-06
2.643337E+00 1.652516E+00 2.154937E-06
2.641972E+00 1.652539E+00 2.154900E-06
2.640609E+00 1.652561E+00 2.154863E-06
2.639247E+00 1.652584E+00 2.154826E-06
2.637886E+00 1.652606E+00 2.154790E-06
2.636527E+00 1.652629E+00 2.154753E-06
2.635170E+00 1.652651E+00 2.154716E-06
2.633814E+00 1.652673E+00 2.154680E-06
2.632459E+00 1.652696E+00 2.154643E-06
2.631105E+00 1.652718E+00 2.154607E-06
2.629753E+00 1.652740E+00 2.154571E-06
2.628403E+00 1.652762E+00 2.154535E-06
2.627054E+00 1.652784E+00 2.154499E-06
2.625706E+00 1.652807E+00 2.154463E-06
2.624359E+00 1.652829E+00 2.154427E-06
2.623014E+00 1.652851E+00 2.154391E-06
2.621670E+00 1.652873E+00 2.154355E-06
2.620327E+00 1.652895E+00 2.154319E-06
2.618986E+00 1.652917E+00 2.154284E-06
2.617647E+00 1.652938E+00 2.154248E-06
2.616309E+00 1.652960E+00 2.154213E-06
2.614972E+00 1.652982E+00 2.154177E-06
2.613636E+00 1.653004E+00 2.154142E-06
2.612302E+00 1.653026E+00 2.154107E-06
2.610969E+00 1.653047E+00 2.154071E-06
2.609638E+00 1.653069E+00 2.154036E-06
2.608308E+00 1.653091E+00 2.154001E-06
2.606979E+00 1.653112E+00 2.153966E-06
2.605652E+00 1.653134E+00 2.153931E-06
2.604325E+00 1.653155E+00 2.153896E-06
2.603001E+00 1.653177E+00 2.153861E-06
2.601677E+00 1.653198E+00 2.153826E-06
2.600356E+00 1.653220E+00 2.153792E-06
2.599035E+00 1.653241E+00 2.153757E-06
2.597716E+00 1.653262E+00 2.153722E-06
2.596398E+00 1.653284E+00 2.153688E-06
2.595081E+00 1.653305E+00 2.153653E-06
2.593766E+00 1.653326E+00 2.153619E-06
2.592452E+00 1.653347E+00 2.153584E-06
2.591139E+00 1.653369E+00 2.153550E-06
2.589828E+00 1.653390E+00 2.153516E-06
2.588518E+00 1.653411E+00 2.153481E-06
2.587209E+00 1.653432E+00 2.153447E-06
2.585902E+00 1.653453E+00 2.153413E-06
2.584596E+00 1.653474E+00 2.153379E-06
2.583291E+00 1.653495E+00 2.153345E-06
2.581988E+00 1.653516E+00 2.153311E-06
2.580686E+00 1.653537E+00 2.153277E-06
2.579385E+00 1.653558E+00 2.153243E-06
2.578086E+00 1.653578E+00 2.153209E-06
2.576788E+00 1.653599E+00 2.153175E-06
2.575491E+00 1.653620E+00 2.153141E-06
2.574195E+00 1.653641E+00 2.153107E-06
2.572901E+00 1.653661E+00 2.153074E-06
2.571608E+00 1.653682E+00 2.153040E-06
2.570316E+00 1.653703E+00 2.153007E-06
2.569026E+00 1.653723E+00 2.152973E-06
2.567737E+00 1.653744E+00 2.152939E-06
2.566449E+00 1.653764E+00 2.152906E-06
2.565163E+00 1.653785E+00 2.152873E-06
2.563878E+00 1.653805E+00 2.152839E-06
2.562594E+00 1.653826E+00 2.152806E-06
2.561311E+00 1.653846E+00 2.152772E-06
2.560030E+00 1.653867E+00 2.152739E-06
2.558750E+00 1.653887E+00 2.152706E-06
2.557471E+00 1.653907E+00 2.152673E-06
2.556194E+00 1.653928E+00 2.152640E-06
2.554917E+00 1.653948E+00 2.152607E-06
2.553642E+00 1.653968E+00 2.152574E-06
2.552369E+00 1.653988E+00 2.152541E-06
2.551097E+00 1.654008E+00 2.152508E-06
2.549826E+00 1.654029E+00 2.152475E-06
2.548556E+00 1.654049E+00 2.152442E-06
2.547287E+00 1.654069E+00 2.152409E-06
2.546020E+00 1.654089E+00 2.152376E-06
2.544754E+00 1.654109E+00 2.152343E-06
2.543489E+00 1.654129E+00 2.152311E-06
2.542226E+00 1.654149E+00 2.152278E-06
2.540964E+00 1.654168E+00 2.152245E-06
2.539703E+00 1.654188E+00 2.152213E-06
2.538442E+00 1.654208E+00 2.152180E-06
2.537184E+00 1.654228E+00 2.152148E-06
2.535926E+00 1.654248E+00 2.152115E-06
2.534670E+00 1.654267E+00 2.152083E-06
2.533416E+00 1.654287E+00 2.152050E-06
2.532162E+00 1.654307E+00 2.152018E-06
2.530910E+00 1.654326E+00 2.151986E-06
2.529659E+00 1.654346E+00 2.151953E-06
2.528409E+00 1.654366E+00 2.151921E-06
2.527161E+00 1.654385E+00 2.151889E-06
2.525913E+00 1.654405E+00 2.151857E-06
2.524667E+00 1.654424E+00 2.151824E-06
2.523422E+00 1.654444E+00 2.151792E-06
2.522178E+00 1.654463E+00 2.151760E-06
2.520936E+00 1.654483E+00 2.151728E-06
2.519695E+00 1.654502E+00 2.151696E-06
2.518455E+00 1.654521E+00 2.151664E-06
2.517216E+00 1.654541E+00 2.151632E-06
2.515978E+00 1.654560E+00 2.151601E-06
2.514742E+00 1.654579E+00 2.151569E-06
2.513507E+00 1.654598E+00 2.151537E-06
2.512273E+00 1.654617E+00 2.151505E-06
2.511040E+00 1.654637E+00 2.151473E-06
2.509809E+00 1.654656E+00 2.151442E-06
2.508579E+00 1.654675E+00 2.151410E-06
2.507349E+00 1.654694E+00 2.151378E-06
2.506121E+00 1.654713E+00 2.151347E-06
2.504895E+00 1.654732E+00 2.151315E-06
2.503669E+00 1.654751E+00 2.151284E-06
2.502445E+00 1.654770E+00 2.151252E-06
2.501222E+00 1.654789E+00 2.151221E-06
2.500000E+00 1.654808E+00 2.151189E-06
