5.117500E+03 2.721532E+00 6.998163E-03
2.558750E+03 2.721033E+00 1.397038E-02
1.705833E+03 2.720204E+00 2.089077E-02
1.279375E+03 2.719050E+00 2.773363E-02
1.023500E+03 2.717577E+00 3.447347E-02
8.529170E+02 2.715793E+00 4.108520E-02
7.310716E+02 2.713710E+00 4.754423E-02
6.396876E+02 2.711340E+00 5.382667E-02
5.686112E+02 2.708697E+00 5.990953E-02
5.117500E+02 2.705798E+00 6.577091E-02
4.652273E+02 2.702661E+00 7.139030E-02
4.264583E+02 2.699307E+00 7.674877E-02
3.936538E+02 2.695758E+00 8.182924E-02
3.655357E+02 2.692037E+00 8.661671E-02
3.411666E+02 2.688170E+00 9.109846E-02
3.198437E+02 2.684182E+00 9.526419E-02
3.010294E+02 2.680100E+00 9.910618E-02
2.843056E+02 2.675952E+00 1.026194E-01
2.693421E+02 2.671763E+00 1.058013E-01
2.558750E+02 2.667562E+00 1.086521E-01
2.436905E+02 2.663374E+00 1.111744E-01
2.326136E+02 2.659226E+00 1.133735E-01
2.225000E+02 2.655140E+00 1.152564E-01
2.132292E+02 2.651141E+00 1.168324E-01
2.047000E+02 2.647249E+00 1.181125E-01
1.968269E+02 2.643484E+00 1.191092E-01
1.895370E+02 2.639865E+00 1.198361E-01
1.827678E+02 2.636407E+00 1.203077E-01
1.764655E+02 2.633124E+00 1.205395E-01
1.705833E+02 2.630029E+00 1.205473E-01
1.650807E+02 2.627134E+00 1.203470E-01
1.599219E+02 2.624446E+00 1.199547E-01
1.550758E+02 2.621974E+00 1.193864E-01
1.505147E+02 2.619723E+00 1.186577E-01
1.462143E+02 2.617698E+00 1.177840E-01
1.421528E+02 2.615904E+00 1.167800E-01
1.383108E+02 2.614341E+00 1.156599E-01
1.346710E+02 2.613013E+00 1.144374E-01
1.312179E+02 2.611920E+00 1.131255E-01
1.279375E+02 2.611062E+00 1.117363E-01
1.248171E+02 2.610438E+00 1.102815E-01
1.218452E+02 2.610048E+00 1.087720E-01
1.190116E+02 2.609890E+00 1.072181E-01
1.163068E+02 2.609963E+00 1.056294E-01
1.137222E+02 2.610265E+00 1.040148E-01
1.112500E+02 2.610794E+00 1.023830E-01
1.088830E+02 2.611548E+00 1.007418E-01
1.066146E+02 2.612526E+00 9.909852E-02
1.044388E+02 2.613724E+00 9.746028E-02
1.023500E+02 2.615141E+00 9.583357E-02
1.003431E+02 2.616775E+00 9.422459E-02
9.841348E+01 2.618624E+00 9.263918E-02
9.655660E+01 2.620687E+00 9.108286E-02
9.476849E+01 2.622961E+00 8.956091E-02
9.304541E+01 2.625445E+00 8.807837E-02
9.138396E+01 2.628138E+00 8.664005E-02
8.978071E+01 2.631039E+00 8.525061E-02
8.823275E+01 2.634147E+00 8.391454E-02
8.673727E+01 2.637460E+00 8.263621E-02
8.529170E+01 2.640978E+00 8.141985E-02
8.389346E+01 2.644701E+00 8.026965E-02
8.254033E+01 2.648627E+00 7.918967E-02
8.123015E+01 2.652757E+00 7.818394E-02
7.996092E+01 2.657091E+00 7.725642E-02
7.873080E+01 2.661628E+00 7.641106E-02
7.753789E+01 2.666369E+00 7.565174E-02
7.638060E+01 2.671314E+00 7.498235E-02
7.525734E+01 2.676465E+00 7.440676E-02
7.416665E+01 2.681821E+00 7.392883E-02
7.310716E+01 2.687384E+00 7.355241E-02
7.207747E+01 2.693154E+00 7.328138E-02
7.107639E+01 2.699134E+00 7.311961E-02
7.010273E+01 2.705326E+00 7.307102E-02
6.915538E+01 2.711730E+00 7.313956E-02
6.823335E+01 2.718350E+00 7.332922E-02
6.733553E+01 2.725188E+00 7.364405E-02
6.646104E+01 2.732247E+00 7.408820E-02
6.560896E+01 2.739531E+00 7.466591E-02
6.477846E+01 2.747043E+00 7.538155E-02
6.396876E+01 2.754788E+00 7.623965E-02
6.317902E+01 2.762770E+00 7.724494E-02
6.240853E+01 2.770996E+00 7.840235E-02
6.165661E+01 2.779470E+00 7.971713E-02
6.092264E+01 2.788201E+00 8.119483E-02
6.020589E+01 2.797195E+00 8.284141E-02
5.950582E+01 2.806460E+00 8.466327E-02
5.882183E+01 2.816006E+00 8.666736E-02
5.815340E+01 2.825844E+00 8.886124E-02
5.750001E+01 2.835983E+00 9.125321E-02
5.686112E+01 2.846436E+00 9.385238E-02
5.623626E+01 2.857216E+00 9.666881E-02
5.562499E+01 2.868338E+00 9.971368E-02
5.502687E+01 2.879818E+00 1.029994E-01
5.444150E+01 2.891672E+00 1.065398E-01
5.386843E+01 2.903921E+00 1.103504E-01
5.330729E+01 2.916583E+00 1.144484E-01
5.275773E+01 2.929682E+00 1.188535E-01
5.221938E+01 2.943242E+00 1.235874E-01
5.169193E+01 2.957288E+00 1.286749E-01
5.117500E+01 2.971849E+00 1.341437E-01
5.066832E+01 2.986957E+00 1.400253E-01
5.017156E+01 3.002643E+00 1.463555E-01
4.968445E+01 3.018944E+00 1.531746E-01
4.920674E+01 3.035900E+00 1.605288E-01
4.873810E+01 3.053551E+00 1.684704E-01
4.827830E+01 3.071944E+00 1.770594E-01
4.782710E+01 3.091126E+00 1.863644E-01
4.738427E+01 3.111151E+00 1.964641E-01
4.694955E+01 3.132075E+00 2.074493E-01
4.652273E+01 3.153956E+00 2.194247E-01
4.610360E+01 3.176859E+00 2.325114E-01
4.569196E+01 3.200849E+00 2.468504E-01
4.528762E+01 3.225997E+00 2.626057E-01
4.489036E+01 3.252374E+00 2.799694E-01
4.450000E+01 3.280050E+00 2.991666E-01
4.411638E+01 3.309095E+00 3.204624E-01
4.373931E+01 3.339570E+00 3.441695E-01
4.336865E+01 3.371527E+00 3.706586E-01
4.300420E+01 3.404997E+00 4.003690E-01
4.264583E+01 3.439978E+00 4.338233E-01
4.229338E+01 3.476419E+00 4.716428E-01
4.194671E+01 3.514191E+00 5.145655E-01
4.160570E+01 3.553057E+00 5.634648E-01
4.127016E+01 3.592612E+00 6.193673E-01
4.094000E+01 3.632214E+00 6.834635E-01
4.061507E+01 3.670880E+00 7.571047E-01
4.029527E+01 3.707151E+00 8.417684E-01
3.998047E+01 3.738919E+00 9.389670E-01
3.967054E+01 3.763225E+00 1.050060E+00
3.936538E+01 3.776071E+00 1.175918E+00
3.906488E+01 3.772328E+00 1.316385E+00
3.876895E+01 3.745895E+00 1.469533E+00
3.847745E+01 3.690351E+00 1.630816E+00
3.819030E+01 3.600248E+00 1.792476E+00
3.790741E+01 3.472985E+00 1.943742E+00
3.762867E+01 3.310602E+00 2.072319E+00
3.735402E+01 3.120476E+00 2.167051E+00
3.708334E+01 2.914154E+00 2.220688E+00
3.681655E+01 2.704702E+00 2.231380E+00
3.655357E+01 2.503875E+00 2.202268E+00
3.629432E+01 2.320342E+00 2.139719E+00
3.603874E+01 2.159308E+00 2.051330E+00
3.578672E+01 2.023095E+00 1.944452E+00
3.553819E+01 1.912052E+00 1.825454E+00
3.529310E+01 1.825385E+00 1.699558E+00
3.505136E+01 1.761723E+00 1.570983E+00
3.481293E+01 1.719413E+00 1.443201E+00
3.457770E+01 1.696610E+00 1.319157E+00
3.434564E+01 1.691238E+00 1.201373E+00
3.411666E+01 1.700947E+00 1.091929E+00
3.389072E+01 1.723138E+00 9.923548E-01
3.366777E+01 1.755104E+00 9.035251E-01
3.344771E+01 1.794247E+00 8.256473E-01
3.323052E+01 1.838270E+00 7.583635E-01
3.301613E+01 1.885305E+00 7.009277E-01
3.280449E+01 1.933931E+00 6.523895E-01
3.259554E+01 1.983137E+00 6.117430E-01
3.238924E+01 2.032241E+00 5.780240E-01
3.218553E+01 2.080813E+00 5.503620E-01
3.198437E+01 2.128606E+00 5.280021E-01
3.178572E+01 2.175499E+00 5.103065E-01
3.158951E+01 2.221456E+00 4.967472E-01
3.139571E+01 2.266499E+00 4.868949E-01
3.120427E+01 2.310683E+00 4.804063E-01
3.101515E+01 2.354085E+00 4.770131E-01
3.082832E+01 2.396791E+00 4.765122E-01
3.064371E+01 2.438891E+00 4.787571E-01
3.046131E+01 2.480476E+00 4.836519E-01
3.028106E+01 2.521630E+00 4.911459E-01
3.010294E+01 2.562427E+00 5.012303E-01
2.992690E+01 2.602933E+00 5.139353E-01
2.975291E+01 2.643196E+00 5.293285E-01
2.958092E+01 2.683250E+00 5.475145E-01
2.941092E+01 2.723104E+00 5.686341E-01
2.924286E+01 2.762742E+00 5.928649E-01
2.907671E+01 2.802113E+00 6.204213E-01
2.891243E+01 2.841126E+00 6.515550E-01
2.875000E+01 2.879637E+00 6.865540E-01
2.858938E+01 2.917441E+00 7.257413E-01
2.843056E+01 2.954251E+00 7.694707E-01
2.827348E+01 2.989687E+00 8.181193E-01
2.811813E+01 3.023250E+00 8.720755E-01
2.796448E+01 3.054303E+00 9.317191E-01
2.781250E+01 3.082043E+00 9.973921E-01
2.766217E+01 3.105486E+00 1.069357E+00
2.751344E+01 3.123445E+00 1.147739E+00
2.736631E+01 3.134537E+00 1.232453E+00
2.722074E+01 3.137199E+00 1.323114E+00
2.707672E+01 3.129750E+00 1.418939E+00
2.693421E+01 3.110497E+00 1.518654E+00
2.679319E+01 3.077890E+00 1.620426E+00
2.665365E+01 3.030732E+00 1.721861E+00
2.651554E+01 2.968398E+00 1.820076E+00
2.637886E+01 2.891048E+00 1.911892E+00
2.624359E+01 2.799748E+00 1.994107E+00
2.610969E+01 2.696468E+00 2.063840E+00
2.597716E+01 2.583928E+00 2.118837E+00
2.584596E+01 2.465327E+00 2.157696E+00
2.571608E+01 2.344004E+00 2.179950E+00
2.558750E+01 2.223120E+00 2.185997E+00
2.546020E+01 2.105417E+00 2.176927E+00
2.533416E+01 1.993085E+00 2.154294E+00
2.520936E+01 1.887732E+00 2.119893E+00
2.508579E+01 1.790429E+00 2.075565E+00
2.496342E+01 1.701796E+00 2.023072E+00
2.484223E+01 1.622114E+00 1.964011E+00
2.472222E+01 1.551422E+00 1.899779E+00
2.460336E+01 1.489610E+00 1.831571E+00
2.448565E+01 1.436486E+00 1.760398E+00
2.436905E+01 1.391831E+00 1.687116E+00
2.425355E+01 1.355432E+00 1.612463E+00
2.413915E+01 1.327105E+00 1.537097E+00
2.402582E+01 1.306701E+00 1.461637E+00
2.391355E+01 1.294100E+00 1.386695E+00
2.380233E+01 1.289188E+00 1.312911E+00
2.369213E+01 1.291836E+00 1.240971E+00
2.358295E+01 1.301851E+00 1.171608E+00
2.347477E+01 1.318946E+00 1.105595E+00
2.336758E+01 1.342704E+00 1.043702E+00
2.326136E+01 1.372573E+00 9.866524E-01
2.315611E+01 1.407875E+00 9.350701E-01
2.305180E+01 1.447851E+00 8.894409E-01
2.294843E+01 1.491713E+00 8.500974E-01
2.284598E+01 1.538694E+00 8.172305E-01
2.274444E+01 1.588092E+00 7.909205E-01
2.264380E+01 1.639284E+00 7.711791E-01
2.254405E+01 1.691735E+00 7.579923E-01
2.244518E+01 1.744977E+00 7.513572E-01
2.234716E+01 1.798592E+00 7.513108E-01
2.225000E+01 1.852175E+00 7.579497E-01
2.215368E+01 1.905304E+00 7.714398E-01
2.205819E+01 1.957497E+00 7.920184E-01
2.196352E+01 2.008170E+00 8.199847E-01
2.186966E+01 2.056589E+00 8.556785E-01
2.177660E+01 2.101825E+00 8.994406E-01
2.168432E+01 2.142700E+00 9.515516E-01
2.159282E+01 2.177762E+00 1.012140E+00
2.150210E+01 2.205264E+00 1.081061E+00
2.141213E+01 2.223210E+00 1.157740E+00
2.132292E+01 2.229465E+00 1.241007E+00
2.123444E+01 2.221957E+00 1.328956E+00
2.114669E+01 2.198990E+00 1.418882E+00
2.105967E+01 2.159599E+00 1.507370E+00
2.097336E+01 2.103891E+00 1.590582E+00
2.088775E+01 2.033222E+00 1.664706E+00
2.080284E+01 1.950142E+00 1.726494E+00
2.071863E+01 1.858065E+00 1.773703E+00
2.063508E+01 1.760776E+00 1.805321E+00
2.055221E+01 1.661924E+00 1.821531E+00
2.047000E+01 1.564628E+00 1.823465E+00
2.038844E+01 1.471274E+00 1.812856E+00
2.030754E+01 1.383480E+00 1.791703E+00
2.022727E+01 1.302189E+00 1.762014E+00
2.014764E+01 1.227806E+00 1.725632E+00
2.006863E+01 1.160356E+00 1.684157E+00
1.999023E+01 1.099609E+00 1.638915E+00
1.991245E+01 1.045191E+00 1.590973E+00
1.983527E+01 9.966562E-01 1.541168E+00
1.975869E+01 9.535384E-01 1.490143E+00
1.968269E+01 9.153837E-01 1.438385E+00
1.960728E+01 8.817692E-01 1.386255E+00
1.953244E+01 8.523140E-01 1.334019E+00
1.945818E+01 8.266831E-01 1.281867E+00
1.938447E+01 8.045885E-01 1.229937E+00
1.931132E+01 7.857878E-01 1.178329E+00
1.923872E+01 7.700817E-01 1.127117E+00
1.916667E+01 7.573110E-01 1.076357E+00
1.909515E+01 7.473523E-01 1.026104E+00
1.902416E+01 7.401136E-01 9.764118E-01
1.895370E+01 7.355295E-01 9.273464E-01
1.888377E+01 7.335539E-01 8.789897E-01
1.881434E+01 7.341526E-01 8.314458E-01
1.874542E+01 7.372933E-01 7.848449E-01
1.867701E+01 7.429345E-01 7.393443E-01
1.860909E+01 7.510129E-01 6.951255E-01
1.854167E+01 7.614322E-01 6.523876E-01
1.847473E+01 7.740538E-01 6.113347E-01
1.840827E+01 7.886930E-01 5.721605E-01
1.834229E+01 8.051212E-01 5.350319E-01
1.827678E+01 8.230759E-01 5.000736E-01
1.821175E+01 8.422745E-01 4.673589E-01
1.814716E+01 8.624318E-01 4.369064E-01
1.808304E+01 8.832749E-01 4.086837E-01
1.801937E+01 9.045557E-01 3.826155E-01
1.795614E+01 9.260585E-01 3.585944E-01
1.789336E+01 9.476026E-01 3.364922E-01
1.783101E+01 9.690423E-01 3.161695E-01
1.776910E+01 9.902635E-01 2.974841E-01
1.770761E+01 1.011180E+00 2.802959E-01
1.764655E+01 1.031730E+00 2.644717E-01
1.758591E+01 1.051869E+00 2.498867E-01
1.752569E+01 1.071569E+00 2.364263E-01
1.746587E+01 1.090814E+00 2.239856E-01
1.740646E+01 1.109596E+00 2.124700E-01
1.734746E+01 1.127915E+00 2.017942E-01
1.728885E+01 1.145777E+00 1.918817E-01
1.723064E+01 1.163189E+00 1.826640E-01
1.717282E+01 1.180163E+00 1.740796E-01
1.711538E+01 1.196712E+00 1.660737E-01
1.705833E+01 1.212851E+00 1.585970E-01
1.700166E+01 1.228594E+00 1.516057E-01
1.694536E+01 1.243958E+00 1.450601E-01
1.688944E+01 1.258957E+00 1.389248E-01
1.683388E+01 1.273607E+00 1.331679E-01
1.677869E+01 1.287924E+00 1.277607E-01
1.672386E+01 1.301922E+00 1.226771E-01
1.666938E+01 1.315616E+00 1.178939E-01
1.661526E+01 1.329019E+00 1.133897E-01
1.656149E+01 1.342145E+00 1.091454E-01
1.650807E+01 1.355007E+00 1.051434E-01
1.645498E+01 1.367618E+00 1.013678E-01
1.640224E+01 1.379989E+00 9.780413E-02
1.634984E+01 1.392132E+00 9.443920E-02
1.629777E+01 1.404058E+00 9.126087E-02
1.624603E+01 1.415778E+00 8.825808E-02
1.619462E+01 1.427301E+00 8.542068E-02
1.614353E+01 1.438638E+00 8.273935E-02
1.609277E+01 1.449797E+00 8.020553E-02
1.604232E+01 1.460788E+00 7.781135E-02
1.599219E+01 1.471619E+00 7.554954E-02
1.594237E+01 1.482299E+00 7.341342E-02
1.589286E+01 1.492835E+00 7.139681E-02
1.584365E+01 1.503235E+00 6.949402E-02
1.579475E+01 1.513507E+00 6.769977E-02
1.574615E+01 1.523657E+00 6.600921E-02
1.569785E+01 1.533692E+00 6.441781E-02
1.564985E+01 1.543619E+00 6.292142E-02
1.560213E+01 1.553445E+00 6.151616E-02
1.555471E+01 1.563176E+00 6.019848E-02
1.550758E+01 1.572817E+00 5.896507E-02
1.546072E+01 1.582375E+00 5.781287E-02
1.541416E+01 1.591856E+00 5.673906E-02
1.536787E+01 1.601264E+00 5.574102E-02
1.532186E+01 1.610606E+00 5.481637E-02
1.527612E+01 1.619887E+00 5.396287E-02
1.523065E+01 1.629113E+00 5.317850E-02
1.518546E+01 1.638287E+00 5.246139E-02
1.514053E+01 1.647417E+00 5.180983E-02
1.509587E+01 1.656505E+00 5.122228E-02
1.505147E+01 1.665558E+00 5.069734E-02
1.500733E+01 1.674581E+00 5.023373E-02
1.496345E+01 1.683578E+00 4.983034E-02
1.491983E+01 1.692554E+00 4.948616E-02
1.487645E+01 1.701514E+00 4.920032E-02
1.483333E+01 1.710463E+00 4.897209E-02
1.479046E+01 1.719405E+00 4.880083E-02
1.474784E+01 1.728346E+00 4.868605E-02
1.470546E+01 1.737290E+00 4.862734E-02
1.466332E+01 1.746242E+00 4.862444E-02
1.462143E+01 1.755207E+00 4.867721E-02
1.457977E+01 1.764190E+00 4.878559E-02
1.453835E+01 1.773196E+00 4.894967E-02
1.449717E+01 1.782229E+00 4.916965E-02
1.445622E+01 1.791296E+00 4.944584E-02
1.441549E+01 1.800401E+00 4.977870E-02
1.437500E+01 1.809549E+00 5.016878E-02
1.433473E+01 1.818745E+00 5.061679E-02
1.429469E+01 1.827996E+00 5.112356E-02
1.425487E+01 1.837307E+00 5.169006E-02
1.421528E+01 1.846683E+00 5.231741E-02
1.417590E+01 1.856131E+00 5.300686E-02
1.413674E+01 1.865657E+00 5.375985E-02
1.409780E+01 1.875265E+00 5.457796E-02
1.405907E+01 1.884964E+00 5.546297E-02
1.402055E+01 1.894760E+00 5.641681E-02
1.398224E+01 1.904659E+00 5.744165E-02
1.394414E+01 1.914669E+00 5.853982E-02
1.390625E+01 1.924797E+00 5.971392E-02
1.386856E+01 1.935050E+00 6.096676E-02
1.383108E+01 1.945436E+00 6.230141E-02
1.379380E+01 1.955965E+00 6.372120E-02
1.375672E+01 1.966643E+00 6.522979E-02
1.371984E+01 1.977480E+00 6.683113E-02
1.368316E+01 1.988485E+00 6.852952E-02
1.364667E+01 1.999668E+00 7.032961E-02
1.361037E+01 2.011040E+00 7.223650E-02
1.357427E+01 2.022610E+00 7.425567E-02
1.353836E+01 2.034390E+00 7.639311E-02
1.350264E+01 2.046392E+00 7.865533E-02
1.346710E+01 2.058627E+00 8.104939E-02
1.343176E+01 2.071110E+00 8.358297E-02
1.339660E+01 2.083852E+00 8.626443E-02
1.336162E+01 2.096870E+00 8.910289E-02
1.332682E+01 2.110178E+00 9.210827E-02
1.329221E+01 2.123792E+00 9.529140E-02
1.325777E+01 2.137728E+00 9.866411E-02
1.322351E+01 2.152006E+00 1.022393E-01
1.318943E+01 2.166643E+00 1.060312E-01
1.315553E+01 2.181660E+00 1.100552E-01
1.312179E+01 2.197078E+00 1.143285E-01
1.308824E+01 2.212920E+00 1.188696E-01
1.305485E+01 2.229209E+00 1.236992E-01
1.302163E+01 2.245972E+00 1.288400E-01
1.298858E+01 2.263236E+00 1.343170E-01
1.295570E+01 2.281029E+00 1.401578E-01
1.292298E+01 2.299382E+00 1.463933E-01
1.289043E+01 2.318328E+00 1.530574E-01
1.285804E+01 2.337902E+00 1.601880E-01
1.282581E+01 2.358141E+00 1.678273E-01
1.279375E+01 2.379084E+00 1.760224E-01
1.276185E+01 2.400775E+00 1.848260E-01
1.273010E+01 2.423257E+00 1.942973E-01
1.269851E+01 2.446579E+00 2.045027E-01
1.266708E+01 2.470791E+00 2.155171E-01
1.263580E+01 2.495946E+00 2.274251E-01
1.260468E+01 2.522101E+00 2.403224E-01
1.257371E+01 2.549314E+00 2.543176E-01
1.254289E+01 2.577649E+00 2.695345E-01
1.251222E+01 2.607167E+00 2.861141E-01
1.248171E+01 2.637936E+00 3.042179E-01
1.245134E+01 2.670020E+00 3.240308E-01
1.242112E+01 2.703485E+00 3.457657E-01
1.239104E+01 2.738393E+00 3.696676E-01
1.236111E+01 2.774798E+00 3.960195E-01
1.233133E+01 2.812745E+00 4.251486E-01
1.230168E+01 2.852263E+00 4.574339E-01
1.227218E+01 2.893356E+00 4.933146E-01
1.224282E+01 2.935990E+00 5.332995E-01
1.221360E+01 2.980080E+00 5.779774E-01
1.218452E+01 3.025466E+00 6.280271E-01
1.215558E+01 3.071886E+00 6.842267E-01
1.212678E+01 3.118936E+00 7.474604E-01
1.209811E+01 3.166018E+00 8.187176E-01
1.206957E+01 3.212273E+00 8.990804E-01
1.204118E+01 3.256502E+00 9.896903E-01
1.201291E+01 3.297067E+00 1.091680E+00
1.198478E+01 3.331789E+00 1.206056E+00
1.195678E+01 3.357858E+00 1.333507E+00
1.192890E+01 3.371799E+00 1.474128E+00
1.190116E+01 3.369541E+00 1.627057E+00
1.187355E+01 3.346690E+00 1.790068E+00
1.184606E+01 3.299049E+00 1.959216E+00
1.181871E+01 3.223416E+00 2.128733E+00
1.179148E+01 3.118508E+00 2.291362E+00
1.176437E+01 2.985711E+00 2.439235E+00
1.173739E+01 2.829294E+00 2.565165E+00
1.171053E+01 2.655876E+00 2.663937E+00
1.168379E+01 2.473262E+00 2.733106E+00
1.165718E+01 2.289101E+00 2.773063E+00
1.163068E+01 2.109816E+00 2.786444E+00
1.160431E+01 1.940067E+00 2.777227E+00
1.157805E+01 1.782714E+00 2.749867E+00
1.155192E+01 1.639091E+00 2.708659E+00
1.152590E+01 1.509417E+00 2.657379E+00
1.150000E+01 1.393178E+00 2.599147E+00
1.147422E+01 1.289441E+00 2.536423E+00
1.144855E+01 1.197080E+00 2.471083E+00
1.142299E+01 1.114917E+00 2.404521E+00
1.139755E+01 1.041809E+00 2.337745E+00
1.137222E+01 9.766984E-01 2.271467E+00
1.134701E+01 9.186282E-01 2.206179E+00
1.132190E+01 8.667500E-01 2.142206E+00
1.129691E+01 8.203197E-01 2.079752E+00
1.127203E+01 7.786890E-01 2.018934E+00
1.124725E+01 7.412959E-01 1.959806E+00
1.122259E+01 7.076540E-01 1.902380E+00
1.119803E+01 6.773430E-01 1.846633E+00
1.117358E+01 6.499997E-01 1.792525E+00
1.114924E+01 6.253099E-01 1.740000E+00
1.112500E+01 6.030018E-01 1.688994E+00
1.110087E+01 5.828399E-01 1.639440E+00
1.107684E+01 5.646199E-01 1.591267E+00
1.105292E+01 5.481641E-01 1.544402E+00
1.102910E+01 5.333184E-01 1.498777E+00
1.100538E+01 5.199483E-01 1.454323E+00
1.098176E+01 5.079370E-01 1.410975E+00
1.095824E+01 4.971829E-01 1.368669E+00
1.093483E+01 4.875975E-01 1.327346E+00
1.091151E+01 4.791041E-01 1.286948E+00
1.088830E+01 4.716364E-01 1.247424E+00
1.086518E+01 4.651372E-01 1.208721E+00
1.084216E+01 4.595579E-01 1.170794E+00
1.081924E+01 4.548572E-01 1.133598E+00
1.079641E+01 4.510006E-01 1.097093E+00
1.077368E+01 4.479599E-01 1.061242E+00
1.075105E+01 4.457130E-01 1.026011E+00
1.072851E+01 4.442428E-01 9.913694E-01
1.070607E+01 4.435374E-01 9.572915E-01
1.068372E+01 4.435899E-01 9.237543E-01
1.066146E+01 4.443972E-01 8.907399E-01
1.063929E+01 4.459606E-01 8.582349E-01
1.061722E+01 4.482846E-01 8.262312E-01
1.059524E+01 4.513767E-01 7.947267E-01
1.057335E+01 4.552466E-01 7.637257E-01
1.055155E+01 4.599050E-01 7.332397E-01
1.052983E+01 4.653626E-01 7.032877E-01
1.050821E+01 4.716284E-01 6.738967E-01
1.048668E+01 4.787082E-01 6.451019E-01
1.046524E+01 4.866022E-01 6.169461E-01
1.044388E+01 4.953032E-01 5.894790E-01
1.042261E+01 5.047942E-01 5.627554E-01
1.040142E+01 5.150470E-01 5.368332E-01
1.038032E+01 5.260209E-01 5.117702E-01
1.035931E+01 5.376625E-01 4.876210E-01
1.033838E+01 5.499067E-01 4.644334E-01
1.031754E+01 5.626783E-01 4.422455E-01
1.029678E+01 5.758949E-01 4.210832E-01
1.027610E+01 5.894704E-01 4.009589E-01
1.025551E+01 6.033184E-01 3.818714E-01
1.023500E+01 6.173552E-01 3.638063E-01
1.021457E+01 6.315029E-01 3.467382E-01
1.019422E+01 6.456909E-01 3.306323E-01
1.017396E+01 6.598574E-01 3.154471E-01
1.015377E+01 6.739495E-01 3.011366E-01
1.013366E+01 6.879231E-01 2.876520E-01
1.011364E+01 7.017425E-01 2.749440E-01
1.009369E+01 7.153794E-01 2.629639E-01
1.007382E+01 7.288120E-01 2.516642E-01
1.005403E+01 7.420243E-01 2.409999E-01
1.003431E+01 7.550045E-01 2.309285E-01
1.001468E+01 7.677451E-01 2.214104E-01
9.995112E+00 7.802412E-01 2.124088E-01
9.975630E+00 7.924906E-01 2.038897E-01
9.956222E+00 8.044928E-01 1.958219E-01
9.936891E+00 8.162489E-01 1.881768E-01
9.917634E+00 8.277610E-01 1.809279E-01
9.898452E+00 8.390317E-01 1.740512E-01
9.879344E+00 8.500646E-01 1.675242E-01
9.860309E+00 8.608635E-01 1.613266E-01
9.841348E+00 8.714322E-01 1.554394E-01
9.822459E+00 8.817751E-01 1.498450E-01
9.803643E+00 8.918964E-01 1.445272E-01
9.784899E+00 9.018003E-01 1.394707E-01
9.766226E+00 9.114911E-01 1.346616E-01
9.747615E+00 9.209730E-01 1.300864E-01
9.729084E+00 9.302504E-01 1.257327E-01
9.710623E+00 9.393272E-01 1.215888E-01
9.692233E+00 9.482076E-01 1.176436E-01
9.673912E+00 9.568957E-01 1.138867E-01
9.655660E+00 9.653955E-01 1.103081E-01
9.637477E+00 9.737109E-01 1.068985E-01
9.619362E+00 9.818460E-01 1.036488E-01
9.601315E+00 9.898046E-01 1.005507E-01
9.583336E+00 9.975905E-01 9.759599E-02
9.565424E+00 1.005208E+00 9.477710E-02
9.547578E+00 1.012660E+00 9.208673E-02
9.529800E+00 1.019951E+00 8.951794E-02
9.512078E+00 1.027085E+00 8.706414E-02
9.494431E+00 1.034066E+00 8.471908E-02
9.476849E+00 1.040896E+00 8.247683E-02
9.459333E+00 1.047581E+00 8.033176E-02
9.441881E+00 1.054123E+00 7.827853E-02
9.424493E+00 1.060526E+00 7.631208E-02
9.407170E+00 1.066794E+00 7.442763E-02
9.389909E+00 1.072930E+00 7.262066E-02
9.372712E+00 1.078938E+00 7.088689E-02
9.355578E+00 1.084822E+00 6.922231E-02
9.338507E+00 1.090584E+00 6.762310E-02
9.321498E+00 1.096228E+00 6.608569E-02
9.304541E+00 1.101757E+00 6.460672E-02
9.287655E+00 1.107175E+00 6.318300E-02
9.270831E+00 1.112485E+00 6.181156E-02
9.254067E+00 1.117689E+00 6.048962E-02
9.237363E+00 1.122791E+00 5.921453E-02
9.220720E+00 1.127793E+00 5.798385E-02
9.204137E+00 1.132699E+00 5.679525E-02
9.187613E+00 1.137511E+00 5.564659E-02
9.171148E+00 1.142232E+00 5.453581E-02
9.154743E+00 1.146864E+00 5.346104E-02
9.138396E+00 1.151410E+00 5.242049E-02
9.122107E+00 1.155872E+00 5.141248E-02
9.105876E+00 1.160253E+00 5.043546E-02
9.089694E+00 1.164556E+00 4.948797E-02
9.073579E+00 1.168781E+00 4.856863E-02
9.057520E+00 1.172932E+00 4.767615E-02
9.041518E+00 1.177011E+00 4.680932E-02
9.025572E+00 1.181018E+00 4.596702E-02
9.009683E+00 1.184958E+00 4.514818E-02
8.993849E+00 1.188830E+00 4.435181E-02
8.978071E+00 1.192638E+00 4.357695E-02
8.962348E+00 1.196382E+00 4.282273E-02
8.946680E+00 1.200065E+00 4.208830E-02
8.931067E+00 1.203688E+00 4.137290E-02
8.915509E+00 1.207252E+00 4.067577E-02
8.899996E+00 1.210760E+00 3.999621E-02
8.884545E+00 1.214212E+00 3.933356E-02
8.869148E+00 1.217610E+00 3.868720E-02
8.853804E+00 1.220956E+00 3.805653E-02
8.838513E+00 1.224250E+00 3.744099E-02
8.823275E+00 1.227494E+00 3.684004E-02
8.808089E+00 1.230690E+00 3.625318E-02
8.792956E+00 1.233837E+00 3.567992E-02
8.777874E+00 1.236938E+00 3.511981E-02
8.762844E+00 1.239994E+00 3.457239E-02
8.747866E+00 1.243005E+00 3.403727E-02
8.732938E+00 1.245973E+00 3.351404E-02
8.718061E+00 1.248898E+00 3.300231E-02
8.703228E+00 1.251782E+00 3.250173E-02
8.688452E+00 1.254626E+00 3.201194E-02
8.673727E+00 1.257430E+00 3.153262E-02
8.659051E+00 1.260195E+00 3.106344E-02
8.644425E+00 1.262923E+00 3.060410E-02
8.629848E+00 1.265613E+00 3.015430E-02
8.615320E+00 1.268267E+00 2.971376E-02
8.600841E+00 1.270886E+00 2.928222E-02
8.586411E+00 1.273470E+00 2.885940E-02
8.572029E+00 1.276020E+00 2.844506E-02
8.557695E+00 1.278537E+00 2.803897E-02
8.543409E+00 1.281021E+00 2.764088E-02
8.529170E+00 1.283473E+00 2.725058E-02
8.514972E+00 1.285894E+00 2.686784E-02
8.500828E+00 1.288285E+00 2.649247E-02
8.486731E+00 1.290645E+00 2.612427E-02
8.472681E+00 1.292976E+00 2.576303E-02
8.458677E+00 1.295278E+00 2.540859E-02
8.444719E+00 1.297551E+00 2.506074E-02
8.430808E+00 1.299797E+00 2.471934E-02
8.416942E+00 1.302016E+00 2.438420E-02
8.403121E+00 1.304208E+00 2.405516E-02
8.389346E+00 1.306374E+00 2.373208E-02
8.375616E+00 1.308514E+00 2.341479E-02
8.361931E+00 1.310629E+00 2.310316E-02
8.348284E+00 1.312719E+00 2.279703E-02
8.334688E+00 1.314785E+00 2.249629E-02
8.321136E+00 1.316827E+00 2.220079E-02
8.307628E+00 1.318845E+00 2.191040E-02
8.294164E+00 1.320841E+00 2.162501E-02
8.280744E+00 1.322813E+00 2.134449E-02
8.267367E+00 1.324764E+00 2.106873E-02
8.254033E+00 1.326693E+00 2.079761E-02
8.240742E+00 1.328600E+00 2.053103E-02
8.227493E+00 1.330487E+00 2.026888E-02
8.214288E+00 1.332352E+00 2.001106E-02
8.201124E+00 1.334198E+00 1.975746E-02
8.188003E+00 1.336023E+00 1.950800E-02
8.174917E+00 1.337829E+00 1.926257E-02
8.161879E+00 1.339615E+00 1.902109E-02
8.148883E+00 1.341383E+00 1.878348E-02
8.135929E+00 1.343131E+00 1.854963E-02
8.123015E+00 1.344862E+00 1.831948E-02
8.110142E+00 1.346574E+00 1.809294E-02
8.097310E+00 1.348268E+00 1.786993E-02
8.084519E+00 1.349945E+00 1.765037E-02
8.071768E+00 1.351605E+00 1.743420E-02
8.059057E+00 1.353248E+00 1.722133E-02
8.046386E+00 1.354874E+00 1.701171E-02
8.033755E+00 1.356484E+00 1.680526E-02
8.021163E+00 1.358077E+00 1.660192E-02
8.008604E+00 1.359655E+00 1.640161E-02
7.996092E+00 1.361217E+00 1.620429E-02
7.983618E+00 1.362764E+00 1.600988E-02
7.971183E+00 1.364295E+00 1.581833E-02
7.958786E+00 1.365812E+00 1.562958E-02
7.946428E+00 1.367314E+00 1.544358E-02
7.934109E+00 1.368801E+00 1.526026E-02
7.921827E+00 1.370274E+00 1.507959E-02
7.909584E+00 1.371733E+00 1.490149E-02
7.897378E+00 1.373178E+00 1.472594E-02
7.885210E+00 1.374610E+00 1.455286E-02
7.873080E+00 1.376028E+00 1.438222E-02
7.860980E+00 1.377433E+00 1.421397E-02
7.848924E+00 1.378824E+00 1.404807E-02
7.836905E+00 1.380203E+00 1.388446E-02
7.824922E+00 1.381570E+00 1.372311E-02
7.812976E+00 1.382923E+00 1.356398E-02
7.801067E+00 1.384265E+00 1.340701E-02
7.789193E+00 1.385594E+00 1.325218E-02
7.777356E+00 1.386911E+00 1.309944E-02
7.765555E+00 1.388217E+00 1.294876E-02
7.753789E+00 1.389511E+00 1.280009E-02
7.742059E+00 1.390793E+00 1.265340E-02
7.730365E+00 1.392064E+00 1.250865E-02
7.718706E+00 1.393324E+00 1.236582E-02
7.707076E+00 1.394573E+00 1.222486E-02
7.695487E+00 1.395811E+00 1.208574E-02
7.683932E+00 1.397038E+00 1.194843E-02
7.672413E+00 1.398255E+00 1.181290E-02
7.660927E+00 1.399461E+00 1.167911E-02
7.649477E+00 1.400657E+00 1.154704E-02
7.638060E+00 1.401843E+00 1.141666E-02
7.626677E+00 1.403019E+00 1.128794E-02
7.615328E+00 1.404185E+00 1.116084E-02
7.604013E+00 1.405341E+00 1.103535E-02
7.592732E+00 1.406488E+00 1.091143E-02
7.581484E+00 1.407625E+00 1.078906E-02
7.570269E+00 1.408753E+00 1.066822E-02
7.559082E+00 1.409871E+00 1.054887E-02
7.547933E+00 1.410980E+00 1.043099E-02
7.536817E+00 1.412081E+00 1.031456E-02
7.525734E+00 1.413172E+00 1.019956E-02
7.514684E+00 1.414255E+00 1.008596E-02
7.503666E+00 1.415329E+00 9.973736E-03
7.492680E+00 1.416394E+00 9.862871E-03
7.481726E+00 1.417451E+00 9.753342E-03
7.470804E+00 1.418499E+00 9.645128E-03
7.459914E+00 1.419540E+00 9.538207E-03
7.449056E+00 1.420572E+00 9.432561E-03
7.438229E+00 1.421596E+00 9.328168E-03
7.427428E+00 1.422612E+00 9.225009E-03
7.416665E+00 1.423620E+00 9.123067E-03
7.405932E+00 1.424620E+00 9.022321E-03
7.395230E+00 1.425613E+00 8.922755E-03
7.384559E+00 1.426599E+00 8.824351E-03
7.373919E+00 1.427576E+00 8.727091E-03
7.363309E+00 1.428547E+00 8.630959E-03
7.352730E+00 1.429510E+00 8.535937E-03
7.342182E+00 1.430466E+00 8.442011E-03
7.331663E+00 1.431414E+00 8.349164E-03
7.321175E+00 1.432356E+00 8.257381E-03
7.310716E+00 1.433291E+00 8.166647E-03
7.300288E+00 1.434219E+00 8.076947E-03
7.289884E+00 1.435140E+00 7.988268E-03
7.279514E+00 1.436054E+00 7.900595E-03
7.269175E+00 1.436962E+00 7.813914E-03
7.258864E+00 1.437863E+00 7.728214E-03
7.248583E+00 1.438758E+00 7.643480E-03
7.238331E+00 1.439646E+00 7.559700E-03
7.228108E+00 1.440528E+00 7.476863E-03
7.217913E+00 1.441404E+00 7.394956E-03
7.207747E+00 1.442274E+00 7.313968E-03
7.197610E+00 1.443137E+00 7.233887E-03
7.187502E+00 1.443995E+00 7.154704E-03
7.177422E+00 1.444846E+00 7.076408E-03
7.167364E+00 1.445692E+00 6.998988E-03
7.157341E+00 1.446532E+00 6.922434E-03
7.147345E+00 1.447366E+00 6.846739E-03
7.137377E+00 1.448194E+00 6.771891E-03
7.127436E+00 1.449017E+00 6.697883E-03
7.117524E+00 1.449834E+00 6.624707E-03
7.107639E+00 1.450645E+00 6.552354E-03
7.097781E+00 1.451451E+00 6.480817E-03
7.087951E+00 1.452252E+00 6.410088E-03
7.078148E+00 1.453048E+00 6.340160E-03
7.068372E+00 1.453838E+00 6.271028E-03
7.058623E+00 1.454623E+00 6.202684E-03
7.048900E+00 1.455403E+00 6.135124E-03
7.039200E+00 1.456178E+00 6.068341E-03
7.029531E+00 1.456948E+00 6.002330E-03
7.019889E+00 1.457713E+00 5.937088E-03
7.010273E+00 1.458473E+00 5.872609E-03
7.000683E+00 1.459228E+00 5.808889E-03
6.991120E+00 1.459978E+00 5.745926E-03
6.981583E+00 1.460724E+00 5.683716E-03
6.972071E+00 1.461465E+00 5.622257E-03
6.962586E+00 1.462201E+00 5.561545E-03
6.953126E+00 1.462933E+00 5.501580E-03
6.943692E+00 1.463660E+00 5.442360E-03
6.934284E+00 1.464383E+00 5.383884E-03
6.924901E+00 1.465101E+00 5.326151E-03
6.915538E+00 1.465815E+00 5.269161E-03
6.906206E+00 1.466524E+00 5.212914E-03
6.896899E+00 1.467230E+00 5.157412E-03
6.887617E+00 1.467931E+00 5.102655E-03
6.878360E+00 1.468627E+00 5.048645E-03
6.869127E+00 1.469320E+00 4.995383E-03
6.859920E+00 1.470009E+00 4.942874E-03
6.850737E+00 1.470693E+00 4.891118E-03
6.841578E+00 1.471374E+00 4.840120E-03
6.832445E+00 1.472050E+00 4.789883E-03
6.823335E+00 1.472723E+00 4.740412E-03
6.814250E+00 1.473392E+00 4.691712E-03
6.805184E+00 1.474057E+00 4.643787E-03
6.796147E+00 1.474718E+00 4.596642E-03
6.787134E+00 1.475375E+00 4.550285E-03
6.778145E+00 1.476029E+00 4.504721E-03
6.769179E+00 1.476678E+00 4.459957E-03
6.760237E+00 1.477325E+00 4.416000E-03
6.751319E+00 1.477967E+00 4.372858E-03
6.742425E+00 1.478606E+00 4.330538E-03
6.733553E+00 1.479242E+00 4.289050E-03
6.724705E+00 1.479874E+00 4.248401E-03
6.715881E+00 1.480502E+00 4.208600E-03
6.707079E+00 1.481127E+00 4.169658E-03
6.698301E+00 1.481748E+00 4.131583E-03
6.689540E+00 1.482366E+00 4.094385E-03
6.680808E+00 1.482981E+00 4.058075E-03
6.672098E+00 1.483592E+00 4.022662E-03
6.663410E+00 1.484201E+00 3.988158E-03
6.654746E+00 1.484805E+00 3.954574E-03
6.646104E+00 1.485407E+00 3.921919E-03
6.637484E+00 1.486005E+00 3.890206E-03
6.628886E+00 1.486600E+00 3.859444E-03
6.620311E+00 1.487191E+00 3.829647E-03
6.611758E+00 1.487780E+00 3.800825E-03
6.603227E+00 1.488365E+00 3.772988E-03
6.594718E+00 1.488947E+00 3.746149E-03
6.586231E+00 1.489526E+00 3.720319E-03
6.577762E+00 1.490102E+00 3.695508E-03
6.569318E+00 1.490675E+00 3.671728E-03
6.560896E+00 1.491244E+00 3.648989E-03
6.552496E+00 1.491811E+00 3.627302E-03
6.544117E+00 1.492374E+00 3.606678E-03
6.535760E+00 1.492934E+00 3.587125E-03
6.527424E+00 1.493492E+00 3.568654E-03
6.519109E+00 1.494046E+00 3.551273E-03
6.510815E+00 1.494597E+00 3.534992E-03
6.502542E+00 1.495145E+00 3.519819E-03
6.494291E+00 1.495690E+00 3.505761E-03
6.486060E+00 1.496231E+00 3.492826E-03
6.477846E+00 1.496770E+00 3.481019E-03
6.469657E+00 1.497306E+00 3.470347E-03
6.461489E+00 1.497838E+00 3.460815E-03
6.453341E+00 1.498368E+00 3.452427E-03
6.445213E+00 1.498894E+00 3.445186E-03
6.437107E+00 1.499418E+00 3.439096E-03
6.429020E+00 1.499938E+00 3.434157E-03
6.420954E+00 1.500455E+00 3.430370E-03
6.412908E+00 1.500969E+00 3.427736E-03
6.404882E+00 1.501480E+00 3.426253E-03
6.396876E+00 1.501988E+00 3.425918E-03
6.388890E+00 1.502493E+00 3.426729E-03
6.380925E+00 1.502995E+00 3.428679E-03
6.372975E+00 1.503493E+00 3.431765E-03
6.365048E+00 1.503988E+00 3.435978E-03
6.357142E+00 1.504480E+00 3.441310E-03
6.349255E+00 1.504969E+00 3.447752E-03
6.341387E+00 1.505455E+00 3.455293E-03
6.333539E+00 1.505937E+00 3.463920E-03
6.325711E+00 1.506417E+00 3.473620E-03
6.317902E+00 1.506893E+00 3.484379E-03
6.310112E+00 1.507366E+00 3.496179E-03
6.302341E+00 1.507835E+00 3.509003E-03
6.294589E+00 1.508301E+00 3.522832E-03
6.286857E+00 1.508764E+00 3.537646E-03
6.279143E+00 1.509224E+00 3.553422E-03
6.271444E+00 1.509680E+00 3.570136E-03
6.263769E+00 1.510133E+00 3.587765E-03
6.256111E+00 1.510582E+00 3.606281E-03
6.248473E+00 1.511029E+00 3.625657E-03
6.240853E+00 1.511471E+00 3.645864E-03
6.233252E+00 1.511911E+00 3.666871E-03
6.225669E+00 1.512347E+00 3.688646E-03
6.218105E+00 1.512779E+00 3.711155E-03
6.210559E+00 1.513208E+00 3.734365E-03
6.203031E+00 1.513634E+00 3.758239E-03
6.195522E+00 1.514056E+00 3.782740E-03
6.188031E+00 1.514475E+00 3.807828E-03
6.180554E+00 1.514891E+00 3.833465E-03
6.173099E+00 1.515302E+00 3.859608E-03
6.165661E+00 1.515711E+00 3.886217E-03
6.158242E+00 1.516116E+00 3.913247E-03
6.150841E+00 1.516517E+00 3.940654E-03
6.143457E+00 1.516915E+00 3.968392E-03
6.136091E+00 1.517310E+00 3.996415E-03
6.128743E+00 1.517701E+00 4.024676E-03
6.121412E+00 1.518088E+00 4.053126E-03
6.114099E+00 1.518472E+00 4.081715E-03
6.106803E+00 1.518853E+00 4.110395E-03
6.099525E+00 1.519230E+00 4.139115E-03
6.092264E+00 1.519604E+00 4.167823E-03
6.085016E+00 1.519974E+00 4.196467E-03
6.077790E+00 1.520341E+00 4.224995E-03
6.070580E+00 1.520704E+00 4.253355E-03
6.063388E+00 1.521064E+00 4.281493E-03
6.056213E+00 1.521421E+00 4.309356E-03
6.049054E+00 1.521774E+00 4.336891E-03
6.041913E+00 1.522124E+00 4.364043E-03
6.034788E+00 1.522471E+00 4.390760E-03
6.027680E+00 1.522814E+00 4.416987E-03
6.020589E+00 1.523155E+00 4.442671E-03
6.013515E+00 1.523492E+00 4.467760E-03
6.006457E+00 1.523825E+00 4.492199E-03
5.999412E+00 1.524156E+00 4.515936E-03
5.992387E+00 1.524483E+00 4.538920E-03
5.985379E+00 1.524808E+00 4.561100E-03
5.978387E+00 1.525129E+00 4.582423E-03
5.971411E+00 1.525448E+00 4.602842E-03
5.964452E+00 1.525763E+00 4.622306E-03
5.957509E+00 1.526076E+00 4.640769E-03
5.950582E+00 1.526385E+00 4.658182E-03
5.943671E+00 1.526692E+00 4.674502E-03
5.936776E+00 1.526996E+00 4.689682E-03
5.929897E+00 1.527298E+00 4.703682E-03
5.923034E+00 1.527597E+00 4.716458E-03
5.916187E+00 1.527893E+00 4.727973E-03
5.909352E+00 1.528187E+00 4.738187E-03
5.902536E+00 1.528478E+00 4.747066E-03
5.895736E+00 1.528767E+00 4.754574E-03
5.888952E+00 1.529053E+00 4.760680E-03
5.882183E+00 1.529337E+00 4.765354E-03
5.875430E+00 1.529619E+00 4.768569E-03
5.868693E+00 1.529899E+00 4.770298E-03
5.861971E+00 1.530177E+00 4.770520E-03
5.855264E+00 1.530453E+00 4.769214E-03
5.848572E+00 1.530727E+00 4.766362E-03
5.841896E+00 1.530999E+00 4.761949E-03
5.835235E+00 1.531269E+00 4.755964E-03
5.828589E+00 1.531538E+00 4.748396E-03
5.821955E+00 1.531805E+00 4.739239E-03
5.815340E+00 1.532071E+00 4.728490E-03
5.808739E+00 1.532335E+00 4.716147E-03
5.802154E+00 1.532597E+00 4.702214E-03
5.795583E+00 1.532859E+00 4.686696E-03
5.789027E+00 1.533119E+00 4.669601E-03
5.782486E+00 1.533377E+00 4.650942E-03
5.775960E+00 1.533635E+00 4.630733E-03
5.769448E+00 1.533892E+00 4.608993E-03
5.762951E+00 1.534148E+00 4.585741E-03
5.756469E+00 1.534403E+00 4.561003E-03
5.750001E+00 1.534657E+00 4.534806E-03
5.743545E+00 1.534910E+00 4.507179E-03
5.737106E+00 1.535163E+00 4.478156E-03
5.730682E+00 1.535415E+00 4.447773E-03
5.724272E+00 1.535667E+00 4.416069E-03
5.717877E+00 1.535918E+00 4.383084E-03
5.711495E+00 1.536169E+00 4.348862E-03
5.705128E+00 1.536419E+00 4.313449E-03
5.698775E+00 1.536669E+00 4.276895E-03
5.692437E+00 1.536919E+00 4.239249E-03
5.686112E+00 1.537168E+00 4.200564E-03
5.679801E+00 1.537418E+00 4.160894E-03
5.673505E+00 1.537667E+00 4.120295E-03
5.667222E+00 1.537916E+00 4.078823E-03
5.660950E+00 1.538165E+00 4.036538E-03
5.654695E+00 1.538414E+00 3.993498E-03
5.648454E+00 1.538663E+00 3.949763E-03
5.642226E+00 1.538913E+00 3.905394E-03
5.636013E+00 1.539162E+00 3.860451E-03
5.629813E+00 1.539411E+00 3.814995E-03
5.623626E+00 1.539660E+00 3.769087E-03
5.617454E+00 1.539910E+00 3.722787E-03
5.611294E+00 1.540159E+00 3.676154E-03
5.605149E+00 1.540409E+00 3.629247E-03
5.599016E+00 1.540658E+00 3.582124E-03
5.592897E+00 1.540908E+00 3.534840E-03
5.586792E+00 1.541158E+00 3.487451E-03
5.580697E+00 1.541408E+00 3.440009E-03
5.574618E+00 1.541658E+00 3.392565E-03
5.568552E+00 1.541908E+00 3.345169E-03
5.562499E+00 1.542158E+00 3.297868E-03
5.556460E+00 1.542408E+00 3.250705E-03
5.550434E+00 1.542658E+00 3.203724E-03
5.544421E+00 1.542908E+00 3.156962E-03
5.538420E+00 1.543158E+00 3.110458E-03
5.532433E+00 1.543408E+00 3.064245E-03
5.526459E+00 1.543658E+00 3.018353E-03
5.520497E+00 1.543908E+00 2.972813E-03
5.514549E+00 1.544157E+00 2.927649E-03
5.508610E+00 1.544407E+00 2.882883E-03
5.502687E+00 1.544656E+00 2.838536E-03
5.496777E+00 1.544905E+00 2.794625E-03
5.490879E+00 1.545153E+00 2.751164E-03
5.484994E+00 1.545402E+00 2.708166E-03
5.479122E+00 1.545650E+00 2.665639E-03
5.473262E+00 1.545897E+00 2.623590E-03
5.467415E+00 1.546145E+00 2.582024E-03
5.461580E+00 1.546391E+00 2.540944E-03
5.455758E+00 1.546638E+00 2.500351E-03
5.449948E+00 1.546884E+00 2.460242E-03
5.444150E+00 1.547129E+00 2.420615E-03
5.438365E+00 1.547374E+00 2.381466E-03
5.432589E+00 1.547618E+00 2.342789E-03
5.426828E+00 1.547862E+00 2.304577E-03
5.421080E+00 1.548105E+00 2.266824E-03
5.415343E+00 1.548348E+00 2.229520E-03
5.409619E+00 1.548590E+00 2.192657E-03
5.403907E+00 1.548832E+00 2.156225E-03
5.398207E+00 1.549073E+00 2.120216E-03
5.392519E+00 1.549313E+00 2.084619E-03
5.386843E+00 1.549553E+00 2.049427E-03
5.381178E+00 1.549792E+00 2.014629E-03
5.375526E+00 1.550030E+00 1.980217E-03
5.369886E+00 1.550268E+00 1.946185E-03
5.364257E+00 1.550505E+00 1.912523E-03
5.358638E+00 1.550742E+00 1.879227E-03
5.353032E+00 1.550978E+00 1.846289E-03
5.347439E+00 1.551213E+00 1.813707E-03
5.341858E+00 1.551448E+00 1.781476E-03
5.336288E+00 1.551682E+00 1.749593E-03
5.330729E+00 1.551916E+00 1.718058E-03
5.325182E+00 1.552149E+00 1.686869E-03
5.319647E+00 1.552381E+00 1.656027E-03
5.314123E+00 1.552613E+00 1.625534E-03
5.308611E+00 1.552844E+00 1.595392E-03
5.303110E+00 1.553075E+00 1.565605E-03
5.297620E+00 1.553305E+00 1.536177E-03
5.292139E+00 1.553534E+00 1.507113E-03
5.286672E+00 1.553763E+00 1.478420E-03
5.281217E+00 1.553992E+00 1.450103E-03
5.275773E+00 1.554220E+00 1.422170E-03
5.270339E+00 1.554447E+00 1.394629E-03
5.264917E+00 1.554674E+00 1.367487E-03
5.259507E+00 1.554900E+00 1.340753E-03
5.254107E+00 1.555125E+00 1.314435E-03
5.248718E+00 1.555350E+00 1.288540E-03
5.243341E+00 1.555575E+00 1.263078E-03
5.237974E+00 1.555799E+00 1.238057E-03
5.232619E+00 1.556022E+00 1.213483E-03
5.227274E+00 1.556245E+00 1.189365E-03
5.221938E+00 1.556467E+00 1.165709E-03
5.216615E+00 1.556688E+00 1.142522E-03
5.211303E+00 1.556909E+00 1.119809E-03
5.206001E+00 1.557129E+00 1.097574E-03
5.200711E+00 1.557349E+00 1.075823E-03
5.195431E+00 1.557568E+00 1.054559E-03
5.190162E+00 1.557786E+00 1.033784E-03
5.184904E+00 1.558004E+00 1.013499E-03
5.179656E+00 1.558221E+00 9.937050E-04
5.174419E+00 1.558437E+00 9.744021E-04
5.169193E+00 1.558652E+00 9.555889E-04
5.163977E+00 1.558867E+00 9.372630E-04
5.158769E+00 1.559081E+00 9.194215E-04
5.153574E+00 1.559295E+00 9.020601E-04
5.148389E+00 1.559507E+00 8.851741E-04
5.143215E+00 1.559719E+00 8.687576E-04
5.138052E+00 1.559930E+00 8.528040E-04
5.132898E+00 1.560141E+00 8.373059E-04
5.127755E+00 1.560350E+00 8.222552E-04
5.122623E+00 1.560559E+00 8.076431E-04
5.117500E+00 1.560767E+00 7.934603E-04
5.112388E+00 1.560974E+00 7.796968E-04
5.107286E+00 1.561180E+00 7.663421E-04
5.102194E+00 1.561385E+00 7.533854E-04
5.097113E+00 1.561590E+00 7.408155E-04
5.092039E+00 1.561794E+00 7.286207E-04
5.086977E+00 1.561996E+00 7.167893E-04
5.081926E+00 1.562198E+00 7.053092E-04
5.076884E+00 1.562400E+00 6.941684E-04
5.071853E+00 1.562600E+00 6.833547E-04
5.066832E+00 1.562799E+00 6.728558E-04
5.061820E+00 1.562998E+00 6.626595E-04
5.056818E+00 1.563196E+00 6.527539E-04
5.051827E+00 1.563393E+00 6.431270E-04
5.046845E+00 1.563589E+00 6.337668E-04
5.041873E+00 1.563784E+00 6.246620E-04
5.036910E+00 1.563978E+00 6.158012E-04
5.031958E+00 1.564172E+00 6.071732E-04
5.027013E+00 1.564364E+00 5.987675E-04
5.022080E+00 1.564556E+00 5.905735E-04
5.017156E+00 1.564747E+00 5.825813E-04
5.012242E+00 1.564937E+00 5.747811E-04
5.007338E+00 1.565126E+00 5.671636E-04
5.002444E+00 1.565315E+00 5.597200E-04
4.997559E+00 1.565502E+00 5.524417E-04
4.992683E+00 1.565689E+00 5.453205E-04
4.987817E+00 1.565875E+00 5.383489E-04
4.982961E+00 1.566060E+00 5.315194E-04
4.978114E+00 1.566245E+00 5.248252E-04
4.973276E+00 1.566428E+00 5.182598E-04
4.968445E+00 1.566611E+00 5.118170E-04
4.963627E+00 1.566793E+00 5.054912E-04
4.958817E+00 1.566975E+00 4.992769E-04
4.954017E+00 1.567155E+00 4.931692E-04
4.949226E+00 1.567335E+00 4.871634E-04
4.944444E+00 1.567514E+00 4.812552E-04
4.939672E+00 1.567693E+00 4.754405E-04
4.934909E+00 1.567870E+00 4.697157E-04
4.930155E+00 1.568047E+00 4.640773E-04
4.925410E+00 1.568223E+00 4.585223E-04
4.920674E+00 1.568399E+00 4.530476E-04
4.915947E+00 1.568573E+00 4.476507E-04
4.911230E+00 1.568747E+00 4.423292E-04
4.906519E+00 1.568921E+00 4.370809E-04
4.901819E+00 1.569093E+00 4.319037E-04
4.897128E+00 1.569265E+00 4.267958E-04
4.892447E+00 1.569437E+00 4.217557E-04
4.887774E+00 1.569607E+00 4.167817E-04
4.883111E+00 1.569777E+00 4.118725E-04
4.878456E+00 1.569947E+00 4.070270E-04
4.873810E+00 1.570115E+00 4.022439E-04
4.869173E+00 1.570283E+00 3.975223E-04
4.864544E+00 1.570451E+00 3.928613E-04
4.859925E+00 1.570617E+00 3.882600E-04
4.855314E+00 1.570784E+00 3.837177E-04
4.850712E+00 1.570949E+00 3.792337E-04
4.846116E+00 1.571114E+00 3.748075E-04
4.841532E+00 1.571278E+00 3.704383E-04
4.836956E+00 1.571442E+00 3.661257E-04
4.832389E+00 1.571605E+00 3.618692E-04
4.827830E+00 1.571767E+00 3.576683E-04
4.823280E+00 1.571929E+00 3.535226E-04
4.818738E+00 1.572090E+00 3.494317E-04
4.814205E+00 1.572251E+00 3.453951E-04
4.809681E+00 1.572411E+00 3.414125E-04
4.805165E+00 1.572570E+00 3.374834E-04
4.800657E+00 1.572729E+00 3.336075E-04
4.796158E+00 1.572887E+00 3.297844E-04
4.791666E+00 1.573045E+00 3.260138E-04
4.787183E+00 1.573202E+00 3.222951E-04
4.782710E+00 1.573359E+00 3.186281E-04
4.778244E+00 1.573515E+00 3.150124E-04
4.773787E+00 1.573670E+00 3.114474E-04
4.769338E+00 1.573825E+00 3.079329E-04
4.764898E+00 1.573979E+00 3.044683E-04
4.760465E+00 1.574133E+00 3.010533E-04
4.756041E+00 1.574286E+00 2.976874E-04
4.751625E+00 1.574439E+00 2.943700E-04
4.747218E+00 1.574591E+00 2.911008E-04
4.742818E+00 1.574742E+00 2.878793E-04
4.738427E+00 1.574893E+00 2.847049E-04
4.734042E+00 1.575044E+00 2.815770E-04
4.729666E+00 1.575193E+00 2.784953E-04
4.725299E+00 1.575343E+00 2.754591E-04
4.720940E+00 1.575492E+00 2.724679E-04
4.716590E+00 1.575640E+00 2.695211E-04
4.712247E+00 1.575788E+00 2.666182E-04
4.707912E+00 1.575935E+00 2.637586E-04
4.703585E+00 1.576082E+00 2.609416E-04
4.699266E+00 1.576228E+00 2.581666E-04
4.694955E+00 1.576373E+00 2.554331E-04
4.690652E+00 1.576519E+00 2.527405E-04
4.686356E+00 1.576663E+00 2.500881E-04
4.682067E+00 1.576807E+00 2.474752E-04
4.677787E+00 1.576951E+00 2.449013E-04
4.673515E+00 1.577094E+00 2.423658E-04
4.669251E+00 1.577237E+00 2.398678E-04
4.664995E+00 1.577379E+00 2.374070E-04
4.660747E+00 1.577521E+00 2.349824E-04
4.656506E+00 1.577662E+00 2.325937E-04
4.652273E+00 1.577802E+00 2.302400E-04
4.648048E+00 1.577943E+00 2.279208E-04
4.643830E+00 1.578082E+00 2.256354E-04
4.639620E+00 1.578221E+00 2.233831E-04
4.635417E+00 1.578360E+00 2.211634E-04
4.631223E+00 1.578498E+00 2.189755E-04
4.627033E+00 1.578636E+00 2.168190E-04
4.622854E+00 1.578773E+00 2.146931E-04
4.618682E+00 1.578910E+00 2.125972E-04
4.614517E+00 1.579046E+00 2.105307E-04
4.610360E+00 1.579182E+00 2.084931E-04
4.606210E+00 1.579318E+00 2.064837E-04
4.602068E+00 1.579452E+00 2.045019E-04
4.597934E+00 1.579587E+00 2.025472E-04
4.593806E+00 1.579721E+00 2.006189E-04
4.589687E+00 1.579854E+00 1.987166E-04
4.585574E+00 1.579987E+00 1.968397E-04
4.581469E+00 1.580120E+00 1.949876E-04
4.577371E+00 1.580252E+00 1.931598E-04
4.573279E+00 1.580384E+00 1.913558E-04
4.569196E+00 1.580515E+00 1.895751E-04
4.565120E+00 1.580646E+00 1.878172E-04
4.561051E+00 1.580776E+00 1.860816E-04
4.556990E+00 1.580906E+00 1.843679E-04
4.552936E+00 1.581036E+00 1.826755E-04
4.548889E+00 1.581165E+00 1.810042E-04
4.544849E+00 1.581293E+00 1.793533E-04
4.540817E+00 1.581422E+00 1.777226E-04
4.536791E+00 1.581549E+00 1.761115E-04
4.532773E+00 1.581677E+00 1.745198E-04
4.528762E+00 1.581804E+00 1.729470E-04
4.524756E+00 1.581930E+00 1.713929E-04
4.520759E+00 1.582056E+00 1.698569E-04
4.516769E+00 1.582182E+00 1.683389E-04
4.512786E+00 1.582307E+00 1.668384E-04
4.508810E+00 1.582432E+00 1.653553E-04
4.504841E+00 1.582556E+00 1.638891E-04
4.500879E+00 1.582680E+00 1.624396E-04
4.496925E+00 1.582804E+00 1.610067E-04
4.492977E+00 1.582927E+00 1.595899E-04
4.489036E+00 1.583050E+00 1.581891E-04
4.485101E+00 1.583172E+00 1.568040E-04
4.481174E+00 1.583294E+00 1.554345E-04
4.477254E+00 1.583416E+00 1.540804E-04
4.473338E+00 1.583537E+00 1.527414E-04
4.469432E+00 1.583658E+00 1.514175E-04
4.465532E+00 1.583779E+00 1.501084E-04
4.461639E+00 1.583899E+00 1.488141E-04
4.457752E+00 1.584018E+00 1.475343E-04
4.453873E+00 1.584137E+00 1.462691E-04
4.450000E+00 1.584256E+00 1.450182E-04
4.446134E+00 1.584375E+00 1.437817E-04
4.442275E+00 1.584493E+00 1.425593E-04
4.438422E+00 1.584611E+00 1.413512E-04
4.434576E+00 1.584728E+00 1.401572E-04
4.430737E+00 1.584845E+00 1.389772E-04
4.426904E+00 1.584962E+00 1.378114E-04
4.423076E+00 1.585078E+00 1.366595E-04
4.419257E+00 1.585194E+00 1.355217E-04
4.415444E+00 1.585309E+00 1.343980E-04
4.411638E+00 1.585424E+00 1.332883E-04
4.407838E+00 1.585539E+00 1.321928E-04
4.404045E+00 1.585654E+00 1.311113E-04
4.400258E+00 1.585768E+00 1.300441E-04
4.396478E+00 1.585882E+00 1.289911E-04
4.392704E+00 1.585995E+00 1.279524E-04
4.388937E+00 1.586108E+00 1.269281E-04
4.385176E+00 1.586221E+00 1.259182E-04
4.381422E+00 1.586333E+00 1.249229E-04
4.377672E+00 1.586445E+00 1.239423E-04
4.373931E+00 1.586556E+00 1.229764E-04
4.370196E+00 1.586668E+00 1.220254E-04
4.366467E+00 1.586779E+00 1.210893E-04
4.362745E+00 1.586889E+00 1.201684E-04
4.359029E+00 1.586999E+00 1.192628E-04
4.355319E+00 1.587109E+00 1.183724E-04
4.351616E+00 1.587219E+00 1.174976E-04
4.347919E+00 1.587328E+00 1.166385E-04
4.344228E+00 1.587437E+00 1.157951E-04
4.340543E+00 1.587546E+00 1.149676E-04
4.336865E+00 1.587654E+00 1.141563E-04
4.333193E+00 1.587762E+00 1.133611E-04
4.329525E+00 1.587869E+00 1.125823E-04
4.325866E+00 1.587976E+00 1.118200E-04
4.322212E+00 1.588083E+00 1.110744E-04
4.318565E+00 1.588190E+00 1.103455E-04
4.314924E+00 1.588296E+00 1.096336E-04
4.311289E+00 1.588402E+00 1.089387E-04
4.307660E+00 1.588508E+00 1.082610E-04
4.304037E+00 1.588613E+00 1.076006E-04
4.300420E+00 1.588718E+00 1.069577E-04
4.296810E+00 1.588823E+00 1.063323E-04
4.293205E+00 1.588927E+00 1.057245E-04
4.289607E+00 1.589031E+00 1.051344E-04
4.286014E+00 1.589135E+00 1.045622E-04
4.282426E+00 1.589238E+00 1.040079E-04
4.278846E+00 1.589341E+00 1.034715E-04
4.275271E+00 1.589444E+00 1.029531E-04
4.271702E+00 1.589546E+00 1.024527E-04
4.268140E+00 1.589648E+00 1.019704E-04
4.264583E+00 1.589750E+00 1.015061E-04
4.261033E+00 1.589852E+00 1.010599E-04
4.257488E+00 1.589953E+00 1.006317E-04
4.253949E+00 1.590054E+00 1.002215E-04
4.250416E+00 1.590154E+00 9.982925E-05
4.246889E+00 1.590255E+00 9.945481E-05
4.243367E+00 1.590355E+00 9.909810E-05
4.239850E+00 1.590454E+00 9.875901E-05
4.236340E+00 1.590554E+00 9.843739E-05
4.232836E+00 1.590653E+00 9.813308E-05
4.229338E+00 1.590752E+00 9.784590E-05
4.225846E+00 1.590850E+00 9.757564E-05
4.222360E+00 1.590948E+00 9.732206E-05
4.218879E+00 1.591046E+00 9.708490E-05
4.215404E+00 1.591144E+00 9.686390E-05
4.211934E+00 1.591241E+00 9.665875E-05
4.208471E+00 1.591338E+00 9.646911E-05
4.205013E+00 1.591435E+00 9.629463E-05
4.201561E+00 1.591531E+00 9.613495E-05
4.198114E+00 1.591627E+00 9.598964E-05
4.194671E+00 1.591723E+00 9.585829E-05
4.191236E+00 1.591818E+00 9.574044E-05
4.187806E+00 1.591913E+00 9.563562E-05
4.184382E+00 1.592008E+00 9.554333E-05
4.180964E+00 1.592103E+00 9.546303E-05
4.177551E+00 1.592197E+00 9.539419E-05
4.174144E+00 1.592291E+00 9.533622E-05
4.170742E+00 1.592385E+00 9.528854E-05
4.167346E+00 1.592478E+00 9.525054E-05
4.163955E+00 1.592572E+00 9.522157E-05
4.160570E+00 1.592664E+00 9.520098E-05
4.157190E+00 1.592757E+00 9.518810E-05
4.153814E+00 1.592849E+00 9.518223E-05
4.150445E+00 1.592941E+00 9.518267E-05
4.147082E+00 1.593033E+00 9.518869E-05
4.143724E+00 1.593125E+00 9.519955E-05
4.140372E+00 1.593216E+00 9.521451E-05
4.137025E+00 1.593307E+00 9.523279E-05
4.133683E+00 1.593397E+00 9.525364E-05
4.130347E+00 1.593488E+00 9.527626E-05
4.127016E+00 1.593578E+00 9.529986E-05
4.123691E+00 1.593667E+00 9.532367E-05
4.120371E+00 1.593757E+00 9.534687E-05
4.117056E+00 1.593846E+00 9.536868E-05
4.113747E+00 1.593935E+00 9.538829E-05
4.110441E+00 1.594024E+00 9.540492E-05
4.107142E+00 1.594112E+00 9.541776E-05
4.103849E+00 1.594200E+00 9.542604E-05
4.100561E+00 1.594288E+00 9.542897E-05
4.097278E+00 1.594376E+00 9.542579E-05
4.094000E+00 1.594463E+00 9.541574E-05
4.090727E+00 1.594550E+00 9.539808E-05
4.087460E+00 1.594637E+00 9.537207E-05
4.084198E+00 1.594723E+00 9.533701E-05
4.080941E+00 1.594810E+00 9.529221E-05
4.077690E+00 1.594896E+00 9.523698E-05
4.074443E+00 1.594981E+00 9.517069E-05
4.071202E+00 1.595067E+00 9.509270E-05
4.067964E+00 1.595152E+00 9.500241E-05
4.064733E+00 1.595237E+00 9.489926E-05
4.061507E+00 1.595322E+00 9.478269E-05
4.058287E+00 1.595406E+00 9.465219E-05
4.055071E+00 1.595491E+00 9.450727E-05
4.051861E+00 1.595575E+00 9.434750E-05
4.048655E+00 1.595658E+00 9.417244E-05
4.045455E+00 1.595742E+00 9.398171E-05
4.042259E+00 1.595825E+00 9.377497E-05
4.039069E+00 1.595908E+00 9.355191E-05
4.035884E+00 1.595991E+00 9.331226E-05
4.032704E+00 1.596074E+00 9.305577E-05
4.029527E+00 1.596156E+00 9.278225E-05
4.026357E+00 1.596238E+00 9.249154E-05
4.023191E+00 1.596320E+00 9.218352E-05
4.020031E+00 1.596401E+00 9.185811E-05
4.016876E+00 1.596483E+00 9.151526E-05
4.013725E+00 1.596564E+00 9.115499E-05
4.010580E+00 1.596645E+00 9.077731E-05
4.007439E+00 1.596726E+00 9.038230E-05
4.004304E+00 1.596806E+00 8.997008E-05
4.001173E+00 1.596886E+00 8.954080E-05
3.998047E+00 1.596967E+00 8.909463E-05
3.994926E+00 1.597046E+00 8.863181E-05
3.991810E+00 1.597126E+00 8.815258E-05
3.988698E+00 1.597205E+00 8.765724E-05
3.985591E+00 1.597285E+00 8.714611E-05
3.982490E+00 1.597364E+00 8.661955E-05
3.979393E+00 1.597442E+00 8.607793E-05
3.976301E+00 1.597521E+00 8.552168E-05
3.973214E+00 1.597599E+00 8.495123E-05
3.970132E+00 1.597678E+00 8.436705E-05
3.967054E+00 1.597756E+00 8.376964E-05
3.963982E+00 1.597833E+00 8.315950E-05
3.960914E+00 1.597911E+00 8.253717E-05
3.957850E+00 1.597988E+00 8.190320E-05
3.954792E+00 1.598066E+00 8.125817E-05
3.951738E+00 1.598142E+00 8.060266E-05
3.948688E+00 1.598219E+00 7.993728E-05
3.945643E+00 1.598296E+00 7.926263E-05
3.942604E+00 1.598372E+00 7.857934E-05
3.939569E+00 1.598448E+00 7.788805E-05
3.936538E+00 1.598524E+00 7.718938E-05
3.933513E+00 1.598600E+00 7.648398E-05
3.930492E+00 1.598676E+00 7.577251E-05
3.927475E+00 1.598751E+00 7.505559E-05
3.924463E+00 1.598827E+00 7.433388E-05
3.921456E+00 1.598902E+00 7.360803E-05
3.918454E+00 1.598977E+00 7.287867E-05
3.915456E+00 1.599051E+00 7.214644E-05
3.912461E+00 1.599126E+00 7.141195E-05
3.909472E+00 1.599200E+00 7.067584E-05
3.906488E+00 1.599274E+00 6.993871E-05
3.903508E+00 1.599348E+00 6.920116E-05
3.900533E+00 1.599422E+00 6.846376E-05
3.897563E+00 1.599496E+00 6.772709E-05
3.894597E+00 1.599569E+00 6.699171E-05
3.891635E+00 1.599642E+00 6.625814E-05
3.888678E+00 1.599716E+00 6.552693E-05
3.885725E+00 1.599788E+00 6.479856E-05
3.882777E+00 1.599861E+00 6.407352E-05
3.879834E+00 1.599934E+00 6.335228E-05
3.876895E+00 1.600006E+00 6.263529E-05
3.873958E+00 1.600078E+00 6.192296E-05
3.871028E+00 1.600150E+00 6.121570E-05
3.868102E+00 1.600222E+00 6.051390E-05
3.865181E+00 1.600294E+00 5.981791E-05
3.862264E+00 1.600365E+00 5.912807E-05
3.859351E+00 1.600437E+00 5.844470E-05
3.856443E+00 1.600508E+00 5.776808E-05
3.853539E+00 1.600579E+00 5.709850E-05
3.850640E+00 1.600649E+00 5.643620E-05
3.847745E+00 1.600720E+00 5.578141E-05
3.844854E+00 1.600790E+00 5.513434E-05
3.841968E+00 1.600861E+00 5.449516E-05
3.839085E+00 1.600931E+00 5.386404E-05
3.836206E+00 1.601001E+00 5.324112E-05
3.833333E+00 1.601070E+00 5.262654E-05
3.830464E+00 1.601140E+00 5.202037E-05
3.827599E+00 1.601209E+00 5.142272E-05
3.824738E+00 1.601279E+00 5.083365E-05
3.821882E+00 1.601348E+00 5.025319E-05
3.819030E+00 1.601417E+00 4.968139E-05
3.816182E+00 1.601485E+00 4.911825E-05
3.813339E+00 1.601554E+00 4.856376E-05
3.810499E+00 1.601622E+00 4.801792E-05
3.807664E+00 1.601690E+00 4.748069E-05
3.804833E+00 1.601758E+00 4.695201E-05
3.802005E+00 1.601826E+00 4.643183E-05
3.799183E+00 1.601894E+00 4.592008E-05
3.796365E+00 1.601962E+00 4.541667E-05
3.793550E+00 1.602029E+00 4.492151E-05
3.790741E+00 1.602096E+00 4.443450E-05
3.787935E+00 1.602163E+00 4.395551E-05
3.785133E+00 1.602230E+00 4.348444E-05
3.782336E+00 1.602297E+00 4.302114E-05
3.779542E+00 1.602363E+00 4.256549E-05
3.776753E+00 1.602430E+00 4.211734E-05
3.773968E+00 1.602496E+00 4.167654E-05
3.771187E+00 1.602562E+00 4.124294E-05
3.768410E+00 1.602628E+00 4.081639E-05
3.765636E+00 1.602693E+00 4.039673E-05
3.762867E+00 1.602759E+00 3.998378E-05
3.760102E+00 1.602824E+00 3.957740E-05
3.757342E+00 1.602889E+00 3.917740E-05
3.754585E+00 1.602954E+00 3.878363E-05
3.751833E+00 1.603019E+00 3.839591E-05
3.749084E+00 1.603084E+00 3.801409E-05
3.746340E+00 1.603148E+00 3.763798E-05
3.743599E+00 1.603213E+00 3.726742E-05
3.740863E+00 1.603277E+00 3.690225E-05
3.738131E+00 1.603341E+00 3.654231E-05
3.735402E+00 1.603405E+00 3.618742E-05
3.732676E+00 1.603469E+00 3.583744E-05
3.729956E+00 1.603532E+00 3.549220E-05
3.727239E+00 1.603596E+00 3.515155E-05
3.724527E+00 1.603659E+00 3.481534E-05
3.721818E+00 1.603722E+00 3.448342E-05
3.719113E+00 1.603785E+00 3.415564E-05
3.716412E+00 1.603848E+00 3.383188E-05
3.713716E+00 1.603910E+00 3.351198E-05
3.711023E+00 1.603973E+00 3.319582E-05
3.708334E+00 1.604035E+00 3.288327E-05
3.705648E+00 1.604097E+00 3.257420E-05
3.702967E+00 1.604159E+00 3.226850E-05
3.700290E+00 1.604221E+00 3.196604E-05
3.697615E+00 1.604283E+00 3.166672E-05
3.694945E+00 1.604345E+00 3.137042E-05
3.692280E+00 1.604406E+00 3.107706E-05
3.689618E+00 1.604467E+00 3.078652E-05
3.686959E+00 1.604528E+00 3.049871E-05
3.684305E+00 1.604589E+00 3.021355E-05
3.681655E+00 1.604650E+00 2.993094E-05
3.679008E+00 1.604711E+00 2.965081E-05
3.676365E+00 1.604771E+00 2.937307E-05
3.673726E+00 1.604832E+00 2.909766E-05
3.671091E+00 1.604892E+00 2.882451E-05
3.668459E+00 1.604952E+00 2.855354E-05
3.665832E+00 1.605012E+00 2.828470E-05
3.663206E+00 1.605072E+00 2.801793E-05
3.660586E+00 1.605131E+00 2.775317E-05
3.657970E+00 1.605191E+00 2.749037E-05
3.655357E+00 1.605250E+00 2.722949E-05
3.652748E+00 1.605309E+00 2.697047E-05
3.650143E+00 1.605368E+00 2.671328E-05
3.647541E+00 1.605427E+00 2.645787E-05
3.644943E+00 1.605486E+00 2.620422E-05
3.642349E+00 1.605545E+00 2.595228E-05
3.639759E+00 1.605603E+00 2.570203E-05
3.637172E+00 1.605661E+00 2.545343E-05
3.634589E+00 1.605720E+00 2.520646E-05
3.632008E+00 1.605778E+00 2.496111E-05
3.629432E+00 1.605836E+00 2.471733E-05
3.626860E+00 1.605893E+00 2.447513E-05
3.624291E+00 1.605951E+00 2.423447E-05
3.621727E+00 1.606008E+00 2.399534E-05
3.619165E+00 1.606066E+00 2.375772E-05
3.616608E+00 1.606123E+00 2.352162E-05
3.614054E+00 1.606180E+00 2.328700E-05
3.611503E+00 1.606237E+00 2.305387E-05
3.608957E+00 1.606294E+00 2.282220E-05
3.606413E+00 1.606351E+00 2.259201E-05
3.603874E+00 1.606407E+00 2.236328E-05
3.601338E+00 1.606464E+00 2.213600E-05
3.598804E+00 1.606520E+00 2.191017E-05
3.596275E+00 1.606576E+00 2.168578E-05
3.593750E+00 1.606632E+00 2.146284E-05
3.591228E+00 1.606688E+00 2.124134E-05
3.588709E+00 1.606744E+00 2.102129E-05
3.586195E+00 1.606799E+00 2.080267E-05
3.583683E+00 1.606855E+00 2.058549E-05
3.581176E+00 1.606910E+00 2.036975E-05
3.578672E+00 1.606965E+00 2.015546E-05
3.576171E+00 1.607020E+00 1.994260E-05
3.573674E+00 1.607075E+00 1.973119E-05
3.571180E+00 1.607130E+00 1.952123E-05
3.568690E+00 1.607185E+00 1.931271E-05
3.566202E+00 1.607240E+00 1.910564E-05
3.563718E+00 1.607294E+00 1.890002E-05
3.561238E+00 1.607348E+00 1.869586E-05
3.558762E+00 1.607403E+00 1.849316E-05
3.556289E+00 1.607457E+00 1.829192E-05
3.553819E+00 1.607511E+00 1.809214E-05
3.551353E+00 1.607564E+00 1.789382E-05
3.548891E+00 1.607618E+00 1.769698E-05
3.546431E+00 1.607672E+00 1.750160E-05
3.543975E+00 1.607725E+00 1.730770E-05
3.541523E+00 1.607778E+00 1.711528E-05
3.539074E+00 1.607832E+00 1.692433E-05
3.536627E+00 1.607885E+00 1.673487E-05
3.534185E+00 1.607938E+00 1.654689E-05
3.531746E+00 1.607990E+00 1.636040E-05
3.529310E+00 1.608043E+00 1.617540E-05
3.526878E+00 1.608096E+00 1.599188E-05
3.524449E+00 1.608148E+00 1.580986E-05
3.522023E+00 1.608201E+00 1.562933E-05
3.519601E+00 1.608253E+00 1.545029E-05
3.517182E+00 1.608305E+00 1.527275E-05
3.514767E+00 1.608357E+00 1.509671E-05
3.512355E+00 1.608409E+00 1.492216E-05
3.509946E+00 1.608461E+00 1.474911E-05
3.507540E+00 1.608512E+00 1.457756E-05
3.505136E+00 1.608564E+00 1.440750E-05
3.502737E+00 1.608615E+00 1.423894E-05
3.500342E+00 1.608666E+00 1.407188E-05
3.497949E+00 1.608718E+00 1.390632E-05
3.495560E+00 1.608769E+00 1.374225E-05
3.493174E+00 1.608820E+00 1.357967E-05
3.490791E+00 1.608870E+00 1.341859E-05
3.488412E+00 1.608921E+00 1.325900E-05
3.486036E+00 1.608972E+00 1.310090E-05
3.483663E+00 1.609022E+00 1.294428E-05
3.481293E+00 1.609072E+00 1.278915E-05
3.478926E+00 1.609123E+00 1.263550E-05
3.476563E+00 1.609173E+00 1.248333E-05
3.474202E+00 1.609223E+00 1.233263E-05
3.471845E+00 1.609273E+00 1.218341E-05
3.469491E+00 1.609323E+00 1.203566E-05
3.467141E+00 1.609372E+00 1.188938E-05
3.464793E+00 1.609422E+00 1.174455E-05
3.462449E+00 1.609471E+00 1.160119E-05
3.460108E+00 1.609521E+00 1.145927E-05
3.457770E+00 1.609570E+00 1.131881E-05
3.455436E+00 1.609619E+00 1.117979E-05
3.453104E+00 1.609668E+00 1.104221E-05
3.450776E+00 1.609717E+00 1.090606E-05
3.448451E+00 1.609766E+00 1.077135E-05
3.446127E+00 1.609814E+00 1.063805E-05
3.443808E+00 1.609863E+00 1.050617E-05
3.441493E+00 1.609911E+00 1.037571E-05
3.439180E+00 1.609960E+00 1.024665E-05
3.436870E+00 1.610008E+00 1.011899E-05
3.434564E+00 1.610056E+00 9.992716E-06
3.432260E+00 1.610104E+00 9.867834E-06
3.429960E+00 1.610152E+00 9.744330E-06
3.427663E+00 1.610200E+00 9.622199E-06
3.425368E+00 1.610247E+00 9.501433E-06
3.423077E+00 1.610295E+00 9.382025E-06
3.420789E+00 1.610343E+00 9.263968E-06
3.418504E+00 1.610390E+00 9.147254E-06
3.416221E+00 1.610437E+00 9.031875E-06
3.413942E+00 1.610484E+00 8.917824E-06
3.411666E+00 1.610531E+00 8.805093E-06
3.409393E+00 1.610578E+00 8.693674E-06
3.407124E+00 1.610625E+00 8.583558E-06
3.404857E+00 1.610672E+00 8.474737E-06
3.402593E+00 1.610719E+00 8.367203E-06
3.400332E+00 1.610765E+00 8.260947E-06
3.398075E+00 1.610812E+00 8.155961E-06
3.395820E+00 1.610858E+00 8.052236E-06
3.393568E+00 1.610904E+00 7.949763E-06
3.391319E+00 1.610950E+00 7.848534E-06
3.389072E+00 1.610997E+00 7.748538E-06
3.386829E+00 1.611042E+00 7.649767E-06
3.384590E+00 1.611088E+00 7.552213E-06
3.382353E+00 1.611134E+00 7.455864E-06
3.380119E+00 1.611180E+00 7.360714E-06
3.377888E+00 1.611225E+00 7.266751E-06
3.375660E+00 1.611271E+00 7.173966E-06
3.373434E+00 1.611316E+00 7.082350E-06
3.371212E+00 1.611361E+00 6.991894E-06
3.368993E+00 1.611406E+00 6.902587E-06
3.366777E+00 1.611451E+00 6.814420E-06
3.364563E+00 1.611496E+00 6.727383E-06
3.362353E+00 1.611541E+00 6.641467E-06
3.360144E+00 1.611586E+00 6.556661E-06
3.357939E+00 1.611631E+00 6.472956E-06
3.355737E+00 1.611675E+00 6.390341E-06
3.353538E+00 1.611720E+00 6.308807E-06
3.351342E+00 1.611764E+00 6.228344E-06
3.349149E+00 1.611808E+00 6.148941E-06
3.346959E+00 1.611852E+00 6.070589E-06
3.344771E+00 1.611896E+00 5.993278E-06
3.342587E+00 1.611940E+00 5.916997E-06
3.340405E+00 1.611984E+00 5.841737E-06
3.338226E+00 1.612028E+00 5.767487E-06
3.336050E+00 1.612072E+00 5.694237E-06
3.333877E+00 1.612115E+00 5.621978E-06
3.331705E+00 1.612159E+00 5.550699E-06
3.329538E+00 1.612202E+00 5.480389E-06
3.327373E+00 1.612246E+00 5.411040E-06
3.325211E+00 1.612289E+00 5.342640E-06
3.323052E+00 1.612332E+00 5.275179E-06
3.320895E+00 1.612375E+00 5.208649E-06
3.318742E+00 1.612418E+00 5.143037E-06
3.316591E+00 1.612461E+00 5.078335E-06
3.314443E+00 1.612504E+00 5.014533E-06
3.312298E+00 1.612546E+00 4.951620E-06
3.310156E+00 1.612589E+00 4.889586E-06
3.308016E+00 1.612631E+00 4.828421E-06
3.305878E+00 1.612674E+00 4.768116E-06
3.303744E+00 1.612716E+00 4.708661E-06
3.301613E+00 1.612758E+00 4.650045E-06
3.299484E+00 1.612800E+00 4.592259E-06
3.297358E+00 1.612842E+00 4.535293E-06
3.295235E+00 1.612884E+00 4.479137E-06
3.293115E+00 1.612926E+00 4.423782E-06
3.290997E+00 1.612968E+00 4.369217E-06
3.288882E+00 1.613010E+00 4.315434E-06
3.286770E+00 1.613051E+00 4.262422E-06
3.284660E+00 1.613093E+00 4.210172E-06
3.282553E+00 1.613134E+00 4.158674E-06
3.280449E+00 1.613175E+00 4.107919E-06
3.278347E+00 1.613217E+00 4.057898E-06
3.276248E+00 1.613258E+00 4.008601E-06
3.274152E+00 1.613299E+00 3.960019E-06
3.272059E+00 1.613340E+00 3.912143E-06
3.269968E+00 1.613381E+00 3.864963E-06
3.267880E+00 1.613422E+00 3.818470E-06
3.265795E+00 1.613462E+00 3.772656E-06
3.263712E+00 1.613503E+00 3.727511E-06
3.261632E+00 1.613543E+00 3.683026E-06
3.259554E+00 1.613584E+00 3.639192E-06
3.257480E+00 1.613624E+00 3.596001E-06
3.255408E+00 1.613665E+00 3.553444E-06
3.253338E+00 1.613705E+00 3.511511E-06
3.251270E+00 1.613745E+00 3.470195E-06
3.249206E+00 1.613785E+00 3.429487E-06
3.247144E+00 1.613825E+00 3.389378E-06
3.245085E+00 1.613865E+00 3.349860E-06
3.243029E+00 1.613904E+00 3.310925E-06
3.240975E+00 1.613944E+00 3.272564E-06
3.238924E+00 1.613984E+00 3.234769E-06
3.236876E+00 1.614023E+00 3.197532E-06
3.234830E+00 1.614063E+00 3.160844E-06
3.232786E+00 1.614102E+00 3.124699E-06
3.230745E+00 1.614141E+00 3.089087E-06
3.228707E+00 1.614181E+00 3.054002E-06
3.226670E+00 1.614220E+00 3.019434E-06
3.224637E+00 1.614259E+00 2.985378E-06
3.222607E+00 1.614298E+00 2.951824E-06
3.220579E+00 1.614337E+00 2.918765E-06
3.218553E+00 1.614375E+00 2.886195E-06
3.216530E+00 1.614414E+00 2.854105E-06
3.214510E+00 1.614453E+00 2.822488E-06
3.212492E+00 1.614491E+00 2.791337E-06
3.210477E+00 1.614530E+00 2.760645E-06
3.208464E+00 1.614568E+00 2.730405E-06
3.206454E+00 1.614607E+00 2.700609E-06
3.204446E+00 1.614645E+00 2.671251E-06
3.202441E+00 1.614683E+00 2.642324E-06
3.200437E+00 1.614721E+00 2.613821E-06
3.198437E+00 1.614759E+00 2.585735E-06
3.196439E+00 1.614797E+00 2.558060E-06
3.194444E+00 1.614835E+00 2.530790E-06
3.192452E+00 1.614873E+00 2.503917E-06
3.190461E+00 1.614910E+00 2.477435E-06
3.188474E+00 1.614948E+00 2.451339E-06
3.186488E+00 1.614985E+00 2.425621E-06
3.184505E+00 1.615023E+00 2.400277E-06
3.182525E+00 1.615060E+00 2.375298E-06
3.180547E+00 1.615098E+00 2.350681E-06
3.178572E+00 1.615135E+00 2.326418E-06
3.176599E+00 1.615172E+00 2.302503E-06
3.174627E+00 1.615209E+00 2.278932E-06
3.172659E+00 1.615246E+00 2.255698E-06
3.170694E+00 1.615283E+00 2.232796E-06
3.168730E+00 1.615320E+00 2.210220E-06
3.166770E+00 1.615357E+00 2.187965E-06
3.164811E+00 1.615393E+00 2.166025E-06
3.162855E+00 1.615430E+00 2.144395E-06
3.160902E+00 1.615467E+00 2.123070E-06
3.158951E+00 1.615503E+00 2.102044E-06
3.157002E+00 1.615539E+00 2.081313E-06
3.155056E+00 1.615576E+00 2.060871E-06
3.153112E+00 1.615612E+00 2.040714E-06
3.151169E+00 1.615648E+00 2.020836E-06
3.149230E+00 1.615684E+00 2.001233E-06
3.147294E+00 1.615720E+00 1.981900E-06
3.145359E+00 1.615756E+00 1.962833E-06
3.143427E+00 1.615792E+00 1.944026E-06
3.141498E+00 1.615828E+00 1.925475E-06
3.139571E+00 1.615864E+00 1.907177E-06
3.137646E+00 1.615899E+00 1.889125E-06
3.135723E+00 1.615935E+00 1.871317E-06
3.133803E+00 1.615971E+00 1.853747E-06
3.131885E+00 1.616006E+00 1.836412E-06
3.129970E+00 1.616041E+00 1.819307E-06
3.128057E+00 1.616077E+00 1.802429E-06
3.126145E+00 1.616112E+00 1.785773E-06
3.124237E+00 1.616147E+00 1.769335E-06
3.122330E+00 1.616182E+00 1.753112E-06
3.120427E+00 1.616217E+00 1.737100E-06
3.118525E+00 1.616252E+00 1.721295E-06
3.116626E+00 1.616287E+00 1.705693E-06
3.114729E+00 1.616322E+00 1.690291E-06
3.112835E+00 1.616357E+00 1.675085E-06
3.110942E+00 1.616392E+00 1.660072E-06
3.109053E+00 1.616426E+00 1.645248E-06
3.107165E+00 1.616461E+00 1.630610E-06
3.105280E+00 1.616495E+00 1.616155E-06
3.103396E+00 1.616530E+00 1.601878E-06
3.101515E+00 1.616564E+00 1.587778E-06
3.099636E+00 1.616598E+00 1.573850E-06
3.097760E+00 1.616632E+00 1.560093E-06
3.095886E+00 1.616667E+00 1.546502E-06
3.094014E+00 1.616701E+00 1.533075E-06
3.092145E+00 1.616735E+00 1.519808E-06
3.090278E+00 1.616769E+00 1.506700E-06
3.088413E+00 1.616802E+00 1.493747E-06
3.086550E+00 1.616836E+00 1.480946E-06
3.084690E+00 1.616870E+00 1.468294E-06
3.082832E+00 1.616904E+00 1.455790E-06
3.080976E+00 1.616937E+00 1.443430E-06
3.079121E+00 1.616971E+00 1.431211E-06
3.077270E+00 1.617004E+00 1.419132E-06
3.075420E+00 1.617038E+00 1.407189E-06
3.073573E+00 1.617071E+00 1.395381E-06
3.071729E+00 1.617104E+00 1.383705E-06
3.069886E+00 1.617138E+00 1.372158E-06
3.068046E+00 1.617171E+00 1.360738E-06
3.066207E+00 1.617204E+00 1.349444E-06
3.064371E+00 1.617237E+00 1.338272E-06
3.062538E+00 1.617270E+00 1.327220E-06
3.060706E+00 1.617303E+00 1.316287E-06
3.058877E+00 1.617336E+00 1.305471E-06
3.057049E+00 1.617368E+00 1.294769E-06
3.055223E+00 1.617401E+00 1.284179E-06
3.053401E+00 1.617434E+00 1.273700E-06
3.051580E+00 1.617466E+00 1.263329E-06
3.049761E+00 1.617499E+00 1.253064E-06
3.047945E+00 1.617531E+00 1.242904E-06
3.046131E+00 1.617564E+00 1.232848E-06
3.044319E+00 1.617596E+00 1.222892E-06
3.042509E+00 1.617628E+00 1.213036E-06
3.040701E+00 1.617660E+00 1.203277E-06
3.038896E+00 1.617692E+00 1.193615E-06
3.037092E+00 1.617725E+00 1.184047E-06
3.035291E+00 1.617757E+00 1.174572E-06
3.033491E+00 1.617789E+00 1.165188E-06
3.031694E+00 1.617820E+00 1.155893E-06
3.029899E+00 1.617852E+00 1.146687E-06
3.028106E+00 1.617884E+00 1.137568E-06
3.026316E+00 1.617916E+00 1.128534E-06
3.024527E+00 1.617947E+00 1.119584E-06
3.022741E+00 1.617979E+00 1.110717E-06
3.020956E+00 1.618010E+00 1.101930E-06
3.019174E+00 1.618042E+00 1.093224E-06
3.017394E+00 1.618073E+00 1.084596E-06
3.015616E+00 1.618105E+00 1.076046E-06
3.013840E+00 1.618136E+00 1.067571E-06
3.012066E+00 1.618167E+00 1.059172E-06
3.010294E+00 1.618198E+00 1.050846E-06
3.008524E+00 1.618229E+00 1.042593E-06
3.006756E+00 1.618260E+00 1.034411E-06
3.004991E+00 1.618291E+00 1.026300E-06
3.003228E+00 1.618322E+00 1.018258E-06
3.001466E+00 1.618353E+00 1.010284E-06
2.999707E+00 1.618384E+00 1.002377E-06
2.997950E+00 1.618415E+00 9.945369E-07
2.996195E+00 1.618445E+00 9.867615E-07
2.994441E+00 1.618476E+00 9.790505E-07
2.992690E+00 1.618507E+00 9.714027E-07
2.990941E+00 1.618537E+00 9.638173E-07
2.989194E+00 1.618568E+00 9.562933E-07
2.987449E+00 1.618598E+00 9.488299E-07
2.985706E+00 1.618628E+00 9.414263E-07
2.983965E+00 1.618659E+00 9.340816E-07
2.982226E+00 1.618689E+00 9.267949E-07
2.980489E+00 1.618719E+00 9.195655E-07
2.978754E+00 1.618749E+00 9.123927E-07
2.977022E+00 1.618779E+00 9.052755E-07
2.975291E+00 1.618809E+00 8.982133E-07
2.973562E+00 1.618839E+00 8.912054E-07
2.971835E+00 1.618869E+00 8.842510E-07
2.970111E+00 1.618899E+00 8.773495E-07
2.968388E+00 1.618929E+00 8.705001E-07
2.966666E+00 1.618958E+00 8.637022E-07
2.964948E+00 1.618988E+00 8.569552E-07
2.963231E+00 1.619018E+00 8.502584E-07
2.961516E+00 1.619047E+00 8.436111E-07
2.959803E+00 1.619077E+00 8.370129E-07
2.958092E+00 1.619106E+00 8.304631E-07
2.956384E+00 1.619136E+00 8.239611E-07
2.954677E+00 1.619165E+00 8.175063E-07
2.952972E+00 1.619194E+00 8.110983E-07
2.951269E+00 1.619223E+00 8.047364E-07
2.949568E+00 1.619252E+00 7.984202E-07
2.947869E+00 1.619282E+00 7.921491E-07
2.946172E+00 1.619311E+00 7.859227E-07
2.944476E+00 1.619340E+00 7.797403E-07
2.942783E+00 1.619369E+00 7.736017E-07
2.941092E+00 1.619398E+00 7.675062E-07
2.939402E+00 1.619426E+00 7.614535E-07
2.937715E+00 1.619455E+00 7.554431E-07
2.936030E+00 1.619484E+00 7.494745E-07
2.934346E+00 1.619513E+00 7.435474E-07
2.932665E+00 1.619541E+00 7.376613E-07
2.930985E+00 1.619570E+00 7.318158E-07
2.929308E+00 1.619598E+00 7.260105E-07
2.927632E+00 1.619627E+00 7.202450E-07
2.925958E+00 1.619655E+00 7.145190E-07
2.924286E+00 1.619684E+00 7.088321E-07
2.922615E+00 1.619712E+00 7.031838E-07
2.920947E+00 1.619740E+00 6.975739E-07
2.919281E+00 1.619768E+00 6.920021E-07
2.917617E+00 1.619796E+00 6.864679E-07
2.915954E+00 1.619825E+00 6.809711E-07
2.914294E+00 1.619853E+00 6.755112E-07
2.912635E+00 1.619881E+00 6.700881E-07
2.910978E+00 1.619909E+00 6.647014E-07
2.909324E+00 1.619936E+00 6.593507E-07
2.907671E+00 1.619964E+00 6.540359E-07
2.906020E+00 1.619992E+00 6.487566E-07
2.904370E+00 1.620020E+00 6.435124E-07
2.902722E+00 1.620048E+00 6.383033E-07
2.901077E+00 1.620075E+00 6.331287E-07
2.899433E+00 1.620103E+00 6.279886E-07
2.897791E+00 1.620130E+00 6.228827E-07
2.896152E+00 1.620158E+00 6.178106E-07
2.894514E+00 1.620185E+00 6.127722E-07
2.892877E+00 1.620213E+00 6.077671E-07
2.891243E+00 1.620240E+00 6.027953E-07
2.889611E+00 1.620267E+00 5.978563E-07
2.887980E+00 1.620295E+00 5.929500E-07
2.886351E+00 1.620322E+00 5.880762E-07
2.884724E+00 1.620349E+00 5.832346E-07
2.883099E+00 1.620376E+00 5.784250E-07
2.881475E+00 1.620403E+00 5.736473E-07
2.879853E+00 1.620430E+00 5.689011E-07
2.878234E+00 1.620457E+00 5.641863E-07
2.876616E+00 1.620484E+00 5.595028E-07
2.875000E+00 1.620511E+00 5.548502E-07
2.873386E+00 1.620537E+00 5.502284E-07
2.871773E+00 1.620564E+00 5.456372E-07
2.870163E+00 1.620591E+00 5.410764E-07
2.868554E+00 1.620618E+00 5.365459E-07
2.866947E+00 1.620644E+00 5.320454E-07
2.865342E+00 1.620671E+00 5.275748E-07
2.863738E+00 1.620697E+00 5.231338E-07
2.862136E+00 1.620724E+00 5.187224E-07
2.860536E+00 1.620750E+00 5.143404E-07
2.858938E+00 1.620777E+00 5.099875E-07
2.857342E+00 1.620803E+00 5.056637E-07
2.855748E+00 1.620829E+00 5.013687E-07
2.854155E+00 1.620855E+00 4.971024E-07
2.852564E+00 1.620882E+00 4.928646E-07
2.850975E+00 1.620908E+00 4.886552E-07
2.849388E+00 1.620934E+00 4.844740E-07
2.847802E+00 1.620960E+00 4.803210E-07
2.846218E+00 1.620986E+00 4.761958E-07
2.844636E+00 1.621012E+00 4.720984E-07
2.843056E+00 1.621038E+00 4.680286E-07
2.841477E+00 1.621063E+00 4.639863E-07
2.839900E+00 1.621089E+00 4.599714E-07
2.838325E+00 1.621115E+00 4.559837E-07
2.836751E+00 1.621141E+00 4.520230E-07
2.835180E+00 1.621166E+00 4.480892E-07
2.833610E+00 1.621192E+00 4.441823E-07
2.832042E+00 1.621218E+00 4.403020E-07
2.830476E+00 1.621243E+00 4.364482E-07
2.828911E+00 1.621269E+00 4.326207E-07
2.827348E+00 1.621294E+00 4.288196E-07
2.825787E+00 1.621319E+00 4.250445E-07
2.824228E+00 1.621345E+00 4.212955E-07
2.822670E+00 1.621370E+00 4.175723E-07
2.821113E+00 1.621395E+00 4.138749E-07
2.819559E+00 1.621421E+00 4.102031E-07
2.818006E+00 1.621446E+00 4.065568E-07
2.816456E+00 1.621471E+00 4.029358E-07
2.814906E+00 1.621496E+00 3.993401E-07
2.813359E+00 1.621521E+00 3.957695E-07
2.811813E+00 1.621546E+00 3.922239E-07
2.810269E+00 1.621571E+00 3.887032E-07
2.808727E+00 1.621596E+00 3.852073E-07
2.807186E+00 1.621621E+00 3.817360E-07
2.805647E+00 1.621646E+00 3.782892E-07
2.804110E+00 1.621670E+00 3.748668E-07
2.802574E+00 1.621695E+00 3.714688E-07
2.801040E+00 1.621720E+00 3.680949E-07
2.799507E+00 1.621744E+00 3.647451E-07
2.797977E+00 1.621769E+00 3.614192E-07
2.796448E+00 1.621794E+00 3.581171E-07
2.794921E+00 1.621818E+00 3.548388E-07
2.793395E+00 1.621843E+00 3.515841E-07
2.791871E+00 1.621867E+00 3.483529E-07
2.790349E+00 1.621891E+00 3.451450E-07
2.788829E+00 1.621916E+00 3.419604E-07
2.787310E+00 1.621940E+00 3.387990E-07
2.785792E+00 1.621964E+00 3.356607E-07
2.784277E+00 1.621989E+00 3.325452E-07
2.782762E+00 1.622013E+00 3.294526E-07
2.781250E+00 1.622037E+00 3.263827E-07
2.779739E+00 1.622061E+00 3.233355E-07
2.778230E+00 1.622085E+00 3.203107E-07
2.776723E+00 1.622109E+00 3.173083E-07
2.775217E+00 1.622133E+00 3.143282E-07
2.773713E+00 1.622157E+00 3.113703E-07
2.772210E+00 1.622181E+00 3.084344E-07
2.770709E+00 1.622205E+00 3.055205E-07
2.769210E+00 1.622228E+00 3.026285E-07
2.767713E+00 1.622252E+00 2.997581E-07
2.766217E+00 1.622276E+00 2.969095E-07
2.764722E+00 1.622300E+00 2.940823E-07
2.763229E+00 1.622323E+00 2.912766E-07
2.761737E+00 1.622347E+00 2.884922E-07
2.760248E+00 1.622370E+00 2.857290E-07
2.758760E+00 1.622394E+00 2.829869E-07
2.757274E+00 1.622417E+00 2.802658E-07
2.755789E+00 1.622441E+00 2.775657E-07
2.754306E+00 1.622464E+00 2.748863E-07
2.752824E+00 1.622488E+00 2.722275E-07
2.751344E+00 1.622511E+00 2.695894E-07
2.749866E+00 1.622534E+00 2.669717E-07
2.748389E+00 1.622557E+00 2.643744E-07
2.746914E+00 1.622581E+00 2.617974E-07
2.745440E+00 1.622604E+00 2.592405E-07
2.743968E+00 1.622627E+00 2.567037E-07
2.742497E+00 1.622650E+00 2.541868E-07
2.741028E+00 1.622673E+00 2.516898E-07
2.739561E+00 1.622696E+00 2.492125E-07
2.738095E+00 1.622719E+00 2.467549E-07
2.736631E+00 1.622742E+00 2.443168E-07
2.735168E+00 1.622765E+00 2.418981E-07
2.733707E+00 1.622787E+00 2.394987E-07
2.732248E+00 1.622810E+00 2.371186E-07
2.730790E+00 1.622833E+00 2.347576E-07
2.729334E+00 1.622856E+00 2.324156E-07
2.727879E+00 1.622878E+00 2.300926E-07
2.726425E+00 1.622901E+00 2.277883E-07
2.724973E+00 1.622924E+00 2.255027E-07
2.723523E+00 1.622946E+00 2.232358E-07
2.722074E+00 1.622969E+00 2.209874E-07
2.720627E+00 1.622991E+00 2.187573E-07
2.719182E+00 1.623014E+00 2.165456E-07
2.717738E+00 1.623036E+00 2.143520E-07
2.716295E+00 1.623058E+00 2.121766E-07
2.714854E+00 1.623081E+00 2.100191E-07
2.713415E+00 1.623103E+00 2.078796E-07
2.711977E+00 1.623125E+00 2.057578E-07
2.710541E+00 1.623148E+00 2.036537E-07
2.709106E+00 1.623170E+00 2.015672E-07
2.707672E+00 1.623192E+00 1.994982E-07
2.706240E+00 1.623214E+00 1.974466E-07
2.704810E+00 1.623236E+00 1.954122E-07
2.703381E+00 1.623258E+00 1.933951E-07
2.701953E+00 1.623280E+00 1.913950E-07
2.700528E+00 1.623302E+00 1.894119E-07
2.699103E+00 1.623324E+00 1.874457E-07
2.697681E+00 1.623346E+00 1.854962E-07
2.696259E+00 1.623368E+00 1.835634E-07
2.694840E+00 1.623390E+00 1.816473E-07
2.693421E+00 1.623411E+00 1.797476E-07
2.692005E+00 1.623433E+00 1.778642E-07
2.690589E+00 1.623455E+00 1.759972E-07
2.689175E+00 1.623477E+00 1.741463E-07
2.687762E+00 1.623498E+00 1.723115E-07
2.686352E+00 1.623520E+00 1.704927E-07
2.684942E+00 1.623541E+00 1.686898E-07
2.683534E+00 1.623563E+00 1.669027E-07
2.682128E+00 1.623584E+00 1.651312E-07
2.680723E+00 1.623606E+00 1.633754E-07
2.679319E+00 1.623627E+00 1.616350E-07
2.677917E+00 1.623649E+00 1.599100E-07
2.676517E+00 1.623670E+00 1.582003E-07
2.675118E+00 1.623691E+00 1.565059E-07
2.673720E+00 1.623713E+00 1.548265E-07
2.672323E+00 1.623734E+00 1.531621E-07
2.670929E+00 1.623755E+00 1.515126E-07
2.669536E+00 1.623776E+00 1.498780E-07
2.668144E+00 1.623797E+00 1.482580E-07
2.666753E+00 1.623818E+00 1.466527E-07
2.665365E+00 1.623839E+00 1.450618E-07
2.663977E+00 1.623860E+00 1.434854E-07
2.662591E+00 1.623881E+00 1.419234E-07
2.661207E+00 1.623902E+00 1.403755E-07
2.659823E+00 1.623923E+00 1.388418E-07
2.658442E+00 1.623944E+00 1.373222E-07
2.657062E+00 1.623965E+00 1.358165E-07
2.655682E+00 1.623986E+00 1.343246E-07
2.654305E+00 1.624007E+00 1.328466E-07
2.652929E+00 1.624027E+00 1.313821E-07
2.651554E+00 1.624048E+00 1.299313E-07
2.650181E+00 1.624069E+00 1.284939E-07
2.648809E+00 1.624089E+00 1.270699E-07
2.647439E+00 1.624110E+00 1.256592E-07
2.646070E+00 1.624131E+00 1.242617E-07
2.644703E+00 1.624151E+00 1.228774E-07
2.643337E+00 1.624172E+00 1.215060E-07
2.641972E+00 1.624192E+00 1.201476E-07
2.640609E+00 1.624213E+00 1.188020E-07
2.639247E+00 1.624233E+00 1.174691E-07
2.637886E+00 1.624253E+00 1.161489E-07
2.636527E+00 1.624274E+00 1.148412E-07
2.635170E+00 1.624294E+00 1.135460E-07
2.633814E+00 1.624314E+00 1.122632E-07
2.632459E+00 1.624335E+00 1.109927E-07
2.631105E+00 1.624355E+00 1.097344E-07
2.629753E+00 1.624375E+00 1.084882E-07
2.628403E+00 1.624395E+00 1.072541E-07
2.627054E+00 1.624415E+00 1.060318E-07
2.625706E+00 1.624435E+00 1.048214E-07
2.624359E+00 1.624455E+00 1.036228E-07
2.623014E+00 1.624475E+00 1.024358E-07
2.621670E+00 1.624495E+00 1.012605E-07
2.620327E+00 1.624515E+00 1.000966E-07
2.618986E+00 1.624535E+00 9.894414E-08
2.617647E+00 1.624555E+00 9.780300E-08
2.616309E+00 1.624575E+00 9.667310E-08
2.614972E+00 1.624595E+00 9.555436E-08
2.613636E+00 1.624615E+00 9.444669E-08
2.612302E+00 1.624634E+00 9.335000E-08
2.610969E+00 1.624654E+00 9.226421E-08
2.609638E+00 1.624674E+00 9.118924E-08
2.608308E+00 1.624693E+00 9.012500E-08
2.606979E+00 1.624713E+00 8.907141E-08
2.605652E+00 1.624733E+00 8.802838E-08
2.604325E+00 1.624752E+00 8.699584E-08
2.603001E+00 1.624772E+00 8.597370E-08
2.601677E+00 1.624791E+00 8.496187E-08
2.600356E+00 1.624811E+00 8.396029E-08
2.599035E+00 1.624830E+00 8.296886E-08
2.597716E+00 1.624850E+00 8.198750E-08
2.596398E+00 1.624869E+00 8.101614E-08
2.595081E+00 1.624888E+00 8.005469E-08
2.593766E+00 1.624908E+00 7.910308E-08
2.592452E+00 1.624927E+00 7.816122E-08
2.591139E+00 1.624946E+00 7.722904E-08
2.589828E+00 1.624965E+00 7.630646E-08
2.588518E+00 1.624985E+00 7.539339E-08
2.587209E+00 1.625004E+00 7.448977E-08
2.585902E+00 1.625023E+00 7.359551E-08
2.584596E+00 1.625042E+00 7.271054E-08
2.583291E+00 1.625061E+00 7.183478E-08
2.581988E+00 1.625080E+00 7.096815E-08
2.580686E+00 1.625099E+00 7.011058E-08
2.579385E+00 1.625118E+00 6.926199E-08
2.578086E+00 1.625137E+00 6.842231E-08
2.576788E+00 1.625156E+00 6.759145E-08
2.575491E+00 1.625175E+00 6.676936E-08
2.574195E+00 1.625194E+00 6.595595E-08
2.572901E+00 1.625213E+00 6.515115E-08
2.571608E+00 1.625231E+00 6.435489E-08
2.570316E+00 1.625250E+00 6.356709E-08
2.569026E+00 1.625269E+00 6.278768E-08
2.567737E+00 1.625288E+00 6.201659E-08
2.566449E+00 1.625306E+00 6.125375E-08
2.565163E+00 1.625325E+00 6.049908E-08
2.563878E+00 1.625343E+00 5.975252E-08
2.562594E+00 1.625362E+00 5.901399E-08
2.561311E+00 1.625381E+00 5.828343E-08
2.560030E+00 1.625399E+00 5.756076E-08
2.558750E+00 1.625418E+00 5.684592E-08
2.557471E+00 1.625436E+00 5.613883E-08
2.556194E+00 1.625455E+00 5.543943E-08
2.554917E+00 1.625473E+00 5.474766E-08
2.553642E+00 1.625491E+00 5.406343E-08
2.552369E+00 1.625510E+00 5.338669E-08
2.551097E+00 1.625528E+00 5.271737E-08
2.549826E+00 1.625546E+00 5.205540E-08
2.548556E+00 1.625565E+00 5.140071E-08
2.547287E+00 1.625583E+00 5.075325E-08
2.546020E+00 1.625601E+00 5.011294E-08
2.544754E+00 1.625619E+00 4.947971E-08
2.543489E+00 1.625637E+00 4.885352E-08
2.542226E+00 1.625655E+00 4.823428E-08
2.540964E+00 1.625674E+00 4.762194E-08
2.539703E+00 1.625692E+00 4.701644E-08
2.538442E+00 1.625710E+00 4.641770E-08
2.537184E+00 1.625728E+00 4.582568E-08
2.535926E+00 1.625746E+00 4.524030E-08
2.534670E+00 1.625764E+00 4.466150E-08
2.533416E+00 1.625782E+00 4.408923E-08
2.532162E+00 1.625799E+00 4.352342E-08
2.530910E+00 1.625817E+00 4.296401E-08
2.529659E+00 1.625835E+00 4.241095E-08
2.528409E+00 1.625853E+00 4.186416E-08
2.527161E+00 1.625871E+00 4.132360E-08
2.525913E+00 1.625889E+00 4.078921E-08
2.524667E+00 1.625906E+00 4.026091E-08
2.523422E+00 1.625924E+00 3.973867E-08
2.522178E+00 1.625942E+00 3.922241E-08
2.520936E+00 1.625959E+00 3.871209E-08
2.519695E+00 1.625977E+00 3.820764E-08
2.518455E+00 1.625994E+00 3.770901E-08
2.517216E+00 1.626012E+00 3.721614E-08
2.515978E+00 1.626030E+00 3.672898E-08
2.514742E+00 1.626047E+00 3.624747E-08
2.513507E+00 1.626065E+00 3.577156E-08
2.512273E+00 1.626082E+00 3.530119E-08
2.511040E+00 1.626099E+00 3.483630E-08
2.509809E+00 1.626117E+00 3.437685E-08
2.508579E+00 1.626134E+00 3.392278E-08
2.507349E+00 1.626152E+00 3.347404E-08
2.506121E+00 1.626169E+00 3.303057E-08
2.504895E+00 1.626186E+00 3.259233E-08
2.503669E+00 1.626203E+00 3.215925E-08
2.502445E+00 1.626221E+00 3.173129E-08
2.501222E+00 1.626238E+00 3.130840E-08
2.500000E+00 1.626255E+00 3.089053E-08
