7.687867 1.400386 0.005891 
7.690718 1.400115 0.005899 
7.693570 1.399844 0.005908 
7.696425 1.399572 0.005916 
7.699282 1.399300 0.005925 
7.702141 1.399027 0.005933 
7.705002 1.398754 0.005942 
7.707865 1.398481 0.005950 
7.710731 1.398207 0.005959 
7.713598 1.397933 0.005968 
7.716468 1.397658 0.005976 
7.719340 1.397383 0.005985 
7.722214 1.397107 0.005993 
7.725090 1.396831 0.006002 
7.727968 1.396554 0.006011 
7.730848 1.396277 0.006019 
7.733731 1.395999 0.006028 
7.736615 1.395721 0.006037 
7.739502 1.395443 0.006046 
7.742391 1.395164 0.006054 
7.745282 1.394885 0.006063 
7.748176 1.394605 0.006072 
7.751071 1.394324 0.006081 
7.753969 1.394044 0.006090 
7.756868 1.393762 0.006099 
7.759770 1.393480 0.006108 
7.762674 1.393198 0.006116 
7.765581 1.392916 0.006125 
7.768489 1.392632 0.006134 
7.771400 1.392349 0.006143 
7.774313 1.392065 0.006152 
7.777228 1.391780 0.006161 
7.780145 1.391495 0.006171 
7.783064 1.391209 0.006180 
7.785986 1.390923 0.006189 
7.788910 1.390637 0.006198 
7.791835 1.390350 0.006207 
7.794764 1.390062 0.006216 
7.797694 1.389774 0.006225 
7.800627 1.389486 0.006235 
7.803561 1.389197 0.006244 
7.806498 1.388907 0.006253 
7.809438 1.388617 0.006262 
7.812379 1.388327 0.006272 
7.815323 1.388036 0.006281 
7.818268 1.387744 0.006291 
7.821216 1.387452 0.006300 
7.824167 1.387160 0.006309 
7.827119 1.386867 0.006319 
7.830074 1.386574 0.006328 
7.833031 1.386280 0.006338 
7.835990 1.385985 0.006347 
7.838952 1.385690 0.006357 
7.841915 1.385395 0.006366 
7.844881 1.385099 0.006376 
7.847849 1.384802 0.006385 
7.850820 1.384505 0.006395 
7.853793 1.384208 0.006405 
7.856767 1.383910 0.006414 
7.859745 1.383611 0.006424 
7.862724 1.383312 0.006434 
7.865706 1.383013 0.006444 
7.868690 1.382713 0.006453 
7.871676 1.382412 0.006463 
7.874664 1.382111 0.006473 
7.877655 1.381809 0.006483 
7.880648 1.381507 0.006493 
7.883644 1.381204 0.006503 
7.886641 1.380901 0.006513 
7.889641 1.380598 0.006523 
7.892643 1.380293 0.006533 
7.895648 1.379988 0.006543 
7.898654 1.379683 0.006553 
7.901663 1.379377 0.006563 
7.904675 1.379071 0.006573 
7.907688 1.378764 0.006583 
7.910704 1.378457 0.006593 
7.913722 1.378149 0.006603 
7.916743 1.377840 0.006613 
7.919766 1.377531 0.006624 
7.922791 1.377221 0.006634 
7.925818 1.376911 0.006644 
7.928848 1.376600 0.006654 
7.931880 1.376289 0.006665 
7.934914 1.375977 0.006675 
7.937951 1.375665 0.006685 
7.940990 1.375352 0.006696 
7.944031 1.375039 0.006706 
7.947075 1.374725 0.006717 
7.950121 1.374410 0.006727 
7.953169 1.374095 0.006738 
7.956220 1.373779 0.006748 
7.959273 1.373463 0.006759 
7.962329 1.373146 0.006769 
7.965386 1.372829 0.006780 
7.968446 1.372511 0.006791 
7.971509 1.372192 0.006801 
7.974574 1.371873 0.006812 
7.977641 1.371554 0.006823 
7.980710 1.371234 0.006834 
7.983782 1.370913 0.006844 
7.986856 1.370592 0.006855 
7.989933 1.370270 0.006866 
7.993012 1.369947 0.006877 
7.996093 1.369624 0.006888 
7.999177 1.369300 0.006899 
8.002263 1.368976 0.006910 
8.005352 1.368651 0.006921 
8.008442 1.368326 0.006932 
8.011536 1.368000 0.006943 
8.014631 1.367673 0.006954 
8.017729 1.367346 0.006965 
8.020830 1.367019 0.006976 
8.023933 1.366690 0.006987 
8.027038 1.366361 0.006999 
8.030146 1.366032 0.007010 
8.033256 1.365702 0.007021 
8.036368 1.365371 0.007032 
8.039483 1.365040 0.007044 
8.042600 1.364708 0.007055 
8.045720 1.364375 0.007066 
8.048842 1.364042 0.007078 
8.051967 1.363709 0.007089 
8.055094 1.363374 0.007101 
8.058223 1.363039 0.007112 
8.061355 1.362704 0.007124 
8.064489 1.362368 0.007135 
8.067626 1.362031 0.007147 
8.070765 1.361693 0.007159 
8.073907 1.361355 0.007170 
8.077051 1.361017 0.007182 
8.080197 1.360678 0.007194 
8.083346 1.360338 0.007206 
8.086497 1.359997 0.007217 
8.089651 1.359656 0.007229 
8.092808 1.359314 0.007241 
8.095966 1.358972 0.007253 
8.099128 1.358629 0.007265 
8.102291 1.358285 0.007277 
8.105458 1.357941 0.007289 
8.108626 1.357596 0.007301 
8.111797 1.357251 0.007313 
8.114971 1.356904 0.007325 
8.118147 1.356558 0.007337 
8.121326 1.356210 0.007349 
8.124507 1.355862 0.007362 
8.127690 1.355513 0.007374 
8.130877 1.355164 0.007386 
8.134065 1.354814 0.007399 
8.137256 1.354463 0.007411 
8.140450 1.354112 0.007423 
8.143646 1.353760 0.007436 
8.146844 1.353407 0.007448 
8.150046 1.353054 0.007461 
8.153249 1.352700 0.007473 
8.156455 1.352345 0.007486 
8.159664 1.351990 0.007498 
8.162875 1.351634 0.007511 
8.166089 1.351277 0.007524 
8.169305 1.350920 0.007536 
8.172524 1.350562 0.007549 
8.175745 1.350203 0.007562 
8.178969 1.349844 0.007575 
8.182196 1.349484 0.007588 
8.185425 1.349123 0.007600 
8.188656 1.348762 0.007613 
8.191890 1.348400 0.007626 
8.195127 1.348037 0.007639 
8.198366 1.347674 0.007652 
8.201608 1.347309 0.007665 
8.204852 1.346945 0.007679 
8.208099 1.346579 0.007692 
8.211348 1.346213 0.007705 
8.214600 1.345846 0.007718 
8.217855 1.345478 0.007731 
8.221112 1.345110 0.007745 
8.224372 1.344741 0.007758 
8.227634 1.344371 0.007771 
8.230899 1.344001 0.007785 
8.234167 1.343630 0.007798 
8.237437 1.343258 0.007812 
8.240710 1.342886 0.007825 
8.243985 1.342512 0.007839 
8.247263 1.342138 0.007853 
8.250543 1.341764 0.007866 
8.253827 1.341388 0.007880 
8.257112 1.341012 0.007894 
8.260401 1.340635 0.007907 
8.263692 1.340258 0.007921 
8.266985 1.339879 0.007935 
8.270282 1.339500 0.007949 
8.273580 1.339120 0.007963 
8.276882 1.338740 0.007977 
8.280186 1.338359 0.007991 
8.283493 1.337977 0.008005 
8.286802 1.337594 0.008019 
8.290114 1.337210 0.008033 
8.293429 1.336826 0.008048 
8.296746 1.336441 0.008062 
8.300066 1.336055 0.008076 
8.303389 1.335669 0.008091 
8.306714 1.335282 0.008105 
8.310042 1.334894 0.008119 
8.313373 1.334505 0.008134 
8.316707 1.334115 0.008148 
8.320043 1.333725 0.008163 
8.323381 1.333334 0.008177 
8.326723 1.332942 0.008192 
8.330067 1.332550 0.008207 
8.333413 1.332156 0.008221 
8.336763 1.331762 0.008236 
8.340115 1.331367 0.008251 
8.343470 1.330972 0.008266 
8.346827 1.330575 0.008281 
8.350188 1.330178 0.008296 
8.353551 1.329780 0.008311 
8.356916 1.329381 0.008326 
8.360285 1.328981 0.008341 
8.363656 1.328581 0.008356 
8.367029 1.328180 0.008371 
8.370406 1.327778 0.008387 
8.373785 1.327375 0.008402 
8.377167 1.326971 0.008417 
8.380552 1.326567 0.008433 
8.383939 1.326161 0.008448 
8.387330 1.325755 0.008464 
8.390723 1.325348 0.008479 
8.394118 1.324941 0.008495 
8.397517 1.324532 0.008510 
8.400918 1.324123 0.008526 
8.404322 1.323713 0.008542 
8.407728 1.323302 0.008557 
8.411138 1.322890 0.008573 
8.414550 1.322477 0.008589 
8.417965 1.322064 0.008605 
8.421383 1.321650 0.008621 
8.424803 1.321234 0.008637 
8.428227 1.320819 0.008653 
8.431653 1.320402 0.008669 
8.435082 1.319984 0.008685 
8.438513 1.319566 0.008702 
8.441948 1.319146 0.008718 
8.445385 1.318726 0.008734 
8.448825 1.318305 0.008751 
8.452268 1.317883 0.008767 
8.455714 1.317460 0.008784 
8.459162 1.317036 0.008800 
8.462614 1.316612 0.008817 
8.466068 1.316187 0.008833 
8.469525 1.315760 0.008850 
8.472984 1.315333 0.008867 
8.476447 1.314905 0.008884 
8.479913 1.314476 0.008901 
8.483381 1.314046 0.008918 
8.486852 1.313616 0.008935 
8.490326 1.313184 0.008952 
8.493803 1.312752 0.008969 
8.497282 1.312318 0.008986 
8.500765 1.311884 0.009003 
8.504250 1.311449 0.009020 
8.507738 1.311013 0.009038 
8.511229 1.310576 0.009055 
8.514723 1.310138 0.009072 
8.518220 1.309699 0.009090 
8.521720 1.309260 0.009108 
8.525222 1.308819 0.009125 
8.528728 1.308378 0.009143 
8.532236 1.307935 0.009161 
8.535747 1.307492 0.009178 
8.539261 1.307047 0.009196 
8.542778 1.306602 0.009214 
8.546298 1.306156 0.009232 
8.549821 1.305709 0.009250 
8.553347 1.305261 0.009268 
8.556875 1.304812 0.009286 
8.560407 1.304362 0.009305 
8.563941 1.303911 0.009323 
8.567479 1.303459 0.009341 
8.571019 1.303006 0.009360 
8.574562 1.302553 0.009378 
8.578108 1.302098 0.009396 
8.581657 1.301642 0.009415 
8.585209 1.301186 0.009434 
8.588764 1.300728 0.009452 
8.592322 1.300270 0.009471 
8.595883 1.299810 0.009490 
8.599447 1.299349 0.009509 
8.603014 1.298888 0.009528 
8.606583 1.298425 0.009547 
8.610156 1.297962 0.009566 
8.613732 1.297497 0.009585 
8.617310 1.297032 0.009604 
8.620892 1.296565 0.009624 
8.624477 1.296098 0.009643 
8.628064 1.295630 0.009663 
8.631655 1.295160 0.009682 
8.635248 1.294689 0.009702 
8.638845 1.294218 0.009721 
8.642444 1.293745 0.009741 
8.646047 1.293272 0.009761 
8.649652 1.292797 0.009781 
8.653261 1.292322 0.009801 
8.656872 1.291845 0.009820 
8.660487 1.291367 0.009841 
8.664104 1.290889 0.009861 
8.667725 1.290409 0.009881 
8.671349 1.289928 0.009901 
8.674975 1.289446 0.009921 
8.678605 1.288963 0.009942 
8.682238 1.288479 0.009962 
8.685874 1.287994 0.009983 
8.689512 1.287508 0.010004 
8.693154 1.287021 0.010024 
8.696799 1.286533 0.010045 
8.700447 1.286043 0.010066 
8.704098 1.285553 0.010087 
8.707752 1.285061 0.010108 
8.711410 1.284569 0.010129 
8.715070 1.284075 0.010150 
8.718733 1.283580 0.010171 
8.722400 1.283085 0.010193 
8.726069 1.282588 0.010214 
8.729742 1.282090 0.010235 
8.733417 1.281591 0.010257 
8.737096 1.281090 0.010279 
8.740778 1.280589 0.010300 
8.744463 1.280086 0.010322 
8.748151 1.279583 0.010344 
8.751842 1.279078 0.010366 
8.755537 1.278572 0.010388 
8.759234 1.278065 0.010410 
8.762935 1.277557 0.010432 
8.766638 1.277048 0.010454 
8.770345 1.276537 0.010477 
8.774055 1.276026 0.010499 
8.777768 1.275513 0.010522 
8.781484 1.274999 0.010544 
8.785204 1.274484 0.010567 
8.788926 1.273968 0.010590 
8.792652 1.273450 0.010613 
8.796381 1.272932 0.010636 
8.800113 1.272412 0.010659 
8.803848 1.271891 0.010682 
8.807586 1.271369 0.010705 
8.811328 1.270846 0.010728 
8.815073 1.270321 0.010752 
8.818821 1.269796 0.010775 
8.822572 1.269269 0.010799 
8.826326 1.268741 0.010822 
8.830083 1.268211 0.010846 
8.833844 1.267681 0.010870 
8.837608 1.267149 0.010894 
8.841375 1.266616 0.010918 
8.845145 1.266082 0.010942 
8.848919 1.265547 0.010966 
8.852696 1.265010 0.010990 
8.856476 1.264472 0.011015 
8.860259 1.263933 0.011039 
8.864045 1.263392 0.011064 
8.867835 1.262851 0.011088 
8.871628 1.262308 0.011113 
8.875424 1.261764 0.011138 
8.879223 1.261218 0.011163 
8.883026 1.260672 0.011188 
8.886832 1.260124 0.011213 
8.890641 1.259574 0.011238 
8.894454 1.259024 0.011264 
8.898269 1.258472 0.011289 
8.902088 1.257919 0.011315 
8.905911 1.257364 0.011340 
8.909736 1.256809 0.011366 
8.913565 1.256252 0.011392 
8.917397 1.255693 0.011418 
8.921233 1.255134 0.011444 
8.925071 1.254573 0.011470 
8.928914 1.254010 0.011496 
8.932759 1.253447 0.011523 
8.936608 1.252882 0.011549 
8.940460 1.252315 0.011576 
8.944315 1.251747 0.011602 
8.948173 1.251178 0.011629 
8.952035 1.250608 0.011656 
8.955901 1.250036 0.011683 
8.959769 1.249463 0.011710 
8.963641 1.248889 0.011737 
8.967517 1.248313 0.011765 
8.971395 1.247735 0.011792 
8.975277 1.247157 0.011820 
8.979163 1.246577 0.011847 
8.983052 1.245995 0.011875 
8.986944 1.245412 0.011903 
8.990839 1.244828 0.011931 
8.994738 1.244242 0.011959 
8.998640 1.243655 0.011987 
9.002546 1.243067 0.012016 
9.006455 1.242477 0.012044 
9.010368 1.241886 0.012073 
9.014283 1.241293 0.012102 
9.018203 1.240698 0.012130 
9.022125 1.240103 0.012159 
9.026051 1.239506 0.012188 
9.029981 1.238907 0.012218 
9.033914 1.238307 0.012247 
9.037850 1.237705 0.012276 
9.041790 1.237102 0.012306 
9.045733 1.236498 0.012336 
9.049680 1.235892 0.012365 
9.053630 1.235284 0.012395 
9.057583 1.234675 0.012425 
9.061540 1.234064 0.012456 
9.065501 1.233452 0.012486 
9.069465 1.232839 0.012516 
9.073432 1.232224 0.012547 
9.077403 1.231607 0.012578 
9.081377 1.230989 0.012608 
9.085355 1.230369 0.012639 
9.089337 1.229748 0.012671 
9.093321 1.229125 0.012702 
9.097310 1.228501 0.012733 
9.101301 1.227875 0.012765 
9.105297 1.227247 0.012796 
9.109296 1.226618 0.012828 
9.113298 1.225988 0.012860 
9.117304 1.225355 0.012892 
9.121313 1.224721 0.012924 
9.125326 1.224086 0.012957 
9.129342 1.223449 0.012989 
9.133362 1.222810 0.013022 
9.137386 1.222170 0.013055 
9.141413 1.221528 0.013087 
9.145444 1.220884 0.013120 
9.149478 1.220239 0.013154 
9.153515 1.219592 0.013187 
9.157557 1.218944 0.013221 
9.161602 1.218294 0.013254 
9.165650 1.217642 0.013288 
9.169702 1.216988 0.013322 
9.173758 1.216333 0.013356 
9.177817 1.215676 0.013390 
9.181880 1.215017 0.013425 
9.185946 1.214357 0.013459 
9.190016 1.213695 0.013494 
9.194090 1.213031 0.013529 
9.198167 1.212366 0.013564 
9.202248 1.211699 0.013599 
9.206332 1.211030 0.013635 
9.210420 1.210359 0.013670 
9.214512 1.209687 0.013706 
9.218607 1.209013 0.013742 
9.222706 1.208337 0.013778 
9.226809 1.207659 0.013814 
9.230915 1.206980 0.013850 
9.235025 1.206298 0.013887 
9.239139 1.205615 0.013923 
9.243256 1.204930 0.013960 
9.247377 1.204244 0.013997 
9.251501 1.203555 0.014034 
9.255630 1.202865 0.014072 
9.259762 1.202173 0.014109 
9.263897 1.201479 0.014147 
9.268037 1.200783 0.014185 
9.272180 1.200085 0.014223 
9.276327 1.199386 0.014261 
9.280477 1.198684 0.014300 
9.284631 1.197981 0.014338 
9.288789 1.197276 0.014377 
9.292951 1.196569 0.014416 
9.297116 1.195860 0.014455 
9.301285 1.195149 0.014495 
9.305458 1.194436 0.014534 
9.309635 1.193722 0.014574 
9.313815 1.193005 0.014614 
9.317999 1.192286 0.014654 
9.322187 1.191566 0.014695 
9.326379 1.190843 0.014735 
9.330574 1.190119 0.014776 
9.334773 1.189392 0.014817 
9.338976 1.188664 0.014858 
9.343183 1.187933 0.014899 
9.347393 1.187201 0.014941 
9.351608 1.186467 0.014982 
9.355826 1.185730 0.015024 
9.360048 1.184992 0.015066 
9.364274 1.184251 0.015109 
9.368503 1.183509 0.015151 
9.372737 1.182764 0.015194 
9.376974 1.182017 0.015237 
9.381215 1.181269 0.015280 
9.385460 1.180518 0.015324 
9.389708 1.179765 0.015367 
9.393961 1.179010 0.015411 
9.398218 1.178253 0.015455 
9.402478 1.177493 0.015500 
9.406742 1.176732 0.015544 
9.411010 1.175969 0.015589 
9.415282 1.175203 0.015634 
9.419558 1.174435 0.015679 
9.423837 1.173665 0.015724 
9.428121 1.172893 0.015770 
9.432408 1.172119 0.015816 
9.436700 1.171342 0.015862 
9.440995 1.170564 0.015908 
9.445294 1.169783 0.015955 
9.449597 1.168999 0.016002 
9.453904 1.168214 0.016049 
9.458215 1.167426 0.016096 
9.462530 1.166637 0.016144 
9.466849 1.165844 0.016192 
9.471172 1.165050 0.016240 
9.475498 1.164253 0.016288 
9.479829 1.163454 0.016337 
9.484164 1.162653 0.016386 
9.488502 1.161849 0.016435 
9.492845 1.161044 0.016484 
9.497191 1.160235 0.016534 
9.501542 1.159425 0.016583 
9.505896 1.158612 0.016634 
9.510255 1.157796 0.016684 
9.514617 1.156979 0.016735 
9.518984 1.156158 0.016786 
9.523354 1.155336 0.016837 
9.527729 1.154511 0.016888 
9.532108 1.153684 0.016940 
9.536490 1.152854 0.016992 
9.540877 1.152022 0.017045 
9.545267 1.151187 0.017097 
9.549662 1.150350 0.017150 
9.554061 1.149510 0.017203 
9.558464 1.148668 0.017257 
9.562870 1.147823 0.017311 
9.567281 1.146976 0.017365 
9.571696 1.146127 0.017419 
9.576115 1.145274 0.017474 
9.580539 1.144420 0.017529 
9.584966 1.143562 0.017584 
9.589397 1.142702 0.017640 
9.593833 1.141840 0.017696 
9.598272 1.140975 0.017752 
9.602716 1.140107 0.017809 
9.607164 1.139237 0.017865 
9.611615 1.138364 0.017923 
9.616071 1.137488 0.017980 
9.620532 1.136610 0.018038 
9.624996 1.135729 0.018096 
9.629464 1.134845 0.018155 
9.633937 1.133958 0.018214 
9.638414 1.133069 0.018273 
9.642894 1.132178 0.018332 
9.647380 1.131283 0.018392 
9.651869 1.130386 0.018452 
9.656362 1.129486 0.018513 
9.660860 1.128583 0.018574 
9.665362 1.127677 0.018635 
9.669868 1.126768 0.018697 
9.674378 1.125857 0.018759 
9.678892 1.124943 0.018821 
9.683411 1.124026 0.018884 
9.687934 1.123106 0.018947 
9.692461 1.122183 0.019010 
9.696992 1.121258 0.019074 
9.701528 1.120329 0.019138 
9.706067 1.119397 0.019203 
9.710611 1.118463 0.019268 
9.715160 1.117525 0.019333 
9.719712 1.116585 0.019399 
9.724269 1.115642 0.019465 
9.728830 1.114695 0.019532 
9.733396 1.113746 0.019599 
9.737965 1.112793 0.019666 
9.742539 1.111838 0.019734 
9.747118 1.110879 0.019802 
9.751700 1.109918 0.019871 
9.756287 1.108953 0.019940 
9.760878 1.107985 0.020009 
9.765474 1.107014 0.020079 
9.770074 1.106040 0.020149 
9.774678 1.105063 0.020220 
9.779286 1.104082 0.020291 
9.783899 1.103099 0.020363 
9.788516 1.102112 0.020435 
9.793138 1.101122 0.020508 
9.797764 1.100128 0.020581 
9.802394 1.099132 0.020654 
9.807029 1.098132 0.020728 
9.811668 1.097129 0.020802 
9.816311 1.096122 0.020877 
9.820959 1.095112 0.020952 
9.825612 1.094099 0.021028 
9.830268 1.093083 0.021105 
9.834929 1.092063 0.021181 
9.839595 1.091039 0.021259 
9.844265 1.090013 0.021336 
9.848939 1.088982 0.021415 
9.853618 1.087949 0.021493 
9.858301 1.086912 0.021573 
9.862989 1.085871 0.021653 
9.867681 1.084827 0.021733 
9.872378 1.083779 0.021814 
9.877079 1.082728 0.021895 
9.881785 1.081673 0.021977 
9.886495 1.080615 0.022060 
9.891209 1.079553 0.022143 
9.895928 1.078487 0.022226 
9.900652 1.077418 0.022310 
9.905380 1.076345 0.022395 
9.910113 1.075268 0.022480 
9.914850 1.074187 0.022566 
9.919592 1.073103 0.022653 
9.924338 1.072015 0.022740 
9.929089 1.070924 0.022827 
9.933844 1.069828 0.022915 
9.938604 1.068729 0.023004 
9.943368 1.067626 0.023094 
9.948137 1.066519 0.023184 
9.952911 1.065408 0.023274 
9.957689 1.064293 0.023366 
9.962472 1.063174 0.023458 
9.967259 1.062051 0.023550 
9.972051 1.060925 0.023643 
9.976848 1.059794 0.023737 
9.981649 1.058659 0.023832 
9.986455 1.057520 0.023927 
9.991265 1.056378 0.024023 
9.996080 1.055231 0.024119 
10.000900 1.054079 0.024216 
10.005724 1.052924 0.024314 
10.010553 1.051765 0.024413 
10.015387 1.050601 0.024512 
10.020225 1.049433 0.024612 
10.025068 1.048261 0.024713 
10.029916 1.047085 0.024814 
10.034768 1.045904 0.024917 
10.039625 1.044719 0.025020 
10.044487 1.043530 0.025123 
10.049354 1.042337 0.025228 
10.054225 1.041138 0.025333 
10.059101 1.039936 0.025439 
10.063982 1.038729 0.025546 
10.068867 1.037518 0.025653 
10.073757 1.036302 0.025762 
10.078652 1.035081 0.025871 
10.083552 1.033856 0.025981 
10.088456 1.032627 0.026092 
10.093365 1.031392 0.026203 
10.098279 1.030154 0.026316 
10.103198 1.028910 0.026429 
10.108122 1.027662 0.026544 
10.113050 1.026409 0.026659 
10.117983 1.025151 0.026775 
10.122921 1.023888 0.026891 
10.127864 1.022621 0.027009 
10.132812 1.021349 0.027128 
10.137764 1.020072 0.027248 
10.142722 1.018790 0.027368 
10.147684 1.017503 0.027490 
10.152651 1.016211 0.027612 
10.157623 1.014914 0.027735 
10.162600 1.013612 0.027860 
10.167581 1.012305 0.027985 
10.172568 1.010992 0.028111 
10.177559 1.009675 0.028239 
10.182556 1.008353 0.028367 
10.187557 1.007025 0.028496 
10.192563 1.005692 0.028627 
10.197574 1.004354 0.028758 
10.202590 1.003010 0.028891 
10.207611 1.001661 0.029024 
10.212637 1.000307 0.029159 
10.217668 0.998947 0.029295 
10.222704 0.997582 0.029432 
10.227745 0.996211 0.029570 
10.232790 0.994835 0.029709 
10.237841 0.993454 0.029849 
10.242897 0.992066 0.029991 
10.247958 0.990673 0.030134 
10.253023 0.989275 0.030278 
10.258094 0.987870 0.030423 
10.263170 0.986460 0.030569 
10.268251 0.985044 0.030717 
10.273336 0.983622 0.030865 
10.278427 0.982195 0.031015 
10.283523 0.980761 0.031167 
10.288624 0.979322 0.031319 
10.293730 0.977876 0.031473 
10.298841 0.976425 0.031629 
10.303957 0.974967 0.031785 
10.309079 0.973503 0.031943 
10.314205 0.972034 0.032103 
10.319336 0.970557 0.032264 
10.324473 0.969075 0.032426 
10.329615 0.967586 0.032589 
10.334761 0.966091 0.032755 
10.339913 0.964590 0.032921 
10.345070 0.963082 0.033089 
10.350233 0.961568 0.033259 
10.355400 0.960047 0.033430 
10.360572 0.958520 0.033602 
10.365750 0.956986 0.033777 
10.370933 0.955445 0.033952 
10.376121 0.953898 0.034130 
10.381314 0.952344 0.034309 
10.386513 0.950783 0.034489 
10.391716 0.949215 0.034672 
10.396925 0.947640 0.034856 
10.402139 0.946058 0.035041 
10.407359 0.944469 0.035229 
10.412583 0.942874 0.035418 
10.417813 0.941271 0.035609 
10.423048 0.939661 0.035802 
10.428289 0.938043 0.035997 
10.433534 0.936419 0.036193 
10.438785 0.934787 0.036391 
10.444041 0.933147 0.036592 
10.449303 0.931500 0.036794 
10.454570 0.929846 0.036998 
10.459842 0.928184 0.037204 
10.465119 0.926514 0.037412 
10.470402 0.924837 0.037623 
10.475690 0.923152 0.037835 
10.480983 0.921459 0.038049 
10.486282 0.919759 0.038266 
10.491586 0.918050 0.038484 
10.496896 0.916333 0.038705 
10.502211 0.914609 0.038928 
10.507531 0.912876 0.039153 
10.512857 0.911135 0.039381 
10.518188 0.909386 0.039611 
10.523524 0.907628 0.039843 
10.528866 0.905862 0.040078 
10.534213 0.904088 0.040315 
10.539566 0.902305 0.040554 
10.544924 0.900513 0.040796 
10.550288 0.898713 0.041041 
10.555657 0.896904 0.041288 
10.561032 0.895086 0.041537 
10.566412 0.893260 0.041789 
10.571797 0.891424 0.042044 
10.577188 0.889580 0.042302 
10.582585 0.887726 0.042562 
10.587987 0.885863 0.042826 
10.593394 0.883991 0.043092 
10.598807 0.882110 0.043361 
10.604226 0.880219 0.043632 
10.609650 0.878318 0.043907 
10.615080 0.876408 0.044185 
10.620515 0.874489 0.044466 
10.625956 0.872559 0.044750 
10.631402 0.870620 0.045037 
10.636854 0.868671 0.045327 
10.642312 0.866712 0.045621 
10.647775 0.864743 0.045918 
10.653244 0.862764 0.046218 
10.658718 0.860774 0.046522 
10.664198 0.858774 0.046829 
10.669684 0.856764 0.047140 
10.675176 0.854743 0.047454 
10.680673 0.852711 0.047772 
10.686175 0.850669 0.048094 
10.691684 0.848616 0.048419 
10.697198 0.846552 0.048749 
10.702717 0.844477 0.049082 
10.708243 0.842391 0.049419 
10.713774 0.840293 0.049760 
10.719311 0.838184 0.050105 
10.724853 0.836064 0.050455 
10.730401 0.833933 0.050809 
10.735956 0.831789 0.051167 
10.741515 0.829634 0.051529 
10.747081 0.827467 0.051896 
10.752652 0.825288 0.052267 
10.758229 0.823097 0.052643 
10.763812 0.820894 0.053024 
10.769401 0.818678 0.053409 
10.774995 0.816450 0.053799 
10.780596 0.814210 0.054195 
10.786202 0.811957 0.054595 
10.791814 0.809690 0.055000 
10.797432 0.807411 0.055411 
10.803055 0.805119 0.055827 
10.808685 0.802814 0.056248 
10.814320 0.800496 0.056675 
10.819961 0.798164 0.057108 
10.825609 0.795818 0.057546 
10.831262 0.793459 0.057990 
10.836921 0.791086 0.058440 
10.842585 0.788699 0.058896 
10.848256 0.786298 0.059359 
10.853933 0.783882 0.059827 
10.859616 0.781452 0.060302 
10.865304 0.779008 0.060784 
10.870999 0.776549 0.061272 
10.876700 0.774075 0.061767 
10.882406 0.771586 0.062269 
10.888119 0.769082 0.062778 
10.893837 0.766562 0.063294 
10.899562 0.764027 0.063818 
10.905292 0.761477 0.064349 
10.911029 0.758911 0.064888 
10.916772 0.756328 0.065434 
10.922520 0.753730 0.065989 
10.928275 0.751115 0.066552 
10.934036 0.748484 0.067123 
10.939803 0.745836 0.067702 
10.945576 0.743171 0.068290 
10.951355 0.740489 0.068887 
10.957140 0.737790 0.069493 
10.962931 0.735074 0.070109 
10.968729 0.732340 0.070734 
10.974532 0.729588 0.071368 
10.980342 0.726819 0.072012 
10.986158 0.724031 0.072667 
10.991980 0.721225 0.073331 
10.997808 0.718400 0.074007 
11.003642 0.715557 0.074693 
11.009483 0.712695 0.075390 
11.015330 0.709813 0.076098 
11.021183 0.706913 0.076818 
11.027042 0.703992 0.077549 
11.032907 0.701052 0.078293 
11.038779 0.698092 0.079049 
11.044657 0.695112 0.079818 
11.050541 0.692111 0.080600 
11.056432 0.689090 0.081395 
11.062329 0.686047 0.082203 
11.068232 0.682984 0.083026 
11.074141 0.679899 0.083863 
11.080057 0.676792 0.084714 
11.085979 0.673664 0.085580 
11.091907 0.670514 0.086462 
11.097842 0.667341 0.087360 
11.103783 0.664146 0.088273 
11.109730 0.660928 0.089203 
11.115684 0.657687 0.090151 
11.121644 0.654423 0.091115 
11.127611 0.651136 0.092098 
11.133583 0.647824 0.093099 
11.139563 0.644489 0.094119 
11.145549 0.641129 0.095158 
11.151541 0.637745 0.096217 
11.157540 0.634336 0.097297 
11.163545 0.630902 0.098397 
11.169556 0.627442 0.099519 
11.175574 0.623958 0.100664 
11.181599 0.620447 0.101831 
11.187630 0.616911 0.103021 
11.193668 0.613348 0.104236 
11.199712 0.609759 0.105475 
11.205762 0.606143 0.106740 
11.211819 0.602500 0.108032 
11.217883 0.598831 0.109350 
11.223953 0.595134 0.110696 
11.230030 0.591409 0.112071 
11.236114 0.587657 0.113475 
11.242204 0.583876 0.114910 
11.248300 0.580068 0.116376 
11.254404 0.576231 0.117874 
11.260514 0.572367 0.119405 
11.266630 0.568473 0.120971 
11.272753 0.564551 0.122572 
11.278883 0.560600 0.124210 
11.285020 0.556621 0.125885 
11.291163 0.552613 0.127598 
11.297313 0.548576 0.129352 
11.303469 0.544510 0.131147 
11.309633 0.540415 0.132984 
11.315803 0.536292 0.134866 
11.321979 0.532140 0.136792 
11.328163 0.527960 0.138765 
11.334353 0.523752 0.140786 
11.340550 0.519516 0.142857 
11.346754 0.515253 0.144980 
11.352964 0.510962 0.147155 
11.359182 0.506645 0.149384 
11.365406 0.502302 0.151670 
11.371637 0.497933 0.154014 
11.377875 0.493539 0.156418 
11.384120 0.489122 0.158884 
11.390371 0.484681 0.161413 
11.396630 0.480219 0.164007 
11.402895 0.475735 0.166669 
11.409167 0.471232 0.169400 
11.415446 0.466710 0.172203 
11.421732 0.462171 0.175079 
11.428025 0.457618 0.178030 
11.434325 0.453051 0.181058 
11.440632 0.448472 0.184166 
11.446946 0.443885 0.187355 
11.453267 0.439290 0.190627 
11.459595 0.434691 0.193984 
11.465929 0.430090 0.197428 
11.472271 0.425491 0.200960 
11.478620 0.420895 0.204582 
11.484976 0.416307 0.208295 
11.491339 0.411729 0.212100 
11.497708 0.407166 0.216000 
11.504085 0.402620 0.219994 
11.510470 0.398097 0.224083 
11.516861 0.393600 0.228267 
11.523259 0.389132 0.232548 
11.529664 0.384699 0.236924 
11.536077 0.380305 0.241396 
11.542496 0.375953 0.245962 
11.548923 0.371649 0.250622 
11.555357 0.367397 0.255374 
11.561798 0.363200 0.260217 
11.568247 0.359064 0.265148 
11.574702 0.354993 0.270166 
11.581165 0.350989 0.275267 
11.587635 0.347058 0.280448 
11.594112 0.343202 0.285707 
11.600596 0.339425 0.291039 
11.607088 0.335730 0.296442 
11.613587 0.332119 0.301910 
11.620093 0.328596 0.307441 
11.626607 0.325162 0.313029 
11.633127 0.321818 0.318671 
11.639655 0.318567 0.324362 
11.646191 0.315409 0.330098 
11.652734 0.312345 0.335874 
11.659284 0.309376 0.341685 
11.665841 0.306501 0.347529 
11.672406 0.303720 0.353399 
11.678979 0.301034 0.359294 
11.685558 0.298441 0.365207 
11.692145 0.295941 0.371136 
11.698740 0.293532 0.377077 
11.705342 0.291213 0.383026 
11.711951 0.288983 0.388981 
11.718568 0.286840 0.394938 
11.725193 0.284782 0.400893 
11.731825 0.282808 0.406846 
11.738464 0.280916 0.412792 
11.745111 0.279104 0.418730 
11.751765 0.277370 0.424657 
11.758427 0.275711 0.430572 
11.765097 0.274127 0.436472 
11.771774 0.272615 0.442356 
11.778459 0.271172 0.448223 
11.785151 0.269798 0.454070 
11.791851 0.268489 0.459897 
11.798559 0.267244 0.465702 
11.805274 0.266062 0.471485 
11.811997 0.264939 0.477244 
11.818727 0.263875 0.482978 
11.825465 0.262868 0.488687 
11.832211 0.261915 0.494371 
11.838965 0.261015 0.500028 
11.845726 0.260166 0.505658 
11.852495 0.259367 0.511260 
11.859272 0.258617 0.516835 
11.866056 0.257912 0.522381 
11.872848 0.257253 0.527899 
11.879648 0.256637 0.533388 
11.886456 0.256063 0.538848 
11.893272 0.255530 0.544278 
11.900095 0.255036 0.549680 
11.906927 0.254581 0.555051 
11.913766 0.254162 0.560394 
11.920613 0.253779 0.565706 
11.927468 0.253430 0.570989 
11.934330 0.253114 0.576242 
11.941201 0.252830 0.581465 
11.948080 0.252578 0.586659 
11.954966 0.252355 0.591823 
11.961860 0.252161 0.596957 
11.968763 0.251994 0.602062 
11.975673 0.251855 0.607137 
11.982592 0.251741 0.612182 
11.989518 0.251652 0.617198 
11.996452 0.251587 0.622185 
12.003395 0.251545 0.627142 
12.010345 0.251525 0.632070 
12.017304 0.251527 0.636969 
12.024270 0.251548 0.641840 
12.031245 0.251589 0.646681 
12.038228 0.251649 0.651493 
12.045218 0.251726 0.656277 
12.052217 0.251821 0.661033 
12.059224 0.251931 0.665760 
12.066240 0.252057 0.670459 
12.073263 0.252197 0.675130 
12.080295 0.252351 0.679773 
12.087335 0.252518 0.684388 
12.094383 0.252698 0.688975 
12.101439 0.252888 0.693536 
12.108503 0.253090 0.698069 
12.115576 0.253301 0.702575 
12.122657 0.253521 0.707054 
12.129746 0.253750 0.711506 
12.136844 0.253986 0.715933 
12.143950 0.254229 0.720333 
12.151064 0.254478 0.724706 
12.158186 0.254733 0.729055 
12.165317 0.254992 0.733377 
12.172457 0.255256 0.737675 
12.179604 0.255522 0.741948 
12.186760 0.255791 0.746196 
12.193925 0.256061 0.750419 
12.201098 0.256333 0.754619 
12.208279 0.256605 0.758794 
12.215469 0.256876 0.762947 
12.222667 0.257146 0.767076 
12.229874 0.257414 0.771183 
12.237089 0.257680 0.775267 
12.244313 0.257942 0.779330 
12.251545 0.258200 0.783371 
12.258786 0.258454 0.787391 
12.266036 0.258702 0.791391 
12.273294 0.258944 0.795370 
12.280560 0.259179 0.799330 
12.287835 0.259406 0.803270 
12.295119 0.259626 0.807192 
12.302412 0.259836 0.811096 
12.309713 0.260038 0.814982 
12.317023 0.260229 0.818852 
12.324341 0.260409 0.822705 
12.331668 0.260578 0.826542 
12.339004 0.260735 0.830365 
12.346349 0.260880 0.834173 
12.353702 0.261011 0.837967 
12.361064 0.261129 0.841748 
12.368435 0.261232 0.845517 
12.375815 0.261321 0.849274 
12.383204 0.261395 0.853020 
12.390601 0.261452 0.856757 
12.398007 0.261494 0.860484 
12.405422 0.261519 0.864202 
12.412846 0.261526 0.867913 
12.420279 0.261516 0.871617 
12.427721 0.261488 0.875315 
12.435172 0.261442 0.879009 
12.442631 0.261377 0.882697 
12.450100 0.261294 0.886383 
12.457577 0.261191 0.890066 
12.465064 0.261068 0.893748 
12.472559 0.260926 0.897429 
12.480064 0.260764 0.901111 
12.487577 0.260582 0.904794 
12.495100 0.260379 0.908479 
12.502632 0.260156 0.912168 
12.510173 0.259913 0.915861 
12.517722 0.259649 0.919559 
12.525281 0.259365 0.923263 
12.532850 0.259060 0.926975 
12.540427 0.258735 0.930695 
12.548013 0.258389 0.934424 
12.555609 0.258023 0.938163 
12.563214 0.257637 0.941913 
12.570828 0.257231 0.945675 
12.578451 0.256805 0.949451 
12.586084 0.256359 0.953240 
12.593726 0.255894 0.957044 
12.601377 0.255410 0.960864 
12.609037 0.254907 0.964701 
12.616707 0.254386 0.968556 
12.624386 0.253847 0.972429 
12.632074 0.253290 0.976322 
12.639772 0.252717 0.980235 
12.647479 0.252126 0.984170 
12.655196 0.251519 0.988126 
12.662922 0.250896 0.992106 
12.670657 0.250259 0.996109 
12.678402 0.249606 1.000137 
12.686157 0.248939 1.004189 
12.693920 0.248259 1.008268 
12.701694 0.247566 1.012373 
12.709477 0.246861 1.016506 
12.717269 0.246144 1.020667 
12.725071 0.245416 1.024856 
12.732883 0.244677 1.029075 
12.740704 0.243929 1.033323 
12.748535 0.243173 1.037602 
12.756375 0.242407 1.041912 
12.764225 0.241635 1.046253 
12.772085 0.240855 1.050627 
12.779954 0.240069 1.055032 
12.787834 0.239278 1.059471 
12.795722 0.238483 1.063943 
12.803621 0.237683 1.068448 
12.811529 0.236881 1.072988 
12.819448 0.236076 1.077562 
12.827375 0.235269 1.082170 
12.835313 0.234461 1.086814 
12.843261 0.233654 1.091492 
12.851218 0.232846 1.096207 
12.859185 0.232040 1.100957 
12.867163 0.231236 1.105743 
12.875150 0.230435 1.110565 
12.883147 0.229637 1.115423 
12.891154 0.228844 1.120318 
12.899170 0.228055 1.125249 
12.907197 0.227272 1.130217 
12.915234 0.226495 1.135222 
12.923281 0.225725 1.140264 
12.931338 0.224962 1.145343 
12.939405 0.224208 1.150459 
12.947482 0.223462 1.155611 
12.955569 0.222726 1.160801 
12.963666 0.222000 1.166028 
12.971774 0.221285 1.171292 
12.979891 0.220581 1.176594 
12.988019 0.219889 1.181932 
12.996157 0.219209 1.187308 
13.004305 0.218542 1.192720 
13.012463 0.217889 1.198170 
13.020632 0.217250 1.203657 
13.028810 0.216626 1.209180 
13.036999 0.216016 1.214741 
13.045199 0.215423 1.220338 
13.053408 0.214845 1.225973 
13.061629 0.214284 1.231644 
13.069859 0.213740 1.237352 
13.078100 0.213213 1.243097 
13.086351 0.212705 1.248878 
13.094612 0.212215 1.254697 
13.102884 0.211744 1.260551 
13.111167 0.211291 1.266443 
13.119460 0.210859 1.272371 
13.127763 0.210447 1.278335 
13.136077 0.210055 1.284336 
13.144402 0.209684 1.290373 
13.152737 0.209334 1.296447 
13.161083 0.209006 1.302557 
13.169439 0.208699 1.308704 
13.177806 0.208415 1.314887 
13.186183 0.208154 1.321106 
13.194571 0.207915 1.327362 
13.202970 0.207700 1.333655 
13.211380 0.207509 1.339984 
13.219800 0.207342 1.346349 
13.228231 0.207199 1.352752 
13.236673 0.207081 1.359190 
13.245125 0.206987 1.365666 
13.253589 0.206920 1.372178 
13.262063 0.206878 1.378727 
13.270548 0.206861 1.385314 
13.279044 0.206872 1.391937 
13.287550 0.206909 1.398598 
13.296068 0.206973 1.405295 
13.304597 0.207064 1.412031 
13.313136 0.207183 1.418804 
13.321687 0.207330 1.425614 
13.330248 0.207505 1.432463 
13.338821 0.207710 1.439350 
13.347404 0.207943 1.446275 
13.355999 0.208206 1.453239 
13.364604 0.208498 1.460241 
13.373221 0.208821 1.467282 
13.381849 0.209174 1.474363 
13.390488 0.209558 1.481483 
13.399138 0.209973 1.488643 
13.407800 0.210421 1.495842 
13.416472 0.210900 1.503082 
13.425156 0.211412 1.510363 
13.433851 0.211957 1.517685 
13.442557 0.212535 1.525047 
13.451275 0.213147 1.532452 
13.460004 0.213794 1.539898 
13.468744 0.214475 1.547386 
13.477496 0.215192 1.554918 
13.486259 0.215945 1.562492 
13.495033 0.216733 1.570109 
13.503819 0.217559 1.577771 
13.512616 0.218423 1.585476 
13.521425 0.219324 1.593227 
13.530245 0.220264 1.601022 
13.539077 0.221243 1.608864 
13.547920 0.222262 1.616751 
13.556775 0.223321 1.624685 
13.565642 0.224422 1.632666 
13.574520 0.225564 1.640694 
13.583409 0.226749 1.648771 
13.592311 0.227978 1.656896 
13.601224 0.229250 1.665071 
13.610148 0.230567 1.673295 
13.619085 0.231930 1.681570 
13.628033 0.233339 1.689895 
13.636993 0.234796 1.698272 
13.645965 0.236301 1.706702 
13.654948 0.237855 1.715184 
13.663943 0.239459 1.723719 
13.672951 0.241114 1.732309 
13.681970 0.242822 1.740954 
13.691001 0.244582 1.749653 
13.700044 0.246397 1.758409 
13.709099 0.248268 1.767222 
13.718165 0.250194 1.776093 
13.727244 0.252179 1.785021 
13.736335 0.254223 1.794009 
13.745438 0.256327 1.803056 
13.754553 0.258493 1.812164 
13.763680 0.260721 1.821334 
13.772819 0.263015 1.830565 
13.781971 0.265374 1.839859 
13.791134 0.267801 1.849217 
13.800310 0.270297 1.858640 
13.809498 0.272864 1.868127 
13.818698 0.275503 1.877681 
13.827911 0.278216 1.887302 
13.837135 0.281006 1.896991 
13.846373 0.283873 1.906748 
13.855622 0.286821 1.916575 
13.864884 0.289850 1.926472 
13.874158 0.292964 1.936441 
13.883444 0.296163 1.946482 
13.892744 0.299451 1.956595 
13.902055 0.302830 1.966783 
13.911379 0.306303 1.977045 
13.920715 0.309871 1.987383 
13.930065 0.313537 1.997798 
13.939426 0.317305 2.008290 
13.948800 0.321176 2.018860 
13.958187 0.325154 2.029509 
13.967587 0.329242 2.040238 
13.976999 0.333443 2.051047 
13.986424 0.337760 2.061939 
13.995861 0.342196 2.072912 
14.005311 0.346755 2.083969 
14.014774 0.351441 2.095109 
14.024250 0.356257 2.106334 
14.033739 0.361207 2.117644 
14.043240 0.366295 2.129041 
14.052755 0.371525 2.140523 
14.062282 0.376902 2.152093 
14.071822 0.382430 2.163750 
14.081375 0.388114 2.175496 
14.090942 0.393958 2.187329 
14.100521 0.399968 2.199252 
14.110113 0.406148 2.211264 
14.119718 0.412504 2.223365 
14.129337 0.419042 2.235555 
14.138968 0.425767 2.247834 
14.148613 0.432685 2.260203 
14.158270 0.439803 2.272660 
14.167941 0.447126 2.285207 
14.177625 0.454663 2.297841 
14.187323 0.462418 2.310562 
14.197034 0.470400 2.323371 
14.206758 0.478616 2.336264 
14.216495 0.487074 2.349242 
14.226246 0.495781 2.362303 
14.236010 0.504746 2.375445 
14.245787 0.513977 2.388667 
14.255578 0.523484 2.401965 
14.265382 0.533274 2.415338 
14.275200 0.543358 2.428783 
14.285032 0.553745 2.442296 
14.294877 0.564445 2.455875 
14.304735 0.575469 2.469514 
14.314607 0.586827 2.483210 
14.324493 0.598530 2.496958 
14.334393 0.610589 2.510753 
14.344306 0.623016 2.524587 
14.354233 0.635824 2.538456 
14.364173 0.649023 2.552351 
14.374128 0.662627 2.566265 
14.384096 0.676648 2.580190 
14.394078 0.691099 2.594115 
14.404074 0.705995 2.608031 
14.414083 0.721348 2.621926 
14.424107 0.737172 2.635789 
14.434145 0.753480 2.649606 
14.444196 0.770288 2.663364 
14.454262 0.787609 2.677046 
14.464342 0.805458 2.690637 
14.474435 0.823847 2.704118 
14.484543 0.842793 2.717470 
14.494665 0.862308 2.730673 
14.504801 0.882405 2.743704 
14.514952 0.903099 2.756541 
14.525116 0.924403 2.769156 
14.535295 0.946327 2.781524 
14.545488 0.968884 2.793615 
14.555695 0.992084 2.805399 
14.565917 1.015937 2.816844 
14.576153 1.040451 2.827914 
14.586404 1.065634 2.838573 
14.596669 1.091489 2.848784 
14.606948 1.118021 2.858505 
14.617242 1.145230 2.867695 
14.627550 1.173117 2.876310 
14.637873 1.201676 2.884303 
14.648210 1.230903 2.891628 
14.658563 1.260785 2.898235 
14.668929 1.291312 2.904075 
14.679311 1.322465 2.909095 
14.689707 1.354224 2.913244 
14.700118 1.386563 2.916468 
14.710543 1.419453 2.918714 
14.720984 1.452859 2.919930 
14.731439 1.486742 2.920064 
14.741909 1.521057 2.919063 
14.752394 1.555755 2.916879 
14.762894 1.590780 2.913464 
14.773409 1.626072 2.908774 
14.783939 1.661567 2.902767 
14.794484 1.697193 2.895407 
14.805044 1.732876 2.886661 
14.815619 1.768536 2.876502 
14.826209 1.804091 2.864909 
14.836814 1.839454 2.851868 
14.847435 1.874535 2.837371 
14.858070 1.909243 2.821417 
14.868721 1.943487 2.804014 
14.879387 1.977172 2.785178 
14.890069 2.010207 2.764931 
14.900766 2.042500 2.743307 
14.911478 2.073964 2.720345 
14.922206 2.104512 2.696092 
14.932949 2.134063 2.670603 
14.943708 2.162540 2.643941 
14.954482 2.189874 2.616174 
14.965271 2.215999 2.587376 
14.976077 2.240858 2.557625 
14.986897 2.264401 2.527006 
14.997734 2.286585 2.495605 
15.008586 2.307377 2.463509 
15.019454 2.326749 2.430810 
15.030338 2.344682 2.397598 
15.041237 2.361167 2.363962 
15.052152 2.376199 2.329992 
15.063084 2.389782 2.295776 
15.074031 2.401928 2.261398 
15.084994 2.412652 2.226939 
15.095972 2.421977 2.192478 
15.106967 2.429932 2.158088 
15.117978 2.436547 2.123839 
15.129005 2.441861 2.089796 
15.140048 2.445911 2.056019 
15.151107 2.448740 2.022563 
15.162183 2.450394 1.989479 
15.173274 2.450917 1.956812 
15.184382 2.450358 1.924603 
15.195506 2.448764 1.892888 
15.206647 2.446185 1.861699 
15.217803 2.442668 1.831064 
15.228977 2.438261 1.801006 
15.240166 2.433012 1.771545 
15.251372 2.426968 1.742696 
15.262595 2.420173 1.714474 
15.273834 2.412672 1.686888 
15.285089 2.404508 1.659945 
15.296361 2.395722 1.633649 
15.307650 2.386353 1.608004 
15.318956 2.376439 1.583010 
15.330278 2.366016 1.558665 
15.341617 2.355120 1.534966 
15.352973 2.343782 1.511909 
15.364345 2.332034 1.489488 
15.375735 2.319905 1.467696 
15.387141 2.307423 1.446526 
15.398564 2.294614 1.425970 
15.410005 2.281503 1.406017 
15.421462 2.268113 1.386660 
15.432936 2.254465 1.367886 
15.444427 2.240580 1.349688 
15.455936 2.226477 1.332052 
15.467462 2.212173 1.314970 
15.479005 2.197685 1.298430 
15.490565 2.183028 1.282421 
15.502142 2.168216 1.266933 
15.513737 2.153264 1.251954 
15.525349 2.138182 1.237475 
15.536978 2.122983 1.223484 
15.548625 2.107676 1.209972 
15.560290 2.092272 1.196928 
15.571972 2.076780 1.184342 
15.583671 2.061208 1.172205 
15.595388 2.045563 1.160508 
15.607123 2.029852 1.149241 
15.618875 2.014083 1.138397 
15.630645 1.998260 1.127965 
15.642433 1.982389 1.117939 
15.654239 1.966475 1.108310 
15.666062 1.950523 1.099072 
15.677903 1.934537 1.090216 
15.689763 1.918520 1.081737 
15.701640 1.902476 1.073627 
15.713535 1.886409 1.065880 
15.725448 1.870320 1.058491 
15.737379 1.854213 1.051455 
15.749329 1.838090 1.044765 
15.761296 1.821954 1.038417 
15.773282 1.805805 1.032407 
15.785286 1.789647 1.026731 
15.797309 1.773481 1.021383 
15.809349 1.757309 1.016362 
15.821408 1.741132 1.011663 
15.833486 1.724951 1.007284 
15.845581 1.708769 1.003221 
15.857696 1.692587 0.999473 
15.869829 1.676405 0.996037 
15.881980 1.660226 0.992912 
15.894150 1.644051 0.990095 
15.906339 1.627882 0.987586 
15.918546 1.611719 0.985383 
15.930773 1.595565 0.983485 
15.943018 1.579422 0.981893 
15.955282 1.563291 0.980604 
15.967564 1.547174 0.979620 
15.979866 1.531073 0.978940 
15.992187 1.514992 0.978565 
16.004526 1.498931 0.978494 
16.016885 1.482894 0.978729 
16.029263 1.466885 0.979269 
16.041660 1.450905 0.980117 
16.054076 1.434958 0.981271 
16.066511 1.419049 0.982735 
16.078966 1.403181 0.984508 
16.091440 1.387358 0.986592 
16.103933 1.371585 0.988987 
16.116446 1.355866 0.991695 
16.128978 1.340207 0.994717 
16.141530 1.324613 0.998053 
16.154101 1.309091 1.001705 
16.166692 1.293645 1.005672 
16.179303 1.278283 1.009956 
16.191933 1.263012 1.014557 
16.204583 1.247838 1.019474 
16.217253 1.232768 1.024707 
16.229942 1.217811 1.030256 
16.242652 1.202974 1.036119 
16.255381 1.188266 1.042296 
16.268130 1.173693 1.048784 
16.280900 1.159266 1.055580 
16.293689 1.144993 1.062683 
16.306498 1.130881 1.070089 
16.319328 1.116940 1.077793 
16.332178 1.103179 1.085792 
16.345048 1.089606 1.094081 
16.357939 1.076229 1.102654 
16.370849 1.063056 1.111505 
16.383780 1.050097 1.120627 
16.396732 1.037358 1.130014 
16.409704 1.024846 1.139657 
16.422697 1.012570 1.149549 
16.435710 1.000536 1.159681 
16.448744 0.988749 1.170044 
16.461798 0.977215 1.180629 
16.474874 0.965941 1.191425 
16.487970 0.954929 1.202424 
16.501087 0.944185 1.213614 
16.514225 0.933712 1.224986 
16.527383 0.923512 1.236529 
16.540563 0.913588 1.248231 
16.553764 0.903941 1.260084 
16.566986 0.894573 1.272075 
16.580229 0.885484 1.284194 
16.593493 0.876673 1.296431 
16.606778 0.868141 1.308775 
16.620085 0.859886 1.321217 
16.633413 0.851905 1.333745 
16.646762 0.844198 1.346351 
16.660133 0.836761 1.359025 
16.673526 0.829592 1.371757 
16.686940 0.822686 1.384539 
16.700375 0.816040 1.397362 
16.713832 0.809650 1.410218 
16.727311 0.803511 1.423099 
16.740812 0.797619 1.435997 
16.754334 0.791968 1.448905 
16.767879 0.786553 1.461816 
16.781445 0.781369 1.474724 
16.795033 0.776411 1.487622 
16.808643 0.771671 1.500504 
16.822276 0.767145 1.513366 
16.835930 0.762826 1.526201 
16.849607 0.758707 1.539006 
16.863306 0.754784 1.551776 
16.877027 0.751048 1.564505 
16.890770 0.747494 1.577192 
16.904536 0.744116 1.589832 
16.918325 0.740905 1.602421 
16.932136 0.737857 1.614958 
16.945969 0.734964 1.627440 
16.959825 0.732220 1.639864 
16.973704 0.729617 1.652228 
16.987605 0.727150 1.664531 
17.001530 0.724811 1.676772 
17.015477 0.722594 1.688949 
17.029447 0.720492 1.701061 
17.043440 0.718498 1.713109 
17.057456 0.716607 1.725091 
17.071495 0.714810 1.737008 
17.085557 0.713103 1.748861 
17.099642 0.711477 1.760649 
17.113751 0.709928 1.772374 
17.127883 0.708448 1.784037 
17.142038 0.707031 1.795640 
17.156217 0.705671 1.807183 
17.170419 0.704363 1.818670 
17.184645 0.703099 1.830103 
17.198894 0.701875 1.841483 
17.213167 0.700684 1.852814 
17.227463 0.699520 1.864098 
17.241784 0.698379 1.875340 
17.256128 0.697255 1.886543 
17.270496 0.696143 1.897710 
17.284888 0.695038 1.908846 
17.299304 0.693934 1.919955 
17.313745 0.692828 1.931041 
17.328209 0.691715 1.942110 
17.342697 0.690590 1.953166 
17.357210 0.689450 1.964215 
17.371747 0.688291 1.975263 
17.386309 0.687110 1.986314 
17.400894 0.685902 1.997375 
17.415505 0.684666 2.008452 
17.430140 0.683398 2.019552 
17.444799 0.682096 2.030680 
17.459483 0.680758 2.041843 
17.474192 0.679382 2.053049 
17.488926 0.677966 2.064304 
17.503684 0.676509 2.075616 
17.518468 0.675011 2.086991 
17.533276 0.673470 2.098436 
17.548110 0.671887 2.109960 
17.562969 0.670262 2.121570 
17.577853 0.668595 2.133273 
17.592762 0.666887 2.145077 
17.607696 0.665139 2.156990 
17.622656 0.663353 2.169020 
17.637641 0.661531 2.181173 
17.652652 0.659675 2.193458 
17.667688 0.657788 2.205883 
17.682750 0.655873 2.218455 
17.697838 0.653934 2.231182 
17.712951 0.651975 2.244071 
17.728091 0.650000 2.257130 
17.743256 0.648013 2.270366 
17.758447 0.646019 2.283786 
17.773664 0.644025 2.297397 
17.788907 0.642036 2.311207 
17.804177 0.640058 2.325222 
17.819473 0.638098 2.339449 
17.834795 0.636163 2.353893 
17.850143 0.634260 2.368562 
17.865518 0.632397 2.383460 
17.880919 0.630582 2.398594 
17.896347 0.628823 2.413968 
17.911801 0.627130 2.429588 
17.927283 0.625511 2.445459 
17.942791 0.623975 2.461584 
17.958326 0.622533 2.477968 
17.973887 0.621195 2.494614 
17.989476 0.619970 2.511525 
18.005092 0.618869 2.528704 
18.020735 0.617903 2.546154 
18.036405 0.617083 2.563877 
18.052103 0.616420 2.581873 
18.067828 0.615926 2.600144 
18.083580 0.615612 2.618690 
18.099360 0.615489 2.637511 
18.115167 0.615571 2.656607 
18.131002 0.615868 2.675976 
18.146864 0.616394 2.695617 
18.162755 0.617158 2.715528 
18.178673 0.618175 2.735705 
18.194619 0.619456 2.756146 
18.210594 0.621013 2.776846 
18.226596 0.622859 2.797801 
18.242626 0.625004 2.819006 
18.258685 0.627460 2.840455 
18.274772 0.630240 2.862141 
18.290887 0.633355 2.884058 
18.307031 0.636816 2.906198 
18.323203 0.640632 2.928553 
18.339404 0.644816 2.951115 
18.355634 0.649377 2.973873 
18.371892 0.654325 2.996819 
18.388179 0.659669 3.019941 
18.404495 0.665418 3.043229 
18.420840 0.671580 3.066672 
18.437214 0.678162 3.090258 
18.453617 0.685173 3.113974 
18.470050 0.692617 3.137808 
18.486512 0.700502 3.161747 
18.503003 0.708832 3.185777 
18.519523 0.717611 3.209886 
18.536073 0.726843 3.234060 
18.552653 0.736531 3.258284 
18.569262 0.746677 3.282544 
18.585901 0.757282 3.306828 
18.602570 0.768346 3.331120 
18.619269 0.779870 3.355406 
18.635998 0.791851 3.379674 
18.652757 0.804288 3.403909 
18.669546 0.817179 3.428098 
18.686366 0.830518 3.452228 
18.703216 0.844302 3.476287 
18.720096 0.858527 3.500262 
18.737006 0.873185 3.524143 
18.753948 0.888271 3.547917 
18.770919 0.903777 3.571575 
18.787922 0.919696 3.595108 
18.804956 0.936020 3.618505 
18.822020 0.952741 3.641760 
18.839115 0.969848 3.664864 
18.856242 0.987334 3.687812 
18.873400 1.005189 3.710597 
18.890588 1.023402 3.733215 
18.907809 1.041964 3.755662 
18.925060 1.060867 3.777936 
18.942343 1.080098 3.800034 
18.959658 1.099650 3.821956 
18.977005 1.119513 3.843700 
18.994383 1.139678 3.865269 
19.011793 1.160136 3.886663 
19.029235 1.180878 3.907885 
19.046709 1.201898 3.928939 
19.064215 1.223187 3.949828 
19.081754 1.244739 3.970557 
19.099324 1.266548 3.991132 
19.116927 1.288609 4.011559 
19.134563 1.310917 4.031845 
19.152231 1.333468 4.051996 
19.169932 1.356261 4.072020 
19.187665 1.379292 4.091927 
19.205432 1.402561 4.111723 
19.223231 1.426067 4.131419 
19.241063 1.449813 4.151022 
19.258929 1.473799 4.170543 
19.276827 1.498028 4.189991 
19.294759 1.522506 4.209375 
19.312724 1.547235 4.228705 
19.330723 1.572224 4.247990 
19.348756 1.597479 4.267239 
19.366822 1.623007 4.286461 
19.384922 1.648820 4.305667 
19.403055 1.674927 4.324863 
19.421223 1.701339 4.344058 
19.439425 1.728069 4.363261 
19.457660 1.755132 4.382479 
19.475931 1.782542 4.401718 
19.494235 1.810314 4.420985 
19.512574 1.838467 4.440285 
19.530947 1.867017 4.459624 
19.549355 1.895986 4.479006 
19.567798 1.925392 4.498434 
19.586276 1.955257 4.517911 
19.604788 1.985605 4.537438 
19.623336 2.016458 4.557016 
19.641919 2.047842 4.576644 
19.660537 2.079782 4.596320 
19.679190 2.112307 4.616042 
19.697879 2.145443 4.635805 
19.716603 2.179220 4.655603 
19.735363 2.213668 4.675429 
19.754158 2.248820 4.695273 
19.772990 2.284707 4.715124 
19.791857 2.321363 4.734970 
19.810760 2.358823 4.754795 
19.829700 2.397123 4.774582 
19.848676 2.436298 4.794312 
19.867688 2.476386 4.813962 
19.886736 2.517427 4.833507 
19.905822 2.559457 4.852919 
19.924943 2.602519 4.872168 
19.944102 2.646651 4.891218 
19.963297 2.691894 4.910033 
19.982530 2.738289 4.928570 
20.001799 2.785878 4.946782 
20.021106 2.834700 4.964621 
20.040450 2.884797 4.982032 
20.059832 2.936208 4.998954 
20.079251 2.988972 5.015323 
20.098707 3.043126 5.031069 
20.118202 3.098706 5.046116 
20.137734 3.155744 5.060383 
20.157304 3.214272 5.073781 
20.176913 3.274316 5.086218 
20.196559 3.335898 5.097592 
20.216244 3.399036 5.107797 
20.235967 3.463742 5.116719 
20.255729 3.530022 5.124237 
20.275529 3.597873 5.130225 
20.295368 3.667285 5.134551 
20.315246 3.738237 5.137074 
20.335163 3.810697 5.137651 
20.355119 3.884622 5.136133 
20.375114 3.959955 5.132366 
20.395149 4.036626 5.126195 
20.415223 4.114549 5.117461 
20.435336 4.193619 5.106008 
20.455489 4.273716 5.091677 
20.475682 4.354703 5.074317 
20.495915 4.436420 5.053781 
20.516188 4.518691 5.029928 
20.536501 4.601321 5.002630 
20.556854 4.684093 4.971772 
20.577248 4.766776 4.937255 
20.597682 4.849118 4.898998 
20.618157 4.930856 4.856943 
20.638673 5.011711 4.811056 
20.659229 5.091395 4.761330 
20.679827 5.169613 4.707785 
20.700465 5.246067 4.650476 
20.721145 5.320458 4.589484 
20.741866 5.392494 4.524927 
20.762629 5.461889 4.456951 
20.783433 5.528373 4.385735 
20.804279 5.591692 4.311486 
20.825167 5.651615 4.234439 
20.846097 5.707936 4.154853 
20.867068 5.760474 4.073006 
20.888083 5.809083 3.989194 
20.909139 5.853648 3.903723 
20.930238 5.894084 3.816908 
20.951380 5.930345 3.729067 
20.972564 5.962413 3.640517 
20.993792 5.990305 3.551568 
21.015062 6.014068 3.462522 
21.036375 6.033775 3.373667 
21.057732 6.049526 3.285276 
21.079132 6.061442 3.197605 
21.100576 6.069665 3.110888 
21.122063 6.074352 3.025338 
21.143594 6.075671 2.941148 
21.165169 6.073804 2.858487 
21.186789 6.068935 2.777503 
21.208452 6.061255 2.698322 
21.230160 6.050956 2.621048 
21.251912 6.038231 2.545768 
21.273709 6.023267 2.472548 
21.295550 6.006251 2.401439 
21.317437 5.987362 2.332473 
21.339368 5.966774 2.265672 
21.361345 5.944652 2.201043 
21.383367 5.921156 2.138581 
21.405435 5.896436 2.078272 
21.427548 5.870633 2.020094 
21.449706 5.843880 1.964017 
21.471911 5.816303 1.910003 
21.494162 5.788016 1.858013 
21.516459 5.759129 1.807999 
21.538802 5.729740 1.759913 
21.561191 5.699942 1.713703 
21.583628 5.669819 1.669314 
21.606110 5.639450 1.626692 
21.628640 5.608905 1.585781 
21.651217 5.578249 1.546523 
21.673841 5.547542 1.508862 
21.696513 5.516836 1.472743 
21.719231 5.486182 1.438109 
21.741998 5.455621 1.404905 
21.764812 5.425194 1.373078 
21.787674 5.394937 1.342574 
21.810585 5.364881 1.313342 
21.833543 5.335053 1.285332 
21.856550 5.305481 1.258496 
21.879606 5.276185 1.232785 
21.902710 5.247185 1.208154 
21.925863 5.218498 1.184559 
21.949065 5.190140 1.161957 
21.972316 5.162124 1.140306 
21.995616 5.134460 1.119568 
22.018966 5.107157 1.099703 
22.042366 5.080225 1.080675 
22.065815 5.053669 1.062448 
22.089314 5.027495 1.044989 
22.112864 5.001707 1.028264 
22.136463 4.976307 1.012243 
22.160113 4.951299 0.996895 
22.183814 4.926684 0.982191 
22.207565 4.902462 0.968103 
22.231368 4.878634 0.954606 
22.255221 4.855198 0.941672 
22.279126 4.832153 0.929279 
22.303082 4.809498 0.917401 
22.327089 4.787231 0.906018 
22.351149 4.765349 0.895107 
22.375260 4.743849 0.884647 
22.399423 4.722728 0.874618 
22.423639 4.701982 0.865002 
22.447907 4.681609 0.855781 
22.472228 4.661603 0.846935 
22.496601 4.641961 0.838450 
22.521027 4.622679 0.830308 
22.545507 4.603752 0.822494 
22.570039 4.585175 0.814993 
22.594625 4.566945 0.807791 
22.619265 4.549055 0.800875 
22.643959 4.531502 0.794230 
22.668706 4.514280 0.787844 
22.693508 4.497384 0.781705 
22.718364 4.480810 0.775802 
22.743274 4.464553 0.770122 
22.768239 4.448607 0.764656 
22.793259 4.432966 0.759393 
22.818334 4.417628 0.754323 
22.843465 4.402585 0.749436 
22.868651 4.387833 0.744724 
22.893892 4.373367 0.740176 
22.919189 4.359182 0.735786 
22.944542 4.345272 0.731544 
22.969951 4.331633 0.727443 
22.995417 4.318260 0.723475 
23.020939 4.305148 0.719632 
23.046518 4.292291 0.715909 
23.072154 4.279684 0.712298 
23.097846 4.267323 0.708793 
23.123597 4.255204 0.705388 
23.149404 4.243320 0.702076 
23.175269 4.231667 0.698852 
23.201192 4.220240 0.695711 
23.227174 4.209035 0.692646 
23.253213 4.198048 0.689655 
23.279311 4.187272 0.686730 
23.305467 4.176704 0.683868 
23.331683 4.166339 0.681065 
23.357957 4.156172 0.678316 
23.384291 4.146199 0.675616 
23.410684 4.136416 0.672963 
23.437137 4.126819 0.670352 
23.463649 4.117402 0.667780 
23.490222 4.108161 0.665244 
23.516855 4.099093 0.662740 
23.543548 4.090194 0.660265 
23.570302 4.081458 0.657816 
23.597117 4.072882 0.655391 
23.623993 4.064462 0.652986 
23.650931 4.056194 0.650600 
23.677929 4.048074 0.648229 
23.704990 4.040098 0.645872 
23.732112 4.032263 0.643526 
23.759297 4.024564 0.641190 
23.786544 4.016998 0.638862 
23.813853 4.009561 0.636539 
23.841225 4.002250 0.634220 
23.868661 3.995062 0.631903 
23.896159 3.987992 0.629587 
23.923721 3.981037 0.627271 
23.951346 3.974194 0.624953 
23.979036 3.967460 0.622632 
24.006789 3.960831 0.620307 
24.034607 3.954305 0.617977 
24.062490 3.947878 0.615640 
24.090437 3.941547 0.613297 
24.118449 3.935309 0.610945 
24.146526 3.929161 0.608586 
24.174669 3.923101 0.606217 
24.202878 3.917125 0.603838 
24.231152 3.911231 0.601449 
24.259492 3.905415 0.599049 
24.287899 3.899677 0.596638 
24.316373 3.894012 0.594216 
24.344913 3.888419 0.591781 
24.373521 3.882894 0.589335 
24.402195 3.877436 0.586876 
24.430938 3.872042 0.584406 
24.459748 3.866709 0.581922 
24.488626 3.861437 0.579426 
24.517572 3.856222 0.576918 
24.546587 3.851062 0.574398 
24.575671 3.845955 0.571864 
24.604823 3.840900 0.569319 
24.634045 3.835894 0.566762 
24.663337 3.830935 0.564192 
24.692698 3.826022 0.561611 
24.722129 3.821152 0.559018 
24.751630 3.816324 0.556415 
24.781202 3.811537 0.553800 
24.810845 3.806788 0.551174 
24.840558 3.802077 0.548538 
24.870343 3.797400 0.545893 
24.900199 3.792758 0.543237 
24.930127 3.788148 0.540573 
24.960128 3.783570 0.537899 
24.990200 3.779021 0.535217 
25.020345 3.774501 0.532528 
25.050563 3.770007 0.529830 
25.080854 3.765540 0.527126 
25.111218 3.761097 0.524415 
25.141656 3.756678 0.521698 
25.172168 3.752281 0.518975 
25.202753 3.747906 0.516247 
25.233414 3.743551 0.513514 
25.264149 3.739216 0.510777 
25.294959 3.734898 0.508037 
25.325844 3.730599 0.505293 
25.356804 3.726315 0.502546 
25.387841 3.722048 0.499797 
25.418953 3.717795 0.497047 
25.450142 3.713557 0.494295 
25.481408 3.709331 0.491543 
25.512750 3.705118 0.488790 
25.544170 3.700918 0.486038 
25.575667 3.696728 0.483286 
25.607242 3.692549 0.480536 
25.638895 3.688379 0.477787 
25.670626 3.684219 0.475041 
25.702436 3.680068 0.472297 
25.734325 3.675925 0.469557 
25.766293 3.671789 0.466820 
25.798341 3.667661 0.464088 
25.830468 3.663539 0.461360 
25.862676 3.659423 0.458637 
25.894964 3.655313 0.455919 
25.927333 3.651209 0.453207 
25.959782 3.647109 0.450502 
25.992313 3.643013 0.447804 
26.024926 3.638922 0.445112 
26.057621 3.634834 0.442428 
26.090398 3.630750 0.439753 
26.123257 3.626668 0.437085 
26.156199 3.622590 0.434427 
26.189225 3.618513 0.431777 
26.222334 3.614439 0.429137 
26.255527 3.610366 0.426507 
26.288804 3.606295 0.423888 
26.322165 3.602225 0.421278 
26.355611 3.598156 0.418680 
26.389143 3.594088 0.416093 
26.422759 3.590020 0.413518 
26.456462 3.585953 0.410954 
26.490250 3.581885 0.408403 
26.524125 3.577817 0.405865 
26.558087 3.573749 0.403339 
26.592136 3.569680 0.400826 
26.626272 3.565610 0.398327 
26.660496 3.561539 0.395841 
26.694808 3.557466 0.393370 
26.729209 3.553392 0.390913 
26.763698 3.549316 0.388470 
26.798277 3.545239 0.386042 
26.832944 3.541159 0.383629 
26.867702 3.537077 0.381232 
26.902550 3.532992 0.378850 
26.937488 3.528904 0.376484 
26.972518 3.524814 0.374134 
27.007638 3.520720 0.371800 
27.042850 3.516623 0.369482 
27.078154 3.512523 0.367181 
27.113550 3.508418 0.364897 
27.149039 3.504310 0.362631 
27.184621 3.500197 0.360381 
27.220297 3.496080 0.358150 
27.256066 3.491959 0.355935 
27.291929 3.487832 0.353739 
27.327887 3.483700 0.351562 
27.363939 3.479563 0.349402 
27.400087 3.475420 0.347261 
27.436331 3.471271 0.345140 
27.472670 3.467116 0.343037 
27.509106 3.462955 0.340953 
27.545639 3.458787 0.338889 
27.582269 3.454611 0.336844 
27.618996 3.450428 0.334820 
27.655821 3.446238 0.332816 
27.692745 3.442039 0.330832 
27.729767 3.437832 0.328868 
27.766889 3.433616 0.326925 
27.804110 3.429391 0.325004 
27.841431 3.425156 0.323104 
27.878852 3.420912 0.321225 
27.916374 3.416657 0.319368 
27.953997 3.412391 0.317533 
27.991722 3.408113 0.315721 
28.029549 3.403824 0.313931 
28.067478 3.399523 0.312165 
28.105510 3.395209 0.310421 
28.143645 3.390881 0.308702 
28.181883 3.386540 0.307006 
28.220226 3.382184 0.305334 
28.258673 3.377813 0.303688 
28.297225 3.373426 0.302066 
28.335883 3.369022 0.300470 
28.374646 3.364602 0.298899 
28.413515 3.360163 0.297356 
28.452491 3.355706 0.295839 
28.491574 3.351229 0.294349 
28.530765 3.346732 0.292887 
28.570063 3.342214 0.291454 
28.609470 3.337674 0.290050 
28.648986 3.333111 0.288675 
28.688611 3.328524 0.287331 
28.728346 3.323911 0.286018 
28.768191 3.319273 0.284736 
28.808147 3.314607 0.283488 
28.848214 3.309913 0.282272 
28.888393 3.305189 0.281091 
28.928684 3.300434 0.279946 
28.969087 3.295647 0.278836 
29.009603 3.290826 0.277764 
29.050233 3.285970 0.276731 
29.090976 3.281076 0.275738 
29.131834 3.276145 0.274785 
29.172807 3.271173 0.273875 
29.213896 3.266159 0.273009 
29.255100 3.261101 0.272189 
29.296421 3.255997 0.271416 
29.337859 3.250846 0.270693 
29.379414 3.245644 0.270020 
29.421087 3.240390 0.269401 
29.462878 3.235081 0.268838 
29.504788 3.229714 0.268333 
29.546818 3.224288 0.267888 
29.588967 3.218799 0.267507 
29.631237 3.213244 0.267193 
29.673628 3.207620 0.266949 
29.716140 3.201924 0.266778 
29.758775 3.196153 0.266685 
29.801532 3.190303 0.266674 
29.844412 3.184370 0.266749 
29.887415 3.178350 0.266915 
29.930543 3.172239 0.267178 
29.973795 3.166033 0.267543 
30.017172 3.159728 0.268017 
30.060675 3.153318 0.268607 
30.104305 3.146798 0.269320 
30.148061 3.140163 0.270164 
30.191945 3.133407 0.271149 
30.235956 3.126526 0.272285 
30.280096 3.119512 0.273581 
30.324366 3.112360 0.275051 
30.368764 3.105062 0.276707 
30.413293 3.097613 0.278564 
30.457953 3.090004 0.280638 
30.502744 3.082230 0.282945 
30.547667 3.074282 0.285506 
30.592723 3.066154 0.288342 
30.637911 3.057837 0.291477 
30.683234 3.049325 0.294937 
30.728690 3.040611 0.298752 
30.774282 3.031686 0.302954 
30.820009 3.022547 0.307580 
30.865872 3.013186 0.312671 
30.911872 3.003600 0.318272 
30.958009 2.993788 0.324435 
31.004284 2.983747 0.331215 
31.050698 2.973483 0.338678 
31.097250 2.963001 0.346894 
31.143943 2.952314 0.355944 
31.190776 2.941441 0.365917 
31.237750 2.930409 0.376913 
31.284866 2.919258 0.389044 
31.332124 2.908040 0.402432 
31.379525 2.896826 0.417216 
31.427070 2.885709 0.433543 
31.474759 2.874813 0.451577 
31.522593 2.864293 0.471491 
31.570572 2.854351 0.493466 
31.618698 2.845241 0.517687 
31.666971 2.837282 0.544333 
31.715392 2.830866 0.573564 
31.763960 2.826471 0.605504 
31.812678 2.824671 0.640217 
31.861545 2.826136 0.677671 
31.910563 2.831628 0.717700 
31.959732 2.841982 0.759958 
32.009053 2.858068 0.803866 
32.058526 2.880732 0.848573 
32.108152 2.910704 0.892918 
32.157932 2.948488 0.935436 
32.207867 2.994240 0.974395 
32.257957 3.047643 1.007894 
32.308203 3.107815 1.034016 
32.358605 3.173274 1.051032 
32.409166 3.241992 1.057625 
32.459884 3.311550 1.053099 
32.510762 3.379376 1.037504 
32.561799 3.443035 1.011658 
32.612997 3.500493 0.977035 
32.664356 3.550312 0.935557 
32.715877 3.591725 0.889332 
32.767561 3.624598 0.840416 
32.819408 3.649311 0.790622 
32.871420 3.666602 0.741419 
32.923597 3.677405 0.693903 
32.975940 3.682725 0.648818 
33.028449 3.683540 0.606608 
33.081126 3.680748 0.567486 
33.133971 3.675134 0.531491 
33.186986 3.667364 0.498546 
33.240170 3.657990 0.468499 
33.293525 3.647457 0.441157 
33.347052 3.636123 0.416304 
33.400751 3.624269 0.393723 
33.454623 3.612113 0.373200 
33.508669 3.599824 0.354533 
33.562890 3.587529 0.337535 
33.617287 3.575324 0.322036 
33.671860 3.563281 0.307881 
33.726611 3.551450 0.294929 
33.781541 3.539867 0.283057 
33.836649 3.528557 0.272153 
33.891938 3.517534 0.262119 
33.947408 3.506808 0.252866 
34.003059 3.496379 0.244316 
34.058893 3.486248 0.236400 
34.114911 3.476411 0.229057 
34.171114 3.466862 0.222231 
34.227502 3.457592 0.215874 
34.284076 3.448594 0.209942 
34.340838 3.439858 0.204397 
34.397788 3.431375 0.199204 
34.454927 3.423134 0.194332 
34.512256 3.415127 0.189752 
34.569777 3.407343 0.185442 
34.627489 3.399773 0.181377 
34.685395 3.392408 0.177537 
34.743494 3.385238 0.173906 
34.801789 3.378255 0.170465 
34.860279 3.371451 0.167201 
34.918966 3.364817 0.164100 
34.977852 3.358347 0.161150 
35.036936 3.352032 0.158339 
35.096220 3.345867 0.155659 
35.155705 3.339843 0.153098 
35.215392 3.333956 0.150650 
35.275282 3.328199 0.148307 
35.335377 3.322566 0.146061 
35.395676 3.317052 0.143906 
35.456181 3.311652 0.141837 
35.516894 3.306360 0.139847 
35.577815 3.301174 0.137933 
35.638945 3.296087 0.136089 
35.700286 3.291096 0.134311 
35.761838 3.286196 0.132596 
35.823603 3.281385 0.130940 
35.885581 3.276658 0.129339 
35.947775 3.272011 0.127791 
36.010184 3.267443 0.126293 
36.072811 3.262948 0.124842 
36.135655 3.258526 0.123435 
36.198719 3.254172 0.122071 
36.262004 3.249883 0.120748 
36.325510 3.245658 0.119463 
36.389239 3.241494 0.118215 
36.453192 3.237389 0.117002 
36.517370 3.233339 0.115822 
36.581774 3.229344 0.114675 
36.646406 3.225400 0.113558 
36.711267 3.221506 0.112471 
36.776358 3.217659 0.111413 
36.841680 3.213859 0.110382 
36.907235 3.210103 0.109378 
36.973023 3.206389 0.108399 
37.039046 3.202716 0.107445 
37.105306 3.199083 0.106514 
37.171803 3.195486 0.105608 
37.238539 3.191926 0.104723 
37.305514 3.188400 0.103861 
37.372732 3.184907 0.103021 
37.440191 3.181446 0.102202 
37.507895 3.178015 0.101403 
37.575844 3.174613 0.100625 
37.644040 3.171238 0.099867 
37.712484 3.167890 0.099129 
37.781177 3.164567 0.098410 
37.850121 3.161268 0.097711 
37.919316 3.157992 0.097031 
37.988766 3.154737 0.096370 
38.058470 3.151503 0.095729 
38.128430 3.148288 0.095107 
38.198648 3.145091 0.094505 
38.269126 3.141912 0.093922 
38.339863 3.138748 0.093359 
38.410863 3.135599 0.092816 
38.482126 3.132464 0.092293 
38.553654 3.129341 0.091791 
38.625449 3.126231 0.091311 
38.697511 3.123131 0.090852 
38.769843 3.120041 0.090416 
38.842446 3.116959 0.090003 
38.915321 3.113886 0.089614 
38.988470 3.110819 0.089249 
39.061895 3.107758 0.088910 
39.135596 3.104701 0.088598 
39.209577 3.101649 0.088314 
39.283837 3.098600 0.088059 
39.358380 3.095552 0.087835 
39.433205 3.092507 0.087643 
39.508316 3.089462 0.087485 
39.583714 3.086416 0.087362 
39.659400 3.083370 0.087278 
39.735376 3.080323 0.087234 
39.811643 3.077274 0.087232 
39.888204 3.074223 0.087275 
39.965060 3.071170 0.087366 
40.042213 3.068114 0.087508 
40.119664 3.065055 0.087704 
40.197415 3.061995 0.087958 
40.275468 3.058934 0.088274 
40.353825 3.055872 0.088656 
40.432487 3.052811 0.089109 
40.511457 3.049752 0.089637 
40.590736 3.046698 0.090244 
40.670326 3.043651 0.090938 
40.750228 3.040614 0.091723 
40.830445 3.037593 0.092605 
40.910978 3.034591 0.093590 
40.991830 3.031615 0.094684 
41.073002 3.028670 0.095895 
41.154496 3.025767 0.097228 
41.236314 3.022914 0.098689 
41.318458 3.020121 0.100284 
41.400930 3.017402 0.102018 
41.483732 3.014771 0.103897 
41.566866 3.012243 0.105922 
41.650333 3.009837 0.108096 
41.734137 3.007572 0.110419 
41.818278 3.005469 0.112889 
41.902760 3.003551 0.115499 
41.987583 3.001841 0.118240 
42.072751 3.000365 0.121101 
42.158264 2.999147 0.124062 
42.244126 2.998210 0.127103 
42.330339 2.997575 0.130196 
42.416904 2.997262 0.133307 
42.503824 2.997285 0.136401 
42.591101 2.997653 0.139436 
42.678737 2.998368 0.142366 
42.766734 2.999425 0.145145 
42.855095 3.000809 0.147726 
42.943822 3.002498 0.150064 
43.032917 3.004462 0.152117 
43.122383 3.006661 0.153848 
43.212221 3.009051 0.155228 
43.302434 3.011581 0.156236 
43.393025 3.014201 0.156860 
43.483996 3.016856 0.157099 
43.575349 3.019495 0.156959 
43.667086 3.022071 0.156457 
43.759211 3.024541 0.155614 
43.851725 3.026867 0.154459 
43.944631 3.029020 0.153025 
44.037932 3.030976 0.151347 
44.131630 3.032720 0.149459 
44.225727 3.034240 0.147398 
44.320227 3.035532 0.145198 
44.415131 3.036597 0.142890 
44.510442 3.037439 0.140504 
44.606164 3.038065 0.138065 
44.702298 3.038485 0.135597 
44.798847 3.038710 0.133120 
44.895814 3.038754 0.130650 
44.993202 3.038628 0.128202 
45.091013 3.038348 0.125787 
45.189251 3.037925 0.123415 
45.287917 3.037372 0.121092 
45.387015 3.036702 0.118824 
45.486548 3.035927 0.116615 
45.586519 3.035056 0.114468 
45.686930 3.034101 0.112385 
45.787784 3.033071 0.110366 
45.889084 3.031973 0.108412 
45.990834 3.030817 0.106521 
46.093036 3.029609 0.104694 
46.195693 3.028355 0.102929 
46.298808 3.027062 0.101223 
46.402385 3.025734 0.099577 
46.506426 3.024376 0.097987 
46.610935 3.022994 0.096452 
46.715915 3.021589 0.094970 
46.821368 3.020167 0.093538 
46.927299 3.018729 0.092155 
47.033710 3.017279 0.090819 
47.140605 3.015819 0.089527 
47.247986 3.014351 0.088278 
47.355859 3.012878 0.087071 
47.464224 3.011400 0.085902 
47.573087 3.009920 0.084770 
47.682451 3.008439 0.083675 
47.792318 3.006958 0.082613 
47.902693 3.005478 0.081584 
48.013579 3.003999 0.080586 
48.124979 3.002524 0.079617 
48.236898 3.001053 0.078677 
48.349338 2.999585 0.077764 
48.462304 2.998123 0.076877 
48.575799 2.996665 0.076015 
48.689826 2.995214 0.075176 
48.804391 2.993769 0.074359 
48.919496 2.992330 0.073565 
49.035144 2.990898 0.072791 
49.151341 2.989473 0.072037 
49.268090 2.988055 0.071301 
49.385395 2.986645 0.070584 
49.503260 2.985242 0.069884 
49.621689 2.983847 0.069201 
49.740686 2.982460 0.068534 
49.860255 2.981081 0.067882 
49.980400 2.979710 0.067245 
50.101126 2.978347 0.066623 
50.222436 2.976991 0.066013 
50.344335 2.975644 0.065417 
50.466827 2.974305 0.064833 
50.589917 2.972974 0.064262 
50.713609 2.971651 0.063702 
50.837907 2.970337 0.063153 
50.962816 2.969030 0.062615 
51.088340 2.967731 0.062088 
51.214484 2.966440 0.061570 
51.341253 2.965158 0.061062 
51.468650 2.963883 0.060564 
51.596682 2.962616 0.060074 
51.725352 2.961357 0.059593 
51.854665 2.960105 0.059121 
51.984627 2.958862 0.058656 
52.115241 2.957626 0.058200 
52.246514 2.956397 0.057751 
52.378450 2.955176 0.057310 
52.511053 2.953963 0.056875 
52.644330 2.952757 0.056448 
52.778285 2.951558 0.056027 
52.912924 2.950367 0.055613 
53.048251 2.949183 0.055205 
53.184272 2.948006 0.054803 
53.320992 2.946836 0.054407 
53.458418 2.945673 0.054017 
53.596553 2.944518 0.053632 
53.735404 2.943369 0.053253 
53.874977 2.942227 0.052878 
54.015276 2.941092 0.052510 
54.156308 2.939963 0.052146 
54.298079 2.938842 0.051786 
54.440593 2.937727 0.051432 
54.583858 2.936618 0.051082 
54.727879 2.935516 0.050737 
54.872662 2.934421 0.050396 
55.018212 2.933331 0.050059 
55.164537 2.932249 0.049726 
55.311643 2.931172 0.049398 
55.459535 2.930102 0.049073 
55.608220 2.929038 0.048752 
55.757704 2.927980 0.048435 
55.907995 2.926928 0.048121 
56.059097 2.925882 0.047811 
56.211019 2.924842 0.047505 
56.363767 2.923808 0.047202 
56.517346 2.922779 0.046902 
56.671765 2.921757 0.046605 
56.827030 2.920740 0.046312 
56.983148 2.919729 0.046021 
57.140127 2.918724 0.045734 
57.297973 2.917724 0.045450 
57.456693 2.916730 0.045168 
57.616295 2.915742 0.044890 
57.776786 2.914759 0.044614 
57.938173 2.913781 0.044341 
58.100465 2.912809 0.044070 
58.263669 2.911842 0.043802 
58.427792 2.910880 0.043537 