7.687867 1.419010 0.002554 
7.690718 1.418736 0.002558 
7.693570 1.418461 0.002561 
7.696425 1.418186 0.002565 
7.699282 1.417910 0.002568 
7.702141 1.417633 0.002571 
7.705002 1.417357 0.002575 
7.707865 1.417080 0.002578 
7.710731 1.416802 0.002582 
7.713598 1.416524 0.002585 
7.716468 1.416245 0.002589 
7.719340 1.415966 0.002592 
7.722214 1.415687 0.002596 
7.725090 1.415407 0.002599 
7.727968 1.415126 0.002603 
7.730848 1.414845 0.002606 
7.733731 1.414564 0.002610 
7.736615 1.414282 0.002613 
7.739502 1.414000 0.002617 
7.742391 1.413717 0.002620 
7.745282 1.413434 0.002624 
7.748176 1.413150 0.002627 
7.751071 1.412865 0.002631 
7.753969 1.412581 0.002635 
7.756868 1.412296 0.002638 
7.759770 1.412010 0.002642 
7.762674 1.411724 0.002645 
7.765581 1.411437 0.002649 
7.768489 1.411150 0.002653 
7.771400 1.410862 0.002656 
7.774313 1.410574 0.002660 
7.777228 1.410285 0.002664 
7.780145 1.409996 0.002667 
7.783064 1.409707 0.002671 
7.785986 1.409417 0.002675 
7.788910 1.409126 0.002679 
7.791835 1.408835 0.002682 
7.794764 1.408543 0.002686 
7.797694 1.408251 0.002690 
7.800627 1.407959 0.002694 
7.803561 1.407666 0.002697 
7.806498 1.407372 0.002701 
7.809438 1.407078 0.002705 
7.812379 1.406783 0.002709 
7.815323 1.406488 0.002713 
7.818268 1.406193 0.002716 
7.821216 1.405897 0.002720 
7.824167 1.405600 0.002724 
7.827119 1.405303 0.002728 
7.830074 1.405005 0.002732 
7.833031 1.404707 0.002736 
7.835990 1.404408 0.002740 
7.838952 1.404109 0.002744 
7.841915 1.403809 0.002748 
7.844881 1.403509 0.002752 
7.847849 1.403208 0.002756 
7.850820 1.402907 0.002760 
7.853793 1.402605 0.002763 
7.856767 1.402303 0.002767 
7.859745 1.402000 0.002771 
7.862724 1.401697 0.002775 
7.865706 1.401393 0.002780 
7.868690 1.401089 0.002784 
7.871676 1.400784 0.002788 
7.874664 1.400478 0.002792 
7.877655 1.400172 0.002796 
7.880648 1.399865 0.002800 
7.883644 1.399558 0.002804 
7.886641 1.399251 0.002808 
7.889641 1.398943 0.002812 
7.892643 1.398634 0.002816 
7.895648 1.398325 0.002821 
7.898654 1.398015 0.002825 
7.901663 1.397704 0.002829 
7.904675 1.397394 0.002833 
7.907688 1.397082 0.002837 
7.910704 1.396770 0.002841 
7.913722 1.396458 0.002846 
7.916743 1.396144 0.002850 
7.919766 1.395831 0.002854 
7.922791 1.395517 0.002859 
7.925818 1.395202 0.002863 
7.928848 1.394887 0.002867 
7.931880 1.394571 0.002871 
7.934914 1.394254 0.002876 
7.937951 1.393937 0.002880 
7.940990 1.393620 0.002884 
7.944031 1.393302 0.002889 
7.947075 1.392983 0.002893 
7.950121 1.392664 0.002898 
7.953169 1.392344 0.002902 
7.956220 1.392023 0.002906 
7.959273 1.391702 0.002911 
7.962329 1.391381 0.002915 
7.965386 1.391059 0.002920 
7.968446 1.390736 0.002924 
7.971509 1.390413 0.002929 
7.974574 1.390089 0.002933 
7.977641 1.389764 0.002938 
7.980710 1.389439 0.002942 
7.983782 1.389114 0.002947 
7.986856 1.388788 0.002951 
7.989933 1.388461 0.002956 
7.993012 1.388133 0.002961 
7.996093 1.387805 0.002965 
7.999177 1.387477 0.002970 
8.002263 1.387148 0.002975 
8.005352 1.386818 0.002979 
8.008442 1.386488 0.002984 
8.011536 1.386157 0.002989 
8.014631 1.385825 0.002993 
8.017729 1.385493 0.002998 
8.020830 1.385160 0.003003 
8.023933 1.384827 0.003008 
8.027038 1.384493 0.003012 
8.030146 1.384158 0.003017 
8.033256 1.383823 0.003022 
8.036368 1.383487 0.003027 
8.039483 1.383151 0.003032 
8.042600 1.382814 0.003036 
8.045720 1.382476 0.003041 
8.048842 1.382138 0.003046 
8.051967 1.381799 0.003051 
8.055094 1.381459 0.003056 
8.058223 1.381119 0.003061 
8.061355 1.380779 0.003066 
8.064489 1.380437 0.003071 
8.067626 1.380095 0.003076 
8.070765 1.379752 0.003081 
8.073907 1.379409 0.003086 
8.077051 1.379065 0.003091 
8.080197 1.378721 0.003096 
8.083346 1.378376 0.003101 
8.086497 1.378030 0.003106 
8.089651 1.377683 0.003111 
8.092808 1.377336 0.003116 
8.095966 1.376988 0.003121 
8.099128 1.376640 0.003127 
8.102291 1.376291 0.003132 
8.105458 1.375941 0.003137 
8.108626 1.375591 0.003142 
8.111797 1.375240 0.003147 
8.114971 1.374888 0.003153 
8.118147 1.374536 0.003158 
8.121326 1.374183 0.003163 
8.124507 1.373829 0.003168 
8.127690 1.373475 0.003174 
8.130877 1.373120 0.003179 
8.134065 1.372764 0.003184 
8.137256 1.372408 0.003190 
8.140450 1.372051 0.003195 
8.143646 1.371693 0.003201 
8.146844 1.371335 0.003206 
8.150046 1.370976 0.003211 
8.153249 1.370616 0.003217 
8.156455 1.370256 0.003222 
8.159664 1.369895 0.003228 
8.162875 1.369533 0.003233 
8.166089 1.369171 0.003239 
8.169305 1.368808 0.003245 
8.172524 1.368444 0.003250 
8.175745 1.368079 0.003256 
8.178969 1.367714 0.003261 
8.182196 1.367348 0.003267 
8.185425 1.366982 0.003273 
8.188656 1.366614 0.003278 
8.191890 1.366246 0.003284 
8.195127 1.365878 0.003290 
8.198366 1.365508 0.003296 
8.201608 1.365138 0.003301 
8.204852 1.364768 0.003307 
8.208099 1.364396 0.003313 
8.211348 1.364024 0.003319 
8.214600 1.363651 0.003325 
8.217855 1.363277 0.003331 
8.221112 1.362903 0.003336 
8.224372 1.362528 0.003342 
8.227634 1.362152 0.003348 
8.230899 1.361775 0.003354 
8.234167 1.361398 0.003360 
8.237437 1.361020 0.003366 
8.240710 1.360641 0.003372 
8.243985 1.360262 0.003378 
8.247263 1.359882 0.003384 
8.250543 1.359501 0.003391 
8.253827 1.359119 0.003397 
8.257112 1.358737 0.003403 
8.260401 1.358353 0.003409 
8.263692 1.357970 0.003415 
8.266985 1.357585 0.003421 
8.270282 1.357199 0.003428 
8.273580 1.356813 0.003434 
8.276882 1.356426 0.003440 
8.280186 1.356039 0.003446 
8.283493 1.355650 0.003453 
8.286802 1.355261 0.003459 
8.290114 1.354871 0.003465 
8.293429 1.354480 0.003472 
8.296746 1.354089 0.003478 
8.300066 1.353696 0.003485 
8.303389 1.353303 0.003491 
8.306714 1.352910 0.003498 
8.310042 1.352515 0.003504 
8.313373 1.352119 0.003511 
8.316707 1.351723 0.003517 
8.320043 1.351326 0.003524 
8.323381 1.350929 0.003531 
8.326723 1.350530 0.003537 
8.330067 1.350131 0.003544 
8.333413 1.349731 0.003551 
8.336763 1.349330 0.003557 
8.340115 1.348928 0.003564 
8.343470 1.348525 0.003571 
8.346827 1.348122 0.003578 
8.350188 1.347718 0.003585 
8.353551 1.347313 0.003591 
8.356916 1.346907 0.003598 
8.360285 1.346501 0.003605 
8.363656 1.346093 0.003612 
8.367029 1.345685 0.003619 
8.370406 1.345276 0.003626 
8.373785 1.344866 0.003633 
8.377167 1.344455 0.003640 
8.380552 1.344044 0.003647 
8.383939 1.343632 0.003654 
8.387330 1.343218 0.003661 
8.390723 1.342804 0.003669 
8.394118 1.342389 0.003676 
8.397517 1.341974 0.003683 
8.400918 1.341557 0.003690 
8.404322 1.341140 0.003698 
8.407728 1.340722 0.003705 
8.411138 1.340302 0.003712 
8.414550 1.339883 0.003720 
8.417965 1.339462 0.003727 
8.421383 1.339040 0.003734 
8.424803 1.338618 0.003742 
8.428227 1.338194 0.003749 
8.431653 1.337770 0.003757 
8.435082 1.337345 0.003764 
8.438513 1.336919 0.003772 
8.441948 1.336492 0.003780 
8.445385 1.336064 0.003787 
8.448825 1.335635 0.003795 
8.452268 1.335206 0.003803 
8.455714 1.334776 0.003810 
8.459162 1.334344 0.003818 
8.462614 1.333912 0.003826 
8.466068 1.333479 0.003834 
8.469525 1.333045 0.003842 
8.472984 1.332610 0.003849 
8.476447 1.332174 0.003857 
8.479913 1.331738 0.003865 
8.483381 1.331300 0.003873 
8.486852 1.330861 0.003881 
8.490326 1.330422 0.003889 
8.493803 1.329982 0.003898 
8.497282 1.329540 0.003906 
8.500765 1.329098 0.003914 
8.504250 1.328655 0.003922 
8.507738 1.328211 0.003930 
8.511229 1.327766 0.003938 
8.514723 1.327320 0.003947 
8.518220 1.326873 0.003955 
8.521720 1.326425 0.003963 
8.525222 1.325977 0.003972 
8.528728 1.325527 0.003980 
8.532236 1.325076 0.003989 
8.535747 1.324625 0.003997 
8.539261 1.324172 0.004006 
8.542778 1.323719 0.004014 
8.546298 1.323264 0.004023 
8.549821 1.322809 0.004032 
8.553347 1.322352 0.004040 
8.556875 1.321895 0.004049 
8.560407 1.321437 0.004058 
8.563941 1.320977 0.004067 
8.567479 1.320517 0.004076 
8.571019 1.320056 0.004085 
8.574562 1.319593 0.004093 
8.578108 1.319130 0.004102 
8.581657 1.318666 0.004111 
8.585209 1.318200 0.004120 
8.588764 1.317734 0.004130 
8.592322 1.317267 0.004139 
8.595883 1.316799 0.004148 
8.599447 1.316329 0.004157 
8.603014 1.315859 0.004166 
8.606583 1.315388 0.004176 
8.610156 1.314915 0.004185 
8.613732 1.314442 0.004194 
8.617310 1.313968 0.004204 
8.620892 1.313492 0.004213 
8.624477 1.313016 0.004223 
8.628064 1.312538 0.004232 
8.631655 1.312060 0.004242 
8.635248 1.311580 0.004251 
8.638845 1.311099 0.004261 
8.642444 1.310618 0.004271 
8.646047 1.310135 0.004280 
8.649652 1.309651 0.004290 
8.653261 1.309166 0.004300 
8.656872 1.308680 0.004310 
8.660487 1.308193 0.004320 
8.664104 1.307705 0.004330 
8.667725 1.307216 0.004340 
8.671349 1.306726 0.004350 
8.674975 1.306235 0.004360 
8.678605 1.305742 0.004370 
8.682238 1.305249 0.004380 
8.685874 1.304754 0.004391 
8.689512 1.304258 0.004401 
8.693154 1.303762 0.004411 
8.696799 1.303264 0.004422 
8.700447 1.302765 0.004432 
8.704098 1.302265 0.004443 
8.707752 1.301763 0.004453 
8.711410 1.301261 0.004464 
8.715070 1.300758 0.004474 
8.718733 1.300253 0.004485 
8.722400 1.299747 0.004496 
8.726069 1.299240 0.004507 
8.729742 1.298732 0.004518 
8.733417 1.298223 0.004528 
8.737096 1.297713 0.004539 
8.740778 1.297201 0.004550 
8.744463 1.296689 0.004561 
8.748151 1.296175 0.004572 
8.751842 1.295660 0.004584 
8.755537 1.295144 0.004595 
8.759234 1.294627 0.004606 
8.762935 1.294108 0.004617 
8.766638 1.293589 0.004629 
8.770345 1.293068 0.004640 
8.774055 1.292546 0.004652 
8.777768 1.292023 0.004663 
8.781484 1.291498 0.004675 
8.785204 1.290973 0.004686 
8.788926 1.290446 0.004698 
8.792652 1.289918 0.004710 
8.796381 1.289389 0.004722 
8.800113 1.288858 0.004734 
8.803848 1.288327 0.004745 
8.807586 1.287794 0.004757 
8.811328 1.287260 0.004769 
8.815073 1.286724 0.004782 
8.818821 1.286188 0.004794 
8.822572 1.285650 0.004806 
8.826326 1.285111 0.004818 
8.830083 1.284571 0.004831 
8.833844 1.284029 0.004843 
8.837608 1.283486 0.004855 
8.841375 1.282942 0.004868 
8.845145 1.282397 0.004881 
8.848919 1.281850 0.004893 
8.852696 1.281302 0.004906 
8.856476 1.280753 0.004919 
8.860259 1.280202 0.004931 
8.864045 1.279651 0.004944 
8.867835 1.279098 0.004957 
8.871628 1.278543 0.004970 
8.875424 1.277988 0.004983 
8.879223 1.277431 0.004997 
8.883026 1.276872 0.005010 
8.886832 1.276313 0.005023 
8.890641 1.275752 0.005037 
8.894454 1.275189 0.005050 
8.898269 1.274626 0.005063 
8.902088 1.274061 0.005077 
8.905911 1.273494 0.005091 
8.909736 1.272927 0.005104 
8.913565 1.272358 0.005118 
8.917397 1.271787 0.005132 
8.921233 1.271215 0.005146 
8.925071 1.270642 0.005160 
8.928914 1.270068 0.005174 
8.932759 1.269492 0.005188 
8.936608 1.268915 0.005202 
8.940460 1.268336 0.005217 
8.944315 1.267756 0.005231 
8.948173 1.267174 0.005245 
8.952035 1.266592 0.005260 
8.955901 1.266007 0.005275 
8.959769 1.265422 0.005289 
8.963641 1.264835 0.005304 
8.967517 1.264246 0.005319 
8.971395 1.263656 0.005334 
8.975277 1.263065 0.005349 
8.979163 1.262472 0.005364 
8.983052 1.261877 0.005379 
8.986944 1.261282 0.005394 
8.990839 1.260684 0.005409 
8.994738 1.260086 0.005425 
8.998640 1.259486 0.005440 
9.002546 1.258884 0.005456 
9.006455 1.258281 0.005471 
9.010368 1.257676 0.005487 
9.014283 1.257070 0.005503 
9.018203 1.256463 0.005519 
9.022125 1.255854 0.005535 
9.026051 1.255243 0.005551 
9.029981 1.254631 0.005567 
9.033914 1.254017 0.005583 
9.037850 1.253402 0.005599 
9.041790 1.252785 0.005616 
9.045733 1.252167 0.005632 
9.049680 1.251547 0.005649 
9.053630 1.250926 0.005665 
9.057583 1.250303 0.005682 
9.061540 1.249678 0.005699 
9.065501 1.249052 0.005716 
9.069465 1.248425 0.005733 
9.073432 1.247796 0.005750 
9.077403 1.247165 0.005767 
9.081377 1.246532 0.005785 
9.085355 1.245899 0.005802 
9.089337 1.245263 0.005820 
9.093321 1.244626 0.005837 
9.097310 1.243987 0.005855 
9.101301 1.243346 0.005873 
9.105297 1.242704 0.005891 
9.109296 1.242061 0.005909 
9.113298 1.241415 0.005927 
9.117304 1.240768 0.005945 
9.121313 1.240120 0.005963 
9.125326 1.239469 0.005982 
9.129342 1.238817 0.006000 
9.133362 1.238164 0.006019 
9.137386 1.237508 0.006038 
9.141413 1.236851 0.006057 
9.145444 1.236192 0.006076 
9.149478 1.235532 0.006095 
9.153515 1.234870 0.006114 
9.157557 1.234206 0.006133 
9.161602 1.233540 0.006153 
9.165650 1.232873 0.006172 
9.169702 1.232204 0.006192 
9.173758 1.231533 0.006211 
9.177817 1.230860 0.006231 
9.181880 1.230186 0.006251 
9.185946 1.229510 0.006271 
9.190016 1.228832 0.006291 
9.194090 1.228152 0.006312 
9.198167 1.227471 0.006332 
9.202248 1.226787 0.006353 
9.206332 1.226102 0.006373 
9.210420 1.225415 0.006394 
9.214512 1.224727 0.006415 
9.218607 1.224036 0.006436 
9.222706 1.223344 0.006457 
9.226809 1.222650 0.006479 
9.230915 1.221954 0.006500 
9.235025 1.221256 0.006522 
9.239139 1.220556 0.006543 
9.243256 1.219854 0.006565 
9.247377 1.219151 0.006587 
9.251501 1.218445 0.006609 
9.255630 1.217738 0.006631 
9.259762 1.217029 0.006654 
9.263897 1.216317 0.006676 
9.268037 1.215604 0.006699 
9.272180 1.214889 0.006722 
9.276327 1.214172 0.006745 
9.280477 1.213454 0.006768 
9.284631 1.212733 0.006791 
9.288789 1.212010 0.006814 
9.292951 1.211285 0.006838 
9.297116 1.210558 0.006861 
9.301285 1.209830 0.006885 
9.305458 1.209099 0.006909 
9.309635 1.208366 0.006933 
9.313815 1.207631 0.006957 
9.317999 1.206895 0.006981 
9.322187 1.206156 0.007006 
9.326379 1.205415 0.007030 
9.330574 1.204672 0.007055 
9.334773 1.203927 0.007080 
9.338976 1.203180 0.007105 
9.343183 1.202431 0.007131 
9.347393 1.201680 0.007156 
9.351608 1.200927 0.007182 
9.355826 1.200171 0.007207 
9.360048 1.199414 0.007233 
9.364274 1.198654 0.007259 
9.368503 1.197892 0.007286 
9.372737 1.197128 0.007312 
9.376974 1.196362 0.007339 
9.381215 1.195594 0.007365 
9.385460 1.194824 0.007392 
9.389708 1.194051 0.007419 
9.393961 1.193277 0.007447 
9.398218 1.192500 0.007474 
9.402478 1.191721 0.007502 
9.406742 1.190939 0.007530 
9.411010 1.190156 0.007558 
9.415282 1.189370 0.007586 
9.419558 1.188582 0.007614 
9.423837 1.187792 0.007643 
9.428121 1.186999 0.007671 
9.432408 1.186204 0.007700 
9.436700 1.185407 0.007729 
9.440995 1.184608 0.007759 
9.445294 1.183806 0.007788 
9.449597 1.183002 0.007818 
9.453904 1.182195 0.007848 
9.458215 1.181387 0.007878 
9.462530 1.180576 0.007908 
9.466849 1.179762 0.007938 
9.471172 1.178946 0.007969 
9.475498 1.178128 0.008000 
9.479829 1.177308 0.008031 
9.484164 1.176485 0.008062 
9.488502 1.175659 0.008094 
9.492845 1.174831 0.008126 
9.497191 1.174001 0.008158 
9.501542 1.173168 0.008190 
9.505896 1.172333 0.008222 
9.510255 1.171496 0.008255 
9.514617 1.170655 0.008288 
9.518984 1.169813 0.008321 
9.523354 1.168968 0.008354 
9.527729 1.168120 0.008387 
9.532108 1.167270 0.008421 
9.536490 1.166417 0.008455 
9.540877 1.165562 0.008489 
9.545267 1.164704 0.008524 
9.549662 1.163843 0.008558 
9.554061 1.162980 0.008593 
9.558464 1.162115 0.008628 
9.562870 1.161246 0.008664 
9.567281 1.160376 0.008699 
9.571696 1.159502 0.008735 
9.576115 1.158626 0.008771 
9.580539 1.157747 0.008808 
9.584966 1.156865 0.008845 
9.589397 1.155981 0.008881 
9.593833 1.155094 0.008919 
9.598272 1.154205 0.008956 
9.602716 1.153312 0.008994 
9.607164 1.152417 0.009032 
9.611615 1.151519 0.009070 
9.616071 1.150618 0.009109 
9.620532 1.149715 0.009147 
9.624996 1.148809 0.009186 
9.629464 1.147900 0.009226 
9.633937 1.146988 0.009265 
9.638414 1.146073 0.009305 
9.642894 1.145155 0.009346 
9.647380 1.144235 0.009386 
9.651869 1.143312 0.009427 
9.656362 1.142385 0.009468 
9.660860 1.141456 0.009509 
9.665362 1.140524 0.009551 
9.669868 1.139589 0.009593 
9.674378 1.138651 0.009635 
9.678892 1.137710 0.009678 
9.683411 1.136766 0.009721 
9.687934 1.135819 0.009764 
9.692461 1.134869 0.009808 
9.696992 1.133916 0.009852 
9.701528 1.132960 0.009896 
9.706067 1.132001 0.009941 
9.710611 1.131038 0.009986 
9.715160 1.130073 0.010031 
9.719712 1.129105 0.010076 
9.724269 1.128133 0.010122 
9.728830 1.127158 0.010169 
9.733396 1.126180 0.010215 
9.737965 1.125199 0.010262 
9.742539 1.124215 0.010309 
9.747118 1.123228 0.010357 
9.751700 1.122237 0.010405 
9.756287 1.121243 0.010454 
9.760878 1.120246 0.010502 
9.765474 1.119245 0.010552 
9.770074 1.118241 0.010601 
9.774678 1.117234 0.010651 
9.779286 1.116224 0.010702 
9.783899 1.115210 0.010752 
9.788516 1.114193 0.010803 
9.793138 1.113172 0.010855 
9.797764 1.112149 0.010907 
9.802394 1.111121 0.010959 
9.807029 1.110090 0.011012 
9.811668 1.109056 0.011065 
9.816311 1.108018 0.011119 
9.820959 1.106977 0.011173 
9.825612 1.105932 0.011227 
9.830268 1.104884 0.011282 
9.834929 1.103832 0.011337 
9.839595 1.102777 0.011393 
9.844265 1.101718 0.011449 
9.848939 1.100655 0.011506 
9.853618 1.099589 0.011563 
9.858301 1.098519 0.011620 
9.862989 1.097446 0.011678 
9.867681 1.096368 0.011737 
9.872378 1.095287 0.011796 
9.877079 1.094203 0.011855 
9.881785 1.093114 0.011915 
9.886495 1.092022 0.011975 
9.891209 1.090926 0.012036 
9.895928 1.089826 0.012098 
9.900652 1.088722 0.012160 
9.905380 1.087615 0.012222 
9.910113 1.086503 0.012285 
9.914850 1.085388 0.012348 
9.919592 1.084269 0.012412 
9.924338 1.083145 0.012477 
9.929089 1.082018 0.012542 
9.933844 1.080887 0.012607 
9.938604 1.079752 0.012674 
9.943368 1.078613 0.012740 
9.948137 1.077469 0.012808 
9.952911 1.076322 0.012875 
9.957689 1.075170 0.012944 
9.962472 1.074015 0.013013 
9.967259 1.072855 0.013082 
9.972051 1.071691 0.013152 
9.976848 1.070523 0.013223 
9.981649 1.069350 0.013295 
9.986455 1.068174 0.013367 
9.991265 1.066993 0.013439 
9.996080 1.065807 0.013512 
10.000900 1.064618 0.013586 
10.005724 1.063424 0.013661 
10.010553 1.062225 0.013736 
10.015387 1.061023 0.013812 
10.020225 1.059815 0.013888 
10.025068 1.058604 0.013965 
10.029916 1.057388 0.014043 
10.034768 1.056167 0.014122 
10.039625 1.054942 0.014201 
10.044487 1.053712 0.014281 
10.049354 1.052477 0.014361 
10.054225 1.051238 0.014442 
10.059101 1.049995 0.014525 
10.063982 1.048746 0.014607 
10.068867 1.047493 0.014691 
10.073757 1.046235 0.014775 
10.078652 1.044973 0.014860 
10.083552 1.043705 0.014946 
10.088456 1.042433 0.015032 
10.093365 1.041156 0.015120 
10.098279 1.039874 0.015208 
10.103198 1.038587 0.015297 
10.108122 1.037295 0.015387 
10.113050 1.035998 0.015477 
10.117983 1.034696 0.015569 
10.122921 1.033389 0.015661 
10.127864 1.032077 0.015754 
10.132812 1.030760 0.015848 
10.137764 1.029438 0.015943 
10.142722 1.028110 0.016038 
10.147684 1.026777 0.016135 
10.152651 1.025439 0.016233 
10.157623 1.024096 0.016331 
10.162600 1.022748 0.016430 
10.167581 1.021394 0.016531 
10.172568 1.020034 0.016632 
10.177559 1.018670 0.016734 
10.182556 1.017300 0.016837 
10.187557 1.015924 0.016942 
10.192563 1.014543 0.017047 
10.197574 1.013156 0.017153 
10.202590 1.011764 0.017260 
10.207611 1.010366 0.017368 
10.212637 1.008962 0.017478 
10.217668 1.007552 0.017588 
10.222704 1.006137 0.017699 
10.227745 1.004716 0.017812 
10.232790 1.003290 0.017925 
10.237841 1.001857 0.018040 
10.242897 1.000418 0.018156 
10.247958 0.998974 0.018273 
10.253023 0.997523 0.018391 
10.258094 0.996067 0.018510 
10.263170 0.994604 0.018631 
10.268251 0.993136 0.018753 
10.273336 0.991661 0.018875 
10.278427 0.990180 0.019000 
10.283523 0.988692 0.019125 
10.288624 0.987199 0.019252 
10.293730 0.985699 0.019380 
10.298841 0.984192 0.019509 
10.303957 0.982680 0.019639 
10.309079 0.981160 0.019771 
10.314205 0.979635 0.019904 
10.319336 0.978102 0.020039 
10.324473 0.976564 0.020175 
10.329615 0.975018 0.020312 
10.334761 0.973466 0.020451 
10.339913 0.971907 0.020591 
10.345070 0.970341 0.020733 
10.350233 0.968768 0.020876 
10.355400 0.967189 0.021021 
10.360572 0.965602 0.021167 
10.365750 0.964009 0.021315 
10.370933 0.962408 0.021464 
10.376121 0.960801 0.021615 
10.381314 0.959186 0.021768 
10.386513 0.957564 0.021922 
10.391716 0.955935 0.022078 
10.396925 0.954298 0.022235 
10.402139 0.952654 0.022394 
10.407359 0.951003 0.022555 
10.412583 0.949344 0.022718 
10.417813 0.947678 0.022882 
10.423048 0.946004 0.023048 
10.428289 0.944322 0.023216 
10.433534 0.942633 0.023386 
10.438785 0.940936 0.023558 
10.444041 0.939231 0.023731 
10.449303 0.937518 0.023907 
10.454570 0.935797 0.024084 
10.459842 0.934069 0.024264 
10.465119 0.932332 0.024445 
10.470402 0.930587 0.024628 
10.475690 0.928833 0.024814 
10.480983 0.927072 0.025002 
10.486282 0.925302 0.025191 
10.491586 0.923524 0.025383 
10.496896 0.921737 0.025577 
10.502211 0.919942 0.025774 
10.507531 0.918138 0.025972 
10.512857 0.916326 0.026173 
10.518188 0.914505 0.026376 
10.523524 0.912675 0.026582 
10.528866 0.910836 0.026790 
10.534213 0.908988 0.027000 
10.539566 0.907131 0.027213 
10.544924 0.905265 0.027429 
10.550288 0.903390 0.027646 
10.555657 0.901506 0.027867 
10.561032 0.899612 0.028090 
10.566412 0.897709 0.028316 
10.571797 0.895796 0.028544 
10.577188 0.893874 0.028775 
10.582585 0.891942 0.029009 
10.587987 0.890001 0.029246 
10.593394 0.888049 0.029486 
10.598807 0.886088 0.029728 
10.604226 0.884117 0.029974 
10.609650 0.882135 0.030223 
10.615080 0.880144 0.030474 
10.620515 0.878142 0.030729 
10.625956 0.876130 0.030987 
10.631402 0.874108 0.031248 
10.636854 0.872075 0.031513 
10.642312 0.870031 0.031780 
10.647775 0.867977 0.032051 
10.653244 0.865912 0.032326 
10.658718 0.863836 0.032604 
10.664198 0.861749 0.032886 
10.669684 0.859651 0.033171 
10.675176 0.857541 0.033460 
10.680673 0.855421 0.033752 
10.686175 0.853289 0.034048 
10.691684 0.851146 0.034349 
10.697198 0.848991 0.034653 
10.702717 0.846824 0.034961 
10.708243 0.844645 0.035273 
10.713774 0.842455 0.035589 
10.719311 0.840253 0.035910 
10.724853 0.838038 0.036235 
10.730401 0.835811 0.036564 
10.735956 0.833572 0.036897 
10.741515 0.831320 0.037235 
10.747081 0.829056 0.037578 
10.752652 0.826779 0.037925 
10.758229 0.824489 0.038277 
10.763812 0.822186 0.038634 
10.769401 0.819870 0.038996 
10.774995 0.817541 0.039363 
10.780596 0.815198 0.039735 
10.786202 0.812842 0.040112 
10.791814 0.810473 0.040494 
10.797432 0.808089 0.040882 
10.803055 0.805692 0.041276 
10.808685 0.803281 0.041674 
10.814320 0.800855 0.042079 
10.819961 0.798415 0.042489 
10.825609 0.795961 0.042906 
10.831262 0.793492 0.043328 
10.836921 0.791009 0.043757 
10.842585 0.788510 0.044192 
10.848256 0.785997 0.044633 
10.853933 0.783468 0.045081 
10.859616 0.780924 0.045535 
10.865304 0.778365 0.045996 
10.870999 0.775789 0.046464 
10.876700 0.773198 0.046939 
10.882406 0.770591 0.047422 
10.888119 0.767968 0.047911 
10.893837 0.765328 0.048409 
10.899562 0.762672 0.048914 
10.905292 0.760000 0.049426 
10.911029 0.757310 0.049947 
10.916772 0.754603 0.050476 
10.922520 0.751879 0.051013 
10.928275 0.749138 0.051558 
10.934036 0.746379 0.052113 
10.939803 0.743602 0.052676 
10.945576 0.740808 0.053248 
10.951355 0.737995 0.053830 
10.957140 0.735164 0.054420 
10.962931 0.732314 0.055021 
10.968729 0.729445 0.055631 
10.974532 0.726557 0.056252 
10.980342 0.723651 0.056883 
10.986158 0.720724 0.057524 
10.991980 0.717778 0.058177 
10.997808 0.714813 0.058840 
11.003642 0.711827 0.059514 
11.009483 0.708820 0.060201 
11.015330 0.705794 0.060899 
11.021183 0.702746 0.061609 
11.027042 0.699678 0.062331 
11.032907 0.696588 0.063067 
11.038779 0.693477 0.063815 
11.044657 0.690344 0.064576 
11.050541 0.687189 0.065352 
11.056432 0.684012 0.066141 
11.062329 0.680812 0.066944 
11.068232 0.677590 0.067763 
11.074141 0.674344 0.068596 
11.080057 0.671076 0.069445 
11.085979 0.667784 0.070310 
11.091907 0.664468 0.071191 
11.097842 0.661128 0.072088 
11.103783 0.657763 0.073003 
11.109730 0.654374 0.073935 
11.115684 0.650960 0.074886 
11.121644 0.647521 0.075855 
11.127611 0.644057 0.076843 
11.133583 0.640567 0.077850 
11.139563 0.637050 0.078878 
11.145549 0.633508 0.079926 
11.151541 0.629939 0.080996 
11.157540 0.626343 0.082087 
11.163545 0.622720 0.083201 
11.169556 0.619069 0.084338 
11.175574 0.615391 0.085499 
11.181599 0.611684 0.086684 
11.187630 0.607950 0.087894 
11.193668 0.604186 0.089131 
11.199712 0.600394 0.090394 
11.205762 0.596573 0.091684 
11.211819 0.592723 0.093003 
11.217883 0.588842 0.094351 
11.223953 0.584932 0.095729 
11.230030 0.580992 0.097138 
11.236114 0.577021 0.098580 
11.242204 0.573020 0.100054 
11.248300 0.568988 0.101562 
11.254404 0.564925 0.103106 
11.260514 0.560830 0.104686 
11.266630 0.556705 0.106303 
11.272753 0.552547 0.107959 
11.278883 0.548359 0.109655 
11.285020 0.544138 0.111392 
11.291163 0.539886 0.113172 
11.297313 0.535602 0.114996 
11.303469 0.531286 0.116865 
11.309633 0.526939 0.118782 
11.315803 0.522560 0.120747 
11.321979 0.518150 0.122763 
11.328163 0.513708 0.124830 
11.334353 0.509235 0.126952 
11.340550 0.504732 0.129129 
11.346754 0.500198 0.131363 
11.352964 0.495635 0.133657 
11.359182 0.491043 0.136012 
11.365406 0.486422 0.138431 
11.371637 0.481773 0.140916 
11.377875 0.477097 0.143468 
11.384120 0.472396 0.146090 
11.390371 0.467670 0.148785 
11.396630 0.462921 0.151554 
11.402895 0.458150 0.154401 
11.409167 0.453358 0.157326 
11.415446 0.448549 0.160334 
11.421732 0.443722 0.163426 
11.428025 0.438882 0.166604 
11.434325 0.434029 0.169871 
11.440632 0.429168 0.173229 
11.446946 0.424300 0.176681 
11.453267 0.419428 0.180229 
11.459595 0.414557 0.183874 
11.465929 0.409689 0.187619 
11.472271 0.404829 0.191466 
11.478620 0.399980 0.195416 
11.484976 0.395147 0.199471 
11.491339 0.390334 0.203631 
11.497708 0.385546 0.207898 
11.504085 0.380789 0.212271 
11.510470 0.376066 0.216752 
11.516861 0.371383 0.221340 
11.523259 0.366747 0.226035 
11.529664 0.362161 0.230835 
11.536077 0.357631 0.235739 
11.542496 0.353163 0.240746 
11.548923 0.348762 0.245852 
11.555357 0.344433 0.251055 
11.561798 0.340181 0.256352 
11.568247 0.336010 0.261739 
11.574702 0.331925 0.267212 
11.581165 0.327931 0.272767 
11.587635 0.324030 0.278399 
11.594112 0.320226 0.284103 
11.600596 0.316522 0.289875 
11.607088 0.312921 0.295707 
11.613587 0.309423 0.301596 
11.620093 0.306031 0.307536 
11.626607 0.302746 0.313521 
11.633127 0.299568 0.319545 
11.639655 0.296497 0.325604 
11.646191 0.293533 0.331691 
11.652734 0.290676 0.337802 
11.659284 0.287925 0.343932 
11.665841 0.285278 0.350077 
11.672406 0.282733 0.356231 
11.678979 0.280290 0.362390 
11.685558 0.277946 0.368551 
11.692145 0.275699 0.374710 
11.698740 0.273546 0.380863 
11.705342 0.271486 0.387007 
11.711951 0.269515 0.393139 
11.718568 0.267631 0.399257 
11.725193 0.265832 0.405358 
11.731825 0.264116 0.411439 
11.738464 0.262478 0.417499 
11.745111 0.260917 0.423536 
11.751765 0.259430 0.429548 
11.758427 0.258015 0.435534 
11.765097 0.256669 0.441493 
11.771774 0.255390 0.447423 
11.778459 0.254174 0.453323 
11.785151 0.253021 0.459193 
11.791851 0.251927 0.465031 
11.798559 0.250890 0.470837 
11.805274 0.249909 0.476611 
11.811997 0.248980 0.482353 
11.818727 0.248103 0.488060 
11.825465 0.247274 0.493735 
11.832211 0.246493 0.499375 
11.838965 0.245756 0.504982 
11.845726 0.245063 0.510554 
11.852495 0.244412 0.516092 
11.859272 0.243801 0.521597 
11.866056 0.243229 0.527067 
11.872848 0.242693 0.532502 
11.879648 0.242193 0.537904 
11.886456 0.241726 0.543272 
11.893272 0.241292 0.548606 
11.900095 0.240890 0.553907 
11.906927 0.240517 0.559174 
11.913766 0.240173 0.564408 
11.920613 0.239856 0.569609 
11.927468 0.239565 0.574777 
11.934330 0.239300 0.579912 
11.941201 0.239058 0.585015 
11.948080 0.238839 0.590086 
11.954966 0.238641 0.595126 
11.961860 0.238465 0.600133 
11.968763 0.238308 0.605110 
11.975673 0.238169 0.610056 
11.982592 0.238049 0.614971 
11.989518 0.237945 0.619855 
11.996452 0.237857 0.624710 
12.003395 0.237784 0.629535 
12.010345 0.237726 0.634330 
12.017304 0.237680 0.639096 
12.024270 0.237647 0.643834 
12.031245 0.237626 0.648543 
12.038228 0.237615 0.653224 
12.045218 0.237614 0.657877 
12.052217 0.237623 0.662503 
12.059224 0.237640 0.667101 
12.066240 0.237665 0.671673 
12.073263 0.237696 0.676219 
12.080295 0.237734 0.680738 
12.087335 0.237778 0.685232 
12.094383 0.237826 0.689700 
12.101439 0.237878 0.694144 
12.108503 0.237934 0.698562 
12.115576 0.237993 0.702957 
12.122657 0.238053 0.707328 
12.129746 0.238115 0.711675 
12.136844 0.238178 0.716000 
12.143950 0.238241 0.720302 
12.151064 0.238303 0.724582 
12.158186 0.238364 0.728840 
12.165317 0.238423 0.733077 
12.172457 0.238480 0.737293 
12.179604 0.238534 0.741488 
12.186760 0.238584 0.745664 
12.193925 0.238630 0.749820 
12.201098 0.238671 0.753958 
12.208279 0.238706 0.758077 
12.215469 0.238736 0.762177 
12.222667 0.238759 0.766261 
12.229874 0.238775 0.770327 
12.237089 0.238783 0.774378 
12.244313 0.238783 0.778412 
12.251545 0.238774 0.782431 
12.258786 0.238756 0.786435 
12.266036 0.238729 0.790426 
12.273294 0.238691 0.794402 
12.280560 0.238642 0.798366 
12.287835 0.238582 0.802317 
12.295119 0.238511 0.806257 
12.302412 0.238427 0.810186 
12.309713 0.238331 0.814104 
12.317023 0.238222 0.818013 
12.324341 0.238100 0.821912 
12.331668 0.237963 0.825803 
12.339004 0.237813 0.829686 
12.346349 0.237648 0.833563 
12.353702 0.237468 0.837433 
12.361064 0.237273 0.841297 
12.368435 0.237063 0.845157 
12.375815 0.236836 0.849013 
12.383204 0.236594 0.852865 
12.390601 0.236335 0.856715 
12.398007 0.236059 0.860563 
12.405422 0.235767 0.864410 
12.412846 0.235458 0.868257 
12.420279 0.235131 0.872104 
12.427721 0.234787 0.875953 
12.435172 0.234425 0.879804 
12.442631 0.234045 0.883658 
12.450100 0.233648 0.887516 
12.457577 0.233233 0.891378 
12.465064 0.232800 0.895246 
12.472559 0.232348 0.899120 
12.480064 0.231879 0.903002 
12.487577 0.231392 0.906891 
12.495100 0.230886 0.910790 
12.502632 0.230363 0.914698 
12.510173 0.229822 0.918616 
12.517722 0.229263 0.922546 
12.525281 0.228686 0.926488 
12.532850 0.228091 0.930443 
12.540427 0.227480 0.934412 
12.548013 0.226851 0.938395 
12.555609 0.226204 0.942394 
12.563214 0.225541 0.946410 
12.570828 0.224862 0.950442 
12.578451 0.224166 0.954492 
12.586084 0.223454 0.958561 
12.593726 0.222726 0.962649 
12.601377 0.221983 0.966758 
12.609037 0.221225 0.970888 
12.616707 0.220452 0.975039 
12.624386 0.219665 0.979213 
12.632074 0.218864 0.983410 
12.639772 0.218050 0.987631 
12.647479 0.217222 0.991876 
12.655196 0.216382 0.996147 
12.662922 0.215530 1.000444 
12.670657 0.214666 1.004767 
12.678402 0.213792 1.009118 
12.686157 0.212906 1.013497 
12.693920 0.212011 1.017904 
12.701694 0.211106 1.022340 
12.709477 0.210192 1.026806 
12.717269 0.209269 1.031302 
12.725071 0.208339 1.035829 
12.732883 0.207402 1.040388 
12.740704 0.206457 1.044978 
12.748535 0.205507 1.049600 
12.756375 0.204552 1.054255 
12.764225 0.203591 1.058944 
12.772085 0.202627 1.063666 
12.779954 0.201659 1.068422 
12.787834 0.200688 1.073213 
12.795722 0.199715 1.078039 
12.803621 0.198740 1.082900 
12.811529 0.197764 1.087796 
12.819448 0.196787 1.092729 
12.827375 0.195811 1.097697 
12.835313 0.194836 1.102703 
12.843261 0.193863 1.107745 
12.851218 0.192891 1.112824 
12.859185 0.191923 1.117941 
12.867163 0.190957 1.123096 
12.875150 0.189996 1.128288 
12.883147 0.189040 1.133518 
12.891154 0.188089 1.138787 
12.899170 0.187144 1.144094 
12.907197 0.186206 1.149440 
12.915234 0.185275 1.154825 
12.923281 0.184352 1.160249 
12.931338 0.183437 1.165712 
12.939405 0.182531 1.171214 
12.947482 0.181635 1.176756 
12.955569 0.180748 1.182337 
12.963666 0.179873 1.187958 
12.971774 0.179009 1.193619 
12.979891 0.178157 1.199320 
12.988019 0.177317 1.205060 
12.996157 0.176491 1.210841 
13.004305 0.175677 1.216662 
13.012463 0.174878 1.222523 
13.020632 0.174094 1.228424 
13.028810 0.173324 1.234366 
13.036999 0.172571 1.240348 
13.045199 0.171833 1.246371 
13.053408 0.171112 1.252435 
13.061629 0.170408 1.258539 
13.069859 0.169722 1.264684 
13.078100 0.169054 1.270870 
13.086351 0.168404 1.277096 
13.094612 0.167773 1.283364 
13.102884 0.167162 1.289673 
13.111167 0.166571 1.296023 
13.119460 0.166000 1.302414 
13.127763 0.165451 1.308847 
13.136077 0.164922 1.315320 
13.144402 0.164415 1.321836 
13.152737 0.163930 1.328393 
13.161083 0.163468 1.334992 
13.169439 0.163029 1.341632 
13.177806 0.162614 1.348315 
13.186183 0.162222 1.355040 
13.194571 0.161855 1.361807 
13.202970 0.161512 1.368616 
13.211380 0.161195 1.375468 
13.219800 0.160903 1.382362 
13.228231 0.160637 1.389299 
13.236673 0.160398 1.396280 
13.245125 0.160186 1.403303 
13.253589 0.160000 1.410370 
13.262063 0.159843 1.417481 
13.270548 0.159714 1.424635 
13.279044 0.159613 1.431833 
13.287550 0.159541 1.439076 
13.296068 0.159499 1.446363 
13.304597 0.159487 1.453695 
13.313136 0.159505 1.461072 
13.321687 0.159554 1.468494 
13.330248 0.159634 1.475962 
13.338821 0.159747 1.483476 
13.347404 0.159891 1.491036 
13.355999 0.160068 1.498643 
13.364604 0.160279 1.506296 
13.373221 0.160523 1.513997 
13.381849 0.160801 1.521745 
13.390488 0.161115 1.529542 
13.399138 0.161464 1.537386 
13.407800 0.161848 1.545280 
13.416472 0.162270 1.553223 
13.425156 0.162728 1.561215 
13.433851 0.163224 1.569258 
13.442557 0.163758 1.577351 
13.451275 0.164332 1.585495 
13.460004 0.164945 1.593691 
13.468744 0.165598 1.601938 
13.477496 0.166292 1.610239 
13.486259 0.167028 1.618592 
13.495033 0.167807 1.626999 
13.503819 0.168628 1.635460 
13.512616 0.169494 1.643976 
13.521425 0.170404 1.652548 
13.530245 0.171360 1.661175 
13.539077 0.172362 1.669859 
13.547920 0.173412 1.678600 
13.556775 0.174509 1.687399 
13.565642 0.175656 1.696257 
13.574520 0.176853 1.705174 
13.583409 0.178101 1.714151 
13.592311 0.179402 1.723188 
13.601224 0.180755 1.732287 
13.610148 0.182163 1.741448 
13.619085 0.183626 1.750672 
13.628033 0.185146 1.759960 
13.636993 0.186723 1.769312 
13.645965 0.188360 1.778730 
13.654948 0.190057 1.788213 
13.663943 0.191816 1.797764 
13.672951 0.193638 1.807382 
13.681970 0.195525 1.817069 
13.691001 0.197477 1.826826 
13.700044 0.199498 1.836653 
13.709099 0.201587 1.846552 
13.718165 0.203748 1.856522 
13.727244 0.205981 1.866566 
13.736335 0.208288 1.876684 
13.745438 0.210671 1.886878 
13.754553 0.213133 1.897147 
13.763680 0.215675 1.907494 
13.772819 0.218299 1.917918 
13.781971 0.221007 1.928422 
13.791134 0.223802 1.939006 
13.800310 0.226685 1.949671 
13.809498 0.229660 1.960418 
13.818698 0.232728 1.971248 
13.827911 0.235893 1.982162 
13.837135 0.239156 1.993162 
13.846373 0.242521 2.004248 
13.855622 0.245990 2.015422 
13.864884 0.249566 2.026684 
13.874158 0.253253 2.038035 
13.883444 0.257053 2.049477 
13.892744 0.260970 2.061010 
13.902055 0.265007 2.072636 
13.911379 0.269169 2.084355 
13.920715 0.273457 2.096169 
13.930065 0.277877 2.108079 
13.939426 0.282432 2.120084 
13.948800 0.287127 2.132187 
13.958187 0.291965 2.144389 
13.967587 0.296951 2.156689 
13.976999 0.302090 2.169089 
13.986424 0.307386 2.181590 
13.995861 0.312845 2.194192 
14.005311 0.318471 2.206897 
14.014774 0.324271 2.219704 
14.024250 0.330248 2.232614 
14.033739 0.336410 2.245627 
14.043240 0.342762 2.258745 
14.052755 0.349311 2.271967 
14.062282 0.356063 2.285293 
14.071822 0.363024 2.298723 
14.081375 0.370202 2.312258 
14.090942 0.377603 2.325896 
14.100521 0.385236 2.339638 
14.110113 0.393107 2.353484 
14.119718 0.401226 2.367431 
14.129337 0.409600 2.381480 
14.138968 0.418239 2.395628 
14.148613 0.427150 2.409876 
14.158270 0.436344 2.424220 
14.167941 0.445830 2.438659 
14.177625 0.455618 2.453190 
14.187323 0.465718 2.467812 
14.197034 0.476141 2.482520 
14.206758 0.486898 2.497311 
14.216495 0.498001 2.512182 
14.226246 0.509460 2.527128 
14.236010 0.521289 2.542144 
14.245787 0.533500 2.557225 
14.255578 0.546106 2.572365 
14.265382 0.559120 2.587556 
14.275200 0.572556 2.602793 
14.285032 0.586427 2.618065 
14.294877 0.600748 2.633365 
14.304735 0.615534 2.648683 
14.314607 0.630799 2.664008 
14.324493 0.646559 2.679328 
14.334393 0.662830 2.694631 
14.344306 0.679626 2.709901 
14.354233 0.696964 2.725126 
14.364173 0.714861 2.740287 
14.374128 0.733331 2.755367 
14.384096 0.752391 2.770347 
14.394078 0.772057 2.785206 
14.404074 0.792346 2.799921 
14.414083 0.813271 2.814469 
14.424107 0.834850 2.828824 
14.434145 0.857095 2.842958 
14.444196 0.880022 2.856840 
14.454262 0.903644 2.870440 
14.464342 0.927972 2.883724 
14.474435 0.953018 2.896656 
14.484543 0.978792 2.909197 
14.494665 1.005301 2.921308 
14.504801 1.032552 2.932947 
14.514952 1.060548 2.944067 
14.525116 1.089293 2.954624 
14.535295 1.118784 2.964567 
14.545488 1.149017 2.973846 
14.555695 1.179986 2.982409 
14.565917 1.211679 2.990201 
14.576153 1.244082 2.997167 
14.586404 1.277176 3.003248 
14.596669 1.310936 3.008388 
14.606948 1.345334 3.012528 
14.617242 1.380338 3.015610 
14.627550 1.415907 3.017575 
14.637873 1.451996 3.018366 
14.648210 1.488557 3.017928 
14.658563 1.525531 3.016207 
14.668929 1.562859 3.013151 
14.679311 1.600470 3.008714 
14.689707 1.638294 3.002852 
14.700118 1.676249 2.995527 
14.710543 1.714254 2.986705 
14.720984 1.752220 2.976361 
14.731439 1.790055 2.964473 
14.741909 1.827663 2.951031 
14.752394 1.864947 2.936030 
14.762894 1.901807 2.919473 
14.773409 1.938143 2.901373 
14.783939 1.973855 2.881753 
14.794484 2.008844 2.860643 
14.805044 2.043013 2.838081 
14.815619 2.076269 2.814117 
14.826209 2.108524 2.788806 
14.836814 2.139692 2.762212 
14.847435 2.169696 2.734407 
14.858070 2.198466 2.705467 
14.868721 2.225937 2.675476 
14.879387 2.252053 2.644521 
14.890069 2.276767 2.612693 
14.900766 2.300040 2.580086 
14.911478 2.321841 2.546795 
14.922206 2.342149 2.512917 
14.932949 2.360950 2.478547 
14.943708 2.378239 2.443780 
14.954482 2.394018 2.408709 
14.965271 2.408297 2.373424 
14.976077 2.421092 2.338012 
14.986897 2.432427 2.302556 
14.997734 2.442329 2.267133 
15.008586 2.450831 2.231819 
15.019454 2.457971 2.196683 
15.030338 2.463790 2.161787 
15.041237 2.468332 2.127192 
15.052152 2.471643 2.092950 
15.063084 2.473771 2.059111 
15.074031 2.474765 2.025716 
15.084994 2.474676 1.992806 
15.095972 2.473555 1.960413 
15.106967 2.471451 1.928566 
15.117978 2.468415 1.897292 
15.129005 2.464496 1.866610 
15.140048 2.459742 1.836539 
15.151107 2.454202 1.807091 
15.162183 2.447921 1.778278 
15.173274 2.440943 1.750108 
15.184382 2.433311 1.722585 
15.195506 2.425066 1.695712 
15.206647 2.416248 1.669490 
15.217803 2.406895 1.643918 
15.228977 2.397042 1.618992 
15.240166 2.386723 1.594708 
15.251372 2.375970 1.571061 
15.262595 2.364814 1.548043 
15.273834 2.353284 1.525646 
15.285089 2.341407 1.503863 
15.296361 2.329208 1.482683 
15.307650 2.316712 1.462096 
15.318956 2.303940 1.442093 
15.330278 2.290914 1.422662 
15.341617 2.277653 1.403793 
15.352973 2.264175 1.385474 
15.364345 2.250498 1.367694 
15.375735 2.236637 1.350442 
15.387141 2.222608 1.333707 
15.398564 2.208423 1.317478 
15.410005 2.194095 1.301742 
15.421462 2.179636 1.286490 
15.432936 2.165057 1.271711 
15.444427 2.150368 1.257393 
15.455936 2.135577 1.243528 
15.467462 2.120693 1.230104 
15.479005 2.105725 1.217111 
15.490565 2.090678 1.204541 
15.502142 2.075559 1.192384 
15.513737 2.060375 1.180631 
15.525349 2.045131 1.169274 
15.536978 2.029831 1.158303 
15.548625 2.014479 1.147712 
15.560290 1.999081 1.137492 
15.571972 1.983638 1.127636 
15.583671 1.968156 1.118137 
15.595388 1.952635 1.108988 
15.607123 1.937080 1.100183 
15.618875 1.921492 1.091716 
15.630645 1.905873 1.083582 
15.642433 1.890224 1.075774 
15.654239 1.874549 1.068288 
15.666062 1.858847 1.061118 
15.677903 1.843119 1.054262 
15.689763 1.827368 1.047714 
15.701640 1.811593 1.041470 
15.713535 1.795796 1.035527 
15.725448 1.779977 1.029883 
15.737379 1.764136 1.024533 
15.749329 1.748274 1.019476 
15.761296 1.732392 1.014709 
15.773282 1.716489 1.010231 
15.785286 1.700566 1.006039 
15.797309 1.684624 1.002132 
15.809349 1.668662 0.998509 
15.821408 1.652681 0.995170 
15.833486 1.636681 0.992113 
15.845581 1.620664 0.989339 
15.857696 1.604628 0.986847 
15.869829 1.588575 0.984638 
15.881980 1.572506 0.982713 
15.894150 1.556421 0.981072 
15.906339 1.540322 0.979716 
15.918546 1.524209 0.978646 
15.930773 1.508083 0.977865 
15.943018 1.491948 0.977374 
15.955282 1.475803 0.977175 
15.967564 1.459652 0.977269 
15.979866 1.443496 0.977661 
15.992187 1.427338 0.978351 
16.004526 1.411181 0.979343 
16.016885 1.395028 0.980640 
16.029263 1.378883 0.982245 
16.041660 1.362749 0.984160 
16.054076 1.346631 0.986389 
16.066511 1.330534 0.988935 
16.078966 1.314463 0.991802 
16.091440 1.298423 0.994991 
16.103933 1.282420 0.998507 
16.116446 1.266461 1.002352 
16.128978 1.250553 1.006529 
16.141530 1.234704 1.011040 
16.154101 1.218920 1.015888 
16.166692 1.203212 1.021075 
16.179303 1.187586 1.026603 
16.191933 1.172054 1.032472 
16.204583 1.156623 1.038683 
16.217253 1.141305 1.045238 
16.229942 1.126110 1.052134 
16.242652 1.111048 1.059372 
16.255381 1.096130 1.066950 
16.268130 1.081368 1.074866 
16.280900 1.066772 1.083116 
16.293689 1.052355 1.091696 
16.306498 1.038127 1.100604 
16.319328 1.024099 1.109832 
16.332178 1.010283 1.119375 
16.345048 0.996689 1.129226 
16.357939 0.983328 1.139378 
16.370849 0.970211 1.149821 
16.383780 0.957346 1.160547 
16.396732 0.944743 1.171547 
16.409704 0.932410 1.182809 
16.422697 0.920356 1.194324 
16.435710 0.908588 1.206078 
16.448744 0.897112 1.218062 
16.461798 0.885934 1.230261 
16.474874 0.875059 1.242664 
16.487970 0.864491 1.255259 
16.501087 0.854234 1.268032 
16.514225 0.844290 1.280970 
16.527383 0.834661 1.294060 
16.540563 0.825348 1.307289 
16.553764 0.816351 1.320645 
16.566986 0.807671 1.334115 
16.580229 0.799305 1.347686 
16.593493 0.791253 1.361347 
16.606778 0.783512 1.375084 
16.620085 0.776078 1.388887 
16.633413 0.768949 1.402745 
16.646762 0.762120 1.416646 
16.660133 0.755587 1.430580 
16.673526 0.749345 1.444537 
16.686940 0.743390 1.458507 
16.700375 0.737714 1.472481 
16.713832 0.732313 1.486450 
16.727311 0.727179 1.500405 
16.740812 0.722308 1.514339 
16.754334 0.717691 1.528244 
16.767879 0.713322 1.542112 
16.781445 0.709194 1.555938 
16.795033 0.705299 1.569714 
16.808643 0.701629 1.583434 
16.822276 0.698179 1.597093 
16.835930 0.694938 1.610687 
16.849607 0.691900 1.624209 
16.863306 0.689057 1.637655 
16.877027 0.686400 1.651022 
16.890770 0.683922 1.664306 
16.904536 0.681614 1.677503 
16.918325 0.679467 1.690611 
16.932136 0.677474 1.703627 
16.945969 0.675627 1.716548 
16.959825 0.673916 1.729374 
16.973704 0.672334 1.742102 
16.987605 0.670871 1.754731 
17.001530 0.669520 1.767261 
17.015477 0.668272 1.779691 
17.029447 0.667119 1.792021 
17.043440 0.666052 1.804252 
17.057456 0.665064 1.816385 
17.071495 0.664145 1.828419 
17.085557 0.663287 1.840358 
17.099642 0.662483 1.852203 
17.113751 0.661724 1.863955 
17.127883 0.661003 1.875618 
17.142038 0.660311 1.887195 
17.156217 0.659642 1.898689 
17.170419 0.658986 1.910103 
17.184645 0.658338 1.921442 
17.198894 0.657690 1.932711 
17.213167 0.657034 1.943913 
17.227463 0.656365 1.955054 
17.241784 0.655675 1.966140 
17.256128 0.654959 1.977176 
17.270496 0.654209 1.988169 
17.284888 0.653422 1.999125 
17.299304 0.652590 2.010051 
17.313745 0.651710 2.020953 
17.328209 0.650776 2.031841 
17.342697 0.649783 2.042720 
17.357210 0.648728 2.053599 
17.371747 0.647607 2.064486 
17.386309 0.646417 2.075390 
17.400894 0.645155 2.086320 
17.415505 0.643817 2.097283 
17.430140 0.642403 2.108289 
17.444799 0.640910 2.119348 
17.459483 0.639337 2.130469 
17.474192 0.637684 2.141660 
17.488926 0.635950 2.152933 
17.503684 0.634135 2.164296 
17.518468 0.632241 2.175759 
17.533276 0.630267 2.187332 
17.548110 0.628216 2.199024 
17.562969 0.626091 2.210846 
17.577853 0.623892 2.222808 
17.592762 0.621625 2.234919 
17.607696 0.619291 2.247188 
17.622656 0.616896 2.259625 
17.637641 0.614444 2.272241 
17.652652 0.611940 2.285043 
17.667688 0.609389 2.298042 
17.682750 0.606798 2.311246 
17.697838 0.604173 2.324664 
17.712951 0.601521 2.338304 
17.728091 0.598849 2.352175 
17.743256 0.596166 2.366286 
17.758447 0.593480 2.380642 
17.773664 0.590799 2.395253 
17.788907 0.588133 2.410125 
17.804177 0.585491 2.425265 
17.819473 0.582883 2.440679 
17.834795 0.580320 2.456373 
17.850143 0.577812 2.472353 
17.865518 0.575370 2.488624 
17.880919 0.573005 2.505190 
17.896347 0.570730 2.522056 
17.911801 0.568556 2.539225 
17.927283 0.566496 2.556701 
17.942791 0.564561 2.574485 
17.958326 0.562764 2.592582 
17.973887 0.561119 2.610991 
17.989476 0.559638 2.629714 
18.005092 0.558335 2.648752 
18.020735 0.557223 2.668104 
18.036405 0.556314 2.687771 
18.052103 0.555624 2.707749 
18.067828 0.555165 2.728038 
18.083580 0.554950 2.748635 
18.099360 0.554994 2.769537 
18.115167 0.555309 2.790740 
18.131002 0.555910 2.812240 
18.146864 0.556809 2.834031 
18.162755 0.558019 2.856108 
18.178673 0.559554 2.878465 
18.194619 0.561426 2.901094 
18.210594 0.563648 2.923989 
18.226596 0.566232 2.947141 
18.242626 0.569189 2.970540 
18.258685 0.572531 2.994179 
18.274772 0.576270 3.018045 
18.290887 0.580415 3.042131 
18.307031 0.584978 3.066423 
18.323203 0.589967 3.090910 
18.339404 0.595392 3.115581 
18.355634 0.601261 3.140422 
18.371892 0.607583 3.165421 
18.388179 0.614363 3.190563 
18.404495 0.621610 3.215836 
18.420840 0.629328 3.241226 
18.437214 0.637522 3.266716 
18.453617 0.646198 3.292294 
18.470050 0.655358 3.317944 
18.486512 0.665005 3.343652 
18.503003 0.675140 3.369401 
18.519523 0.685766 3.395178 
18.536073 0.696881 3.420967 
18.552653 0.708485 3.446753 
18.569262 0.720576 3.472522 
18.585901 0.733153 3.498259 
18.602570 0.746211 3.523950 
18.619269 0.759747 3.549582 
18.635998 0.773755 3.575141 
18.652757 0.788231 3.600613 
18.669546 0.803167 3.625988 
18.686366 0.818557 3.651253 
18.703216 0.834393 3.676397 
18.720096 0.850666 3.701410 
18.737006 0.867369 3.726282 
18.753948 0.884491 3.751005 
18.770919 0.902023 3.775571 
18.787922 0.919956 3.799973 
18.804956 0.938278 3.824205 
18.822020 0.956980 3.848262 
18.839115 0.976051 3.872139 
18.856242 0.995480 3.895834 
18.873400 1.015257 3.919344 
18.890588 1.035371 3.942669 
18.907809 1.055812 3.965806 
18.925060 1.076570 3.988759 
18.942343 1.097635 4.011527 
18.959658 1.118998 4.034113 
18.977005 1.140651 4.056521 
18.994383 1.162584 4.078756 
19.011793 1.184791 4.100821 
19.029235 1.207264 4.122722 
19.046709 1.229997 4.144467 
19.064215 1.252984 4.166062 
19.081754 1.276221 4.187515 
19.099324 1.299703 4.208835 
19.116927 1.323429 4.230030 
19.134563 1.347395 4.251109 
19.152231 1.371602 4.272082 
19.169932 1.396048 4.292960 
19.187665 1.420735 4.313752 
19.205432 1.445665 4.334470 
19.223231 1.470841 4.355123 
19.241063 1.496267 4.375723 
19.258929 1.521950 4.396280 
19.276827 1.547894 4.416805 
19.294759 1.574108 4.437310 
19.312724 1.600601 4.457804 
19.330723 1.627383 4.478299 
19.348756 1.654465 4.498804 
19.366822 1.681859 4.519329 
19.384922 1.709578 4.539885 
19.403055 1.737639 4.560480 
19.421223 1.766056 4.581122 
19.439425 1.794847 4.601820 
19.457660 1.824030 4.622582 
19.475931 1.853625 4.643415 
19.494235 1.883654 4.664324 
19.512574 1.914138 4.685316 
19.530947 1.945100 4.706394 
19.549355 1.976566 4.727563 
19.567798 2.008563 4.748824 
19.586276 2.041116 4.770180 
19.604788 2.074256 4.791631 
19.623336 2.108013 4.813176 
19.641919 2.142417 4.834813 
19.660537 2.177503 4.856537 
19.679190 2.213304 4.878344 
19.697879 2.249856 4.900227 
19.716603 2.287197 4.922175 
19.735363 2.325365 4.944179 
19.754158 2.364401 4.966225 
19.772990 2.404345 4.988297 
19.791857 2.445241 5.010377 
19.810760 2.487132 5.032445 
19.829700 2.530066 5.054475 
19.848676 2.574087 5.076442 
19.867688 2.619244 5.098314 
19.886736 2.665588 5.120057 
19.905822 2.713166 5.141633 
19.924943 2.762032 5.162998 
19.944102 2.812236 5.184106 
19.963297 2.863830 5.204902 
19.982530 2.916867 5.225331 
20.001799 2.971400 5.245327 
20.021106 3.027480 5.264821 
20.040450 3.085158 5.283737 
20.059832 3.144485 5.301990 
20.079251 3.205507 5.319491 
20.098707 3.268271 5.336139 
20.118202 3.332819 5.351830 
20.137734 3.399189 5.366446 
20.157304 3.467414 5.379865 
20.176913 3.537522 5.391954 
20.196559 3.609532 5.402569 
20.216244 3.683457 5.411561 
20.235967 3.759299 5.418767 
20.255729 3.837048 5.424020 
20.275529 3.916682 5.427140 
20.295368 3.998164 5.427942 
20.315246 4.081443 5.426234 
20.335163 4.166446 5.421816 
20.355119 4.253084 5.414486 
20.375114 4.341244 5.404039 
20.395149 4.430791 5.390268 
20.415223 4.521564 5.372970 
20.435336 4.613380 5.351947 
20.455489 4.706025 5.327009 
20.475682 4.799261 5.297978 
20.495915 4.892822 5.264693 
20.516188 4.986416 5.227012 
20.536501 5.079728 5.184819 
20.556854 5.172419 5.138026 
20.577248 5.264132 5.086578 
20.597682 5.354492 5.030456 
20.618157 5.443117 4.969682 
20.638673 5.529615 4.904319 
20.659229 5.613599 4.834476 
20.679827 5.694685 4.760304 
20.700465 5.772503 4.682002 
20.721145 5.846703 4.599809 
20.741866 5.916960 4.514007 
20.762629 5.982982 4.424911 
20.783433 6.044514 4.332871 
20.804279 6.101340 4.238263 
20.825167 6.153289 4.141481 
20.846097 6.200238 4.042934 
20.867068 6.242109 3.943036 
20.888083 6.278871 3.842203 
20.909139 6.310539 3.740841 
20.930238 6.337171 3.639348 
20.951380 6.358861 3.538099 
20.972564 6.375743 3.437452 
20.993792 6.387980 3.337735 
21.015062 6.395759 3.239250 
21.036375 6.399293 3.142270 
21.057732 6.398806 3.047034 
21.079132 6.394539 2.953752 
21.100576 6.386739 2.862602 
21.122063 6.375656 2.773735 
21.143594 6.361541 2.687269 
21.165169 6.344643 2.603299 
21.186789 6.325206 2.521896 
21.208452 6.303465 2.443105 
21.230160 6.279649 2.366954 
21.251912 6.253974 2.293452 
21.273709 6.226648 2.222592 
21.295550 6.197864 2.154353 
21.317437 6.167805 2.088704 
21.339368 6.136642 2.025602 
21.361345 6.104534 1.964997 
21.383367 6.071627 1.906830 
21.405435 6.038056 1.851041 
21.427548 6.003946 1.797561 
21.449706 5.969410 1.746322 
21.471911 5.934552 1.697250 
21.494162 5.899466 1.650273 
21.516459 5.864238 1.605317 
21.538802 5.828945 1.562307 
21.561191 5.793657 1.521171 
21.583628 5.758435 1.481834 
21.606110 5.723337 1.444226 
21.628640 5.688411 1.408276 
21.651217 5.653703 1.373916 
21.673841 5.619251 1.341080 
21.696513 5.585091 1.309702 
21.719231 5.551252 1.279720 
21.741998 5.517762 1.251074 
21.764812 5.484643 1.223705 
21.787674 5.451915 1.197557 
21.810585 5.419596 1.172576 
21.833543 5.387700 1.148709 
21.856550 5.356239 1.125908 
21.879606 5.325223 1.104125 
21.902710 5.294660 1.083312 
21.925863 5.264557 1.063428 
21.949065 5.234918 1.044430 
21.972316 5.205748 1.026277 
21.995616 5.177048 1.008931 
22.018966 5.148819 0.992356 
22.042366 5.121062 0.976516 
22.065815 5.093776 0.961378 
22.089314 5.066960 0.946910 
22.112864 5.040611 0.933082 
22.136463 5.014727 0.919864 
22.160113 4.989305 0.907227 
22.183814 4.964340 0.895146 
22.207565 4.939828 0.883595 
22.231368 4.915766 0.872550 
22.255221 4.892148 0.861987 
22.279126 4.868968 0.851884 
22.303082 4.846223 0.842219 
22.327089 4.823905 0.832973 
22.351149 4.802010 0.824126 
22.375260 4.780532 0.815659 
22.399423 4.759463 0.807554 
22.423639 4.738800 0.799795 
22.447907 4.718535 0.792365 
22.472228 4.698662 0.785248 
22.496601 4.679174 0.778430 
22.521027 4.660066 0.771896 
22.545507 4.641332 0.765633 
22.570039 4.622964 0.759626 
22.594625 4.604957 0.753865 
22.619265 4.587304 0.748336 
22.643959 4.569999 0.743028 
22.668706 4.553036 0.737931 
22.693508 4.536409 0.733032 
22.718364 4.520111 0.728323 
22.743274 4.504135 0.723793 
22.768239 4.488477 0.719433 
22.793259 4.473130 0.715235 
22.818334 4.458088 0.711188 
22.843465 4.443345 0.707286 
22.868651 4.428895 0.703520 
22.893892 4.414732 0.699883 
22.919189 4.400851 0.696366 
22.944542 4.387245 0.692964 
22.969951 4.373909 0.689670 
22.995417 4.360838 0.686477 
23.020939 4.348026 0.683378 
23.046518 4.335467 0.680369 
23.072154 4.323156 0.677443 
23.097846 4.311087 0.674595 
23.123597 4.299256 0.671819 
23.149404 4.287657 0.669111 
23.175269 4.276285 0.666466 
23.201192 4.265135 0.663879 
23.227174 4.254201 0.661346 
23.253213 4.243480 0.658863 
23.279311 4.232965 0.656425 
23.305467 4.222652 0.654030 
23.331683 4.212537 0.651672 
23.357957 4.202614 0.649349 
23.384291 4.192879 0.647058 
23.410684 4.183328 0.644795 
23.437137 4.173956 0.642557 
23.463649 4.164758 0.640341 
23.490222 4.155730 0.638145 
23.516855 4.146868 0.635966 
23.543548 4.138167 0.633802 
23.570302 4.129624 0.631649 
23.597117 4.121234 0.629507 
23.623993 4.112993 0.627372 
23.650931 4.104898 0.625244 
23.677929 4.096943 0.623119 
23.704990 4.089127 0.620996 
23.732112 4.081443 0.618875 
23.759297 4.073890 0.616752 
23.786544 4.066463 0.614627 
23.813853 4.059159 0.612498 
23.841225 4.051974 0.610364 
23.868661 4.044905 0.608224 
23.896159 4.037948 0.606077 
23.923721 4.031100 0.603922 
23.951346 4.024358 0.601757 
23.979036 4.017719 0.599582 
24.006789 4.011178 0.597397 
24.034607 4.004735 0.595200 
24.062490 3.998384 0.592991 
24.090437 3.992124 0.590769 
24.118449 3.985951 0.588534 
24.146526 3.979863 0.586286 
24.174669 3.973857 0.584023 
24.202878 3.967930 0.581747 
24.231152 3.962080 0.579455 
24.259492 3.956303 0.577149 
24.287899 3.950598 0.574828 
24.316373 3.944962 0.572492 
24.344913 3.939393 0.570140 
24.373521 3.933888 0.567774 
24.402195 3.928445 0.565392 
24.430938 3.923061 0.562996 
24.459748 3.917736 0.560584 
24.488626 3.912465 0.558157 
24.517572 3.907249 0.555716 
24.546587 3.902083 0.553260 
24.575671 3.896967 0.550790 
24.604823 3.891899 0.548305 
24.634045 3.886876 0.545807 
24.663337 3.881897 0.543296 
24.692698 3.876961 0.540771 
24.722129 3.872064 0.538234 
24.751630 3.867207 0.535684 
24.781202 3.862387 0.533122 
24.810845 3.857603 0.530548 
24.840558 3.852853 0.527964 
24.870343 3.848136 0.525368 
24.900199 3.843451 0.522762 
24.930127 3.838795 0.520146 
24.960128 3.834168 0.517521 
24.990200 3.829569 0.514887 
25.020345 3.824996 0.512244 
25.050563 3.820447 0.509594 
25.080854 3.815923 0.506936 
25.111218 3.811422 0.504271 
25.141656 3.806942 0.501600 
25.172168 3.802483 0.498922 
25.202753 3.798044 0.496240 
25.233414 3.793623 0.493552 
25.264149 3.789220 0.490861 
25.294959 3.784834 0.488165 
25.325844 3.780465 0.485466 
25.356804 3.776110 0.482765 
25.387841 3.771770 0.480061 
25.418953 3.767443 0.477356 
25.450142 3.763130 0.474649 
25.481408 3.758828 0.471942 
25.512750 3.754539 0.469235 
25.544170 3.750260 0.466528 
25.575667 3.745991 0.463822 
25.607242 3.741732 0.461118 
25.638895 3.737482 0.458415 
25.670626 3.733241 0.455715 
25.702436 3.729007 0.453017 
25.734325 3.724781 0.450323 
25.766293 3.720562 0.447633 
25.798341 3.716350 0.444947 
25.830468 3.712144 0.442266 
25.862676 3.707943 0.439590 
25.894964 3.703747 0.436920 
25.927333 3.699556 0.434256 
25.959782 3.695370 0.431598 
25.992313 3.691187 0.428947 
26.024926 3.687009 0.426304 
26.057621 3.682833 0.423669 
26.090398 3.678661 0.421041 
26.123257 3.674491 0.418423 
26.156199 3.670324 0.415813 
26.189225 3.666159 0.413213 
26.222334 3.661996 0.410622 
26.255527 3.657834 0.408042 
26.288804 3.653673 0.405471 
26.322165 3.649514 0.402912 
26.355611 3.645355 0.400364 
26.389143 3.641197 0.397827 
26.422759 3.637039 0.395303 
26.456462 3.632881 0.392790 
26.490250 3.628723 0.390290 
26.524125 3.624564 0.387802 
26.558087 3.620405 0.385328 
26.592136 3.616245 0.382867 
26.626272 3.612084 0.380419 
26.660496 3.607922 0.377986 
26.694808 3.603759 0.375566 
26.729209 3.599594 0.373161 
26.763698 3.595427 0.370771 
26.798277 3.591258 0.368396 
26.832944 3.587086 0.366036 
26.867702 3.582913 0.363692 
26.902550 3.578737 0.361363 
26.937488 3.574558 0.359050 
26.972518 3.570375 0.356754 
27.007638 3.566190 0.354474 
27.042850 3.562001 0.352210 
27.078154 3.557809 0.349964 
27.113550 3.553612 0.347734 
27.149039 3.549412 0.345522 
27.184621 3.545207 0.343328 
27.220297 3.540998 0.341151 
27.256066 3.536783 0.338993 
27.291929 3.532564 0.336852 
27.327887 3.528340 0.334730 
27.363939 3.524109 0.332627 
27.400087 3.519873 0.330542 
27.436331 3.515631 0.328477 
27.472670 3.511383 0.326431 
27.509106 3.507127 0.324404 
27.545639 3.502865 0.322398 
27.582269 3.498595 0.320411 
27.618996 3.494318 0.318444 
27.655821 3.490032 0.316498 
27.692745 3.485739 0.314572 
27.729767 3.481436 0.312668 
27.766889 3.477124 0.310784 
27.804110 3.472803 0.308922 
27.841431 3.468472 0.307082 
27.878852 3.464130 0.305263 
27.916374 3.459777 0.303467 
27.953997 3.455413 0.301694 
27.991722 3.451037 0.299943 
28.029549 3.446649 0.298215 
28.067478 3.442248 0.296510 
28.105510 3.437834 0.294830 
28.143645 3.433405 0.293173 
28.181883 3.428962 0.291541 
28.220226 3.424503 0.289934 
28.258673 3.420028 0.288352 
28.297225 3.415537 0.286796 
28.335883 3.411028 0.285265 
28.374646 3.406502 0.283762 
28.413515 3.401956 0.282285 
28.452491 3.397390 0.280836 
28.491574 3.392804 0.279415 
28.530765 3.388196 0.278023 
28.570063 3.383566 0.276660 
28.609470 3.378913 0.275327 
28.648986 3.374234 0.274024 
28.688611 3.369531 0.272753 
28.728346 3.364800 0.271514 
28.768191 3.360042 0.270308 
28.808147 3.355254 0.269135 
28.848214 3.350436 0.267997 
28.888393 3.345587 0.266895 
28.928684 3.340704 0.265829 
28.969087 3.335786 0.264801 
29.009603 3.330832 0.263812 
29.050233 3.325840 0.262863 
29.090976 3.320809 0.261956 
29.131834 3.315736 0.261091 
29.172807 3.310620 0.260271 
29.213896 3.305458 0.259497 
29.255100 3.300249 0.258771 
29.296421 3.294990 0.258094 
29.337859 3.289679 0.257469 
29.379414 3.284314 0.256898 
29.421087 3.278892 0.256383 
29.462878 3.273410 0.255927 
29.504788 3.267866 0.255533 
29.546818 3.262257 0.255202 
29.588967 3.256578 0.254939 
29.631237 3.250828 0.254747 
29.673628 3.245002 0.254629 
29.716140 3.239098 0.254589 
29.758775 3.233110 0.254632 
29.801532 3.227035 0.254763 
29.844412 3.220869 0.254986 
29.887415 3.214607 0.255307 
29.930543 3.208244 0.255731 
29.973795 3.201775 0.256266 
30.017172 3.195195 0.256919 
30.060675 3.188499 0.257696 
30.104305 3.181680 0.258608 
30.148061 3.174732 0.259662 
30.191945 3.167648 0.260869 
30.235956 3.160422 0.262241 
30.280096 3.153047 0.263790 
30.324366 3.145515 0.265529 
30.368764 3.137817 0.267473 
30.413293 3.129946 0.269639 
30.457953 3.121894 0.272046 
30.502744 3.113651 0.274713 
30.547667 3.105207 0.277663 
30.592723 3.096555 0.280921 
30.637911 3.087684 0.284516 
30.683234 3.078584 0.288479 
30.728690 3.069247 0.292844 
30.774282 3.059663 0.297651 
30.820009 3.049824 0.302943 
30.865872 3.039723 0.308771 
30.911872 3.029352 0.315190 
30.958009 3.018708 0.322261 
31.004284 3.007789 0.330057 
31.050698 2.996598 0.338656 
31.097250 2.985141 0.348149 
31.143943 2.973432 0.358636 
31.190776 2.961495 0.370232 
31.237750 2.949361 0.383067 
31.284866 2.937082 0.397285 
31.332124 2.924725 0.413048 
31.379525 2.912383 0.430537 
31.427070 2.900182 0.449952 
31.474759 2.888290 0.471509 
31.522593 2.876924 0.495442 
31.570572 2.866369 0.521995 
31.618698 2.856988 0.551412 
31.666971 2.849241 0.583928 
31.715392 2.843704 0.619739 
31.763960 2.841080 0.658975 
31.812678 2.842212 0.701655 
31.861545 2.848082 0.747629 
31.910563 2.859790 0.796510 
31.959732 2.878504 0.847597 
32.009053 2.905377 0.899805 
32.058526 2.941422 0.951608 
32.108152 2.987338 1.001035 
32.157932 3.043324 1.045720 
32.207867 3.108882 1.083055 
32.257957 3.182671 1.110433 
32.308203 3.262468 1.125574 
32.358605 3.345274 1.126891 
32.409166 3.427602 1.113797 
32.459884 3.505897 1.086866 
32.510762 3.577009 1.047782 
32.561799 3.638585 0.999064 
32.612997 3.689278 0.943665 
32.664356 3.728751 0.884541 
32.715877 3.757497 0.824317 
32.767561 3.776580 0.765092 
32.819408 3.787368 0.708377 
32.871420 3.791316 0.655142 
32.923597 3.789811 0.605908 
32.975940 3.784091 0.560864 
33.028449 3.775208 0.519964 
33.081126 3.764027 0.483016 
33.133971 3.751237 0.449747 
33.186986 3.737379 0.419840 
33.240170 3.722868 0.392973 
33.293525 3.708019 0.368830 
33.347052 3.693068 0.347114 
33.400751 3.678186 0.327556 
33.454623 3.663499 0.309910 
33.508669 3.649093 0.293958 
33.562890 3.635029 0.279505 
33.617287 3.621345 0.266381 
33.671860 3.608064 0.254435 
33.726611 3.595199 0.243535 
33.781541 3.582750 0.233566 
33.836649 3.570716 0.224425 
33.891938 3.559088 0.216024 
33.947408 3.547855 0.208285 
34.003059 3.537004 0.201138 
34.058893 3.526522 0.194524 
34.114911 3.516393 0.188388 
34.171114 3.506602 0.182684 
34.227502 3.497133 0.177370 
34.284076 3.487973 0.172408 
34.340838 3.479106 0.167766 
34.397788 3.470517 0.163415 
34.454927 3.462194 0.159329 
34.512256 3.454124 0.155483 
34.569777 3.446293 0.151859 
34.627489 3.438690 0.148436 
34.685395 3.431304 0.145198 
34.743494 3.424124 0.142130 
34.801789 3.417140 0.139218 
34.860279 3.410342 0.136450 
34.918966 3.403722 0.133814 
34.977852 3.397271 0.131302 
35.036936 3.390981 0.128903 
35.096220 3.384844 0.126609 
35.155705 3.378854 0.124413 
35.215392 3.373003 0.122307 
35.275282 3.367285 0.120286 
35.335377 3.361694 0.118344 
35.395676 3.356225 0.116475 
35.456181 3.350872 0.114675 
35.516894 3.345629 0.112938 
35.577815 3.340493 0.111262 
35.638945 3.335459 0.109642 
35.700286 3.330521 0.108074 
35.761838 3.325677 0.106556 
35.823603 3.320922 0.105085 
35.885581 3.316253 0.103657 
35.947775 3.311666 0.102271 
36.010184 3.307158 0.100923 
36.072811 3.302725 0.099612 
36.135655 3.298364 0.098336 
36.198719 3.294074 0.097092 
36.262004 3.289850 0.095880 
36.325510 3.285691 0.094697 
36.389239 3.281594 0.093541 
36.453192 3.277556 0.092412 
36.517370 3.273575 0.091308 
36.581774 3.269649 0.090228 
36.646406 3.265776 0.089170 
36.711267 3.261954 0.088134 
36.776358 3.258181 0.087119 
36.841680 3.254454 0.086123 
36.907235 3.250773 0.085145 
36.973023 3.247136 0.084185 
37.039046 3.243540 0.083242 
37.105306 3.239984 0.082315 
37.171803 3.236468 0.081404 
37.238539 3.232988 0.080508 
37.305514 3.229543 0.079625 
37.372732 3.226133 0.078756 
37.440191 3.222756 0.077901 
37.507895 3.219410 0.077057 
37.575844 3.216094 0.076226 
37.644040 3.212806 0.075407 
37.712484 3.209546 0.074598 
37.781177 3.206312 0.073800 
37.850121 3.203103 0.073013 
37.919316 3.199918 0.072235 
37.988766 3.196754 0.071468 
38.058470 3.193612 0.070709 
38.128430 3.190490 0.069960 
38.198648 3.187387 0.069220 
38.269126 3.184301 0.068489 
38.339863 3.181231 0.067766 
38.410863 3.178176 0.067052 
38.482126 3.175134 0.066346 
38.553654 3.172106 0.065648 
38.625449 3.169088 0.064958 
38.697511 3.166080 0.064277 
38.769843 3.163081 0.063604 
38.842446 3.160089 0.062939 
38.915321 3.157102 0.062283 
38.988470 3.154120 0.061635 
39.061895 3.151141 0.060996 
39.135596 3.148163 0.060366 
39.209577 3.145184 0.059746 
39.283837 3.142204 0.059135 
39.358380 3.139220 0.058535 
39.433205 3.136231 0.057946 
39.508316 3.133235 0.057369 
39.583714 3.130229 0.056804 
39.659400 3.127212 0.056253 
39.735376 3.124182 0.055717 
39.811643 3.121136 0.055197 
39.888204 3.118073 0.054694 
39.965060 3.114989 0.054211 
40.042213 3.111883 0.053748 
40.119664 3.108751 0.053310 
40.197415 3.105591 0.052897 
40.275468 3.102400 0.052513 
40.353825 3.099176 0.052161 
40.432487 3.095915 0.051846 
40.511457 3.092613 0.051571 
40.590736 3.089269 0.051342 
40.670326 3.085879 0.051164 
40.750228 3.082439 0.051044 
40.830445 3.078947 0.050989 
40.910978 3.075400 0.051007 
40.991830 3.071796 0.051109 
41.073002 3.068132 0.051305 
41.154496 3.064408 0.051606 
41.236314 3.060623 0.052028 
41.318458 3.056778 0.052585 
41.400930 3.052875 0.053295 
41.483732 3.048919 0.054177 
41.566866 3.044918 0.055252 
41.650333 3.040882 0.056542 
41.734137 3.036826 0.058072 
41.818278 3.032770 0.059867 
41.902760 3.028740 0.061953 
41.987583 3.024768 0.064354 
42.072751 3.020895 0.067095 
42.158264 3.017172 0.070193 
42.244126 3.013656 0.073660 
42.330339 3.010415 0.077499 
42.416904 3.007523 0.081699 
42.503824 3.005059 0.086234 
42.591101 3.003105 0.091057 
42.678737 3.001736 0.096099 
42.766734 3.001016 0.101270 
42.855095 3.000992 0.106461 
42.943822 3.001686 0.111545 
43.032917 3.003087 0.116389 
43.122383 3.005152 0.120862 
43.212221 3.007806 0.124845 
43.302434 3.010946 0.128239 
43.393025 3.014449 0.130977 
43.483996 3.018184 0.133022 
43.575349 3.022019 0.134371 
43.667086 3.025832 0.135051 
43.759211 3.029519 0.135111 
43.851725 3.032994 0.134619 
43.944631 3.036195 0.133648 
44.037932 3.039078 0.132279 
44.131630 3.041621 0.130588 
44.225727 3.043815 0.128647 
44.320227 3.045663 0.126520 
44.415131 3.047177 0.124263 
44.510442 3.048377 0.121923 
44.606164 3.049284 0.119539 
44.702298 3.049923 0.117142 
44.798847 3.050317 0.114758 
44.895814 3.050491 0.112405 
44.993202 3.050468 0.110097 
45.091013 3.050270 0.107845 
45.189251 3.049916 0.105657 
45.287917 3.049426 0.103536 
45.387015 3.048814 0.101487 
45.486548 3.048096 0.099509 
45.586519 3.047286 0.097604 
45.686930 3.046395 0.095770 
45.787784 3.045433 0.094006 
45.889084 3.044409 0.092309 
45.990834 3.043332 0.090678 
46.093036 3.042210 0.089111 
46.195693 3.041047 0.087604 
46.298808 3.039850 0.086154 
46.402385 3.038624 0.084760 
46.506426 3.037373 0.083419 
46.610935 3.036101 0.082128 
46.715915 3.034811 0.080884 
46.821368 3.033506 0.079685 
46.927299 3.032189 0.078529 
47.033710 3.030861 0.077414 
47.140605 3.029526 0.076337 
47.247986 3.028185 0.075297 
47.355859 3.026839 0.074292 
47.464224 3.025489 0.073320 
47.573087 3.024138 0.072379 
47.682451 3.022785 0.071468 
47.792318 3.021433 0.070585 
47.902693 3.020081 0.069729 
48.013579 3.018731 0.068898 
48.124979 3.017383 0.068092 
48.236898 3.016038 0.067309 
48.349338 3.014696 0.066548 
48.462304 3.013358 0.065807 
48.575799 3.012024 0.065087 
48.689826 3.010695 0.064386 
48.804391 3.009370 0.063703 
48.919496 3.008050 0.063038 
49.035144 3.006736 0.062389 
49.151341 3.005426 0.061756 
49.268090 3.004123 0.061138 
49.385395 3.002825 0.060535 
49.503260 3.001533 0.059946 
49.621689 3.000247 0.059370 
49.740686 2.998968 0.058807 
49.860255 2.997694 0.058256 
49.980400 2.996427 0.057718 
50.101126 2.995165 0.057190 
50.222436 2.993910 0.056673 
50.344335 2.992662 0.056167 
50.466827 2.991420 0.055671 
50.589917 2.990184 0.055185 
50.713609 2.988955 0.054708 
50.837907 2.987732 0.054240 
50.962816 2.986515 0.053781 
51.088340 2.985305 0.053330 
51.214484 2.984101 0.052887 
51.341253 2.982904 0.052452 
51.468650 2.981712 0.052025 
51.596682 2.980528 0.051605 
51.725352 2.979349 0.051192 
51.854665 2.978177 0.050786 
51.984627 2.977011 0.050386 
52.115241 2.975851 0.049993 
52.246514 2.974697 0.049606 
52.378450 2.973550 0.049225 
52.511053 2.972409 0.048850 
52.644330 2.971273 0.048481 
52.778285 2.970144 0.048117 
52.912924 2.969021 0.047758 
53.048251 2.967904 0.047405 
53.184272 2.966792 0.047057 
53.320992 2.965687 0.046713 
53.458418 2.964587 0.046374 
53.596553 2.963493 0.046040 
53.735404 2.962405 0.045711 
53.874977 2.961323 0.045385 
54.015276 2.960247 0.045064 
54.156308 2.959176 0.044747 
54.298079 2.958111 0.044434 
54.440593 2.957051 0.044126 
54.583858 2.955997 0.043820 
54.727879 2.954948 0.043519 
54.872662 2.953905 0.043221 
55.018212 2.952867 0.042927 
55.164537 2.951835 0.042637 
55.311643 2.950808 0.042349 
55.459535 2.949787 0.042065 
55.608220 2.948770 0.041785 
55.757704 2.947759 0.041507 
55.907995 2.946754 0.041233 
56.059097 2.945753 0.040961 
56.211019 2.944757 0.040693 
56.363767 2.943767 0.040427 
56.517346 2.942782 0.040164 
56.671765 2.941802 0.039904 
56.827030 2.940826 0.039647 
56.983148 2.939856 0.039392 
57.140127 2.938891 0.039140 
57.297973 2.937931 0.038891 
57.456693 2.936975 0.038644 
57.616295 2.936024 0.038399 
57.776786 2.935079 0.038157 
57.938173 2.934138 0.037917 
58.100465 2.933201 0.037679 
58.263669 2.932270 0.037444 
58.427792 2.931343 0.037211 