1.000000E+04 2.022736E+00 2.185495E-05
2.542288E+03 2.022758E+00 8.597771E-05
1.456255E+03 2.022807E+00 1.501435E-04
1.020367E+03 2.022884E+00 2.143846E-04
7.853078E+02 2.022987E+00 2.787332E-04
6.382713E+02 2.023117E+00 3.432216E-04
5.376119E+02 2.023274E+00 4.078826E-04
4.643765E+02 2.023458E+00 4.727489E-04
4.087019E+02 2.023669E+00 5.378535E-04
3.649479E+02 2.023907E+00 6.032299E-04
3.296561E+02 2.024173E+00 6.689118E-04
3.005883E+02 2.024466E+00 7.349332E-04
2.762311E+02 2.024787E+00 8.013288E-04
2.555255E+02 2.025136E+00 8.681337E-04
2.377076E+02 2.025512E+00 9.353832E-04
2.222125E+02 2.025917E+00 1.003114E-03
2.086140E+02 2.026350E+00 1.071362E-03
1.965838E+02 2.026811E+00 1.140166E-03
1.858655E+02 2.027302E+00 1.209563E-03
1.762555E+02 2.027821E+00 1.279592E-03
1.675904E+02 2.028370E+00 1.350294E-03
1.597374E+02 2.028948E+00 1.421710E-03
1.525874E+02 2.029556E+00 1.493880E-03
1.460501E+02 2.030194E+00 1.566848E-03
1.400499E+02 2.030863E+00 1.640658E-03
1.345233E+02 2.031563E+00 1.715355E-03
1.294162E+02 2.032293E+00 1.790985E-03
1.246828E+02 2.033056E+00 1.867596E-03
1.202834E+02 2.033850E+00 1.945237E-03
1.161839E+02 2.034677E+00 2.023959E-03
1.123546E+02 2.035536E+00 2.103815E-03
1.087697E+02 2.036429E+00 2.184857E-03
1.054065E+02 2.037355E+00 2.267141E-03
1.022450E+02 2.038316E+00 2.350726E-03
9.926760E+01 2.039312E+00 2.435671E-03
9.645880E+01 2.040343E+00 2.522038E-03
9.380449E+01 2.041410E+00 2.609890E-03
9.129235E+01 2.042513E+00 2.699293E-03
8.891133E+01 2.043654E+00 2.790318E-03
8.665128E+01 2.044833E+00 2.883034E-03
8.450328E+01 2.046050E+00 2.977517E-03
8.245927E+01 2.047306E+00 3.073843E-03
8.051173E+01 2.048602E+00 3.172093E-03
7.865413E+01 2.049940E+00 3.272351E-03
7.688026E+01 2.051318E+00 3.374704E-03
7.518463E+01 2.052740E+00 3.479242E-03
7.356224E+01 2.054204E+00 3.586061E-03
7.200834E+01 2.055713E+00 3.695259E-03
7.051873E+01 2.057268E+00 3.806941E-03
6.908954E+01 2.058868E+00 3.921214E-03
6.771709E+01 2.060516E+00 4.038191E-03
6.639811E+01 2.062213E+00 4.157991E-03
6.512957E+01 2.063959E+00 4.280738E-03
6.390854E+01 2.065756E+00 4.406561E-03
6.273250E+01 2.067605E+00 4.535598E-03
6.159892E+01 2.069508E+00 4.667991E-03
6.050558E+01 2.071465E+00 4.803889E-03
5.945042E+01 2.073479E+00 4.943452E-03
5.843139E+01 2.075551E+00 5.086845E-03
5.744670E+01 2.077682E+00 5.234242E-03
5.649469E+01 2.079874E+00 5.385826E-03
5.557368E+01 2.082129E+00 5.541793E-03
5.468222E+01 2.084448E+00 5.702344E-03
5.381894E+01 2.086835E+00 5.867696E-03
5.298246E+01 2.089289E+00 6.038076E-03
5.217162E+01 2.091815E+00 6.213723E-03
5.138519E+01 2.094413E+00 6.394891E-03
5.062212E+01 2.097086E+00 6.581848E-03
4.988141E+01 2.099837E+00 6.774878E-03
4.916203E+01 2.102668E+00 6.974281E-03
4.846311E+01 2.105582E+00 7.180376E-03
4.778381E+01 2.108582E+00 7.393501E-03
4.712327E+01 2.111671E+00 7.614014E-03
4.648073E+01 2.114851E+00 7.842298E-03
4.585551E+01 2.118126E+00 8.078757E-03
4.524686E+01 2.121500E+00 8.323823E-03
4.465418E+01 2.124976E+00 8.577955E-03
4.407680E+01 2.128558E+00 8.841643E-03
4.351417E+01 2.132250E+00 9.115409E-03
4.296574E+01 2.136057E+00 9.399812E-03
4.243094E+01 2.139983E+00 9.695447E-03
4.190929E+01 2.144033E+00 1.000295E-02
4.140032E+01 2.148212E+00 1.032301E-02
4.090356E+01 2.152526E+00 1.065636E-02
4.041857E+01 2.156980E+00 1.100378E-02
3.994497E+01 2.161581E+00 1.136611E-02
3.948232E+01 2.166335E+00 1.174426E-02
3.903027E+01 2.171248E+00 1.213921E-02
3.858846E+01 2.176330E+00 1.255202E-02
3.815654E+01 2.181586E+00 1.298380E-02
3.773418E+01 2.187027E+00 1.343580E-02
3.732106E+01 2.192660E+00 1.390934E-02
3.691689E+01 2.198496E+00 1.440584E-02
3.652140E+01 2.204545E+00 1.492687E-02
3.613427E+01 2.210818E+00 1.547411E-02
3.575526E+01 2.217326E+00 1.604941E-02
3.538414E+01 2.224084E+00 1.665474E-02
3.502063E+01 2.231104E+00 1.729230E-02
3.466451E+01 2.238402E+00 1.796446E-02
3.431557E+01 2.245994E+00 1.867381E-02
3.397358E+01 2.253897E+00 1.942320E-02
3.363834E+01 2.262129E+00 2.021576E-02
3.330965E+01 2.270713E+00 2.105490E-02
3.298732E+01 2.279670E+00 2.194440E-02
3.267118E+01 2.289024E+00 2.288842E-02
3.236102E+01 2.298801E+00 2.389156E-02
3.205671E+01 2.309032E+00 2.495890E-02
3.175807E+01 2.319748E+00 2.609608E-02
3.146494E+01 2.330984E+00 2.730936E-02
3.117716E+01 2.342779E+00 2.860572E-02
3.089462E+01 2.355176E+00 2.999294E-02
3.061713E+01 2.368221E+00 3.147973E-02
3.034460E+01 2.381968E+00 3.307585E-02
3.007687E+01 2.396476E+00 3.479225E-02
2.981382E+01 2.411810E+00 3.664129E-02
2.955534E+01 2.428044E+00 3.863689E-02
2.930130E+01 2.445261E+00 4.079482E-02
2.905158E+01 2.463557E+00 4.313297E-02
2.880610E+01 2.483037E+00 4.567167E-02
2.856472E+01 2.503826E+00 4.843409E-02
2.832735E+01 2.526065E+00 5.144669E-02
2.809390E+01 2.549917E+00 5.473978E-02
2.786427E+01 2.575575E+00 5.834809E-02
2.763836E+01 2.603264E+00 6.231158E-02
2.741608E+01 2.633250E+00 6.667621E-02
2.719734E+01 2.665857E+00 7.149508E-02
2.698208E+01 2.701475E+00 7.682969E-02
2.677019E+01 2.740589E+00 8.275181E-02
2.656160E+01 2.783810E+00 8.934642E-02
2.635624E+01 2.831924E+00 9.671736E-02
2.615403E+01 2.885974E+00 1.049994E-01
2.595489E+01 2.947383E+00 1.143869E-01
2.575878E+01 3.018168E+00 1.252058E-01
2.556559E+01 3.101283E+00 1.380952E-01
2.537529E+01 3.201176E+00 1.544732E-01
2.518780E+01 3.324549E+00 1.776920E-01
2.500306E+01 3.480872E+00 2.156954E-01
2.482101E+01 3.680729E+00 2.860690E-01
2.464159E+01 3.927552E+00 4.218348E-01
2.446474E+01 4.200226E+00 6.684675E-01
2.429042E+01 4.440076E+00 1.060599E+00
2.411856E+01 4.564539E+00 1.591785E+00
2.394912E+01 4.499432E+00 2.204892E+00
2.378204E+01 4.208847E+00 2.803415E+00
2.361728E+01 3.715764E+00 3.279714E+00
2.345478E+01 3.099985E+00 3.554016E+00
2.329451E+01 2.469971E+00 3.603688E+00
2.313641E+01 1.922632E+00 3.466782E+00
2.298044E+01 1.512703E+00 3.220555E+00
2.282656E+01 1.240559E+00 2.948338E+00
2.267473E+01 1.064988E+00 2.703338E+00
2.252491E+01 9.402518E-01 2.496695E+00
2.237705E+01 8.401220E-01 2.318162E+00
2.223111E+01 7.550057E-01 2.156561E+00
2.208708E+01 6.822356E-01 2.005469E+00
2.194489E+01 6.207895E-01 1.861929E+00
2.180453E+01 5.697280E-01 1.724567E+00
2.166595E+01 5.280277E-01 1.592543E+00
2.152911E+01 4.947195E-01 1.465124E+00
2.139400E+01 4.690255E-01 1.341547E+00
2.126057E+01 4.504551E-01 1.221003E+00
2.112880E+01 4.388880E-01 1.102654E+00
2.099865E+01 4.346771E-01 9.857028E-01
2.087009E+01 4.387963E-01 8.695448E-01
2.074310E+01 4.530033E-01 7.541285E-01
2.061764E+01 4.797974E-01 6.407141E-01
2.049369E+01 5.214751E-01 5.329553E-01
2.037122E+01 5.776183E-01 4.368847E-01
2.025022E+01 6.432059E-01 3.576743E-01
2.013063E+01 7.112017E-01 2.960044E-01
2.001246E+01 7.765749E-01 2.489265E-01
1.989566E+01 8.371121E-01 2.127363E-01
1.978021E+01 8.923214E-01 1.844114E-01
1.966610E+01 9.424546E-01 1.617931E-01
1.955330E+01 9.880097E-01 1.433901E-01
1.944178E+01 1.029523E+00 1.281687E-01
1.933153E+01 1.067493E+00 1.153991E-01
1.922252E+01 1.102359E+00 1.045553E-01
1.911474E+01 1.134500E+00 9.524957E-02
1.900815E+01 1.164239E+00 8.719068E-02
1.890275E+01 1.191855E+00 8.015566E-02
1.879852E+01 1.217583E+00 7.397103E-02
1.869542E+01 1.241626E+00 6.849987E-02
1.859345E+01 1.264162E+00 6.363270E-02
1.849258E+01 1.285341E+00 5.928092E-02
1.839281E+01 1.305298E+00 5.537213E-02
1.829410E+01 1.324147E+00 5.184659E-02
1.819645E+01 1.341991E+00 4.865457E-02
1.809984E+01 1.358920E+00 4.575438E-02
1.800424E+01 1.375014E+00 4.311081E-02
1.790965E+01 1.390345E+00 4.069393E-02
1.781605E+01 1.404977E+00 3.847814E-02
1.772343E+01 1.418965E+00 3.644144E-02
1.763176E+01 1.432363E+00 3.456483E-02
1.754103E+01 1.445216E+00 3.283181E-02
1.745123E+01 1.457566E+00 3.122799E-02
1.736235E+01 1.469452E+00 2.974076E-02
1.727437E+01 1.480908E+00 2.835907E-02
1.718727E+01 1.491967E+00 2.707314E-02
1.710105E+01 1.502658E+00 2.587434E-02
1.701569E+01 1.513008E+00 2.475501E-02
1.693118E+01 1.523041E+00 2.370830E-02
1.684750E+01 1.532781E+00 2.272813E-02
1.676465E+01 1.542249E+00 2.180905E-02
1.668261E+01 1.551465E+00 2.094614E-02
1.660137E+01 1.560447E+00 2.013501E-02
1.652091E+01 1.569213E+00 1.937169E-02
1.644123E+01 1.577780E+00 1.865258E-02
1.636231E+01 1.586162E+00 1.797444E-02
1.628415E+01 1.594374E+00 1.733432E-02
1.620674E+01 1.602431E+00 1.672955E-02
1.613005E+01 1.610345E+00 1.615769E-02
1.605409E+01 1.618129E+00 1.561651E-02
1.597884E+01 1.625796E+00 1.510400E-02
1.590429E+01 1.633357E+00 1.461830E-02
1.583043E+01 1.640824E+00 1.415772E-02
1.575726E+01 1.648207E+00 1.372071E-02
1.568476E+01 1.655519E+00 1.330585E-02
1.561292E+01 1.662771E+00 1.291183E-02
1.554174E+01 1.669972E+00 1.253747E-02
1.547121E+01 1.677134E+00 1.218167E-02
1.540131E+01 1.684269E+00 1.184345E-02
1.533204E+01 1.691387E+00 1.152189E-02
1.526339E+01 1.698500E+00 1.121617E-02
1.519535E+01 1.705621E+00 1.092555E-02
1.512792E+01 1.712761E+00 1.064938E-02
1.506108E+01 1.719935E+00 1.038708E-02
1.499484E+01 1.727155E+00 1.013817E-02
1.492917E+01 1.734438E+00 9.902284E-03
1.486407E+01 1.741799E+00 9.679151E-03
1.479954E+01 1.749257E+00 9.468657E-03
1.473557E+01 1.756830E+00 9.270864E-03
1.467215E+01 1.764541E+00 9.086068E-03
1.460927E+01 1.772415E+00 8.914885E-03
1.454693E+01 1.780478E+00 8.758366E-03
1.448511E+01 1.788763E+00 8.618183E-03
1.442382E+01 1.797307E+00 8.496892E-03
1.436305E+01 1.806152E+00 8.398349E-03
1.430279E+01 1.815349E+00 8.328332E-03
1.424303E+01 1.824959E+00 8.295504E-03
1.418377E+01 1.835054E+00 8.312910E-03
1.412500E+01 1.845723E+00 8.400327E-03
1.406671E+01 1.857073E+00 8.587951E-03
1.400890E+01 1.869237E+00 8.922231E-03
1.395157E+01 1.882381E+00 9.475040E-03
1.389471E+01 1.896703E+00 1.035799E-02
1.383830E+01 1.912448E+00 1.174433E-02
1.378235E+01 1.929899E+00 1.390134E-02
1.372685E+01 1.949369E+00 1.723548E-02
1.367180E+01 1.971161E+00 2.234921E-02
1.361719E+01 1.995492E+00 3.009975E-02
1.356301E+01 2.022360E+00 4.163448E-02
1.350926E+01 2.051362E+00 5.835947E-02
1.345594E+01 2.081493E+00 8.179303E-02
1.340303E+01 2.111019E+00 1.132884E-01
1.335054E+01 2.137515E+00 1.536813E-01
1.329846E+01 2.158068E+00 2.029747E-01
1.324678E+01 2.169622E+00 2.601544E-01
1.319551E+01 2.169331E+00 3.231440E-01
1.314463E+01 2.154917E+00 3.888629E-01
1.309414E+01 2.125024E+00 4.533850E-01
1.304403E+01 2.079540E+00 5.122306E-01
1.299431E+01 2.019826E+00 5.607992E-01
1.294497E+01 1.948770E+00 5.948897E-01
1.289600E+01 1.870673E+00 6.112394E-01
1.284740E+01 1.790940E+00 6.080410E-01
1.279916E+01 1.715572E+00 5.853944E-01
1.275128E+01 1.650426E+00 5.456016E-01
1.270376E+01 1.600248E+00 4.931419E-01
1.265660E+01 1.567649E+00 4.341224E-01
1.260978E+01 1.552395E+00 3.750883E-01
1.256331E+01 1.551537E+00 3.214668E-01
1.251718E+01 1.560523E+00 2.763798E-01
1.247138E+01 1.574719E+00 2.404502E-01
1.242592E+01 1.590549E+00 2.125054E-01
1.238080E+01 1.605872E+00 1.905764E-01
1.233599E+01 1.619785E+00 1.726804E-01
1.229151E+01 1.632211E+00 1.572287E-01
1.224735E+01 1.643499E+00 1.431368E-01
1.220351E+01 1.654145E+00 1.297711E-01
1.215998E+01 1.664627E+00 1.168386E-01
1.211676E+01 1.675326E+00 1.042741E-01
1.207384E+01 1.686503E+00 9.214586E-02
1.203123E+01 1.698302E+00 8.058676E-02
1.198892E+01 1.710763E+00 6.974543E-02
1.194690E+01 1.723851E+00 5.975549E-02
1.190518E+01 1.737475E+00 5.071747E-02
1.186375E+01 1.751513E+00 4.269026E-02
1.182260E+01 1.765828E+00 3.568966E-02
1.178174E+01 1.780288E+00 2.969170E-02
1.174116E+01 1.794771E+00 2.463950E-02
1.170086E+01 1.809181E+00 2.045198E-02
1.166084E+01 1.823445E+00 1.703316E-02
1.162108E+01 1.837517E+00 1.428088E-02
1.158160E+01 1.851375E+00 1.209410E-02
1.154239E+01 1.865018E+00 1.037829E-02
1.150344E+01 1.878461E+00 9.048809E-03
1.146475E+01 1.891731E+00 8.032657E-03
1.142632E+01 1.904864E+00 7.268755E-03
1.138815E+01 1.917900E+00 6.707388E-03
1.135023E+01 1.930883E+00 6.309085E-03
1.131257E+01 1.943857E+00 6.043277E-03
1.127515E+01 1.956867E+00 5.886933E-03
1.123798E+01 1.969956E+00 5.823297E-03
1.120106E+01 1.983168E+00 5.840803E-03
1.116437E+01 1.996545E+00 5.932178E-03
1.112793E+01 2.010130E+00 6.093735E-03
1.109172E+01 2.023963E+00 6.324845E-03
1.105575E+01 2.038087E+00 6.627560E-03
1.102001E+01 2.052542E+00 7.006368E-03
1.098450E+01 2.067373E+00 7.468068E-03
1.094922E+01 2.082622E+00 8.021730E-03
1.091416E+01 2.098334E+00 8.678758E-03
1.087933E+01 2.114558E+00 9.453016E-03
1.084472E+01 2.131342E+00 1.036104E-02
1.081033E+01 2.148738E+00 1.142232E-02
1.077616E+01 2.166801E+00 1.265967E-02
1.074220E+01 2.185590E+00 1.409964E-02
1.070846E+01 2.205167E+00 1.577314E-02
1.067492E+01 2.225601E+00 1.771602E-02
1.064160E+01 2.246962E+00 1.996998E-02
1.060848E+01 2.269330E+00 2.258350E-02
1.057557E+01 2.292787E+00 2.561312E-02
1.054286E+01 2.317426E+00 2.912495E-02
1.051036E+01 2.343345E+00 3.319653E-02
1.047805E+01 2.370650E+00 3.791909E-02
1.044595E+01 2.399457E+00 4.340040E-02
1.041403E+01 2.429889E+00 4.976799E-02
1.038232E+01 2.462076E+00 5.717310E-02
1.035079E+01 2.496159E+00 6.579503E-02
1.031946E+01 2.532278E+00 7.584594E-02
1.028831E+01 2.570580E+00 8.757582E-02
1.025736E+01 2.611209E+00 1.012773E-01
1.022659E+01 2.654302E+00 1.172901E-01
1.019600E+01 2.699986E+00 1.360052E-01
1.016559E+01 2.748378E+00 1.578688E-01
1.013537E+01 2.799578E+00 1.833888E-01
1.010532E+01 2.853680E+00 2.131473E-01
1.007546E+01 2.910769E+00 2.478236E-01
1.004577E+01 2.970918E+00 2.882375E-01
1.001625E+01 3.034171E+00 3.354149E-01
9.986907E+00 3.100465E+00 3.906734E-01
9.957729E+00 3.169489E+00 4.557021E-01
9.928732E+00 3.240445E+00 5.325793E-01
9.899892E+00 3.311748E+00 6.236510E-01
9.871230E+00 3.380760E+00 7.312103E-01
9.842733E+00 3.443698E+00 8.570022E-01
9.814390E+00 3.495820E+00 1.001693E+00
9.786220E+00 3.531850E+00 1.164479E+00
9.758202E+00 3.546516E+00 1.342911E+00
9.730352E+00 3.535071E+00 1.532916E+00
9.702653E+00 3.493810E+00 1.728935E+00
9.675119E+00 3.420554E+00 1.924232E+00
9.647732E+00 3.315068E+00 2.111391E+00
9.620509E+00 3.179270E+00 2.282984E+00
9.593430E+00 3.017167E+00 2.432298E+00
9.566513E+00 2.834535E+00 2.553985E+00
9.539736E+00 2.638385E+00 2.644568E+00
9.513119E+00 2.436289E+00 2.702729E+00
9.486640E+00 2.235634E+00 2.729324E+00
9.460317E+00 2.042962E+00 2.727128E+00
9.434140E+00 1.863472E+00 2.700388E+00
9.408099E+00 1.700731E+00 2.654299E+00
9.382210E+00 1.556514E+00 2.594441E+00
9.356454E+00 1.430833E+00 2.526163E+00
9.330848E+00 1.322204E+00 2.453975E+00
9.305373E+00 1.228204E+00 2.381111E+00
9.280045E+00 1.146137E+00 2.309453E+00
9.254846E+00 1.073587E+00 2.239774E+00
9.229792E+00 1.008698E+00 2.172159E+00
9.204865E+00 9.501941E-01 2.106395E+00
9.180081E+00 8.972581E-01 2.042236E+00
9.155422E+00 8.493607E-01 1.979531E+00
9.130902E+00 8.061134E-01 1.918249E+00
9.106514E+00 7.671691E-01 1.858455E+00
9.082248E+00 7.321696E-01 1.800255E+00
9.058119E+00 7.007295E-01 1.743753E+00
9.034109E+00 6.724450E-01 1.689014E+00
9.010235E+00 6.469141E-01 1.636045E+00
8.986478E+00 6.237589E-01 1.584795E+00
8.962854E+00 6.026448E-01 1.535157E+00
8.939347E+00 5.832925E-01 1.486986E+00
8.915970E+00 5.654836E-01 1.440115E+00
8.892707E+00 5.490588E-01 1.394371E+00
8.869573E+00 5.339133E-01 1.349586E+00
8.846551E+00 5.199885E-01 1.305610E+00
8.823657E+00 5.072627E-01 1.262317E+00
8.800880E+00 4.957423E-01 1.219608E+00
8.778213E+00 4.854526E-01 1.177414E+00
8.755670E+00 4.764302E-01 1.135692E+00
8.733235E+00 4.687165E-01 1.094432E+00
8.710923E+00 4.623515E-01 1.053644E+00
8.688716E+00 4.573688E-01 1.013365E+00
8.666630E+00 4.537916E-01 9.736500E-01
8.644649E+00 4.516290E-01 9.345700E-01
8.622786E+00 4.508730E-01 8.962083E-01
8.601026E+00 4.514964E-01 8.586557E-01
8.579383E+00 4.534514E-01 8.220057E-01
8.557841E+00 4.566688E-01 7.863496E-01
8.536415E+00 4.610590E-01 7.517706E-01
8.515088E+00 4.665136E-01 7.183387E-01
8.493875E+00 4.729089E-01 6.861056E-01
8.472767E+00 4.801109E-01 6.551008E-01
8.451757E+00 4.879811E-01 6.253285E-01
8.430857E+00 4.963834E-01 5.967673E-01
8.410054E+00 5.051905E-01 5.693708E-01
8.389360E+00 5.142909E-01 5.430710E-01
8.368761E+00 5.235928E-01 5.177832E-01
8.348270E+00 5.330284E-01 4.934119E-01
8.327872E+00 5.425546E-01 4.698570E-01
8.307580E+00 5.521527E-01 4.470204E-01
8.287380E+00 5.618267E-01 4.248119E-01
8.267285E+00 5.715992E-01 4.031539E-01
8.247280E+00 5.815078E-01 3.819848E-01
8.227378E+00 5.915997E-01 3.612617E-01
8.207573E+00 6.019264E-01 3.409613E-01
8.187856E+00 6.125391E-01 3.210792E-01
8.168240E+00 6.234837E-01 3.016286E-01
8.148711E+00 6.347969E-01 2.826373E-01
8.129282E+00 6.465034E-01 2.641444E-01
8.109938E+00 6.586142E-01 2.461964E-01
8.090693E+00 6.711258E-01 2.288428E-01
8.071533E+00 6.840210E-01 2.121324E-01
8.052470E+00 6.972701E-01 1.961102E-01
8.033490E+00 7.108334E-01 1.808146E-01
8.014606E+00 7.246633E-01 1.662760E-01
7.995804E+00 7.387072E-01 1.525158E-01
7.977096E+00 7.529095E-01 1.395462E-01
7.958470E+00 7.672138E-01 1.273706E-01
7.939936E+00 7.815649E-01 1.159843E-01
7.921489E+00 7.959096E-01 1.053756E-01
7.903120E+00 8.101978E-01 9.552658E-02
7.884843E+00 8.243837E-01 8.641417E-02
7.866645E+00 8.384251E-01 7.801134E-02
7.848536E+00 8.522845E-01 7.028782E-02
7.830504E+00 8.659289E-01 6.321095E-02
7.812561E+00 8.793295E-01 5.674641E-02
7.794694E+00 8.924619E-01 5.085879E-02
7.776915E+00 9.053057E-01 4.551217E-02
7.759210E+00 9.178443E-01 4.067055E-02
7.741592E+00 9.300649E-01 3.629825E-02
7.724048E+00 9.419578E-01 3.236026E-02
7.706589E+00 9.535167E-01 2.882254E-02
7.689208E+00 9.647379E-01 2.565222E-02
7.671900E+00 9.756204E-01 2.281785E-02
7.654676E+00 9.861653E-01 2.028951E-02
7.637523E+00 9.963757E-01 1.803894E-02
7.620453E+00 1.006256E+00 1.603962E-02
7.603453E+00 1.015814E+00 1.426681E-02
7.586534E+00 1.025056E+00 1.269756E-02
7.569685E+00 1.033990E+00 1.131072E-02
7.552916E+00 1.042626E+00 1.008685E-02
7.536215E+00 1.050973E+00 9.008221E-03
7.519594E+00 1.059043E+00 8.058696E-03
7.503041E+00 1.066844E+00 7.223678E-03
7.486565E+00 1.074388E+00 6.490001E-03
7.470162E+00 1.081684E+00 5.845838E-03
7.453825E+00 1.088744E+00 5.280601E-03
7.437565E+00 1.095577E+00 4.784839E-03
7.421371E+00 1.102194E+00 4.350142E-03
7.405252E+00 1.108603E+00 3.969045E-03
7.389197E+00 1.114815E+00 3.634939E-03
7.373218E+00 1.120837E+00 3.341987E-03
7.357301E+00 1.126679E+00 3.085038E-03
7.341459E+00 1.132349E+00 2.859564E-03
7.325680E+00 1.137855E+00 2.661583E-03
7.309974E+00 1.143204E+00 2.487601E-03
7.294329E+00 1.148402E+00 2.334560E-03
7.278757E+00 1.153458E+00 2.199779E-03
7.263245E+00 1.158376E+00 2.080917E-03
7.247805E+00 1.163164E+00 1.975928E-03
7.232431E+00 1.167826E+00 1.883027E-03
7.217116E+00 1.172368E+00 1.800656E-03
7.201871E+00 1.176796E+00 1.727459E-03
7.186686E+00 1.181113E+00 1.662251E-03
7.171569E+00 1.185325E+00 1.604005E-03
7.156511E+00 1.189435E+00 1.551823E-03
7.141521E+00 1.193449E+00 1.504925E-03
7.126588E+00 1.197369E+00 1.462634E-03
7.111723E+00 1.201199E+00 1.424360E-03
7.096915E+00 1.204943E+00 1.389588E-03
7.082173E+00 1.208603E+00 1.357875E-03
7.067487E+00 1.212184E+00 1.328832E-03
7.052868E+00 1.215688E+00 1.302121E-03
7.038308E+00 1.219117E+00 1.277452E-03
7.023804E+00 1.222474E+00 1.254569E-03
7.009364E+00 1.225762E+00 1.233252E-03
6.994978E+00 1.228983E+00 1.213308E-03
6.980657E+00 1.232140E+00 1.194570E-03
6.966389E+00 1.235234E+00 1.176895E-03
6.952184E+00 1.238267E+00 1.160155E-03
6.938032E+00 1.241242E+00 1.144243E-03
6.923942E+00 1.244160E+00 1.129062E-03
6.909905E+00 1.247024E+00 1.114530E-03
6.895929E+00 1.249834E+00 1.100576E-03
6.882005E+00 1.252592E+00 1.087137E-03
6.868141E+00 1.255301E+00 1.074159E-03
6.854329E+00 1.257960E+00 1.061595E-03
6.840577E+00 1.260573E+00 1.049405E-03
6.826880E+00 1.263140E+00 1.037552E-03
6.813233E+00 1.265662E+00 1.026007E-03
6.799645E+00 1.268141E+00 1.014741E-03
6.786107E+00 1.270577E+00 1.003733E-03
6.772627E+00 1.272973E+00 9.929608E-04
6.759196E+00 1.275329E+00 9.824076E-04
6.745822E+00 1.277646E+00 9.720579E-04
6.732497E+00 1.279925E+00 9.618982E-04
6.719229E+00 1.282168E+00 9.519168E-04
6.706009E+00 1.284374E+00 9.421036E-04
6.692845E+00 1.286546E+00 9.324495E-04
6.679728E+00 1.288684E+00 9.229467E-04
6.666667E+00 1.290788E+00 9.135884E-04
