10000.000000 2.172599 0.000072 
5000.000000 2.172605 0.000144 
3333.333333 2.172614 0.000215 
2500.000000 2.172628 0.000287 
2000.000000 2.172645 0.000359 
1666.666667 2.172666 0.000431 
1428.571429 2.172690 0.000503 
1250.000000 2.172719 0.000575 
1111.111111 2.172751 0.000647 
1000.000000 2.172787 0.000719 
909.090909 2.172827 0.000791 
833.333333 2.172870 0.000863 
769.230769 2.172918 0.000935 
714.285714 2.172969 0.001007 
666.666667 2.173024 0.001079 
625.000000 2.173083 0.001151 
588.235294 2.173146 0.001224 
555.555556 2.173212 0.001296 
526.315789 2.173282 0.001368 
500.000000 2.173356 0.001441 
476.190476 2.173434 0.001513 
454.545455 2.173516 0.001586 
434.782609 2.173602 0.001659 
416.666667 2.173691 0.001731 
400.000000 2.173785 0.001804 
384.615385 2.173882 0.001877 
370.370370 2.173983 0.001950 
357.142857 2.174088 0.002023 
344.827586 2.174196 0.002097 
333.333333 2.174309 0.002170 
322.580645 2.174425 0.002244 
312.500000 2.174546 0.002317 
303.030303 2.174670 0.002391 
294.117647 2.174798 0.002465 
285.714286 2.174930 0.002538 
277.777778 2.175066 0.002612 
270.270270 2.175206 0.002687 
263.157895 2.175350 0.002761 
256.410256 2.175498 0.002835 
250.000000 2.175649 0.002910 
243.902439 2.175805 0.002985 
238.095238 2.175964 0.003060 
232.558140 2.176128 0.003135 
227.272727 2.176296 0.003210 
222.222222 2.176467 0.003285 
217.391304 2.176642 0.003361 
212.765957 2.176822 0.003436 
208.333333 2.177005 0.003512 
204.081633 2.177193 0.003588 
200.000000 2.177384 0.003664 
196.078431 2.177580 0.003741 
192.307692 2.177780 0.003817 
188.679245 2.177983 0.003894 
185.185185 2.178191 0.003971 
181.818182 2.178403 0.004048 
178.571429 2.178619 0.004126 
175.438596 2.178839 0.004203 
172.413793 2.179063 0.004281 
169.491525 2.179291 0.004359 
166.666667 2.179524 0.004437 
163.934426 2.179760 0.004516 
161.290323 2.180001 0.004594 
158.730159 2.180246 0.004673 
156.250000 2.180495 0.004753 
153.846154 2.180748 0.004832 
151.515152 2.181006 0.004912 
149.253731 2.181268 0.004992 
147.058824 2.181534 0.005072 
144.927536 2.181804 0.005152 
142.857143 2.182079 0.005233 
140.845070 2.182357 0.005314 
138.888889 2.182641 0.005395 
136.986301 2.182928 0.005477 
135.135135 2.183220 0.005559 
133.333333 2.183516 0.005641 
131.578947 2.183817 0.005723 
129.870130 2.184121 0.005806 
128.205128 2.184431 0.005889 
126.582278 2.184745 0.005972 
125.000000 2.185063 0.006056 
123.456790 2.185385 0.006140 
121.951220 2.185713 0.006224 
120.481928 2.186044 0.006309 
119.047619 2.186380 0.006394 
117.647059 2.186721 0.006479 
116.279070 2.187066 0.006565 
114.942529 2.187416 0.006651 
113.636364 2.187770 0.006737 
112.359551 2.188129 0.006824 
111.111111 2.188493 0.006911 
109.890110 2.188861 0.006999 
108.695652 2.189234 0.007087 
107.526882 2.189612 0.007175 
106.382979 2.189994 0.007264 
105.263158 2.190382 0.007353 
104.166667 2.190773 0.007442 
103.092784 2.191170 0.007532 
102.040816 2.191572 0.007622 
101.010101 2.191978 0.007713 
100.000000 2.192389 0.007804 
99.009901 2.192805 0.007896 
98.039216 2.193226 0.007988 
97.087379 2.193652 0.008080 
96.153846 2.194083 0.008173 
95.238095 2.194519 0.008267 
94.339623 2.194960 0.008361 
93.457944 2.195405 0.008455 
92.592593 2.195856 0.008550 
91.743119 2.196312 0.008645 
90.909091 2.196774 0.008741 
90.090090 2.197240 0.008837 
89.285714 2.197711 0.008934 
88.495575 2.198188 0.009032 
87.719298 2.198670 0.009130 
86.956522 2.199157 0.009228 
86.206897 2.199650 0.009327 
85.470085 2.200147 0.009427 
84.745763 2.200651 0.009527 
84.033613 2.201159 0.009627 
83.333333 2.201673 0.009728 
82.644628 2.202192 0.009830 
81.967213 2.202717 0.009933 
81.300813 2.203248 0.010036 
80.645161 2.203784 0.010139 
80.000000 2.204325 0.010244 
79.365079 2.204872 0.010348 
78.740157 2.205425 0.010454 
78.125000 2.205984 0.010560 
77.519380 2.206548 0.010667 
76.923077 2.207118 0.010774 
76.335878 2.207694 0.010882 
75.757576 2.208275 0.010991 
75.187970 2.208863 0.011100 
74.626866 2.209456 0.011211 
74.074074 2.210056 0.011321 
73.529412 2.210661 0.011433 
72.992701 2.211273 0.011545 
72.463768 2.211890 0.011658 
71.942446 2.212514 0.011772 
71.428571 2.213144 0.011887 
70.921986 2.213780 0.012002 
70.422535 2.214422 0.012118 
69.930070 2.215070 0.012235 
69.444444 2.215725 0.012353 
68.965517 2.216387 0.012471 
68.493151 2.217054 0.012590 
68.027211 2.217729 0.012711 
67.567568 2.218409 0.012832 
67.114094 2.219097 0.012953 
66.666667 2.219791 0.013076 
66.225166 2.220491 0.013200 
65.789474 2.221199 0.013324 
65.359477 2.221913 0.013450 
64.935065 2.222634 0.013576 
64.516129 2.223361 0.013703 
64.102564 2.224096 0.013831 
63.694268 2.224838 0.013960 
63.291139 2.225587 0.014091 
62.893082 2.226342 0.014222 
62.500000 2.227105 0.014354 
62.111801 2.227876 0.014487 
61.728395 2.228653 0.014621 
61.349693 2.229438 0.014756 
60.975610 2.230230 0.014892 
60.606061 2.231030 0.015030 
60.240964 2.231837 0.015168 
59.880240 2.232652 0.015308 
59.523810 2.233474 0.015448 
59.171598 2.234304 0.015590 
58.823529 2.235142 0.015733 
58.479532 2.235988 0.015877 
58.139535 2.236841 0.016022 
57.803468 2.237703 0.016169 
57.471264 2.238572 0.016316 
57.142857 2.239450 0.016465 
56.818182 2.240336 0.016616 
56.497175 2.241230 0.016767 
56.179775 2.242132 0.016920 
55.865922 2.243043 0.017074 
55.555556 2.243962 0.017229 
55.248619 2.244890 0.017386 
54.945055 2.245827 0.017544 
54.644809 2.246772 0.017704 
54.347826 2.247726 0.017864 
54.054054 2.248688 0.018027 
53.763441 2.249660 0.018191 
53.475936 2.250641 0.018356 
53.191489 2.251631 0.018523 
52.910053 2.252630 0.018691 
52.631579 2.253638 0.018861 
52.356021 2.254656 0.019032 
52.083333 2.255683 0.019205 
51.813472 2.256720 0.019380 
51.546392 2.257766 0.019556 
51.282051 2.258823 0.019734 
51.020408 2.259889 0.019914 
50.761421 2.260965 0.020095 
50.505051 2.262051 0.020278 
50.251256 2.263147 0.020463 
50.000000 2.264253 0.020650 
49.751244 2.265370 0.020838 
49.504950 2.266497 0.021028 
49.261084 2.267635 0.021221 
49.019608 2.268783 0.021415 
48.780488 2.269943 0.021611 
48.543689 2.271113 0.021809 
48.309179 2.272294 0.022009 
48.076923 2.273486 0.022211 
47.846890 2.274690 0.022415 
47.619048 2.275904 0.022621 
47.393365 2.277131 0.022830 
47.169811 2.278369 0.023040 
46.948357 2.279618 0.023253 
46.728972 2.280880 0.023468 
46.511628 2.282153 0.023685 
46.296296 2.283439 0.023905 
46.082949 2.284737 0.024127 
45.871560 2.286047 0.024351 
45.662100 2.287370 0.024578 
45.454545 2.288706 0.024808 
45.248869 2.290054 0.025039 
45.045045 2.291415 0.025274 
44.843049 2.292790 0.025511 
44.642857 2.294178 0.025750 
44.444444 2.295579 0.025993 
44.247788 2.296993 0.026238 
44.052863 2.298422 0.026485 
43.859649 2.299864 0.026736 
43.668122 2.301321 0.026990 
43.478261 2.302791 0.027246 
43.290043 2.304276 0.027506 
43.103448 2.305776 0.027768 
42.918455 2.307290 0.028034 
42.735043 2.308820 0.028302 
42.553191 2.310364 0.028574 
42.372881 2.311924 0.028850 
42.194093 2.313499 0.029128 
42.016807 2.315090 0.029410 
41.841004 2.316697 0.029695 
41.666667 2.318320 0.029984 
41.493776 2.319959 0.030276 
41.322314 2.321614 0.030572 
41.152263 2.323287 0.030872 
40.983607 2.324976 0.031176 
40.816327 2.326683 0.031483 
40.650407 2.328406 0.031794 
40.485830 2.330148 0.032109 
40.322581 2.331907 0.032428 
40.160643 2.333684 0.032752 
40.000000 2.335480 0.033079 
39.840637 2.337294 0.033411 
39.682540 2.339127 0.033747 
39.525692 2.340979 0.034088 
39.370079 2.342850 0.034433 
39.215686 2.344741 0.034783 
39.062500 2.346652 0.035138 
38.910506 2.348583 0.035497 
38.759690 2.350534 0.035861 
38.610039 2.352506 0.036230 
38.461538 2.354499 0.036605 
38.314176 2.356514 0.036984 
38.167939 2.358549 0.037369 
38.022814 2.360607 0.037759 
37.878788 2.362687 0.038155 
37.735849 2.364790 0.038557 
37.593985 2.366915 0.038964 
37.453184 2.369064 0.039377 
37.313433 2.371236 0.039796 
37.174721 2.373432 0.040221 
37.037037 2.375653 0.040652 
36.900369 2.377898 0.041090 
36.764706 2.380168 0.041534 
36.630037 2.382463 0.041985 
36.496350 2.384784 0.042443 
36.363636 2.387131 0.042908 
36.231884 2.389505 0.043380 
36.101083 2.391906 0.043859 
35.971223 2.394335 0.044345 
35.842294 2.396791 0.044839 
35.714286 2.399275 0.045341 
35.587189 2.401789 0.045851 
35.460993 2.404331 0.046368 
35.335689 2.406903 0.046894 
35.211268 2.409506 0.047429 
35.087719 2.412139 0.047972 
34.965035 2.414803 0.048524 
34.843206 2.417499 0.049085 
34.722222 2.420227 0.049655 
34.602076 2.422988 0.050235 
34.482759 2.425782 0.050825 
34.364261 2.428610 0.051424 
34.246575 2.431472 0.052034 
34.129693 2.434370 0.052654 
34.013605 2.437303 0.053285 
33.898305 2.440273 0.053927 
33.783784 2.443280 0.054580 
33.670034 2.446324 0.055244 
33.557047 2.449406 0.055920 
33.444816 2.452528 0.056608 
33.333333 2.455689 0.057309 
33.222591 2.458890 0.058022 
33.112583 2.462133 0.058748 
33.003300 2.465417 0.059488 
32.894737 2.468744 0.060241 
32.786885 2.472115 0.061009 
32.679739 2.475529 0.061790 
32.573290 2.478989 0.062587 
32.467532 2.482495 0.063399 
32.362460 2.486048 0.064226 
32.258065 2.489649 0.065069 
32.154341 2.493298 0.065929 
32.051282 2.496997 0.066805 
31.948882 2.500746 0.067699 
31.847134 2.504547 0.068611 
31.746032 2.508401 0.069541 
31.645570 2.512309 0.070490 
31.545741 2.516271 0.071458 
31.446541 2.520289 0.072446 
31.347962 2.524365 0.073455 
31.250000 2.528498 0.074485 
31.152648 2.532692 0.075536 
31.055901 2.536945 0.076610 
30.959752 2.541261 0.077707 
30.864198 2.545641 0.078828 
30.769231 2.550085 0.079973 
30.674847 2.554595 0.081143 
30.581040 2.559173 0.082339 
30.487805 2.563820 0.083562 
30.395137 2.568537 0.084812 
30.303030 2.573326 0.086091 
30.211480 2.578190 0.087399 
30.120482 2.583129 0.088738 
30.030030 2.588145 0.090107 
29.940120 2.593240 0.091509 
29.850746 2.598415 0.092945 
29.761905 2.603674 0.094414 
29.673591 2.609017 0.095920 
29.585799 2.614447 0.097462 
29.498525 2.619965 0.099042 
29.411765 2.625575 0.100661 
29.325513 2.631277 0.102321 
29.239766 2.637075 0.104023 
29.154519 2.642971 0.105769 
29.069767 2.648967 0.107559 
28.985507 2.655065 0.109397 
28.901734 2.661269 0.111283 
28.818444 2.667580 0.113219 
28.735632 2.674003 0.115207 
28.653295 2.680539 0.117249 
28.571429 2.687192 0.119347 
28.490028 2.693964 0.121503 
28.409091 2.700859 0.123720 
28.328612 2.707881 0.125999 
28.248588 2.715032 0.128344 
28.169014 2.722316 0.130756 
28.089888 2.729737 0.133238 
28.011204 2.737298 0.135794 
27.932961 2.745004 0.138427 
27.855153 2.752859 0.141138 
27.777778 2.760866 0.143933 
27.700831 2.769031 0.146813 
27.624309 2.777357 0.149784 
27.548209 2.785850 0.152848 
27.472527 2.794514 0.156011 
27.397260 2.803355 0.159275 
27.322404 2.812378 0.162646 
27.247956 2.821588 0.166129 
27.173913 2.830991 0.169728 
27.100271 2.840593 0.173450 
27.027027 2.850400 0.177299 
26.954178 2.860418 0.181282 
26.881720 2.870655 0.185405 
26.809651 2.881116 0.189675 
26.737968 2.891810 0.194099 
26.666667 2.902744 0.198686 
26.595745 2.913925 0.203442 
26.525199 2.925362 0.208377 
26.455026 2.937064 0.213499 
26.385224 2.949038 0.218820 
26.315789 2.961294 0.224348 
26.246719 2.973841 0.230096 
26.178010 2.986690 0.236076 
26.109661 2.999851 0.242299 
26.041667 3.013334 0.248780 
25.974026 3.027151 0.255534 
25.906736 3.041313 0.262575 
25.839793 3.055832 0.269922 
25.773196 3.070720 0.277591 
25.706941 3.085991 0.285602 
25.641026 3.101658 0.293976 
25.575448 3.117735 0.302736 
25.510204 3.134236 0.311905 
25.445293 3.151176 0.321510 
25.380711 3.168571 0.331579 
25.316456 3.186436 0.342142 
25.252525 3.204787 0.353233 
25.188917 3.223641 0.364886 
25.125628 3.243016 0.377140 
25.062657 3.262928 0.390037 
25.000000 3.283394 0.403623 
24.937656 3.304433 0.417947 
24.875622 3.326062 0.433064 
24.813896 3.348299 0.449030 
24.752475 3.371159 0.465911 
24.691358 3.394660 0.483776 
24.630542 3.418817 0.502701 
24.570025 3.443643 0.522770 
24.509804 3.469150 0.544073 
24.449878 3.495347 0.566710 
24.390244 3.522242 0.590790 
24.330900 3.549834 0.616432 
24.271845 3.578122 0.643767 
24.213075 3.607094 0.672939 
24.154589 3.636732 0.704104 
24.096386 3.667007 0.737432 
24.038462 3.697878 0.773113 
23.980815 3.729286 0.811349 
23.923445 3.761154 0.852363 
23.866348 3.793383 0.896396 
23.809524 3.825843 0.943708 
23.752969 3.858370 0.994577 
23.696682 3.890758 1.049299 
23.640662 3.922754 1.108189 
23.584906 3.954041 1.171570 
23.529412 3.984237 1.239773 
23.474178 4.012876 1.313126 
23.419204 4.039402 1.391945 
23.364486 4.063152 1.476511 
23.310023 4.083351 1.567052 
23.255814 4.099101 1.663713 
23.201856 4.109380 1.766523 
23.148148 4.113052 1.875350 
23.094688 4.108881 1.989853 
23.041475 4.095571 2.109439 
22.988506 4.071821 2.233213 
22.935780 4.036395 2.359946 
22.883295 3.988226 2.488063 
22.831050 3.926521 2.615661 
22.779043 3.850872 2.740568 
22.727273 3.761353 2.860442 
22.675737 3.658580 2.972916 
22.624434 3.543723 3.075753 
22.573363 3.418461 3.167016 
22.522523 3.284869 3.245202 
22.471910 3.145278 3.309339 
22.421525 3.002104 3.359017 
22.371365 2.857691 3.394362 
22.321429 2.714174 3.415969 
22.271715 2.573388 3.424790 
22.222222 2.436823 3.422028 
22.172949 2.305607 3.409020 
22.123894 2.180533 3.387149 
22.075055 2.062093 3.357764 
22.026432 1.950529 3.322139 
21.978022 1.845886 3.281430 
21.929825 1.748055 3.236669 
21.881838 1.656817 3.188753 
21.834061 1.571882 3.138453 
21.786492 1.492911 3.086421 
21.739130 1.419541 3.033200 
21.691974 1.351400 2.979240 
21.645022 1.288121 2.924909 
21.598272 1.229346 2.870504 
21.551724 1.174734 2.816264 
21.505376 1.123964 2.762377 
21.459227 1.076734 2.708991 
21.413276 1.032766 2.656220 
21.367521 0.991801 2.604148 
21.321962 0.953604 2.552838 
21.276596 0.917957 2.502332 
21.231423 0.884660 2.452659 
21.186441 0.853533 2.403834 
21.141649 0.824409 2.355864 
21.097046 0.797138 2.308746 
21.052632 0.771582 2.262472 
21.008403 0.747616 2.217028 
20.964361 0.725125 2.172397 
20.920502 0.704005 2.128560 
20.876827 0.684162 2.085493 
20.833333 0.665509 2.043172 
20.790021 0.647967 2.001573 
20.746888 0.631465 1.960670 
20.703934 0.615937 1.920434 
20.661157 0.601323 1.880841 
20.618557 0.587570 1.841863 
20.576132 0.574628 1.803472 
20.533881 0.562452 1.765643 
20.491803 0.551001 1.728348 
20.449898 0.540238 1.691562 
20.408163 0.530130 1.655259 
20.366599 0.520646 1.619413 
20.325203 0.511759 1.584000 
20.283976 0.503446 1.548994 
20.242915 0.495684 1.514372 
20.202020 0.488455 1.480109 
20.161290 0.481741 1.446183 
20.120724 0.475530 1.412570 
20.080321 0.469809 1.379248 
20.040080 0.464569 1.346194 
20.000000 0.459804 1.313387 
19.960080 0.455508 1.280805 
19.920319 0.451680 1.248427 
19.880716 0.448319 1.216232 
19.841270 0.445428 1.184201 
19.801980 0.443013 1.152314 
19.762846 0.441083 1.120552 
19.723866 0.439648 1.088896 
19.685039 0.438723 1.057332 
19.646365 0.438326 1.025842 
19.607843 0.438479 0.994413 
19.569472 0.439207 0.963034 
19.531250 0.440540 0.931696 
19.493177 0.442513 0.900393 
19.455253 0.445164 0.869126 
19.417476 0.448537 0.837898 
19.379845 0.452680 0.806723 
19.342360 0.457644 0.775620 
19.305019 0.463485 0.744621 
19.267823 0.470257 0.713769 
19.230769 0.478017 0.683123 
19.193858 0.486815 0.652755 
19.157088 0.496694 0.622755 
19.120459 0.507683 0.593231 
19.083969 0.519794 0.564300 
19.047619 0.533012 0.536094 
19.011407 0.547299 0.508745 
18.975332 0.562583 0.482383 
18.939394 0.578768 0.457123 
18.903592 0.595731 0.433061 
18.867925 0.613334 0.410264 
18.832392 0.631431 0.388773 
18.796992 0.649873 0.368595 
18.761726 0.668523 0.349713 
18.726592 0.687254 0.332089 
18.691589 0.705955 0.315666 
18.656716 0.724533 0.300378 
18.621974 0.742914 0.286152 
18.587361 0.761038 0.272912 
18.552876 0.778859 0.260584 
18.518519 0.796344 0.249095 
18.484288 0.813470 0.238376 
18.450185 0.830221 0.228364 
18.416206 0.846589 0.219000 
18.382353 0.862570 0.210228 
18.348624 0.878166 0.202001 
18.315018 0.893378 0.194273 
18.281536 0.908215 0.187002 
18.248175 0.922681 0.180153 
18.214936 0.936788 0.173692 
18.181818 0.950543 0.167589 
18.148820 0.963957 0.161815 
18.115942 0.977040 0.156348 
18.083183 0.989803 0.151163 
18.050542 1.002256 0.146241 
18.018018 1.014409 0.141564 
17.985612 1.026273 0.137113 
17.953321 1.037857 0.132874 
17.921147 1.049171 0.128833 
17.889088 1.060225 0.124977 
17.857143 1.071026 0.121293 
17.825312 1.081585 0.117772 
17.793594 1.091909 0.114403 
17.761989 1.102006 0.111178 
17.730496 1.111885 0.108086 
17.699115 1.121552 0.105122 
17.667845 1.131015 0.102277 
17.636684 1.140281 0.099545 
17.605634 1.149356 0.096920 
17.574692 1.158246 0.094395 
17.543860 1.166958 0.091967 
17.513135 1.175497 0.089629 
17.482517 1.183869 0.087376 
17.452007 1.192079 0.085206 
17.421603 1.200132 0.083113 
17.391304 1.208034 0.081093 
17.361111 1.215789 0.079144 
17.331023 1.223401 0.077262 
17.301038 1.230875 0.075444 
17.271157 1.238214 0.073686 
17.241379 1.245424 0.071987 
17.211704 1.252508 0.070343 
17.182131 1.259469 0.068752 
17.152659 1.266311 0.067211 
17.123288 1.273037 0.065720 
17.094017 1.279652 0.064274 
17.064846 1.286157 0.062874 
17.035775 1.292556 0.061516 
17.006803 1.298852 0.060199 
16.977929 1.305048 0.058921 
16.949153 1.311147 0.057681 
16.920474 1.317150 0.056478 
16.891892 1.323062 0.055309 
16.863406 1.328883 0.054174 
16.835017 1.334617 0.053071 
16.806723 1.340266 0.051999 
16.778523 1.345831 0.050957 
16.750419 1.351316 0.049944 
16.722408 1.356722 0.048959 
16.694491 1.362052 0.048001 
16.666667 1.367306 0.047068 
16.638935 1.372487 0.046160 
16.611296 1.377598 0.045277 
16.583748 1.382639 0.044416 
16.556291 1.387612 0.043579 
16.528926 1.392518 0.042762 
16.501650 1.397361 0.041967 
16.474465 1.402140 0.041192 
16.447368 1.406858 0.040437 
16.420361 1.411516 0.039701 
16.393443 1.416116 0.038983 
16.366612 1.420658 0.038283 
16.339869 1.425144 0.037600 
16.313214 1.429575 0.036934 
16.286645 1.433953 0.036284 
16.260163 1.438279 0.035650 
16.233766 1.442554 0.035031 
16.207455 1.446779 0.034427 
16.181230 1.450955 0.033837 
16.155089 1.455084 0.033262 
16.129032 1.459166 0.032699 
16.103060 1.463202 0.032150 
16.077170 1.467194 0.031613 
16.051364 1.471142 0.031089 
16.025641 1.475047 0.030577 
16.000000 1.478910 0.030077 
15.974441 1.482733 0.029588 
15.948963 1.486516 0.029110 
15.923567 1.490259 0.028643 
15.898251 1.493964 0.028186 
15.873016 1.497632 0.027740 
15.847861 1.501263 0.027303 
15.822785 1.504858 0.026876 
15.797788 1.508417 0.026459 
15.772871 1.511942 0.026050 
15.748031 1.515434 0.025651 
15.723270 1.518892 0.025260 
15.698587 1.522318 0.024878 
15.673981 1.525711 0.024504 
15.649452 1.529074 0.024138 
15.625000 1.532407 0.023780 
15.600624 1.535709 0.023430 
15.576324 1.538982 0.023087 
15.552100 1.542227 0.022751 
15.527950 1.545443 0.022423 
15.503876 1.548632 0.022102 
15.479876 1.551793 0.021787 
15.455951 1.554929 0.021479 
15.432099 1.558038 0.021177 
15.408320 1.561122 0.020882 
15.384615 1.564181 0.020593 
15.360983 1.567215 0.020310 
15.337423 1.570226 0.020033 
15.313936 1.573213 0.019762 
15.290520 1.576176 0.019497 
15.267176 1.579118 0.019237 
15.243902 1.582037 0.018982 
15.220700 1.584934 0.018733 
15.197568 1.587811 0.018489 
15.174507 1.590666 0.018250 
15.151515 1.593501 0.018016 
15.128593 1.596316 0.017786 
15.105740 1.599111 0.017562 
15.082956 1.601886 0.017342 
15.060241 1.604643 0.017127 
15.037594 1.607382 0.016917 
15.015015 1.610102 0.016710 
14.992504 1.612804 0.016508 
14.970060 1.615489 0.016311 
14.947683 1.618156 0.016117 
14.925373 1.620807 0.015928 
14.903130 1.623442 0.015742 
14.880952 1.626060 0.015561 
14.858841 1.628662 0.015383 
14.836795 1.631249 0.015209 
14.814815 1.633821 0.015039 
14.792899 1.636377 0.014872 
14.771049 1.638919 0.014709 
14.749263 1.641447 0.014549 
14.727541 1.643961 0.014393 
14.705882 1.646461 0.014240 
14.684288 1.648947 0.014091 
14.662757 1.651421 0.013945 
14.641288 1.653881 0.013802 
14.619883 1.656328 0.013662 
14.598540 1.658764 0.013526 
14.577259 1.661187 0.013392 
14.556041 1.663598 0.013261 
14.534884 1.665997 0.013134 
14.513788 1.668385 0.013009 
14.492754 1.670762 0.012887 
14.471780 1.673128 0.012768 
14.450867 1.675483 0.012652 
14.430014 1.677828 0.012538 
14.409222 1.680162 0.012427 
14.388489 1.682487 0.012319 
14.367816 1.684801 0.012214 
14.347202 1.687106 0.012111 
14.326648 1.689402 0.012010 
14.306152 1.691688 0.011912 
14.285714 1.693966 0.011817 
14.265335 1.696234 0.011724 
14.245014 1.698494 0.011633 
14.224751 1.700746 0.011545 
14.204545 1.702990 0.011459 
14.184397 1.705225 0.011375 
14.164306 1.707453 0.011294 
14.144272 1.709673 0.011215 
14.124294 1.711886 0.011138 
14.104372 1.714092 0.011063 
14.084507 1.716291 0.010991 
14.064698 1.718482 0.010921 
14.044944 1.720667 0.010853 
14.025245 1.722846 0.010786 
14.005602 1.725018 0.010722 
13.986014 1.727184 0.010660 
13.966480 1.729345 0.010601 
13.947001 1.731499 0.010543 
13.927577 1.733648 0.010487 
13.908206 1.735791 0.010433 
13.888889 1.737929 0.010381 
13.869626 1.740062 0.010331 
13.850416 1.742190 0.010283 
13.831259 1.744313 0.010236 
13.812155 1.746431 0.010192 
13.793103 1.748545 0.010150 
13.774105 1.750655 0.010109 
13.755158 1.752760 0.010070 
13.736264 1.754861 0.010033 
13.717421 1.756959 0.009998 
13.698630 1.759053 0.009965 
13.679891 1.761143 0.009933 
13.661202 1.763229 0.009903 
13.642565 1.765313 0.009875 
13.623978 1.767393 0.009849 
13.605442 1.769470 0.009824 
13.586957 1.771545 0.009801 
13.568521 1.773617 0.009780 
13.550136 1.775686 0.009761 
13.531800 1.777752 0.009743 
13.513514 1.779817 0.009727 
13.495277 1.781879 0.009712 
13.477089 1.783939 0.009700 
13.458950 1.785998 0.009688 
13.440860 1.788055 0.009679 
13.422819 1.790110 0.009671 
13.404826 1.792163 0.009665 
13.386881 1.794216 0.009660 
13.368984 1.796267 0.009658 
13.351135 1.798317 0.009656 
13.333333 1.800366 0.009657 
13.315579 1.802415 0.009659 
13.297872 1.804462 0.009662 
13.280212 1.806510 0.009667 
13.262599 1.808556 0.009674 
13.245033 1.810603 0.009682 
13.227513 1.812650 0.009692 
13.210040 1.814696 0.009704 
13.192612 1.816743 0.009717 
13.175231 1.818790 0.009732 
13.157895 1.820837 0.009748 
13.140604 1.822885 0.009766 
13.123360 1.824933 0.009786 
13.106160 1.826983 0.009807 
13.089005 1.829033 0.009829 
13.071895 1.831084 0.009854 
13.054830 1.833137 0.009880 
13.037810 1.835190 0.009907 
13.020833 1.837246 0.009936 
13.003901 1.839302 0.009967 
12.987013 1.841361 0.009999 
12.970169 1.843421 0.010033 
12.953368 1.845484 0.010069 
12.936611 1.847548 0.010106 
12.919897 1.849615 0.010145 
12.903226 1.851684 0.010185 
12.886598 1.853755 0.010227 
12.870013 1.855829 0.010271 
12.853470 1.857906 0.010316 
12.836970 1.859986 0.010363 
12.820513 1.862068 0.010411 
12.804097 1.864154 0.010462 
12.787724 1.866243 0.010514 
12.771392 1.868336 0.010567 
12.755102 1.870432 0.010622 
12.738854 1.872532 0.010679 
12.722646 1.874635 0.010738 
12.706480 1.876743 0.010799 
12.690355 1.878854 0.010861 
12.674271 1.880970 0.010925 
12.658228 1.883090 0.010990 
12.642225 1.885215 0.011057 
12.626263 1.887344 0.011127 
12.610340 1.889478 0.011197 
12.594458 1.891617 0.011270 
12.578616 1.893760 0.011345 
12.562814 1.895910 0.011421 
12.547051 1.898064 0.011499 
12.531328 1.900224 0.011579 
12.515645 1.902389 0.011661 
12.500000 1.904560 0.011745 
12.484395 1.906737 0.011830 
12.468828 1.908921 0.011918 
12.453300 1.911110 0.012007 
12.437811 1.913305 0.012099 
12.422360 1.915508 0.012192 
12.406948 1.917716 0.012287 
12.391574 1.919932 0.012384 
12.376238 1.922154 0.012484 
12.360939 1.924384 0.012585 
12.345679 1.926621 0.012689 
12.330456 1.928865 0.012794 
12.315271 1.931116 0.012902 
12.300123 1.933376 0.013011 
12.285012 1.935643 0.013123 
12.269939 1.937918 0.013237 
12.254902 1.940202 0.013353 
12.239902 1.942494 0.013472 
12.224939 1.944794 0.013592 
12.210012 1.947103 0.013715 
12.195122 1.949421 0.013840 
12.180268 1.951748 0.013968 
12.165450 1.954084 0.014098 
12.150668 1.956429 0.014230 
12.135922 1.958784 0.014364 
12.121212 1.961149 0.014501 
12.106538 1.963524 0.014641 
12.091898 1.965909 0.014783 
12.077295 1.968304 0.014927 
12.062726 1.970709 0.015074 
12.048193 1.973125 0.015224 
12.033694 1.975552 0.015376 
12.019231 1.977990 0.015531 
12.004802 1.980439 0.015688 
11.990408 1.982900 0.015849 
11.976048 1.985372 0.016012 
11.961722 1.987856 0.016178 
11.947431 1.990352 0.016346 
11.933174 1.992860 0.016518 
11.918951 1.995381 0.016692 
11.904762 1.997914 0.016870 
11.890606 2.000460 0.017050 
11.876485 2.003019 0.017234 
11.862396 2.005592 0.017420 
11.848341 2.008178 0.017610 
11.834320 2.010777 0.017803 
11.820331 2.013391 0.017999 
11.806375 2.016019 0.018199 
11.792453 2.018661 0.018402 
11.778563 2.021318 0.018608 
11.764706 2.023990 0.018818 
11.750881 2.026677 0.019031 
11.737089 2.029379 0.019247 
11.723329 2.032097 0.019468 
11.709602 2.034831 0.019692 
11.695906 2.037581 0.019920 
11.682243 2.040347 0.020151 
11.668611 2.043130 0.020386 
11.655012 2.045930 0.020626 
11.641444 2.048747 0.020869 
11.627907 2.051582 0.021116 
11.614402 2.054435 0.021368 
11.600928 2.057305 0.021624 
11.587486 2.060194 0.021883 
11.574074 2.063102 0.022148 
11.560694 2.066029 0.022416 
11.547344 2.068975 0.022690 
11.534025 2.071940 0.022967 
11.520737 2.074925 0.023250 
11.507480 2.077931 0.023537 
11.494253 2.080957 0.023829 
11.481056 2.084004 0.024126 
11.467890 2.087072 0.024428 
11.454754 2.090162 0.024735 
11.441648 2.093273 0.025047 
11.428571 2.096407 0.025365 
11.415525 2.099564 0.025687 
11.402509 2.102743 0.026016 
11.389522 2.105946 0.026350 
11.376564 2.109172 0.026690 
11.363636 2.112423 0.027035 
11.350738 2.115698 0.027387 
11.337868 2.118998 0.027744 
11.325028 2.122324 0.028108 
11.312217 2.125675 0.028478 
11.299435 2.129052 0.028854 
11.286682 2.132456 0.029237 
11.273957 2.135887 0.029627 
11.261261 2.139345 0.030023 
11.248594 2.142831 0.030427 
11.235955 2.146346 0.030837 
11.223345 2.149889 0.031255 
11.210762 2.153462 0.031680 
11.198208 2.157065 0.032113 
11.185682 2.160698 0.032554 
11.173184 2.164362 0.033002 
11.160714 2.168057 0.033458 
11.148272 2.171784 0.033923 
11.135857 2.175544 0.034396 
11.123471 2.179336 0.034878 
11.111111 2.183162 0.035368 
11.098779 2.187023 0.035868 
11.086475 2.190917 0.036376 
11.074197 2.194848 0.036894 
11.061947 2.198814 0.037422 
11.049724 2.202817 0.037959 
11.037528 2.206857 0.038507 
11.025358 2.210934 0.039064 
11.013216 2.215051 0.039633 
11.001100 2.219206 0.040212 
10.989011 2.223402 0.040802 
10.976948 2.227638 0.041403 
10.964912 2.231915 0.042016 
10.952903 2.236234 0.042640 
10.940919 2.240596 0.043277 
10.928962 2.245002 0.043926 
10.917031 2.249452 0.044588 
10.905125 2.253948 0.045263 
10.893246 2.258489 0.045951 
10.881393 2.263077 0.046652 
10.869565 2.267713 0.047368 
10.857763 2.272398 0.048098 
10.845987 2.277132 0.048843 
10.834236 2.281917 0.049603 
10.822511 2.286753 0.050379 
10.810811 2.291641 0.051170 
10.799136 2.296583 0.051978 
10.787487 2.301579 0.052802 
10.775862 2.306631 0.053643 
10.764263 2.311739 0.054503 
10.752688 2.316905 0.055380 
10.741139 2.322130 0.056276 
10.729614 2.327414 0.057191 
10.718114 2.332760 0.058126 
10.706638 2.338168 0.059080 
10.695187 2.343639 0.060056 
10.683761 2.349176 0.061053 
10.672359 2.354778 0.062071 
10.660981 2.360448 0.063113 
10.649627 2.366187 0.064177 
10.638298 2.371996 0.065266 
10.626993 2.377877 0.066379 
10.615711 2.383831 0.067517 
10.604454 2.389860 0.068681 
10.593220 2.395965 0.069872 
10.582011 2.402149 0.071091 
10.570825 2.408412 0.072338 
10.559662 2.414756 0.073614 
10.548523 2.421183 0.074920 
10.537408 2.427695 0.076258 
10.526316 2.434295 0.077628 
10.515247 2.440982 0.079031 
10.504202 2.447761 0.080468 
10.493179 2.454632 0.081940 
10.482180 2.461597 0.083448 
10.471204 2.468660 0.084995 
10.460251 2.475822 0.086580 
10.449321 2.483085 0.088205 
10.438413 2.490451 0.089871 
10.427529 2.497924 0.091581 
10.416667 2.505506 0.093334 
10.405827 2.513198 0.095133 
10.395010 2.521005 0.096980 
10.384216 2.528928 0.098876 
10.373444 2.536970 0.100822 
10.362694 2.545134 0.102821 
10.351967 2.553424 0.104874 
10.341262 2.561842 0.106984 
10.330579 2.570391 0.109152 
10.319917 2.579075 0.111380 
10.309278 2.587898 0.113672 
10.298661 2.596861 0.116028 
10.288066 2.605970 0.118452 
10.277492 2.615228 0.120946 
10.266940 2.624639 0.123513 
10.256410 2.634207 0.126156 
10.245902 2.643935 0.128878 
10.235415 2.653829 0.131681 
10.224949 2.663893 0.134569 
10.214505 2.674130 0.137546 
10.204082 2.684547 0.140615 
10.193680 2.695147 0.143780 
10.183299 2.705936 0.147045 
10.172940 2.716919 0.150414 
10.162602 2.728102 0.153891 
10.152284 2.739489 0.157482 
10.141988 2.751088 0.161191 
10.131712 2.762904 0.165023 
10.121457 2.774943 0.168985 
10.111223 2.787211 0.173081 
10.101010 2.799716 0.177318 
10.090817 2.812465 0.181702 
10.080645 2.825464 0.186240 
10.070493 2.838721 0.190940 
10.060362 2.852244 0.195809 
10.050251 2.866041 0.200855 
10.040161 2.880120 0.206088 
10.030090 2.894490 0.211515 
10.020040 2.909161 0.217147 
10.010010 2.924140 0.222995 
10.000000 2.939438 0.229069 
9.990010 2.955066 0.235380 
9.980040 2.971033 0.241943 
9.970090 2.987350 0.248769 
9.960159 3.004028 0.255873 
9.950249 3.021080 0.263270 
9.940358 3.038516 0.270977 
9.930487 3.056350 0.279011 
9.920635 3.074594 0.287390 
9.910803 3.093261 0.296134 
9.900990 3.112366 0.305264 
9.891197 3.131923 0.314804 
9.881423 3.151945 0.324778 
9.871668 3.172449 0.335212 
9.861933 3.193449 0.346135 
9.852217 3.214961 0.357576 
9.842520 3.237002 0.369570 
9.832842 3.259588 0.382150 
9.823183 3.282736 0.395356 
9.813543 3.306463 0.409229 
9.803922 3.330786 0.423813 
9.794319 3.355722 0.439157 
9.784736 3.381289 0.455313 
9.775171 3.407502 0.472337 
9.765625 3.434379 0.490290 
9.756098 3.461935 0.509240 
9.746589 3.490184 0.529259 
9.737098 3.519141 0.550424 
9.727626 3.548815 0.572822 
9.718173 3.579218 0.596545 
9.708738 3.610354 0.621695 
9.699321 3.642227 0.648380 
9.689922 3.674834 0.676720 
9.680542 3.708168 0.706846 
9.671180 3.742215 0.738898 
9.661836 3.776949 0.773030 
9.652510 3.812339 0.809407 
9.643202 3.848338 0.848212 
9.633911 3.884884 0.889637 
9.624639 3.921896 0.933894 
9.615385 3.959274 0.981207 
9.606148 3.996888 1.031819 
9.596929 4.034579 1.085985 
9.587728 4.072150 1.143974 
9.578544 4.109361 1.206069 
9.569378 4.145921 1.272559 
9.560229 4.181481 1.343738 
9.551098 4.215625 1.419893 
9.541985 4.247861 1.501300 
9.532888 4.277613 1.588206 
9.523810 4.304213 1.680816 
9.514748 4.326899 1.779269 
9.505703 4.344810 1.883614 
9.496676 4.356993 1.993781 
9.487666 4.362414 2.109546 
9.478673 4.359980 2.230498 
9.469697 4.348575 2.356005 
9.460738 4.327107 2.485187 
9.451796 4.294568 2.616896 
9.442871 4.250113 2.749721 
9.433962 4.193129 2.882006 
9.425071 4.123321 3.011905 
9.416196 4.040768 3.137453 
9.407338 3.945969 3.256672 
9.398496 3.839841 3.367679 
9.389671 3.723697 3.468805 
9.380863 3.599170 3.558693 
9.372071 3.468118 3.636369 
9.363296 3.332514 3.701279 
9.354537 3.194328 3.753290 
9.345794 3.055426 3.792648 
9.337068 2.917492 3.819922 
9.328358 2.781973 3.835930 
9.319664 2.650053 3.841655 
9.310987 2.522652 3.838178 
9.302326 2.400441 3.826613 
9.293680 2.283865 3.808055 
9.285051 2.173177 3.783549 
9.276438 2.068475 3.754060 
9.267841 1.969732 3.720465 
9.259259 1.876823 3.683543 
9.250694 1.789560 3.643981 
9.242144 1.707704 3.602373 
9.233610 1.630987 3.559226 
9.225092 1.559124 3.514976 
9.216590 1.491823 3.469986 
9.208103 1.428796 3.424562 
9.199632 1.369760 3.378956 
9.191176 1.314442 3.333379 
9.182736 1.262583 3.288000 
9.174312 1.213937 3.242956 
9.165903 1.168276 3.198360 
9.157509 1.125384 3.154298 
9.149131 1.085062 3.110839 
9.140768 1.047124 3.068035 
9.132420 1.011400 3.025925 
9.124088 0.977730 2.984536 
9.115770 0.945970 2.943888 
9.107468 0.915984 2.903991 
9.099181 0.887648 2.864851 
9.090909 0.860848 2.826466 
9.082652 0.835478 2.788833 
9.074410 0.811443 2.751944 
9.066183 0.788652 2.715790 
9.057971 0.767023 2.680358 
9.049774 0.746481 2.645634 
9.041591 0.726955 2.611603 
9.033424 0.708381 2.578251 
9.025271 0.690698 2.545560 
9.017133 0.673852 2.513513 
9.009009 0.657792 2.482094 
9.000900 0.642470 2.451285 
8.992806 0.627842 2.421070 
8.984726 0.613869 2.391430 
8.976661 0.600511 2.362351 
8.968610 0.587734 2.333814 
8.960573 0.575505 2.305805 
8.952551 0.563795 2.278306 
8.944544 0.552574 2.251302 
8.936550 0.541817 2.224780 
8.928571 0.531499 2.198722 
8.920607 0.521597 2.173117 
8.912656 0.512090 2.147948 
8.904720 0.502957 2.123204 
8.896797 0.494180 2.098871 
8.888889 0.485742 2.074936 
8.880995 0.477625 2.051387 
8.873114 0.469815 2.028213 
8.865248 0.462298 2.005401 
8.857396 0.455059 1.982941 
8.849558 0.448085 1.960822 
8.841733 0.441366 1.939033 
8.833922 0.434889 1.917565 
8.826125 0.428645 1.896408 
8.818342 0.422622 1.875552 
8.810573 0.416812 1.854989 
8.802817 0.411205 1.834709 
8.795075 0.405794 1.814705 
8.787346 0.400571 1.794967 
8.779631 0.395527 1.775488 
8.771930 0.390657 1.756261 
8.764242 0.385953 1.737277 
8.756567 0.381408 1.718530 
8.748906 0.377018 1.700013 
8.741259 0.372776 1.681718 
8.733624 0.368678 1.663640 
8.726003 0.364717 1.645772 
8.718396 0.360890 1.628108 
8.710801 0.357191 1.610641 
8.703220 0.353617 1.593367 
8.695652 0.350164 1.576279 
8.688097 0.346827 1.559372 
8.680556 0.343603 1.542641 
8.673027 0.340488 1.526081 
8.665511 0.337480 1.509686 
8.658009 0.334575 1.493451 
8.650519 0.331770 1.477373 
8.643042 0.329062 1.461446 
8.635579 0.326450 1.445666 
8.628128 0.323930 1.430029 
8.620690 0.321500 1.414529 
8.613264 0.319158 1.399164 
8.605852 0.316901 1.383929 
8.598452 0.314729 1.368820 
8.591065 0.312639 1.353834 
8.583691 0.310628 1.338966 
8.576329 0.308697 1.324212 
8.568980 0.306843 1.309570 
8.561644 0.305064 1.295036 
8.554320 0.303360 1.280606 
8.547009 0.301729 1.266277 
8.539710 0.300171 1.252045 
8.532423 0.298683 1.237908 
8.525149 0.297266 1.223862 
8.517888 0.295918 1.209904 
8.510638 0.294639 1.196032 
8.503401 0.293427 1.182241 
8.496177 0.292283 1.168529 
8.488964 0.291206 1.154894 
8.481764 0.290195 1.141332 
8.474576 0.289250 1.127840 
8.467401 0.288371 1.114417 
8.460237 0.287558 1.101058 
8.453085 0.286811 1.087762 
8.445946 0.286129 1.074526 
8.438819 0.285513 1.061347 
8.431703 0.284964 1.048222 
8.424600 0.284480 1.035150 
8.417508 0.284063 1.022127 
8.410429 0.283714 1.009151 
8.403361 0.283432 0.996220 
8.396306 0.283218 0.983332 
8.389262 0.283074 0.970483 
8.382230 0.283001 0.957673 
8.375209 0.282998 0.944897 
8.368201 0.283068 0.932155 
8.361204 0.283211 0.919444 
8.354219 0.283430 0.906762 
8.347245 0.283725 0.894107 
8.340284 0.284099 0.881476 
8.333333 0.284553 0.868869 
8.326395 0.285089 0.856282 
8.319468 0.285709 0.843713 
8.312552 0.286416 0.831163 
8.305648 0.287212 0.818627 
8.298755 0.288100 0.806106 
8.291874 0.289083 0.793597 
8.285004 0.290163 0.781098 
8.278146 0.291345 0.768610 
8.271299 0.292632 0.756130 
8.264463 0.294027 0.743658 
8.257638 0.295534 0.731193 
8.250825 0.297158 0.718734 
8.244023 0.298904 0.706282 
8.237232 0.300775 0.693836 
8.230453 0.302777 0.681397 
8.223684 0.304916 0.668965 
8.216927 0.307196 0.656541 
8.210181 0.309624 0.644127 
8.203445 0.312206 0.631726 
8.196721 0.314947 0.619339 
8.190008 0.317853 0.606970 
8.183306 0.320933 0.594623 
8.176615 0.324191 0.582302 
8.169935 0.327634 0.570012 
8.163265 0.331269 0.557761 
8.156607 0.335103 0.545555 
8.149959 0.339141 0.533402 
8.143322 0.343388 0.521312 
8.136697 0.347850 0.509293 
8.130081 0.352531 0.497358 
8.123477 0.357435 0.485518 
8.116883 0.362564 0.473787 
8.110300 0.367920 0.462176 
8.103728 0.373502 0.450702 
8.097166 0.379308 0.439378 
8.090615 0.385337 0.428220 
8.084074 0.391581 0.417242 
8.077544 0.398036 0.406460 
8.071025 0.404692 0.395888 
8.064516 0.411538 0.385539 
8.058018 0.418565 0.375426 
8.051530 0.425757 0.365561 
8.045052 0.433100 0.355952 
8.038585 0.440580 0.346609 
8.032129 0.448180 0.337536 
8.025682 0.455883 0.328740 
8.019246 0.463673 0.320222 
8.012821 0.471534 0.311984 
8.006405 0.479448 0.304024 
8.000000 0.487400 0.296341 
7.993605 0.495376 0.288930 
7.987220 0.503362 0.281788 
7.980846 0.511344 0.274907 
7.974482 0.519310 0.268281 
7.968127 0.527250 0.261904 
7.961783 0.535154 0.255766 
7.955449 0.543013 0.249859 
7.949126 0.550820 0.244176 
7.942812 0.558566 0.238706 
7.936508 0.566248 0.233443 
7.930214 0.573859 0.228376 
7.923930 0.581395 0.223498 
7.917656 0.588853 0.218800 
7.911392 0.596229 0.214275 
7.905138 0.603522 0.209914 
7.898894 0.610730 0.205710 
7.892660 0.617850 0.201655 
7.886435 0.624883 0.197744 
7.880221 0.631827 0.193968 
7.874016 0.638682 0.190323 
7.867821 0.645448 0.186801 
7.861635 0.652125 0.183397 
7.855460 0.658714 0.180106 
7.849294 0.665215 0.176923 
7.843137 0.671629 0.173842 
7.836991 0.677956 0.170859 
7.830854 0.684197 0.167970 
7.824726 0.690354 0.165171 
7.818608 0.696428 0.162457 
7.812500 0.702419 0.159825 
7.806401 0.708329 0.157271 
7.800312 0.714159 0.154792 
7.794232 0.719910 0.152384 
7.788162 0.725584 0.150046 
7.782101 0.731181 0.147773 
7.776050 0.736704 0.145564 
7.770008 0.742153 0.143415 
7.763975 0.747529 0.141325 
7.757952 0.752835 0.139290 
7.751938 0.758070 0.137309 
7.745933 0.763237 0.135380 
7.739938 0.768337 0.133500 
7.733952 0.773371 0.131668 
7.727975 0.778339 0.129882 
7.722008 0.783244 0.128140 
7.716049 0.788087 0.126441 
7.710100 0.792868 0.124784 
7.704160 0.797589 0.123165 
7.698229 0.802251 0.121585 
7.692308 0.806855 0.120042 
7.686395 0.811402 0.118535 
7.680492 0.815893 0.117062 
7.674597 0.820329 0.115622 
7.668712 0.824711 0.114214 
7.662835 0.829041 0.112837 
7.656968 0.833319 0.111491 
7.651109 0.837545 0.110174 
7.645260 0.841722 0.108884 
7.639419 0.845850 0.107622 
7.633588 0.849929 0.106387 
7.627765 0.853961 0.105177 
7.621951 0.857947 0.103991 
7.616146 0.861887 0.102830 
7.610350 0.865782 0.101692 
7.604563 0.869633 0.100577 
7.598784 0.873440 0.099484 
7.593014 0.877205 0.098412 
7.587253 0.880929 0.097361 
7.581501 0.884611 0.096330 
7.575758 0.888253 0.095318 
7.570023 0.891855 0.094326 
7.564297 0.895418 0.093352 
7.558579 0.898943 0.092396 
7.552870 0.902430 0.091457 
7.547170 0.905880 0.090536 
7.541478 0.909294 0.089631 
7.535795 0.912672 0.088742 
7.530120 0.916014 0.087869 
7.524454 0.919322 0.087011 
7.518797 0.922596 0.086168 
7.513148 0.925836 0.085339 
7.507508 0.929043 0.084525 
7.501875 0.932217 0.083724 
7.496252 0.935360 0.082937 
7.490637 0.938471 0.082163 
7.485030 0.941551 0.081402 
7.479432 0.944601 0.080653 
7.473842 0.947621 0.079917 
7.468260 0.950611 0.079192 
7.462687 0.953572 0.078479 
7.457122 0.956504 0.077777 
7.451565 0.959408 0.077087 
7.446016 0.962284 0.076407 
7.440476 0.965133 0.075738 
7.434944 0.967955 0.075079 
7.429421 0.970751 0.074430 
7.423905 0.973520 0.073791 
7.418398 0.976263 0.073162 
7.412898 0.978981 0.072542 
7.407407 0.981674 0.071931 
7.401925 0.984343 0.071330 
7.396450 0.986987 0.070737 
7.390983 0.989607 0.070153 
7.385524 0.992203 0.069577 
7.380074 0.994776 0.069010 
7.374631 0.997326 0.068451 
7.369197 0.999854 0.067899 
7.363770 1.002359 0.067356 
7.358352 1.004842 0.066820 
7.352941 1.007303 0.066291 
7.347539 1.009743 0.065770 
7.342144 1.012162 0.065256 
7.336757 1.014560 0.064749 
7.331378 1.016937 0.064249 
7.326007 1.019294 0.063756 
7.320644 1.021631 0.063269 
7.315289 1.023948 0.062789 
7.309942 1.026246 0.062315 
7.304602 1.028525 0.061848 
7.299270 1.030784 0.061386 
7.293946 1.033025 0.060931 
7.288630 1.035248 0.060481 
7.283321 1.037452 0.060037 
7.278020 1.039638 0.059599 
7.272727 1.041806 0.059166 
7.267442 1.043957 0.058739 
7.262164 1.046090 0.058317 
7.256894 1.048207 0.057901 
7.251632 1.050306 0.057490 
7.246377 1.052389 0.057083 
7.241130 1.054455 0.056682 
7.235890 1.056505 0.056286 
7.230658 1.058538 0.055894 
7.225434 1.060556 0.055507 
7.220217 1.062559 0.055125 
7.215007 1.064545 0.054748 
7.209805 1.066517 0.054374 
7.204611 1.068473 0.054006 
7.199424 1.070414 0.053641 
7.194245 1.072341 0.053281 
7.189073 1.074253 0.052925 
7.183908 1.076150 0.052574 
7.178751 1.078033 0.052226 
7.173601 1.079902 0.051882 
7.168459 1.081758 0.051542 
7.163324 1.083599 0.051206 
7.158196 1.085427 0.050874 
7.153076 1.087241 0.050546 
7.147963 1.089042 0.050221 
7.142857 1.090830 0.049900 
7.137759 1.092605 0.049582 
7.132668 1.094367 0.049268 
7.127584 1.096117 0.048957 
7.122507 1.097854 0.048650 
7.117438 1.099578 0.048346 
7.112376 1.101290 0.048045 
7.107321 1.102990 0.047748 
7.102273 1.104678 0.047454 
7.097232 1.106354 0.047163 
7.092199 1.108018 0.046875 
7.087172 1.109671 0.046590 
7.082153 1.111312 0.046308 
7.077141 1.112942 0.046029 
7.072136 1.114560 0.045753 
7.067138 1.116168 0.045479 
7.062147 1.117764 0.045209 
7.057163 1.119350 0.044941 
7.052186 1.120924 0.044676 
7.047216 1.122488 0.044414 
7.042254 1.124042 0.044154 
7.037298 1.125585 0.043897 
7.032349 1.127117 0.043643 
7.027407 1.128640 0.043391 
7.022472 1.130152 0.043142 
7.017544 1.131654 0.042895 
7.012623 1.133147 0.042651 
7.007708 1.134629 0.042409 
7.002801 1.136102 0.042169 
6.997901 1.137565 0.041932 
6.993007 1.139019 0.041697 
6.988120 1.140463 0.041464 
6.983240 1.141898 0.041233 
6.978367 1.143324 0.041005 
6.973501 1.144740 0.040779 
6.968641 1.146147 0.040555 
6.963788 1.147546 0.040333 
6.958942 1.148936 0.040113 
6.954103 1.150316 0.039896 
6.949270 1.151688 0.039680 
6.944444 1.153052 0.039466 
6.939625 1.154407 0.039255 
6.934813 1.155753 0.039045 
6.930007 1.157091 0.038837 
6.925208 1.158421 0.038631 
6.920415 1.159742 0.038427 
6.915629 1.161056 0.038225 
6.910850 1.162361 0.038025 
6.906077 1.163659 0.037826 
6.901311 1.164948 0.037630 
6.896552 1.166230 0.037435 
6.891799 1.167503 0.037242 
6.887052 1.168770 0.037050 
6.882312 1.170028 0.036860 
6.877579 1.171279 0.036672 
6.872852 1.172523 0.036486 
6.868132 1.173759 0.036301 
6.863418 1.174987 0.036118 
6.858711 1.176209 0.035936 
6.854010 1.177423 0.035756 
6.849315 1.178630 0.035577 
6.844627 1.179830 0.035401 
6.839945 1.181023 0.035225 
6.835270 1.182209 0.035051 
6.830601 1.183388 0.034879 
6.825939 1.184561 0.034708 
6.821282 1.185726 0.034538 
6.816633 1.186885 0.034370 
6.811989 1.188037 0.034203 
6.807352 1.189183 0.034038 
6.802721 1.190322 0.033874 
6.798097 1.191454 0.033711 
6.793478 1.192580 0.033550 
6.788866 1.193700 0.033390 
6.784261 1.194814 0.033232 
6.779661 1.195921 0.033074 
6.775068 1.197022 0.032918 
6.770481 1.198117 0.032763 
6.765900 1.199205 0.032610 
6.761325 1.200288 0.032458 
6.756757 1.201365 0.032307 
6.752194 1.202436 0.032157 
6.747638 1.203501 0.032008 
6.743088 1.204560 0.031861 
6.738544 1.205613 0.031714 
6.734007 1.206660 0.031569 
6.729475 1.207702 0.031425 
6.724950 1.208738 0.031282 
6.720430 1.209769 0.031141 
6.715917 1.210794 0.031000 
6.711409 1.211813 0.030860 
6.706908 1.212827 0.030722 
6.702413 1.213836 0.030585 
6.697924 1.214839 0.030448 
6.693440 1.215837 0.030313 
6.688963 1.216829 0.030179 
6.684492 1.217817 0.030046 
6.680027 1.218799 0.029913 
6.675567 1.219776 0.029782 
6.671114 1.220748 0.029652 
6.666667 1.221714 0.029523 
6.662225 1.222676 0.029394 
6.657790 1.223633 0.029267 
6.653360 1.224585 0.029141 
6.648936 1.225531 0.029015 
6.644518 1.226473 0.028891 
6.640106 1.227410 0.028767 
6.635700 1.228343 0.028645 
6.631300 1.229270 0.028523 
6.626905 1.230193 0.028402 
6.622517 1.231111 0.028282 
6.618134 1.232025 0.028163 
6.613757 1.232933 0.028045 
6.609385 1.233838 0.027927 
6.605020 1.234737 0.027811 
6.600660 1.235632 0.027695 
6.596306 1.236523 0.027580 
6.591958 1.237409 0.027466 
6.587615 1.238291 0.027353 
6.583278 1.239169 0.027241 
6.578947 1.240042 0.027129 
6.574622 1.240910 0.027018 
6.570302 1.241775 0.026908 
6.565988 1.242635 0.026799 
6.561680 1.243491 0.026690 
6.557377 1.244343 0.026582 
6.553080 1.245191 0.026475 
6.548788 1.246034 0.026369 
6.544503 1.246873 0.026264 
6.540222 1.247709 0.026159 
6.535948 1.248540 0.026055 
6.531679 1.249367 0.025951 
6.527415 1.250191 0.025849 
6.523157 1.251010 0.025747 
6.518905 1.251826 0.025645 
6.514658 1.252637 0.025545 
6.510417 1.253445 0.025445 
6.506181 1.254249 0.025346 
6.501951 1.255049 0.025247 
6.497726 1.255845 0.025149 
6.493506 1.256638 0.025052 
6.489293 1.257427 0.024955 
6.485084 1.258212 0.024859 
6.480881 1.258993 0.024764 
6.476684 1.259771 0.024669 
6.472492 1.260545 0.024575 
6.468305 1.261316 0.024482 
6.464124 1.262083 0.024389 
6.459948 1.262846 0.024297 
6.455778 1.263606 0.024205 
6.451613 1.264363 0.024114 
6.447453 1.265116 0.024024 
6.443299 1.265865 0.023934 
6.439150 1.266611 0.023845 
6.435006 1.267354 0.023756 
6.430868 1.268093 0.023668 
6.426735 1.268829 0.023580 
6.422608 1.269562 0.023493 
6.418485 1.270291 0.023407 
6.414368 1.271017 0.023321 
6.410256 1.271740 0.023236 
6.406150 1.272460 0.023151 
6.402049 1.273176 0.023067 
6.397953 1.273889 0.022983 
6.393862 1.274599 0.022900 
6.389776 1.275306 0.022817 
6.385696 1.276010 0.022735 
6.381621 1.276710 0.022653 
6.377551 1.277408 0.022572 
6.373486 1.278102 0.022491 
6.369427 1.278793 0.022411 
6.365372 1.279482 0.022332 
6.361323 1.280167 0.022252 
6.357279 1.280849 0.022174 
6.353240 1.281529 0.022095 
6.349206 1.282205 0.022018 
6.345178 1.282879 0.021941 
6.341154 1.283549 0.021864 
6.337136 1.284217 0.021787 
6.333122 1.284882 0.021712 
6.329114 1.285543 0.021636 
6.325111 1.286203 0.021561 
6.321113 1.286859 0.021487 
6.317119 1.287512 0.021413 
6.313131 1.288163 0.021339 
6.309148 1.288811 0.021266 
6.305170 1.289456 0.021193 
6.301197 1.290099 0.021121 
6.297229 1.290738 0.021049 
6.293266 1.291375 0.020977 
6.289308 1.292010 0.020906 
6.285355 1.292641 0.020836 
6.281407 1.293270 0.020766 
6.277464 1.293897 0.020696 
6.273526 1.294521 0.020626 
6.269592 1.295142 0.020557 
6.265664 1.295761 0.020489 
6.261741 1.296377 0.020421 
6.257822 1.296990 0.020353 
6.253909 1.297601 0.020285 
6.250000 1.298210 0.020218 