0.300000000 1.470960341 0.000003482
0.301001669 1.470957675 0.000003490
0.302006683 1.470954941 0.000003499
0.303015053 1.470952198 0.000003507
0.304026789 1.470949445 0.000003515
0.305041904 1.470946683 0.000003524
0.306060408 1.470943913 0.000003533
0.307082312 1.470941133 0.000003541
0.308107629 1.470938330 0.000003550
0.309136369 1.470935467 0.000003559
0.310168544 1.470932594 0.000003568
0.311204165 1.470929712 0.000003577
0.312243244 1.470926819 0.000003586
0.313285792 1.470923917 0.000003595
0.314331822 1.470921005 0.000003604
0.315381344 1.470918050 0.000003613
0.316434370 1.470915054 0.000003623
0.317490912 1.470912047 0.000003632
0.318550982 1.470909030 0.000003642
0.319614591 1.470906002 0.000003651
0.320681752 1.470902964 0.000003660
0.321752475 1.470899915 0.000003670
0.322826774 1.470896795 0.000003679
0.323904660 1.470893660 0.000003689
0.324986144 1.470890515 0.000003699
0.326071240 1.470887357 0.000003709
0.327159959 1.470884188 0.000003719
0.328252312 1.470881009 0.000003729
0.329348314 1.470877784 0.000003739
0.330447974 1.470874517 0.000003749
0.331551306 1.470871240 0.000003759
0.332658322 1.470867950 0.000003769
0.333769034 1.470864647 0.000003780
0.334883455 1.470861333 0.000003790
0.336001597 1.470857992 0.000003800
0.337123472 1.470854589 0.000003810
0.338249093 1.470851174 0.000003821
0.339378472 1.470847747 0.000003831
0.340511622 1.470844306 0.000003842
0.341648556 1.470840853 0.000003853
0.342789286 1.470837382 0.000003865
0.343933824 1.470833839 0.000003876
0.345082184 1.470830284 0.000003887
0.346234379 1.470826717 0.000003898
0.347390420 1.470823133 0.000003909
0.348550321 1.470819537 0.000003921
0.349714095 1.470815926 0.000003932
0.350881755 1.470812238 0.000003943
0.352053313 1.470808537 0.000003955
0.353228784 1.470804824 0.000003966
0.354408179 1.470801093 0.000003977
0.355591511 1.470797350 0.000003989
0.356778795 1.470793584 0.000004001
0.357970043 1.470789746 0.000004013
0.359165269 1.470785896 0.000004025
0.360364485 1.470782031 0.000004037
0.361567705 1.470778149 0.000004049
0.362774943 1.470774253 0.000004062
0.363986212 1.470770322 0.000004075
0.365201525 1.470766331 0.000004088
0.366420895 1.470762327 0.000004100
0.367644337 1.470758306 0.000004113
0.368871864 1.470754268 0.000004126
0.370103490 1.470750217 0.000004139
0.371339228 1.470746106 0.000004152
0.372579092 1.470741957 0.000004165
0.373823095 1.470737794 0.000004178
0.375071253 1.470733611 0.000004191
0.376323577 1.470729413 0.000004204
0.377580083 1.470725196 0.000004218
0.378840785 1.470720898 0.000004231
0.380105696 1.470716586 0.000004244
0.381374830 1.470712257 0.000004257
0.382648202 1.470707908 0.000004271
0.383925825 1.470703544 0.000004284
0.385207714 1.470699124 0.000004298
0.386493884 1.470694658 0.000004311
0.387784347 1.470690178 0.000004325
0.389079120 1.470685675 0.000004338
0.390378215 1.470681156 0.000004352
0.391681648 1.470676607 0.000004366
0.392989433 1.470671984 0.000004380
0.394301585 1.470667345 0.000004393
0.395618118 1.470662686 0.000004408
0.396939047 1.470658007 0.000004422
0.398264386 1.470653313 0.000004437
0.399594150 1.470648535 0.000004452
0.400928354 1.470643734 0.000004466
0.402267013 1.470638915 0.000004481
0.403610142 1.470634073 0.000004496
0.404957755 1.470629215 0.000004512
0.406309867 1.470624287 0.000004527
0.407666495 1.470619320 0.000004542
0.409027652 1.470614336 0.000004558
0.410393353 1.470609327 0.000004574
0.411763615 1.470604300 0.000004590
0.413138452 1.470599211 0.000004606
0.414517879 1.470594075 0.000004622
0.415901912 1.470588921 0.000004638
0.417290566 1.470583740 0.000004655
0.418683857 1.470578542 0.000004671
0.420081800 1.470573281 0.000004687
0.421484410 1.470567971 0.000004704
0.422891703 1.470562641 0.000004720
0.424303696 1.470557284 0.000004737
0.425720403 1.470551909 0.000004754
0.427141840 1.470546466 0.000004770
0.428568023 1.470540976 0.000004787
0.429998968 1.470535466 0.000004804
0.431434690 1.470529928 0.000004821
0.432875207 1.470524372 0.000004838
0.434320533 1.470518734 0.000004855
0.435770685 1.470513060 0.000004873
0.437225679 1.470507363 0.000004890
0.438685531 1.470501640 0.000004909
0.440150257 1.470495897 0.000004927
0.441619874 1.470490056 0.000004946
0.443094398 1.470484195 0.000004964
0.444573845 1.470478306 0.000004983
0.446058232 1.470472394 0.000005002
0.447547575 1.470466437 0.000005020
0.449041891 1.470460403 0.000005039
0.450541196 1.470454350 0.000005058
0.452045507 1.470448263 0.000005077
0.453554841 1.470442156 0.000005096
0.455069214 1.470435974 0.000005115
0.456588644 1.470429743 0.000005134
0.458113147 1.470423486 0.000005153
0.459642740 1.470417201 0.000005172
0.461177441 1.470410886 0.000005192
0.462717265 1.470404474 0.000005211
0.464262231 1.470398041 0.000005230
0.465812355 1.470391574 0.000005250
0.467367655 1.470385084 0.000005269
0.468928148 1.470378521 0.000005290
0.470493852 1.470371902 0.000005310
0.472064783 1.470365256 0.000005331
0.473640959 1.470358579 0.000005352
0.475222398 1.470351866 0.000005373
0.476809117 1.470345058 0.000005394
0.478401134 1.470338228 0.000005415
0.479998467 1.470331361 0.000005436
0.481601133 1.470324471 0.000005458
0.483209150 1.470317488 0.000005479
0.484822536 1.470310464 0.000005501
0.486441309 1.470303407 0.000005523
0.488065487 1.470296321 0.000005545
0.489695088 1.470289168 0.000005567
0.491330130 1.470281947 0.000005590
0.492970631 1.470274696 0.000005613
0.494616610 1.470267412 0.000005636
0.496268085 1.470260080 0.000005658
0.497925073 1.470252657 0.000005681
0.499587594 1.470245208 0.000005704
0.501255667 1.470237720 0.000005728
0.502929308 1.470230200 0.000005751
0.504608538 1.470222572 0.000005774
0.506293374 1.470214918 0.000005797
0.507983836 1.470207222 0.000005821
0.509679943 1.470199501 0.000005845
0.511381712 1.470191666 0.000005869
0.513089164 1.470183802 0.000005894
0.514802316 1.470175896 0.000005918
0.516521189 1.470167962 0.000005943
0.518245800 1.470159920 0.000005968
0.519976170 1.470151840 0.000005993
0.521712318 1.470143719 0.000006018
0.523454262 1.470135569 0.000006044
0.525202022 1.470127309 0.000006070
0.526955618 1.470119011 0.000006096
0.528715070 1.470110669 0.000006121
0.530480395 1.470102298 0.000006147
0.532251615 1.470093812 0.000006174
0.534028749 1.470085289 0.000006200
0.535811817 1.470076721 0.000006227
0.537600838 1.470068123 0.000006253
0.539395833 1.470059401 0.000006280
0.541196820 1.470050649 0.000006308
0.543003821 1.470041850 0.000006335
0.544816856 1.470033008 0.000006362
0.546635944 1.470024053 0.000006390
0.548461106 1.470015064 0.000006419
0.550292361 1.470006031 0.000006448
0.552129731 1.469996936 0.000006476
0.553973236 1.469987745 0.000006506
0.555822897 1.469978515 0.000006535
0.557678733 1.469969244 0.000006564
0.559540765 1.469959885 0.000006593
0.561409015 1.469950452 0.000006623
0.563283502 1.469940974 0.000006652
0.565164249 1.469931459 0.000006682
0.567051274 1.469921826 0.000006712
0.568944601 1.469912146 0.000006741
0.570844249 1.469902415 0.000006771
0.572750240 1.469892632 0.000006801
0.574662595 1.469882734 0.000006832
0.576581334 1.469872794 0.000006862
0.578506481 1.469862809 0.000006892
0.580438055 1.469852733 0.000006923
0.582376079 1.469842577 0.000006955
0.584320573 1.469832373 0.000006987
0.586271560 1.469822130 0.000007019
0.588229061 1.469811750 0.000007051
0.590193098 1.469801329 0.000007084
0.592163693 1.469790858 0.000007118
0.594140867 1.469780306 0.000007152
0.596124643 1.469769659 0.000007186
0.598115042 1.469758963 0.000007220
0.600112087 1.469748225 0.000007255
0.602115800 1.469737351 0.000007289
0.604126204 1.469726430 0.000007323
0.606143320 1.469715455 0.000007358
0.608167170 1.469704393 0.000007393
0.610197779 1.469693237 0.000007428
0.612235167 1.469682027 0.000007463
0.614279358 1.469670769 0.000007498
0.616330374 1.469659370 0.000007533
0.618388238 1.469647926 0.000007568
0.620452974 1.469636429 0.000007604
0.622524603 1.469624819 0.000007639
0.624603149 1.469613134 0.000007675
0.626688636 1.469601387 0.000007711
0.628781085 1.469589564 0.000007747
0.630880521 1.469577627 0.000007785
0.632986967 1.469565636 0.000007823
0.635100446 1.469553594 0.000007861
0.637220982 1.469541403 0.000007899
0.639348598 1.469529162 0.000007937
0.641483318 1.469516866 0.000007976
0.643625165 1.469504442 0.000008014
0.645774164 1.469491946 0.000008054
0.647930338 1.469479389 0.000008094
0.650093712 1.469466730 0.000008134
0.652264308 1.469453973 0.000008174
0.654442152 1.469441152 0.000008214
0.656627268 1.469428249 0.000008255
0.658819680 1.469415224 0.000008296
0.661019411 1.469402138 0.000008338
0.663226488 1.469388984 0.000008379
0.665440934 1.469375687 0.000008421
0.667662773 1.469362331 0.000008463
0.669892031 1.469348917 0.000008505
0.672128732 1.469335342 0.000008549
0.674372902 1.469321711 0.000008593
0.676624564 1.469308021 0.000008637
0.678883745 1.469294176 0.000008682
0.681150468 1.469280265 0.000008727
0.683424760 1.469266293 0.000008772
0.685706646 1.469252171 0.000008817
0.687996151 1.469237976 0.000008862
0.690293300 1.469223716 0.000008907
0.692598119 1.469209310 0.000008953
0.694910634 1.469194824 0.000008999
0.697230869 1.469180272 0.000009044
0.699558852 1.469165571 0.000009090
0.701894608 1.469150789 0.000009137
0.704238163 1.469135940 0.000009183
0.706589542 1.469120937 0.000009230
0.708948773 1.469105853 0.000009278
0.711315880 1.469090702 0.000009327
0.713690892 1.469075390 0.000009376
0.716073833 1.469060000 0.000009426
0.718464731 1.469044544 0.000009475
0.720863611 1.469028914 0.000009525
0.723270501 1.469013212 0.000009574
0.725685428 1.468997436 0.000009624
0.728108418 1.468981486 0.000009675
0.730539497 1.468965466 0.000009727
0.732978694 1.468949357 0.000009780
0.735426036 1.468933090 0.000009834
0.737881548 1.468916749 0.000009887
0.740345260 1.468900299 0.000009941
0.742817197 1.468883710 0.000009995
0.745297388 1.468867040 0.000010049
0.747785860 1.468850239 0.000010103
0.750282641 1.468833319 0.000010157
0.752787758 1.468816318 0.000010212
0.755301240 1.468799158 0.000010266
0.757823114 1.468781898 0.000010321
0.760353408 1.468764562 0.000010376
0.762892151 1.468747033 0.000010432
0.765439370 1.468729426 0.000010487
0.767995094 1.468711712 0.000010544
0.770559351 1.468693840 0.000010603
0.773132171 1.468675883 0.000010662
0.775713580 1.468657786 0.000010721
0.778303609 1.468639562 0.000010781
0.780902285 1.468621254 0.000010840
0.783509638 1.468602763 0.000010900
0.786125697 1.468584177 0.000010961
0.788750491 1.468565485 0.000011021
0.791384049 1.468546619 0.000011081
0.794026399 1.468527663 0.000011142
0.796677573 1.468508558 0.000011205
0.799337598 1.468489322 0.000011270
0.802006505 1.468470001 0.000011334
0.804684323 1.468450477 0.000011399
0.807371082 1.468430863 0.000011464
0.810066812 1.468411120 0.000011529
0.812771542 1.468391217 0.000011594
0.815485304 1.468371220 0.000011660
0.818208126 1.468351038 0.000011726
0.820940040 1.468330744 0.000011792
0.823681075 1.468310329 0.000011858
0.826431262 1.468289736 0.000011924
0.829190632 1.468269043 0.000011991
0.831959215 1.468248170 0.000012058
0.834737042 1.468227172 0.000012127
0.837524144 1.468206054 0.000012197
0.840320552 1.468184749 0.000012268
0.843126297 1.468163338 0.000012338
0.845941409 1.468141742 0.000012414
0.848765922 1.468120020 0.000012493
0.851599865 1.468098172 0.000012573
0.854443270 1.468076138 0.000012654
0.857296169 1.468054002 0.000012735
0.860158594 1.468031664 0.000012816
0.863030575 1.468009207 0.000012897
0.865912147 1.467986599 0.000012979
0.868803339 1.467963817 0.000013061
0.871704185 1.467940933 0.000013143
0.874614717 1.467917817 0.000013225
0.877534966 1.467894596 0.000013308
0.880464966 1.467871195 0.000013391
0.883404749 1.467847640 0.000013474
0.886354347 1.467823949 0.000013558
0.889313794 1.467800055 0.000013641
0.892283122 1.467776051 0.000013726
0.895262365 1.467751822 0.000013810
0.898251555 1.467727471 0.000013895
0.901250725 1.467702938 0.000013980
0.904259910 1.467678238 0.000014065
0.907279141 1.467653394 0.000014150
0.910308454 1.467628341 0.000014236
0.913347881 1.467603173 0.000014322
0.916397457 1.467577763 0.000014409
0.919457215 1.467552232 0.000014495
0.922527189 1.467526497 0.000014582
0.925607413 1.467500602 0.000014669
0.928697922 1.467474535 0.000014757
0.931798750 1.467448273 0.000014845
0.934909931 1.467421867 0.000014933
0.938031500 1.467395232 0.000015021
0.941163491 1.467368474 0.000015110
0.944305940 1.467341464 0.000015199
0.947458882 1.467314325 0.000015288
0.950622350 1.467286961 0.000015378
0.953796382 1.467259438 0.000015468
0.956981011 1.467231714 0.000015558
0.960176273 1.467203802 0.000015649
0.963382204 1.467175712 0.000015739
0.966598839 1.467147406 0.000015831
0.969826214 1.467118942 0.000015922
0.973064365 1.467090238 0.000016014
0.976313328 1.467061394 0.000016106
0.979573138 1.467032284 0.000016198
0.982843833 1.467003040 0.000016291
0.986125449 1.466973529 0.000016384
0.989418021 1.466943870 0.000016477
0.992721587 1.466913956 0.000016576
0.996036184 1.466883883 0.000016680
0.999361847 1.466853571 0.000016785
1.002698614 1.466823081 0.000016892
1.006046523 1.466792363 0.000016999
1.009405610 1.466761450 0.000017107
1.012775912 1.466730315 0.000017216
1.016157468 1.466698971 0.000017328
1.019550314 1.466667415 0.000017444
1.022954489 1.466635642 0.000017560
1.026370030 1.466603659 0.000017676
1.029796975 1.466571448 0.000017793
1.033235362 1.466539030 0.000017910
1.036685230 1.466506376 0.000018027
1.040146616 1.466473514 0.000018145
1.043619560 1.466440411 0.000018263
1.047104099 1.466407097 0.000018381
1.050600273 1.466373540 0.000018500
1.054108120 1.466339767 0.000018620
1.057627680 1.466305749 0.000018740
1.061158991 1.466271510 0.000018860
1.064702093 1.466237026 0.000018980
1.068257025 1.466202311 0.000019101
1.071823826 1.466167354 0.000019223
1.075402537 1.466132157 0.000019344
1.078993196 1.466096720 0.000019467
1.082595845 1.466061027 0.000019591
1.086210522 1.466025102 0.000019723
1.089837268 1.465988916 0.000019859
1.093476124 1.465952511 0.000019996
1.097127130 1.465915823 0.000020133
1.100790325 1.465878927 0.000020270
1.104465752 1.465841729 0.000020408
1.108153451 1.465804335 0.000020547
1.111853462 1.465766617 0.000020685
1.115565828 1.465728706 0.000020825
1.119290588 1.465690467 0.000020965
1.123027786 1.465652022 0.000021105
1.126777461 1.465613269 0.000021245
1.130539656 1.465574283 0.000021387
1.134314413 1.465535008 0.000021528
1.138101773 1.465495471 0.000021670
1.141901779 1.465455669 0.000021813
1.145714473 1.465415572 0.000021956
1.149539897 1.465375236 0.000022100
1.153378094 1.465334569 0.000022244
1.157229106 1.465293682 0.000022388
1.161092976 1.465252434 0.000022539
1.164969747 1.465210963 0.000022696
1.168859462 1.465169173 0.000022853
1.172762165 1.465127116 0.000023011
1.176677899 1.465084773 0.000023170
1.180606706 1.465042119 0.000023329
1.184548632 1.464999213 0.000023488
1.188503719 1.464955951 0.000023649
1.192472012 1.464912444 0.000023809
1.196453555 1.464868584 0.000023970
1.200448391 1.464824448 0.000024136
1.204456566 1.464780005 0.000024311
1.208478124 1.464735246 0.000024489
1.212513109 1.464690227 0.000024668
1.216561567 1.464644830 0.000024847
1.220623542 1.464599174 0.000025027
1.224699080 1.464553168 0.000025208
1.228788225 1.464506861 0.000025389
1.232891024 1.464460253 0.000025570
1.237007522 1.464413283 0.000025753
1.241137764 1.464366037 0.000025936
1.245281797 1.464318411 0.000026119
1.249439666 1.464270485 0.000026303
1.253611417 1.464222238 0.000026488
1.257797098 1.464173624 0.000026673
1.261996755 1.464124720 0.000026859
1.266210433 1.464075422 0.000027046
1.270438181 1.464025811 0.000027233
1.274680045 1.463975872 0.000027421
1.278936072 1.463925544 0.000027609
1.283206309 1.463874910 0.000027798
1.287490804 1.463823885 0.000027988
1.291789605 1.463772517 0.000028178
1.296102759 1.463720829 0.000028369
1.300430314 1.463668702 0.000028563
1.304772318 1.463616258 0.000028768
1.309128820 1.463563447 0.000028980
1.313499868 1.463510254 0.000029199
1.317885510 1.463456735 0.000029419
1.322285796 1.463402804 0.000029639
1.326700773 1.463348514 0.000029860
1.331130492 1.463293894 0.000030082
1.335575001 1.463238813 0.000030305
1.340034350 1.463183394 0.000030528
1.344508588 1.463127611 0.000030753
1.348997766 1.463071386 0.000030978
1.353501932 1.463014809 0.000031203
1.358021137 1.462957838 0.000031430
1.362555431 1.462900441 0.000031657
1.367104865 1.462842676 0.000031885
1.371669489 1.462784494 0.000032114
1.376249354 1.462725892 0.000032343
1.380844510 1.462666910 0.000032574
1.385455009 1.462607492 0.000032805
1.390080903 1.462547650 0.000033036
1.394722241 1.462487415 0.000033270
1.399379077 1.462426727 0.000033513
1.404051461 1.462365612 0.000033770
1.408739446 1.462304110 0.000034031
1.413443083 1.462242161 0.000034292
1.418162426 1.462179770 0.000034555
1.422897526 1.462116971 0.000034818
1.427648436 1.462053728 0.000035082
1.432415208 1.461990016 0.000035347
1.437197897 1.461925887 0.000035613
1.441996554 1.461861324 0.000035880
1.446811234 1.461796256 0.000036147
1.451641989 1.461730765 0.000036416
1.456488874 1.461664850 0.000036685
1.461351942 1.461598396 0.000036956
1.466231248 1.461531507 0.000037227
1.471126844 1.461464175 0.000037499
1.476038787 1.461396333 0.000037772
1.480967130 1.461328001 0.000038054
1.485911929 1.461259217 0.000038350
1.490873237 1.461189975 0.000038647
1.495851111 1.461120189 0.000038945
1.500845606 1.461049945 0.000039243
1.505856776 1.460979235 0.000039543
1.510884679 1.460907993 0.000039844
1.515929369 1.460836243 0.000040146
1.520990903 1.460764008 0.000040449
1.526069336 1.460691296 0.000040753
1.531164726 1.460617988 0.000041061
1.536277130 1.460544198 0.000041378
1.541406602 1.460469902 0.000041698
1.546553202 1.460395097 0.000042027
1.551716986 1.460319715 0.000042360
1.556898011 1.460243832 0.000042694
1.562096335 1.460167433 0.000043029
1.567312015 1.460090499 0.000043365
1.572545110 1.460012974 0.000043702
1.577795678 1.459934928 0.000044041
1.583063778 1.459856345 0.000044380
1.588349466 1.459777216 0.000044721
1.593652803 1.459697467 0.000045063
1.598973848 1.459617172 0.000045406
1.604312659 1.459536316 0.000045772
1.609669295 1.459454926 0.000046145
1.615043817 1.459372901 0.000046518
1.620436284 1.459290317 0.000046894
1.625846756 1.459207162 0.000047270
1.631275292 1.459123439 0.000047647
1.636721955 1.459039105 0.000048026
1.642186802 1.458954143 0.000048406
1.647669897 1.458868601 0.000048788
1.653171299 1.458782458 0.000049171
1.658691070 1.458695724 0.000049554
1.664229270 1.458608329 0.000049940
1.669785962 1.458520304 0.000050326
1.675361207 1.458431666 0.000050714
1.680955068 1.458342392 0.000051107
1.686567606 1.458252497 0.000051525
1.692198883 1.458161942 0.000051952
1.697848963 1.458070737 0.000052380
1.703517908 1.457978903 0.000052810
1.709205781 1.457886420 0.000053241
1.714912645 1.457793295 0.000053673
1.720638563 1.457699505 0.000054107
1.726383600 1.457605000 0.000054542
1.732147819 1.457509835 0.000054979
1.737931284 1.457414000 0.000055417
1.743734060 1.457317483 0.000055857
1.749556210 1.457220286 0.000056298
1.755397800 1.457122382 0.000056741
1.761258895 1.457023725 0.000057189
1.767139559 1.456924373 0.000057658
1.773039858 1.456824331 0.000058134
1.778959858 1.456723575 0.000058611
1.784899623 1.456622108 0.000059089
1.790859221 1.456519919 0.000059570
1.796838718 1.456416955 0.000060051
1.802838180 1.456313220 0.000060557
1.808857673 1.456208771 0.000061090
1.814897264 1.456103594 0.000061624
1.820957021 1.455997667 0.000062161
1.827037011 1.455890991 0.000062699
1.833137302 1.455783558 0.000063239
1.839257961 1.455675361 0.000063780
1.845399056 1.455566340 0.000064324
1.851560655 1.455456541 0.000064869
1.857742828 1.455345957 0.000065416
1.863945642 1.455234583 0.000065965
1.870169166 1.455122406 0.000066516
1.876413471 1.455009419 0.000067069
1.882678624 1.454895621 0.000067623
1.888964697 1.454781003 0.000068180
1.895271757 1.454665557 0.000068738
1.901599877 1.454549258 0.000069298
1.907949125 1.454432095 0.000069860
1.914319573 1.454314083 0.000070424
1.920711291 1.454195215 0.000070989
1.927124350 1.454075481 0.000071557
1.933558822 1.453954872 0.000072126
1.940014778 1.453833374 0.000072698
1.946492290 1.453710955 0.000073285
1.952991430 1.453587658 0.000073931
1.959512269 1.453463494 0.000074584
1.966054881 1.453338437 0.000075239
1.972619338 1.453212477 0.000075897
1.979205713 1.453085604 0.000076556
1.985814079 1.452957808 0.000077218
1.992444510 1.452829081 0.000077882
1.999097080 1.452699396 0.000078548
2.005771861 1.452568760 0.000079217
2.012468929 1.452437168 0.000079887
2.019188358 1.452304611 0.000080560
2.025930222 1.452171080 0.000081235
2.032694597 1.452036564 0.000081913
2.039481557 1.451901053 0.000082592
2.046291179 1.451764533 0.000083274
2.053123536 1.451626979 0.000083963
2.059978707 1.451488373 0.000084705
2.066856766 1.451348791 0.000085521
2.073757790 1.451208219 0.000086339
2.080681856 1.451066632 0.000087161
2.087629041 1.450924014 0.000087985
2.094599422 1.450780355 0.000088812
2.101593076 1.450635644 0.000089641
2.108610081 1.450489871 0.000090473
2.115650516 1.450343027 0.000091308
2.122714457 1.450195102 0.000092146
2.129801985 1.450046088 0.000092987
2.136913177 1.449895973 0.000093831
2.144048112 1.449744750 0.000094677
2.151206870 1.449592409 0.000095526
2.158389531 1.449438940 0.000096378
2.165596174 1.449284334 0.000097233
2.172826879 1.449128581 0.000098090
2.180081727 1.448971672 0.000098951
2.187360798 1.448813591 0.000099814
2.194664173 1.448654315 0.000100681
2.201991933 1.448493852 0.000101550
2.209344160 1.448332191 0.000102422
2.216720935 1.448169323 0.000103297
2.224122340 1.448005237 0.000104175
2.231548458 1.447839923 0.000105056
2.238999371 1.447673370 0.000105939
2.246475162 1.447505567 0.000106826
2.253975914 1.447336497 0.000107716
2.261501710 1.447166155 0.000108609
2.269052634 1.446994527 0.000109504
2.276628770 1.446821602 0.000110403
2.284230201 1.446647362 0.000111304
2.291857013 1.446471774 0.000112209
2.299509290 1.446294754 0.000113130
2.307187118 1.446116390 0.000114211
2.314890581 1.445936777 0.000115322
2.322619764 1.445755851 0.000116436
2.330374755 1.445573583 0.000117555
2.338155639 1.445389956 0.000118676
2.345962503 1.445204960 0.000119802
2.353795433 1.445018582 0.000120931
2.361654516 1.444830783 0.000122065
2.369539840 1.444641533 0.000123202
2.377451492 1.444450862 0.000124342
2.385389561 1.444258756 0.000125487
2.393354133 1.444065196 0.000126635
2.401345299 1.443870173 0.000127787
2.409363147 1.443673679 0.000128944
2.417407765 1.443475669 0.000130103
2.425479243 1.443276108 0.000131267
2.433577671 1.443075037 0.000132435
2.441703139 1.442872436 0.000133606
2.449855737 1.442668286 0.000134782
2.458035556 1.442462584 0.000135961
2.466242687 1.442255274 0.000137145
2.474477220 1.442046324 0.000138332
2.482739247 1.441835772 0.000139523
2.491028861 1.441623584 0.000140718
2.499346152 1.441409715 0.000141924
2.507691215 1.441194188 0.000143270
2.516064140 1.440977000 0.000144639
2.524465022 1.440758186 0.000146013
2.532893954 1.440537708 0.000147392
2.541351029 1.440315554 0.000148775
2.549836341 1.440091662 0.000150163
2.558349985 1.439865986 0.000151555
2.566892055 1.439638580 0.000152952
2.575462646 1.439409407 0.000154354
2.584061854 1.439178461 0.000155760
2.592689773 1.438945567 0.000157171
2.601346500 1.438710748 0.000158639
2.610032131 1.438474194 0.000160379
2.618746763 1.438235952 0.000162127
2.627490492 1.437995811 0.000163881
2.636263415 1.437753866 0.000165641
2.645065630 1.437510077 0.000167406
2.653897235 1.437264428 0.000169178
2.662758327 1.437016785 0.000170955
2.671649006 1.436767256 0.000172739
2.680569370 1.436515814 0.000174528
2.689519518 1.436262370 0.000176323
2.698499550 1.436006918 0.000178125
2.707509565 1.435749495 0.000179932
2.716549664 1.435490080 0.000181745
2.725619947 1.435228527 0.000183564
2.734720514 1.434964959 0.000185390
2.743851467 1.434699357 0.000187221
2.753012908 1.434431556 0.000189059
2.762204938 1.434161666 0.000190903
2.771427659 1.433889681 0.000192753
2.780681173 1.433615457 0.000194609
2.789965585 1.433339066 0.000196471
2.799280996 1.433060522 0.000198340
2.808627510 1.432779671 0.000200215
2.818005231 1.432496596 0.000202096
2.827414263 1.432211310 0.000203983
2.836854712 1.431923624 0.000205877
2.846326681 1.431633671 0.000207776
2.855830276 1.431341426 0.000209683
2.865365602 1.431046717 0.000211595
2.874932766 1.430749690 0.000213514
2.884531874 1.430450241 0.000215440
2.894163032 1.430148326 0.000217372
2.903826348 1.429844021 0.000219310
2.913521928 1.429537134 0.000221255
2.923249881 1.429227784 0.000223206
2.933010315 1.428915909 0.000225164
2.942803338 1.428601411 0.000227128
2.952629058 1.428284392 0.000229099
2.962487586 1.427964632 0.000231077
2.972379030 1.427642263 0.000233061
2.982303501 1.427317147 0.000235051
2.992261109 1.426989204 0.000237049
3.002251964 1.426658216 0.000239233
3.012276178 1.426324663 0.000242049
3.022333861 1.425988733 0.000244873
3.032425126 1.425650042 0.000247707
3.042550085 1.425308729 0.000250550
3.052708849 1.424964593 0.000253403
3.062901533 1.424617703 0.000256266
3.073128250 1.424267955 0.000259138
3.083389112 1.423915345 0.000262019
3.093684234 1.423559838 0.000264911
3.104013731 1.423201379 0.000267811
3.114377717 1.422839976 0.000270722
3.124776307 1.422475542 0.000273642
3.135209617 1.422108109 0.000276572
3.145677762 1.421737574 0.000279512
3.156180860 1.421363974 0.000282462
3.166719026 1.420987214 0.000285421
3.177292379 1.420607310 0.000288390
3.187901034 1.420224197 0.000291370
3.198545111 1.419837850 0.000294359
3.209224728 1.419448255 0.000297358
3.219940002 1.419055324 0.000300367
3.230691054 1.418659116 0.000303386
3.241478002 1.418259457 0.000306416
3.252300967 1.417856498 0.000309455
3.263160069 1.417449956 0.000312505
3.274055428 1.417040033 0.000315565
3.284987166 1.416626531 0.000318635
3.295955404 1.416209501 0.000321715
3.306960263 1.415788895 0.000324805
3.318001867 1.415364601 0.000327906
3.329080337 1.414936720 0.000331017
3.340195797 1.414505002 0.000334139
3.351348371 1.414069598 0.000337271
3.362538182 1.413630396 0.000340413
3.373765354 1.413187310 0.000343566
3.385030013 1.412740409 0.000346730
3.396332284 1.412289481 0.000349904
3.407672291 1.411834615 0.000353088
3.419050162 1.411375780 0.000356284
3.430466022 1.410912745 0.000359490
3.441919999 1.410445646 0.000362706
3.453412219 1.409974374 0.000365934
3.464942811 1.409498770 0.000369172
3.476511902 1.409018877 0.000372421
3.488119622 1.408534529 0.000375681
3.499766098 1.408045256 0.000378988
3.511451460 1.407551646 0.000383530
3.523175839 1.407054257 0.000388150
3.534939364 1.406552576 0.000392786
3.546742167 1.406046595 0.000397437
3.558584378 1.405536245 0.000402104
3.570466129 1.405021257 0.000406786
3.582387552 1.404501758 0.000411484
3.594348779 1.403977655 0.000416198
3.606349943 1.403448832 0.000420928
3.618391179 1.402915217 0.000425673
3.630472618 1.402376818 0.000430434
3.642594397 1.401833589 0.000435211
3.654756648 1.401285350 0.000440004
3.666959509 1.400732121 0.000444813
3.679203113 1.400173853 0.000449638
3.691487597 1.399610506 0.000454479
3.703813099 1.399041929 0.000459336
3.716179753 1.398468082 0.000464210
3.728587699 1.397888960 0.000469099
3.741037074 1.397304474 0.000474005
3.753528016 1.396714594 0.000478928
3.766060663 1.396119098 0.000483867
3.778635156 1.395518060 0.000488822
3.791251634 1.394911400 0.000493794
3.803910237 1.394299028 0.000498783
3.816611106 1.393680907 0.000503788
3.829354382 1.393056881 0.000508810
3.842140207 1.392426892 0.000513848
3.854968721 1.391790927 0.000518904
3.867840069 1.391148883 0.000523976
3.880754393 1.390500673 0.000529065
3.893711837 1.389846241 0.000534172
3.906712545 1.389185501 0.000539295
3.919756660 1.388518271 0.000544436
3.932844328 1.387844539 0.000549593
3.945975695 1.387164223 0.000554768
3.959150906 1.386477218 0.000559960
3.972370108 1.385783385 0.000565170
3.985633447 1.385082566 0.000570396
3.998941071 1.384374399 0.000575669
4.012293128 1.383659113 0.000582079
4.025689766 1.382937410 0.000588641
4.039131134 1.382208798 0.000595225
4.052617382 1.381473085 0.000601831
4.066148659 1.380730119 0.000608458
4.079725115 1.379979816 0.000615108
4.093346902 1.379222061 0.000621780
4.107014170 1.378456739 0.000628475
4.120727072 1.377683735 0.000635191
4.134485760 1.376902932 0.000641930
4.148290387 1.376114209 0.000648692
4.162141106 1.375317439 0.000655476
4.176038072 1.374512479 0.000662283
4.189981437 1.373699146 0.000669113
4.203971359 1.372877024 0.000676214
4.218007991 1.372046800 0.000683967
4.232091490 1.371208282 0.000691747
4.246222013 1.370361220 0.000699552
4.260399715 1.369505450 0.000707384
4.274624756 1.368640826 0.000715241
4.288897293 1.367767208 0.000723125
4.303217484 1.366884454 0.000731035
4.317585489 1.365992377 0.000738972
4.332001468 1.365090856 0.000746935
4.346465579 1.364179758 0.000754925
4.360977985 1.363258924 0.000762941
4.375538847 1.362328180 0.000770984
4.390148325 1.361387301 0.000779054
4.404806583 1.360435730 0.000787479
4.419513784 1.359474359 0.000796607
4.434270090 1.358502872 0.000805765
4.449075667 1.357520992 0.000814953
4.463930677 1.356528444 0.000824172
4.478835287 1.355525049 0.000833422
4.493789662 1.354510692 0.000842703
4.508793968 1.353485184 0.000852015
4.523848372 1.352448258 0.000861358
4.538953041 1.351399820 0.000870732
4.554108143 1.350339646 0.000880138
4.569313846 1.349267388 0.000889575
4.584570320 1.348182956 0.000899043
4.599877733 1.347085791 0.000908584
4.615236257 1.345976174 0.000919207
4.630646061 1.344854480 0.000929915
4.646107316 1.343720018 0.000940659
4.661620195 1.342572721 0.000951438
4.677184871 1.341412188 0.000962254
4.692801515 1.340238328 0.000973106
4.708470301 1.339050710 0.000983994
4.724191404 1.337849267 0.000994918
4.739964998 1.336633616 0.001005879
4.755791258 1.335403661 0.001016877
4.771670361 1.334158847 0.001027911
4.787602482 1.332899089 0.001038982
4.803587799 1.331623548 0.001050379
4.819626490 1.330333112 0.001062818
4.835718732 1.329027542 0.001075298
4.851864704 1.327706226 0.001087820
4.868064586 1.326368960 0.001100383
4.884318558 1.325015378 0.001112989
4.900626801 1.323645092 0.001125636
4.916989494 1.322257889 0.001138326
4.933406822 1.320853435 0.001151058
4.949878965 1.319431276 0.001163833
4.966406106 1.317991130 0.001176650
4.982988431 1.316532614 0.001189510
4.999626122 1.315055007 0.001202429
5.016319364 1.313558413 0.001216785
5.033068344 1.312043271 0.001231238
5.049873246 1.310508818 0.001245739
5.066734259 1.308954594 0.001260289
5.083651568 1.307380168 0.001274887
5.100625363 1.305785116 0.001289534
5.117655832 1.304168984 0.001304229
5.134743164 1.302531314 0.001318974
5.151887548 1.300871677 0.001333768
5.169089176 1.299189608 0.001348612
5.186348238 1.297484506 0.001363505
5.203664927 1.295755363 0.001378794
5.221039434 1.294003085 0.001395428
5.238471953 1.292227207 0.001412118
5.255962678 1.290426926 0.001428864
5.273511802 1.288601687 0.001445666
5.291119521 1.286750866 0.001462523
5.308786030 1.284873961 0.001479437
5.326511526 1.282970289 0.001496408
5.344296205 1.281039282 0.001513435
5.362140266 1.279080229 0.001530519
5.380043906 1.277092537 0.001547660
5.398007325 1.275075135 0.001564858
5.416030722 1.273027702 0.001583749
5.434114297 1.270950933 0.001602907
5.452258251 1.268843286 0.001622128
5.470462786 1.266704119 0.001641414
5.488728104 1.264532603 0.001660764
5.507054409 1.262327959 0.001680179
5.525441902 1.260089366 0.001699659
5.543890790 1.257815787 0.001719203
5.562401277 1.255506575 0.001738813
5.580973568 1.253160728 0.001758488
5.599607871 1.250776479 0.001778305
5.618304391 1.248354063 0.001800048
5.637063337 1.245893407 0.001821983
5.655884918 1.243392787 0.001843990
5.674769342 1.240851224 0.001866072
5.693716819 1.238267395 0.001888227
5.712727559 1.235640467 0.001910456
5.731801775 1.232968592 0.001932759
5.750939677 1.230251134 0.001955137
5.770141479 1.227486372 0.001977589
5.789407394 1.224673145 0.002000116
5.808737636 1.221808566 0.002023752
5.828132419 1.218894297 0.002048722
5.847591960 1.215927874 0.002073776
5.867116474 1.212907591 0.002098914
5.886706178 1.209831624 0.002124135
5.906361291 1.206697540 0.002149441
5.926082029 1.203503819 0.002174831
5.945868614 1.200248026 0.002200306
5.965721264 1.196927030 0.002225866
5.985640199 1.193536828 0.002251512
6.005625643 1.190064786 0.002285471
6.025677815 1.186536321 0.002340614
6.045796940 1.182945675 0.002395942
6.065983240 1.179286371 0.002451454
6.086236940 1.175553856 0.002507152
6.106558265 1.171741774 0.002565790
6.126947442 1.167855157 0.002630423
6.147404695 1.163889224 0.002695273
6.167930253 1.159839330 0.002760339
6.188524344 1.155700685 0.002825622
6.209187197 1.151466128 0.002895717
6.229919041 1.147142415 0.002971803
6.250720106 1.142722561 0.003048143
6.271590624 1.138200596 0.003124738
6.292530826 1.133569901 0.003201588
6.313540946 1.128822951 0.003286955
6.334621216 1.123966981 0.003377179
6.355771871 1.118991513 0.003467704
6.376993146 1.113888417 0.003558531
6.398285277 1.108646952 0.003649661
6.419648500 1.103262816 0.003755832
6.441083053 1.097737761 0.003863648
6.462589173 1.092056813 0.003971824
6.484167100 1.086206793 0.004080361
6.505817074 1.080167570 0.004194612
6.527539334 1.073941540 0.004323859
6.549334124 1.067505123 0.004453538
6.571201683 1.060824722 0.004583650
6.593142256 1.053826190 0.004714196
6.615156087 1.046428924 0.005153014
6.637243420 1.039049330 0.005733049
6.659404499 1.031508878 0.006315020
6.681639573 1.023740342 0.006898935
6.703948887 1.015691707 0.007484799
6.726332690 1.007296867 0.008072620
6.748791229 0.998447779 0.008662403
6.771324756 0.988823076 0.009254434
6.793933520 0.978499479 0.011268810
6.816617772 0.968761236 0.013510108
6.839377765 0.958957951 0.015758890
6.862213750 0.948886013 0.018015180
6.885125983 0.938241062 0.020279004
6.908114718 0.926413908 0.023881768
6.931180209 0.915944037 0.028535715
6.954322714 0.906820569 0.032633451
6.977542490 0.896398056 0.034946084
7.000839793 0.883792681 0.037873996
7.024214885 0.871390061 0.042613767
7.047668023 0.858707583 0.047370620
7.071199469 0.845244101 0.053066201
7.094809483 0.829237463 0.060741516
7.118498330 0.817421036 0.073454071
7.142266271 0.809995012 0.084136378
7.166113571 0.804113802 0.093472478
7.190040494 0.798089662 0.096363858
7.214047307 0.787380498 0.098954313
7.238134276 0.775003480 0.104274628
7.262301670 0.762748767 0.109766039
7.286549755 0.749591920 0.115299899
7.310878803 0.733596307 0.120987291
7.335289083 0.718620184 0.134180588
7.359780866 0.711666061 0.144010200
7.384354425 0.698486309 0.146694708
7.409010032 0.678860859 0.156810739
7.433747962 0.665752878 0.170350298
7.458568490 0.653880658 0.180600201
7.483471890 0.641128120 0.190823565
7.508458441 0.628350459 0.201126850
7.533528419 0.615774679 0.210633798
7.558682103 0.602743670 0.219823403
7.583919773 0.589607791 0.224551074
7.609241709 0.566761067 0.228256055
7.634648192 0.543341960 0.242635223
7.660139505 0.523228962 0.256422305
7.685715930 0.501147395 0.269230846
7.711377753 0.475374371 0.285927654
7.737125258 0.453119249 0.306379032
7.762958731 0.434613405 0.325455887
7.788878460 0.409741150 0.338121699
7.814884732 0.375932964 0.358292865
7.840977836 0.333559400 0.391177985
7.867158063 0.323104026 0.443048902
7.893425703 0.309855436 0.465290930
7.919781047 0.285834742 0.488929350
7.946224389 0.252120572 0.527727998
7.972756024 0.232652151 0.574002073
7.999376244 0.216116850 0.613030278
8.026085347 0.193851370 0.652351091
8.052883628 0.153612336 0.711827246
8.079771387 0.172107929 0.792711090
8.106748920 0.189815968 0.830420997
8.133816530 0.195409786 0.856840947
8.160974515 0.178172005 0.882546742
8.188223177 0.150834642 0.925834950
8.215562821 0.142714523 0.992838512
8.242993748 0.143054576 1.061959674
8.270516265 0.151143440 1.108745351
8.298130677 0.141642327 1.170055457
8.325837290 0.165153525 1.243115100
8.353636413 0.189718141 1.283388293
8.381528354 0.200060391 1.331967127
8.409513424 0.203766241 1.372481682
8.437591933 0.201805786 1.479788029
8.465764193 0.260764312 1.515202537
8.494030517 0.280821395 1.549120461
8.522391220 0.303027342 1.619358415
8.550846617 0.334387371 1.654896150
8.579397023 0.356705131 1.699721641
8.608042756 0.380387413 1.745361854
8.636784134 0.404207213 1.784301508
8.665621476 0.416760036 1.817810810
8.694555104 0.397558292 1.858686737
8.723585338 0.374911449 1.945855784
8.752712501 0.382011390 2.062276266
8.781936917 0.431997765 2.151122460
8.811258910 0.419370532 2.232478468
8.840678806 0.474189865 2.443810169
8.870196932 0.545122748 2.544001973
8.899813617 0.631993421 2.748521018
8.929529188 0.767288819 2.892807785
8.959343977 0.982848191 3.076446780
8.989258314 1.268467416 3.210571485
9.019272532 1.581009914 3.239374362
9.049386964 1.945346532 3.189807475
9.079601946 2.157812142 2.963295297
9.109917812 2.291715180 2.797248737
9.140334900 2.465006169 2.654422662
9.170853547 2.458538358 2.475019596
9.201474093 2.497070291 2.397681406
9.232196878 2.552386048 2.337205061
9.263022244 2.637832488 2.256581612
9.293950532 2.711850720 2.155795555
9.324982086 2.752886290 2.062420632
9.356117251 2.817803825 1.965760757
9.387356374 2.875028167 1.839431865
9.418699801 2.860588015 1.744157855
9.450147881 2.885958677 1.644679837
9.481700962 2.875410565 1.551913262
9.513359396 2.881562800 1.476257028
9.545123534 2.870827798 1.399818874
9.576993730 2.855210425 1.334342838
9.608970336 2.855335087 1.274372525
9.641053710 2.843417661 1.209136569
9.673244206 2.826938766 1.142442355
9.705542184 2.798322586 1.105257998
9.737948001 2.794200557 1.067997391
9.770462017 2.796124250 1.018104759
9.803084595 2.769021059 0.955186966
9.835816096 2.749969078 0.920324086
9.868656884 2.725320650 0.884320827
9.901607325 2.701729630 0.861619767
9.934667783 2.689895492 0.847371249
9.967838627 2.702042970 0.836468887
10.001120225 2.722461919 0.786580128
10.034512947 2.703973273 0.728081833
10.068017164 2.684689729 0.694288890
10.101633248 2.670487286 0.656888737
10.135361573 2.639385352 0.632263505
10.169202513 2.634936659 0.610811928
10.203156445 2.621020748 0.577384819
10.237223745 2.598817096 0.556064122
10.271404793 2.594856780 0.536316160
10.305699967 2.583787938 0.503048838
10.340109650 2.559349375 0.474761735
10.374634223 2.550136991 0.462016746
10.409274070 2.539625417 0.428922376
10.444029576 2.512404237 0.401453495
10.478901127 2.495439261 0.389543661
10.513889111 2.483280548 0.371058893
10.548993916 2.469772898 0.347278271
10.584215933 2.447454362 0.321580109
10.619555552 2.423984906 0.315794087
10.655013166 2.415075045 0.300534593
10.690589170 2.399734831 0.282000214
10.726283959 2.378994646 0.271164218
10.762097928 2.379851677 0.264482052
10.798031477 2.378115623 0.226357281
10.834085005 2.332898953 0.197797696
10.870258911 2.307564642 0.194489482
10.906553599 2.291719784 0.189972571
10.942969471 2.279142482 0.178464423
10.979506931 2.264198432 0.160574912
11.016166387 2.241085596 0.147024012
11.052948245 2.217877779 0.140311844
11.089852913 2.203685608 0.135265421
11.126880803 2.187690237 0.124364366
11.164032325 2.172834960 0.115436825
11.201307892 2.152972969 0.103380876
11.238707918 2.135108944 0.097768017
11.276232819 2.120964034 0.092124086
11.313883012 2.116667782 0.082504989
11.351658916 2.100870556 0.054344143
11.389560949 2.068142211 0.034150226
11.427589533 2.034164914 0.025939268
11.465745091 2.006542634 0.022269074
11.504028046 1.979989633 0.017733984
11.542438824 1.952257305 0.013169628
11.580977852 1.922117975 0.013465392
11.619645557 1.896151578 0.015714025
11.658442371 1.873796173 0.017229120
11.697368722 1.845567205 0.011870430
11.736425045 1.813966891 0.014113737
11.775611773 1.783338877 0.022404191
11.814929342 1.758209344 0.027070308
11.854378188 1.726712965 0.032045625
11.893958749 1.697747715 0.040184340
11.933671466 1.664363036 0.042523206
11.973516780 1.619066527 0.053662590
12.013495133 1.570497871 0.081991348
12.053606970 1.548982909 0.112118500
12.093852736 1.517750143 0.126970033
12.134232879 1.467695676 0.167217349
12.174747847 1.428985474 0.199386079
12.215398090 1.401022965 0.253730724
12.256184060 1.373753625 0.302289107
12.297106211 1.356176840 0.356990504
12.338164996 1.319814785 0.401652227
12.379360873 1.277769360 0.491622650
12.420694298 1.259437628 0.605400316
12.462165731 1.268555619 0.701371179
12.503775634 1.223409090 0.845629538
12.545524467 1.319829112 1.063679549
12.587412696 1.581526121 1.217920563
12.629440785 1.807351416 1.236983490
12.671609201 2.000352317 1.180266897
12.713918414 2.169265236 1.081051421
12.756368893 2.292454014 0.939344291
12.798961110 2.344352291 0.799562177
12.841695537 2.351461334 0.671611943
12.884572651 2.338971572 0.557380353
12.927592927 2.301190813 0.475377462
12.970756843 2.275418583 0.423921019
13.014064879 2.251847025 0.362875762
13.057517517 2.217364277 0.294431412
13.101115238 2.158084450 0.275797992
13.144858528 2.127152018 0.257774920
13.188747872 2.090752609 0.230397291
13.232783758 2.054808705 0.222610967
13.276966675 2.024696929 0.215262352
13.321297115 1.994532471 0.210867902
13.365775569 1.973139494 0.212819927
13.410402533 1.950202568 0.207006720
13.455178501 1.927244956 0.209824035
13.500103972 1.908392150 0.212728289
13.545179444 1.891370784 0.215642239
13.590405419 1.875537757 0.218565920
13.635782399 1.860474424 0.221499362
13.681310888 1.845836825 0.224442599
13.726991391 1.831253806 0.227395663
13.772824418 1.816181871 0.230358586
13.818810476 1.799345606 0.233331403
13.864950077 1.779002758 0.242518405
13.911243733 1.764480832 0.254917912
13.957691959 1.752654270 0.266728005
14.004295271 1.740501337 0.278272876
14.051054187 1.726705132 0.292484750
14.097969226 1.724622011 0.313246962
14.145040910 1.716739228 0.318603787
14.192269761 1.707091997 0.333483879
14.239656304 1.697384839 0.348475809
14.287201067 1.679938808 0.379813978
14.334904576 1.699114173 0.411160274
14.382767362 1.714399457 0.428066887
14.430789958 1.729092230 0.432546805
14.478972896 1.733089144 0.436416534
14.527316712 1.741843283 0.450730118
14.575821943 1.746663351 0.457583182
14.624489128 1.761574112 0.469128441
14.673318808 1.773610031 0.472898486
14.722311525 1.784982762 0.476681118
14.771467824 1.798176541 0.480476381
14.820788251 1.817059997 0.477846397
14.870273354 1.832899317 0.468756304
14.919923682 1.830218916 0.436196655
14.969739788 1.818333392 0.439856744
15.019722225 1.816013550 0.443529054
