10000.000000 2.070172 0.000023 
5000.000000 2.070177 0.000046 
3333.333333 2.070185 0.000069 
2500.000000 2.070197 0.000092 
2000.000000 2.070212 0.000116 
1666.666667 2.070231 0.000139 
1428.571429 2.070253 0.000162 
1250.000000 2.070278 0.000185 
1111.111111 2.070307 0.000208 
1000.000000 2.070339 0.000231 
909.090909 2.070375 0.000255 
833.333333 2.070414 0.000278 
769.230769 2.070456 0.000301 
714.285714 2.070502 0.000324 
666.666667 2.070551 0.000348 
625.000000 2.070604 0.000371 
588.235294 2.070660 0.000394 
555.555556 2.070719 0.000418 
526.315789 2.070782 0.000441 
500.000000 2.070848 0.000464 
476.190476 2.070918 0.000488 
454.545455 2.070991 0.000511 
434.782609 2.071067 0.000535 
416.666667 2.071147 0.000559 
400.000000 2.071230 0.000582 
384.615385 2.071317 0.000606 
370.370370 2.071407 0.000629 
357.142857 2.071501 0.000653 
344.827586 2.071598 0.000677 
333.333333 2.071699 0.000701 
322.580645 2.071803 0.000725 
312.500000 2.071910 0.000749 
303.030303 2.072021 0.000772 
294.117647 2.072136 0.000797 
285.714286 2.072254 0.000821 
277.777778 2.072376 0.000845 
270.270270 2.072501 0.000869 
263.157895 2.072629 0.000893 
256.410256 2.072761 0.000918 
250.000000 2.072897 0.000942 
243.902439 2.073036 0.000966 
238.095238 2.073179 0.000991 
232.558140 2.073325 0.001015 
227.272727 2.073475 0.001040 
222.222222 2.073628 0.001065 
217.391304 2.073785 0.001090 
212.765957 2.073945 0.001115 
208.333333 2.074110 0.001140 
204.081633 2.074277 0.001165 
200.000000 2.074449 0.001190 
196.078431 2.074624 0.001215 
192.307692 2.074802 0.001240 
188.679245 2.074985 0.001266 
185.185185 2.075171 0.001291 
181.818182 2.075360 0.001317 
178.571429 2.075553 0.001342 
175.438596 2.075750 0.001368 
172.413793 2.075951 0.001394 
169.491525 2.076155 0.001420 
166.666667 2.076364 0.001446 
163.934426 2.076575 0.001472 
161.290323 2.076791 0.001499 
158.730159 2.077010 0.001525 
156.250000 2.077234 0.001552 
153.846154 2.077460 0.001578 
151.515152 2.077691 0.001605 
149.253731 2.077926 0.001632 
147.058824 2.078164 0.001659 
144.927536 2.078406 0.001686 
142.857143 2.078653 0.001713 
140.845070 2.078903 0.001741 
138.888889 2.079156 0.001768 
136.986301 2.079414 0.001796 
135.135135 2.079676 0.001824 
133.333333 2.079942 0.001852 
131.578947 2.080211 0.001880 
129.870130 2.080485 0.001908 
128.205128 2.080762 0.001937 
126.582278 2.081044 0.001965 
125.000000 2.081330 0.001994 
123.456790 2.081619 0.002023 
121.951220 2.081913 0.002052 
120.481928 2.082211 0.002081 
119.047619 2.082513 0.002110 
117.647059 2.082819 0.002140 
116.279070 2.083129 0.002169 
114.942529 2.083443 0.002199 
113.636364 2.083762 0.002229 
112.359551 2.084084 0.002260 
111.111111 2.084411 0.002290 
109.890110 2.084742 0.002321 
108.695652 2.085078 0.002351 
107.526882 2.085417 0.002382 
106.382979 2.085761 0.002414 
105.263158 2.086110 0.002445 
104.166667 2.086462 0.002476 
103.092784 2.086819 0.002508 
102.040816 2.087181 0.002540 
101.010101 2.087546 0.002573 
100.000000 2.087917 0.002605 
99.009901 2.088292 0.002638 
98.039216 2.088671 0.002671 
97.087379 2.089055 0.002704 
96.153846 2.089443 0.002737 
95.238095 2.089836 0.002771 
94.339623 2.090233 0.002805 
93.457944 2.090635 0.002839 
92.592593 2.091042 0.002873 
91.743119 2.091454 0.002908 
90.909091 2.091870 0.002943 
90.090090 2.092291 0.002978 
89.285714 2.092716 0.003013 
88.495575 2.093147 0.003049 
87.719298 2.093582 0.003085 
86.956522 2.094022 0.003121 
86.206897 2.094467 0.003158 
85.470085 2.094917 0.003195 
84.745763 2.095372 0.003232 
84.033613 2.095832 0.003269 
83.333333 2.096297 0.003307 
82.644628 2.096767 0.003345 
81.967213 2.097242 0.003384 
81.300813 2.097722 0.003422 
80.645161 2.098208 0.003462 
80.000000 2.098698 0.003501 
79.365079 2.099194 0.003541 
78.740157 2.099695 0.003581 
78.125000 2.100201 0.003622 
77.519380 2.100713 0.003663 
76.923077 2.101230 0.003704 
76.335878 2.101753 0.003745 
75.757576 2.102281 0.003788 
75.187970 2.102814 0.003830 
74.626866 2.103353 0.003873 
74.074074 2.103898 0.003916 
73.529412 2.104448 0.003960 
72.992701 2.105004 0.004004 
72.463768 2.105566 0.004049 
71.942446 2.106133 0.004094 
71.428571 2.106706 0.004139 
70.921986 2.107285 0.004185 
70.422535 2.107870 0.004232 
69.930070 2.108461 0.004279 
69.444444 2.109058 0.004326 
68.965517 2.109661 0.004374 
68.493151 2.110271 0.004423 
68.027211 2.110886 0.004472 
67.567568 2.111507 0.004521 
67.114094 2.112135 0.004571 
66.666667 2.112769 0.004622 
66.225166 2.113410 0.004673 
65.789474 2.114056 0.004725 
65.359477 2.114710 0.004778 
64.935065 2.115370 0.004831 
64.516129 2.116036 0.004885 
64.102564 2.116709 0.004939 
63.694268 2.117389 0.004994 
63.291139 2.118076 0.005050 
62.893082 2.118769 0.005106 
62.500000 2.119470 0.005163 
62.111801 2.120177 0.005221 
61.728395 2.120892 0.005280 
61.349693 2.121613 0.005339 
60.975610 2.122342 0.005399 
60.606061 2.123078 0.005460 
60.240964 2.123821 0.005522 
59.880240 2.124572 0.005584 
59.523810 2.125330 0.005648 
59.171598 2.126096 0.005712 
58.823529 2.126870 0.005777 
58.479532 2.127651 0.005844 
58.139535 2.128440 0.005911 
57.803468 2.129236 0.005979 
57.471264 2.130041 0.006048 
57.142857 2.130854 0.006119 
56.818182 2.131675 0.006190 
56.497175 2.132504 0.006262 
56.179775 2.133341 0.006336 
55.865922 2.134187 0.006411 
55.555556 2.135042 0.006487 
55.248619 2.135905 0.006564 
54.945055 2.136776 0.006642 
54.644809 2.137657 0.006722 
54.347826 2.138546 0.006803 
54.054054 2.139445 0.006886 
53.763441 2.140352 0.006970 
53.475936 2.141269 0.007056 
53.191489 2.142195 0.007143 
52.910053 2.143131 0.007232 
52.631579 2.144076 0.007323 
52.356021 2.145031 0.007415 
52.083333 2.145996 0.007509 
51.813472 2.146971 0.007605 
51.546392 2.147956 0.007703 
51.282051 2.148951 0.007803 
51.020408 2.149957 0.007906 
50.761421 2.150973 0.008010 
50.505051 2.152000 0.008117 
50.251256 2.153038 0.008226 
50.000000 2.154087 0.008338 
49.751244 2.155147 0.008452 
49.504950 2.156218 0.008570 
49.261084 2.157301 0.008690 
49.019608 2.158395 0.008813 
48.780488 2.159502 0.008940 
48.543689 2.160620 0.009069 
48.309179 2.161751 0.009203 
48.076923 2.162895 0.009340 
47.846890 2.164051 0.009481 
47.619048 2.165220 0.009627 
47.393365 2.166402 0.009776 
47.169811 2.167598 0.009931 
46.948357 2.168807 0.010091 
46.728972 2.170030 0.010256 
46.511628 2.171268 0.010426 
46.296296 2.172520 0.010603 
46.082949 2.173787 0.010787 
45.871560 2.175069 0.010977 
45.662100 2.176366 0.011175 
45.454545 2.177679 0.011381 
45.248869 2.179008 0.011596 
45.045045 2.180354 0.011821 
44.843049 2.181716 0.012056 
44.642857 2.183096 0.012302 
44.444444 2.184493 0.012560 
44.247788 2.185909 0.012832 
44.052863 2.187342 0.013119 
43.859649 2.188795 0.013422 
43.668122 2.190266 0.013743 
43.478261 2.191758 0.014084 
43.290043 2.193269 0.014447 
43.103448 2.194800 0.014835 
42.918455 2.196352 0.015251 
42.735043 2.197925 0.015699 
42.553191 2.199518 0.016182 
42.372881 2.201131 0.016707 
42.194093 2.202764 0.017277 
42.016807 2.204415 0.017901 
41.841004 2.206083 0.018587 
41.666667 2.207764 0.019345 
41.493776 2.209454 0.020186 
41.322314 2.211146 0.021126 
41.152263 2.212830 0.022181 
40.983607 2.214492 0.023372 
40.816327 2.216108 0.024725 
40.650407 2.217647 0.026266 
40.485830 2.219061 0.028029 
40.322581 2.220277 0.030044 
40.160643 2.221192 0.032335 
40.000000 2.221658 0.034903 
39.840637 2.221472 0.037693 
39.682540 2.220381 0.040543 
39.525692 2.218138 0.043106 
39.370079 2.214638 0.044789 
39.215686 2.210159 0.044824 
39.062500 2.205553 0.042598 
38.910506 2.202047 0.038154 
38.759690 2.200608 0.032354 
38.610039 2.201420 0.026399 
38.461538 2.203990 0.021183 
38.314176 2.207616 0.017073 
38.167939 2.211717 0.014046 
38.022814 2.215930 0.011914 
37.878788 2.220063 0.010463 
37.735849 2.224033 0.009508 
37.593985 2.227818 0.008907 
37.453184 2.231424 0.008558 
37.313433 2.234870 0.008387 
37.174721 2.238177 0.008344 
37.037037 2.241368 0.008391 
36.900369 2.244462 0.008504 
36.764706 2.247478 0.008664 
36.630037 2.250430 0.008858 
36.496350 2.253331 0.009078 
36.363636 2.256193 0.009316 
36.231884 2.259025 0.009568 
36.101083 2.261835 0.009830 
35.971223 2.264631 0.010100 
35.842294 2.267417 0.010376 
35.714286 2.270200 0.010656 
35.587189 2.272984 0.010940 
35.460993 2.275772 0.011228 
35.335689 2.278569 0.011518 
35.211268 2.281378 0.011810 
35.087719 2.284200 0.012105 
34.965035 2.287040 0.012402 
34.843206 2.289899 0.012701 
34.722222 2.292780 0.013003 
34.602076 2.295684 0.013307 
34.482759 2.298614 0.013613 
34.364261 2.301571 0.013922 
34.246575 2.304556 0.014234 
34.129693 2.307572 0.014549 
34.013605 2.310620 0.014867 
33.898305 2.313702 0.015189 
33.783784 2.316819 0.015515 
33.670034 2.319972 0.015844 
33.557047 2.323162 0.016178 
33.444816 2.326392 0.016516 
33.333333 2.329663 0.016859 
33.222591 2.332975 0.017207 
33.112583 2.336331 0.017560 
33.003300 2.339731 0.017919 
32.894737 2.343177 0.018283 
32.786885 2.346671 0.018653 
32.679739 2.350213 0.019030 
32.573290 2.353806 0.019413 
32.467532 2.357451 0.019804 
32.362460 2.361148 0.020201 
32.258065 2.364900 0.020606 
32.154341 2.368709 0.021019 
32.051282 2.372575 0.021441 
31.948882 2.376501 0.021870 
31.847134 2.380487 0.022309 
31.746032 2.384537 0.022757 
31.645570 2.388650 0.023215 
31.545741 2.392831 0.023683 
31.446541 2.397079 0.024162 
31.347962 2.401397 0.024652 
31.250000 2.405788 0.025153 
31.152648 2.410252 0.025666 
31.055901 2.414793 0.026191 
30.959752 2.419412 0.026730 
30.864198 2.424112 0.027282 
30.769231 2.428895 0.027848 
30.674847 2.433764 0.028428 
30.581040 2.438720 0.029024 
30.487805 2.443767 0.029636 
30.395137 2.448907 0.030264 
30.303030 2.454144 0.030910 
30.211480 2.459479 0.031574 
30.120482 2.464917 0.032257 
30.030030 2.470461 0.032959 
29.940120 2.476113 0.033683 
29.850746 2.481878 0.034427 
29.761905 2.487758 0.035195 
29.673591 2.493759 0.035985 
29.585799 2.499883 0.036801 
29.498525 2.506135 0.037642 
29.411765 2.512520 0.038511 
29.325513 2.519042 0.039408 
29.239766 2.525705 0.040335 
29.154519 2.532515 0.041293 
29.069767 2.539478 0.042284 
28.985507 2.546599 0.043310 
28.901734 2.553883 0.044373 
28.818444 2.561337 0.045473 
28.735632 2.568968 0.046615 
28.653295 2.576782 0.047799 
28.571429 2.584787 0.049029 
28.490028 2.592991 0.050306 
28.409091 2.601402 0.051634 
28.328612 2.610028 0.053016 
28.248588 2.618880 0.054454 
28.169014 2.627966 0.055953 
28.089888 2.637297 0.057517 
28.011204 2.646885 0.059149 
27.932961 2.656741 0.060854 
27.855153 2.666879 0.062638 
27.777778 2.677312 0.064505 
27.700831 2.688055 0.066462 
27.624309 2.699123 0.068516 
27.548209 2.710535 0.070673 
27.472527 2.722308 0.072942 
27.397260 2.734462 0.075333 
27.322404 2.747020 0.077854 
27.247956 2.760004 0.080518 
27.173913 2.773440 0.083337 
27.100271 2.787357 0.086326 
27.027027 2.801785 0.089501 
26.954178 2.816757 0.092880 
26.881720 2.832312 0.096484 
26.809651 2.848490 0.100338 
26.737968 2.865336 0.104470 
26.666667 2.882900 0.108912 
26.595745 2.901241 0.113702 
26.525199 2.920420 0.118886 
26.455026 2.940508 0.124517 
26.385224 2.961587 0.130657 
26.315789 2.983745 0.137383 
26.246719 3.007087 0.144788 
26.178010 3.031729 0.152984 
26.109661 3.057805 0.162113 
26.041667 3.085469 0.172349 
25.974026 3.114895 0.183913 
25.906736 3.146285 0.197088 
25.839793 3.179863 0.212240 
25.773196 3.215885 0.229849 
25.706941 3.254625 0.250552 
25.641026 3.296367 0.275208 
25.575448 3.341369 0.304992 
25.510204 3.389787 0.341525 
25.445293 3.441519 0.387068 
25.380711 3.495881 0.444768 
25.316456 3.550967 0.518933 
25.252525 3.602395 0.615132 
25.188917 3.641114 0.739477 
25.125628 3.650365 0.895449 
25.062657 3.604468 1.075547 
25.000000 3.477995 1.248520 
24.937656 3.272742 1.358661 
24.875622 3.038516 1.360220 
24.813896 2.845399 1.258693 
24.752475 2.734193 1.102412 
24.691358 2.703505 0.942195 
24.630542 2.729644 0.807180 
24.570025 2.787914 0.705338 
24.509804 2.861472 0.633655 
24.449878 2.941095 0.586084 
24.390244 3.022439 0.557033 
24.330900 3.103782 0.542254 
24.271845 3.184695 0.538794 
24.213075 3.265355 0.544706 
24.154589 3.346193 0.558795 
24.096386 3.427742 0.580427 
24.038462 3.510548 0.609403 
23.980815 3.595135 0.645887 
23.923445 3.681974 0.690368 
23.866348 3.771461 0.743655 
23.809524 3.863877 0.806890 
23.752969 3.959335 0.881586 
23.696682 4.057692 0.969670 
23.640662 4.158414 1.073545 
23.584906 4.260371 1.196132 
23.529412 4.361541 1.340880 
23.474178 4.458577 1.511678 
23.419204 4.546251 1.712564 
23.364486 4.616800 1.947056 
23.310023 4.659380 2.216902 
23.255814 4.660099 2.520064 
23.201856 4.603393 2.848164 
23.148148 4.475585 3.184432 
23.094688 4.270383 3.504202 
23.041475 3.993931 3.779751 
22.988506 3.665525 3.988456 
22.935780 3.312265 4.119695 
22.883295 2.960702 4.176208 
22.831050 2.630559 4.170080 
22.779043 2.332882 4.116985 
22.727273 2.071491 4.031851 
22.675737 1.845559 3.926804 
22.624434 1.651859 3.810778 
22.573363 1.486288 3.689940 
22.522523 1.344701 3.568339 
22.471910 1.223317 3.448518 
22.421525 1.118856 3.331993 
22.371365 1.028555 3.219600 
22.321429 0.950115 3.111732 
22.271715 0.881646 3.008506 
22.222222 0.821592 2.909865 
22.172949 0.768673 2.815650 
22.123894 0.721835 2.725643 
22.075055 0.680209 2.639601 
22.026432 0.643072 2.557268 
21.978022 0.609821 2.478389 
21.929825 0.579954 2.402719 
21.881838 0.553047 2.330023 
21.834061 0.528743 2.260080 
21.786492 0.506738 2.192682 
21.739130 0.486776 2.127637 
21.691974 0.468636 2.064766 
21.645022 0.452129 2.003902 
21.598272 0.437094 1.944892 
21.551724 0.423392 1.887591 
21.505376 0.410902 1.831868 
21.459227 0.399521 1.777597 
21.413276 0.389160 1.724663 
21.367521 0.379743 1.672958 
21.321962 0.371203 1.622378 
21.276596 0.363485 1.572829 
21.231423 0.356543 1.524219 
21.186441 0.350337 1.476461 
21.141649 0.344837 1.429473 
21.097046 0.340018 1.383176 
21.052632 0.335864 1.337493 
21.008403 0.332365 1.292351 
20.964361 0.329518 1.247676 
20.920502 0.327328 1.203400 
20.876827 0.325807 1.159453 
20.833333 0.324977 1.115768 
20.790021 0.324870 1.072279 
20.746888 0.325528 1.028921 
20.703934 0.327007 0.985633 
20.661157 0.329379 0.942357 
20.618557 0.332732 0.899039 
20.576132 0.337177 0.855638 
20.533881 0.342849 0.812122 
20.491803 0.349909 0.768486 
20.449898 0.358550 0.724752 
20.408163 0.368992 0.680995 
20.366599 0.381474 0.637352 
20.325203 0.396241 0.594051 
20.283976 0.413505 0.551427 
20.242915 0.433399 0.509925 
20.202020 0.455915 0.470075 
20.161290 0.480858 0.432430 
20.120724 0.507835 0.397477 
20.080321 0.536304 0.365542 
20.040080 0.565665 0.336751 
20.000000 0.595351 0.311040 
19.960080 0.624891 0.288205 
19.920319 0.653932 0.267966 
19.880716 0.682237 0.250017 
19.841270 0.709657 0.234061 
19.801980 0.736114 0.219827 
19.762846 0.761579 0.207076 
19.723866 0.786052 0.195606 
19.685039 0.809556 0.185241 
19.646365 0.832124 0.175836 
19.607843 0.853797 0.167266 
19.569472 0.874618 0.159427 
19.531250 0.894632 0.152232 
19.493177 0.913883 0.145604 
19.455253 0.932412 0.139480 
19.417476 0.950261 0.133806 
19.379845 0.967467 0.128533 
19.342360 0.984067 0.123622 
19.305019 1.000094 0.119036 
19.267823 1.015579 0.114745 
19.230769 1.030551 0.110722 
19.193858 1.045039 0.106942 
19.157088 1.059067 0.103385 
19.120459 1.072659 0.100032 
19.083969 1.085837 0.096867 
19.047619 1.098622 0.093874 
19.011407 1.111034 0.091040 
18.975332 1.123089 0.088354 
18.939394 1.134806 0.085804 
18.903592 1.146199 0.083380 
18.867925 1.157284 0.081075 
18.832392 1.168075 0.078880 
18.796992 1.178584 0.076787 
18.761726 1.188824 0.074790 
18.726592 1.198807 0.072883 
18.691589 1.208543 0.071060 
18.656716 1.218042 0.069316 
18.621974 1.227315 0.067647 
18.587361 1.236370 0.066048 
18.552876 1.245217 0.064515 
18.518519 1.253862 0.063044 
18.484288 1.262315 0.061632 
18.450185 1.270582 0.060276 
18.416206 1.278671 0.058973 
18.382353 1.286587 0.057720 
18.348624 1.294339 0.056514 
18.315018 1.301930 0.055353 
18.281536 1.309368 0.054235 
18.248175 1.316657 0.053158 
18.214936 1.323803 0.052119 
18.181818 1.330810 0.051118 
18.148820 1.337684 0.050152 
18.115942 1.344429 0.049219 
18.083183 1.351049 0.048319 
18.050542 1.357549 0.047449 
18.018018 1.363932 0.046609 
17.985612 1.370202 0.045796 
17.953321 1.376363 0.045011 
17.921147 1.382418 0.044252 
17.889088 1.388370 0.043517 
17.857143 1.394224 0.042806 
17.825312 1.399981 0.042118 
17.793594 1.405645 0.041452 
17.761989 1.411218 0.040807 
17.730496 1.416704 0.040182 
17.699115 1.422105 0.039577 
17.667845 1.427423 0.038990 
17.636684 1.432661 0.038422 
17.605634 1.437822 0.037871 
17.574692 1.442907 0.037337 
17.543860 1.447919 0.036819 
17.513135 1.452860 0.036317 
17.482517 1.457731 0.035830 
17.452007 1.462536 0.035358 
17.421603 1.467275 0.034900 
17.391304 1.471950 0.034456 
17.361111 1.476564 0.034026 
17.331023 1.481118 0.033608 
17.301038 1.485614 0.033202 
17.271157 1.490053 0.032809 
17.241379 1.494437 0.032428 
17.211704 1.498767 0.032058 
17.182131 1.503045 0.031699 
17.152659 1.507272 0.031351 
17.123288 1.511450 0.031014 
17.094017 1.515580 0.030687 
17.064846 1.519663 0.030370 
17.035775 1.523700 0.030062 
17.006803 1.527693 0.029764 
16.977929 1.531643 0.029476 
16.949153 1.535552 0.029196 
16.920474 1.539419 0.028926 
16.891892 1.543247 0.028664 
16.863406 1.547036 0.028410 
16.835017 1.550787 0.028165 
16.806723 1.554502 0.027928 
16.778523 1.558181 0.027699 
16.750419 1.561825 0.027478 
16.722408 1.565436 0.027265 
16.694491 1.569013 0.027059 
16.666667 1.572559 0.026861 
16.638935 1.576074 0.026670 
16.611296 1.579558 0.026486 
16.583748 1.583014 0.026310 
16.556291 1.586440 0.026140 
16.528926 1.589839 0.025978 
16.501650 1.593210 0.025822 
16.474465 1.596556 0.025674 
16.447368 1.599875 0.025532 
16.420361 1.603170 0.025397 
16.393443 1.606441 0.025269 
16.366612 1.609688 0.025147 
16.339869 1.612913 0.025032 
16.313214 1.616116 0.024924 
16.286645 1.619297 0.024822 
16.260163 1.622457 0.024727 
16.233766 1.625597 0.024639 
16.207455 1.628718 0.024558 
16.181230 1.631820 0.024483 
16.155089 1.634903 0.024415 
16.129032 1.637968 0.024353 
16.103060 1.641017 0.024299 
16.077170 1.644048 0.024252 
16.051364 1.647064 0.024211 
16.025641 1.650064 0.024178 
16.000000 1.653049 0.024152 
15.974441 1.656019 0.024133 
15.948963 1.658975 0.024122 
15.923567 1.661918 0.024118 
15.898251 1.664847 0.024122 
15.873016 1.667764 0.024135 
15.847861 1.670669 0.024155 
15.822785 1.673562 0.024184 
15.797788 1.676443 0.024221 
15.772871 1.679313 0.024267 
15.748031 1.682173 0.024322 
15.723270 1.685022 0.024387 
15.698587 1.687862 0.024461 
15.673981 1.690692 0.024545 
15.649452 1.693512 0.024640 
15.625000 1.696323 0.024746 
15.600624 1.699125 0.024863 
15.576324 1.701918 0.024991 
15.552100 1.704703 0.025131 
15.527950 1.707479 0.025285 
15.503876 1.710246 0.025451 
15.479876 1.713004 0.025631 
15.455951 1.715754 0.025825 
15.432099 1.718494 0.026034 
15.408320 1.721225 0.026258 
15.384615 1.723945 0.026498 
15.360983 1.726656 0.026755 
15.337423 1.729355 0.027030 
15.313936 1.732042 0.027322 
15.290520 1.734715 0.027633 
15.267176 1.737375 0.027962 
15.243902 1.740018 0.028311 
15.220700 1.742644 0.028680 
15.197568 1.745251 0.029068 
15.174507 1.747836 0.029477 
15.151515 1.750398 0.029904 
15.128593 1.752932 0.030351 
15.105740 1.755437 0.030815 
15.082956 1.757909 0.031296 
15.060241 1.760346 0.031790 
15.037594 1.762742 0.032296 
15.015015 1.765096 0.032809 
14.992504 1.767404 0.033324 
14.970060 1.769662 0.033837 
14.947683 1.771869 0.034339 
14.925373 1.774023 0.034824 
14.903130 1.776124 0.035283 
14.880952 1.778173 0.035705 
14.858841 1.780174 0.036081 
14.836795 1.782131 0.036401 
14.814815 1.784052 0.036653 
14.792899 1.785947 0.036831 
14.771049 1.787828 0.036925 
14.749263 1.789710 0.036931 
14.727541 1.791607 0.036846 
14.705882 1.793535 0.036672 
14.684288 1.795511 0.036411 
14.662757 1.797549 0.036072 
14.641288 1.799661 0.035662 
14.619883 1.801859 0.035196 
14.598540 1.804150 0.034684 
14.577259 1.806538 0.034142 
14.556041 1.809026 0.033583 
14.534884 1.811613 0.033020 
14.513788 1.814297 0.032463 
14.492754 1.817074 0.031924 
14.471780 1.819938 0.031411 
14.450867 1.822883 0.030930 
14.430014 1.825904 0.030488 
14.409222 1.828995 0.030086 
14.388489 1.832150 0.029728 
14.367816 1.835363 0.029416 
14.347202 1.838630 0.029150 
14.326648 1.841947 0.028930 
14.306152 1.845310 0.028755 
14.285714 1.848717 0.028625 
14.265335 1.852166 0.028538 
14.245014 1.855654 0.028493 
14.224751 1.859181 0.028490 
14.204545 1.862746 0.028527 
14.184397 1.866349 0.028602 
14.164306 1.869990 0.028715 
14.144272 1.873669 0.028865 
14.124294 1.877387 0.029052 
14.104372 1.881145 0.029273 
14.084507 1.884945 0.029529 
14.064698 1.888787 0.029820 
14.044944 1.892673 0.030145 
14.025245 1.896605 0.030505 
14.005602 1.900585 0.030898 
13.986014 1.904616 0.031327 
13.966480 1.908699 0.031791 
13.947001 1.912838 0.032290 
13.927577 1.917034 0.032826 
13.908206 1.921290 0.033400 
13.888889 1.925610 0.034012 
13.869626 1.929997 0.034665 
13.850416 1.934453 0.035359 
13.831259 1.938983 0.036096 
13.812155 1.943590 0.036878 
13.793103 1.948277 0.037708 
13.774105 1.953050 0.038587 
13.755158 1.957912 0.039518 
13.736264 1.962868 0.040505 
13.717421 1.967923 0.041550 
13.698630 1.973081 0.042657 
13.679891 1.978348 0.043830 
13.661202 1.983730 0.045073 
13.642565 1.989232 0.046390 
13.623978 1.994862 0.047787 
13.605442 2.000625 0.049270 
13.586957 2.006529 0.050844 
13.568521 2.012582 0.052517 
13.550136 2.018791 0.054296 
13.531800 2.025165 0.056189 
13.513514 2.031714 0.058205 
13.495277 2.038446 0.060355 
13.477089 2.045372 0.062650 
13.458950 2.052503 0.065101 
13.440860 2.059851 0.067724 
13.422819 2.067428 0.070532 
13.404826 2.075247 0.073544 
13.386881 2.083322 0.076778 
13.368984 2.091668 0.080256 
13.351135 2.100300 0.084002 
13.333333 2.109236 0.088042 
13.315579 2.118492 0.092407 
13.297872 2.128087 0.097130 
13.280212 2.138041 0.102251 
13.262599 2.148373 0.107814 
13.245033 2.159104 0.113867 
13.227513 2.170255 0.120468 
13.210040 2.181846 0.127681 
13.192612 2.193900 0.135579 
13.175231 2.206435 0.144249 
13.157895 2.219469 0.153786 
13.140604 2.233016 0.164302 
13.123360 2.247086 0.175926 
13.106160 2.261681 0.188807 
13.089005 2.276793 0.203115 
13.071895 2.292397 0.219047 
13.054830 2.308449 0.236831 
13.037810 2.324875 0.256726 
13.020833 2.341563 0.279031 
13.003901 2.358345 0.304082 
12.987013 2.374984 0.332254 
12.970169 2.391146 0.363961 
12.953368 2.406373 0.399642 
12.936611 2.420047 0.439743 
12.919897 2.431351 0.484678 
12.903226 2.439230 0.534778 
12.886598 2.442363 0.590194 
12.870013 2.439154 0.650778 
12.853470 2.427786 0.715929 
12.836970 2.406341 0.784423 
12.820513 2.373042 0.854274 
12.804097 2.326587 0.922703 
12.787724 2.266545 0.986275 
12.771392 2.193687 1.041269 
12.755102 2.110108 1.084225 
12.738854 2.019048 1.112518 
12.722646 1.924432 1.124775 
12.706480 1.830272 1.120993 
12.690355 1.740144 1.102356 
12.674271 1.656850 1.070877 
12.658228 1.582318 1.028991 
12.642225 1.517658 0.979230 
12.626263 1.463310 0.924001 
12.610340 1.419209 0.865476 
12.594458 1.384915 0.805538 
12.578616 1.359732 0.745779 
12.562814 1.342775 0.687500 
12.547051 1.333043 0.631714 
12.531328 1.329472 0.579159 
12.515645 1.330994 0.530310 
12.500000 1.336594 0.485406 
12.484395 1.345346 0.444491 
12.468828 1.356443 0.407458 
12.453300 1.369210 0.374097 
12.437811 1.383098 0.344137 
12.422360 1.397674 0.317278 
12.406948 1.412608 0.293212 
12.391574 1.427650 0.271643 
12.376238 1.442617 0.252295 
12.360939 1.457379 0.234914 
12.345679 1.471844 0.219275 
12.330456 1.485952 0.205174 
12.315271 1.499665 0.192434 
12.300123 1.512963 0.180899 
12.285012 1.525835 0.170431 
12.269939 1.538283 0.160911 
12.254902 1.550312 0.152234 
12.239902 1.561932 0.144308 
12.224939 1.573157 0.137054 
12.210012 1.584002 0.130400 
12.195122 1.594483 0.124285 
12.180268 1.604618 0.118655 
12.165450 1.614422 0.113462 
12.150668 1.623912 0.108664 
12.135922 1.633105 0.104223 
12.121212 1.642016 0.100107 
12.106538 1.650661 0.096285 
12.091898 1.659053 0.092732 
12.077295 1.667207 0.089424 
12.062726 1.675136 0.086340 
12.048193 1.682851 0.083461 
12.033694 1.690366 0.080771 
12.019231 1.697689 0.078255 
12.004802 1.704834 0.075898 
11.990408 1.711808 0.073688 
11.976048 1.718621 0.071614 
11.961722 1.725283 0.069667 
11.947431 1.731801 0.067836 
11.933174 1.738183 0.066114 
11.918951 1.744437 0.064493 
11.904762 1.750569 0.062965 
11.890606 1.756586 0.061526 
11.876485 1.762494 0.060168 
11.862396 1.768300 0.058886 
11.848341 1.774007 0.057676 
11.834320 1.779623 0.056533 
11.820331 1.785152 0.055453 
11.806375 1.790597 0.054433 
11.792453 1.795965 0.053468 
11.778563 1.801259 0.052555 
11.764706 1.806483 0.051692 
11.750881 1.811641 0.050875 
11.737089 1.816737 0.050103 
11.723329 1.821773 0.049373 
11.709602 1.826754 0.048682 
11.695906 1.831683 0.048028 
11.682243 1.836562 0.047411 
11.668611 1.841394 0.046827 
11.655012 1.846182 0.046275 
11.641444 1.850929 0.045754 
11.627907 1.855637 0.045263 
11.614402 1.860309 0.044799 
11.600928 1.864947 0.044362 
11.587486 1.869552 0.043951 
11.574074 1.874129 0.043564 
11.560694 1.878677 0.043201 
11.547344 1.883200 0.042860 
11.534025 1.887698 0.042541 
11.520737 1.892175 0.042242 
11.507480 1.896632 0.041964 
11.494253 1.901070 0.041705 
11.481056 1.905491 0.041464 
11.467890 1.909897 0.041242 
11.454754 1.914290 0.041037 
11.441648 1.918670 0.040849 
11.428571 1.923039 0.040677 
11.415525 1.927400 0.040521 
11.402509 1.931752 0.040381 
11.389522 1.936098 0.040255 
11.376564 1.940439 0.040144 
11.363636 1.944776 0.040047 
11.350738 1.949110 0.039965 
11.337868 1.953443 0.039895 
11.325028 1.957776 0.039839 
11.312217 1.962110 0.039796 
11.299435 1.966446 0.039765 
11.286682 1.970786 0.039747 
11.273957 1.975130 0.039741 
11.261261 1.979480 0.039747 
11.248594 1.983836 0.039765 
11.235955 1.988201 0.039795 
11.223345 1.992574 0.039836 
11.210762 1.996957 0.039889 
11.198208 2.001352 0.039953 
11.185682 2.005758 0.040028 
11.173184 2.010178 0.040114 
11.160714 2.014611 0.040211 
11.148272 2.019060 0.040318 
11.135857 2.023525 0.040437 
11.123471 2.028008 0.040566 
11.111111 2.032508 0.040706 
11.098779 2.037028 0.040857 
11.086475 2.041569 0.041018 
11.074197 2.046130 0.041190 
11.061947 2.050714 0.041373 
11.049724 2.055321 0.041566 
11.037528 2.059953 0.041770 
11.025358 2.064610 0.041985 
11.013216 2.069293 0.042211 
11.001100 2.074004 0.042447 
10.989011 2.078744 0.042694 
10.976948 2.083513 0.042952 
10.964912 2.088313 0.043222 
10.952903 2.093144 0.043502 
10.940919 2.098009 0.043794 
10.928962 2.102907 0.044097 
10.917031 2.107840 0.044411 
10.905125 2.112810 0.044737 
10.893246 2.117816 0.045075 
10.881393 2.122861 0.045425 
10.869565 2.127946 0.045786 
10.857763 2.133072 0.046160 
10.845987 2.138239 0.046547 
10.834236 2.143450 0.046946 
10.822511 2.148705 0.047358 
10.810811 2.154006 0.047783 
10.799136 2.159353 0.048221 
10.787487 2.164750 0.048673 
10.775862 2.170195 0.049138 
10.764263 2.175692 0.049618 
10.752688 2.181241 0.050112 
10.741139 2.186844 0.050621 
10.729614 2.192503 0.051144 
10.718114 2.198218 0.051683 
10.706638 2.203991 0.052238 
10.695187 2.209824 0.052808 
10.683761 2.215718 0.053395 
10.672359 2.221676 0.053999 
10.660981 2.227698 0.054620 
10.649627 2.233786 0.055258 
10.638298 2.239942 0.055915 
10.626993 2.246168 0.056590 
10.615711 2.252466 0.057284 
10.604454 2.258838 0.057997 
10.593220 2.265284 0.058731 
10.582011 2.271809 0.059485 
10.570825 2.278412 0.060260 
10.559662 2.285097 0.061057 
10.548523 2.291866 0.061877 
10.537408 2.298721 0.062719 
10.526316 2.305664 0.063586 
10.515247 2.312697 0.064477 
10.504202 2.319823 0.065393 
10.493179 2.327045 0.066335 
10.482180 2.334364 0.067304 
10.471204 2.341784 0.068301 
10.460251 2.349307 0.069326 
10.449321 2.356936 0.070381 
10.438413 2.364674 0.071466 
10.427529 2.372524 0.072583 
10.416667 2.380489 0.073733 
10.405827 2.388572 0.074917 
10.395010 2.396776 0.076135 
10.384216 2.405105 0.077390 
10.373444 2.413562 0.078682 
10.362694 2.422151 0.080013 
10.351967 2.430876 0.081385 
10.341262 2.439740 0.082798 
10.330579 2.448748 0.084255 
10.319917 2.457903 0.085757 
10.309278 2.467211 0.087305 
10.298661 2.476675 0.088902 
10.288066 2.486300 0.090550 
10.277492 2.496091 0.092251 
10.266940 2.506053 0.094006 
10.256410 2.516192 0.095818 
10.245902 2.526512 0.097690 
10.235415 2.537019 0.099623 
10.224949 2.547719 0.101622 
10.214505 2.558619 0.103687 
10.204082 2.569724 0.105823 
10.193680 2.581041 0.108032 
10.183299 2.592577 0.110317 
10.172940 2.604339 0.112683 
10.162602 2.616335 0.115133 
10.152284 2.628572 0.117671 
10.141988 2.641059 0.120300 
10.131712 2.653804 0.123026 
10.121457 2.666816 0.125853 
10.111223 2.680104 0.128786 
10.101010 2.693677 0.131830 
10.090817 2.707547 0.134992 
10.080645 2.721724 0.138276 
10.070493 2.736218 0.141689 
10.060362 2.751041 0.145239 
10.050251 2.766207 0.148932 
10.040161 2.781727 0.152777 
10.030090 2.797615 0.156781 
10.020040 2.813885 0.160953 
10.010010 2.830552 0.165304 
10.000000 2.847631 0.169843 
9.990010 2.865140 0.174582 
9.980040 2.883095 0.179532 
9.970090 2.901515 0.184706 
9.960159 2.920418 0.190118 
9.950249 2.939826 0.195783 
9.940358 2.959758 0.201717 
9.930487 2.980239 0.207937 
9.920635 3.001292 0.214462 
9.910803 3.022941 0.221312 
9.900990 3.045214 0.228510 
9.891197 3.068138 0.236080 
9.881423 3.091743 0.244048 
9.871668 3.116062 0.252442 
9.861933 3.141126 0.261294 
9.852217 3.166972 0.270638 
9.842520 3.193637 0.280511 
9.832842 3.221160 0.290955 
9.823183 3.249583 0.302015 
9.813543 3.278952 0.313739 
9.803922 3.309313 0.326184 
9.794319 3.340716 0.339409 
9.784736 3.373215 0.353482 
9.775171 3.406864 0.368477 
9.765625 3.441724 0.384476 
9.756098 3.477857 0.401572 
9.746589 3.515329 0.419868 
9.737098 3.554209 0.439478 
9.727626 3.594569 0.460531 
9.718173 3.636484 0.483172 
9.708738 3.680034 0.507563 
9.699321 3.725298 0.533888 
9.689922 3.772359 0.562356 
9.680542 3.821298 0.593200 
9.671180 3.872196 0.626689 
9.661836 3.925130 0.663125 
9.652510 3.980170 0.702856 
9.643202 4.037376 0.746277 
9.633911 4.096790 0.793838 
9.624639 4.158429 0.846058 
9.615385 4.222273 0.903526 
9.606148 4.288256 0.966917 
9.596929 4.356239 1.037003 
9.587728 4.425992 1.114658 
9.578544 4.497155 1.200873 
9.569378 4.569201 1.296758 
9.560229 4.641374 1.403539 
9.551098 4.712628 1.522547 
9.541985 4.781532 1.655181 
9.532888 4.846182 1.802845 
9.523810 4.904090 1.966830 
9.514748 4.952085 2.148149 
9.505703 4.986253 2.347274 
9.496676 5.001957 2.563800 
9.487666 4.993998 2.796039 
9.478673 4.956999 3.040602 
9.469697 4.886047 3.292097 
9.460738 4.777570 3.543115 
9.451796 4.630287 3.784678 
9.442871 4.445957 4.007202 
9.433962 4.229581 4.201842 
9.425071 3.988889 4.361842 
9.416196 3.733201 4.483466 
9.407338 3.472028 4.566221 
9.398496 3.213841 4.612411 
9.389671 2.965300 4.626272 
9.380863 2.731007 4.613023 
9.372071 2.513650 4.578064 
9.363296 2.314367 4.526441 
9.354537 2.133172 4.462552 
9.345794 1.969339 4.390050 
9.337068 1.821707 4.311856 
9.328358 1.688910 4.230243 
9.319664 1.569518 4.146941 
9.310987 1.462133 4.063235 
9.302326 1.365445 3.980063 
9.293680 1.278252 3.898097 
9.285051 1.199473 3.817800 
9.276438 1.128147 3.739483 
9.267841 1.063422 3.663341 
9.259259 1.004553 3.589486 
9.250694 0.950884 3.517965 
9.242144 0.901840 3.448782 
9.233610 0.856919 3.381909 
9.225092 0.815681 3.317295 
9.216590 0.777742 3.254874 
9.208103 0.742761 3.194572 
9.199632 0.710441 3.136307 
9.191176 0.680521 3.079995 
9.182736 0.652768 3.025552 
9.174312 0.626979 2.972893 
9.165903 0.602971 2.921936 
9.157509 0.580584 2.872601 
9.149131 0.559674 2.824810 
9.140768 0.540114 2.778490 
9.132420 0.521788 2.733571 
9.124088 0.504595 2.689983 
9.115770 0.488442 2.647665 
9.107468 0.473246 2.606555 
9.099181 0.458934 2.566595 
9.090909 0.445437 2.527731 
9.082652 0.432696 2.489913 
9.074410 0.420653 2.453090 
9.066183 0.409260 2.417218 
9.057971 0.398471 2.382252 
9.049774 0.388244 2.348152 
9.041591 0.378541 2.314879 
9.033424 0.369328 2.282396 
9.025271 0.360574 2.250669 
9.017133 0.352248 2.219664 
9.009009 0.344324 2.189351 
9.000900 0.336779 2.159700 
8.992806 0.329589 2.130683 
8.984726 0.322734 2.102274 
8.976661 0.316195 2.074448 
8.968610 0.309954 2.047181 
8.960573 0.303995 2.020450 
8.952551 0.298304 1.994234 
8.944544 0.292866 1.968512 
8.936550 0.287668 1.943266 
8.928571 0.282700 1.918477 
8.920607 0.277949 1.894127 
8.912656 0.273406 1.870200 
8.904720 0.269062 1.846681 
8.896797 0.264908 1.823553 
8.888889 0.260937 1.800803 
8.880995 0.257140 1.778418 
8.873114 0.253511 1.756385 
8.865248 0.250044 1.734691 
8.857396 0.246734 1.713325 
8.849558 0.243574 1.692277 
8.841733 0.240560 1.671536 
8.833922 0.237688 1.651093 
8.826125 0.234952 1.630939 
8.818342 0.232350 1.611065 
8.810573 0.229877 1.591465 
8.802817 0.227529 1.572130 
8.795075 0.225303 1.553056 
8.787346 0.223195 1.534235 
8.779631 0.221202 1.515663 
8.771930 0.219320 1.497335 
8.764242 0.217544 1.479246 
8.756567 0.215870 1.461393 
8.748906 0.214294 1.443773 
8.741259 0.212808 1.426380 
8.733624 0.211409 1.409213 
8.726003 0.210088 1.392268 
8.718396 0.208840 1.375541 
8.710801 0.207655 1.359027 
8.703220 0.206526 1.342722 
8.695652 0.205445 1.326619 
8.688097 0.204403 1.310711 
8.680556 0.203391 1.294990 
8.673027 0.202403 1.279448 
8.665511 0.201430 1.264073 
8.658009 0.200468 1.248854 
8.650519 0.199510 1.233780 
8.643042 0.198555 1.218837 
8.635579 0.197600 1.204014 
8.628128 0.196645 1.189298 
8.620690 0.195690 1.174678 
8.613264 0.194739 1.160142 
8.605852 0.193795 1.145679 
8.598452 0.192861 1.131281 
8.591065 0.191943 1.116940 
8.583691 0.191045 1.102648 
8.576329 0.190173 1.088400 
8.568980 0.189332 1.074190 
8.561644 0.188526 1.060014 
8.554320 0.187760 1.045869 
8.547009 0.187038 1.031751 
8.539710 0.186365 1.017657 
8.532423 0.185744 1.003586 
8.525149 0.185177 0.989534 
8.517888 0.184669 0.975500 
8.510638 0.184221 0.961482 
8.503401 0.183836 0.947478 
8.496177 0.183516 0.933484 
8.488964 0.183264 0.919501 
8.481764 0.183081 0.905524 
8.474576 0.182969 0.891551 
8.467401 0.182931 0.877579 
8.460237 0.182969 0.863607 
8.453085 0.183084 0.849630 
8.445946 0.183280 0.835646 
8.438819 0.183559 0.821651 
8.431703 0.183924 0.807642 
8.424600 0.184377 0.793615 
8.417508 0.184923 0.779567 
8.410429 0.185564 0.765493 
8.403361 0.186306 0.751390 
8.396306 0.187152 0.737252 
8.389262 0.188109 0.723078 
8.382230 0.189181 0.708860 
8.375209 0.190374 0.694597 
8.368201 0.191697 0.680282 
8.361204 0.193156 0.665913 
8.354219 0.194760 0.651484 
8.347245 0.196519 0.636991 
8.340284 0.198443 0.622431 
8.333333 0.200544 0.607799 
8.326395 0.202835 0.593094 
8.319468 0.205330 0.578311 
8.312552 0.208045 0.563450 
8.305648 0.210997 0.548510 
8.298755 0.214206 0.533491 
8.291874 0.217692 0.518397 
8.285004 0.221478 0.503230 
8.278146 0.225589 0.487999 
8.271299 0.230050 0.472715 
8.264463 0.234890 0.457391 
8.257638 0.240136 0.442046 
8.250825 0.245817 0.426707 
8.244023 0.251961 0.411403 
8.237232 0.258594 0.396172 
8.230453 0.265737 0.381058 
8.223684 0.273407 0.366115 
8.216927 0.281611 0.351398 
8.210181 0.290348 0.336970 
8.203445 0.299604 0.322896 
8.196721 0.309353 0.309238 
8.190008 0.319556 0.296057 
8.183306 0.330163 0.283403 
8.176615 0.341116 0.271318 
8.169935 0.352348 0.259831 
8.163265 0.363793 0.248958 
8.156607 0.375384 0.238703 
8.149959 0.387056 0.229058 
8.143322 0.398754 0.220005 
8.136697 0.410427 0.211522 
8.130081 0.422031 0.203578 
8.123477 0.433531 0.196143 
8.116883 0.444897 0.189183 
8.110300 0.456109 0.182664 
8.103728 0.467147 0.176554 
8.097166 0.478001 0.170822 
8.090615 0.488661 0.165438 
8.084074 0.499122 0.160375 
8.077544 0.509381 0.155607 
8.071025 0.519437 0.151111 
8.064516 0.529291 0.146866 
8.058018 0.538945 0.142852 
8.051530 0.548401 0.139051 
8.045052 0.557662 0.135447 
8.038585 0.566734 0.132025 
8.032129 0.575620 0.128772 
8.025682 0.584325 0.125676 
8.019246 0.592853 0.122725 
8.012821 0.601210 0.119910 
8.006405 0.609400 0.117221 
8.000000 0.617428 0.114649 
7.993605 0.625298 0.112187 
7.987220 0.633016 0.109828 
7.980846 0.640586 0.107566 
7.974482 0.648012 0.105394 
7.968127 0.655299 0.103307 
7.961783 0.662451 0.101300 
7.955449 0.669471 0.099369 
7.949126 0.676364 0.097508 
7.942812 0.683133 0.095714 
7.936508 0.689782 0.093984 
7.930214 0.696315 0.092314 
7.923930 0.702734 0.090701 
7.917656 0.709043 0.089141 
7.911392 0.715246 0.087632 
7.905138 0.721345 0.086173 
7.898894 0.727343 0.084759 
7.892660 0.733242 0.083389 
7.886435 0.739046 0.082061 
7.880221 0.744757 0.080774 
7.874016 0.750378 0.079524 
7.867821 0.755911 0.078310 
7.861635 0.761357 0.077132 
7.855460 0.766721 0.075987 
7.849294 0.772002 0.074873 
7.843137 0.777205 0.073790 
7.836991 0.782330 0.072737 
7.830854 0.787380 0.071711 
7.824726 0.792355 0.070712 
7.818608 0.797260 0.069740 
7.812500 0.802094 0.068792 
7.806401 0.806859 0.067868 
7.800312 0.811558 0.066966 
7.794232 0.816191 0.066087 
7.788162 0.820761 0.065230 
7.782101 0.825268 0.064393 
7.776050 0.829715 0.063575 
7.770008 0.834102 0.062777 
7.763975 0.838431 0.061997 
7.757952 0.842702 0.061235 
7.751938 0.846918 0.060490 
7.745933 0.851080 0.059762 
7.739938 0.855188 0.059049 
7.733952 0.859244 0.058353 
7.727975 0.863249 0.057671 
7.722008 0.867203 0.057004 
7.716049 0.871109 0.056350 
7.710100 0.874967 0.055711 
7.704160 0.878777 0.055084 
7.698229 0.882542 0.054471 
7.692308 0.886261 0.053870 
7.686395 0.889936 0.053281 
7.680492 0.893567 0.052703 
7.674597 0.897156 0.052137 
7.668712 0.900703 0.051582 
7.662835 0.904209 0.051037 
7.656968 0.907674 0.050503 
7.651109 0.911101 0.049979 
7.645260 0.914488 0.049465 
7.639419 0.917837 0.048961 
7.633588 0.921149 0.048465 
7.627765 0.924425 0.047979 
7.621951 0.927664 0.047501 
7.616146 0.930868 0.047032 
7.610350 0.934037 0.046572 
7.604563 0.937172 0.046119 
7.598784 0.940273 0.045674 
7.593014 0.943342 0.045238 
7.587253 0.946378 0.044808 
7.581501 0.949382 0.044386 
7.575758 0.952355 0.043971 
7.570023 0.955297 0.043563 
7.564297 0.958209 0.043162 
7.558579 0.961091 0.042767 
7.552870 0.963943 0.042379 
7.547170 0.966767 0.041997 
7.541478 0.969563 0.041621 
7.535795 0.972331 0.041251 
7.530120 0.975071 0.040887 
7.524454 0.977784 0.040529 
7.518797 0.980471 0.040177 
7.513148 0.983131 0.039830 
7.507508 0.985766 0.039488 
7.501875 0.988375 0.039151 
7.496252 0.990960 0.038820 
7.490637 0.993520 0.038494 
7.485030 0.996055 0.038172 
7.479432 0.998567 0.037855 
7.473842 1.001055 0.037543 
7.468260 1.003520 0.037236 
7.462687 1.005963 0.036933 
7.457122 1.008383 0.036634 
7.451565 1.010780 0.036340 
7.446016 1.013156 0.036050 
7.440476 1.015511 0.035764 
7.434944 1.017844 0.035482 
7.429421 1.020156 0.035204 
7.423905 1.022448 0.034930 
7.418398 1.024719 0.034660 
7.412898 1.026971 0.034393 
7.407407 1.029202 0.034130 
7.401925 1.031415 0.033871 
7.396450 1.033608 0.033615 
7.390983 1.035782 0.033363 
7.385524 1.037937 0.033113 
7.380074 1.040074 0.032868 
7.374631 1.042193 0.032625 
7.369197 1.044294 0.032386 
7.363770 1.046377 0.032150 
7.358352 1.048443 0.031917 
7.352941 1.050491 0.031686 
7.347539 1.052523 0.031459 
7.342144 1.054537 0.031235 
7.336757 1.056536 0.031013 
7.331378 1.058517 0.030795 
7.326007 1.060483 0.030579 
7.320644 1.062433 0.030365 
7.315289 1.064367 0.030155 
7.309942 1.066286 0.029947 
7.304602 1.068189 0.029741 
7.299270 1.070077 0.029538 
7.293946 1.071950 0.029338 
7.288630 1.073808 0.029140 
7.283321 1.075652 0.028944 
7.278020 1.077481 0.028751 
7.272727 1.079296 0.028560 
7.267442 1.081098 0.028371 
7.262164 1.082885 0.028184 
7.256894 1.084658 0.028000 
7.251632 1.086418 0.027817 
7.246377 1.088165 0.027637 
7.241130 1.089898 0.027459 
7.235890 1.091618 0.027283 
7.230658 1.093326 0.027109 
7.225434 1.095020 0.026937 
7.220217 1.096702 0.026767 
7.215007 1.098372 0.026598 
7.209805 1.100029 0.026432 
7.204611 1.101674 0.026268 
7.199424 1.103307 0.026105 
7.194245 1.104928 0.025944 
7.189073 1.106537 0.025785 
7.183908 1.108134 0.025627 
7.178751 1.109720 0.025472 
7.173601 1.111295 0.025318 
7.168459 1.112859 0.025165 
7.163324 1.114411 0.025015 
7.158196 1.115952 0.024865 
7.153076 1.117483 0.024718 
7.147963 1.119002 0.024572 
7.142857 1.120511 0.024427 
7.137759 1.122010 0.024284 
7.132668 1.123498 0.024143 
7.127584 1.124976 0.024003 
7.122507 1.126443 0.023864 
7.117438 1.127901 0.023727 
7.112376 1.129348 0.023592 
7.107321 1.130786 0.023457 
7.102273 1.132214 0.023324 
7.097232 1.133632 0.023193 
7.092199 1.135040 0.023062 
7.087172 1.136440 0.022933 
7.082153 1.137829 0.022806 
7.077141 1.139210 0.022679 
7.072136 1.140581 0.022554 
7.067138 1.141944 0.022430 
7.062147 1.143297 0.022307 
7.057163 1.144641 0.022186 
7.052186 1.145977 0.022065 
7.047216 1.147304 0.021946 
7.042254 1.148622 0.021828 
7.037298 1.149932 0.021711 
7.032349 1.151233 0.021595 
7.027407 1.152526 0.021481 
7.022472 1.153811 0.021367 
7.017544 1.155087 0.021254 
7.012623 1.156355 0.021143 
7.007708 1.157616 0.021032 
7.002801 1.158868 0.020923 
6.997901 1.160112 0.020815 
6.993007 1.161349 0.020707 
6.988120 1.162578 0.020601 
6.983240 1.163799 0.020495 
6.978367 1.165013 0.020391 
6.973501 1.166219 0.020287 
6.968641 1.167417 0.020185 
6.963788 1.168609 0.020083 
6.958942 1.169793 0.019982 
6.954103 1.170969 0.019883 
6.949270 1.172139 0.019784 
6.944444 1.173301 0.019686 
6.939625 1.174457 0.019588 
6.934813 1.175605 0.019492 
6.930007 1.176747 0.019397 
6.925208 1.177882 0.019302 
6.920415 1.179010 0.019208 
6.915629 1.180131 0.019115 
6.910850 1.181246 0.019023 
6.906077 1.182354 0.018931 
6.901311 1.183455 0.018841 
6.896552 1.184550 0.018751 
6.891799 1.185639 0.018662 
6.887052 1.186721 0.018574 
6.882312 1.187797 0.018486 
6.877579 1.188867 0.018399 
6.872852 1.189930 0.018313 
6.868132 1.190987 0.018228 
6.863418 1.192039 0.018143 
6.858711 1.193084 0.018059 
6.854010 1.194123 0.017976 
6.849315 1.195157 0.017893 
6.844627 1.196184 0.017812 
6.839945 1.197206 0.017730 
6.835270 1.198222 0.017650 
6.830601 1.199232 0.017570 
6.825939 1.200237 0.017491 
6.821282 1.201236 0.017412 
6.816633 1.202229 0.017334 
6.811989 1.203217 0.017257 
6.807352 1.204199 0.017180 
6.802721 1.205176 0.017104 
6.798097 1.206148 0.017029 
6.793478 1.207114 0.016954 
6.788866 1.208075 0.016879 
6.784261 1.209030 0.016806 
6.779661 1.209981 0.016733 
6.775068 1.210926 0.016660 
6.770481 1.211866 0.016588 
6.765900 1.212802 0.016517 
6.761325 1.213732 0.016446 
6.756757 1.214657 0.016375 
6.752194 1.215577 0.016306 
6.747638 1.216492 0.016236 
6.743088 1.217402 0.016168 
6.738544 1.218308 0.016099 
6.734007 1.219209 0.016032 
6.729475 1.220105 0.015965 
6.724950 1.220996 0.015898 
6.720430 1.221882 0.015832 
6.715917 1.222764 0.015766 
6.711409 1.223642 0.015701 
6.706908 1.224514 0.015636 
6.702413 1.225383 0.015572 
6.697924 1.226246 0.015509 
6.693440 1.227106 0.015445 
6.688963 1.227960 0.015383 
6.684492 1.228811 0.015320 
6.680027 1.229657 0.015258 
6.675567 1.230499 0.015197 
6.671114 1.231336 0.015136 
6.666667 1.232169 0.015076 
6.662225 1.232998 0.015015 
6.657790 1.233823 0.014956 
6.653360 1.234644 0.014897 
6.648936 1.235460 0.014838 
6.644518 1.236273 0.014779 
6.640106 1.237081 0.014721 
6.635700 1.237886 0.014664 
6.631300 1.238686 0.014607 
6.626905 1.239482 0.014550 
6.622517 1.240275 0.014494 
6.618134 1.241063 0.014438 
6.613757 1.241848 0.014382 
6.609385 1.242629 0.014327 
6.605020 1.243406 0.014272 
6.600660 1.244179 0.014218 
6.596306 1.244948 0.014164 
6.591958 1.245714 0.014110 
6.587615 1.246476 0.014057 
6.583278 1.247234 0.014004 
6.578947 1.247989 0.013952 
6.574622 1.248740 0.013900 
6.570302 1.249487 0.013848 
6.565988 1.250231 0.013796 
6.561680 1.250971 0.013745 
6.557377 1.251708 0.013694 
6.553080 1.252441 0.013644 
6.548788 1.253171 0.013594 
6.544503 1.253897 0.013544 
6.540222 1.254620 0.013495 
6.535948 1.255339 0.013445 
6.531679 1.256055 0.013397 
6.527415 1.256768 0.013348 
6.523157 1.257478 0.013300 
6.518905 1.258184 0.013252 
6.514658 1.258886 0.013205 
6.510417 1.259586 0.013158 
6.506181 1.260282 0.013111 
6.501951 1.260975 0.013064 
6.497726 1.261665 0.013018 
6.493506 1.262352 0.012972 
6.489293 1.263036 0.012926 
6.485084 1.263716 0.012881 
6.480881 1.264394 0.012836 
6.476684 1.265068 0.012791 
6.472492 1.265739 0.012746 
6.468305 1.266407 0.012702 
6.464124 1.267072 0.012658 
6.459948 1.267734 0.012615 
6.455778 1.268394 0.012571 
6.451613 1.269050 0.012528 
6.447453 1.269703 0.012485 
6.443299 1.270354 0.012443 
6.439150 1.271001 0.012400 
6.435006 1.271646 0.012358 
6.430868 1.272287 0.012316 
6.426735 1.272926 0.012275 
6.422608 1.273562 0.012234 
6.418485 1.274196 0.012193 
6.414368 1.274826 0.012152 
6.410256 1.275454 0.012111 
6.406150 1.276079 0.012071 
6.402049 1.276701 0.012031 
6.397953 1.277320 0.011991 
6.393862 1.277937 0.011952 
6.389776 1.278551 0.011912 
6.385696 1.279163 0.011873 
6.381621 1.279772 0.011834 
6.377551 1.280378 0.011796 
6.373486 1.280982 0.011757 
6.369427 1.281583 0.011719 
6.365372 1.282181 0.011681 
6.361323 1.282777 0.011644 
6.357279 1.283370 0.011606 
6.353240 1.283961 0.011569 
6.349206 1.284550 0.011532 
6.345178 1.285135 0.011495 
6.341154 1.285719 0.011459 
6.337136 1.286300 0.011422 
6.333122 1.286878 0.011386 
6.329114 1.287454 0.011350 
6.325111 1.288028 0.011314 
6.321113 1.288599 0.011279 
6.317119 1.289168 0.011244 
6.313131 1.289734 0.011208 
6.309148 1.290299 0.011174 
6.305170 1.290860 0.011139 
6.301197 1.291420 0.011104 
6.297229 1.291977 0.011070 
6.293266 1.292532 0.011036 
6.289308 1.293084 0.011002 
6.285355 1.293635 0.010968 
6.281407 1.294183 0.010935 
6.277464 1.294729 0.010901 
6.273526 1.295272 0.010868 
6.269592 1.295813 0.010835 
6.265664 1.296353 0.010802 
6.261741 1.296890 0.010770 
6.257822 1.297424 0.010737 
6.253909 1.297957 0.010705 
6.250000 1.298488 0.010673 