1.000000E+04 1.890451E+00 2.311427E-05
2.542288E+03 1.890468E+00 9.093061E-05
1.456255E+03 1.890504E+00 1.587879E-04
1.020367E+03 1.890560E+00 2.267169E-04
7.853078E+02 1.890635E+00 2.947481E-04
6.382713E+02 1.890730E+00 3.629123E-04
5.376119E+02 1.890846E+00 4.312407E-04
4.643765E+02 1.890980E+00 4.997642E-04
4.087019E+02 1.891135E+00 5.685144E-04
3.649479E+02 1.891310E+00 6.375227E-04
3.296561E+02 1.891505E+00 7.068212E-04
3.005883E+02 1.891719E+00 7.764421E-04
2.762311E+02 1.891954E+00 8.464181E-04
2.555255E+02 1.892210E+00 9.167823E-04
2.377076E+02 1.892485E+00 9.875681E-04
2.222125E+02 1.892781E+00 1.058809E-03
2.086140E+02 1.893098E+00 1.130541E-03
1.965838E+02 1.893436E+00 1.202798E-03
1.858655E+02 1.893794E+00 1.275616E-03
1.762555E+02 1.894174E+00 1.349032E-03
1.675904E+02 1.894574E+00 1.423082E-03
1.597374E+02 1.894997E+00 1.497805E-03
1.525874E+02 1.895440E+00 1.573240E-03
1.460501E+02 1.895906E+00 1.649425E-03
1.400499E+02 1.896393E+00 1.726402E-03
1.345233E+02 1.896903E+00 1.804212E-03
1.294162E+02 1.897435E+00 1.882898E-03
1.246828E+02 1.897989E+00 1.962503E-03
1.202834E+02 1.898567E+00 2.043072E-03
1.161839E+02 1.899168E+00 2.124652E-03
1.123546E+02 1.899792E+00 2.207290E-03
1.087697E+02 1.900440E+00 2.291035E-03
1.054065E+02 1.901112E+00 2.375937E-03
1.022450E+02 1.901808E+00 2.462047E-03
9.926760E+01 1.902529E+00 2.549420E-03
9.645880E+01 1.903275E+00 2.638111E-03
9.380449E+01 1.904046E+00 2.728176E-03
9.129235E+01 1.904843E+00 2.819676E-03
8.891133E+01 1.905666E+00 2.912669E-03
8.665128E+01 1.906515E+00 3.007221E-03
8.450328E+01 1.907391E+00 3.103396E-03
8.245927E+01 1.908295E+00 3.201262E-03
8.051173E+01 1.909227E+00 3.300890E-03
7.865413E+01 1.910187E+00 3.402351E-03
7.688026E+01 1.911175E+00 3.505723E-03
7.518463E+01 1.912193E+00 3.611083E-03
7.356224E+01 1.913241E+00 3.718514E-03
7.200834E+01 1.914319E+00 3.828101E-03
7.051873E+01 1.915428E+00 3.939932E-03
6.908954E+01 1.916568E+00 4.054099E-03
6.771709E+01 1.917741E+00 4.170699E-03
6.639811E+01 1.918946E+00 4.289832E-03
6.512957E+01 1.920185E+00 4.411602E-03
6.390854E+01 1.921458E+00 4.536118E-03
6.273250E+01 1.922766E+00 4.663494E-03
6.159892E+01 1.924110E+00 4.793850E-03
6.050558E+01 1.925490E+00 4.927310E-03
5.945042E+01 1.926908E+00 5.064004E-03
5.843139E+01 1.928364E+00 5.204068E-03
5.744670E+01 1.929859E+00 5.347645E-03
5.649469E+01 1.931393E+00 5.494886E-03
5.557368E+01 1.932969E+00 5.645945E-03
5.468222E+01 1.934587E+00 5.800990E-03
5.381894E+01 1.936248E+00 5.960191E-03
5.298246E+01 1.937953E+00 6.123731E-03
5.217162E+01 1.939703E+00 6.291800E-03
5.138519E+01 1.941500E+00 6.464600E-03
5.062212E+01 1.943344E+00 6.642340E-03
4.988141E+01 1.945238E+00 6.825244E-03
4.916203E+01 1.947182E+00 7.013546E-03
4.846311E+01 1.949178E+00 7.207492E-03
4.778381E+01 1.951227E+00 7.407344E-03
4.712327E+01 1.953331E+00 7.613375E-03
4.648073E+01 1.955492E+00 7.825878E-03
4.585551E+01 1.957711E+00 8.045158E-03
4.524686E+01 1.959991E+00 8.271541E-03
4.465418E+01 1.962332E+00 8.505371E-03
4.407680E+01 1.964737E+00 8.747011E-03
4.351417E+01 1.967208E+00 8.996849E-03
4.296574E+01 1.969748E+00 9.255293E-03
4.243094E+01 1.972357E+00 9.522779E-03
4.190929E+01 1.975040E+00 9.799768E-03
4.140032E+01 1.977798E+00 1.008675E-02
4.090356E+01 1.980634E+00 1.038426E-02
4.041857E+01 1.983551E+00 1.069283E-02
3.994497E+01 1.986551E+00 1.101308E-02
3.948232E+01 1.989638E+00 1.134563E-02
3.903027E+01 1.992816E+00 1.169115E-02
3.858846E+01 1.996086E+00 1.205038E-02
3.815654E+01 1.999454E+00 1.242408E-02
3.773418E+01 2.002923E+00 1.281308E-02
3.732106E+01 2.006496E+00 1.321827E-02
3.691689E+01 2.010179E+00 1.364060E-02
3.652140E+01 2.013975E+00 1.408110E-02
3.613427E+01 2.017890E+00 1.454086E-02
3.575526E+01 2.021928E+00 1.502107E-02
3.538414E+01 2.026095E+00 1.552300E-02
3.502063E+01 2.030397E+00 1.604803E-02
3.466451E+01 2.034840E+00 1.659764E-02
3.431557E+01 2.039429E+00 1.717344E-02
3.397358E+01 2.044173E+00 1.777718E-02
3.363834E+01 2.049078E+00 1.841074E-02
3.330965E+01 2.054152E+00 1.907616E-02
3.298732E+01 2.059404E+00 1.977569E-02
3.267118E+01 2.064842E+00 2.051173E-02
3.236102E+01 2.070476E+00 2.128694E-02
3.205671E+01 2.076316E+00 2.210422E-02
3.175807E+01 2.082374E+00 2.296671E-02
3.146494E+01 2.088661E+00 2.387789E-02
3.117716E+01 2.095190E+00 2.484156E-02
3.089462E+01 2.101974E+00 2.586191E-02
3.061713E+01 2.109028E+00 2.694354E-02
3.034460E+01 2.116369E+00 2.809155E-02
3.007687E+01 2.124014E+00 2.931158E-02
2.981382E+01 2.131981E+00 3.060987E-02
2.955534E+01 2.140291E+00 3.199337E-02
2.930130E+01 2.148966E+00 3.346981E-02
2.905158E+01 2.158031E+00 3.504785E-02
2.880610E+01 2.167511E+00 3.673716E-02
2.856472E+01 2.177435E+00 3.854862E-02
2.832735E+01 2.187836E+00 4.049448E-02
2.809390E+01 2.198748E+00 4.258859E-02
2.786427E+01 2.210209E+00 4.484664E-02
2.763836E+01 2.222262E+00 4.728650E-02
2.741608E+01 2.234953E+00 4.992857E-02
2.719734E+01 2.248336E+00 5.279625E-02
2.698208E+01 2.262467E+00 5.591649E-02
2.677019E+01 2.277411E+00 5.932047E-02
2.656160E+01 2.293240E+00 6.304448E-02
2.635624E+01 2.310036E+00 6.713089E-02
2.615403E+01 2.327891E+00 7.162955E-02
2.595489E+01 2.346907E+00 7.659943E-02
2.575878E+01 2.367202E+00 8.211069E-02
2.556559E+01 2.388909E+00 8.824746E-02
2.537529E+01 2.412180E+00 9.511133E-02
2.518780E+01 2.437188E+00 1.028259E-01
2.500306E+01 2.464133E+00 1.115426E-01
2.482101E+01 2.493242E+00 1.214487E-01
2.464159E+01 2.524777E+00 1.327777E-01
2.446474E+01 2.559039E+00 1.458226E-01
2.429042E+01 2.596370E+00 1.609540E-01
2.411856E+01 2.637161E+00 1.786443E-01
2.394912E+01 2.681850E+00 1.994988E-01
2.378204E+01 2.730925E+00 2.242982E-01
2.361728E+01 2.784918E+00 2.540537E-01
2.345478E+01 2.844389E+00 2.900834E-01
2.329451E+01 2.909901E+00 3.341163E-01
2.313641E+01 2.981960E+00 3.884414E-01
2.298044E+01 3.060902E+00 4.561221E-01
2.282656E+01 3.146667E+00 5.413081E-01
2.267473E+01 3.238315E+00 6.496639E-01
2.252491E+01 3.333051E+00 7.888700E-01
2.237705E+01 3.424299E+00 9.689093E-01
2.223111E+01 3.498284E+00 1.201161E+00
2.208708E+01 3.529336E+00 1.493856E+00
2.194489E+01 3.477890E+00 1.840210E+00
2.180453E+01 3.302686E+00 2.201022E+00
2.166595E+01 2.994941E+00 2.503385E+00
2.152911E+01 2.604033E+00 2.680847E+00
2.139400E+01 2.208847E+00 2.720879E+00
2.126057E+01 1.865148E+00 2.659670E+00
2.112880E+01 1.589656E+00 2.543643E+00
2.099865E+01 1.375522E+00 2.406252E+00
2.087009E+01 1.208823E+00 2.265705E+00
2.074310E+01 1.076474E+00 2.129947E+00
2.061764E+01 9.684735E-01 2.001346E+00
2.049369E+01 8.778689E-01 1.879626E+00
2.037122E+01 8.001193E-01 1.763463E+00
2.025022E+01 7.324222E-01 1.651285E+00
2.013063E+01 6.731711E-01 1.541634E+00
2.001246E+01 6.215601E-01 1.433311E+00
1.989566E+01 5.773162E-01 1.325396E+00
1.978021E+01 5.405330E-01 1.217230E+00
1.966610E+01 5.115882E-01 1.108374E+00
1.955330E+01 4.911377E-01 9.985844E-01
1.944178E+01 4.801890E-01 8.878498E-01
1.933153E+01 4.802304E-01 7.765804E-01
1.922252E+01 4.932765E-01 6.661012E-01
1.911474E+01 5.213650E-01 5.594960E-01
1.900815E+01 5.648175E-01 4.620334E-01
1.890275E+01 6.201038E-01 3.792847E-01
1.879852E+01 6.807184E-01 3.135348E-01
1.869542E+01 7.408760E-01 2.630405E-01
1.859345E+01 7.974144E-01 2.243835E-01
1.849258E+01 8.492360E-01 1.943828E-01
1.839281E+01 8.962915E-01 1.706438E-01
1.829410E+01 9.389457E-01 1.514840E-01
1.819645E+01 9.776810E-01 1.357361E-01
1.809984E+01 1.012976E+00 1.225835E-01
1.800424E+01 1.045265E+00 1.114449E-01
1.790965E+01 1.074924E+00 1.018981E-01
1.781605E+01 1.102277E+00 9.363044E-02
1.772343E+01 1.127598E+00 8.640606E-02
1.763176E+01 1.151122E+00 8.004377E-02
1.754103E+01 1.173049E+00 7.440216E-02
1.745123E+01 1.193549E+00 6.936927E-02
1.736235E+01 1.212772E+00 6.485524E-02
1.727437E+01 1.230845E+00 6.078712E-02
1.718727E+01 1.247879E+00 5.710499E-02
1.710105E+01 1.263970E+00 5.375921E-02
1.701569E+01 1.279206E+00 5.070823E-02
1.693118E+01 1.293660E+00 4.791703E-02
1.684750E+01 1.307400E+00 4.535588E-02
1.676465E+01 1.320485E+00 4.299934E-02
1.668261E+01 1.332968E+00 4.082553E-02
1.660137E+01 1.344897E+00 3.881554E-02
1.652091E+01 1.356314E+00 3.695290E-02
1.644123E+01 1.367259E+00 3.522325E-02
1.636231E+01 1.377766E+00 3.361398E-02
1.628415E+01 1.387867E+00 3.211397E-02
1.620674E+01 1.397591E+00 3.071341E-02
1.613005E+01 1.406964E+00 2.940358E-02
1.605409E+01 1.416011E+00 2.817673E-02
1.597884E+01 1.424754E+00 2.702593E-02
1.590429E+01 1.433214E+00 2.594497E-02
1.583043E+01 1.441409E+00 2.492831E-02
1.575726E+01 1.449358E+00 2.397093E-02
1.568476E+01 1.457075E+00 2.306831E-02
1.561292E+01 1.464578E+00 2.221639E-02
1.554174E+01 1.471879E+00 2.141149E-02
1.547121E+01 1.478993E+00 2.065027E-02
1.540131E+01 1.485931E+00 1.992971E-02
1.533204E+01 1.492706E+00 1.924710E-02
1.526339E+01 1.499329E+00 1.859997E-02
1.519535E+01 1.505811E+00 1.798612E-02
1.512792E+01 1.512161E+00 1.740358E-02
1.506108E+01 1.518391E+00 1.685063E-02
1.499484E+01 1.524508E+00 1.632578E-02
1.492917E+01 1.530524E+00 1.582779E-02
1.486407E+01 1.536446E+00 1.535573E-02
1.479954E+01 1.542285E+00 1.490895E-02
1.473557E+01 1.548049E+00 1.448719E-02
1.467215E+01 1.553747E+00 1.409065E-02
1.460927E+01 1.559390E+00 1.372010E-02
1.454693E+01 1.564986E+00 1.337702E-02
1.448511E+01 1.570546E+00 1.306380E-02
1.442382E+01 1.576080E+00 1.278398E-02
1.436305E+01 1.581598E+00 1.254261E-02
1.430279E+01 1.587112E+00 1.234661E-02
1.424303E+01 1.592632E+00 1.220520E-02
1.418377E+01 1.598168E+00 1.213046E-02
1.412500E+01 1.603729E+00 1.213782E-02
1.406671E+01 1.609324E+00 1.224648E-02
1.400890E+01 1.614955E+00 1.247972E-02
1.395157E+01 1.620622E+00 1.286473E-02
1.389471E+01 1.626317E+00 1.343205E-02
1.383830E+01 1.632024E+00 1.421419E-02
1.378235E+01 1.637718E+00 1.524349E-02
1.372685E+01 1.643362E+00 1.654920E-02
1.367180E+01 1.648906E+00 1.815404E-02
1.361719E+01 1.654294E+00 2.007057E-02
1.356301E+01 1.659459E+00 2.229789E-02
1.350926E+01 1.664332E+00 2.481895E-02
1.345594E+01 1.668841E+00 2.759892E-02
1.340303E+01 1.672921E+00 3.058444E-02
1.335054E+01 1.676513E+00 3.370408E-02
1.329846E+01 1.679575E+00 3.686971E-02
1.324678E+01 1.682081E+00 3.997933E-02
1.319551E+01 1.684027E+00 4.292110E-02
1.314463E+01 1.685437E+00 4.557889E-02
1.309414E+01 1.686360E+00 4.783906E-02
1.304403E+01 1.686874E+00 4.959780E-02
1.299431E+01 1.687082E+00 5.076861E-02
1.294497E+01 1.687106E+00 5.128883E-02
1.289600E+01 1.687082E+00 5.112472E-02
1.284740E+01 1.687151E+00 5.027450E-02
1.279916E+01 1.687452E+00 4.876899E-02
1.275128E+01 1.688110E+00 4.666959E-02
1.270376E+01 1.689234E+00 4.406390E-02
1.265660E+01 1.690904E+00 4.105909E-02
1.260978E+01 1.693173E+00 3.777401E-02
1.256331E+01 1.696064E+00 3.433079E-02
1.251718E+01 1.699571E+00 3.084698E-02
1.247138E+01 1.703666E+00 2.742902E-02
1.242592E+01 1.708298E+00 2.416737E-02
1.238080E+01 1.713403E+00 2.113347E-02
1.233599E+01 1.718911E+00 1.837830E-02
1.229151E+01 1.724745E+00 1.593248E-02
1.224735E+01 1.730835E+00 1.380761E-02
1.220351E+01 1.737115E+00 1.199879E-02
1.215998E+01 1.743527E+00 1.048799E-02
1.211676E+01 1.750028E+00 9.247988E-03
1.207384E+01 1.756586E+00 8.246259E-03
1.203123E+01 1.763178E+00 7.448509E-03
1.198892E+01 1.769796E+00 6.821453E-03
1.194690E+01 1.776435E+00 6.334713E-03
1.190518E+01 1.783101E+00 5.961895E-03
1.186375E+01 1.789801E+00 5.680979E-03
1.182260E+01 1.796547E+00 5.474232E-03
1.178174E+01 1.803351E+00 5.327833E-03
1.174116E+01 1.810228E+00 5.231376E-03
1.170086E+01 1.817193E+00 5.177331E-03
1.166084E+01 1.824260E+00 5.160552E-03
1.162108E+01 1.831444E+00 5.177854E-03
1.158160E+01 1.838759E+00 5.227668E-03
1.154239E+01 1.846221E+00 5.309775E-03
1.150344E+01 1.853843E+00 5.425108E-03
1.146475E+01 1.861641E+00 5.575620E-03
1.142632E+01 1.869629E+00 5.764199E-03
1.138815E+01 1.877823E+00 5.994625E-03
1.135023E+01 1.886237E+00 6.271561E-03
1.131257E+01 1.894889E+00 6.600572E-03
1.127515E+01 1.903794E+00 6.988164E-03
1.123798E+01 1.912970E+00 7.441853E-03
1.120106E+01 1.922433E+00 7.970236E-03
1.116437E+01 1.932203E+00 8.583084E-03
1.112793E+01 1.942298E+00 9.291448E-03
1.109172E+01 1.952738E+00 1.010777E-02
1.105575E+01 1.963544E+00 1.104600E-02
1.102001E+01 1.974735E+00 1.212175E-02
1.098450E+01 1.986335E+00 1.335235E-02
1.094922E+01 1.998365E+00 1.475709E-02
1.091416E+01 2.010848E+00 1.635722E-02
1.087933E+01 2.023809E+00 1.817619E-02
1.084472E+01 2.037271E+00 2.023969E-02
1.081033E+01 2.051260E+00 2.257577E-02
1.077616E+01 2.065801E+00 2.521496E-02
1.074220E+01 2.080921E+00 2.819037E-02
1.070846E+01 2.096645E+00 3.153778E-02
1.067492E+01 2.113003E+00 3.529578E-02
1.064160E+01 2.130023E+00 3.950590E-02
1.060848E+01 2.147736E+00 4.421292E-02
1.057557E+01 2.166175E+00 4.946516E-02
1.054286E+01 2.185375E+00 5.531510E-02
1.051036E+01 2.205375E+00 6.182015E-02
1.047805E+01 2.226219E+00 6.904386E-02
1.044595E+01 2.247956E+00 7.705757E-02
1.041403E+01 2.270639E+00 8.594272E-02
1.038232E+01 2.294332E+00 9.579388E-02
1.035079E+01 2.319102E+00 1.067227E-01
1.031946E+01 2.345025E+00 1.188626E-01
1.028831E+01 2.372181E+00 1.323748E-01
1.025736E+01 2.400649E+00 1.474543E-01
1.022659E+01 2.430506E+00 1.643368E-01
1.019600E+01 2.461814E+00 1.833049E-01
1.016559E+01 2.494611E+00 2.046924E-01
1.013537E+01 2.528897E+00 2.288870E-01
1.010532E+01 2.564620E+00 2.563286E-01
1.007546E+01 2.601661E+00 2.875050E-01
1.004577E+01 2.639820E+00 3.229452E-01
1.001625E+01 2.678811E+00 3.632131E-01
9.986907E+00 2.718245E+00 4.089062E-01
9.957729E+00 2.757613E+00 4.606594E-01
9.928732E+00 2.796251E+00 5.191488E-01
9.899892E+00 2.833269E+00 5.850778E-01
9.871230E+00 2.867478E+00 6.591181E-01
9.842733E+00 2.897318E+00 7.417853E-01
9.814390E+00 2.920861E+00 8.332624E-01
9.786220E+00 2.935910E+00 9.332190E-01
9.758202E+00 2.940175E+00 1.040683E+00
9.730352E+00 2.931486E+00 1.153985E+00
9.702653E+00 2.908033E+00 1.270777E+00
9.675119E+00 2.868600E+00 1.388126E+00
9.647732E+00 2.812778E+00 1.502705E+00
9.620509E+00 2.741107E+00 1.611087E+00
9.593430E+00 2.655081E+00 1.710076E+00
9.566513E+00 2.557013E+00 1.797026E+00
9.539736E+00 2.449799E+00 1.870084E+00
9.513119E+00 2.336596E+00 1.928310E+00
9.486640E+00 2.220495E+00 1.971668E+00
9.460317E+00 2.104233E+00 2.000881E+00
9.434140E+00 1.990025E+00 2.017209E+00
9.408099E+00 1.879487E+00 2.022212E+00
9.382210E+00 1.773654E+00 2.017531E+00
9.356454E+00 1.673049E+00 2.004699E+00
9.330848E+00 1.577836E+00 1.984995E+00
9.305373E+00 1.488000E+00 1.959397E+00
9.280045E+00 1.403515E+00 1.928631E+00
9.254846E+00 1.324432E+00 1.893285E+00
9.229792E+00 1.250885E+00 1.853922E+00
9.204865E+00 1.183041E+00 1.811159E+00
9.180081E+00 1.121028E+00 1.765691E+00
9.155422E+00 1.064877E+00 1.718275E+00
9.130902E+00 1.014483E+00 1.669689E+00
9.106514E+00 9.695899E-01 1.620677E+00
9.082248E+00 9.298064E-01 1.571902E+00
9.058119E+00 8.946357E-01 1.523902E+00
9.034109E+00 8.635200E-01 1.477070E+00
9.010235E+00 8.358874E-01 1.431651E+00
8.986478E+00 8.111936E-01 1.387751E+00
8.962854E+00 7.889531E-01 1.345364E+00
8.939347E+00 7.687582E-01 1.304406E+00
8.915970E+00 7.502853E-01 1.264739E+00
8.892707E+00 7.332929E-01 1.226201E+00
8.869573E+00 7.176124E-01 1.188629E+00
8.846551E+00 7.031358E-01 1.151871E+00
8.823657E+00 6.898028E-01 1.115799E+00
8.800880E+00 6.775878E-01 1.080310E+00
8.778213E+00 6.664883E-01 1.045335E+00
8.755670E+00 6.565148E-01 1.010829E+00
8.733235E+00 6.476830E-01 9.767768E-01
8.710923E+00 6.400066E-01 9.431867E-01
8.688716E+00 6.334923E-01 9.100858E-01
8.666630E+00 6.281358E-01 8.775165E-01
8.644649E+00 6.239189E-01 8.455315E-01
8.622786E+00 6.208077E-01 8.141890E-01
8.601026E+00 6.187523E-01 7.835474E-01
8.579383E+00 6.176875E-01 7.536606E-01
8.557841E+00 6.175344E-01 7.245734E-01
8.536415E+00 6.182034E-01 6.963178E-01
8.515088E+00 6.195981E-01 6.689101E-01
8.493875E+00 6.216192E-01 6.423489E-01
8.472767E+00 6.241702E-01 6.166148E-01
8.451757E+00 6.271611E-01 5.916712E-01
8.430857E+00 6.305132E-01 5.674665E-01
8.410054E+00 6.341623E-01 5.439366E-01
8.389360E+00 6.380616E-01 5.210097E-01
8.368761E+00 6.421826E-01 4.986099E-01
8.348270E+00 6.465159E-01 4.766616E-01
8.327872E+00 6.510702E-01 4.550947E-01
8.307580E+00 6.558703E-01 4.338474E-01
8.287380E+00 6.609551E-01 4.128707E-01
8.267285E+00 6.663737E-01 3.921304E-01
8.247280E+00 6.721816E-01 3.716096E-01
8.227378E+00 6.784370E-01 3.513090E-01
8.207573E+00 6.851956E-01 3.312474E-01
8.187856E+00 6.925069E-01 3.114603E-01
8.168240E+00 7.004102E-01 2.919976E-01
8.148711E+00 7.089315E-01 2.729204E-01
8.129282E+00 7.180814E-01 2.542975E-01
8.109938E+00 7.278538E-01 2.362008E-01
8.090693E+00 7.382268E-01 2.187012E-01
8.071533E+00 7.491630E-01 2.018651E-01
8.052470E+00 7.606127E-01 1.857508E-01
8.033490E+00 7.725158E-01 1.704068E-01
8.014606E+00 7.848054E-01 1.558700E-01
7.995804E+00 7.974101E-01 1.421654E-01
7.977096E+00 8.102574E-01 1.293065E-01
7.958470E+00 8.232751E-01 1.172957E-01
7.939936E+00 8.363941E-01 1.061258E-01
7.921489E+00 8.495489E-01 9.578126E-02
7.903120E+00 8.626789E-01 8.623917E-02
7.884843E+00 8.757291E-01 7.747100E-02
7.866645E+00 8.886501E-01 6.944367E-02
7.848536E+00 9.013986E-01 6.212071E-02
7.830504E+00 9.139369E-01 5.546322E-02
7.812561E+00 9.262331E-01 4.943077E-02
7.794694E+00 9.382606E-01 4.398216E-02
7.776915E+00 9.499978E-01 3.907605E-02
7.759210E+00 9.614279E-01 3.467156E-02
7.741592E+00 9.725386E-01 3.072865E-02
7.724048E+00 9.833212E-01 2.720857E-02
7.706589E+00 9.937707E-01 2.407415E-02
7.689208E+00 1.003885E+00 2.129001E-02
7.671900E+00 1.013666E+00 1.882277E-02
7.654676E+00 1.023115E+00 1.664115E-02
7.637523E+00 1.032239E+00 1.471603E-02
7.620453E+00 1.041044E+00 1.302048E-02
7.603453E+00 1.049538E+00 1.152975E-02
7.586534E+00 1.057730E+00 1.022121E-02
7.569685E+00 1.065631E+00 9.074274E-03
7.552916E+00 1.073250E+00 8.070319E-03
7.536215E+00 1.080599E+00 7.192555E-03
7.519594E+00 1.087688E+00 6.425920E-03
7.503041E+00 1.094528E+00 5.756948E-03
7.486565E+00 1.101131E+00 5.173643E-03
7.470162E+00 1.107507E+00 4.665355E-03
7.453825E+00 1.113667E+00 4.222653E-03
7.437565E+00 1.119620E+00 3.837212E-03
7.421371E+00 1.125376E+00 3.501698E-03
7.405252E+00 1.130946E+00 3.209666E-03
7.389197E+00 1.136337E+00 2.955464E-03
7.373218E+00 1.141559E+00 2.734143E-03
7.357301E+00 1.146619E+00 2.541375E-03
7.341459E+00 1.151525E+00 2.373385E-03
7.325680E+00 1.156285E+00 2.226882E-03
7.309974E+00 1.160906E+00 2.099001E-03
7.294329E+00 1.165393E+00 1.987247E-03
7.278757E+00 1.169754E+00 1.889456E-03
7.263245E+00 1.173994E+00 1.803748E-03
7.247805E+00 1.178118E+00 1.728490E-03
7.232431E+00 1.182132E+00 1.662268E-03
7.217116E+00 1.186041E+00 1.603856E-03
7.201871E+00 1.189848E+00 1.552194E-03
7.186686E+00 1.193559E+00 1.506362E-03
7.171569E+00 1.197178E+00 1.465566E-03
7.156511E+00 1.200708E+00 1.429118E-03
7.141521E+00 1.204152E+00 1.396423E-03
7.126588E+00 1.207516E+00 1.366969E-03
7.111723E+00 1.210800E+00 1.340312E-03
7.096915E+00 1.214010E+00 1.316068E-03
7.082173E+00 1.217147E+00 1.293908E-03
7.067487E+00 1.220214E+00 1.273546E-03
7.052868E+00 1.223214E+00 1.254736E-03
7.038308E+00 1.226149E+00 1.237266E-03
7.023804E+00 1.229021E+00 1.220953E-03
7.009364E+00 1.231834E+00 1.205641E-03
6.994978E+00 1.234588E+00 1.191193E-03
6.980657E+00 1.237287E+00 1.177493E-03
6.966389E+00 1.239931E+00 1.164442E-03
6.952184E+00 1.242522E+00 1.151953E-03
6.938032E+00 1.245063E+00 1.139952E-03
6.923942E+00 1.247555E+00 1.128376E-03
6.909905E+00 1.249999E+00 1.117172E-03
6.895929E+00 1.252396E+00 1.106292E-03
6.882005E+00 1.254750E+00 1.095697E-03
6.868141E+00 1.257060E+00 1.085353E-03
6.854329E+00 1.259327E+00 1.075232E-03
6.840577E+00 1.261555E+00 1.065309E-03
6.826880E+00 1.263742E+00 1.055564E-03
6.813233E+00 1.265891E+00 1.045978E-03
6.799645E+00 1.268002E+00 1.036536E-03
6.786107E+00 1.270078E+00 1.027227E-03
6.772627E+00 1.272117E+00 1.018040E-03
6.759196E+00 1.274123E+00 1.008965E-03
6.745822E+00 1.276095E+00 9.999956E-04
6.732497E+00 1.278034E+00 9.911255E-04
6.719229E+00 1.279942E+00 9.823494E-04
6.706009E+00 1.281819E+00 9.736633E-04
6.692845E+00 1.283666E+00 9.650636E-04
6.679728E+00 1.285483E+00 9.565475E-04
6.666667E+00 1.287272E+00 9.481127E-04
