1.000000E+04 2.072864E+00 1.673094E-05
2.542288E+03 2.072888E+00 6.581946E-05
1.456255E+03 2.072942E+00 1.149397E-04
1.020367E+03 2.073025E+00 1.641155E-04
7.853078E+02 2.073137E+00 2.133705E-04
6.382713E+02 2.073278E+00 2.627288E-04
5.376119E+02 2.073448E+00 3.122144E-04
4.643765E+02 2.073648E+00 3.618515E-04
4.087019E+02 2.073877E+00 4.116647E-04
3.649479E+02 2.074136E+00 4.616787E-04
3.296561E+02 2.074424E+00 5.119185E-04
3.005883E+02 2.074742E+00 5.624096E-04
2.762311E+02 2.075091E+00 6.131777E-04
2.555255E+02 2.075469E+00 6.642491E-04
2.377076E+02 2.075878E+00 7.156503E-04
2.222125E+02 2.076318E+00 7.674085E-04
2.086140E+02 2.076788E+00 8.195515E-04
1.965838E+02 2.077290E+00 8.721077E-04
1.858655E+02 2.077822E+00 9.251059E-04
1.762555E+02 2.078387E+00 9.785760E-04
1.675904E+02 2.078983E+00 1.032548E-03
1.597374E+02 2.079612E+00 1.087054E-03
1.525874E+02 2.080273E+00 1.142126E-03
1.460501E+02 2.080967E+00 1.197798E-03
1.400499E+02 2.081694E+00 1.254102E-03
1.345233E+02 2.082455E+00 1.311075E-03
1.294162E+02 2.083250E+00 1.368754E-03
1.246828E+02 2.084080E+00 1.427176E-03
1.202834E+02 2.084945E+00 1.486380E-03
1.161839E+02 2.085845E+00 1.546408E-03
1.123546E+02 2.086782E+00 1.607301E-03
1.087697E+02 2.087755E+00 1.669105E-03
1.054065E+02 2.088765E+00 1.731865E-03
1.022450E+02 2.089813E+00 1.795630E-03
9.926760E+01 2.090899E+00 1.860449E-03
9.645880E+01 2.092025E+00 1.926375E-03
9.380449E+01 2.093190E+00 1.993465E-03
9.129235E+01 2.094396E+00 2.061776E-03
8.891133E+01 2.095643E+00 2.131369E-03
8.665128E+01 2.096932E+00 2.202310E-03
8.450328E+01 2.098264E+00 2.274666E-03
8.245927E+01 2.099640E+00 2.348510E-03
8.051173E+01 2.101061E+00 2.423918E-03
7.865413E+01 2.102528E+00 2.500973E-03
7.688026E+01 2.104042E+00 2.579762E-03
7.518463E+01 2.105603E+00 2.660377E-03
7.356224E+01 2.107214E+00 2.742918E-03
7.200834E+01 2.108876E+00 2.827492E-03
7.051873E+01 2.110589E+00 2.914215E-03
6.908954E+01 2.112355E+00 3.003211E-03
6.771709E+01 2.114176E+00 3.094617E-03
6.639811E+01 2.116053E+00 3.188578E-03
6.512957E+01 2.117987E+00 3.285257E-03
6.390854E+01 2.119982E+00 3.384830E-03
6.273250E+01 2.122038E+00 3.487492E-03
6.159892E+01 2.124157E+00 3.593460E-03
6.050558E+01 2.126343E+00 3.702975E-03
5.945042E+01 2.128596E+00 3.816307E-03
5.843139E+01 2.130920E+00 3.933760E-03
5.744670E+01 2.133317E+00 4.055681E-03
5.649469E+01 2.135790E+00 4.182465E-03
5.557368E+01 2.138343E+00 4.314568E-03
5.468222E+01 2.140979E+00 4.452519E-03
5.381894E+01 2.143702E+00 4.596940E-03
5.298246E+01 2.146516E+00 4.748567E-03
5.217162E+01 2.149427E+00 4.908279E-03
5.138519E+01 2.152439E+00 5.077140E-03
5.062212E+01 2.155559E+00 5.256454E-03
4.988141E+01 2.158794E+00 5.447839E-03
4.916203E+01 2.162153E+00 5.653328E-03
4.846311E+01 2.165644E+00 5.875524E-03
4.778381E+01 2.169280E+00 6.117808E-03
4.712327E+01 2.173075E+00 6.384661E-03
4.648073E+01 2.177044E+00 6.682144E-03
4.585551E+01 2.181210E+00 7.018658E-03
4.524686E+01 2.185600E+00 7.406168E-03
4.465418E+01 2.190249E+00 7.862268E-03
4.407680E+01 2.195204E+00 8.413843E-03
4.351417E+01 2.200531E+00 9.103913E-03
4.296574E+01 2.206320E+00 1.000530E-02
4.243094E+01 2.212704E+00 1.124973E-02
4.190929E+01 2.219863E+00 1.309299E-02
4.140032E+01 2.228003E+00 1.606018E-02
4.090356E+01 2.237147E+00 2.122045E-02
4.041857E+01 2.246336E+00 3.039984E-02
3.994497E+01 2.252082E+00 4.515902E-02
3.948232E+01 2.248465E+00 6.304468E-02
3.903027E+01 2.233093E+00 7.499613E-02
3.858846E+01 2.213808E+00 7.224191E-02
3.815654E+01 2.202961E+00 5.706468E-02
3.773418E+01 2.204541E+00 4.003527E-02
3.732106E+01 2.213532E+00 2.804852E-02
3.691689E+01 2.224485E+00 2.131591E-02
3.652140E+01 2.235123E+00 1.780055E-02
3.613427E+01 2.245071E+00 1.595790E-02
3.575526E+01 2.254493E+00 1.498389E-02
3.538414E+01 2.263606E+00 1.449255E-02
3.502063E+01 2.272580E+00 1.429330E-02
3.466451E+01 2.281540E+00 1.428585E-02
3.431557E+01 2.290580E+00 1.441402E-02
3.397358E+01 2.299771E+00 1.464469E-02
3.363834E+01 2.309171E+00 1.495762E-02
3.330965E+01 2.318833E+00 1.534032E-02
3.298732E+01 2.328803E+00 1.578512E-02
3.267118E+01 2.339123E+00 1.628762E-02
3.236102E+01 2.349838E+00 1.684567E-02
3.205671E+01 2.360991E+00 1.745880E-02
3.175807E+01 2.372628E+00 1.812787E-02
3.146494E+01 2.384797E+00 1.885487E-02
3.117716E+01 2.397551E+00 1.964275E-02
3.089462E+01 2.410948E+00 2.049546E-02
3.061713E+01 2.425051E+00 2.141789E-02
3.034460E+01 2.439933E+00 2.241593E-02
3.007687E+01 2.455673E+00 2.349661E-02
2.981382E+01 2.472365E+00 2.466823E-02
2.955534E+01 2.490116E+00 2.594052E-02
2.930130E+01 2.509050E+00 2.732499E-02
2.905158E+01 2.529315E+00 2.883520E-02
2.880610E+01 2.551086E+00 3.048730E-02
2.856472E+01 2.574576E+00 3.230066E-02
2.832735E+01 2.600044E+00 3.429872E-02
2.809390E+01 2.627819E+00 3.651036E-02
2.786427E+01 2.658315E+00 3.897185E-02
2.763836E+01 2.692082E+00 4.173035E-02
2.741608E+01 2.729861E+00 4.485063E-02
2.719734E+01 2.772698E+00 4.843059E-02
2.698208E+01 2.822149E+00 5.264279E-02
2.677019E+01 2.880668E+00 5.786126E-02
2.656160E+01 2.952402E+00 6.508693E-02
2.635624E+01 3.044689E+00 7.744398E-02
2.615403E+01 3.169859E+00 1.052276E-01
2.595489E+01 3.341016E+00 1.790947E-01
2.575878E+01 3.540932E+00 3.622309E-01
2.556559E+01 3.671469E+00 7.064246E-01
2.537529E+01 3.585464E+00 1.153524E+00
2.518780E+01 3.212132E+00 1.514622E+00
2.500306E+01 2.658176E+00 1.571063E+00
2.482101E+01 2.200248E+00 1.231981E+00
2.464159E+01 2.148709E+00 7.024439E-01
2.446474E+01 2.413826E+00 3.929066E-01
2.429042E+01 2.686127E+00 3.049775E-01
2.411856E+01 2.908975E+00 3.038760E-01
2.394912E+01 3.107411E+00 3.378643E-01
2.378204E+01 3.304118E+00 3.961744E-01
2.361728E+01 3.514922E+00 4.826099E-01
2.345478E+01 3.752706E+00 6.101411E-01
2.329451E+01 4.028763E+00 8.043724E-01
2.313641E+01 4.347878E+00 1.114433E+00
2.298044E+01 4.682494E+00 1.632523E+00
2.282656E+01 4.880075E+00 2.491779E+00
2.267473E+01 4.523688E+00 3.635593E+00
2.252491E+01 3.428955E+00 4.380053E+00
2.237705E+01 2.309461E+00 4.348529E+00
2.223111E+01 1.575047E+00 3.974449E+00
2.208708E+01 1.136147E+00 3.562869E+00
2.194489E+01 8.659652E-01 3.195498E+00
2.180453E+01 6.906180E-01 2.880573E+00
2.166595E+01 5.710980E-01 2.610286E+00
2.152911E+01 4.863161E-01 2.375315E+00
2.139400E+01 4.243120E-01 2.167819E+00
2.126057E+01 3.779749E-01 1.981675E+00
2.112880E+01 3.429094E-01 1.812145E+00
2.099865E+01 3.163276E-01 1.655511E+00
2.087009E+01 2.964554E-01 1.508777E+00
2.074310E+01 2.822129E-01 1.369430E+00
2.061764E+01 2.730603E-01 1.235264E+00
2.049369E+01 2.689694E-01 1.104219E+00
2.037122E+01 2.705326E-01 9.742666E-01
2.025022E+01 2.792975E-01 8.433385E-01
2.013063E+01 2.985237E-01 7.095528E-01
2.001246E+01 3.345385E-01 5.726277E-01
1.989566E+01 3.967114E-01 4.389694E-01
1.978021E+01 4.866385E-01 3.268394E-01
1.966610E+01 5.863363E-01 2.488286E-01
1.955330E+01 6.790523E-01 1.978689E-01
1.944178E+01 7.604612E-01 1.633193E-01
1.933153E+01 8.314151E-01 1.385537E-01
1.922252E+01 8.936614E-01 1.199424E-01
1.911474E+01 9.487805E-01 1.054364E-01
1.900815E+01 9.980359E-01 9.380879E-02
1.890275E+01 1.042414E+00 8.428236E-02
1.879852E+01 1.082688E+00 7.634016E-02
1.869542E+01 1.119469E+00 6.962425E-02
1.859345E+01 1.153250E+00 6.387833E-02
1.849258E+01 1.184429E+00 5.891367E-02
1.839281E+01 1.213337E+00 5.458794E-02
1.829410E+01 1.240247E+00 5.079169E-02
1.819645E+01 1.265389E+00 4.743924E-02
1.809984E+01 1.288959E+00 4.446254E-02
1.800424E+01 1.311124E+00 4.180680E-02
1.790965E+01 1.332028E+00 3.942745E-02
1.781605E+01 1.351797E+00 3.728783E-02
1.772343E+01 1.370540E+00 3.535753E-02
1.763176E+01 1.388353E+00 3.361111E-02
1.754103E+01 1.405320E+00 3.202717E-02
1.745123E+01 1.421516E+00 3.058756E-02
1.736235E+01 1.437010E+00 2.927681E-02
1.727437E+01 1.451861E+00 2.808169E-02
1.718727E+01 1.466124E+00 2.699082E-02
1.710105E+01 1.479846E+00 2.599440E-02
1.701569E+01 1.493074E+00 2.508393E-02
1.693118E+01 1.505847E+00 2.425206E-02
1.684750E+01 1.518204E+00 2.349244E-02
1.676465E+01 1.530177E+00 2.279953E-02
1.668261E+01 1.541799E+00 2.216857E-02
1.660137E+01 1.553099E+00 2.159548E-02
1.652091E+01 1.564106E+00 2.107675E-02
1.644123E+01 1.574844E+00 2.060945E-02
1.636231E+01 1.585339E+00 2.019116E-02
1.628415E+01 1.595614E+00 1.981996E-02
1.620674E+01 1.605692E+00 1.949443E-02
1.613005E+01 1.615595E+00 1.921365E-02
1.605409E+01 1.625345E+00 1.897725E-02
1.597884E+01 1.634962E+00 1.878544E-02
1.590429E+01 1.644470E+00 1.863912E-02
1.583043E+01 1.653890E+00 1.854000E-02
1.575726E+01 1.663247E+00 1.849083E-02
1.568476E+01 1.672566E+00 1.849564E-02
1.561292E+01 1.681874E+00 1.856024E-02
1.554174E+01 1.691203E+00 1.869285E-02
1.547121E+01 1.700588E+00 1.890511E-02
1.540131E+01 1.710074E+00 1.921377E-02
1.533204E+01 1.719713E+00 1.964332E-02
1.526339E+01 1.729571E+00 2.023063E-02
1.519535E+01 1.739737E+00 2.103316E-02
1.512792E+01 1.750327E+00 2.214463E-02
1.506108E+01 1.761504E+00 2.372655E-02
1.499484E+01 1.773487E+00 2.607561E-02
1.492917E+01 1.786544E+00 2.977224E-02
1.486407E+01 1.800837E+00 3.598752E-02
1.479954E+01 1.815707E+00 4.691078E-02
1.473557E+01 1.827746E+00 6.533210E-02
1.467215E+01 1.829055E+00 9.064190E-02
1.460927E+01 1.812621E+00 1.124260E-01
1.454693E+01 1.785129E+00 1.150479E-01
1.448511E+01 1.765824E+00 9.633108E-02
1.442382E+01 1.765140E+00 7.124347E-02
1.436305E+01 1.777148E+00 5.253361E-02
1.430279E+01 1.793041E+00 4.183469E-02
1.424303E+01 1.808811E+00 3.629757E-02
1.418377E+01 1.823643E+00 3.355691E-02
1.412500E+01 1.837690E+00 3.235119E-02
1.406671E+01 1.851250E+00 3.206846E-02
1.400890E+01 1.864580E+00 3.240956E-02
1.395157E+01 1.877884E+00 3.322591E-02
1.389471E+01 1.891325E+00 3.444687E-02
1.383830E+01 1.905047E+00 3.604674E-02
1.378235E+01 1.919178E+00 3.802947E-02
1.372685E+01 1.933846E+00 4.042187E-02
1.367180E+01 1.949182E+00 4.327157E-02
1.361719E+01 1.965327E+00 4.664801E-02
1.356301E+01 1.982438E+00 5.064597E-02
1.350926E+01 2.000694E+00 5.539183E-02
1.345594E+01 2.020304E+00 6.105316E-02
1.340303E+01 2.041513E+00 6.785308E-02
1.335054E+01 2.064615E+00 7.609148E-02
1.329846E+01 2.089959E+00 8.617669E-02
1.324678E+01 2.117968E+00 9.867364E-02
1.319551E+01 2.149141E+00 1.143782E-01
1.314463E+01 2.184064E+00 1.344340E-01
1.309414E+01 2.223380E+00 1.605197E-01
1.304403E+01 2.267699E+00 1.951516E-01
1.299431E+01 2.317342E+00 2.421692E-01
1.294497E+01 2.371637E+00 3.074785E-01
1.289600E+01 2.427195E+00 3.999888E-01
1.284740E+01 2.473884E+00 5.319112E-01
1.279916E+01 2.487215E+00 7.147648E-01
1.275128E+01 2.421985E+00 9.420806E-01
1.270376E+01 2.232845E+00 1.158595E+00
1.265660E+01 1.937724E+00 1.269927E+00
1.260978E+01 1.631031E+00 1.230671E+00
1.256331E+01 1.395680E+00 1.080596E+00
1.251718E+01 1.255942E+00 8.837379E-01
1.247138E+01 1.201280E+00 6.875154E-01
1.242592E+01 1.207940E+00 5.203739E-01
1.238080E+01 1.248380E+00 3.928248E-01
1.233599E+01 1.301110E+00 3.010091E-01
1.229151E+01 1.354614E+00 2.358006E-01
1.224735E+01 1.404347E+00 1.889651E-01
1.220351E+01 1.449110E+00 1.546272E-01
1.215998E+01 1.489019E+00 1.288833E-01
1.211676E+01 1.524612E+00 1.091683E-01
1.207384E+01 1.556509E+00 9.377797E-02
1.203123E+01 1.585286E+00 8.155740E-02
1.198892E+01 1.611443E+00 7.170719E-02
1.194690E+01 1.635399E+00 6.366210E-02
1.190518E+01 1.657502E+00 5.701452E-02
1.186375E+01 1.678041E+00 5.146507E-02
1.182260E+01 1.697254E+00 4.679020E-02
1.178174E+01 1.715342E+00 4.282042E-02
1.174116E+01 1.732472E+00 3.942547E-02
1.170086E+01 1.748785E+00 3.650395E-02
1.166084E+01 1.764402E+00 3.397609E-02
1.162108E+01 1.779424E+00 3.177841E-02
1.158160E+01 1.793942E+00 2.985997E-02
1.154239E+01 1.808032E+00 2.817953E-02
1.150344E+01 1.821762E+00 2.670344E-02
1.146475E+01 1.835191E+00 2.540405E-02
1.142632E+01 1.848374E+00 2.425849E-02
1.138815E+01 1.861357E+00 2.324776E-02
1.135023E+01 1.874184E+00 2.235598E-02
1.131257E+01 1.886895E+00 2.156984E-02
1.127515E+01 1.899527E+00 2.087812E-02
1.123798E+01 1.912113E+00 2.027138E-02
1.120106E+01 1.924685E+00 1.974163E-02
1.116437E+01 1.937273E+00 1.928214E-02
1.112793E+01 1.949908E+00 1.888722E-02
1.109172E+01 1.962615E+00 1.855209E-02
1.105575E+01 1.975424E+00 1.827279E-02
1.102001E+01 1.988361E+00 1.804602E-02
1.098450E+01 2.001452E+00 1.786912E-02
1.094922E+01 2.014725E+00 1.773998E-02
1.091416E+01 2.028206E+00 1.765701E-02
1.087933E+01 2.041922E+00 1.761909E-02
1.084472E+01 2.055903E+00 1.762555E-02
1.081033E+01 2.070177E+00 1.767618E-02
1.077616E+01 2.084774E+00 1.777116E-02
1.074220E+01 2.099726E+00 1.791116E-02
1.070846E+01 2.115067E+00 1.809726E-02
1.067492E+01 2.130831E+00 1.833102E-02
1.064160E+01 2.147056E+00 1.861450E-02
1.060848E+01 2.163782E+00 1.895029E-02
1.057557E+01 2.181052E+00 1.934159E-02
1.054286E+01 2.198911E+00 1.979223E-02
1.051036E+01 2.217411E+00 2.030679E-02
1.047805E+01 2.236604E+00 2.089067E-02
1.044595E+01 2.256550E+00 2.155022E-02
1.041403E+01 2.277315E+00 2.229289E-02
1.038232E+01 2.298968E+00 2.312737E-02
1.035079E+01 2.321589E+00 2.406384E-02
1.031946E+01 2.345265E+00 2.511423E-02
1.028831E+01 2.370092E+00 2.629251E-02
1.025736E+01 2.396179E+00 2.761514E-02
1.022659E+01 2.423647E+00 2.910161E-02
1.019600E+01 2.452634E+00 3.077508E-02
1.016559E+01 2.483295E+00 3.266331E-02
1.013537E+01 2.515808E+00 3.479989E-02
1.010532E+01 2.550375E+00 3.722581E-02
1.007546E+01 2.587232E+00 3.999176E-02
1.004577E+01 2.626651E+00 4.316118E-02
1.001625E+01 2.668949E+00 4.681457E-02
9.986907E+00 2.714499E+00 5.105554E-02
9.957729E+00 2.763740E+00 5.601919E-02
9.928732E+00 2.817193E+00 6.188381E-02
9.899892E+00 2.875476E+00 6.888695E-02
9.871230E+00 2.939325E+00 7.734721E-02
9.842733E+00 3.009620E+00 8.769312E-02
9.814390E+00 3.087413E+00 1.005008E-01
9.786220E+00 3.173965E+00 1.165424E-01
9.758202E+00 3.270814E+00 1.368506E-01
9.730352E+00 3.379866E+00 1.628134E-01
9.702653E+00 3.503576E+00 1.963426E-01
9.675119E+00 3.645233E+00 2.402217E-01
9.647732E+00 3.809359E+00 2.988780E-01
9.620509E+00 4.001964E+00 3.800301E-01
9.593430E+00 4.229731E+00 4.977681E-01
9.566513E+00 4.495836E+00 6.768094E-01
9.539736E+00 4.789419E+00 9.542613E-01
9.513119E+00 5.070731E+00 1.370204E+00
9.486640E+00 5.266053E+00 1.942467E+00
9.460317E+00 5.286985E+00 2.640198E+00
9.434140E+00 5.066889E+00 3.378214E+00
9.408099E+00 4.594386E+00 4.038005E+00
9.382210E+00 3.926831E+00 4.508018E+00
9.356454E+00 3.173635E+00 4.725161E+00
9.330848E+00 2.456253E+00 4.695424E+00
9.305373E+00 1.865974E+00 4.484167E+00
9.280045E+00 1.438650E+00 4.183859E+00
9.254846E+00 1.156224E+00 3.874798E+00
9.229792E+00 9.733984E-01 3.600402E+00
9.204865E+00 8.474718E-01 3.370053E+00
9.180081E+00 7.512082E-01 3.176280E+00
9.155422E+00 6.711420E-01 3.008266E+00
9.130902E+00 6.019135E-01 2.857414E+00
9.106514E+00 5.419236E-01 2.718288E+00
9.082248E+00 4.909183E-01 2.588005E+00
9.058119E+00 4.488288E-01 2.465369E+00
9.034109E+00 4.152896E-01 2.350135E+00
9.010235E+00 3.895204E-01 2.242450E+00
8.986478E+00 3.703998E-01 2.142483E+00
8.962854E+00 3.566257E-01 2.050219E+00
8.939347E+00 3.468821E-01 1.965393E+00
8.915970E+00 3.399681E-01 1.887507E+00
8.892707E+00 3.348732E-01 1.815897E+00
8.869573E+00 3.308042E-01 1.749806E+00
8.846551E+00 3.271807E-01 1.688436E+00
8.823657E+00 3.236161E-01 1.630991E+00
8.800880E+00 3.199042E-01 1.576688E+00
8.778213E+00 3.160322E-01 1.524754E+00
8.755670E+00 3.122587E-01 1.474434E+00
8.733235E+00 3.092782E-01 1.425123E+00
8.710923E+00 3.083333E-01 1.376812E+00
8.688716E+00 3.107170E-01 1.330851E+00
8.666630E+00 3.162713E-01 1.290049E+00
8.644649E+00 3.220322E-01 1.257006E+00
8.622786E+00 3.229335E-01 1.231427E+00
8.601026E+00 3.149931E-01 1.208912E+00
8.579383E+00 2.984333E-01 1.183188E+00
8.557841E+00 2.775529E-01 1.149999E+00
8.536415E+00 2.577267E-01 1.109095E+00
8.515088E+00 2.424693E-01 1.063244E+00
8.493875E+00 2.324473E-01 1.015873E+00
8.472767E+00 2.264152E-01 9.691303E-01
8.451757E+00 2.229026E-01 9.235522E-01
8.430857E+00 2.210583E-01 8.788875E-01
8.410054E+00 2.205759E-01 8.347724E-01
8.389360E+00 2.214266E-01 7.909472E-01
8.368761E+00 2.236972E-01 7.472648E-01
8.348270E+00 2.275244E-01 7.036605E-01
8.327872E+00 2.330737E-01 6.601310E-01
8.307580E+00 2.405345E-01 6.167289E-01
8.287380E+00 2.501181E-01 5.735703E-01
8.267285E+00 2.620490E-01 5.308537E-01
8.247280E+00 2.765416E-01 4.888862E-01
8.227378E+00 2.937506E-01 4.481047E-01
8.207573E+00 3.136945E-01 4.090710E-01
8.187856E+00 3.361708E-01 3.724109E-01
8.168240E+00 3.607129E-01 3.386887E-01
8.148711E+00 3.866417E-01 3.082614E-01
8.129282E+00 4.132058E-01 2.811952E-01
8.109938E+00 4.397359E-01 2.572893E-01
8.090693E+00 4.657381E-01 2.361756E-01
8.071533E+00 4.909086E-01 2.174268E-01
8.052470E+00 5.151010E-01 2.006325E-01
8.033490E+00 5.382784E-01 1.854377E-01
8.014606E+00 5.604713E-01 1.715536E-01
7.995804E+00 5.817468E-01 1.587548E-01
7.977096E+00 6.021873E-01 1.468706E-01
7.958470E+00 6.218780E-01 1.357738E-01
7.939936E+00 6.408992E-01 1.253721E-01
7.921489E+00 6.593225E-01 1.155989E-01
7.903120E+00 6.772093E-01 1.064068E-01
7.884843E+00 6.946099E-01 9.776225E-02
7.866645E+00 7.115646E-01 8.964084E-02
7.848536E+00 7.281043E-01 8.202440E-02
7.830504E+00 7.442518E-01 7.489838E-02
7.812561E+00 7.600233E-01 6.825002E-02
7.794694E+00 7.754291E-01 6.206712E-02
7.776915E+00 7.904753E-01 5.633715E-02
7.759210E+00 8.051647E-01 5.104662E-02
7.741592E+00 8.194975E-01 4.618080E-02
7.724048E+00 8.334725E-01 4.172355E-02
7.706589E+00 8.470877E-01 3.765723E-02
7.689208E+00 8.603405E-01 3.396286E-02
7.671900E+00 8.732290E-01 3.062022E-02
7.654676E+00 8.857515E-01 2.760809E-02
7.637523E+00 8.979078E-01 2.490451E-02
7.620453E+00 9.096985E-01 2.248707E-02
7.603453E+00 9.211258E-01 2.033323E-02
7.586534E+00 9.321935E-01 1.842061E-02
7.569685E+00 9.429065E-01 1.672731E-02
7.552916E+00 9.532714E-01 1.523213E-02
7.536215E+00 9.632960E-01 1.391487E-02
7.519594E+00 9.729891E-01 1.275644E-02
7.503041E+00 9.823607E-01 1.173906E-02
7.486565E+00 9.914213E-01 1.084627E-02
7.470162E+00 1.000182E+00 1.006307E-02
7.453825E+00 1.008654E+00 9.375835E-03
7.437565E+00 1.016850E+00 8.772345E-03
7.421371E+00 1.024781E+00 8.241696E-03
7.405252E+00 1.032458E+00 7.774234E-03
7.389197E+00 1.039894E+00 7.361461E-03
7.373218E+00 1.047098E+00 6.995944E-03
7.357301E+00 1.054083E+00 6.671205E-03
7.341459E+00 1.060857E+00 6.381631E-03
7.325680E+00 1.067432E+00 6.122368E-03
7.309974E+00 1.073816E+00 5.889238E-03
7.294329E+00 1.080018E+00 5.678651E-03
7.278757E+00 1.086047E+00 5.487531E-03
7.263245E+00 1.091910E+00 5.313246E-03
7.247805E+00 1.097616E+00 5.153546E-03
7.232431E+00 1.103171E+00 5.006510E-03
7.217116E+00 1.108581E+00 4.870501E-03
7.201871E+00 1.113854E+00 4.744119E-03
7.186686E+00 1.118995E+00 4.626174E-03
7.171569E+00 1.124009E+00 4.515647E-03
7.156511E+00 1.128902E+00 4.411668E-03
7.141521E+00 1.133679E+00 4.313493E-03
7.126588E+00 1.138344E+00 4.220488E-03
7.111723E+00 1.142902E+00 4.132104E-03
7.096915E+00 1.147357E+00 4.047873E-03
7.082173E+00 1.151713E+00 3.967390E-03
7.067487E+00 1.155973E+00 3.890308E-03
7.052868E+00 1.160140E+00 3.816324E-03
7.038308E+00 1.164219E+00 3.745175E-03
7.023804E+00 1.168213E+00 3.676634E-03
7.009364E+00 1.172123E+00 3.610500E-03
6.994978E+00 1.175954E+00 3.546600E-03
6.980657E+00 1.179707E+00 3.484778E-03
6.966389E+00 1.183386E+00 3.424899E-03
6.952184E+00 1.186992E+00 3.366842E-03
6.938032E+00 1.190528E+00 3.310498E-03
6.923942E+00 1.193997E+00 3.255773E-03
6.909905E+00 1.197399E+00 3.202578E-03
6.895929E+00 1.200738E+00 3.150836E-03
6.882005E+00 1.204016E+00 3.100476E-03
6.868141E+00 1.207233E+00 3.051433E-03
6.854329E+00 1.210392E+00 3.003648E-03
6.840577E+00 1.213494E+00 2.957068E-03
6.826880E+00 1.216542E+00 2.911641E-03
6.813233E+00 1.219536E+00 2.867322E-03
6.799645E+00 1.222478E+00 2.824067E-03
6.786107E+00 1.225370E+00 2.781838E-03
6.772627E+00 1.228213E+00 2.740596E-03
6.759196E+00 1.231008E+00 2.700306E-03
6.745822E+00 1.233756E+00 2.660936E-03
6.732497E+00 1.236459E+00 2.622453E-03
6.719229E+00 1.239118E+00 2.584830E-03
6.706009E+00 1.241734E+00 2.548038E-03
6.692845E+00 1.244307E+00 2.512051E-03
6.679728E+00 1.246840E+00 2.476843E-03
6.666667E+00 1.249334E+00 2.442391E-03
