10000.000000 2.083649 0.000001 
5000.000000 2.083655 0.000003 
3333.333333 2.083664 0.000004 
2500.000000 2.083677 0.000006 
2000.000000 2.083694 0.000007 
1666.666667 2.083714 0.000008 
1428.571429 2.083738 0.000010 
1250.000000 2.083766 0.000011 
1111.111111 2.083797 0.000013 
1000.000000 2.083833 0.000014 
909.090909 2.083872 0.000015 
833.333333 2.083914 0.000017 
769.230769 2.083961 0.000018 
714.285714 2.084011 0.000019 
666.666667 2.084065 0.000021 
625.000000 2.084122 0.000022 
588.235294 2.084183 0.000024 
555.555556 2.084249 0.000025 
526.315789 2.084317 0.000027 
500.000000 2.084390 0.000028 
476.190476 2.084466 0.000029 
454.545455 2.084546 0.000031 
434.782609 2.084630 0.000032 
416.666667 2.084718 0.000034 
400.000000 2.084809 0.000035 
384.615385 2.084904 0.000037 
370.370370 2.085003 0.000038 
357.142857 2.085106 0.000039 
344.827586 2.085212 0.000041 
333.333333 2.085322 0.000042 
322.580645 2.085437 0.000044 
312.500000 2.085555 0.000045 
303.030303 2.085676 0.000047 
294.117647 2.085802 0.000048 
285.714286 2.085931 0.000050 
277.777778 2.086065 0.000051 
270.270270 2.086202 0.000053 
263.157895 2.086343 0.000054 
256.410256 2.086488 0.000056 
250.000000 2.086637 0.000057 
243.902439 2.086789 0.000059 
238.095238 2.086946 0.000061 
232.558140 2.087106 0.000062 
227.272727 2.087271 0.000064 
222.222222 2.087439 0.000065 
217.391304 2.087612 0.000067 
212.765957 2.087788 0.000068 
208.333333 2.087968 0.000070 
204.081633 2.088153 0.000072 
200.000000 2.088341 0.000073 
196.078431 2.088533 0.000075 
192.307692 2.088730 0.000077 
188.679245 2.088930 0.000078 
185.185185 2.089135 0.000080 
181.818182 2.089343 0.000082 
178.571429 2.089556 0.000083 
175.438596 2.089772 0.000085 
172.413793 2.089993 0.000087 
169.491525 2.090218 0.000088 
166.666667 2.090447 0.000090 
163.934426 2.090681 0.000092 
161.290323 2.090918 0.000094 
158.730159 2.091160 0.000095 
156.250000 2.091406 0.000097 
153.846154 2.091656 0.000099 
151.515152 2.091910 0.000101 
149.253731 2.092169 0.000103 
147.058824 2.092432 0.000104 
144.927536 2.092699 0.000106 
142.857143 2.092970 0.000108 
140.845070 2.093246 0.000110 
138.888889 2.093526 0.000112 
136.986301 2.093811 0.000114 
135.135135 2.094100 0.000116 
133.333333 2.094393 0.000118 
131.578947 2.094691 0.000120 
129.870130 2.094994 0.000122 
128.205128 2.095301 0.000124 
126.582278 2.095612 0.000126 
125.000000 2.095928 0.000128 
123.456790 2.096248 0.000130 
121.951220 2.096573 0.000132 
120.481928 2.096903 0.000134 
119.047619 2.097238 0.000136 
117.647059 2.097577 0.000138 
116.279070 2.097920 0.000140 
114.942529 2.098269 0.000142 
113.636364 2.098622 0.000145 
112.359551 2.098980 0.000147 
111.111111 2.099342 0.000149 
109.890110 2.099710 0.000151 
108.695652 2.100082 0.000154 
107.526882 2.100460 0.000156 
106.382979 2.100842 0.000158 
105.263158 2.101229 0.000161 
104.166667 2.101621 0.000163 
103.092784 2.102019 0.000165 
102.040816 2.102421 0.000168 
101.010101 2.102828 0.000170 
100.000000 2.103241 0.000173 
99.009901 2.103658 0.000175 
98.039216 2.104081 0.000178 
97.087379 2.104509 0.000180 
96.153846 2.104942 0.000183 
95.238095 2.105381 0.000186 
94.339623 2.105825 0.000188 
93.457944 2.106274 0.000191 
92.592593 2.106729 0.000194 
91.743119 2.107189 0.000196 
90.909091 2.107655 0.000199 
90.090090 2.108126 0.000202 
89.285714 2.108603 0.000205 
88.495575 2.109085 0.000208 
87.719298 2.109573 0.000211 
86.956522 2.110067 0.000214 
86.206897 2.110567 0.000217 
85.470085 2.111072 0.000220 
84.745763 2.111584 0.000223 
84.033613 2.112101 0.000226 
83.333333 2.112624 0.000229 
82.644628 2.113153 0.000232 
81.967213 2.113688 0.000235 
81.300813 2.114230 0.000239 
80.645161 2.114777 0.000242 
80.000000 2.115331 0.000245 
79.365079 2.115891 0.000249 
78.740157 2.116457 0.000252 
78.125000 2.117030 0.000256 
77.519380 2.117609 0.000259 
76.923077 2.118195 0.000263 
76.335878 2.118787 0.000267 
75.757576 2.119386 0.000270 
75.187970 2.119992 0.000274 
74.626866 2.120604 0.000278 
74.074074 2.121224 0.000282 
73.529412 2.121850 0.000286 
72.992701 2.122483 0.000290 
72.463768 2.123123 0.000294 
71.942446 2.123771 0.000298 
71.428571 2.124425 0.000302 
70.921986 2.125087 0.000306 
70.422535 2.125757 0.000311 
69.930070 2.126433 0.000315 
69.444444 2.127118 0.000319 
68.965517 2.127809 0.000324 
68.493151 2.128509 0.000328 
68.027211 2.129217 0.000333 
67.567568 2.129932 0.000338 
67.114094 2.130655 0.000343 
66.666667 2.131386 0.000348 
66.225166 2.132126 0.000353 
65.789474 2.132874 0.000358 
65.359477 2.133630 0.000363 
64.935065 2.134395 0.000368 
64.516129 2.135168 0.000374 
64.102564 2.135950 0.000379 
63.694268 2.136741 0.000385 
63.291139 2.137541 0.000391 
62.893082 2.138350 0.000396 
62.500000 2.139168 0.000402 
62.111801 2.139995 0.000408 
61.728395 2.140832 0.000415 
61.349693 2.141678 0.000421 
60.975610 2.142534 0.000428 
60.606061 2.143400 0.000434 
60.240964 2.144276 0.000441 
59.880240 2.145163 0.000448 
59.523810 2.146059 0.000455 
59.171598 2.146966 0.000462 
58.823529 2.147884 0.000470 
58.479532 2.148812 0.000477 
58.139535 2.149752 0.000485 
57.803468 2.150703 0.000493 
57.471264 2.151665 0.000501 
57.142857 2.152638 0.000510 
56.818182 2.153624 0.000518 
56.497175 2.154621 0.000527 
56.179775 2.155631 0.000536 
55.865922 2.156653 0.000546 
55.555556 2.157688 0.000555 
55.248619 2.158736 0.000565 
54.945055 2.159796 0.000575 
54.644809 2.160871 0.000586 
54.347826 2.161959 0.000597 
54.054054 2.163060 0.000608 
53.763441 2.164177 0.000620 
53.475936 2.165307 0.000632 
53.191489 2.166453 0.000644 
52.910053 2.167614 0.000657 
52.631579 2.168790 0.000670 
52.356021 2.169983 0.000684 
52.083333 2.171191 0.000698 
51.813472 2.172417 0.000713 
51.546392 2.173659 0.000728 
51.282051 2.174919 0.000744 
51.020408 2.176197 0.000761 
50.761421 2.177494 0.000778 
50.505051 2.178809 0.000796 
50.251256 2.180144 0.000815 
50.000000 2.181499 0.000835 
49.751244 2.182875 0.000856 
49.504950 2.184272 0.000877 
49.261084 2.185690 0.000900 
49.019608 2.187132 0.000924 
48.780488 2.188596 0.000948 
48.543689 2.190085 0.000975 
48.309179 2.191598 0.001002 
48.076923 2.193138 0.001031 
47.846890 2.194704 0.001062 
47.619048 2.196297 0.001095 
47.393365 2.197919 0.001129 
47.169811 2.199571 0.001165 
46.948357 2.201254 0.001204 
46.728972 2.202969 0.001245 
46.511628 2.204718 0.001289 
46.296296 2.206502 0.001336 
46.082949 2.208322 0.001386 
45.871560 2.210181 0.001439 
45.662100 2.212080 0.001496 
45.454545 2.214021 0.001558 
45.248869 2.216007 0.001624 
45.045045 2.218039 0.001695 
44.843049 2.220120 0.001772 
44.642857 2.222253 0.001855 
44.444444 2.224442 0.001945 
44.247788 2.226688 0.002044 
44.052863 2.228997 0.002150 
43.859649 2.231372 0.002267 
43.668122 2.233818 0.002395 
43.478261 2.236338 0.002535 
43.290043 2.238940 0.002689 
43.103448 2.241629 0.002860 
42.918455 2.244412 0.003048 
42.735043 2.247297 0.003257 
42.553191 2.250292 0.003490 
42.372881 2.253406 0.003751 
42.194093 2.256652 0.004044 
42.016807 2.260042 0.004373 
41.841004 2.263590 0.004746 
41.666667 2.267312 0.005170 
41.493776 2.271228 0.005653 
41.322314 2.275361 0.006208 
41.152263 2.279735 0.006849 
40.983607 2.284381 0.007592 
40.816327 2.289335 0.008460 
40.650407 2.294639 0.009482 
40.485830 2.300344 0.010693 
40.322581 2.306509 0.012140 
40.160643 2.313207 0.013885 
40.000000 2.320527 0.016012 
39.840637 2.328574 0.018632 
39.682540 2.337477 0.021901 
39.525692 2.347392 0.026035 
39.370079 2.358502 0.031346 
39.215686 2.371019 0.038285 
39.062500 2.385164 0.047525 
38.910506 2.401118 0.060087 
38.759690 2.418882 0.077534 
38.610039 2.437928 0.102255 
38.461538 2.456361 0.137762 
38.314176 2.469094 0.188473 
38.167939 2.464789 0.257157 
38.022814 2.424915 0.336267 
37.878788 2.337464 0.396314 
37.735849 2.225494 0.400629 
37.593985 2.136262 0.350057 
37.453184 2.090803 0.279510 
37.313433 2.078825 0.215876 
37.174721 2.084277 0.166937 
37.037037 2.096829 0.131236 
36.900369 2.111439 0.105378 
36.764706 2.125956 0.086435 
36.630037 2.139576 0.072305 
36.496350 2.152074 0.061557 
36.363636 2.163464 0.053227 
36.231884 2.173846 0.046656 
36.101083 2.183345 0.041390 
35.971223 2.192083 0.037111 
35.842294 2.200172 0.033589 
35.714286 2.207705 0.030658 
35.587189 2.214766 0.028194 
35.460993 2.221423 0.026105 
35.335689 2.227735 0.024319 
35.211268 2.233752 0.022781 
35.087719 2.239516 0.021450 
34.965035 2.245062 0.020290 
34.843206 2.250422 0.019275 
34.722222 2.255622 0.018382 
34.602076 2.260684 0.017595 
34.482759 2.265629 0.016898 
34.364261 2.270475 0.016279 
34.246575 2.275236 0.015729 
34.129693 2.279925 0.015238 
34.013605 2.284556 0.014801 
33.898305 2.289138 0.014410 
33.783784 2.293682 0.014061 
33.670034 2.298196 0.013749 
33.557047 2.302687 0.013471 
33.444816 2.307164 0.013223 
33.333333 2.311633 0.013003 
33.222591 2.316100 0.012808 
33.112583 2.320571 0.012637 
33.003300 2.325050 0.012486 
32.894737 2.329544 0.012355 
32.786885 2.334057 0.012243 
32.679739 2.338593 0.012147 
32.573290 2.343157 0.012068 
32.467532 2.347753 0.012003 
32.362460 2.352385 0.011953 
32.258065 2.357056 0.011916 
32.154341 2.361771 0.011893 
32.051282 2.366534 0.011881 
31.948882 2.371347 0.011882 
31.847134 2.376215 0.011894 
31.746032 2.381142 0.011917 
31.645570 2.386131 0.011952 
31.545741 2.391185 0.011997 
31.446541 2.396309 0.012053 
31.347962 2.401507 0.012119 
31.250000 2.406781 0.012196 
31.152648 2.412136 0.012283 
31.055901 2.417576 0.012380 
30.959752 2.423104 0.012488 
30.864198 2.428726 0.012607 
30.769231 2.434446 0.012736 
30.674847 2.440267 0.012877 
30.581040 2.446195 0.013028 
30.487805 2.452234 0.013191 
30.395137 2.458390 0.013366 
30.303030 2.464667 0.013553 
30.211480 2.471071 0.013752 
30.120482 2.477608 0.013964 
30.030030 2.484284 0.014190 
29.940120 2.491105 0.014430 
29.850746 2.498077 0.014685 
29.761905 2.505208 0.014955 
29.673591 2.512505 0.015241 
29.585799 2.519975 0.015544 
29.498525 2.527628 0.015865 
29.411765 2.535472 0.016206 
29.325513 2.543515 0.016566 
29.239766 2.551769 0.016948 
29.154519 2.560244 0.017352 
29.069767 2.568950 0.017781 
28.985507 2.577900 0.018236 
28.901734 2.587108 0.018719 
28.818444 2.596586 0.019231 
28.735632 2.606350 0.019776 
28.653295 2.616417 0.020356 
28.571429 2.626802 0.020973 
28.490028 2.637526 0.021630 
28.409091 2.648609 0.022332 
28.328612 2.660073 0.023081 
28.248588 2.671943 0.023883 
28.169014 2.684244 0.024742 
28.089888 2.697005 0.025664 
28.011204 2.710259 0.026656 
27.932961 2.724040 0.027723 
27.855153 2.738386 0.028875 
27.777778 2.753341 0.030120 
27.700831 2.768951 0.031469 
27.624309 2.785269 0.032935 
27.548209 2.802353 0.034531 
27.472527 2.820268 0.036274 
27.397260 2.839090 0.038183 
27.322404 2.858901 0.040281 
27.247956 2.879795 0.042593 
27.173913 2.901881 0.045152 
27.100271 2.925280 0.047993 
27.027027 2.950136 0.051164 
26.954178 2.976611 0.054716 
26.881720 3.004896 0.058718 
26.809651 3.035213 0.063249 
26.737968 3.067825 0.068411 
26.666667 3.103043 0.074329 
26.595745 3.141239 0.081164 
26.525199 3.182861 0.089120 
26.455026 3.228455 0.098462 
26.385224 3.278690 0.109539 
26.315789 3.334398 0.122820 
26.246719 3.396623 0.138941 
26.178010 3.466690 0.158790 
26.109661 3.546305 0.183628 
26.041667 3.637689 0.215300 
25.974026 3.743766 0.256587 
25.906736 3.868415 0.311828 
25.839793 4.016762 0.388075 
25.773196 4.195367 0.497319 
25.706941 4.411615 0.660976 
25.641026 4.669595 0.919027 
25.575448 4.951845 1.346640 
25.510204 5.152195 2.063499 
25.445293 4.934386 3.096886 
25.380711 3.972775 3.930986 
25.316456 2.794662 3.996087 
25.252525 1.965694 3.597301 
25.188917 1.472388 3.103793 
25.125628 1.183512 2.635562 
25.062657 1.016113 2.210281 
25.000000 0.929472 1.820504 
24.937656 0.908567 1.456681 
24.875622 0.955012 1.118085 
24.813896 1.072234 0.824646 
24.752475 1.236156 0.605639 
24.691358 1.405126 0.459918 
24.630542 1.557757 0.364238 
24.570025 1.690824 0.299137 
24.509804 1.806848 0.252984 
24.449878 1.909134 0.219118 
24.390244 2.000559 0.193595 
24.330900 2.083420 0.173973 
24.271845 2.159521 0.158673 
24.213075 2.230282 0.146635 
24.154589 2.296837 0.137126 
24.096386 2.360105 0.129628 
24.038462 2.420848 0.123768 
23.980815 2.479707 0.119270 
23.923445 2.537237 0.115934 
23.866348 2.593924 0.113611 
23.809524 2.650211 0.112196 
23.752969 2.706506 0.111612 
23.696682 2.763195 0.111811 
23.640662 2.820657 0.112765 
23.584906 2.879268 0.114470 
23.529412 2.939415 0.116937 
23.474178 3.001501 0.120199 
23.419204 3.065958 0.124308 
23.364486 3.133257 0.129339 
23.310023 3.203920 0.135394 
23.255814 3.278536 0.142607 
23.201856 3.357781 0.151152 
23.148148 3.442438 0.161252 
23.094688 3.533430 0.173197 
23.041475 3.631861 0.187367 
22.988506 3.739063 0.204259 
22.935780 3.856673 0.224537 
22.883295 3.986726 0.249102 
22.831050 4.131795 0.279198 
22.779043 4.295184 0.316584 
22.727273 4.481212 0.363814 
22.675737 4.695635 0.424716 
22.624434 4.946269 0.505242 
22.573363 5.243932 0.615067 
22.522523 5.603790 0.770775 
22.471910 6.046943 1.002636 
22.421525 6.600449 1.370072 
22.371365 7.284992 1.998494 
22.321429 8.032263 3.156924 
22.271715 8.306037 5.240036 
22.222222 6.798605 7.578211 
22.172949 4.284835 8.100756 
22.123894 2.626873 7.432125 
22.075055 1.738014 6.639200 
22.026432 1.239743 5.969099 
21.978022 0.936965 5.428369 
21.929825 0.739468 4.988979 
21.881838 0.603151 4.625517 
21.834061 0.504764 4.319213 
21.786492 0.431174 4.056675 
21.739130 0.374517 3.828297 
21.691974 0.329848 3.627076 
21.645022 0.293923 3.447805 
21.598272 0.264543 3.286543 
21.551724 0.240169 3.140248 
21.505376 0.219699 3.006539 
21.459227 0.202321 2.883520 
21.413276 0.187432 2.769663 
21.367521 0.174570 2.663720 
21.321962 0.163381 2.564664 
21.276596 0.153584 2.471636 
21.231423 0.144959 2.383914 
21.186441 0.137330 2.300887 
21.141649 0.130552 2.222029 
21.097046 0.124510 2.146888 
21.052632 0.119108 2.075071 
21.008403 0.114265 2.006236 
20.964361 0.109916 1.940078 
20.920502 0.106006 1.876330 
20.876827 0.102487 1.814752 
20.833333 0.099322 1.755128 
20.790021 0.096477 1.697263 
20.746888 0.093925 1.640979 
20.703934 0.091644 1.586113 
20.661157 0.089613 1.532513 
20.618557 0.087818 1.480038 
20.576132 0.086247 1.428553 
20.533881 0.084890 1.377930 
20.491803 0.083742 1.328046 
20.449898 0.082800 1.278781 
20.408163 0.082064 1.230014 
20.366599 0.081537 1.181625 
20.325203 0.081228 1.133490 
20.283976 0.081147 1.085480 
20.242915 0.081313 1.037457 
20.202020 0.081752 0.989273 
20.161290 0.082498 0.940764 
20.120724 0.083599 0.891741 
20.080321 0.085121 0.841990 
20.040080 0.087159 0.791252 
20.000000 0.089845 0.739215 
19.960080 0.093379 0.685488 
19.920319 0.098067 0.629569 
19.880716 0.104404 0.570802 
19.841270 0.113245 0.508309 
19.801980 0.126178 0.440964 
19.762846 0.146391 0.367621 
19.723866 0.180257 0.288951 
19.685039 0.235661 0.214042 
19.646365 0.306551 0.159446 
19.607843 0.376104 0.126005 
19.569472 0.438068 0.104948 
19.531250 0.492718 0.090567 
19.493177 0.541384 0.080047 
19.455253 0.585236 0.071949 
19.417476 0.625161 0.065475 
19.379845 0.661829 0.060152 
19.342360 0.695746 0.055676 
19.305019 0.727306 0.051847 
19.267823 0.756820 0.048524 
19.230769 0.784538 0.045608 
19.193858 0.810665 0.043022 
19.157088 0.835372 0.040711 
19.120459 0.858801 0.038630 
19.083969 0.881074 0.036746 
19.047619 0.902295 0.035029 
19.011407 0.922555 0.033459 
18.975332 0.941932 0.032016 
18.939394 0.960496 0.030684 
18.903592 0.978309 0.029452 
18.867925 0.995423 0.028309 
18.832392 1.011889 0.027244 
18.796992 1.027749 0.026250 
18.761726 1.043043 0.025320 
18.726592 1.057808 0.024449 
18.691589 1.072074 0.023630 
18.656716 1.085873 0.022859 
18.621974 1.099230 0.022133 
18.587361 1.112171 0.021447 
18.552876 1.124719 0.020798 
18.518519 1.136894 0.020184 
18.484288 1.148717 0.019602 
18.450185 1.160204 0.019049 
18.416206 1.171373 0.018524 
18.382353 1.182239 0.018024 
18.348624 1.192817 0.017548 
18.315018 1.203121 0.017095 
18.281536 1.213162 0.016662 
18.248175 1.222953 0.016249 
18.214936 1.232505 0.015854 
18.181818 1.241829 0.015477 
18.148820 1.250933 0.015115 
18.115942 1.259828 0.014769 
18.083183 1.268522 0.014438 
18.050542 1.277024 0.014120 
18.018018 1.285340 0.013815 
17.985612 1.293479 0.013523 
17.953321 1.301447 0.013241 
17.921147 1.309251 0.012972 
17.889088 1.316898 0.012712 
17.857143 1.324393 0.012463 
17.825312 1.331741 0.012223 
17.793594 1.338949 0.011992 
17.761989 1.346021 0.011769 
17.730496 1.352962 0.011555 
17.699115 1.359778 0.011349 
17.667845 1.366471 0.011151 
17.636684 1.373047 0.010960 
17.605634 1.379510 0.010775 
17.574692 1.385864 0.010598 
17.543860 1.392112 0.010426 
17.513135 1.398258 0.010261 
17.482517 1.404305 0.010102 
17.452007 1.410257 0.009949 
17.421603 1.416116 0.009801 
17.391304 1.421887 0.009658 
17.361111 1.427571 0.009521 
17.331023 1.433172 0.009389 
17.301038 1.438692 0.009261 
17.271157 1.444134 0.009138 
17.241379 1.449500 0.009019 
17.211704 1.454793 0.008905 
17.182131 1.460016 0.008795 
17.152659 1.465169 0.008690 
17.123288 1.470257 0.008588 
17.094017 1.475280 0.008490 
17.064846 1.480241 0.008396 
17.035775 1.485142 0.008306 
17.006803 1.489985 0.008220 
16.977929 1.494771 0.008137 
16.949153 1.499503 0.008057 
16.920474 1.504182 0.007981 
16.891892 1.508810 0.007909 
16.863406 1.513388 0.007839 
16.835017 1.517919 0.007773 
16.806723 1.522404 0.007710 
16.778523 1.526844 0.007651 
16.750419 1.531241 0.007594 
16.722408 1.535596 0.007541 
16.694491 1.539911 0.007491 
16.666667 1.544188 0.007444 
16.638935 1.548427 0.007400 
16.611296 1.552630 0.007359 
16.583748 1.556798 0.007321 
16.556291 1.560933 0.007286 
16.528926 1.565037 0.007254 
16.501650 1.569109 0.007225 
16.474465 1.573152 0.007200 
16.447368 1.577166 0.007177 
16.420361 1.581154 0.007158 
16.393443 1.585115 0.007141 
16.366612 1.589052 0.007128 
16.339869 1.592966 0.007118 
16.313214 1.596857 0.007112 
16.286645 1.600728 0.007108 
16.260163 1.604578 0.007109 
16.233766 1.608410 0.007112 
16.207455 1.612224 0.007119 
16.181230 1.616022 0.007130 
16.155089 1.619805 0.007145 
16.129032 1.623574 0.007163 
16.103060 1.627330 0.007186 
16.077170 1.631075 0.007212 
16.051364 1.634809 0.007243 
16.025641 1.638534 0.007278 
16.000000 1.642252 0.007318 
15.974441 1.645963 0.007362 
15.948963 1.649668 0.007411 
15.923567 1.653370 0.007466 
15.898251 1.657069 0.007526 
15.873016 1.660767 0.007591 
15.847861 1.664465 0.007663 
15.822785 1.668165 0.007740 
15.797788 1.671867 0.007824 
15.772871 1.675575 0.007915 
15.748031 1.679289 0.008013 
15.723270 1.683011 0.008119 
15.698587 1.686743 0.008233 
15.673981 1.690486 0.008356 
15.649452 1.694243 0.008488 
15.625000 1.698015 0.008629 
15.600624 1.701805 0.008781 
15.576324 1.705614 0.008944 
15.552100 1.709446 0.009119 
15.527950 1.713301 0.009307 
15.503876 1.717184 0.009509 
15.479876 1.721096 0.009725 
15.455951 1.725041 0.009957 
15.432099 1.729021 0.010207 
15.408320 1.733040 0.010475 
15.384615 1.737101 0.010763 
15.360983 1.741208 0.011073 
15.337423 1.745365 0.011407 
15.313936 1.749576 0.011767 
15.290520 1.753846 0.012156 
15.267176 1.758181 0.012576 
15.243902 1.762584 0.013030 
15.220700 1.767062 0.013522 
15.197568 1.771623 0.014056 
15.174507 1.776271 0.014637 
15.151515 1.781016 0.015268 
15.128593 1.785865 0.015958 
15.105740 1.790827 0.016711 
15.082956 1.795913 0.017535 
15.060241 1.801133 0.018440 
15.037594 1.806499 0.019437 
15.015015 1.812026 0.020535 
14.992504 1.817726 0.021751 
14.970060 1.823618 0.023100 
14.947683 1.829719 0.024602 
14.925373 1.836049 0.026279 
14.903130 1.842630 0.028159 
14.880952 1.849488 0.030275 
14.858841 1.856649 0.032666 
14.836795 1.864143 0.035380 
14.814815 1.872003 0.038475 
14.792899 1.880264 0.042022 
14.771049 1.888964 0.046109 
14.749263 1.898142 0.050845 
14.727541 1.907835 0.056368 
14.705882 1.918078 0.062847 
14.684288 1.928895 0.070499 
14.662757 1.940289 0.079600 
14.641288 1.952228 0.090495 
14.619883 1.964617 0.103627 
14.598540 1.977250 0.119548 
14.577259 1.989744 0.138937 
14.556041 2.001423 0.162594 
14.534884 2.011161 0.191384 
14.513788 2.017163 0.226065 
14.492754 2.016763 0.266911 
14.471780 2.006389 0.313020 
14.450867 1.982091 0.361349 
14.430014 1.941055 0.405990 
14.409222 1.883964 0.438799 
14.388489 1.816648 0.452235 
14.367816 1.748863 0.443162 
14.347202 1.690284 0.414510 
14.326648 1.646765 0.373381 
14.306152 1.619371 0.327516 
14.285714 1.605830 0.282761 
14.265335 1.602590 0.242387 
14.245014 1.606251 0.207603 
14.224751 1.614156 0.178391 
14.204545 1.624450 0.154164 
14.184397 1.635928 0.134158 
14.164306 1.647845 0.117628 
14.144272 1.659757 0.103922 
14.124294 1.671415 0.092500 
14.104372 1.682687 0.082926 
14.084507 1.693517 0.074850 
14.064698 1.703888 0.067997 
14.044944 1.713810 0.062146 
14.025245 1.723306 0.057123 
14.005602 1.732405 0.052789 
13.986014 1.741140 0.049029 
13.966480 1.749543 0.045755 
13.947001 1.757648 0.042891 
13.927577 1.765483 0.040378 
13.908206 1.773078 0.038166 
13.888889 1.780458 0.036214 
13.869626 1.787648 0.034487 
13.850416 1.794669 0.032957 
13.831259 1.801543 0.031601 
13.812155 1.808287 0.030398 
13.793103 1.814920 0.029330 
13.774105 1.821456 0.028384 
13.755158 1.827912 0.027547 
13.736264 1.834301 0.026809 
13.717421 1.840635 0.026161 
13.698630 1.846928 0.025594 
13.679891 1.853189 0.025103 
13.661202 1.859432 0.024681 
13.642565 1.865665 0.024324 
13.623978 1.871900 0.024029 
13.605442 1.878145 0.023791 
13.586957 1.884411 0.023608 
13.568521 1.890707 0.023477 
13.550136 1.897043 0.023396 
13.531800 1.903427 0.023365 
13.513514 1.909870 0.023382 
13.495277 1.916380 0.023447 
13.477089 1.922967 0.023558 
13.458950 1.929641 0.023717 
13.440860 1.936413 0.023924 
13.422819 1.943292 0.024179 
13.404826 1.950290 0.024484 
13.386881 1.957417 0.024839 
13.368984 1.964686 0.025248 
13.351135 1.972109 0.025711 
13.333333 1.979700 0.026233 
13.315579 1.987473 0.026815 
13.297872 1.995442 0.027461 
13.280212 2.003624 0.028177 
13.262599 2.012036 0.028965 
13.245033 2.020696 0.029833 
13.227513 2.029625 0.030786 
13.210040 2.038845 0.031831 
13.192612 2.048380 0.032976 
13.175231 2.058255 0.034232 
13.157895 2.068498 0.035608 
13.140604 2.079141 0.037117 
13.123360 2.090219 0.038772 
13.106160 2.101768 0.040590 
13.089005 2.113832 0.042590 
13.071895 2.126456 0.044792 
13.054830 2.139693 0.047222 
13.037810 2.153601 0.049909 
13.020833 2.168244 0.052887 
13.003901 2.183697 0.056196 
12.987013 2.200043 0.059884 
12.970169 2.217375 0.064006 
12.953368 2.235801 0.068630 
12.936611 2.255443 0.073837 
12.919897 2.276442 0.079726 
12.903226 2.298959 0.086416 
12.886598 2.323181 0.094053 
12.870013 2.349325 0.102822 
12.853470 2.377643 0.112951 
12.836970 2.408430 0.124727 
12.820513 2.442030 0.138522 
12.804097 2.478847 0.154811 
12.787724 2.519352 0.174220 
12.771392 2.564091 0.197576 
12.755102 2.613689 0.225993 
12.738854 2.668842 0.260991 
12.722646 2.730275 0.304677 
12.706480 2.798642 0.360010 
12.690355 2.874287 0.431198 
12.674271 2.956704 0.524246 
12.658228 3.043381 0.647629 
12.642225 3.127432 0.812757 
12.626263 3.193178 1.032922 
12.610340 3.209879 1.317223 
12.594458 3.129760 1.653843 
12.578616 2.908728 1.987182 
12.562814 2.555820 2.227115 
12.547051 2.149250 2.315585 
12.531328 1.774504 2.268290 
12.515645 1.471600 2.137816 
12.500000 1.242050 1.969330 
12.484395 1.072869 1.789182 
12.468828 0.950026 1.609917 
12.453300 0.862569 1.436565 
12.437811 0.803006 1.270636 
12.422360 0.766714 1.112332 
12.406948 0.751229 0.961839 
12.391574 0.755422 0.820263 
12.376238 0.778261 0.690208 
12.360939 0.817199 0.575346 
12.345679 0.867383 0.478569 
12.330456 0.922914 0.400181 
12.315271 0.978945 0.338027 
12.300123 1.032574 0.288947 
12.285012 1.082492 0.249937 
12.269939 1.128340 0.218573 
12.254902 1.170225 0.193028 
12.239902 1.208452 0.171954 
12.224939 1.243384 0.154362 
12.210012 1.275385 0.139516 
12.195122 1.304790 0.126865 
12.180268 1.331898 0.115990 
12.165450 1.356972 0.106568 
12.150668 1.380243 0.098346 
12.135922 1.401908 0.091125 
12.121212 1.422141 0.084748 
12.106538 1.441091 0.079084 
12.091898 1.458890 0.074030 
12.077295 1.475652 0.069500 
12.062726 1.491477 0.065424 
12.048193 1.506454 0.061741 
12.033694 1.520659 0.058402 
12.019231 1.534162 0.055366 
12.004802 1.547024 0.052596 
11.990408 1.559298 0.050062 
11.976048 1.571034 0.047737 
11.961722 1.582276 0.045600 
11.947431 1.593062 0.043630 
11.933174 1.603427 0.041811 
11.918951 1.613404 0.040127 
11.904762 1.623020 0.038565 
11.890606 1.632304 0.037115 
11.876485 1.641277 0.035765 
11.862396 1.649962 0.034507 
11.848341 1.658379 0.033332 
11.834320 1.666545 0.032235 
11.820331 1.674478 0.031207 
11.806375 1.682193 0.030244 
11.792453 1.689704 0.029341 
11.778563 1.697024 0.028492 
11.764706 1.704165 0.027693 
11.750881 1.711139 0.026942 
11.737089 1.717954 0.026234 
11.723329 1.724622 0.025566 
11.709602 1.731151 0.024936 
11.695906 1.737549 0.024341 
11.682243 1.743825 0.023778 
11.668611 1.749985 0.023246 
11.655012 1.756036 0.022742 
11.641444 1.761985 0.022265 
11.627907 1.767838 0.021813 
11.614402 1.773599 0.021384 
11.600928 1.779275 0.020978 
11.587486 1.784871 0.020592 
11.574074 1.790391 0.020226 
11.560694 1.795840 0.019879 
11.547344 1.801221 0.019549 
11.534025 1.806539 0.019236 
11.520737 1.811798 0.018939 
11.507480 1.817000 0.018656 
11.494253 1.822151 0.018388 
11.481056 1.827252 0.018133 
11.467890 1.832307 0.017891 
11.454754 1.837319 0.017661 
11.441648 1.842290 0.017443 
11.428571 1.847224 0.017236 
11.415525 1.852123 0.017040 
11.402509 1.856988 0.016853 
11.389522 1.861824 0.016677 
11.376564 1.866631 0.016510 
11.363636 1.871413 0.016352 
11.350738 1.876171 0.016202 
11.337868 1.880907 0.016061 
11.325028 1.885623 0.015928 
11.312217 1.890321 0.015802 
11.299435 1.895003 0.015684 
11.286682 1.899671 0.015573 
11.273957 1.904326 0.015469 
11.261261 1.908971 0.015372 
11.248594 1.913606 0.015281 
11.235955 1.918233 0.015197 
11.223345 1.922854 0.015119 
11.210762 1.927470 0.015046 
11.198208 1.932083 0.014980 
11.185682 1.936694 0.014919 
11.173184 1.941304 0.014864 
11.160714 1.945916 0.014814 
11.148272 1.950529 0.014770 
11.135857 1.955146 0.014730 
11.123471 1.959769 0.014696 
11.111111 1.964397 0.014667 
11.098779 1.969033 0.014643 
11.086475 1.973677 0.014623 
11.074197 1.978331 0.014609 
11.061947 1.982997 0.014598 
11.049724 1.987674 0.014593 
11.037528 1.992366 0.014592 
11.025358 1.997072 0.014596 
11.013216 2.001794 0.014604 
11.001100 2.006532 0.014617 
10.989011 2.011290 0.014633 
10.976948 2.016066 0.014655 
10.964912 2.020864 0.014680 
10.952903 2.025683 0.014711 
10.940919 2.030525 0.014745 
10.928962 2.035391 0.014784 
10.917031 2.040282 0.014826 
10.905125 2.045200 0.014874 
10.893246 2.050145 0.014925 
10.881393 2.055120 0.014981 
10.869565 2.060124 0.015041 
10.857763 2.065160 0.015106 
10.845987 2.070228 0.015175 
10.834236 2.075330 0.015248 
10.822511 2.080467 0.015326 
10.810811 2.085639 0.015408 
10.799136 2.090850 0.015495 
10.787487 2.096099 0.015586 
10.775862 2.101388 0.015682 
10.764263 2.106719 0.015783 
10.752688 2.112093 0.015888 
10.741139 2.117510 0.015998 
10.729614 2.122973 0.016113 
10.718114 2.128483 0.016233 
10.706638 2.134041 0.016358 
10.695187 2.139649 0.016487 
10.683761 2.145308 0.016622 
10.672359 2.151020 0.016763 
10.660981 2.156786 0.016908 
10.649627 2.162609 0.017059 
10.638298 2.168488 0.017216 
10.626993 2.174427 0.017378 
10.615711 2.180427 0.017546 
10.604454 2.186489 0.017720 
10.593220 2.192616 0.017900 
10.582011 2.198808 0.018086 
10.570825 2.205069 0.018278 
10.559662 2.211400 0.018477 
10.548523 2.217802 0.018683 
10.537408 2.224278 0.018895 
10.526316 2.230830 0.019114 
10.515247 2.237460 0.019341 
10.504202 2.244171 0.019575 
10.493179 2.250963 0.019816 
10.482180 2.257840 0.020065 
10.471204 2.264804 0.020323 
10.460251 2.271858 0.020588 
10.449321 2.279003 0.020862 
10.438413 2.286243 0.021145 
10.427529 2.293580 0.021436 
10.416667 2.301017 0.021737 
10.405827 2.308557 0.022048 
10.395010 2.316202 0.022369 
10.384216 2.323956 0.022699 
10.373444 2.331822 0.023041 
10.362694 2.339802 0.023393 
10.351967 2.347901 0.023757 
10.341262 2.356121 0.024132 
10.330579 2.364467 0.024519 
10.319917 2.372941 0.024919 
10.309278 2.381548 0.025332 
10.298661 2.390292 0.025758 
10.288066 2.399177 0.026199 
10.277492 2.408207 0.026654 
10.266940 2.417386 0.027124 
10.256410 2.426719 0.027610 
10.245902 2.436211 0.028112 
10.235415 2.445866 0.028631 
10.224949 2.455691 0.029167 
10.214505 2.465690 0.029722 
10.204082 2.475868 0.030296 
10.193680 2.486232 0.030890 
10.183299 2.496788 0.031505 
10.172940 2.507541 0.032141 
10.162602 2.518499 0.032800 
10.152284 2.529669 0.033483 
10.141988 2.541057 0.034190 
10.131712 2.552671 0.034924 
10.121457 2.564518 0.035684 
10.111223 2.576608 0.036473 
10.101010 2.588948 0.037291 
10.090817 2.601548 0.038140 
10.080645 2.614417 0.039023 
10.070493 2.627564 0.039939 
10.060362 2.641001 0.040891 
10.050251 2.654737 0.041882 
10.040161 2.668785 0.042912 
10.030090 2.683156 0.043984 
10.020040 2.697864 0.045100 
10.010010 2.712920 0.046262 
10.000000 2.728340 0.047474 
9.990010 2.744138 0.048738 
9.980040 2.760330 0.050057 
9.970090 2.776931 0.051433 
9.960159 2.793961 0.052872 
9.950249 2.811436 0.054375 
9.940358 2.829377 0.055947 
9.930487 2.847804 0.057593 
9.920635 2.866739 0.059317 
9.910803 2.886206 0.061125 
9.900990 2.906229 0.063020 
9.891197 2.926835 0.065010 
9.881423 2.948052 0.067101 
9.871668 2.969910 0.069299 
9.861933 2.992441 0.071613 
9.852217 3.015679 0.074051 
9.842520 3.039661 0.076621 
9.832842 3.064428 0.079333 
9.823183 3.090019 0.082199 
9.813543 3.116483 0.085231 
9.803922 3.143866 0.088441 
9.794319 3.172223 0.091844 
9.784736 3.201610 0.095457 
9.775171 3.232089 0.099296 
9.765625 3.263727 0.103382 
9.756098 3.296597 0.107738 
9.746589 3.330777 0.112387 
9.737098 3.366354 0.117357 
9.727626 3.403422 0.122679 
9.718173 3.442083 0.128388 
9.708738 3.482451 0.134524 
9.699321 3.524651 0.141131 
9.689922 3.568818 0.148260 
9.680542 3.615104 0.155969 
9.671180 3.663676 0.164325 
9.661836 3.714722 0.173405 
9.652510 3.768448 0.183296 
9.643202 3.825088 0.194102 
9.633911 3.884900 0.205942 
9.624639 3.948178 0.218958 
9.615385 4.015254 0.233315 
9.606148 4.086504 0.249210 
9.596929 4.162353 0.266879 
9.587728 4.243293 0.286605 
9.578544 4.329885 0.308731 
9.569378 4.422777 0.333677 
9.560229 4.522719 0.361959 
9.551098 4.630588 0.394220 
9.541985 4.747407 0.431267 
9.532888 4.874379 0.474129 
9.523810 5.012924 0.524128 
9.514748 5.164720 0.582986 
9.505703 5.331755 0.652985 
9.496676 5.516377 0.737190 
9.487666 5.721334 0.839791 
9.478673 5.949772 0.966623 
9.469697 6.205126 1.125957 
9.460738 6.490728 1.329746 
9.451796 6.808763 1.595519 
9.442871 7.157691 1.949169 
9.433962 7.526215 2.428409 
9.425071 7.880010 3.084553 
9.416196 8.136634 3.972861 
9.407338 8.136699 5.105547 
9.398496 7.675456 6.346570 
9.389671 6.694272 7.365343 
9.380863 5.445800 7.878313 
9.372071 4.274243 7.908309 
9.363296 3.341879 7.655721 
9.354537 2.648560 7.290151 
9.345794 2.140698 6.902693 
9.337068 1.765405 6.532325 
9.328358 1.483097 6.192474 
9.319664 1.266420 5.885564 
9.310987 1.096815 5.609732 
9.302326 0.961623 5.361723 
9.293680 0.852083 5.138076 
9.285051 0.762021 4.935583 
9.276438 0.687004 4.751422 
9.267841 0.623793 4.583171 
9.259259 0.569975 4.428777 
9.250694 0.523729 4.286501 
9.242144 0.483659 4.154870 
9.233610 0.448679 4.032635 
9.225092 0.417935 3.918731 
9.216590 0.390746 3.812250 
9.208103 0.366567 3.712406 
9.199632 0.344954 3.618526 
9.191176 0.325543 3.530022 
9.182736 0.308034 3.446384 
9.174312 0.292179 3.367164 
9.165903 0.277767 3.291969 
9.157509 0.264623 3.220451 
9.149131 0.252596 3.152303 
9.140768 0.241561 3.087252 
9.132420 0.231406 3.025052 
9.124088 0.222038 2.965486 
9.115770 0.213375 2.908356 
9.107468 0.205347 2.853485 
9.099181 0.197891 2.800713 
9.090909 0.190953 2.749895 
9.082652 0.184485 2.700899 
9.074410 0.178446 2.653603 
9.066183 0.172797 2.607898 
9.057971 0.167506 2.563684 
9.049774 0.162543 2.520867 
9.041591 0.157883 2.479362 
9.033424 0.153501 2.439091 
9.025271 0.149376 2.399980 
9.017133 0.145490 2.361963 
9.009009 0.141826 2.324976 
9.000900 0.138368 2.288962 
8.992806 0.135102 2.253866 
8.984726 0.132017 2.219636 
8.976661 0.129101 2.186226 
8.968610 0.126343 2.153589 
8.960573 0.123735 2.121685 
8.952551 0.121269 2.090472 
8.944544 0.118938 2.059913 
8.936550 0.116734 2.029971 
8.928571 0.114654 2.000613 
8.920607 0.112690 1.971805 
8.912656 0.110840 1.943515 
8.904720 0.109099 1.915712 
8.896797 0.107466 1.888368 
8.888889 0.105937 1.861452 
8.880995 0.104512 1.834936 
8.873114 0.103190 1.808792 
8.865248 0.101971 1.782991 
8.857396 0.100857 1.757506 
8.849558 0.099850 1.732308 
8.841733 0.098953 1.707368 
8.833922 0.098171 1.682656 
8.826125 0.097512 1.658141 
8.818342 0.096983 1.633789 
8.810573 0.096596 1.609567 
8.802817 0.096366 1.585437 
8.795075 0.096309 1.561359 
8.787346 0.096450 1.537289 
8.779631 0.096817 1.513176 
8.771930 0.097446 1.488968 
8.764242 0.098386 1.464602 
8.756567 0.099695 1.440009 
8.748906 0.101454 1.415108 
8.741259 0.103765 1.389809 
8.733624 0.106766 1.364008 
8.726003 0.110641 1.337587 
8.718396 0.115641 1.310416 
8.710801 0.122109 1.282353 
8.703220 0.130529 1.253267 
8.695652 0.141578 1.223059 
8.688097 0.156222 1.191740 
8.680556 0.175822 1.159573 
8.673027 0.202257 1.127386 
8.665511 0.237921 1.097148 
8.658009 0.285260 1.072937 
8.650519 0.345120 1.061998 
8.643042 0.413262 1.074374 
8.635579 0.476680 1.118389 
8.628128 0.515150 1.191875 
8.620690 0.512473 1.276477 
8.613264 0.470447 1.346002 
8.605852 0.407841 1.384820 
8.598452 0.344222 1.394428 
8.591065 0.289721 1.384478 
8.583691 0.246501 1.363974 
8.576329 0.213214 1.338711 
8.568980 0.187710 1.311843 
8.561644 0.168044 1.284933 
8.554320 0.152706 1.258689 
8.547009 0.140584 1.233385 
8.539710 0.130876 1.209086 
8.532423 0.123003 1.185761 
8.525149 0.116543 1.163335 
8.517888 0.111185 1.141721 
8.510638 0.106702 1.120833 
8.503401 0.102919 1.100589 
8.496177 0.099704 1.080915 
8.488964 0.096957 1.061744 
8.481764 0.094597 1.043019 
8.474576 0.092564 1.024688 
8.467401 0.090808 1.006706 
8.460237 0.089290 0.989033 
8.453085 0.087977 0.971633 
8.445946 0.086844 0.954474 
8.438819 0.085870 0.937529 
8.431703 0.085039 0.920772 
8.424600 0.084336 0.904180 
8.417508 0.083749 0.887730 
8.410429 0.083269 0.871404 
8.403361 0.082890 0.855183 
8.396306 0.082604 0.839050 
8.389262 0.082407 0.822988 
8.382230 0.082295 0.806983 
8.375209 0.082265 0.791020 
8.368201 0.082317 0.775083 
8.361204 0.082448 0.759159 
8.354219 0.082660 0.743233 
8.347245 0.082952 0.727292 
8.340284 0.083327 0.711322 
8.333333 0.083786 0.695307 
8.326395 0.084333 0.679235 
8.319468 0.084972 0.663089 
8.312552 0.085709 0.646853 
8.305648 0.086550 0.630513 
8.298755 0.087502 0.614050 
8.291874 0.088576 0.597446 
8.285004 0.089782 0.580682 
8.278146 0.091134 0.563737 
8.271299 0.092648 0.546590 
8.264463 0.094343 0.529215 
8.257638 0.096242 0.511588 
8.250825 0.098373 0.493680 
8.244023 0.100772 0.475462 
8.237232 0.103479 0.456901 
8.230453 0.106546 0.437965 
8.223684 0.110038 0.418617 
8.216927 0.114036 0.398824 
8.210181 0.118639 0.378556 
8.203445 0.123976 0.357790 
8.196721 0.130207 0.336521 
8.190008 0.137526 0.314778 
8.183306 0.146171 0.292645 
8.176615 0.156401 0.270293 
8.169935 0.168470 0.248021 
8.163265 0.182545 0.226273 
8.156607 0.198618 0.205606 
8.149959 0.216422 0.186578 
8.143322 0.235466 0.169587 
8.136697 0.255163 0.154781 
8.130081 0.274981 0.142068 
8.123477 0.294527 0.131216 
8.116883 0.313556 0.121944 
8.110300 0.331937 0.113980 
8.103728 0.349616 0.107090 
8.097166 0.366585 0.101081 
8.090615 0.382863 0.095795 
8.084074 0.398481 0.091110 
8.077544 0.413476 0.086927 
8.071025 0.427889 0.083166 
8.064516 0.441756 0.079763 
8.058018 0.455114 0.076668 
8.051530 0.467997 0.073838 
8.045052 0.480437 0.071238 
8.038585 0.492462 0.068840 
8.032129 0.504097 0.066618 
8.025682 0.515368 0.064554 
8.019246 0.526296 0.062630 
8.012821 0.536901 0.060830 
8.006405 0.547201 0.059143 
8.000000 0.557213 0.057557 
7.993605 0.566953 0.056062 
7.987220 0.576435 0.054651 
7.980846 0.585671 0.053316 
7.974482 0.594675 0.052051 
7.968127 0.603456 0.050849 
7.961783 0.612026 0.049706 
7.955449 0.620394 0.048618 
7.949126 0.628569 0.047580 
7.942812 0.636559 0.046588 
7.936508 0.644372 0.045639 
7.930214 0.652016 0.044731 
7.923930 0.659498 0.043861 
7.917656 0.666823 0.043025 
7.911392 0.673997 0.042223 
7.905138 0.681027 0.041452 
7.898894 0.687918 0.040709 
7.892660 0.694675 0.039994 
7.886435 0.701302 0.039304 
7.880221 0.707805 0.038639 
7.874016 0.714187 0.037997 
7.867821 0.720452 0.037376 
7.861635 0.726604 0.036777 
7.855460 0.732647 0.036196 
7.849294 0.738585 0.035634 
7.843137 0.744420 0.035090 
7.836991 0.750156 0.034562 
7.830854 0.755795 0.034051 
7.824726 0.761342 0.033554 
7.818608 0.766797 0.033072 
7.812500 0.772165 0.032604 
7.806401 0.777447 0.032149 
7.800312 0.782646 0.031707 
7.794232 0.787764 0.031277 
7.788162 0.792804 0.030859 
7.782101 0.797766 0.030451 
7.776050 0.802655 0.030054 
7.770008 0.807470 0.029668 
7.763975 0.812215 0.029291 
7.757952 0.816891 0.028924 
7.751938 0.821500 0.028566 
7.745933 0.826043 0.028216 
7.739938 0.830522 0.027875 
7.733952 0.834939 0.027543 
7.727975 0.839295 0.027217 
7.722008 0.843591 0.026900 
7.716049 0.847829 0.026590 
7.710100 0.852011 0.026286 
7.704160 0.856137 0.025990 
7.698229 0.860208 0.025700 
7.692308 0.864227 0.025416 
7.686395 0.868194 0.025138 
7.680492 0.872110 0.024867 
7.674597 0.875976 0.024601 
7.668712 0.879794 0.024340 
7.662835 0.883564 0.024085 
7.656968 0.887288 0.023835 
7.651109 0.890966 0.023591 
7.645260 0.894599 0.023351 
7.639419 0.898188 0.023115 
7.633588 0.901735 0.022885 
7.627765 0.905239 0.022659 
7.621951 0.908703 0.022437 
7.616146 0.912126 0.022219 
7.610350 0.915509 0.022006 
7.604563 0.918853 0.021796 
7.598784 0.922160 0.021591 
7.593014 0.925428 0.021389 
7.587253 0.928661 0.021190 
7.581501 0.931857 0.020996 
7.575758 0.935017 0.020804 
7.570023 0.938143 0.020616 
7.564297 0.941235 0.020432 
7.558579 0.944293 0.020250 
7.552870 0.947319 0.020072 
7.547170 0.950312 0.019897 
7.541478 0.953273 0.019724 
7.535795 0.956203 0.019555 
7.530120 0.959103 0.019388 
7.524454 0.961972 0.019224 
7.518797 0.964812 0.019063 
7.513148 0.967622 0.018904 
7.507508 0.970404 0.018748 
7.501875 0.973158 0.018594 
7.496252 0.975884 0.018443 
7.490637 0.978582 0.018294 
7.485030 0.981254 0.018148 
7.479432 0.983900 0.018003 
7.473842 0.986519 0.017861 
7.468260 0.989113 0.017721 
7.462687 0.991682 0.017584 
7.457122 0.994226 0.017448 
7.451565 0.996746 0.017314 
7.446016 0.999241 0.017182 
7.440476 1.001713 0.017053 
7.434944 1.004162 0.016925 
7.429421 1.006588 0.016798 
7.423905 1.008991 0.016674 
7.418398 1.011372 0.016552 
7.412898 1.013731 0.016431 
7.407407 1.016069 0.016312 
7.401925 1.018385 0.016194 
7.396450 1.020680 0.016078 
7.390983 1.022955 0.015964 
7.385524 1.025209 0.015852 
7.380074 1.027443 0.015740 
7.374631 1.029658 0.015631 
7.369197 1.031853 0.015523 
7.363770 1.034028 0.015416 
7.358352 1.036185 0.015311 
7.352941 1.038323 0.015207 
7.347539 1.040443 0.015104 
7.342144 1.042544 0.015003 
7.336757 1.044628 0.014903 
7.331378 1.046693 0.014804 
7.326007 1.048742 0.014707 
7.320644 1.050773 0.014611 
7.315289 1.052787 0.014516 
7.309942 1.054784 0.014422 
7.304602 1.056765 0.014329 
7.299270 1.058730 0.014238 
7.293946 1.060678 0.014148 
7.288630 1.062611 0.014058 
7.283321 1.064527 0.013970 
7.278020 1.066429 0.013883 
7.272727 1.068315 0.013797 
7.267442 1.070186 0.013712 
7.262164 1.072042 0.013628 
7.256894 1.073883 0.013545 
7.251632 1.075709 0.013463 
7.246377 1.077522 0.013382 
7.241130 1.079320 0.013302 
7.235890 1.081104 0.013223 
7.230658 1.082875 0.013144 
7.225434 1.084631 0.013067 
7.220217 1.086374 0.012990 
7.215007 1.088104 0.012915 
7.209805 1.089821 0.012840 
7.204611 1.091524 0.012766 
7.199424 1.093215 0.012693 
7.194245 1.094893 0.012621 
7.189073 1.096559 0.012549 
7.183908 1.098212 0.012478 
7.178751 1.099853 0.012408 
7.173601 1.101481 0.012339 
7.168459 1.103098 0.012271 
7.163324 1.104703 0.012203 
7.158196 1.106296 0.012136 
7.153076 1.107878 0.012069 
7.147963 1.109448 0.012004 
7.142857 1.111007 0.011939 
7.137759 1.112555 0.011875 
7.132668 1.114091 0.011811 
7.127584 1.115617 0.011748 
7.122507 1.117132 0.011686 
7.117438 1.118636 0.011624 
7.112376 1.120129 0.011563 
7.107321 1.121612 0.011503 
7.102273 1.123085 0.011443 
7.097232 1.124548 0.011384 
7.092199 1.126000 0.011326 
7.087172 1.127443 0.011268 
7.082153 1.128875 0.011210 
7.077141 1.130298 0.011153 
7.072136 1.131711 0.011097 
7.067138 1.133114 0.011041 
7.062147 1.134508 0.010986 
7.057163 1.135893 0.010932 
7.052186 1.137268 0.010878 
7.047216 1.138634 0.010824 
7.042254 1.139991 0.010771 
7.037298 1.141339 0.010718 
7.032349 1.142678 0.010666 
7.027407 1.144008 0.010615 
7.022472 1.145329 0.010564 
7.017544 1.146642 0.010513 
7.012623 1.147946 0.010463 
7.007708 1.149242 0.010413 
7.002801 1.150530 0.010364 
6.997901 1.151809 0.010315 
6.993007 1.153080 0.010267 
6.988120 1.154343 0.010219 
6.983240 1.155597 0.010172 
6.978367 1.156844 0.010125 
6.973501 1.158083 0.010078 
6.968641 1.159314 0.010032 
6.963788 1.160537 0.009986 
6.958942 1.161753 0.009941 
6.954103 1.162961 0.009896 
6.949270 1.164161 0.009851 
6.944444 1.165355 0.009807 
6.939625 1.166540 0.009763 
6.934813 1.167719 0.009720 
6.930007 1.168890 0.009677 
6.925208 1.170054 0.009634 
6.920415 1.171211 0.009592 
6.915629 1.172361 0.009550 
6.910850 1.173504 0.009509 
6.906077 1.174640 0.009468 
6.901311 1.175769 0.009427 
6.896552 1.176891 0.009386 
6.891799 1.178007 0.009346 
6.887052 1.179116 0.009306 
6.882312 1.180219 0.009267 
6.877579 1.181314 0.009228 
6.872852 1.182404 0.009189 
6.868132 1.183487 0.009150 
6.863418 1.184564 0.009112 
6.858711 1.185634 0.009074 
6.854010 1.186698 0.009037 
6.849315 1.187757 0.009000 
6.844627 1.188808 0.008963 
6.839945 1.189854 0.008926 
6.835270 1.190894 0.008890 
6.830601 1.191928 0.008854 
6.825939 1.192956 0.008818 
6.821282 1.193978 0.008782 
6.816633 1.194994 0.008747 
6.811989 1.196005 0.008712 
6.807352 1.197010 0.008678 
6.802721 1.198009 0.008643 
6.798097 1.199003 0.008609 
6.793478 1.199991 0.008575 
6.788866 1.200973 0.008542 
6.784261 1.201950 0.008508 
6.779661 1.202922 0.008475 
6.775068 1.203888 0.008442 
6.770481 1.204849 0.008410 
6.765900 1.205805 0.008378 
6.761325 1.206755 0.008345 
6.756757 1.207700 0.008314 
6.752194 1.208640 0.008282 
6.747638 1.209575 0.008251 
6.743088 1.210505 0.008220 
6.738544 1.211430 0.008189 
6.734007 1.212350 0.008158 
6.729475 1.213265 0.008128 
6.724950 1.214175 0.008097 
6.720430 1.215080 0.008067 
6.715917 1.215981 0.008038 
6.711409 1.216877 0.008008 
6.706908 1.217767 0.007979 
6.702413 1.218654 0.007950 
6.697924 1.219535 0.007921 
6.693440 1.220412 0.007892 
6.688963 1.221284 0.007864 
6.684492 1.222152 0.007835 
6.680027 1.223015 0.007807 
6.675567 1.223874 0.007779 
6.671114 1.224729 0.007752 
6.666667 1.225579 0.007724 
6.662225 1.226424 0.007697 
6.657790 1.227265 0.007670 
6.653360 1.228102 0.007643 
6.648936 1.228935 0.007616 
6.644518 1.229763 0.007590 
6.640106 1.230588 0.007563 
6.635700 1.231408 0.007537 
6.631300 1.232223 0.007511 
6.626905 1.233035 0.007485 
6.622517 1.233843 0.007460 
6.618134 1.234647 0.007434 
6.613757 1.235446 0.007409 
6.609385 1.236242 0.007384 
6.605020 1.237034 0.007359 
6.600660 1.237821 0.007334 
6.596306 1.238605 0.007310 
6.591958 1.239385 0.007285 
6.587615 1.240162 0.007261 
6.583278 1.240934 0.007237 
6.578947 1.241703 0.007213 
6.574622 1.242467 0.007189 
6.570302 1.243229 0.007166 
6.565988 1.243986 0.007142 
6.561680 1.244740 0.007119 
6.557377 1.245490 0.007096 
6.553080 1.246237 0.007073 
6.548788 1.246979 0.007050 
6.544503 1.247719 0.007027 
6.540222 1.248455 0.007004 
6.535948 1.249187 0.006982 
6.531679 1.249916 0.006960 
6.527415 1.250641 0.006937 
6.523157 1.251363 0.006915 
6.518905 1.252082 0.006894 
6.514658 1.252797 0.006872 
6.510417 1.253509 0.006850 
6.506181 1.254217 0.006829 
6.501951 1.254922 0.006808 
6.497726 1.255624 0.006786 
6.493506 1.256323 0.006765 
6.489293 1.257018 0.006744 
6.485084 1.257710 0.006724 
6.480881 1.258399 0.006703 
6.476684 1.259085 0.006682 
6.472492 1.259768 0.006662 
6.468305 1.260447 0.006642 
6.464124 1.261124 0.006622 
6.459948 1.261797 0.006602 
6.455778 1.262467 0.006582 
6.451613 1.263134 0.006562 
6.447453 1.263799 0.006542 
6.443299 1.264460 0.006523 
6.439150 1.265118 0.006503 
6.435006 1.265773 0.006484 
6.430868 1.266425 0.006465 
6.426735 1.267075 0.006446 
6.422608 1.267721 0.006427 
6.418485 1.268365 0.006408 
6.414368 1.269005 0.006389 
6.410256 1.269643 0.006370 
6.406150 1.270278 0.006352 
6.402049 1.270911 0.006334 
6.397953 1.271540 0.006315 
6.393862 1.272167 0.006297 
6.389776 1.272791 0.006279 
6.385696 1.273412 0.006261 
6.381621 1.274030 0.006243 
6.377551 1.274646 0.006225 
6.373486 1.275259 0.006208 
6.369427 1.275870 0.006190 
6.365372 1.276478 0.006173 
6.361323 1.277083 0.006155 
6.357279 1.277685 0.006138 
6.353240 1.278285 0.006121 
6.349206 1.278883 0.006104 
6.345178 1.279478 0.006087 
6.341154 1.280070 0.006070 
6.337136 1.280660 0.006053 
6.333122 1.281247 0.006036 
6.329114 1.281832 0.006020 
6.325111 1.282414 0.006003 
6.321113 1.282994 0.005987 
6.317119 1.283572 0.005971 
6.313131 1.284147 0.005954 
6.309148 1.284719 0.005938 
6.305170 1.285289 0.005922 
6.301197 1.285857 0.005906 
6.297229 1.286423 0.005890 
6.293266 1.286986 0.005874 
6.289308 1.287546 0.005859 
6.285355 1.288105 0.005843 
6.281407 1.288661 0.005828 
6.277464 1.289215 0.005812 
6.273526 1.289766 0.005797 
6.269592 1.290316 0.005782 
6.265664 1.290863 0.005766 
6.261741 1.291407 0.005751 
6.257822 1.291950 0.005736 
6.253909 1.292490 0.005721 
6.250000 1.293028 0.005706 