10000.000000 2.155528 0.000038 
5000.000000 2.155534 0.000077 
3333.333333 2.155545 0.000115 
2500.000000 2.155560 0.000153 
2000.000000 2.155579 0.000192 
1666.666667 2.155602 0.000230 
1428.571429 2.155630 0.000268 
1250.000000 2.155662 0.000307 
1111.111111 2.155698 0.000345 
1000.000000 2.155738 0.000383 
909.090909 2.155783 0.000422 
833.333333 2.155832 0.000460 
769.230769 2.155885 0.000499 
714.285714 2.155942 0.000537 
666.666667 2.156004 0.000576 
625.000000 2.156070 0.000614 
588.235294 2.156140 0.000653 
555.555556 2.156215 0.000691 
526.315789 2.156294 0.000730 
500.000000 2.156377 0.000769 
476.190476 2.156465 0.000807 
454.545455 2.156556 0.000846 
434.782609 2.156653 0.000885 
416.666667 2.156753 0.000924 
400.000000 2.156858 0.000962 
384.615385 2.156967 0.001001 
370.370370 2.157080 0.001040 
357.142857 2.157198 0.001079 
344.827586 2.157320 0.001118 
333.333333 2.157447 0.001157 
322.580645 2.157578 0.001196 
312.500000 2.157713 0.001236 
303.030303 2.157853 0.001275 
294.117647 2.157997 0.001314 
285.714286 2.158145 0.001353 
277.777778 2.158298 0.001393 
270.270270 2.158455 0.001432 
263.157895 2.158617 0.001472 
256.410256 2.158783 0.001511 
250.000000 2.158954 0.001551 
243.902439 2.159129 0.001591 
238.095238 2.159309 0.001631 
232.558140 2.159493 0.001670 
227.272727 2.159681 0.001710 
222.222222 2.159875 0.001750 
217.391304 2.160072 0.001791 
212.765957 2.160275 0.001831 
208.333333 2.160481 0.001871 
204.081633 2.160693 0.001911 
200.000000 2.160909 0.001952 
196.078431 2.161129 0.001992 
192.307692 2.161354 0.002033 
188.679245 2.161584 0.002074 
185.185185 2.161819 0.002115 
181.818182 2.162058 0.002156 
178.571429 2.162302 0.002197 
175.438596 2.162550 0.002238 
172.413793 2.162803 0.002279 
169.491525 2.163061 0.002320 
166.666667 2.163324 0.002362 
163.934426 2.163591 0.002403 
161.290323 2.163864 0.002445 
158.730159 2.164141 0.002487 
156.250000 2.164423 0.002529 
153.846154 2.164709 0.002571 
151.515152 2.165001 0.002613 
149.253731 2.165298 0.002655 
147.058824 2.165599 0.002698 
144.927536 2.165905 0.002740 
142.857143 2.166217 0.002783 
140.845070 2.166533 0.002826 
138.888889 2.166854 0.002869 
136.986301 2.167180 0.002912 
135.135135 2.167512 0.002955 
133.333333 2.167848 0.002998 
131.578947 2.168189 0.003042 
129.870130 2.168536 0.003085 
128.205128 2.168888 0.003129 
126.582278 2.169245 0.003173 
125.000000 2.169607 0.003217 
123.456790 2.169974 0.003262 
121.951220 2.170346 0.003306 
120.481928 2.170724 0.003351 
119.047619 2.171107 0.003395 
117.647059 2.171496 0.003440 
116.279070 2.171889 0.003485 
114.942529 2.172289 0.003531 
113.636364 2.172693 0.003576 
112.359551 2.173103 0.003622 
111.111111 2.173519 0.003668 
109.890110 2.173940 0.003714 
108.695652 2.174366 0.003760 
107.526882 2.174799 0.003806 
106.382979 2.175236 0.003853 
105.263158 2.175680 0.003900 
104.166667 2.176129 0.003947 
103.092784 2.176583 0.003994 
102.040816 2.177044 0.004041 
101.010101 2.177510 0.004089 
100.000000 2.177982 0.004137 
99.009901 2.178460 0.004185 
98.039216 2.178944 0.004233 
97.087379 2.179434 0.004282 
96.153846 2.179930 0.004331 
95.238095 2.180432 0.004380 
94.339623 2.180940 0.004429 
93.457944 2.181454 0.004478 
92.592593 2.181974 0.004528 
91.743119 2.182500 0.004578 
90.909091 2.183032 0.004628 
90.090090 2.183571 0.004679 
89.285714 2.184116 0.004729 
88.495575 2.184668 0.004780 
87.719298 2.185226 0.004832 
86.956522 2.185790 0.004883 
86.206897 2.186361 0.004935 
85.470085 2.186938 0.004987 
84.745763 2.187522 0.005040 
84.033613 2.188113 0.005092 
83.333333 2.188710 0.005145 
82.644628 2.189314 0.005198 
81.967213 2.189925 0.005252 
81.300813 2.190543 0.005306 
80.645161 2.191167 0.005360 
80.000000 2.191799 0.005415 
79.365079 2.192437 0.005469 
78.740157 2.193083 0.005525 
78.125000 2.193736 0.005580 
77.519380 2.194396 0.005636 
76.923077 2.195064 0.005692 
76.335878 2.195738 0.005749 
75.757576 2.196420 0.005805 
75.187970 2.197110 0.005863 
74.626866 2.197807 0.005920 
74.074074 2.198511 0.005978 
73.529412 2.199224 0.006037 
72.992701 2.199944 0.006095 
72.463768 2.200672 0.006154 
71.942446 2.201407 0.006214 
71.428571 2.202151 0.006274 
70.921986 2.202902 0.006334 
70.422535 2.203662 0.006395 
69.930070 2.204430 0.006456 
69.444444 2.205206 0.006517 
68.965517 2.205990 0.006579 
68.493151 2.206783 0.006642 
68.027211 2.207584 0.006705 
67.567568 2.208394 0.006768 
67.114094 2.209213 0.006832 
66.666667 2.210040 0.006896 
66.225166 2.210876 0.006961 
65.789474 2.211721 0.007026 
65.359477 2.212575 0.007091 
64.935065 2.213438 0.007158 
64.516129 2.214310 0.007224 
64.102564 2.215191 0.007291 
63.694268 2.216082 0.007359 
63.291139 2.216982 0.007427 
62.893082 2.217892 0.007496 
62.500000 2.218812 0.007566 
62.111801 2.219741 0.007635 
61.728395 2.220680 0.007706 
61.349693 2.221629 0.007777 
60.975610 2.222589 0.007848 
60.606061 2.223558 0.007921 
60.240964 2.224538 0.007993 
59.880240 2.225528 0.008067 
59.523810 2.226529 0.008141 
59.171598 2.227541 0.008216 
58.823529 2.228563 0.008291 
58.479532 2.229596 0.008367 
58.139535 2.230641 0.008444 
57.803468 2.231696 0.008521 
57.471264 2.232763 0.008599 
57.142857 2.233841 0.008678 
56.818182 2.234931 0.008757 
56.497175 2.236033 0.008837 
56.179775 2.237147 0.008918 
55.865922 2.238273 0.009000 
55.555556 2.239410 0.009082 
55.248619 2.240561 0.009165 
54.945055 2.241723 0.009249 
54.644809 2.242899 0.009334 
54.347826 2.244087 0.009420 
54.054054 2.245288 0.009506 
53.763441 2.246503 0.009594 
53.475936 2.247730 0.009682 
53.191489 2.248972 0.009771 
52.910053 2.250227 0.009861 
52.631579 2.251495 0.009952 
52.356021 2.252778 0.010044 
52.083333 2.254075 0.010136 
51.813472 2.255387 0.010230 
51.546392 2.256713 0.010325 
51.282051 2.258054 0.010421 
51.020408 2.259411 0.010517 
50.761421 2.260782 0.010615 
50.505051 2.262169 0.010714 
50.251256 2.263572 0.010814 
50.000000 2.264991 0.010915 
49.751244 2.266425 0.011017 
49.504950 2.267877 0.011121 
49.261084 2.269345 0.011225 
49.019608 2.270830 0.011331 
48.780488 2.272332 0.011438 
48.543689 2.273852 0.011547 
48.309179 2.275389 0.011656 
48.076923 2.276944 0.011767 
47.846890 2.278518 0.011879 
47.619048 2.280110 0.011993 
47.393365 2.281721 0.012108 
47.169811 2.283351 0.012224 
46.948357 2.285001 0.012342 
46.728972 2.286671 0.012461 
46.511628 2.288360 0.012582 
46.296296 2.290070 0.012704 
46.082949 2.291801 0.012828 
45.871560 2.293553 0.012954 
45.662100 2.295327 0.013081 
45.454545 2.297122 0.013210 
45.248869 2.298940 0.013341 
45.045045 2.300780 0.013473 
44.843049 2.302643 0.013607 
44.642857 2.304530 0.013743 
44.444444 2.306441 0.013881 
44.247788 2.308376 0.014021 
44.052863 2.310335 0.014163 
43.859649 2.312320 0.014307 
43.668122 2.314331 0.014453 
43.478261 2.316367 0.014601 
43.290043 2.318431 0.014751 
43.103448 2.320521 0.014904 
42.918455 2.322639 0.015059 
42.735043 2.324785 0.015216 
42.553191 2.326961 0.015375 
42.372881 2.329165 0.015537 
42.194093 2.331399 0.015702 
42.016807 2.333664 0.015869 
41.841004 2.335960 0.016039 
41.666667 2.338287 0.016212 
41.493776 2.340647 0.016387 
41.322314 2.343040 0.016565 
41.152263 2.345467 0.016747 
40.983607 2.347928 0.016931 
40.816327 2.350425 0.017119 
40.650407 2.352957 0.017309 
40.485830 2.355527 0.017503 
40.322581 2.358133 0.017701 
40.160643 2.360779 0.017902 
40.000000 2.363463 0.018106 
39.840637 2.366188 0.018314 
39.682540 2.368954 0.018526 
39.525692 2.371762 0.018742 
39.370079 2.374613 0.018962 
39.215686 2.377507 0.019186 
39.062500 2.380448 0.019415 
38.910506 2.383434 0.019648 
38.759690 2.386467 0.019885 
38.610039 2.389550 0.020128 
38.461538 2.392681 0.020375 
38.314176 2.395864 0.020627 
38.167939 2.399099 0.020884 
38.022814 2.402388 0.021147 
37.878788 2.405731 0.021415 
37.735849 2.409131 0.021689 
37.593985 2.412589 0.021969 
37.453184 2.416107 0.022255 
37.313433 2.419685 0.022548 
37.174721 2.423327 0.022847 
37.037037 2.427033 0.023153 
36.900369 2.430805 0.023465 
36.764706 2.434646 0.023786 
36.630037 2.438557 0.024113 
36.496350 2.442540 0.024449 
36.363636 2.446597 0.024793 
36.231884 2.450732 0.025145 
36.101083 2.454945 0.025506 
35.971223 2.459240 0.025877 
35.842294 2.463618 0.026257 
35.714286 2.468083 0.026646 
35.587189 2.472638 0.027047 
35.460993 2.477285 0.027457 
35.335689 2.482027 0.027880 
35.211268 2.486868 0.028313 
35.087719 2.491810 0.028759 
34.965035 2.496857 0.029218 
34.843206 2.502014 0.029690 
34.722222 2.507283 0.030176 
34.602076 2.512668 0.030677 
34.482759 2.518175 0.031193 
34.364261 2.523807 0.031724 
34.246575 2.529568 0.032273 
34.129693 2.535465 0.032839 
34.013605 2.541502 0.033423 
33.898305 2.547684 0.034027 
33.783784 2.554017 0.034651 
33.670034 2.560507 0.035297 
33.557047 2.567161 0.035965 
33.444816 2.573986 0.036656 
33.333333 2.580988 0.037373 
33.222591 2.588175 0.038116 
33.112583 2.595555 0.038887 
33.003300 2.603136 0.039688 
32.894737 2.610929 0.040519 
32.786885 2.618942 0.041384 
32.679739 2.627185 0.042284 
32.573290 2.635670 0.043221 
32.467532 2.644408 0.044198 
32.362460 2.653411 0.045217 
32.258065 2.662694 0.046281 
32.154341 2.672269 0.047393 
32.051282 2.682152 0.048556 
31.948882 2.692361 0.049774 
31.847134 2.702911 0.051050 
31.746032 2.713822 0.052390 
31.645570 2.725115 0.053797 
31.545741 2.736810 0.055276 
31.446541 2.748933 0.056834 
31.347962 2.761509 0.058477 
31.250000 2.774565 0.060211 
31.152648 2.788131 0.062044 
31.055901 2.802241 0.063985 
30.959752 2.816931 0.066043 
30.864198 2.832238 0.068228 
30.769231 2.848207 0.070553 
30.674847 2.864884 0.073030 
30.581040 2.882321 0.075674 
30.487805 2.900574 0.078503 
30.395137 2.919707 0.081535 
30.303030 2.939788 0.084792 
30.211480 2.960896 0.088298 
30.120482 2.983115 0.092081 
30.030030 3.006543 0.096176 
29.940120 3.031286 0.100617 
29.850746 3.057466 0.105451 
29.761905 3.085219 0.110726 
29.673591 3.114701 0.116504 
29.585799 3.146086 0.122854 
29.498525 3.179577 0.129859 
29.411765 3.215404 0.137620 
29.325513 3.253834 0.146257 
29.239766 3.295175 0.155914 
29.154519 3.339787 0.166770 
29.069767 3.388093 0.179044 
28.985507 3.440591 0.193008 
28.901734 3.497874 0.209008 
28.818444 3.560651 0.227480 
28.735632 3.629778 0.248990 
28.653295 3.706294 0.274279 
28.571429 3.791475 0.304332 
28.490028 3.886897 0.340484 
28.409091 3.994520 0.384581 
28.328612 4.116798 0.439232 
28.248588 4.256807 0.508221 
28.169014 4.418373 0.597195 
28.089888 4.606122 0.714842 
28.011204 4.825200 0.874985 
27.932961 5.079875 1.100328 
27.855153 5.368656 1.428933 
27.777778 5.668943 1.923356 
27.700831 5.894536 2.670591 
27.624309 5.818854 3.708763 
27.548209 5.136006 4.781257 
27.472527 3.960332 5.342711 
27.397260 2.844680 5.282444 
27.322404 2.048955 4.920936 
27.247956 1.526449 4.494609 
27.173913 1.181594 4.090990 
27.100271 0.946719 3.730935 
27.027027 0.781046 3.413833 
26.954178 0.660433 3.133622 
26.881720 0.570282 2.883728 
26.809651 0.501477 2.658381 
26.737968 0.448154 2.452806 
26.666667 0.406433 2.263104 
26.595745 0.373707 2.086065 
26.525199 0.348217 1.918996 
26.455026 0.328807 1.759563 
26.385224 0.314794 1.605664 
26.315789 0.305921 1.455306 
26.246719 0.302400 1.306482 
26.178010 0.305098 1.157056 
26.109661 0.315970 1.004679 
26.041667 0.339050 0.846997 
25.974026 0.382366 0.683245 
25.906736 0.458717 0.520870 
25.839793 0.571811 0.384095 
25.773196 0.697934 0.290667 
25.706941 0.814857 0.231029 
25.641026 0.917428 0.191275 
25.575448 1.007023 0.163137 
25.510204 1.085946 0.142223 
25.445293 1.156198 0.126096 
25.380711 1.219347 0.113314 
25.316456 1.276604 0.102969 
25.252525 1.328913 0.094460 
25.188917 1.377019 0.087372 
25.125628 1.421518 0.081410 
25.062657 1.462895 0.076354 
25.000000 1.501548 0.072042 
24.937656 1.537812 0.068346 
24.875622 1.571965 0.065169 
24.813896 1.604246 0.062433 
24.752475 1.634859 0.060074 
24.691358 1.663979 0.058042 
24.630542 1.691760 0.056294 
24.570025 1.718336 0.054797 
24.509804 1.743826 0.053522 
24.449878 1.768334 0.052444 
24.390244 1.791954 0.051542 
24.330900 1.814769 0.050801 
24.271845 1.836854 0.050205 
24.213075 1.858277 0.049741 
24.154589 1.879100 0.049400 
24.096386 1.899380 0.049171 
24.038462 1.919167 0.049048 
23.980815 1.938508 0.049023 
23.923445 1.957449 0.049090 
23.866348 1.976028 0.049246 
23.809524 1.994285 0.049486 
23.752969 2.012253 0.049807 
23.696682 2.029967 0.050205 
23.640662 2.047457 0.050680 
23.584906 2.064753 0.051228 
23.529412 2.081883 0.051850 
23.474178 2.098875 0.052543 
23.419204 2.115753 0.053308 
23.364486 2.132543 0.054145 
23.310023 2.149269 0.055054 
23.255814 2.165955 0.056035 
23.201856 2.182623 0.057091 
23.148148 2.199296 0.058221 
23.094688 2.215996 0.059429 
23.041475 2.232746 0.060716 
22.988506 2.249568 0.062084 
22.935780 2.266484 0.063537 
22.883295 2.283516 0.065077 
22.831050 2.300686 0.066709 
22.779043 2.318018 0.068437 
22.727273 2.335535 0.070264 
22.675737 2.353261 0.072197 
22.624434 2.371221 0.074241 
22.573363 2.389439 0.076403 
22.522523 2.407943 0.078688 
22.471910 2.426760 0.081105 
22.421525 2.445918 0.083663 
22.371365 2.465448 0.086370 
22.321429 2.485382 0.089236 
22.271715 2.505751 0.092274 
22.222222 2.526593 0.095496 
22.172949 2.547943 0.098915 
22.123894 2.569843 0.102547 
22.075055 2.592334 0.106409 
22.026432 2.615462 0.110519 
21.978022 2.639276 0.114900 
21.929825 2.663828 0.119573 
21.881838 2.689175 0.124567 
21.834061 2.715378 0.129910 
21.786492 2.742503 0.135636 
21.739130 2.770623 0.141781 
21.691974 2.799816 0.148389 
21.645022 2.830168 0.155507 
21.598272 2.861772 0.163190 
21.551724 2.894733 0.171499 
21.505376 2.929163 0.180507 
21.459227 2.965188 0.190296 
21.413276 3.002946 0.200960 
21.367521 3.042591 0.212608 
21.321962 3.084293 0.225371 
21.276596 3.128244 0.239396 
21.231423 3.174654 0.254861 
21.186441 3.223763 0.271975 
21.141649 3.275836 0.290987 
21.097046 3.331173 0.312194 
21.052632 3.390112 0.335956 
21.008403 3.453030 0.362710 
20.964361 3.520354 0.392990 
20.920502 3.592562 0.427455 
20.876827 3.670185 0.466923 
20.833333 3.753811 0.512423 
20.790021 3.844079 0.565255 
20.746888 3.941661 0.627080 
20.703934 4.047233 0.700039 
20.661157 4.161393 0.786914 
20.618557 4.284532 0.891343 
20.576132 4.416574 1.018106 
20.533881 4.556512 1.173463 
20.491803 4.701576 1.365512 
20.449898 4.845807 1.604371 
20.408163 4.977742 1.901705 
20.366599 5.077158 2.268503 
20.325203 5.111935 2.709201 
20.283976 5.039063 3.210565 
20.242915 4.817425 3.728879 
20.202020 4.435093 4.190527 
20.161290 3.931420 4.521545 
20.120724 3.382918 4.688419 
20.080321 2.861545 4.708281 
20.040080 2.407658 4.624629 
20.000000 2.031664 4.480677 
19.960080 1.727393 4.307892 
19.920319 1.482931 4.125741 
19.880716 1.286145 3.945069 
19.841270 1.126673 3.771379 
19.801980 0.996281 3.607109 
19.762846 0.888622 3.453023 
19.723866 0.798862 3.309012 
19.685039 0.723319 3.174542 
19.646365 0.659176 3.048897 
19.607843 0.604266 2.931305 
19.569472 0.556903 2.821013 
19.531250 0.515768 2.717311 
19.493177 0.479817 2.619549 
19.455253 0.448215 2.527140 
19.417476 0.420293 2.439557 
19.379845 0.395505 2.356328 
19.342360 0.373408 2.277034 
19.305019 0.353634 2.201299 
19.267823 0.335879 2.128785 
19.230769 0.319892 2.059194 
19.193858 0.305458 1.992252 
19.157088 0.292400 1.927717 
19.120459 0.280565 1.865367 
19.083969 0.269827 1.805000 
19.047619 0.260075 1.746432 
19.011407 0.251218 1.689495 
18.975332 0.243175 1.634031 
18.939394 0.235880 1.579897 
18.903592 0.229277 1.526955 
18.867925 0.223318 1.475078 
18.832392 0.217964 1.424144 
18.796992 0.213184 1.374036 
18.761726 0.208955 1.324641 
18.726592 0.205259 1.275848 
18.691589 0.202089 1.227547 
18.656716 0.199441 1.179628 
18.621974 0.197323 1.131979 
18.587361 0.195752 1.084486 
18.552876 0.194755 1.037029 
18.518519 0.194374 0.989480 
18.484288 0.194668 0.941702 
18.450185 0.195720 0.893550 
18.416206 0.197644 0.844860 
18.382353 0.200593 0.795457 
18.348624 0.204783 0.745146 
18.315018 0.210513 0.693722 
18.281536 0.218203 0.640979 
18.248175 0.228452 0.586747 
18.214936 0.242105 0.530976 
18.181818 0.260311 0.473914 
18.148820 0.284463 0.416436 
18.115942 0.315772 0.360451 
18.083183 0.354292 0.308857 
18.050542 0.398144 0.264375 
18.018018 0.444255 0.228039 
17.985612 0.489964 0.199108 
17.953321 0.533754 0.176094 
17.921147 0.575023 0.157562 
17.889088 0.613667 0.142385 
17.857143 0.649805 0.129742 
17.825312 0.683635 0.119043 
17.793594 0.715374 0.109864 
17.761989 0.745227 0.101894 
17.730496 0.773379 0.094903 
17.699115 0.799996 0.088716 
17.667845 0.825222 0.083197 
17.636684 0.849184 0.078242 
17.605634 0.871993 0.073767 
17.574692 0.893748 0.069704 
17.543860 0.914534 0.065998 
17.513135 0.934428 0.062605 
17.482517 0.953497 0.059486 
17.452007 0.971801 0.056609 
17.421603 0.989396 0.053948 
17.391304 1.006329 0.051480 
17.361111 1.022644 0.049185 
17.331023 1.038382 0.047046 
17.301038 1.053578 0.045048 
17.271157 1.068266 0.043179 
17.241379 1.082475 0.041427 
17.211704 1.096233 0.039782 
17.182131 1.109565 0.038235 
17.152659 1.122495 0.036779 
17.123288 1.135045 0.035405 
17.094017 1.147233 0.034109 
17.064846 1.159080 0.032883 
17.035775 1.170601 0.031723 
17.006803 1.181813 0.030625 
16.977929 1.192731 0.029583 
16.949153 1.203369 0.028595 
16.920474 1.213739 0.027657 
16.891892 1.223854 0.026765 
16.863406 1.233725 0.025917 
16.835017 1.243363 0.025109 
16.806723 1.252779 0.024340 
16.778523 1.261980 0.023607 
16.750419 1.270978 0.022909 
16.722408 1.279779 0.022242 
16.694491 1.288392 0.021606 
16.666667 1.296824 0.020998 
16.638935 1.305084 0.020418 
16.611296 1.313176 0.019863 
16.583748 1.321109 0.019333 
16.556291 1.328887 0.018825 
16.528926 1.336517 0.018340 
16.501650 1.344005 0.017876 
16.474465 1.351355 0.017431 
16.447368 1.358573 0.017006 
16.420361 1.365663 0.016599 
16.393443 1.372630 0.016208 
16.366612 1.379479 0.015835 
16.339869 1.386213 0.015477 
16.313214 1.392836 0.015134 
16.286645 1.399353 0.014806 
16.260163 1.405767 0.014491 
16.233766 1.412081 0.014189 
16.207455 1.418299 0.013901 
16.181230 1.424425 0.013624 
16.155089 1.430460 0.013359 
16.129032 1.436409 0.013106 
16.103060 1.442274 0.012863 
16.077170 1.448058 0.012631 
16.051364 1.453764 0.012409 
16.025641 1.459393 0.012196 
16.000000 1.464949 0.011993 
15.974441 1.470435 0.011799 
15.948963 1.475851 0.011613 
15.923567 1.481202 0.011437 
15.898251 1.486488 0.011268 
15.873016 1.491711 0.011107 
15.847861 1.496875 0.010954 
15.822785 1.501981 0.010808 
15.797788 1.507030 0.010670 
15.772871 1.512025 0.010538 
15.748031 1.516967 0.010414 
15.723270 1.521859 0.010296 
15.698587 1.526701 0.010184 
15.673981 1.531496 0.010079 
15.649452 1.536246 0.009980 
15.625000 1.540950 0.009887 
15.600624 1.545612 0.009800 
15.576324 1.550233 0.009719 
15.552100 1.554814 0.009643 
15.527950 1.559357 0.009573 
15.503876 1.563862 0.009508 
15.479876 1.568332 0.009449 
15.455951 1.572768 0.009395 
15.432099 1.577170 0.009346 
15.408320 1.581541 0.009302 
15.384615 1.585882 0.009263 
15.360983 1.590193 0.009229 
15.337423 1.594477 0.009199 
15.313936 1.598733 0.009175 
15.290520 1.602964 0.009155 
15.267176 1.607171 0.009140 
15.243902 1.611354 0.009130 
15.220700 1.615515 0.009124 
15.197568 1.619655 0.009123 
15.174507 1.623776 0.009127 
15.151515 1.627877 0.009135 
15.128593 1.631961 0.009147 
15.105740 1.636028 0.009165 
15.082956 1.640080 0.009186 
15.060241 1.644117 0.009213 
15.037594 1.648141 0.009244 
15.015015 1.652152 0.009279 
14.992504 1.656153 0.009319 
14.970060 1.660143 0.009364 
14.947683 1.664124 0.009413 
14.925373 1.668097 0.009467 
14.903130 1.672064 0.009526 
14.880952 1.676024 0.009590 
14.858841 1.679980 0.009658 
14.836795 1.683932 0.009731 
14.814815 1.687882 0.009810 
14.792899 1.691830 0.009893 
14.771049 1.695778 0.009982 
14.749263 1.699726 0.010075 
14.727541 1.703677 0.010175 
14.705882 1.707631 0.010279 
14.684288 1.711590 0.010389 
14.662757 1.715554 0.010505 
14.641288 1.719524 0.010626 
14.619883 1.723503 0.010754 
14.598540 1.727492 0.010887 
14.577259 1.731491 0.011027 
14.556041 1.735502 0.011174 
14.534884 1.739527 0.011326 
14.513788 1.743566 0.011486 
14.492754 1.747622 0.011653 
14.471780 1.751696 0.011827 
14.450867 1.755789 0.012008 
14.430014 1.759903 0.012198 
14.409222 1.764039 0.012395 
14.388489 1.768200 0.012601 
14.367816 1.772387 0.012815 
14.347202 1.776602 0.013038 
14.326648 1.780847 0.013271 
14.306152 1.785123 0.013513 
14.285714 1.789433 0.013765 
14.265335 1.793779 0.014028 
14.245014 1.798164 0.014302 
14.224751 1.802588 0.014587 
14.204545 1.807055 0.014885 
14.184397 1.811568 0.015195 
14.164306 1.816128 0.015518 
14.144272 1.820740 0.015855 
14.124294 1.825404 0.016206 
14.104372 1.830126 0.016573 
14.084507 1.834907 0.016956 
14.064698 1.839751 0.017355 
14.044944 1.844662 0.017773 
14.025245 1.849643 0.018209 
14.005602 1.854698 0.018665 
13.986014 1.859832 0.019142 
13.966480 1.865049 0.019642 
13.947001 1.870353 0.020165 
13.927577 1.875750 0.020713 
13.908206 1.881245 0.021287 
13.888889 1.886842 0.021891 
13.869626 1.892549 0.022524 
13.850416 1.898371 0.023189 
13.831259 1.904316 0.023889 
13.812155 1.910390 0.024626 
13.793103 1.916602 0.025402 
13.774105 1.922959 0.026220 
13.755158 1.929470 0.027084 
13.736264 1.936145 0.027997 
13.717421 1.942995 0.028962 
13.698630 1.950030 0.029984 
13.679891 1.957262 0.031068 
13.661202 1.964705 0.032218 
13.642565 1.972372 0.033441 
13.623978 1.980278 0.034742 
13.605442 1.988441 0.036128 
13.586957 1.996878 0.037608 
13.568521 2.005608 0.039191 
13.550136 2.014654 0.040885 
13.531800 2.024039 0.042703 
13.513514 2.033789 0.044656 
13.495277 2.043933 0.046759 
13.477089 2.054501 0.049028 
13.458950 2.065528 0.051482 
13.440860 2.077054 0.054141 
13.422819 2.089120 0.057029 
13.404826 2.101774 0.060175 
13.386881 2.115070 0.063611 
13.368984 2.129067 0.067375 
13.351135 2.143832 0.071509 
13.333333 2.159440 0.076067 
13.315579 2.175977 0.081108 
13.297872 2.193538 0.086706 
13.280212 2.212233 0.092947 
13.262599 2.232188 0.099935 
13.245033 2.253546 0.107797 
13.227513 2.276469 0.116686 
13.210040 2.301148 0.126793 
13.192612 2.327798 0.138353 
13.175231 2.356669 0.151661 
13.157895 2.388050 0.167090 
13.140604 2.422271 0.185119 
13.123360 2.459708 0.206363 
13.106160 2.500784 0.231632 
13.089005 2.545961 0.261994 
13.071895 2.595718 0.298886 
13.054830 2.650494 0.344254 
13.037810 2.710574 0.400769 
13.020833 2.775836 0.472115 
13.003901 2.845255 0.563361 
12.987013 2.915924 0.681343 
12.970169 2.981216 0.834726 
12.953368 3.027714 1.032792 
12.936611 3.031394 1.280703 
12.919897 2.957238 1.568378 
12.903226 2.772623 1.856236 
12.886598 2.478298 2.078964 
12.870013 2.124687 2.185017 
12.853470 1.779470 2.172400 
12.836970 1.485219 2.075658 
12.820513 1.252725 1.933113 
12.804097 1.075780 1.771199 
12.787724 0.943690 1.604420 
12.771392 0.846770 1.439584 
12.755102 0.777827 1.279360 
12.738854 0.732169 1.124502 
12.722646 0.707251 0.975230 
12.706480 0.702183 0.832294 
12.690355 0.716841 0.697935 
12.674271 0.750159 0.576262 
12.658228 0.798258 0.471839 
12.642225 0.854727 0.386854 
12.626263 0.913336 0.319999 
12.610340 0.970025 0.267974 
12.594458 1.022886 0.227301 
12.578616 1.071339 0.195120 
12.562814 1.115453 0.169293 
12.547051 1.155560 0.148273 
12.531328 1.192073 0.130941 
12.515645 1.225404 0.116481 
12.500000 1.255930 0.104292 
12.484395 1.283986 0.093920 
12.468828 1.309865 0.085022 
12.453300 1.333820 0.077331 
12.437811 1.356067 0.070640 
12.422360 1.376796 0.064784 
12.406948 1.396169 0.059631 
12.391574 1.414327 0.055074 
12.376238 1.431393 0.051026 
12.360939 1.447475 0.047416 
12.345679 1.462665 0.044185 
12.330456 1.477047 0.041282 
12.315271 1.490693 0.038666 
12.300123 1.503668 0.036302 
12.285012 1.516030 0.034160 
12.269939 1.527830 0.032214 
12.254902 1.539113 0.030443 
12.239902 1.549921 0.028826 
12.224939 1.560289 0.027348 
12.210012 1.570252 0.025995 
12.195122 1.579840 0.024753 
12.180268 1.589080 0.023613 
12.165450 1.597996 0.022563 
12.150668 1.606611 0.021596 
12.135922 1.614945 0.020705 
12.121212 1.623019 0.019881 
12.106538 1.630848 0.019121 
12.091898 1.638448 0.018417 
12.077295 1.645835 0.017766 
12.062726 1.653021 0.017163 
12.048193 1.660018 0.016604 
12.033694 1.666840 0.016086 
12.019231 1.673495 0.015606 
12.004802 1.679993 0.015161 
11.990408 1.686345 0.014748 
11.976048 1.692558 0.014365 
11.961722 1.698640 0.014011 
11.947431 1.704599 0.013682 
11.933174 1.710442 0.013377 
11.918951 1.716175 0.013095 
11.904762 1.721803 0.012834 
11.890606 1.727334 0.012594 
11.876485 1.732771 0.012371 
11.862396 1.738121 0.012167 
11.848341 1.743388 0.011979 
11.834320 1.748575 0.011806 
11.820331 1.753689 0.011648 
11.806375 1.758731 0.011504 
11.792453 1.763707 0.011373 
11.778563 1.768620 0.011254 
11.764706 1.773473 0.011147 
11.750881 1.778269 0.011052 
11.737089 1.783011 0.010967 
11.723329 1.787703 0.010892 
11.709602 1.792346 0.010826 
11.695906 1.796944 0.010770 
11.682243 1.801499 0.010723 
11.668611 1.806014 0.010684 
11.655012 1.810490 0.010654 
11.641444 1.814930 0.010631 
11.627907 1.819336 0.010615 
11.614402 1.823710 0.010607 
11.600928 1.828054 0.010605 
11.587486 1.832370 0.010611 
11.574074 1.836659 0.010623 
11.560694 1.840923 0.010640 
11.547344 1.845164 0.010665 
11.534025 1.849383 0.010694 
11.520737 1.853583 0.010730 
11.507480 1.857764 0.010771 
11.494253 1.861927 0.010818 
11.481056 1.866075 0.010870 
11.467890 1.870208 0.010927 
11.454754 1.874328 0.010989 
11.441648 1.878436 0.011056 
11.428571 1.882533 0.011127 
11.415525 1.886621 0.011204 
11.402509 1.890701 0.011285 
11.389522 1.894773 0.011371 
11.376564 1.898839 0.011461 
11.363636 1.902900 0.011556 
11.350738 1.906957 0.011655 
11.337868 1.911011 0.011759 
11.325028 1.915063 0.011867 
11.312217 1.919114 0.011979 
11.299435 1.923164 0.012095 
11.286682 1.927216 0.012216 
11.273957 1.931270 0.012341 
11.261261 1.935326 0.012470 
11.248594 1.939386 0.012603 
11.235955 1.943451 0.012740 
11.223345 1.947521 0.012882 
11.210762 1.951598 0.013028 
11.198208 1.955681 0.013177 
11.185682 1.959773 0.013331 
11.173184 1.963874 0.013490 
11.160714 1.967984 0.013652 
11.148272 1.972105 0.013819 
11.135857 1.976237 0.013989 
11.123471 1.980382 0.014165 
11.111111 1.984539 0.014344 
11.098779 1.988710 0.014528 
11.086475 1.992897 0.014716 
11.074197 1.997098 0.014908 
11.061947 2.001316 0.015105 
11.049724 2.005551 0.015307 
11.037528 2.009804 0.015513 
11.025358 2.014076 0.015723 
11.013216 2.018367 0.015938 
11.001100 2.022679 0.016158 
10.989011 2.027012 0.016383 
10.976948 2.031367 0.016612 
10.964912 2.035745 0.016847 
10.952903 2.040147 0.017086 
10.940919 2.044574 0.017331 
10.928962 2.049026 0.017580 
10.917031 2.053504 0.017835 
10.905125 2.058009 0.018096 
10.893246 2.062542 0.018361 
10.881393 2.067105 0.018632 
10.869565 2.071697 0.018909 
10.857763 2.076320 0.019192 
10.845987 2.080974 0.019480 
10.834236 2.085662 0.019774 
10.822511 2.090382 0.020075 
10.810811 2.095137 0.020381 
10.799136 2.099928 0.020694 
10.787487 2.104755 0.021014 
10.775862 2.109620 0.021340 
10.764263 2.114523 0.021673 
10.752688 2.119465 0.022012 
10.741139 2.124448 0.022359 
10.729614 2.129473 0.022713 
10.718114 2.134540 0.023074 
10.706638 2.139652 0.023443 
10.695187 2.144808 0.023820 
10.683761 2.150010 0.024204 
10.672359 2.155260 0.024597 
10.660981 2.160558 0.024998 
10.649627 2.165905 0.025407 
10.638298 2.171304 0.025826 
10.626993 2.176755 0.026253 
10.615711 2.182259 0.026689 
10.604454 2.187819 0.027135 
10.593220 2.193434 0.027591 
10.582011 2.199108 0.028056 
10.570825 2.204840 0.028532 
10.559662 2.210633 0.029018 
10.548523 2.216488 0.029516 
10.537408 2.222406 0.030024 
10.526316 2.228390 0.030543 
10.515247 2.234441 0.031075 
10.504202 2.240560 0.031618 
10.493179 2.246749 0.032174 
10.482180 2.253010 0.032743 
10.471204 2.259345 0.033325 
10.460251 2.265755 0.033920 
10.449321 2.272243 0.034530 
10.438413 2.278811 0.035154 
10.427529 2.285460 0.035793 
10.416667 2.292192 0.036447 
10.405827 2.299010 0.037117 
10.395010 2.305916 0.037803 
10.384216 2.312912 0.038506 
10.373444 2.320000 0.039227 
10.362694 2.327183 0.039965 
10.351967 2.334464 0.040722 
10.341262 2.341844 0.041499 
10.330579 2.349327 0.042295 
10.319917 2.356915 0.043111 
10.309278 2.364611 0.043949 
10.298661 2.372418 0.044809 
10.288066 2.380339 0.045691 
10.277492 2.388377 0.046597 
10.266940 2.396535 0.047528 
10.256410 2.404817 0.048483 
10.245902 2.413225 0.049465 
10.235415 2.421764 0.050474 
10.224949 2.430438 0.051511 
10.214505 2.439249 0.052577 
10.204082 2.448202 0.053674 
10.193680 2.457301 0.054802 
10.183299 2.466550 0.055963 
10.172940 2.475953 0.057158 
10.162602 2.485516 0.058388 
10.152284 2.495243 0.059656 
10.141988 2.505139 0.060961 
10.131712 2.515208 0.062306 
10.121457 2.525457 0.063693 
10.111223 2.535890 0.065123 
10.101010 2.546514 0.066599 
10.090817 2.557335 0.068121 
10.080645 2.568358 0.069692 
10.070493 2.579591 0.071315 
10.060362 2.591039 0.072992 
10.050251 2.602711 0.074724 
10.040161 2.614613 0.076515 
10.030090 2.626753 0.078367 
10.020040 2.639140 0.080284 
10.010010 2.651781 0.082267 
10.000000 2.664686 0.084322 
9.990010 2.677863 0.086450 
9.980040 2.691323 0.088655 
9.970090 2.705075 0.090942 
9.960159 2.719130 0.093315 
9.950249 2.733499 0.095778 
9.940358 2.748194 0.098335 
9.930487 2.763227 0.100992 
9.920635 2.778610 0.103755 
9.910803 2.794358 0.106628 
9.900990 2.810484 0.109618 
9.891197 2.827004 0.112732 
9.881423 2.843934 0.115976 
9.871668 2.861289 0.119358 
9.861933 2.879087 0.122887 
9.852217 2.897348 0.126571 
9.842520 2.916090 0.130419 
9.832842 2.935334 0.134442 
9.823183 2.955103 0.138650 
9.813543 2.975419 0.143057 
9.803922 2.996307 0.147673 
9.794319 3.017793 0.152514 
9.784736 3.039904 0.157594 
9.775171 3.062671 0.162930 
9.765625 3.086124 0.168540 
9.756098 3.110297 0.174443 
9.746589 3.135226 0.180661 
9.737098 3.160948 0.187217 
9.727626 3.187504 0.194136 
9.718173 3.214937 0.201446 
9.708738 3.243293 0.209179 
9.699321 3.272622 0.217368 
9.689922 3.302977 0.226051 
9.680542 3.334416 0.235269 
9.671180 3.366999 0.245069 
9.661836 3.400792 0.255500 
9.652510 3.435866 0.266621 
9.643202 3.472297 0.278494 
9.633911 3.510168 0.291191 
9.624639 3.549567 0.304792 
9.615385 3.590591 0.319385 
9.606148 3.633343 0.335073 
9.596929 3.677934 0.351969 
9.587728 3.724486 0.370203 
9.578544 3.773130 0.389924 
9.569378 3.824006 0.411299 
9.560229 3.877269 0.434523 
9.551098 3.933081 0.459817 
9.541985 3.991621 0.487438 
9.532888 4.053078 0.517684 
9.523810 4.117655 0.550900 
9.514748 4.185567 0.587490 
9.505703 4.257039 0.627927 
9.496676 4.332306 0.672767 
9.487666 4.411601 0.722668 
9.478673 4.495158 0.778409 
9.469697 4.583188 0.840920 
9.460738 4.675869 0.911306 
9.451796 4.773310 0.990892 
9.442871 4.875512 1.081266 
9.433962 4.982301 1.184326 
9.425071 5.093235 1.302338 
9.416196 5.207461 1.437985 
9.407338 5.323521 1.594407 
9.398496 5.439068 1.775186 
9.389671 5.550493 1.984251 
9.380863 5.652447 2.225601 
9.372071 5.737305 2.502742 
9.363296 5.794721 2.817664 
9.354537 5.811566 3.169270 
9.345794 5.772798 3.551324 
9.337068 5.663839 3.950516 
9.328358 5.474633 4.345891 
9.319664 5.204335 4.711160 
9.310987 4.864157 5.020287 
9.302326 4.475951 5.254340 
9.293680 4.066606 5.405994 
9.285051 3.661232 5.479466 
9.276438 3.278505 5.486783 
9.267841 2.929389 5.443086 
9.259259 2.618290 5.363049 
9.250694 2.345136 5.259029 
9.242144 2.107306 5.140545 
9.233610 1.901036 5.014504 
9.225092 1.722272 4.885698 
9.216590 1.567141 4.757328 
9.208103 1.432162 4.631454 
9.199632 1.314304 4.509339 
9.191176 1.210987 4.391700 
9.182736 1.120035 4.278893 
9.174312 1.039625 4.171033 
9.165903 0.968232 4.068081 
9.157509 0.904580 3.969902 
9.149131 0.847602 3.876305 
9.140768 0.796401 3.787066 
9.132420 0.750220 3.701948 
9.124088 0.708421 3.620710 
9.115770 0.670462 3.543116 
9.107468 0.635880 3.468940 
9.099181 0.604281 3.397965 
9.090909 0.575326 3.329988 
9.082652 0.548721 3.264817 
9.074410 0.524214 3.202275 
9.066183 0.501584 3.142195 
9.057971 0.480640 3.084425 
9.049774 0.461215 3.028822 
9.041591 0.443161 2.975254 
9.033424 0.426348 2.923598 
9.025271 0.410663 2.873741 
9.017133 0.396003 2.825579 
9.009009 0.382279 2.779013 
9.000900 0.369410 2.733954 
8.992806 0.357324 2.690318 
8.984726 0.345959 2.648027 
8.976661 0.335255 2.607008 
8.968610 0.325161 2.567194 
8.960573 0.315630 2.528522 
8.952551 0.306620 2.490934 
8.944544 0.298093 2.454375 
8.936550 0.290014 2.418793 
8.928571 0.282351 2.384142 
8.920607 0.275076 2.350375 
8.912656 0.268163 2.317451 
8.904720 0.261586 2.285331 
8.896797 0.255325 2.253978 
8.888889 0.249360 2.223356 
8.880995 0.243671 2.193433 
8.873114 0.238241 2.164178 
8.865248 0.233056 2.135562 
8.857396 0.228100 2.107557 
8.849558 0.223361 2.080138 
8.841733 0.218825 2.053280 
8.833922 0.214481 2.026959 
8.826125 0.210320 2.001155 
8.818342 0.206330 1.975845 
8.810573 0.202502 1.951010 
8.802817 0.198830 1.926631 
8.795075 0.195303 1.902691 
8.787346 0.191915 1.879172 
8.779631 0.188659 1.856059 
8.771930 0.185529 1.833335 
8.764242 0.182518 1.810986 
8.756567 0.179621 1.788998 
8.748906 0.176833 1.767359 
8.741259 0.174149 1.746054 
8.733624 0.171563 1.725071 
8.726003 0.169072 1.704400 
8.718396 0.166672 1.684028 
8.710801 0.164359 1.663946 
8.703220 0.162129 1.644142 
8.695652 0.159978 1.624607 
8.688097 0.157905 1.605331 
8.680556 0.155905 1.586305 
8.673027 0.153976 1.567521 
8.665511 0.152115 1.548970 
8.658009 0.150319 1.530643 
8.650519 0.148587 1.512533 
8.643042 0.146917 1.494632 
8.635579 0.145305 1.476934 
8.628128 0.143750 1.459430 
8.620690 0.142251 1.442114 
8.613264 0.140805 1.424979 
8.605852 0.139411 1.408019 
8.598452 0.138068 1.391228 
8.591065 0.136773 1.374599 
8.583691 0.135526 1.358126 
8.576329 0.134325 1.341805 
8.568980 0.133169 1.325629 
8.561644 0.132057 1.309592 
8.554320 0.130988 1.293691 
8.547009 0.129961 1.277918 
8.539710 0.128975 1.262270 
8.532423 0.128029 1.246741 
8.525149 0.127123 1.231326 
8.517888 0.126256 1.216021 
8.510638 0.125426 1.200821 
8.503401 0.124635 1.185722 
8.496177 0.123880 1.170718 
8.488964 0.123163 1.155805 
8.481764 0.122481 1.140980 
8.474576 0.121836 1.126236 
8.467401 0.121226 1.111571 
8.460237 0.120652 1.096980 
8.453085 0.120113 1.082458 
8.445946 0.119609 1.068002 
8.438819 0.119141 1.053607 
8.431703 0.118708 1.039269 
8.424600 0.118311 1.024983 
8.417508 0.117950 1.010745 
8.410429 0.117624 0.996552 
8.403361 0.117335 0.982399 
8.396306 0.117083 0.968281 
8.389262 0.116868 0.954194 
8.382230 0.116691 0.940135 
8.375209 0.116553 0.926097 
8.368201 0.116454 0.912077 
8.361204 0.116396 0.898071 
8.354219 0.116380 0.884072 
8.347245 0.116407 0.870078 
8.340284 0.116478 0.856082 
8.333333 0.116595 0.842080 
8.326395 0.116759 0.828066 
8.319468 0.116973 0.814035 
8.312552 0.117239 0.799982 
8.305648 0.117559 0.785900 
8.298755 0.117936 0.771784 
8.291874 0.118372 0.757628 
8.285004 0.118872 0.743425 
8.278146 0.119439 0.729169 
8.271299 0.120076 0.714852 
8.264463 0.120790 0.700467 
8.257638 0.121584 0.686006 
8.250825 0.122465 0.671462 
8.244023 0.123440 0.656825 
8.237232 0.124516 0.642087 
8.230453 0.125701 0.627238 
8.223684 0.127006 0.612269 
8.216927 0.128440 0.597169 
8.210181 0.130017 0.581927 
8.203445 0.131751 0.566532 
8.196721 0.133659 0.550972 
8.190008 0.135759 0.535234 
8.183306 0.138073 0.519307 
8.176615 0.140627 0.503178 
8.169935 0.143451 0.486835 
8.163265 0.146578 0.470266 
8.156607 0.150050 0.453462 
8.149959 0.153912 0.436415 
8.143322 0.158220 0.419124 
8.136697 0.163037 0.401590 
8.130081 0.168435 0.383827 
8.123477 0.174494 0.365861 
8.116883 0.181304 0.347736 
8.110300 0.188959 0.329521 
8.103728 0.197550 0.311314 
8.097166 0.207154 0.293250 
8.090615 0.217822 0.275495 
8.084074 0.229561 0.258246 
8.077544 0.242318 0.241707 
8.071025 0.255979 0.226071 
8.064516 0.270373 0.211489 
8.058018 0.285298 0.198054 
8.051530 0.300544 0.185794 
8.045052 0.315917 0.174685 
8.038585 0.331255 0.164657 
8.032129 0.346430 0.155621 
8.025682 0.361353 0.147475 
8.019246 0.375960 0.140121 
8.012821 0.390215 0.133463 
8.006405 0.404095 0.127417 
8.000000 0.417592 0.121907 
7.993605 0.430706 0.116868 
7.987220 0.443444 0.112243 
7.980846 0.455816 0.107983 
7.974482 0.467833 0.104045 
7.968127 0.479508 0.100395 
7.961783 0.490857 0.096999 
7.955449 0.501891 0.093833 
7.949126 0.512626 0.090871 
7.942812 0.523075 0.088095 
7.936508 0.533251 0.085485 
7.930214 0.543165 0.083028 
7.923930 0.552830 0.080708 
7.917656 0.562256 0.078514 
7.911392 0.571454 0.076436 
7.905138 0.580435 0.074463 
7.898894 0.589206 0.072588 
7.892660 0.597778 0.070803 
7.886435 0.606157 0.069102 
7.880221 0.614352 0.067477 
7.874016 0.622371 0.065924 
7.867821 0.630220 0.064438 
7.861635 0.637905 0.063014 
7.855460 0.645433 0.061649 
7.849294 0.652810 0.060337 
7.843137 0.660041 0.059077 
7.836991 0.667131 0.057865 
7.830854 0.674085 0.056698 
7.824726 0.680908 0.055573 
7.818608 0.687604 0.054489 
7.812500 0.694179 0.053442 
7.806401 0.700634 0.052432 
7.800312 0.706975 0.051455 
7.794232 0.713205 0.050510 
7.788162 0.719327 0.049596 
7.782101 0.725345 0.048711 
7.776050 0.731262 0.047853 
7.770008 0.737081 0.047022 
7.763975 0.742804 0.046215 
7.757952 0.748435 0.045433 
7.751938 0.753976 0.044673 
7.745933 0.759430 0.043935 
7.739938 0.764798 0.043218 
7.733952 0.770084 0.042521 
7.727975 0.775289 0.041843 
7.722008 0.780417 0.041183 
7.716049 0.785467 0.040540 
7.710100 0.790444 0.039915 
7.704160 0.795348 0.039305 
7.698229 0.800181 0.038711 
7.692308 0.804946 0.038132 
7.686395 0.809643 0.037568 
7.680492 0.814275 0.037017 
7.674597 0.818843 0.036479 
7.668712 0.823348 0.035954 
7.662835 0.827792 0.035442 
7.656968 0.832177 0.034942 
7.651109 0.836503 0.034453 
7.645260 0.840772 0.033975 
7.639419 0.844986 0.033508 
7.633588 0.849145 0.033051 
7.627765 0.853251 0.032604 
7.621951 0.857305 0.032167 
7.616146 0.861308 0.031740 
7.610350 0.865261 0.031321 
7.604563 0.869165 0.030912 
7.598784 0.873021 0.030510 
7.593014 0.876830 0.030117 
7.587253 0.880593 0.029733 
7.581501 0.884311 0.029355 
7.575758 0.887986 0.028986 
7.570023 0.891616 0.028624 
7.564297 0.895205 0.028269 
7.558579 0.898752 0.027920 
7.552870 0.902258 0.027579 
7.547170 0.905724 0.027244 
7.541478 0.909151 0.026915 
7.535795 0.912539 0.026592 
7.530120 0.915890 0.026276 
7.524454 0.919204 0.025965 
7.518797 0.922481 0.025660 
7.513148 0.925722 0.025361 
7.507508 0.928928 0.025067 
7.501875 0.932100 0.024778 
7.496252 0.935237 0.024494 
7.490637 0.938342 0.024215 
7.485030 0.941414 0.023941 
7.479432 0.944453 0.023672 
7.473842 0.947461 0.023407 
7.468260 0.950438 0.023147 
7.462687 0.953385 0.022891 
7.457122 0.956301 0.022639 
7.451565 0.959188 0.022392 
7.446016 0.962045 0.022149 
7.440476 0.964875 0.021910 
7.434944 0.967676 0.021674 
7.429421 0.970449 0.021442 
7.423905 0.973195 0.021215 
7.418398 0.975915 0.020990 
7.412898 0.978608 0.020769 
7.407407 0.981275 0.020552 
7.401925 0.983916 0.020338 
7.396450 0.986533 0.020128 
7.390983 0.989124 0.019920 
7.385524 0.991691 0.019716 
7.380074 0.994235 0.019515 
7.374631 0.996754 0.019317 
7.369197 0.999250 0.019121 
7.363770 1.001724 0.018929 
7.358352 1.004174 0.018740 
7.352941 1.006603 0.018553 
7.347539 1.009009 0.018369 
7.342144 1.011394 0.018188 
7.336757 1.013758 0.018009 
7.331378 1.016100 0.017833 
7.326007 1.018422 0.017660 
7.320644 1.020723 0.017488 
7.315289 1.023004 0.017320 
7.309942 1.025266 0.017153 
7.304602 1.027507 0.016989 
7.299270 1.029730 0.016827 
7.293946 1.031933 0.016668 
7.288630 1.034118 0.016510 
7.283321 1.036284 0.016355 
7.278020 1.038432 0.016202 
7.272727 1.040561 0.016051 
7.267442 1.042673 0.015902 
7.262164 1.044768 0.015755 
7.256894 1.046845 0.015609 
7.251632 1.048905 0.015466 
7.246377 1.050948 0.015325 
7.241130 1.052974 0.015185 
7.235890 1.054984 0.015047 
7.230658 1.056978 0.014911 
7.225434 1.058955 0.014777 
7.220217 1.060917 0.014645 
7.215007 1.062864 0.014514 
7.209805 1.064794 0.014385 
7.204611 1.066710 0.014257 
7.199424 1.068611 0.014131 
7.194245 1.070496 0.014006 
7.189073 1.072368 0.013884 
7.183908 1.074224 0.013762 
7.178751 1.076066 0.013642 
7.173601 1.077895 0.013524 
7.168459 1.079709 0.013407 
7.163324 1.081509 0.013291 
7.158196 1.083296 0.013177 
7.153076 1.085069 0.013064 
7.147963 1.086829 0.012953 
7.142857 1.088576 0.012842 
7.137759 1.090310 0.012733 
7.132668 1.092031 0.012626 
7.127584 1.093739 0.012519 
7.122507 1.095435 0.012414 
7.117438 1.097118 0.012310 
7.112376 1.098789 0.012208 
7.107321 1.100448 0.012106 
7.102273 1.102095 0.012006 
7.097232 1.103730 0.011906 
7.092199 1.105353 0.011808 
7.087172 1.106965 0.011711 
7.082153 1.108565 0.011615 
7.077141 1.110154 0.011520 
7.072136 1.111732 0.011427 
7.067138 1.113299 0.011334 
7.062147 1.114855 0.011242 
7.057163 1.116400 0.011151 
7.052186 1.117934 0.011062 
7.047216 1.119458 0.010973 
7.042254 1.120971 0.010885 
7.037298 1.122473 0.010798 
7.032349 1.123966 0.010712 
7.027407 1.125448 0.010627 
7.022472 1.126921 0.010543 
7.017544 1.128383 0.010460 
7.012623 1.129836 0.010377 
7.007708 1.131278 0.010296 
7.002801 1.132712 0.010215 
6.997901 1.134135 0.010136 
6.993007 1.135549 0.010057 
6.988120 1.136954 0.009979 
6.983240 1.138350 0.009901 
6.978367 1.139736 0.009825 
6.973501 1.141114 0.009749 
6.968641 1.142482 0.009674 
6.963788 1.143842 0.009600 
6.958942 1.145193 0.009526 
6.954103 1.146535 0.009454 
6.949270 1.147869 0.009382 
6.944444 1.149194 0.009310 
6.939625 1.150510 0.009240 
6.934813 1.151818 0.009170 
6.930007 1.153118 0.009101 
6.925208 1.154410 0.009032 
6.920415 1.155694 0.008965 
6.915629 1.156970 0.008898 
6.910850 1.158237 0.008831 
6.906077 1.159497 0.008765 
6.901311 1.160749 0.008700 
6.896552 1.161994 0.008635 
6.891799 1.163230 0.008572 
6.887052 1.164459 0.008508 
6.882312 1.165681 0.008445 
6.877579 1.166895 0.008383 
6.872852 1.168102 0.008322 
6.868132 1.169301 0.008261 
6.863418 1.170494 0.008201 
6.858711 1.171679 0.008141 
6.854010 1.172857 0.008081 
6.849315 1.174028 0.008023 
6.844627 1.175192 0.007965 
6.839945 1.176349 0.007907 
6.835270 1.177500 0.007850 
6.830601 1.178643 0.007793 
6.825939 1.179780 0.007737 
6.821282 1.180910 0.007682 
6.816633 1.182034 0.007627 
6.811989 1.183151 0.007572 
6.807352 1.184261 0.007518 
6.802721 1.185366 0.007465 
6.798097 1.186463 0.007412 
6.793478 1.187555 0.007359 
6.788866 1.188640 0.007307 
6.784261 1.189719 0.007256 
6.779661 1.190792 0.007204 
6.775068 1.191859 0.007154 
6.770481 1.192920 0.007103 
6.765900 1.193975 0.007054 
6.761325 1.195024 0.007004 
6.756757 1.196067 0.006955 
6.752194 1.197104 0.006907 
6.747638 1.198136 0.006859 
6.743088 1.199162 0.006811 
6.738544 1.200182 0.006764 
6.734007 1.201196 0.006717 
6.729475 1.202205 0.006670 
6.724950 1.203209 0.006624 
6.720430 1.204207 0.006579 
6.715917 1.205199 0.006533 
6.711409 1.206186 0.006488 
6.706908 1.207168 0.006444 
6.702413 1.208144 0.006400 
6.697924 1.209115 0.006356 
6.693440 1.210081 0.006313 
6.688963 1.211042 0.006270 
6.684492 1.211998 0.006227 
6.680027 1.212948 0.006185 
6.675567 1.213894 0.006143 
6.671114 1.214834 0.006101 
6.666667 1.215770 0.006060 
6.662225 1.216701 0.006019 
6.657790 1.217626 0.005978 
6.653360 1.218547 0.005938 
6.648936 1.219463 0.005898 
6.644518 1.220375 0.005858 
6.640106 1.221281 0.005819 
6.635700 1.222183 0.005780 
6.631300 1.223080 0.005741 
6.626905 1.223973 0.005703 
6.622517 1.224861 0.005665 
6.618134 1.225745 0.005627 
6.613757 1.226624 0.005590 
6.609385 1.227498 0.005553 
6.605020 1.228368 0.005516 
6.600660 1.229234 0.005479 
6.596306 1.230095 0.005443 
6.591958 1.230952 0.005407 
6.587615 1.231805 0.005371 
6.583278 1.232653 0.005336 
6.578947 1.233497 0.005301 
6.574622 1.234337 0.005266 
6.570302 1.235173 0.005231 
6.565988 1.236005 0.005197 
6.561680 1.236832 0.005163 
6.557377 1.237656 0.005129 
6.553080 1.238475 0.005096 
6.548788 1.239291 0.005062 
6.544503 1.240102 0.005029 
6.540222 1.240909 0.004997 
6.535948 1.241713 0.004964 
6.531679 1.242513 0.004932 
6.527415 1.243308 0.004900 
6.523157 1.244100 0.004868 
6.518905 1.244888 0.004836 
6.514658 1.245673 0.004805 
6.510417 1.246453 0.004774 
6.506181 1.247230 0.004743 
6.501951 1.248003 0.004713 
6.497726 1.248772 0.004682 
6.493506 1.249538 0.004652 
6.489293 1.250300 0.004622 
6.485084 1.251059 0.004592 
6.480881 1.251814 0.004563 
6.476684 1.252565 0.004534 
6.472492 1.253313 0.004505 
6.468305 1.254058 0.004476 
6.464124 1.254799 0.004447 
6.459948 1.255536 0.004419 
6.455778 1.256270 0.004390 
6.451613 1.257001 0.004362 
6.447453 1.257728 0.004335 
6.443299 1.258452 0.004307 
6.439150 1.259173 0.004280 
6.435006 1.259890 0.004252 
6.430868 1.260604 0.004225 
6.426735 1.261315 0.004199 
6.422608 1.262023 0.004172 
6.418485 1.262727 0.004145 
6.414368 1.263428 0.004119 
6.410256 1.264126 0.004093 
6.406150 1.264821 0.004067 
6.402049 1.265513 0.004042 
6.397953 1.266201 0.004016 
6.393862 1.266887 0.003991 
6.389776 1.267569 0.003966 
6.385696 1.268249 0.003941 
6.381621 1.268925 0.003916 
6.377551 1.269599 0.003891 
6.373486 1.270269 0.003867 
6.369427 1.270937 0.003842 
6.365372 1.271601 0.003818 
6.361323 1.272263 0.003794 
6.357279 1.272922 0.003770 
6.353240 1.273577 0.003747 
6.349206 1.274230 0.003723 
6.345178 1.274880 0.003700 
6.341154 1.275528 0.003677 
6.337136 1.276172 0.003654 
6.333122 1.276814 0.003631 
6.329114 1.277453 0.003608 
6.325111 1.278089 0.003586 
6.321113 1.278723 0.003563 
6.317119 1.279353 0.003541 
6.313131 1.279981 0.003519 
6.309148 1.280607 0.003497 
6.305170 1.281230 0.003475 
6.301197 1.281850 0.003454 
6.297229 1.282467 0.003432 
6.293266 1.283082 0.003411 
6.289308 1.283694 0.003390 
6.285355 1.284304 0.003369 
6.281407 1.284911 0.003348 
6.277464 1.285515 0.003327 
6.273526 1.286117 0.003306 
6.269592 1.286717 0.003286 
6.265664 1.287314 0.003265 
6.261741 1.287908 0.003245 
6.257822 1.288500 0.003225 
6.253909 1.289090 0.003205 
6.250000 1.289677 0.003185 