10000.000000 2.096267 0.000011 
5000.000000 2.096272 0.000022 
3333.333333 2.096282 0.000033 
2500.000000 2.096295 0.000043 
2000.000000 2.096311 0.000054 
1666.666667 2.096331 0.000065 
1428.571429 2.096356 0.000076 
1250.000000 2.096383 0.000087 
1111.111111 2.096415 0.000098 
1000.000000 2.096450 0.000109 
909.090909 2.096489 0.000120 
833.333333 2.096531 0.000131 
769.230769 2.096578 0.000141 
714.285714 2.096628 0.000152 
666.666667 2.096681 0.000163 
625.000000 2.096739 0.000174 
588.235294 2.096800 0.000185 
555.555556 2.096865 0.000196 
526.315789 2.096933 0.000207 
500.000000 2.097006 0.000218 
476.190476 2.097082 0.000229 
454.545455 2.097162 0.000240 
434.782609 2.097245 0.000251 
416.666667 2.097333 0.000262 
400.000000 2.097424 0.000273 
384.615385 2.097519 0.000284 
370.370370 2.097617 0.000295 
357.142857 2.097720 0.000306 
344.827586 2.097826 0.000317 
333.333333 2.097936 0.000328 
322.580645 2.098050 0.000339 
312.500000 2.098168 0.000351 
303.030303 2.098289 0.000362 
294.117647 2.098414 0.000373 
285.714286 2.098544 0.000384 
277.777778 2.098677 0.000395 
270.270270 2.098813 0.000407 
263.157895 2.098954 0.000418 
256.410256 2.099099 0.000429 
250.000000 2.099247 0.000440 
243.902439 2.099399 0.000452 
238.095238 2.099555 0.000463 
232.558140 2.099716 0.000474 
227.272727 2.099880 0.000486 
222.222222 2.100048 0.000497 
217.391304 2.100219 0.000509 
212.765957 2.100395 0.000520 
208.333333 2.100575 0.000532 
204.081633 2.100759 0.000543 
200.000000 2.100947 0.000555 
196.078431 2.101138 0.000566 
192.307692 2.101334 0.000578 
188.679245 2.101534 0.000589 
185.185185 2.101738 0.000601 
181.818182 2.101946 0.000613 
178.571429 2.102157 0.000624 
175.438596 2.102373 0.000636 
172.413793 2.102594 0.000648 
169.491525 2.102818 0.000660 
166.666667 2.103046 0.000672 
163.934426 2.103279 0.000684 
161.290323 2.103515 0.000696 
158.730159 2.103756 0.000707 
156.250000 2.104001 0.000719 
153.846154 2.104250 0.000732 
151.515152 2.104504 0.000744 
149.253731 2.104761 0.000756 
147.058824 2.105023 0.000768 
144.927536 2.105289 0.000780 
142.857143 2.105560 0.000792 
140.845070 2.105835 0.000805 
138.888889 2.106114 0.000817 
136.986301 2.106397 0.000829 
135.135135 2.106685 0.000842 
133.333333 2.106977 0.000854 
131.578947 2.107274 0.000867 
129.870130 2.107575 0.000879 
128.205128 2.107880 0.000892 
126.582278 2.108190 0.000904 
125.000000 2.108505 0.000917 
123.456790 2.108824 0.000930 
121.951220 2.109148 0.000943 
120.481928 2.109476 0.000955 
119.047619 2.109808 0.000968 
117.647059 2.110146 0.000981 
116.279070 2.110488 0.000994 
114.942529 2.110835 0.001007 
113.636364 2.111186 0.001020 
112.359551 2.111542 0.001034 
111.111111 2.111903 0.001047 
109.890110 2.112268 0.001060 
108.695652 2.112639 0.001073 
107.526882 2.113014 0.001087 
106.382979 2.113394 0.001100 
105.263158 2.113779 0.001114 
104.166667 2.114169 0.001127 
103.092784 2.114564 0.001141 
102.040816 2.114964 0.001155 
101.010101 2.115369 0.001168 
100.000000 2.115779 0.001182 
99.009901 2.116194 0.001196 
98.039216 2.116614 0.001210 
97.087379 2.117039 0.001224 
96.153846 2.117470 0.001238 
95.238095 2.117906 0.001253 
94.339623 2.118347 0.001267 
93.457944 2.118793 0.001281 
92.592593 2.119244 0.001296 
91.743119 2.119701 0.001310 
90.909091 2.120164 0.001325 
90.090090 2.120632 0.001339 
89.285714 2.121105 0.001354 
88.495575 2.121584 0.001369 
87.719298 2.122068 0.001384 
86.956522 2.122558 0.001399 
86.206897 2.123054 0.001414 
85.470085 2.123555 0.001429 
84.745763 2.124062 0.001444 
84.033613 2.124575 0.001459 
83.333333 2.125094 0.001475 
82.644628 2.125619 0.001490 
81.967213 2.126149 0.001506 
81.300813 2.126686 0.001521 
80.645161 2.127229 0.001537 
80.000000 2.127777 0.001553 
79.365079 2.128332 0.001569 
78.740157 2.128893 0.001585 
78.125000 2.129461 0.001601 
77.519380 2.130034 0.001617 
76.923077 2.130615 0.001634 
76.335878 2.131201 0.001650 
75.757576 2.131794 0.001667 
75.187970 2.132393 0.001683 
74.626866 2.133000 0.001700 
74.074074 2.133612 0.001717 
73.529412 2.134232 0.001734 
72.992701 2.134858 0.001751 
72.463768 2.135491 0.001768 
71.942446 2.136132 0.001786 
71.428571 2.136779 0.001803 
70.921986 2.137433 0.001821 
70.422535 2.138094 0.001838 
69.930070 2.138763 0.001856 
69.444444 2.139439 0.001874 
68.965517 2.140122 0.001892 
68.493151 2.140813 0.001911 
68.027211 2.141512 0.001929 
67.567568 2.142218 0.001947 
67.114094 2.142932 0.001966 
66.666667 2.143653 0.001985 
66.225166 2.144383 0.002004 
65.789474 2.145120 0.002023 
65.359477 2.145866 0.002042 
64.935065 2.146620 0.002062 
64.516129 2.147382 0.002081 
64.102564 2.148153 0.002101 
63.694268 2.148932 0.002121 
63.291139 2.149720 0.002141 
62.893082 2.150516 0.002161 
62.500000 2.151321 0.002182 
62.111801 2.152136 0.002202 
61.728395 2.152959 0.002223 
61.349693 2.153792 0.002244 
60.975610 2.154634 0.002265 
60.606061 2.155485 0.002287 
60.240964 2.156347 0.002308 
59.880240 2.157218 0.002330 
59.523810 2.158098 0.002352 
59.171598 2.158989 0.002374 
58.823529 2.159891 0.002397 
58.479532 2.160802 0.002420 
58.139535 2.161724 0.002443 
57.803468 2.162657 0.002466 
57.471264 2.163601 0.002489 
57.142857 2.164556 0.002513 
56.818182 2.165522 0.002537 
56.497175 2.166500 0.002562 
56.179775 2.167490 0.002586 
55.865922 2.168491 0.002611 
55.555556 2.169505 0.002637 
55.248619 2.170531 0.002662 
54.945055 2.171569 0.002688 
54.644809 2.172620 0.002715 
54.347826 2.173685 0.002742 
54.054054 2.174763 0.002769 
53.763441 2.175855 0.002797 
53.475936 2.176960 0.002825 
53.191489 2.178080 0.002854 
52.910053 2.179215 0.002883 
52.631579 2.180364 0.002912 
52.356021 2.181529 0.002943 
52.083333 2.182710 0.002974 
51.813472 2.183907 0.003005 
51.546392 2.185120 0.003038 
51.282051 2.186350 0.003071 
51.020408 2.187598 0.003105 
50.761421 2.188864 0.003139 
50.505051 2.190148 0.003175 
50.251256 2.191451 0.003211 
50.000000 2.192773 0.003249 
49.751244 2.194116 0.003288 
49.504950 2.195480 0.003328 
49.261084 2.196865 0.003369 
49.019608 2.198272 0.003412 
48.780488 2.199703 0.003456 
48.543689 2.201157 0.003503 
48.309179 2.202636 0.003551 
48.076923 2.204141 0.003601 
47.846890 2.205673 0.003653 
47.619048 2.207233 0.003708 
47.393365 2.208822 0.003765 
47.169811 2.210441 0.003826 
46.948357 2.212093 0.003890 
46.728972 2.213778 0.003958 
46.511628 2.215498 0.004030 
46.296296 2.217255 0.004106 
46.082949 2.219050 0.004188 
45.871560 2.220887 0.004276 
45.662100 2.222768 0.004370 
45.454545 2.224695 0.004472 
45.248869 2.226671 0.004582 
45.045045 2.228699 0.004701 
44.843049 2.230783 0.004832 
44.642857 2.232927 0.004975 
44.444444 2.235135 0.005133 
44.247788 2.237413 0.005307 
44.052863 2.239765 0.005501 
43.859649 2.242199 0.005716 
43.668122 2.244721 0.005958 
43.478261 2.247340 0.006231 
43.290043 2.250064 0.006540 
43.103448 2.252904 0.006891 
42.918455 2.255872 0.007294 
42.735043 2.258982 0.007758 
42.553191 2.262250 0.008296 
42.372881 2.265694 0.008924 
42.194093 2.269335 0.009662 
42.016807 2.273198 0.010537 
41.841004 2.277310 0.011581 
41.666667 2.281705 0.012839 
41.493776 2.286420 0.014367 
41.322314 2.291494 0.016242 
41.152263 2.296972 0.018566 
40.983607 2.302897 0.021478 
40.816327 2.309307 0.025169 
40.650407 2.316215 0.029900 
40.485830 2.323587 0.036030 
40.322581 2.331278 0.044049 
40.160643 2.338935 0.054594 
40.000000 2.345811 0.068434 
39.840637 2.350490 0.086295 
39.682540 2.350598 0.108357 
39.525692 2.342902 0.133226 
39.370079 2.324651 0.156718 
39.215686 2.296465 0.172261 
39.062500 2.264144 0.174680 
38.910506 2.235648 0.164390 
38.759690 2.215837 0.146563 
38.610039 2.204992 0.126775 
38.461538 2.200959 0.108423 
38.314176 2.201309 0.092797 
38.167939 2.204198 0.080006 
38.022814 2.208441 0.069699 
37.878788 2.213333 0.061416 
37.735849 2.218476 0.054737 
37.593985 2.223653 0.049314 
37.453184 2.228750 0.044874 
37.313433 2.233714 0.041208 
37.174721 2.238524 0.038156 
37.037037 2.243177 0.035596 
36.900369 2.247680 0.033431 
36.764706 2.252045 0.031590 
36.630037 2.256284 0.030014 
36.496350 2.260412 0.028658 
36.363636 2.264442 0.027487 
36.231884 2.268386 0.026471 
36.101083 2.272255 0.025587 
35.971223 2.276062 0.024816 
35.842294 2.279814 0.024141 
35.714286 2.283521 0.023552 
35.587189 2.287191 0.023036 
35.460993 2.290832 0.022584 
35.335689 2.294448 0.022190 
35.211268 2.298047 0.021846 
35.087719 2.301634 0.021548 
34.965035 2.305213 0.021290 
34.843206 2.308790 0.021069 
34.722222 2.312368 0.020881 
34.602076 2.315951 0.020723 
34.482759 2.319543 0.020593 
34.364261 2.323148 0.020489 
34.246575 2.326769 0.020408 
34.129693 2.330408 0.020349 
34.013605 2.334068 0.020311 
33.898305 2.337752 0.020292 
33.783784 2.341464 0.020291 
33.670034 2.345204 0.020307 
33.557047 2.348976 0.020339 
33.444816 2.352782 0.020387 
33.333333 2.356625 0.020450 
33.222591 2.360506 0.020527 
33.112583 2.364428 0.020619 
33.003300 2.368393 0.020723 
32.894737 2.372404 0.020841 
32.786885 2.376461 0.020972 
32.679739 2.380568 0.021116 
32.573290 2.384727 0.021272 
32.467532 2.388940 0.021440 
32.362460 2.393209 0.021621 
32.258065 2.397537 0.021814 
32.154341 2.401925 0.022020 
32.051282 2.406375 0.022238 
31.948882 2.410891 0.022468 
31.847134 2.415475 0.022711 
31.746032 2.420129 0.022967 
31.645570 2.424855 0.023235 
31.545741 2.429657 0.023517 
31.446541 2.434536 0.023812 
31.347962 2.439496 0.024121 
31.250000 2.444539 0.024444 
31.152648 2.449668 0.024782 
31.055901 2.454886 0.025134 
30.959752 2.460197 0.025502 
30.864198 2.465603 0.025885 
30.769231 2.471108 0.026285 
30.674847 2.476715 0.026702 
30.581040 2.482429 0.027136 
30.487805 2.488252 0.027589 
30.395137 2.494188 0.028060 
30.303030 2.500243 0.028552 
30.211480 2.506419 0.029064 
30.120482 2.512722 0.029598 
30.030030 2.519156 0.030154 
29.940120 2.525727 0.030734 
29.850746 2.532439 0.031339 
29.761905 2.539297 0.031971 
29.673591 2.546308 0.032630 
29.585799 2.553478 0.033318 
29.498525 2.560812 0.034036 
29.411765 2.568318 0.034787 
29.325513 2.576003 0.035573 
29.239766 2.583874 0.036395 
29.154519 2.591939 0.037255 
29.069767 2.600207 0.038157 
28.985507 2.608686 0.039102 
28.901734 2.617385 0.040094 
28.818444 2.626316 0.041136 
28.735632 2.635489 0.042231 
28.653295 2.644914 0.043383 
28.571429 2.654606 0.044596 
28.490028 2.664575 0.045875 
28.409091 2.674838 0.047225 
28.328612 2.685407 0.048651 
28.248588 2.696301 0.050160 
28.169014 2.707536 0.051759 
28.089888 2.719131 0.053455 
28.011204 2.731107 0.055256 
27.932961 2.743485 0.057174 
27.855153 2.756289 0.059217 
27.777778 2.769545 0.061399 
27.700831 2.783281 0.063733 
27.624309 2.797528 0.066234 
27.548209 2.812320 0.068920 
27.472527 2.827693 0.071812 
27.397260 2.843688 0.074932 
27.322404 2.860349 0.078307 
27.247956 2.877725 0.081966 
27.173913 2.895870 0.085947 
27.100271 2.914845 0.090289 
27.027027 2.934716 0.095041 
26.954178 2.955557 0.100260 
26.881720 2.977452 0.106012 
26.809651 3.000492 0.112378 
26.737968 3.024782 0.119452 
26.666667 3.050437 0.127350 
26.595745 3.077590 0.136209 
26.525199 3.106385 0.146200 
26.455026 3.136988 0.157530 
26.385224 3.169582 0.170458 
26.315789 3.204371 0.185305 
26.246719 3.241579 0.202476 
26.178010 3.281446 0.222484 
26.109661 3.324224 0.245988 
26.041667 3.370156 0.273837 
25.974026 3.419453 0.307133 
25.906736 3.472230 0.347320 
25.839793 3.528410 0.396289 
25.773196 3.587533 0.456516 
25.706941 3.648439 0.531197 
25.641026 3.708722 0.624330 
25.575448 3.763836 0.740579 
25.510204 3.805823 0.884530 
25.445293 3.821893 1.058661 
25.380711 3.794087 1.259234 
25.316456 3.702771 1.470521 
25.252525 3.536634 1.661777 
25.188917 3.305430 1.794855 
25.125628 3.042253 1.842682 
25.062657 2.788709 1.802920 
25.000000 2.576629 1.694277 
24.937656 2.421207 1.543331 
24.875622 2.324219 1.374675 
24.813896 2.279427 1.207183 
24.752475 2.276610 1.053415 
24.691358 2.304425 0.920036 
24.630542 2.352569 0.808935 
24.570025 2.413032 0.718894 
24.509804 2.480317 0.647236 
24.449878 2.551014 0.590952 
24.390244 2.623203 0.547293 
24.330900 2.695929 0.513973 
24.271845 2.768830 0.489188 
24.213075 2.841902 0.471565 
24.154589 2.915350 0.460087 
24.096386 2.989509 0.454024 
24.038462 3.064792 0.452886 
23.980815 3.141670 0.456383 
23.923445 3.220656 0.464399 
23.866348 3.302307 0.476982 
23.809524 3.387226 0.494341 
23.752969 3.476066 0.516857 
23.696682 3.569536 0.545105 
23.640662 3.668412 0.579892 
23.584906 3.773539 0.622312 
23.529412 3.885830 0.673824 
23.474178 4.006250 0.736374 
23.419204 4.135775 0.812550 
23.364486 4.275302 0.905815 
23.310023 4.425455 1.020818 
23.255814 4.586216 1.163820 
23.201856 4.756217 1.343216 
23.148148 4.931418 1.570067 
23.094688 5.102756 1.858297 
23.041475 5.252269 2.223549 
22.988506 5.347909 2.678454 
22.935780 5.340164 3.220808 
22.883295 5.170222 3.814138 
22.831050 4.801723 4.375450 
22.779043 4.262663 4.801424 
22.727273 3.645098 5.030163 
22.675737 3.048616 5.072622 
22.624434 2.531848 4.983741 
22.573363 2.110072 4.820785 
22.522523 1.774870 4.624655 
22.471910 1.510346 4.419560 
22.421525 1.300873 4.218219 
22.371365 1.133560 4.026604 
22.321429 0.998471 3.847030 
22.271715 0.888152 3.679939 
22.222222 0.797049 3.524863 
22.172949 0.721015 3.380941 
22.123894 0.656932 3.247177 
22.075055 0.602433 3.122574 
22.026432 0.555703 3.006191 
21.978022 0.515334 2.897169 
21.929825 0.480224 2.794740 
21.881838 0.449501 2.698219 
21.834061 0.422468 2.607003 
21.786492 0.398564 2.520557 
21.739130 0.377333 2.438409 
21.691974 0.358401 2.360144 
21.645022 0.341460 2.285390 
21.598272 0.326255 2.213820 
21.551724 0.312570 2.145141 
21.505376 0.300228 2.079090 
21.459227 0.289077 2.015431 
21.413276 0.278988 1.953953 
21.367521 0.269854 1.894462 
21.321962 0.261580 1.836784 
21.276596 0.254089 1.780759 
21.231423 0.247312 1.726239 
21.186441 0.241194 1.673090 
21.141649 0.235684 1.621185 
21.097046 0.230742 1.570407 
21.052632 0.226335 1.520646 
21.008403 0.222434 1.471797 
20.964361 0.219019 1.423761 
20.920502 0.216073 1.376442 
20.876827 0.213585 1.329749 
20.833333 0.211551 1.283590 
20.790021 0.209972 1.237876 
20.746888 0.208854 1.192519 
20.703934 0.208212 1.147430 
20.661157 0.208067 1.102518 
20.618557 0.208452 1.057689 
20.576132 0.209409 1.012848 
20.533881 0.210995 0.967894 
20.491803 0.213284 0.922720 
20.449898 0.216375 0.877217 
20.408163 0.220395 0.831269 
20.366599 0.225512 0.784757 
20.325203 0.231944 0.737565 
20.283976 0.239983 0.689591 
20.242915 0.250011 0.640766 
20.202020 0.262525 0.591101 
20.161290 0.278154 0.540756 
20.120724 0.297632 0.490154 
20.080321 0.321674 0.440130 
20.040080 0.350705 0.392009 
20.000000 0.384468 0.347428 
19.960080 0.421847 0.307819 
19.920319 0.461175 0.273870 
19.880716 0.500836 0.245415 
19.841270 0.539664 0.221757 
19.801980 0.576994 0.202046 
19.762846 0.612530 0.185490 
19.723866 0.646195 0.171442 
19.685039 0.678033 0.159389 
19.646365 0.708141 0.148940 
19.607843 0.736639 0.139794 
19.569472 0.763650 0.131718 
19.531250 0.789292 0.124531 
19.493177 0.813676 0.118090 
19.455253 0.836903 0.112282 
19.417476 0.859063 0.107017 
19.379845 0.880240 0.102219 
19.342360 0.900506 0.097828 
19.305019 0.919929 0.093792 
19.267823 0.938568 0.090071 
19.230769 0.956478 0.086627 
19.193858 0.973707 0.083431 
19.157088 0.990299 0.080457 
19.120459 1.006295 0.077683 
19.083969 1.021731 0.075088 
19.047619 1.036641 0.072656 
19.011407 1.051056 0.070373 
18.975332 1.065004 0.068225 
18.939394 1.078510 0.066201 
18.903592 1.091599 0.064291 
18.867925 1.104293 0.062486 
18.832392 1.116611 0.060777 
18.796992 1.128574 0.059157 
18.761726 1.140198 0.057620 
18.726592 1.151500 0.056161 
18.691589 1.162495 0.054772 
18.656716 1.173198 0.053451 
18.621974 1.183622 0.052191 
18.587361 1.193779 0.050990 
18.552876 1.203681 0.049843 
18.518519 1.213340 0.048748 
18.484288 1.222765 0.047701 
18.450185 1.231966 0.046699 
18.416206 1.240953 0.045739 
18.382353 1.249733 0.044820 
18.348624 1.258316 0.043939 
18.315018 1.266709 0.043094 
18.281536 1.274920 0.042283 
18.248175 1.282955 0.041504 
18.214936 1.290820 0.040756 
18.181818 1.298523 0.040037 
18.148820 1.306070 0.039345 
18.115942 1.313465 0.038680 
18.083183 1.320714 0.038040 
18.050542 1.327822 0.037424 
18.018018 1.334795 0.036830 
17.985612 1.341637 0.036258 
17.953321 1.348352 0.035707 
17.921147 1.354945 0.035176 
17.889088 1.361419 0.034663 
17.857143 1.367779 0.034169 
17.825312 1.374028 0.033693 
17.793594 1.380170 0.033233 
17.761989 1.386209 0.032789 
17.730496 1.392147 0.032361 
17.699115 1.397988 0.031947 
17.667845 1.403734 0.031548 
17.636684 1.409389 0.031162 
17.605634 1.414956 0.030790 
17.574692 1.420436 0.030431 
17.543860 1.425834 0.030083 
17.513135 1.431150 0.029748 
17.482517 1.436388 0.029424 
17.452007 1.441550 0.029112 
17.421603 1.446638 0.028810 
17.391304 1.451655 0.028518 
17.361111 1.456602 0.028237 
17.331023 1.461481 0.027965 
17.301038 1.466294 0.027703 
17.271157 1.471043 0.027450 
17.241379 1.475731 0.027205 
17.211704 1.480358 0.026970 
17.182131 1.484926 0.026743 
17.152659 1.489437 0.026524 
17.123288 1.493893 0.026313 
17.094017 1.498295 0.026110 
17.064846 1.502645 0.025915 
17.035775 1.506943 0.025726 
17.006803 1.511192 0.025546 
16.977929 1.515393 0.025372 
16.949153 1.519547 0.025205 
16.920474 1.523655 0.025045 
16.891892 1.527719 0.024892 
16.863406 1.531740 0.024745 
16.835017 1.535719 0.024604 
16.806723 1.539657 0.024470 
16.778523 1.543555 0.024342 
16.750419 1.547415 0.024220 
16.722408 1.551237 0.024104 
16.694491 1.555022 0.023995 
16.666667 1.558772 0.023890 
16.638935 1.562487 0.023792 
16.611296 1.566169 0.023699 
16.583748 1.569818 0.023612 
16.556291 1.573435 0.023531 
16.528926 1.577022 0.023455 
16.501650 1.580578 0.023384 
16.474465 1.584106 0.023319 
16.447368 1.587605 0.023260 
16.420361 1.591076 0.023206 
16.393443 1.594521 0.023157 
16.366612 1.597941 0.023114 
16.339869 1.601335 0.023076 
16.313214 1.604704 0.023044 
16.286645 1.608050 0.023017 
16.260163 1.611374 0.022995 
16.233766 1.614675 0.022979 
16.207455 1.617955 0.022969 
16.181230 1.621214 0.022964 
16.155089 1.624453 0.022964 
16.129032 1.627672 0.022971 
16.103060 1.630873 0.022983 
16.077170 1.634056 0.023000 
16.051364 1.637222 0.023024 
16.025641 1.640371 0.023054 
16.000000 1.643504 0.023090 
15.974441 1.646622 0.023132 
15.948963 1.649724 0.023181 
15.923567 1.652813 0.023236 
15.898251 1.655888 0.023298 
15.873016 1.658950 0.023366 
15.847861 1.662000 0.023442 
15.822785 1.665039 0.023525 
15.797788 1.668066 0.023615 
15.772871 1.671083 0.023713 
15.748031 1.674090 0.023820 
15.723270 1.677087 0.023934 
15.698587 1.680076 0.024057 
15.673981 1.683058 0.024189 
15.649452 1.686031 0.024331 
15.625000 1.688998 0.024482 
15.600624 1.691959 0.024644 
15.576324 1.694914 0.024816 
15.552100 1.697864 0.024999 
15.527950 1.700810 0.025195 
15.503876 1.703753 0.025403 
15.479876 1.706692 0.025624 
15.455951 1.709629 0.025859 
15.432099 1.712563 0.026109 
15.408320 1.715497 0.026375 
15.384615 1.718430 0.026658 
15.360983 1.721363 0.026958 
15.337423 1.724297 0.027278 
15.313936 1.727232 0.027619 
15.290520 1.730168 0.027982 
15.267176 1.733107 0.028369 
15.243902 1.736049 0.028782 
15.220700 1.738994 0.029223 
15.197568 1.741942 0.029695 
15.174507 1.744895 0.030201 
15.151515 1.747852 0.030743 
15.128593 1.750813 0.031324 
15.105740 1.753777 0.031950 
15.082956 1.756746 0.032625 
15.060241 1.759717 0.033353 
15.037594 1.762691 0.034141 
15.015015 1.765664 0.034995 
14.992504 1.768635 0.035924 
14.970060 1.771599 0.036935 
14.947683 1.774553 0.038040 
14.925373 1.777490 0.039249 
14.903130 1.780401 0.040576 
14.880952 1.783274 0.042035 
14.858841 1.786094 0.043645 
14.836795 1.788839 0.045423 
14.814815 1.791480 0.047390 
14.792899 1.793981 0.049566 
14.771049 1.796289 0.051972 
14.749263 1.798339 0.054623 
14.727541 1.800043 0.057526 
14.705882 1.801289 0.060668 
14.684288 1.801937 0.064005 
14.662757 1.801826 0.067437 
14.641288 1.800786 0.070786 
14.619883 1.798673 0.073764 
14.598540 1.795440 0.075961 
14.577259 1.791225 0.076875 
14.556041 1.786437 0.076019 
14.534884 1.781760 0.073097 
14.513788 1.778020 0.068187 
14.492754 1.775927 0.061782 
14.471780 1.775843 0.054648 
14.450867 1.777719 0.047558 
14.430014 1.781208 0.041087 
14.409222 1.785849 0.035542 
14.388489 1.791206 0.031007 
14.367816 1.796935 0.027422 
14.347202 1.802802 0.024663 
14.326648 1.808656 0.022589 
14.306152 1.814413 0.021067 
14.285714 1.820032 0.019982 
14.265335 1.825496 0.019241 
14.245014 1.830807 0.018769 
14.224751 1.835974 0.018510 
14.204545 1.841010 0.018418 
14.184397 1.845931 0.018460 
14.164306 1.850753 0.018608 
14.144272 1.855490 0.018842 
14.124294 1.860156 0.019147 
14.104372 1.864766 0.019512 
14.084507 1.869330 0.019926 
14.064698 1.873860 0.020384 
14.044944 1.878366 0.020880 
14.025245 1.882857 0.021409 
14.005602 1.887341 0.021970 
13.986014 1.891826 0.022561 
13.966480 1.896319 0.023179 
13.947001 1.900827 0.023825 
13.927577 1.905356 0.024497 
13.908206 1.909912 0.025197 
13.888889 1.914502 0.025924 
13.869626 1.919130 0.026680 
13.850416 1.923802 0.027464 
13.831259 1.928523 0.028280 
13.812155 1.933299 0.029127 
13.793103 1.938136 0.030008 
13.774105 1.943037 0.030924 
13.755158 1.948009 0.031878 
13.736264 1.953057 0.032873 
13.717421 1.958187 0.033909 
13.698630 1.963404 0.034992 
13.679891 1.968714 0.036122 
13.661202 1.974124 0.037305 
13.642565 1.979639 0.038544 
13.623978 1.985267 0.039842 
13.605442 1.991014 0.041204 
13.586957 1.996887 0.042635 
13.568521 2.002895 0.044140 
13.550136 2.009045 0.045725 
13.531800 2.015347 0.047397 
13.513514 2.021808 0.049161 
13.495277 2.028439 0.051027 
13.477089 2.035250 0.053001 
13.458950 2.042251 0.055094 
13.440860 2.049456 0.057315 
13.422819 2.056875 0.059676 
13.404826 2.064523 0.062190 
13.386881 2.072413 0.064870 
13.368984 2.080561 0.067732 
13.351135 2.088983 0.070794 
13.333333 2.097697 0.074074 
13.315579 2.106722 0.077595 
13.297872 2.116077 0.081382 
13.280212 2.125785 0.085461 
13.262599 2.135869 0.089864 
13.245033 2.146353 0.094627 
13.227513 2.157265 0.099791 
13.210040 2.168632 0.105400 
13.192612 2.180486 0.111508 
13.175231 2.192857 0.118175 
13.157895 2.205781 0.125471 
13.140604 2.219292 0.133476 
13.123360 2.233426 0.142282 
13.106160 2.248221 0.151998 
13.089005 2.263713 0.162749 
13.071895 2.279937 0.174681 
13.054830 2.296923 0.187967 
13.037810 2.314697 0.202809 
13.020833 2.333272 0.219444 
13.003901 2.352643 0.238152 
12.987013 2.372782 0.259263 
12.970169 2.393620 0.283165 
12.953368 2.415035 0.310314 
12.936611 2.436824 0.341240 
12.919897 2.458672 0.376555 
12.903226 2.480106 0.416953 
12.886598 2.500433 0.463197 
12.870013 2.518666 0.516082 
12.853470 2.533433 0.576373 
12.836970 2.542883 0.644667 
12.820513 2.544612 0.721197 
12.804097 2.535671 0.805521 
12.787724 2.512724 0.896149 
12.771392 2.472459 0.990161 
12.755102 2.412295 1.083011 
12.738854 2.331290 1.168763 
12.722646 2.230923 1.240914 
12.706480 2.115314 1.293682 
12.690355 1.990614 1.323286 
12.674271 1.863755 1.328632 
12.658228 1.741116 1.311155 
12.642225 1.627624 1.274052 
12.626263 1.526478 1.221328 
12.610340 1.439335 1.157053 
12.594458 1.366704 1.084916 
12.578616 1.308348 1.008072 
12.562814 1.263577 0.929154 
12.547051 1.231429 0.850351 
12.531328 1.210752 0.773490 
12.515645 1.200231 0.700074 
12.500000 1.198411 0.631278 
12.484395 1.203747 0.567915 
12.468828 1.214691 0.510428 
12.453300 1.229787 0.458906 
12.437811 1.247758 0.413156 
12.422360 1.267553 0.372785 
12.406948 1.288349 0.337291 
12.391574 1.309534 0.306134 
12.376238 1.330673 0.278782 
12.360939 1.351466 0.254740 
12.345679 1.371718 0.233563 
12.330456 1.391310 0.214861 
12.315271 1.410176 0.198296 
12.300123 1.428287 0.183578 
12.285012 1.445639 0.170460 
12.269939 1.462245 0.158730 
12.254902 1.478129 0.148208 
12.239902 1.493322 0.138742 
12.224939 1.507856 0.130201 
12.210012 1.521768 0.122472 
12.195122 1.535093 0.115460 
12.180268 1.547866 0.109081 
12.165450 1.560121 0.103264 
12.150668 1.571891 0.097948 
12.135922 1.583207 0.093077 
12.121212 1.594096 0.088607 
12.106538 1.604587 0.084495 
12.091898 1.614705 0.080706 
12.077295 1.624473 0.077208 
12.062726 1.633913 0.073974 
12.048193 1.643047 0.070978 
12.033694 1.651893 0.068199 
12.019231 1.660469 0.065618 
12.004802 1.668792 0.063216 
11.990408 1.676877 0.060980 
11.976048 1.684738 0.058894 
11.961722 1.692389 0.056947 
11.947431 1.699843 0.055128 
11.933174 1.707110 0.053426 
11.918951 1.714203 0.051832 
11.904762 1.721130 0.050338 
11.890606 1.727902 0.048937 
11.876485 1.734527 0.047622 
11.862396 1.741014 0.046387 
11.848341 1.747370 0.045226 
11.834320 1.753604 0.044134 
11.820331 1.759721 0.043106 
11.806375 1.765728 0.042139 
11.792453 1.771632 0.041228 
11.778563 1.777438 0.040370 
11.764706 1.783152 0.039561 
11.750881 1.788778 0.038799 
11.737089 1.794322 0.038080 
11.723329 1.799788 0.037402 
11.709602 1.805181 0.036763 
11.695906 1.810504 0.036161 
11.682243 1.815762 0.035593 
11.668611 1.820958 0.035058 
11.655012 1.826096 0.034553 
11.641444 1.831179 0.034078 
11.627907 1.836210 0.033631 
11.614402 1.841193 0.033209 
11.600928 1.846130 0.032813 
11.587486 1.851024 0.032441 
11.574074 1.855878 0.032092 
11.560694 1.860694 0.031764 
11.547344 1.865475 0.031457 
11.534025 1.870223 0.031170 
11.520737 1.874940 0.030902 
11.507480 1.879629 0.030652 
11.494253 1.884292 0.030420 
11.481056 1.888930 0.030204 
11.467890 1.893546 0.030004 
11.454754 1.898141 0.029820 
11.441648 1.902718 0.029651 
11.428571 1.907277 0.029496 
11.415525 1.911821 0.029355 
11.402509 1.916352 0.029228 
11.389522 1.920871 0.029114 
11.376564 1.925379 0.029012 
11.363636 1.929878 0.028923 
11.350738 1.934370 0.028846 
11.337868 1.938856 0.028780 
11.325028 1.943337 0.028725 
11.312217 1.947814 0.028682 
11.299435 1.952290 0.028649 
11.286682 1.956765 0.028627 
11.273957 1.961241 0.028614 
11.261261 1.965719 0.028613 
11.248594 1.970200 0.028620 
11.235955 1.974686 0.028638 
11.223345 1.979177 0.028665 
11.210762 1.983675 0.028702 
11.198208 1.988181 0.028747 
11.185682 1.992696 0.028802 
11.173184 1.997221 0.028866 
11.160714 2.001758 0.028939 
11.148272 2.006308 0.029020 
11.135857 2.010871 0.029111 
11.123471 2.015449 0.029209 
11.111111 2.020043 0.029317 
11.098779 2.024653 0.029433 
11.086475 2.029283 0.029558 
11.074197 2.033931 0.029691 
11.061947 2.038600 0.029832 
11.049724 2.043290 0.029983 
11.037528 2.048002 0.030141 
11.025358 2.052739 0.030308 
11.013216 2.057500 0.030484 
11.001100 2.062287 0.030668 
10.989011 2.067101 0.030860 
10.976948 2.071943 0.031061 
10.964912 2.076814 0.031271 
10.952903 2.081716 0.031490 
10.940919 2.086649 0.031717 
10.928962 2.091615 0.031953 
10.917031 2.096614 0.032198 
10.905125 2.101649 0.032452 
10.893246 2.106720 0.032715 
10.881393 2.111829 0.032988 
10.869565 2.116976 0.033270 
10.857763 2.122163 0.033561 
10.845987 2.127391 0.033862 
10.834236 2.132662 0.034172 
10.822511 2.137976 0.034493 
10.810811 2.143336 0.034823 
10.799136 2.148742 0.035164 
10.787487 2.154196 0.035515 
10.775862 2.159699 0.035877 
10.764263 2.165253 0.036250 
10.752688 2.170858 0.036634 
10.741139 2.176518 0.037029 
10.729614 2.182232 0.037435 
10.718114 2.188003 0.037853 
10.706638 2.193832 0.038283 
10.695187 2.199721 0.038726 
10.683761 2.205672 0.039181 
10.672359 2.211685 0.039649 
10.660981 2.217764 0.040130 
10.649627 2.223909 0.040625 
10.638298 2.230122 0.041133 
10.626993 2.236406 0.041656 
10.615711 2.242762 0.042193 
10.604454 2.249192 0.042745 
10.593220 2.255698 0.043313 
10.582011 2.262283 0.043896 
10.570825 2.268947 0.044496 
10.559662 2.275695 0.045112 
10.548523 2.282527 0.045746 
10.537408 2.289446 0.046397 
10.526316 2.296454 0.047067 
10.515247 2.303554 0.047755 
10.504202 2.310749 0.048463 
10.493179 2.318041 0.049191 
10.482180 2.325432 0.049939 
10.471204 2.332926 0.050709 
10.460251 2.340525 0.051501 
10.449321 2.348232 0.052316 
10.438413 2.356050 0.053154 
10.427529 2.363983 0.054016 
10.416667 2.372034 0.054904 
10.405827 2.380205 0.055818 
10.395010 2.388501 0.056759 
10.384216 2.396924 0.057727 
10.373444 2.405480 0.058725 
10.362694 2.414171 0.059753 
10.351967 2.423001 0.060812 
10.341262 2.431976 0.061903 
10.330579 2.441098 0.063028 
10.319917 2.450372 0.064188 
10.309278 2.459804 0.065384 
10.298661 2.469398 0.066618 
10.288066 2.479158 0.067891 
10.277492 2.489090 0.069205 
10.266940 2.499200 0.070561 
10.256410 2.509492 0.071962 
10.245902 2.519973 0.073409 
10.235415 2.530649 0.074905 
10.224949 2.541527 0.076450 
10.214505 2.552612 0.078049 
10.204082 2.563911 0.079702 
10.193680 2.575433 0.081412 
10.183299 2.587183 0.083183 
10.172940 2.599171 0.085016 
10.162602 2.611404 0.086915 
10.152284 2.623891 0.088883 
10.141988 2.636641 0.090923 
10.131712 2.649662 0.093039 
10.121457 2.662966 0.095235 
10.111223 2.676562 0.097514 
10.101010 2.690460 0.099881 
10.090817 2.704674 0.102340 
10.080645 2.719213 0.104897 
10.070493 2.734091 0.107557 
10.060362 2.749320 0.110324 
10.050251 2.764915 0.113206 
10.040161 2.780890 0.116208 
10.030090 2.797261 0.119337 
10.020040 2.814043 0.122601 
10.010010 2.831254 0.126008 
10.000000 2.848911 0.129565 
9.990010 2.867034 0.133283 
9.980040 2.885642 0.137172 
9.970090 2.904757 0.141241 
9.960159 2.924402 0.145502 
9.950249 2.944599 0.149968 
9.940358 2.965376 0.154653 
9.930487 2.986758 0.159571 
9.920635 3.008774 0.164738 
9.910803 3.031454 0.170172 
9.900990 3.054831 0.175891 
9.891197 3.078940 0.181916 
9.881423 3.103817 0.188270 
9.871668 3.129502 0.194978 
9.861933 3.156036 0.202067 
9.852217 3.183464 0.209568 
9.842520 3.211836 0.217512 
9.832842 3.241201 0.225936 
9.823183 3.271616 0.234882 
9.813543 3.303140 0.244393 
9.803922 3.335838 0.254520 
9.794319 3.369777 0.265317 
9.784736 3.405033 0.276847 
9.775171 3.441685 0.289178 
9.765625 3.479819 0.302388 
9.756098 3.519529 0.316565 
9.746589 3.560915 0.331807 
9.737098 3.604086 0.348225 
9.727626 3.649160 0.365945 
9.718173 3.696264 0.385111 
9.708738 3.745535 0.405889 
9.699321 3.797122 0.428465 
9.689922 3.851186 0.453056 
9.680542 3.907898 0.479913 
9.671180 3.967444 0.509325 
9.661836 4.030020 0.541628 
9.652510 4.095837 0.577216 
9.643202 4.165114 0.616550 
9.633911 4.238077 0.660171 
9.624639 4.314958 0.708722 
9.615385 4.395981 0.762961 
9.606148 4.481354 0.823794 
9.596929 4.571250 0.892300 
9.587728 4.665776 0.969773 
9.578544 4.764934 1.057759 
9.569378 4.868554 1.158112 
9.560229 4.976206 1.273046 
9.551098 5.087057 1.405182 
9.541985 5.199684 1.557588 
9.532888 5.311795 1.733767 
9.523810 5.419859 1.937565 
9.514748 5.518643 2.172895 
9.505703 5.600680 2.443191 
9.496676 5.655830 2.750400 
9.487666 5.671222 3.093436 
9.478673 5.632107 3.466159 
9.469697 5.524201 3.855471 
9.460738 5.337696 4.240763 
9.451796 5.071872 4.596209 
9.442871 4.737879 4.896300 
9.433962 4.357293 5.122588 
9.425071 3.956549 5.268086 
9.416196 3.560226 5.337131 
9.407338 3.186514 5.341663 
9.398496 2.846006 5.296592 
9.389671 2.542880 5.216307 
9.380863 2.276957 5.112874 
9.372071 2.045599 4.995567 
9.363296 1.845072 4.871094 
9.354537 1.671387 4.744095 
9.345794 1.520742 4.617663 
9.337068 1.389727 4.493779 
9.328358 1.275381 4.373651 
9.319664 1.175184 4.257961 
9.310987 1.087015 4.147042 
9.302326 1.009096 4.040992 
9.293680 0.939942 3.939766 
9.285051 0.878312 3.843223 
9.276438 0.823167 3.751170 
9.267841 0.773634 3.663384 
9.259259 0.728979 3.579630 
9.250694 0.688580 3.499671 
9.242144 0.651911 3.423272 
9.233610 0.618524 3.350211 
9.225092 0.588034 3.280274 
9.216590 0.560113 3.213261 
9.208103 0.534477 3.148984 
9.199632 0.510880 3.087269 
9.191176 0.489108 3.027952 
9.182736 0.468977 2.970884 
9.174312 0.450324 2.915923 
9.165903 0.433005 2.862940 
9.157509 0.416897 2.811815 
9.149131 0.401888 2.762437 
9.140768 0.387880 2.714703 
9.132420 0.374786 2.668517 
9.124088 0.362530 2.623790 
9.115770 0.351041 2.580439 
9.107468 0.340260 2.538389 
9.099181 0.330129 2.497567 
9.090909 0.320600 2.457907 
9.082652 0.311628 2.419348 
9.074410 0.303173 2.381831 
9.066183 0.295198 2.345302 
9.057971 0.287672 2.309710 
9.049774 0.280564 2.275009 
9.041591 0.273847 2.241154 
9.033424 0.267498 2.208103 
9.025271 0.261495 2.175816 
9.017133 0.255817 2.144257 
9.009009 0.250446 2.113392 
9.000900 0.245368 2.083187 
8.992806 0.240566 2.053611 
8.984726 0.236028 2.024636 
8.976661 0.231742 1.996234 
8.968610 0.227697 1.968378 
8.960573 0.223885 1.941045 
8.952551 0.220296 1.914211 
8.944544 0.216925 1.887854 
8.936550 0.213765 1.861954 
8.928571 0.210810 1.836490 
8.920607 0.208057 1.811444 
8.912656 0.205504 1.786800 
8.904720 0.203146 1.762540 
8.896797 0.200985 1.738650 
8.888889 0.199018 1.715116 
8.880995 0.197247 1.691925 
8.873114 0.195674 1.669065 
8.865248 0.194301 1.646527 
8.857396 0.193130 1.624302 
8.849558 0.192167 1.602382 
8.841733 0.191416 1.580763 
8.833922 0.190884 1.559439 
8.826125 0.190576 1.538411 
8.818342 0.190499 1.517679 
8.810573 0.190661 1.497246 
8.802817 0.191069 1.477119 
8.795075 0.191728 1.457307 
8.787346 0.192645 1.437824 
8.779631 0.193823 1.418688 
8.771930 0.195264 1.399917 
8.764242 0.196965 1.381538 
8.756567 0.198921 1.363578 
8.748906 0.201119 1.346070 
8.741259 0.203538 1.329046 
8.733624 0.206151 1.312543 
8.726003 0.208920 1.296593 
8.718396 0.211797 1.281228 
8.710801 0.214724 1.266472 
8.703220 0.217631 1.252342 
8.695652 0.220443 1.238841 
8.688097 0.223077 1.225956 
8.680556 0.225451 1.213658 
8.673027 0.227484 1.201899 
8.665511 0.229104 1.190615 
8.658009 0.230254 1.179724 
8.650519 0.230892 1.169134 
8.643042 0.230998 1.158745 
8.635579 0.230570 1.148459 
8.628128 0.229630 1.138179 
8.620690 0.228214 1.127820 
8.613264 0.226372 1.117307 
8.605852 0.224167 1.106582 
8.598452 0.221663 1.095603 
8.591065 0.218927 1.084340 
8.583691 0.216023 1.072781 
8.576329 0.213012 1.060921 
8.568980 0.209948 1.048766 
8.561644 0.206877 1.036330 
8.554320 0.203839 1.023629 
8.547009 0.200868 1.010683 
8.539710 0.197988 0.997515 
8.532423 0.195221 0.984146 
8.525149 0.192583 0.970596 
8.517888 0.190083 0.956885 
8.510638 0.187731 0.943031 
8.503401 0.185531 0.929051 
8.496177 0.183487 0.914958 
8.488964 0.181600 0.900764 
8.481764 0.179870 0.886480 
8.474576 0.178296 0.872114 
8.467401 0.176878 0.857672 
8.460237 0.175615 0.843161 
8.453085 0.174504 0.828583 
8.445946 0.173546 0.813941 
8.438819 0.172738 0.799236 
8.431703 0.172081 0.784469 
8.424600 0.171574 0.769639 
8.417508 0.171217 0.754743 
8.410429 0.171013 0.739779 
8.403361 0.170963 0.724745 
8.396306 0.171070 0.709635 
8.389262 0.171338 0.694446 
8.382230 0.171771 0.679172 
8.375209 0.172375 0.663807 
8.368201 0.173157 0.648347 
8.361204 0.174127 0.632783 
8.354219 0.175294 0.617109 
8.347245 0.176670 0.601318 
8.340284 0.178270 0.585404 
8.333333 0.180108 0.569359 
8.326395 0.182205 0.553176 
8.319468 0.184582 0.536851 
8.312552 0.187263 0.520377 
8.305648 0.190278 0.503753 
8.298755 0.193658 0.486976 
8.291874 0.197440 0.470050 
8.285004 0.201666 0.452981 
8.278146 0.206380 0.435782 
8.271299 0.211633 0.418474 
8.264463 0.217478 0.401087 
8.257638 0.223970 0.383664 
8.250825 0.231161 0.366264 
8.244023 0.239102 0.348959 
8.237232 0.247829 0.331841 
8.230453 0.257363 0.315018 
8.223684 0.267703 0.298607 
8.216927 0.278818 0.282732 
8.210181 0.290646 0.267512 
8.203445 0.303097 0.253049 
8.196721 0.316057 0.239421 
8.190008 0.329402 0.226677 
8.183306 0.343004 0.214834 
8.176615 0.356742 0.203880 
8.169935 0.370509 0.193784 
8.163265 0.384215 0.184495 
8.156607 0.397788 0.175957 
8.149959 0.411173 0.168107 
8.143322 0.424329 0.160884 
8.136697 0.437229 0.154228 
8.130081 0.449854 0.148084 
8.123477 0.462193 0.142401 
8.116883 0.474242 0.137133 
8.110300 0.486000 0.132238 
8.103728 0.497471 0.127680 
8.097166 0.508658 0.123427 
8.090615 0.519569 0.119448 
8.084074 0.530210 0.115719 
8.077544 0.540591 0.112217 
8.071025 0.550720 0.108921 
8.064516 0.560604 0.105813 
8.058018 0.570254 0.102878 
8.051530 0.579677 0.100101 
8.045052 0.588881 0.097470 
8.038585 0.597876 0.094972 
8.032129 0.606668 0.092599 
8.025682 0.615264 0.090340 
8.019246 0.623673 0.088186 
8.012821 0.631901 0.086132 
8.006405 0.639955 0.084169 
8.000000 0.647840 0.082292 
7.993605 0.655563 0.080494 
7.987220 0.663129 0.078772 
7.980846 0.670545 0.077119 
7.974482 0.677815 0.075532 
7.968127 0.684943 0.074006 
7.961783 0.691935 0.072539 
7.955449 0.698796 0.071126 
7.949126 0.705529 0.069765 
7.942812 0.712139 0.068453 
7.936508 0.718629 0.067187 
7.930214 0.725003 0.065964 
7.923930 0.731265 0.064783 
7.917656 0.737418 0.063641 
7.911392 0.743466 0.062536 
7.905138 0.749411 0.061466 
7.898894 0.755257 0.060431 
7.892660 0.761006 0.059427 
7.886435 0.766661 0.058454 
7.880221 0.772225 0.057510 
7.874016 0.777700 0.056594 
7.867821 0.783089 0.055705 
7.861635 0.788393 0.054841 
7.855460 0.793616 0.054002 
7.849294 0.798759 0.053186 
7.843137 0.803825 0.052392 
7.836991 0.808815 0.051619 
7.830854 0.813731 0.050868 
7.824726 0.818576 0.050136 
7.818608 0.823350 0.049423 
7.812500 0.828056 0.048728 
7.806401 0.832696 0.048050 
7.800312 0.837270 0.047390 
7.794232 0.841780 0.046746 
7.788162 0.846229 0.046118 
7.782101 0.850617 0.045504 
7.776050 0.854945 0.044905 
7.770008 0.859216 0.044321 
7.763975 0.863430 0.043749 
7.757952 0.867588 0.043191 
7.751938 0.871692 0.042646 
7.745933 0.875744 0.042113 
7.739938 0.879743 0.041591 
7.733952 0.883692 0.041081 
7.727975 0.887591 0.040582 
7.722008 0.891441 0.040094 
7.716049 0.895243 0.039616 
7.710100 0.898999 0.039148 
7.704160 0.902709 0.038690 
7.698229 0.906375 0.038241 
7.692308 0.909996 0.037802 
7.686395 0.913574 0.037371 
7.680492 0.917110 0.036949 
7.674597 0.920605 0.036535 
7.668712 0.924059 0.036130 
7.662835 0.927473 0.035732 
7.656968 0.930848 0.035342 
7.651109 0.934185 0.034960 
7.645260 0.937484 0.034584 
7.639419 0.940746 0.034216 
7.633588 0.943972 0.033854 
7.627765 0.947162 0.033500 
7.621951 0.950317 0.033151 
7.616146 0.953438 0.032809 
7.610350 0.956525 0.032473 
7.604563 0.959579 0.032143 
7.598784 0.962601 0.031819 
7.593014 0.965590 0.031501 
7.587253 0.968548 0.031188 
7.581501 0.971475 0.030881 
7.575758 0.974372 0.030578 
7.570023 0.977238 0.030281 
7.564297 0.980076 0.029989 
7.558579 0.982884 0.029702 
7.552870 0.985664 0.029420 
7.547170 0.988416 0.029142 
7.541478 0.991140 0.028869 
7.535795 0.993837 0.028600 
7.530120 0.996508 0.028335 
7.524454 0.999153 0.028075 
7.518797 1.001771 0.027819 
7.513148 1.004364 0.027567 
7.507508 1.006933 0.027318 
7.501875 1.009476 0.027074 
7.496252 1.011996 0.026834 
7.490637 1.014491 0.026597 
7.485030 1.016963 0.026363 
7.479432 1.019412 0.026134 
7.473842 1.021838 0.025907 
7.468260 1.024241 0.025684 
7.462687 1.026623 0.025465 
7.457122 1.028982 0.025248 
7.451565 1.031320 0.025035 
7.446016 1.033637 0.024825 
7.440476 1.035933 0.024618 
7.434944 1.038208 0.024414 
7.429421 1.040463 0.024213 
7.423905 1.042698 0.024014 
7.418398 1.044914 0.023819 
7.412898 1.047110 0.023626 
7.407407 1.049286 0.023436 
7.401925 1.051444 0.023248 
7.396450 1.053583 0.023063 
7.390983 1.055704 0.022881 
7.385524 1.057807 0.022701 
7.380074 1.059892 0.022523 
7.374631 1.061959 0.022348 
7.369197 1.064008 0.022175 
7.363770 1.066041 0.022005 
7.358352 1.068056 0.021836 
7.352941 1.070055 0.021670 
7.347539 1.072037 0.021507 
7.342144 1.074003 0.021345 
7.336757 1.075953 0.021185 
7.331378 1.077887 0.021027 
7.326007 1.079806 0.020872 
7.320644 1.081708 0.020718 
7.315289 1.083596 0.020566 
7.309942 1.085468 0.020417 
7.304602 1.087326 0.020269 
7.299270 1.089169 0.020122 
7.293946 1.090997 0.019978 
7.288630 1.092811 0.019836 
7.283321 1.094611 0.019695 
7.278020 1.096397 0.019556 
7.272727 1.098169 0.019418 
7.267442 1.099927 0.019282 
7.262164 1.101672 0.019148 
7.256894 1.103403 0.019016 
7.251632 1.105121 0.018885 
7.246377 1.106827 0.018755 
7.241130 1.108519 0.018627 
7.235890 1.110199 0.018501 
7.230658 1.111866 0.018376 
7.225434 1.113521 0.018253 
7.220217 1.115163 0.018130 
7.215007 1.116793 0.018010 
7.209805 1.118412 0.017890 
7.204611 1.120018 0.017773 
7.199424 1.121613 0.017656 
7.194245 1.123196 0.017541 
7.189073 1.124768 0.017427 
7.183908 1.126328 0.017314 
7.178751 1.127878 0.017202 
7.173601 1.129416 0.017092 
7.168459 1.130943 0.016983 
7.163324 1.132459 0.016875 
7.158196 1.133965 0.016768 
7.153076 1.135460 0.016663 
7.147963 1.136945 0.016558 
7.142857 1.138419 0.016455 
7.137759 1.139883 0.016353 
7.132668 1.141337 0.016252 
7.127584 1.142781 0.016152 
7.122507 1.144215 0.016053 
7.117438 1.145639 0.015955 
7.112376 1.147053 0.015858 
7.107321 1.148458 0.015762 
7.102273 1.149854 0.015667 
7.097232 1.151239 0.015573 
7.092199 1.152616 0.015480 
7.087172 1.153983 0.015388 
7.082153 1.155342 0.015297 
7.077141 1.156691 0.015207 
7.072136 1.158031 0.015117 
7.067138 1.159363 0.015029 
7.062147 1.160686 0.014941 
7.057163 1.162000 0.014855 
7.052186 1.163305 0.014769 
7.047216 1.164602 0.014684 
7.042254 1.165891 0.014600 
7.037298 1.167172 0.014517 
7.032349 1.168444 0.014434 
7.027407 1.169708 0.014353 
7.022472 1.170964 0.014272 
7.017544 1.172212 0.014192 
7.012623 1.173452 0.014113 
7.007708 1.174684 0.014034 
7.002801 1.175908 0.013956 
6.997901 1.177125 0.013879 
6.993007 1.178334 0.013803 
6.988120 1.179536 0.013727 
6.983240 1.180730 0.013652 
6.978367 1.181917 0.013578 
6.973501 1.183096 0.013505 
6.968641 1.184269 0.013432 
6.963788 1.185434 0.013360 
6.958942 1.186592 0.013288 
6.954103 1.187742 0.013217 
6.949270 1.188886 0.013147 
6.944444 1.190023 0.013078 
6.939625 1.191154 0.013009 
6.934813 1.192277 0.012941 
6.930007 1.193394 0.012873 
6.925208 1.194504 0.012806 
6.920415 1.195607 0.012739 
6.915629 1.196704 0.012674 
6.910850 1.197794 0.012608 
6.906077 1.198878 0.012544 
6.901311 1.199956 0.012479 
6.896552 1.201027 0.012416 
6.891799 1.202092 0.012353 
6.887052 1.203151 0.012290 
6.882312 1.204204 0.012228 
6.877579 1.205250 0.012167 
6.872852 1.206291 0.012106 
6.868132 1.207326 0.012046 
6.863418 1.208354 0.011986 
6.858711 1.209377 0.011927 
6.854010 1.210394 0.011868 
6.849315 1.211406 0.011810 
6.844627 1.212411 0.011752 
6.839945 1.213411 0.011695 
6.835270 1.214405 0.011638 
6.830601 1.215394 0.011581 
6.825939 1.216377 0.011525 
6.821282 1.217355 0.011470 
6.816633 1.218327 0.011415 
6.811989 1.219294 0.011361 
6.807352 1.220255 0.011306 
6.802721 1.221212 0.011253 
6.798097 1.222163 0.011200 
6.793478 1.223109 0.011147 
6.788866 1.224049 0.011095 
6.784261 1.224985 0.011043 
6.779661 1.225915 0.010991 
6.775068 1.226841 0.010940 
6.770481 1.227761 0.010889 
6.765900 1.228677 0.010839 
6.761325 1.229587 0.010789 
6.756757 1.230493 0.010740 
6.752194 1.231394 0.010691 
6.747638 1.232290 0.010642 
6.743088 1.233181 0.010594 
6.738544 1.234068 0.010546 
6.734007 1.234950 0.010498 
6.729475 1.235827 0.010451 
6.724950 1.236700 0.010404 
6.720430 1.237568 0.010358 
6.715917 1.238432 0.010312 
6.711409 1.239291 0.010266 
6.706908 1.240146 0.010221 
6.702413 1.240996 0.010176 
6.697924 1.241842 0.010131 
6.693440 1.242683 0.010087 
6.688963 1.243521 0.010043 
6.684492 1.244354 0.009999 
6.680027 1.245182 0.009955 
6.675567 1.246007 0.009912 
6.671114 1.246827 0.009870 
6.666667 1.247643 0.009827 
6.662225 1.248455 0.009785 
6.657790 1.249263 0.009743 
6.653360 1.250067 0.009702 
6.648936 1.250867 0.009661 
6.644518 1.251663 0.009620 
6.640106 1.252455 0.009579 
6.635700 1.253243 0.009539 
6.631300 1.254027 0.009499 
6.626905 1.254807 0.009460 
6.622517 1.255584 0.009420 
6.618134 1.256356 0.009381 
6.613757 1.257125 0.009342 
6.609385 1.257890 0.009304 
6.605020 1.258651 0.009265 
6.600660 1.259409 0.009227 
6.596306 1.260163 0.009190 
6.591958 1.260913 0.009152 
6.587615 1.261660 0.009115 
6.583278 1.262403 0.009078 
6.578947 1.263142 0.009041 
6.574622 1.263878 0.009005 
6.570302 1.264611 0.008969 
6.565988 1.265339 0.008933 
6.561680 1.266065 0.008897 
6.557377 1.266787 0.008862 
6.553080 1.267506 0.008827 
6.548788 1.268221 0.008792 
6.544503 1.268933 0.008757 
6.540222 1.269641 0.008723 
6.535948 1.270346 0.008689 
6.531679 1.271048 0.008655 
6.527415 1.271747 0.008621 
6.523157 1.272442 0.008587 
6.518905 1.273134 0.008554 
6.514658 1.273823 0.008521 
6.510417 1.274509 0.008488 
6.506181 1.275192 0.008455 
6.501951 1.275871 0.008423 
6.497726 1.276547 0.008391 
6.493506 1.277221 0.008359 
6.489293 1.277891 0.008327 
6.485084 1.278558 0.008296 
6.480881 1.279222 0.008264 
6.476684 1.279883 0.008233 
6.472492 1.280541 0.008202 
6.468305 1.281196 0.008171 
6.464124 1.281848 0.008141 
6.459948 1.282498 0.008111 
6.455778 1.283144 0.008080 
6.451613 1.283788 0.008051 
6.447453 1.284428 0.008021 
6.443299 1.285066 0.007991 
6.439150 1.285701 0.007962 
6.435006 1.286333 0.007933 
6.430868 1.286962 0.007904 
6.426735 1.287589 0.007875 
6.422608 1.288212 0.007846 
6.418485 1.288834 0.007818 
6.414368 1.289452 0.007790 
6.410256 1.290067 0.007762 
6.406150 1.290680 0.007734 
6.402049 1.291291 0.007706 
6.397953 1.291898 0.007678 
6.393862 1.292503 0.007651 
6.389776 1.293106 0.007624 
6.385696 1.293705 0.007597 
6.381621 1.294303 0.007570 
6.377551 1.294897 0.007543 
6.373486 1.295489 0.007517 
6.369427 1.296079 0.007490 
6.365372 1.296666 0.007464 
6.361323 1.297251 0.007438 
6.357279 1.297833 0.007412 
6.353240 1.298412 0.007386 
6.349206 1.298990 0.007361 
6.345178 1.299564 0.007335 
6.341154 1.300137 0.007310 
6.337136 1.300706 0.007285 
6.333122 1.301274 0.007260 
6.329114 1.301839 0.007235 
6.325111 1.302402 0.007211 
6.321113 1.302962 0.007186 
6.317119 1.303521 0.007162 
6.313131 1.304076 0.007137 
6.309148 1.304630 0.007113 
6.305170 1.305181 0.007089 
6.301197 1.305730 0.007066 
6.297229 1.306277 0.007042 
6.293266 1.306821 0.007018 
6.289308 1.307363 0.006995 
6.285355 1.307903 0.006972 
6.281407 1.308441 0.006949 
6.277464 1.308977 0.006926 
6.273526 1.309510 0.006903 
6.269592 1.310042 0.006880 
6.265664 1.310571 0.006858 
6.261741 1.311098 0.006835 
6.257822 1.311623 0.006813 
6.253909 1.312145 0.006791 
6.250000 1.312666 0.006769 