1.000000E+04 2.081052E+00 2.270956E-05
2.542288E+03 2.081078E+00 8.933955E-05
1.456255E+03 2.081133E+00 1.560135E-04
1.020367E+03 2.081218E+00 2.227642E-04
7.853078E+02 2.081334E+00 2.896246E-04
6.382713E+02 2.081479E+00 3.566279E-04
5.376119E+02 2.081655E+00 4.238073E-04
4.643765E+02 2.081861E+00 4.911964E-04
4.087019E+02 2.082098E+00 5.588291E-04
3.649479E+02 2.082365E+00 6.267395E-04
3.296561E+02 2.082662E+00 6.949624E-04
3.005883E+02 2.082991E+00 7.635327E-04
2.762311E+02 2.083350E+00 8.324861E-04
2.555255E+02 2.083741E+00 9.018588E-04
2.377076E+02 2.084163E+00 9.716874E-04
2.222125E+02 2.084617E+00 1.042010E-03
2.086140E+02 2.085102E+00 1.112863E-03
1.965838E+02 2.085620E+00 1.184288E-03
1.858655E+02 2.086169E+00 1.256323E-03
1.762555E+02 2.086752E+00 1.329009E-03
1.675904E+02 2.087367E+00 1.402389E-03
1.597374E+02 2.088016E+00 1.476506E-03
1.525874E+02 2.088698E+00 1.551403E-03
1.460501E+02 2.089414E+00 1.627126E-03
1.400499E+02 2.090165E+00 1.703721E-03
1.345233E+02 2.090950E+00 1.781238E-03
1.294162E+02 2.091771E+00 1.859726E-03
1.246828E+02 2.092627E+00 1.939237E-03
1.202834E+02 2.093519E+00 2.019824E-03
1.161839E+02 2.094448E+00 2.101543E-03
1.123546E+02 2.095414E+00 2.184450E-03
1.087697E+02 2.096418E+00 2.268606E-03
1.054065E+02 2.097460E+00 2.354073E-03
1.022450E+02 2.098542E+00 2.440916E-03
9.926760E+01 2.099662E+00 2.529202E-03
9.645880E+01 2.100823E+00 2.619001E-03
9.380449E+01 2.102025E+00 2.710387E-03
9.129235E+01 2.103269E+00 2.803439E-03
8.891133E+01 2.104555E+00 2.898236E-03
8.665128E+01 2.105885E+00 2.994863E-03
8.450328E+01 2.107258E+00 3.093411E-03
8.245927E+01 2.108677E+00 3.193974E-03
8.051173E+01 2.110142E+00 3.296651E-03
7.865413E+01 2.111655E+00 3.401549E-03
7.688026E+01 2.113215E+00 3.508777E-03
7.518463E+01 2.114825E+00 3.618457E-03
7.356224E+01 2.116485E+00 3.730713E-03
7.200834E+01 2.118196E+00 3.845680E-03
7.051873E+01 2.119961E+00 3.963503E-03
6.908954E+01 2.121780E+00 4.084336E-03
6.771709E+01 2.123655E+00 4.208346E-03
6.639811E+01 2.125588E+00 4.335713E-03
6.512957E+01 2.127580E+00 4.466630E-03
6.390854E+01 2.129632E+00 4.601310E-03
6.273250E+01 2.131747E+00 4.739984E-03
6.159892E+01 2.133927E+00 4.882905E-03
6.050558E+01 2.136173E+00 5.030352E-03
5.945042E+01 2.138488E+00 5.182636E-03
5.843139E+01 2.140875E+00 5.340103E-03
5.744670E+01 2.143336E+00 5.503139E-03
5.649469E+01 2.145874E+00 5.672186E-03
5.557368E+01 2.148492E+00 5.847742E-03
5.468222E+01 2.151194E+00 6.030385E-03
5.381894E+01 2.153982E+00 6.220782E-03
5.298246E+01 2.156862E+00 6.419718E-03
5.217162E+01 2.159837E+00 6.628124E-03
5.138519E+01 2.162913E+00 6.847120E-03
5.062212E+01 2.166096E+00 7.078068E-03
4.988141E+01 2.169392E+00 7.322654E-03
4.916203E+01 2.172808E+00 7.582995E-03
4.846311E+01 2.176354E+00 7.861799E-03
4.778381E+01 2.180040E+00 8.162603E-03
4.712327E+01 2.183878E+00 8.490122E-03
4.648073E+01 2.187885E+00 8.850805E-03
4.585551E+01 2.192078E+00 9.253726E-03
4.524686E+01 2.196484E+00 9.712081E-03
4.465418E+01 2.201134E+00 1.024581E-02
4.407680E+01 2.206072E+00 1.088648E-02
4.351417E+01 2.211356E+00 1.168676E-02
4.296574E+01 2.217068E+00 1.273983E-02
4.243094E+01 2.223309E+00 1.422002E-02
4.190929E+01 2.230171E+00 1.646364E-02
4.140032E+01 2.237600E+00 2.009553E-02
4.090356E+01 2.244979E+00 2.606882E-02
4.041857E+01 2.250465E+00 3.510551E-02
3.994497E+01 2.251105E+00 4.605844E-02
3.948232E+01 2.245276E+00 5.470137E-02
3.903027E+01 2.235839E+00 5.611214E-02
3.858846E+01 2.229008E+00 4.955368E-02
3.815654E+01 2.228872E+00 3.938446E-02
3.773418E+01 2.234633E+00 3.047897E-02
3.732106E+01 2.243257E+00 2.467365E-02
3.691689E+01 2.252562E+00 2.145236E-02
3.652140E+01 2.261733E+00 1.981287E-02
3.613427E+01 2.270656E+00 1.905402E-02
3.575526E+01 2.279422E+00 1.879341E-02
3.538414E+01 2.288146E+00 1.883473E-02
3.502063E+01 2.296923E+00 1.907556E-02
3.466451E+01 2.305829E+00 1.946025E-02
3.431557E+01 2.314926E+00 1.995742E-02
3.397358E+01 2.324263E+00 2.054908E-02
3.363834E+01 2.333885E+00 2.122513E-02
3.330965E+01 2.343833E+00 2.198044E-02
3.298732E+01 2.354147E+00 2.281324E-02
3.267118E+01 2.364866E+00 2.372423E-02
3.236102E+01 2.376030E+00 2.471606E-02
3.205671E+01 2.387680E+00 2.579301E-02
3.175807E+01 2.399862E+00 2.696096E-02
3.146494E+01 2.412624E+00 2.822729E-02
3.117716E+01 2.426017E+00 2.960102E-02
3.089462E+01 2.440101E+00 3.109297E-02
3.061713E+01 2.454938E+00 3.271600E-02
3.034460E+01 2.470603E+00 3.448537E-02
3.007687E+01 2.487174E+00 3.641923E-02
2.981382E+01 2.504747E+00 3.853917E-02
2.955534E+01 2.523425E+00 4.087116E-02
2.930130E+01 2.543332E+00 4.344655E-02
2.905158E+01 2.564611E+00 4.630363E-02
2.880610E+01 2.587428E+00 4.948965E-02
2.856472E+01 2.611983E+00 5.306373E-02
2.832735E+01 2.638515E+00 5.710094E-02
2.809390E+01 2.667315E+00 6.169834E-02
2.786427E+01 2.698743E+00 6.698410E-02
2.763836E+01 2.733248E+00 7.313171E-02
2.741608E+01 2.771410E+00 8.038304E-02
2.719734E+01 2.813986E+00 8.908772E-02
2.698208E+01 2.861995E+00 9.977399E-02
2.677019E+01 2.916851E+00 1.132856E-01
2.656160E+01 2.980571E+00 1.310667E-01
2.635624E+01 3.056089E+00 1.558050E-01
2.615403E+01 3.147520E+00 1.929596E-01
2.595489E+01 3.259354E+00 2.542891E-01
2.575878E+01 3.390178E+00 3.639631E-01
2.556559E+01 3.512050E+00 5.585778E-01
2.537529E+01 3.545383E+00 8.514433E-01
2.518780E+01 3.394455E+00 1.162982E+00
2.500306E+01 3.064716E+00 1.324227E+00
2.482101E+01 2.727026E+00 1.217607E+00
2.464159E+01 2.597571E+00 9.300983E-01
2.446474E+01 2.701750E+00 6.854862E-01
2.429042E+01 2.900445E+00 5.734152E-01
2.411856E+01 3.113641E+00 5.574064E-01
2.394912E+01 3.330141E+00 6.038461E-01
2.378204E+01 3.557446E+00 7.048869E-01
2.361728E+01 3.803617E+00 8.721708E-01
2.345478E+01 4.069362E+00 1.136738E+00
2.329451E+01 4.331239E+00 1.554555E+00
2.313641E+01 4.496029E+00 2.198443E+00
2.298044E+01 4.338095E+00 3.057054E+00
2.282656E+01 3.658372E+00 3.809744E+00
2.267473E+01 2.725034E+00 4.061439E+00
2.252491E+01 1.954769E+00 3.899812E+00
2.237705E+01 1.435726E+00 3.588702E+00
2.223111E+01 1.098701E+00 3.263474E+00
2.208708E+01 8.749600E-01 2.965424E+00
2.194489E+01 7.210058E-01 2.701327E+00
2.180453E+01 6.113511E-01 2.468056E+00
2.166595E+01 5.309581E-01 2.260478E+00
2.152911E+01 4.706940E-01 2.073705E+00
2.139400E+01 4.248347E-01 1.903602E+00
2.126057E+01 3.896994E-01 1.746773E+00
2.112880E+01 3.628890E-01 1.600423E+00
2.099865E+01 3.428578E-01 1.462214E+00
2.087009E+01 3.286776E-01 1.330129E+00
2.074310E+01 3.199284E-01 1.202363E+00
2.061764E+01 3.166955E-01 1.077235E+00
2.049369E+01 3.196843E-01 9.531490E-01
2.037122E+01 3.305098E-01 8.286639E-01
2.025022E+01 3.522204E-01 7.029287E-01
2.013063E+01 3.897961E-01 5.771702E-01
2.001246E+01 4.485898E-01 4.578911E-01
1.989566E+01 5.271546E-01 3.572947E-01
1.978021E+01 6.135101E-01 2.826372E-01
1.966610E+01 6.962779E-01 2.301216E-01
1.955330E+01 7.710982E-01 1.926668E-01
1.944178E+01 8.376504E-01 1.649742E-01
1.933153E+01 8.968457E-01 1.437539E-01
1.922252E+01 9.497716E-01 1.269969E-01
1.911474E+01 9.974019E-01 1.134389E-01
1.900815E+01 1.040547E+00 1.022522E-01
1.890275E+01 1.079867E+00 9.287330E-02
1.879852E+01 1.115900E+00 8.490575E-02
1.869542E+01 1.149087E+00 7.806200E-02
1.859345E+01 1.179792E+00 7.212831E-02
1.849258E+01 1.208317E+00 6.694225E-02
1.839281E+01 1.234917E+00 6.237813E-02
1.829410E+01 1.259808E+00 5.833704E-02
1.819645E+01 1.283173E+00 5.474006E-02
1.809984E+01 1.305172E+00 5.152344E-02
1.800424E+01 1.325941E+00 4.863510E-02
1.790965E+01 1.345599E+00 4.603207E-02
1.781605E+01 1.364252E+00 4.367863E-02
1.772343E+01 1.381991E+00 4.154480E-02
1.763176E+01 1.398899E+00 3.960528E-02
1.754103E+01 1.415048E+00 3.783859E-02
1.745123E+01 1.430503E+00 3.622637E-02
1.736235E+01 1.445322E+00 3.475285E-02
1.727437E+01 1.459559E+00 3.340445E-02
1.718727E+01 1.473260E+00 3.216943E-02
1.710105E+01 1.486469E+00 3.103758E-02
1.701569E+01 1.499225E+00 3.000006E-02
1.693118E+01 1.511565E+00 2.904913E-02
1.684750E+01 1.523522E+00 2.817807E-02
1.676465E+01 1.535128E+00 2.738104E-02
1.668261E+01 1.546409E+00 2.665295E-02
1.660137E+01 1.557394E+00 2.598941E-02
1.652091E+01 1.568108E+00 2.538666E-02
1.644123E+01 1.578574E+00 2.484151E-02
1.636231E+01 1.588815E+00 2.435130E-02
1.628415E+01 1.598852E+00 2.391391E-02
1.620674E+01 1.608706E+00 2.352773E-02
1.613005E+01 1.618398E+00 2.319167E-02
1.605409E+01 1.627947E+00 2.290518E-02
1.597884E+01 1.637374E+00 2.266836E-02
1.590429E+01 1.646699E+00 2.248196E-02
1.583043E+01 1.655943E+00 2.234760E-02
1.575726E+01 1.665127E+00 2.226792E-02
1.568476E+01 1.674275E+00 2.224689E-02
1.561292E+01 1.683412E+00 2.229029E-02
1.554174E+01 1.692567E+00 2.240637E-02
1.547121E+01 1.701773E+00 2.260696E-02
1.540131E+01 1.711069E+00 2.290931E-02
1.533204E+01 1.720504E+00 2.333909E-02
1.526339E+01 1.730137E+00 2.393585E-02
1.519535E+01 1.740045E+00 2.476301E-02
1.512792E+01 1.750329E+00 2.592717E-02
1.506108E+01 1.761112E+00 2.761579E-02
1.499484E+01 1.772522E+00 3.016880E-02
1.492917E+01 1.784591E+00 3.419526E-02
1.486407E+01 1.796964E+00 4.067790E-02
1.479954E+01 1.808300E+00 5.076980E-02
1.473557E+01 1.815767E+00 6.472355E-02
1.467215E+01 1.815939E+00 8.008253E-02
1.460927E+01 1.807830E+00 9.126133E-02
1.454693E+01 1.795565E+00 9.275739E-02
1.448511E+01 1.786591E+00 8.395784E-02
1.442382E+01 1.786066E+00 6.990777E-02
1.436305E+01 1.793689E+00 5.674529E-02
1.430279E+01 1.805976E+00 4.749929E-02
1.424303E+01 1.819839E+00 4.209930E-02
1.418377E+01 1.833799E+00 3.937904E-02
1.412500E+01 1.847467E+00 3.832162E-02
1.406671E+01 1.860890E+00 3.830666E-02
1.400890E+01 1.874229E+00 3.900341E-02
1.395157E+01 1.887649E+00 4.024762E-02
1.389471E+01 1.901299E+00 4.196679E-02
1.383830E+01 1.915316E+00 4.414205E-02
1.378235E+01 1.929827E+00 4.679007E-02
1.372685E+01 1.944962E+00 4.995555E-02
1.367180E+01 1.960857E+00 5.370957E-02
1.361719E+01 1.977658E+00 5.815192E-02
1.356301E+01 1.995530E+00 6.341678E-02
1.350926E+01 2.014661E+00 6.968213E-02
1.345594E+01 2.035267E+00 7.718398E-02
1.340303E+01 2.057600E+00 8.623735E-02
1.335054E+01 2.081953E+00 9.726719E-02
1.329846E+01 2.108663E+00 1.108545E-01
1.324678E+01 2.138108E+00 1.278054E-01
1.319551E+01 2.170693E+00 1.492570E-01
1.314463E+01 2.206789E+00 1.768381E-01
1.309414E+01 2.246602E+00 2.129144E-01
1.304403E+01 2.289855E+00 2.609458E-01
1.299431E+01 2.335065E+00 3.259495E-01
1.294497E+01 2.377999E+00 4.148672E-01
1.289600E+01 2.408637E+00 5.359558E-01
1.284740E+01 2.406675E+00 6.945701E-01
1.279916E+01 2.340187E+00 8.810128E-01
1.275128E+01 2.181526E+00 1.054216E+00
1.270376E+01 1.943522E+00 1.150798E+00
1.265660E+01 1.687700E+00 1.135014E+00
1.260978E+01 1.476709E+00 1.025838E+00
1.256331E+01 1.338033E+00 8.677702E-01
1.251718E+01 1.270196E+00 7.001536E-01
1.247138E+01 1.257689E+00 5.490577E-01
1.242592E+01 1.280021E+00 4.268203E-01
1.238080E+01 1.319124E+00 3.341269E-01
1.233599E+01 1.363442E+00 2.656494E-01
1.229151E+01 1.407212E+00 2.150993E-01
1.224735E+01 1.448110E+00 1.773403E-01
1.220351E+01 1.485478E+00 1.486664E-01
1.215998E+01 1.519368E+00 1.265100E-01
1.211676E+01 1.550099E+00 1.091029E-01
1.207384E+01 1.578060E+00 9.521676E-02
1.203123E+01 1.603633E+00 8.398623E-02
1.198892E+01 1.627159E+00 7.479123E-02
1.194690E+01 1.648938E+00 6.718012E-02
1.190518E+01 1.669224E+00 6.081863E-02
1.186375E+01 1.688234E+00 5.545565E-02
1.182260E+01 1.706151E+00 5.089987E-02
1.178174E+01 1.723132E+00 4.700369E-02
1.174116E+01 1.739310E+00 4.365187E-02
1.170086E+01 1.754800E+00 4.075347E-02
1.166084E+01 1.769699E+00 3.823604E-02
1.162108E+01 1.784094E+00 3.604128E-02
1.158160E+01 1.798060E+00 3.412197E-02
1.154239E+01 1.811662E+00 3.243950E-02
1.150344E+01 1.824958E+00 3.096214E-02
1.146475E+01 1.838001E+00 2.966363E-02
1.142632E+01 1.850837E+00 2.852215E-02
1.138815E+01 1.863509E+00 2.751946E-02
1.135023E+01 1.876056E+00 2.664024E-02
1.131257E+01 1.888514E+00 2.587164E-02
1.127515E+01 1.900915E+00 2.520281E-02
1.123798E+01 1.913292E+00 2.462460E-02
1.120106E+01 1.925674E+00 2.412931E-02
1.116437E+01 1.938088E+00 2.371045E-02
1.112793E+01 1.950564E+00 2.336260E-02
1.109172E+01 1.963126E+00 2.308126E-02
1.105575E+01 1.975801E+00 2.286274E-02
1.102001E+01 1.988616E+00 2.270407E-02
1.098450E+01 2.001596E+00 2.260297E-02
1.094922E+01 2.014766E+00 2.255773E-02
1.091416E+01 2.028154E+00 2.256723E-02
1.087933E+01 2.041787E+00 2.263089E-02
1.084472E+01 2.055692E+00 2.274867E-02
1.081033E+01 2.069898E+00 2.292107E-02
1.077616E+01 2.084436E+00 2.314910E-02
1.074220E+01 2.099337E+00 2.343437E-02
1.070846E+01 2.114634E+00 2.377906E-02
1.067492E+01 2.130363E+00 2.418600E-02
1.064160E+01 2.146562E+00 2.465872E-02
1.060848E+01 2.163271E+00 2.520151E-02
1.057557E+01 2.180534E+00 2.581955E-02
1.054286E+01 2.198396E+00 2.651898E-02
1.051036E+01 2.216910E+00 2.730707E-02
1.047805E+01 2.236130E+00 2.819236E-02
1.044595E+01 2.256116E+00 2.918489E-02
1.041403E+01 2.276935E+00 3.029643E-02
1.038232E+01 2.298659E+00 3.154079E-02
1.035079E+01 2.321369E+00 3.293418E-02
1.031946E+01 2.345153E+00 3.449567E-02
1.028831E+01 2.370110E+00 3.624779E-02
1.025736E+01 2.396352E+00 3.821720E-02
1.022659E+01 2.424001E+00 4.043568E-02
1.019600E+01 2.453198E+00 4.294133E-02
1.016559E+01 2.484102E+00 4.578015E-02
1.013537E+01 2.516893E+00 4.900820E-02
1.010532E+01 2.551778E+00 5.269449E-02
1.007546E+01 2.588994E+00 5.692494E-02
1.004577E+01 2.628814E+00 6.180773E-02
1.001625E+01 2.671555E+00 6.748071E-02
9.986907E+00 2.717583E+00 7.412141E-02
9.957729E+00 2.767321E+00 8.196053E-02
9.928732E+00 2.821258E+00 9.129957E-02
9.899892E+00 2.879952E+00 1.025334E-01
9.871230E+00 2.944034E+00 1.161775E-01
9.842733E+00 3.014211E+00 1.328996E-01
9.814390E+00 3.091255E+00 1.535531E-01
9.786220E+00 3.176013E+00 1.792110E-01
9.758202E+00 3.269411E+00 2.112019E-01
9.730352E+00 3.372507E+00 2.511642E-01
9.702653E+00 3.486592E+00 3.011612E-01
9.675119E+00 3.613353E+00 3.639514E-01
9.647732E+00 3.755030E+00 4.435815E-01
9.620509E+00 3.914286E+00 5.465103E-01
9.593430E+00 4.093142E+00 6.833478E-01
9.566513E+00 4.289878E+00 8.706010E-01
9.539736E+00 4.493109E+00 1.130210E+00
9.513119E+00 4.674973E+00 1.483270E+00
9.486640E+00 4.789789E+00 1.936933E+00
9.460317E+00 4.784166E+00 2.470947E+00
9.434140E+00 4.616221E+00 3.033780E+00
9.408099E+00 4.274604E+00 3.552787E+00
9.382210E+00 3.787834E+00 3.955425E+00
9.356454E+00 3.218232E+00 4.192821E+00
9.330848E+00 2.642254E+00 4.254691E+00
9.305373E+00 2.126372E+00 4.168894E+00
9.280045E+00 1.709194E+00 3.987029E+00
9.254846E+00 1.396710E+00 3.763430E+00
9.229792E+00 1.171426E+00 3.537832E+00
9.204865E+00 1.007999E+00 3.329876E+00
9.180081E+00 8.848173E-01 3.144227E+00
9.155422E+00 7.876758E-01 2.978484E+00
9.130902E+00 7.085680E-01 2.828595E+00
9.106514E+00 6.432907E-01 2.691194E+00
9.082248E+00 5.895384E-01 2.564124E+00
9.058119E+00 5.457573E-01 2.446228E+00
9.034109E+00 5.105762E-01 2.336949E+00
9.010235E+00 4.826016E-01 2.235968E+00
8.986478E+00 4.604122E-01 2.142962E+00
8.962854E+00 4.426380E-01 2.057474E+00
8.939347E+00 4.280490E-01 1.978893E+00
8.915970E+00 4.156175E-01 1.906488E+00
8.892707E+00 4.045420E-01 1.839460E+00
8.869573E+00 3.942408E-01 1.776998E+00
8.846551E+00 3.843272E-01 1.718324E+00
8.823657E+00 3.745793E-01 1.662711E+00
8.800880E+00 3.649149E-01 1.609491E+00
8.778213E+00 3.553843E-01 1.558052E+00
8.755670E+00 3.461974E-01 1.507836E+00
8.733235E+00 3.377946E-01 1.458391E+00
8.710923E+00 3.309129E-01 1.409563E+00
8.688716E+00 3.264275E-01 1.361857E+00
8.666630E+00 3.247222E-01 1.316655E+00
8.644649E+00 3.248766E-01 1.275710E+00
8.622786E+00 3.244698E-01 1.239928E+00
8.601026E+00 3.205593E-01 1.208185E+00
8.579383E+00 3.115125E-01 1.177343E+00
8.557841E+00 2.982015E-01 1.143853E+00
8.536415E+00 2.834771E-01 1.105674E+00
8.515088E+00 2.704794E-01 1.063026E+00
8.493875E+00 2.611855E-01 1.017718E+00
8.472767E+00 2.559495E-01 9.718912E-01
8.451757E+00 2.539955E-01 9.269757E-01
8.430857E+00 2.543295E-01 8.834511E-01
8.410054E+00 2.562722E-01 8.412557E-01
8.389360E+00 2.594779E-01 8.001931E-01
8.368761E+00 2.637924E-01 7.600968E-01
8.348270E+00 2.691469E-01 7.208534E-01
8.327872E+00 2.755089E-01 6.823877E-01
8.307580E+00 2.828656E-01 6.446461E-01
8.287380E+00 2.912201E-01 6.075884E-01
8.267285E+00 3.005925E-01 5.711854E-01
8.247280E+00 3.110222E-01 5.354222E-01
8.227378E+00 3.225676E-01 5.003055E-01
8.207573E+00 3.353020E-01 4.658728E-01
8.187856E+00 3.493039E-01 4.322034E-01
8.168240E+00 3.646402E-01 3.994240E-01
8.148711E+00 3.813441E-01 3.677085E-01
8.129282E+00 3.993922E-01 3.372642E-01
8.109938E+00 4.186891E-01 3.083061E-01
8.090693E+00 4.390671E-01 2.810240E-01
8.071533E+00 4.603034E-01 2.555542E-01
8.052470E+00 4.821481E-01 2.319633E-01
8.033490E+00 5.043546E-01 2.102495E-01
8.014606E+00 5.267012E-01 1.903558E-01
7.995804E+00 5.490031E-01 1.721881E-01
7.977096E+00 5.711142E-01 1.556325E-01
7.958470E+00 5.929237E-01 1.405683E-01
7.939936E+00 6.143500E-01 1.268763E-01
7.921489E+00 6.353342E-01 1.144438E-01
7.903120E+00 6.558344E-01 1.031663E-01
7.884843E+00 6.758216E-01 9.294838E-02
7.866645E+00 6.952756E-01 8.370265E-02
7.848536E+00 7.141832E-01 7.534946E-02
7.830504E+00 7.325362E-01 6.781567E-02
7.812561E+00 7.503302E-01 6.103386E-02
7.794694E+00 7.675642E-01 5.494147E-02
7.776915E+00 7.842395E-01 4.948021E-02
7.759210E+00 8.003599E-01 4.459556E-02
7.741592E+00 8.159313E-01 4.023634E-02
7.724048E+00 8.309615E-01 3.635454E-02
7.706589E+00 8.454602E-01 3.290509E-02
7.689208E+00 8.594385E-01 2.984580E-02
7.671900E+00 8.729095E-01 2.713730E-02
7.654676E+00 8.858872E-01 2.474298E-02
7.637523E+00 8.983869E-01 2.262901E-02
7.620453E+00 9.104250E-01 2.076426E-02
7.603453E+00 9.220183E-01 1.912026E-02
7.586534E+00 9.331844E-01 1.767114E-02
7.569685E+00 9.439410E-01 1.639353E-02
7.552916E+00 9.543059E-01 1.526641E-02
7.536215E+00 9.642969E-01 1.427102E-02
7.519594E+00 9.739313E-01 1.339069E-02
7.503041E+00 9.832264E-01 1.261064E-02
7.486565E+00 9.921987E-01 1.191790E-02
7.470162E+00 1.000864E+00 1.130106E-02
7.453825E+00 1.009238E+00 1.075018E-02
7.437565E+00 1.017335E+00 1.025658E-02
7.421371E+00 1.025169E+00 9.812745E-03
7.405252E+00 1.032754E+00 9.412145E-03
7.389197E+00 1.040101E+00 9.049144E-03
7.373218E+00 1.047223E+00 8.718876E-03
7.357301E+00 1.054130E+00 8.417146E-03
7.341459E+00 1.060834E+00 8.140344E-03
7.325680E+00 1.067344E+00 7.885359E-03
7.309974E+00 1.073668E+00 7.649519E-03
7.294329E+00 1.079817E+00 7.430520E-03
7.278757E+00 1.085798E+00 7.226384E-03
7.263245E+00 1.091618E+00 7.035404E-03
7.247805E+00 1.097285E+00 6.856110E-03
7.232431E+00 1.102805E+00 6.687234E-03
7.217116E+00 1.108185E+00 6.527681E-03
7.201871E+00 1.113431E+00 6.376501E-03
7.186686E+00 1.118548E+00 6.232873E-03
7.171569E+00 1.123541E+00 6.096081E-03
7.156511E+00 1.128416E+00 5.965505E-03
7.141521E+00 1.133177E+00 5.840601E-03
7.126588E+00 1.137828E+00 5.720892E-03
7.111723E+00 1.142374E+00 5.605964E-03
7.096915E+00 1.146818E+00 5.495446E-03
7.082173E+00 1.151165E+00 5.389016E-03
7.067487E+00 1.155417E+00 5.286386E-03
7.052868E+00 1.159579E+00 5.187300E-03
7.038308E+00 1.163653E+00 5.091529E-03
7.023804E+00 1.167642E+00 4.998869E-03
7.009364E+00 1.171549E+00 4.909137E-03
6.994978E+00 1.175377E+00 4.822168E-03
6.980657E+00 1.179128E+00 4.737810E-03
6.966389E+00 1.182805E+00 4.655927E-03
6.952184E+00 1.186411E+00 4.576396E-03
6.938032E+00 1.189947E+00 4.499102E-03
6.923942E+00 1.193415E+00 4.423942E-03
6.909905E+00 1.196818E+00 4.350818E-03
6.895929E+00 1.200158E+00 4.279642E-03
6.882005E+00 1.203437E+00 4.210332E-03
6.868141E+00 1.206655E+00 4.142810E-03
6.854329E+00 1.209816E+00 4.077006E-03
6.840577E+00 1.212920E+00 4.012852E-03
6.826880E+00 1.215970E+00 3.950286E-03
6.813233E+00 1.218966E+00 3.889249E-03
6.799645E+00 1.221911E+00 3.829686E-03
6.786107E+00 1.224805E+00 3.771543E-03
6.772627E+00 1.227650E+00 3.714772E-03
6.759196E+00 1.230448E+00 3.659327E-03
6.745822E+00 1.233199E+00 3.605161E-03
6.732497E+00 1.235905E+00 3.552234E-03
6.719229E+00 1.238566E+00 3.500504E-03
6.706009E+00 1.241185E+00 3.449935E-03
6.692845E+00 1.243762E+00 3.400488E-03
6.679728E+00 1.246298E+00 3.352130E-03
6.666667E+00 1.248794E+00 3.304827E-03
