1.000000E+04 2.025335E+00 2.686615E-05
2.542288E+03 2.025357E+00 1.056902E-04
1.456255E+03 2.025406E+00 1.845611E-04
1.020367E+03 2.025482E+00 2.635141E-04
7.853078E+02 2.025585E+00 3.425844E-04
6.382713E+02 2.025714E+00 4.218071E-04
5.376119E+02 2.025870E+00 5.012179E-04
4.643765E+02 2.026053E+00 5.808525E-04
4.087019E+02 2.026263E+00 6.607470E-04
3.649479E+02 2.026501E+00 7.409378E-04
3.296561E+02 2.026765E+00 8.214615E-04
3.005883E+02 2.027057E+00 9.023554E-04
2.762311E+02 2.027376E+00 9.836572E-04
2.555255E+02 2.027723E+00 1.065405E-03
2.377076E+02 2.028098E+00 1.147637E-03
2.222125E+02 2.028501E+00 1.230394E-03
2.086140E+02 2.028932E+00 1.313715E-03
1.965838E+02 2.029391E+00 1.397641E-03
1.858655E+02 2.029879E+00 1.482214E-03
1.762555E+02 2.030396E+00 1.567476E-03
1.675904E+02 2.030942E+00 1.653470E-03
1.597374E+02 2.031517E+00 1.740241E-03
1.525874E+02 2.032123E+00 1.827835E-03
1.460501E+02 2.032758E+00 1.916298E-03
1.400499E+02 2.033423E+00 2.005678E-03
1.345233E+02 2.034119E+00 2.096024E-03
1.294162E+02 2.034847E+00 2.187386E-03
1.246828E+02 2.035605E+00 2.279816E-03
1.202834E+02 2.036396E+00 2.373368E-03
1.161839E+02 2.037218E+00 2.468096E-03
1.123546E+02 2.038073E+00 2.564058E-03
1.087697E+02 2.038962E+00 2.661313E-03
1.054065E+02 2.039884E+00 2.759919E-03
1.022450E+02 2.040840E+00 2.859941E-03
9.926760E+01 2.041831E+00 2.961443E-03
9.645880E+01 2.042857E+00 3.064491E-03
9.380449E+01 2.043918E+00 3.169156E-03
9.129235E+01 2.045017E+00 3.275510E-03
8.891133E+01 2.046152E+00 3.383626E-03
8.665128E+01 2.047324E+00 3.493584E-03
8.450328E+01 2.048535E+00 3.605463E-03
8.245927E+01 2.049786E+00 3.719347E-03
8.051173E+01 2.051076E+00 3.835325E-03
7.865413E+01 2.052406E+00 3.953485E-03
7.688026E+01 2.053778E+00 4.073925E-03
7.518463E+01 2.055192E+00 4.196741E-03
7.356224E+01 2.056650E+00 4.322038E-03
7.200834E+01 2.058151E+00 4.449923E-03
7.051873E+01 2.059698E+00 4.580508E-03
6.908954E+01 2.061291E+00 4.713912E-03
6.771709E+01 2.062930E+00 4.850256E-03
6.639811E+01 2.064618E+00 4.989671E-03
6.512957E+01 2.066356E+00 5.132291E-03
6.390854E+01 2.068144E+00 5.278257E-03
6.273250E+01 2.069984E+00 5.427719E-03
6.159892E+01 2.071877E+00 5.580831E-03
6.050558E+01 2.073824E+00 5.737757E-03
5.945042E+01 2.075828E+00 5.898670E-03
5.843139E+01 2.077889E+00 6.063750E-03
5.744670E+01 2.080010E+00 6.233188E-03
5.649469E+01 2.082191E+00 6.407184E-03
5.557368E+01 2.084434E+00 6.585950E-03
5.468222E+01 2.086742E+00 6.769708E-03
5.381894E+01 2.089116E+00 6.958694E-03
5.298246E+01 2.091559E+00 7.153156E-03
5.217162E+01 2.094071E+00 7.353357E-03
5.138519E+01 2.096657E+00 7.559574E-03
5.062212E+01 2.099317E+00 7.772102E-03
4.988141E+01 2.102054E+00 7.991251E-03
4.916203E+01 2.104871E+00 8.217352E-03
4.846311E+01 2.107770E+00 8.450755E-03
4.778381E+01 2.110755E+00 8.691832E-03
4.712327E+01 2.113828E+00 8.940978E-03
4.648073E+01 2.116992E+00 9.198613E-03
4.585551E+01 2.120251E+00 9.465184E-03
4.524686E+01 2.123608E+00 9.741168E-03
4.465418E+01 2.127067E+00 1.002707E-02
4.407680E+01 2.130631E+00 1.032344E-02
4.351417E+01 2.134305E+00 1.063085E-02
4.296574E+01 2.138094E+00 1.094992E-02
4.243094E+01 2.142000E+00 1.128131E-02
4.190929E+01 2.146031E+00 1.162574E-02
4.140032E+01 2.150190E+00 1.198396E-02
4.090356E+01 2.154483E+00 1.235679E-02
4.041857E+01 2.158915E+00 1.274511E-02
3.994497E+01 2.163494E+00 1.314987E-02
3.948232E+01 2.168225E+00 1.357209E-02
3.903027E+01 2.173116E+00 1.401285E-02
3.858846E+01 2.178174E+00 1.447335E-02
3.815654E+01 2.183406E+00 1.495487E-02
3.773418E+01 2.188821E+00 1.545879E-02
3.732106E+01 2.194429E+00 1.598662E-02
3.691689E+01 2.200239E+00 1.654000E-02
3.652140E+01 2.206261E+00 1.712069E-02
3.613427E+01 2.212506E+00 1.773062E-02
3.575526E+01 2.218987E+00 1.837191E-02
3.538414E+01 2.225716E+00 1.904685E-02
3.502063E+01 2.232707E+00 1.975795E-02
3.466451E+01 2.239976E+00 2.050798E-02
3.431557E+01 2.247537E+00 2.129996E-02
3.397358E+01 2.255409E+00 2.213721E-02
3.363834E+01 2.263610E+00 2.302341E-02
3.330965E+01 2.272162E+00 2.396259E-02
3.298732E+01 2.281087E+00 2.495925E-02
3.267118E+01 2.290408E+00 2.601834E-02
3.236102E+01 2.300153E+00 2.714539E-02
3.205671E+01 2.310351E+00 2.834655E-02
3.175807E+01 2.321034E+00 2.962868E-02
3.146494E+01 2.332238E+00 3.099950E-02
3.117716E+01 2.344000E+00 3.246763E-02
3.089462E+01 2.356364E+00 3.404283E-02
3.061713E+01 2.369378E+00 3.573609E-02
3.034460E+01 2.383095E+00 3.755989E-02
3.007687E+01 2.397573E+00 3.952845E-02
2.981382E+01 2.412878E+00 4.165799E-02
2.955534E+01 2.429086E+00 4.396710E-02
2.930130E+01 2.446279E+00 4.647724E-02
2.905158E+01 2.464552E+00 4.921319E-02
2.880610E+01 2.484012E+00 5.220383E-02
2.856472E+01 2.504784E+00 5.548287E-02
2.832735E+01 2.527007E+00 5.909004E-02
2.809390E+01 2.550846E+00 6.307231E-02
2.786427E+01 2.576490E+00 6.748575E-02
2.763836E+01 2.604161E+00 7.239776E-02
2.741608E+01 2.634121E+00 7.789008E-02
2.719734E+01 2.666683E+00 8.406293E-02
2.698208E+01 2.702222E+00 9.104056E-02
2.677019E+01 2.741193E+00 9.897927E-02
2.656160E+01 2.784159E+00 1.080789E-01
2.635624E+01 2.831819E+00 1.186004E-01
2.615403E+01 2.885066E+00 1.308929E-01
2.595489E+01 2.945053E+00 1.454395E-01
2.575878E+01 3.013308E+00 1.629358E-01
2.556559E+01 3.091900E+00 1.844370E-01
2.537529E+01 3.183689E+00 2.116446E-01
2.518780E+01 3.292669E+00 2.474948E-01
2.500306E+01 3.424317E+00 2.973795E-01
2.482101E+01 3.585425E+00 3.715853E-01
2.464159E+01 3.781733E+00 4.894438E-01
2.446474E+01 4.009749E+00 6.835580E-01
2.429042E+01 4.240403E+00 9.960043E-01
2.411856E+01 4.405185E+00 1.454477E+00
2.394912E+01 4.409859E+00 2.035221E+00
2.378204E+01 4.181103E+00 2.646811E+00
2.361728E+01 3.715795E+00 3.157429E+00
2.345478E+01 3.096560E+00 3.454515E+00
2.329451E+01 2.457563E+00 3.500025E+00
2.313641E+01 1.920558E+00 3.344010E+00
2.298044E+01 1.541854E+00 3.089194E+00
2.282656E+01 1.302468E+00 2.830044E+00
2.267473E+01 1.146529E+00 2.610416E+00
2.252491E+01 1.028032E+00 2.429668E+00
2.237705E+01 9.257907E-01 2.272393E+00
2.223111E+01 8.344724E-01 2.126540E+00
2.208708E+01 7.540899E-01 1.986374E+00
2.194489E+01 6.851193E-01 1.850038E+00
2.180453E+01 6.273438E-01 1.717220E+00
2.166595E+01 5.800060E-01 1.587935E+00
2.152911E+01 5.421683E-01 1.462086E+00
2.139400E+01 5.129849E-01 1.339362E+00
2.126057E+01 4.918701E-01 1.219279E+00
2.112880E+01 4.786127E-01 1.101256E+00
2.099865E+01 4.734827E-01 9.847331E-01
2.087009E+01 4.773507E-01 8.693704E-01
2.074310E+01 4.917676E-01 7.554454E-01
2.061764E+01 5.187595E-01 6.445416E-01
2.049369E+01 5.597828E-01 5.402871E-01
2.037122E+01 6.136848E-01 4.478662E-01
2.025022E+01 6.757414E-01 3.712323E-01
2.013063E+01 7.399746E-01 3.106683E-01
2.001246E+01 8.020773E-01 2.636467E-01
1.989566E+01 8.600035E-01 2.269833E-01
1.978021E+01 9.131749E-01 1.979834E-01
1.966610E+01 9.617100E-01 1.746512E-01
1.955330E+01 1.005992E+00 1.555673E-01
1.944178E+01 1.046472E+00 1.397246E-01
1.933153E+01 1.083588E+00 1.264003E-01
1.922252E+01 1.117736E+00 1.150661E-01
1.911474E+01 1.149264E+00 1.053292E-01
1.900815E+01 1.178474E+00 9.689180E-02
1.890275E+01 1.205624E+00 8.952477E-02
1.879852E+01 1.230941E+00 8.304886E-02
1.869542E+01 1.254617E+00 7.732208E-02
1.859345E+01 1.276821E+00 7.223052E-02
1.849258E+01 1.297700E+00 6.768180E-02
1.839281E+01 1.317381E+00 6.360024E-02
1.829410E+01 1.335978E+00 5.992331E-02
1.819645E+01 1.353588E+00 5.659888E-02
1.809984E+01 1.370301E+00 5.358318E-02
1.800424E+01 1.386194E+00 5.083925E-02
1.790965E+01 1.401336E+00 4.833560E-02
1.781605E+01 1.415789E+00 4.604533E-02
1.772343E+01 1.429611E+00 4.394528E-02
1.763176E+01 1.442849E+00 4.201544E-02
1.754103E+01 1.455552E+00 4.023843E-02
1.745123E+01 1.467758E+00 3.859910E-02
1.736235E+01 1.479507E+00 3.708418E-02
1.727437E+01 1.490833E+00 3.568201E-02
1.718727E+01 1.501766E+00 3.438230E-02
1.710105E+01 1.512335E+00 3.317596E-02
1.701569E+01 1.522568E+00 3.205490E-02
1.693118E+01 1.532488E+00 3.101194E-02
1.684750E+01 1.542118E+00 3.004067E-02
1.676465E+01 1.551479E+00 2.913533E-02
1.668261E+01 1.560590E+00 2.829078E-02
1.660137E+01 1.569471E+00 2.750239E-02
1.652091E+01 1.578137E+00 2.676598E-02
1.644123E+01 1.586606E+00 2.607777E-02
1.636231E+01 1.594892E+00 2.543437E-02
1.628415E+01 1.603009E+00 2.483267E-02
1.620674E+01 1.610972E+00 2.426987E-02
1.613005E+01 1.618794E+00 2.374341E-02
1.605409E+01 1.626486E+00 2.325097E-02
1.597884E+01 1.634062E+00 2.279042E-02
1.590429E+01 1.641532E+00 2.235982E-02
1.583043E+01 1.648909E+00 2.195739E-02
1.575726E+01 1.656203E+00 2.158151E-02
1.568476E+01 1.663426E+00 2.123069E-02
1.561292E+01 1.670588E+00 2.090355E-02
1.554174E+01 1.677701E+00 2.059884E-02
1.547121E+01 1.684775E+00 2.031540E-02
1.540131E+01 1.691822E+00 2.005218E-02
1.533204E+01 1.698853E+00 1.980822E-02
1.526339E+01 1.705880E+00 1.958264E-02
1.519535E+01 1.712916E+00 1.937467E-02
1.512792E+01 1.719974E+00 1.918363E-02
1.506108E+01 1.727068E+00 1.900895E-02
1.499484E+01 1.734212E+00 1.885020E-02
1.492917E+01 1.741424E+00 1.870713E-02
1.486407E+01 1.748721E+00 1.857971E-02
1.479954E+01 1.756123E+00 1.846823E-02
1.473557E+01 1.763652E+00 1.837341E-02
1.467215E+01 1.771335E+00 1.829664E-02
1.460927E+01 1.779199E+00 1.824021E-02
1.454693E+01 1.787279E+00 1.820777E-02
1.448511E+01 1.795614E+00 1.820497E-02
1.442382E+01 1.804249E+00 1.824037E-02
1.436305E+01 1.813240E+00 1.832685E-02
1.430279E+01 1.822650E+00 1.848366E-02
1.424303E+01 1.832555E+00 1.873937E-02
1.418377E+01 1.843048E+00 1.913623E-02
1.412500E+01 1.854235E+00 1.973630E-02
1.406671E+01 1.866240E+00 2.063013E-02
1.400890E+01 1.879203E+00 2.194837E-02
1.395157E+01 1.893276E+00 2.387688E-02
1.389471E+01 1.908611E+00 2.667484E-02
1.383830E+01 1.925339E+00 3.069406E-02
1.378235E+01 1.943535E+00 3.639518E-02
1.372685E+01 1.963170E+00 4.435304E-02
1.367180E+01 1.984050E+00 5.524133E-02
1.361719E+01 2.005751E+00 6.978617E-02
1.356301E+01 2.027573E+00 8.868517E-02
1.350926E+01 2.048524E+00 1.124999E-01
1.345594E+01 2.067358E+00 1.415431E-01
1.340303E+01 2.082652E+00 1.757847E-01
1.335054E+01 2.092916E+00 2.147949E-01
1.329846E+01 2.096704E+00 2.577221E-01
1.324678E+01 2.092727E+00 3.032991E-01
1.319551E+01 2.079968E+00 3.498699E-01
1.314463E+01 2.057790E+00 3.954439E-01
1.309414E+01 2.026048E+00 4.377842E-01
1.304403E+01 1.985180E+00 4.745358E-01
1.299431E+01 1.936252E+00 5.033819E-01
1.294497E+01 1.880975E+00 5.222183E-01
1.289600E+01 1.821673E+00 5.293362E-01
1.284740E+01 1.761202E+00 5.236118E-01
1.279916E+01 1.702821E+00 5.047019E-01
1.275128E+01 1.649972E+00 4.732312E-01
1.270376E+01 1.605947E+00 4.309291E-01
1.265660E+01 1.573447E+00 3.806364E-01
1.260978E+01 1.554082E+00 3.260768E-01
1.256331E+01 1.547987E+00 2.713297E-01
1.251718E+01 1.553783E+00 2.201062E-01
1.247138E+01 1.568956E+00 1.751019E-01
1.242592E+01 1.590519E+00 1.377003E-01
1.238080E+01 1.615640E+00 1.080781E-01
1.233599E+01 1.642040E+00 8.556174E-02
1.229151E+01 1.668132E+00 6.903309E-02
1.224735E+01 1.692965E+00 5.725619E-02
1.220351E+01 1.716081E+00 4.908322E-02
1.215998E+01 1.737356E+00 4.355243E-02
1.211676E+01 1.756865E+00 3.991160E-02
1.207384E+01 1.774786E+00 3.760024E-02
1.203123E+01 1.791331E+00 3.621508E-02
1.198892E+01 1.806716E+00 3.547314E-02
1.194690E+01 1.821139E+00 3.517944E-02
1.190518E+01 1.834773E+00 3.520134E-02
1.186375E+01 1.847768E+00 3.544953E-02
1.182260E+01 1.860248E+00 3.586431E-02
1.178174E+01 1.872318E+00 3.640613E-02
1.174116E+01 1.884068E+00 3.704907E-02
1.170086E+01 1.895570E+00 3.777640E-02
1.166084E+01 1.906889E+00 3.857766E-02
1.162108E+01 1.918079E+00 3.944665E-02
1.158160E+01 1.929186E+00 4.038014E-02
1.154239E+01 1.940252E+00 4.137699E-02
1.150344E+01 1.951314E+00 4.243754E-02
1.146475E+01 1.962406E+00 4.356330E-02
1.142632E+01 1.973558E+00 4.475663E-02
1.138815E+01 1.984800E+00 4.602065E-02
1.135023E+01 1.996158E+00 4.735914E-02
1.131257E+01 2.007660E+00 4.877646E-02
1.127515E+01 2.019330E+00 5.027758E-02
1.123798E+01 2.031194E+00 5.186806E-02
1.120106E+01 2.043277E+00 5.355414E-02
1.116437E+01 2.055605E+00 5.534270E-02
1.112793E+01 2.068203E+00 5.724140E-02
1.109172E+01 2.081098E+00 5.925874E-02
1.105575E+01 2.094318E+00 6.140415E-02
1.102001E+01 2.107890E+00 6.368808E-02
1.098450E+01 2.121846E+00 6.612221E-02
1.094922E+01 2.136216E+00 6.871952E-02
1.091416E+01 2.151035E+00 7.149455E-02
1.087933E+01 2.166339E+00 7.446357E-02
1.084472E+01 2.182166E+00 7.764489E-02
1.081033E+01 2.198556E+00 8.105911E-02
1.077616E+01 2.215556E+00 8.472953E-02
1.074220E+01 2.233213E+00 8.868259E-02
1.070846E+01 2.251579E+00 9.294837E-02
1.067492E+01 2.270713E+00 9.756125E-02
1.064160E+01 2.290675E+00 1.025607E-01
1.060848E+01 2.311536E+00 1.079921E-01
1.057557E+01 2.333370E+00 1.139081E-01
1.054286E+01 2.356260E+00 1.203700E-01
1.051036E+01 2.380298E+00 1.274491E-01
1.047805E+01 2.405584E+00 1.352297E-01
1.044595E+01 2.432230E+00 1.438112E-01
1.041403E+01 2.460360E+00 1.533116E-01
1.038232E+01 2.490110E+00 1.638724E-01
1.035079E+01 2.521629E+00 1.756635E-01
1.031946E+01 2.555083E+00 1.888907E-01
1.028831E+01 2.590649E+00 2.038045E-01
1.025736E+01 2.628518E+00 2.207114E-01
1.022659E+01 2.668891E+00 2.399878E-01
1.019600E+01 2.711970E+00 2.620978E-01
1.016559E+01 2.757947E+00 2.876142E-01
1.013537E+01 2.806983E+00 3.172428E-01
1.010532E+01 2.859179E+00 3.518491E-01
1.007546E+01 2.914525E+00 3.924840E-01
1.004577E+01 2.972835E+00 4.404034E-01
1.001625E+01 3.033650E+00 4.970712E-01
9.986907E+00 3.096131E+00 5.641315E-01
9.957729E+00 3.158916E+00 6.433327E-01
9.928732E+00 3.219997E+00 7.363840E-01
9.899892E+00 3.276622E+00 8.447338E-01
9.871230E+00 3.325276E+00 9.692747E-01
9.842733E+00 3.361793E+00 1.110007E+00
9.814390E+00 3.381612E+00 1.265720E+00
9.786220E+00 3.380187E+00 1.433764E+00
9.758202E+00 3.353512E+00 1.609983E+00
9.730352E+00 3.298670E+00 1.788870E+00
9.702653E+00 3.214326E+00 1.963929E+00
9.675119E+00 3.101068E+00 2.128237E+00
9.647732E+00 2.961517E+00 2.275111E+00
9.620509E+00 2.800185E+00 2.398800E+00
9.593430E+00 2.623071E+00 2.495076E+00
9.566513E+00 2.437071E+00 2.561647E+00
9.539736E+00 2.249278E+00 2.598316E+00
9.513119E+00 2.066281E+00 2.606871E+00
9.486640E+00 1.893578E+00 2.590740E+00
9.460317E+00 1.735165E+00 2.554472E+00
9.434140E+00 1.593366E+00 2.503127E+00
9.408099E+00 1.468892E+00 2.441695E+00
9.382210E+00 1.361105E+00 2.374607E+00
9.356454E+00 1.268396E+00 2.305432E+00
9.330848E+00 1.188611E+00 2.236744E+00
9.305373E+00 1.119426E+00 2.170161E+00
9.280045E+00 1.058637E+00 2.106491E+00
9.254846E+00 1.004337E+00 2.045930E+00
9.229792E+00 9.550049E-01 1.988270E+00
9.204865E+00 9.095088E-01 1.933070E+00
9.180081E+00 8.670717E-01 1.879804E+00
9.155422E+00 8.272098E-01 1.827947E+00
9.130902E+00 7.896647E-01 1.777042E+00
9.106514E+00 7.543392E-01 1.726726E+00
9.082248E+00 7.212415E-01 1.676748E+00
9.058119E+00 6.904400E-01 1.626959E+00
9.034109E+00 6.620269E-01 1.577310E+00
9.010235E+00 6.360908E-01 1.527838E+00
8.986478E+00 6.126951E-01 1.478645E+00
8.962854E+00 5.918626E-01 1.429886E+00
8.939347E+00 5.735651E-01 1.381744E+00
8.915970E+00 5.577182E-01 1.334416E+00
8.892707E+00 5.441830E-01 1.288085E+00
8.869573E+00 5.327731E-01 1.242908E+00
8.846551E+00 5.232675E-01 1.198996E+00
8.823657E+00 5.154277E-01 1.156408E+00
8.800880E+00 5.090162E-01 1.115146E+00
8.778213E+00 5.038143E-01 1.075163E+00
8.755670E+00 4.996366E-01 1.036365E+00
8.733235E+00 4.963414E-01 9.986327E-01
8.710923E+00 4.938361E-01 9.618296E-01
8.688716E+00 4.920767E-01 9.258218E-01
8.666630E+00 4.910638E-01 8.904893E-01
8.644649E+00 4.908353E-01 8.557386E-01
8.622786E+00 4.914557E-01 8.215110E-01
8.601026E+00 4.930049E-01 7.877884E-01
8.579383E+00 4.955649E-01 7.545959E-01
8.557841E+00 4.992070E-01 7.220008E-01
8.536415E+00 5.039775E-01 6.901086E-01
8.515088E+00 5.098864E-01 6.590539E-01
8.493875E+00 5.168966E-01 6.289881E-01
8.472767E+00 5.249187E-01 6.000625E-01
8.451757E+00 5.338108E-01 5.724100E-01
8.430857E+00 5.433861E-01 5.461261E-01
8.410054E+00 5.534268E-01 5.212536E-01
8.389360E+00 5.637036E-01 4.977741E-01
8.368761E+00 5.739969E-01 4.756061E-01
8.348270E+00 5.841166E-01 4.546118E-01
8.327872E+00 5.939179E-01 4.346092E-01
8.307580E+00 6.033118E-01 4.153887E-01
8.287380E+00 6.122694E-01 3.967298E-01
8.267285E+00 6.208210E-01 3.784188E-01
8.247280E+00 6.290520E-01 3.602638E-01
8.227378E+00 6.370936E-01 3.421080E-01
8.207573E+00 6.451129E-01 3.238405E-01
8.187856E+00 6.532985E-01 3.054040E-01
8.168240E+00 6.618457E-01 2.867987E-01
8.148711E+00 6.709400E-01 2.680826E-01
8.129282E+00 6.807411E-01 2.493661E-01
8.109938E+00 6.913685E-01 2.308018E-01
8.090693E+00 7.028919E-01 2.125701E-01
8.071533E+00 7.153258E-01 1.948626E-01
8.052470E+00 7.286317E-01 1.778653E-01
8.033490E+00 7.427241E-01 1.617436E-01
8.014606E+00 7.574813E-01 1.466318E-01
7.995804E+00 7.727579E-01 1.326270E-01
7.977096E+00 7.883963E-01 1.197879E-01
7.958470E+00 8.042377E-01 1.081361E-01
7.939936E+00 8.201303E-01 9.766057E-02
7.921489E+00 8.359355E-01 8.832284E-02
7.903120E+00 8.515319E-01 8.006298E-02
7.884843E+00 8.668174E-01 7.280527E-02
7.866645E+00 8.817101E-01 6.646373E-02
7.848536E+00 8.961483E-01 6.094694E-02
7.830504E+00 9.100888E-01 5.616232E-02
7.812561E+00 9.235052E-01 5.201956E-02
7.794694E+00 9.363855E-01 4.843325E-02
7.776915E+00 9.487296E-01 4.532472E-02
7.759210E+00 9.605469E-01 4.262315E-02
7.741592E+00 9.718536E-01 4.026599E-02
7.724048E+00 9.826707E-01 3.819895E-02
7.706589E+00 9.930221E-01 3.637554E-02
7.689208E+00 1.002933E+00 3.475641E-02
7.671900E+00 1.012431E+00 3.330863E-02
7.654676E+00 1.021540E+00 3.200479E-02
7.637523E+00 1.030286E+00 3.082223E-02
7.620453E+00 1.038692E+00 2.974231E-02
7.603453E+00 1.046780E+00 2.874971E-02
7.586534E+00 1.054571E+00 2.783185E-02
7.569685E+00 1.062083E+00 2.697842E-02
7.552916E+00 1.069335E+00 2.618093E-02
7.536215E+00 1.076343E+00 2.543239E-02
7.519594E+00 1.083120E+00 2.472701E-02
7.503041E+00 1.089681E+00 2.405997E-02
7.486565E+00 1.096038E+00 2.342726E-02
7.470162E+00 1.102202E+00 2.282549E-02
7.453825E+00 1.108184E+00 2.225180E-02
7.437565E+00 1.113993E+00 2.170374E-02
7.421371E+00 1.119638E+00 2.117923E-02
7.405252E+00 1.125127E+00 2.067644E-02
7.389197E+00 1.130468E+00 2.019379E-02
7.373218E+00 1.135668E+00 1.972990E-02
7.357301E+00 1.140732E+00 1.928355E-02
7.341459E+00 1.145668E+00 1.885363E-02
7.325680E+00 1.150480E+00 1.843917E-02
7.309974E+00 1.155175E+00 1.803929E-02
7.294329E+00 1.159756E+00 1.765319E-02
7.278757E+00 1.164228E+00 1.728014E-02
7.263245E+00 1.168597E+00 1.691947E-02
7.247805E+00 1.172865E+00 1.657056E-02
7.232431E+00 1.177036E+00 1.623286E-02
7.217116E+00 1.181115E+00 1.590583E-02
7.201871E+00 1.185104E+00 1.558898E-02
7.186686E+00 1.189008E+00 1.528187E-02
7.171569E+00 1.192827E+00 1.498407E-02
7.156511E+00 1.196567E+00 1.469517E-02
7.141521E+00 1.200229E+00 1.441480E-02
7.126588E+00 1.203816E+00 1.414260E-02
7.111723E+00 1.207331E+00 1.387826E-02
7.096915E+00 1.210775E+00 1.362144E-02
7.082173E+00 1.214152E+00 1.337186E-02
7.067487E+00 1.217463E+00 1.312923E-02
7.052868E+00 1.220710E+00 1.289329E-02
7.038308E+00 1.223895E+00 1.266379E-02
7.023804E+00 1.227020E+00 1.244047E-02
7.009364E+00 1.230088E+00 1.222312E-02
6.994978E+00 1.233098E+00 1.201152E-02
6.980657E+00 1.236054E+00 1.180546E-02
6.966389E+00 1.238957E+00 1.160475E-02
6.952184E+00 1.241808E+00 1.140918E-02
6.938032E+00 1.244609E+00 1.121860E-02
6.923942E+00 1.247361E+00 1.103281E-02
6.909905E+00 1.250066E+00 1.085167E-02
6.895929E+00 1.252724E+00 1.067501E-02
6.882005E+00 1.255337E+00 1.050268E-02
6.868141E+00 1.257906E+00 1.033454E-02
6.854329E+00 1.260433E+00 1.017045E-02
6.840577E+00 1.262918E+00 1.001028E-02
6.826880E+00 1.265362E+00 9.853900E-03
6.813233E+00 1.267767E+00 9.701194E-03
6.799645E+00 1.270134E+00 9.552044E-03
6.786107E+00 1.272463E+00 9.406337E-03
6.772627E+00 1.274755E+00 9.263967E-03
6.759196E+00 1.277012E+00 9.124831E-03
6.745822E+00 1.279233E+00 8.988829E-03
6.732497E+00 1.281421E+00 8.855867E-03
6.719229E+00 1.283575E+00 8.725852E-03
6.706009E+00 1.285697E+00 8.598698E-03
6.692845E+00 1.287787E+00 8.474320E-03
6.679728E+00 1.289846E+00 8.352635E-03
6.666667E+00 1.291875E+00 8.233566E-03
