1.000000E+04 2.030730E+00 1.932595E-05
2.542288E+03 2.030753E+00 7.602857E-05
1.456255E+03 2.030803E+00 1.327691E-04
1.020367E+03 2.030880E+00 1.895759E-04
7.853078E+02 2.030984E+00 2.464774E-04
6.382713E+02 2.031116E+00 3.035022E-04
5.376119E+02 2.031275E+00 3.606788E-04
4.643765E+02 2.031461E+00 4.180363E-04
4.087019E+02 2.031675E+00 4.756037E-04
3.649479E+02 2.031916E+00 5.334105E-04
3.296561E+02 2.032185E+00 5.914863E-04
3.005883E+02 2.032482E+00 6.498613E-04
2.762311E+02 2.032807E+00 7.085657E-04
2.555255E+02 2.033160E+00 7.676305E-04
2.377076E+02 2.033541E+00 8.270871E-04
2.222125E+02 2.033951E+00 8.869672E-04
2.086140E+02 2.034390E+00 9.473033E-04
1.965838E+02 2.034857E+00 1.008128E-03
1.858655E+02 2.035354E+00 1.069476E-03
1.762555E+02 2.035880E+00 1.131381E-03
1.675904E+02 2.036435E+00 1.193878E-03
1.597374E+02 2.037021E+00 1.257003E-03
1.525874E+02 2.037637E+00 1.320793E-03
1.460501E+02 2.038283E+00 1.385285E-03
1.400499E+02 2.038960E+00 1.450519E-03
1.345233E+02 2.039669E+00 1.516533E-03
1.294162E+02 2.040408E+00 1.583369E-03
1.246828E+02 2.041180E+00 1.651069E-03
1.202834E+02 2.041985E+00 1.719676E-03
1.161839E+02 2.042822E+00 1.789235E-03
1.123546E+02 2.043692E+00 1.859791E-03
1.087697E+02 2.044596E+00 1.931392E-03
1.054065E+02 2.045534E+00 2.004087E-03
1.022450E+02 2.046507E+00 2.077926E-03
9.926760E+01 2.047516E+00 2.152962E-03
9.645880E+01 2.048560E+00 2.229250E-03
9.380449E+01 2.049640E+00 2.306845E-03
9.129235E+01 2.050758E+00 2.385806E-03
8.891133E+01 2.051913E+00 2.466193E-03
8.665128E+01 2.053106E+00 2.548069E-03
8.450328E+01 2.054338E+00 2.631500E-03
8.245927E+01 2.055611E+00 2.716553E-03
8.051173E+01 2.056923E+00 2.803299E-03
7.865413E+01 2.058277E+00 2.891811E-03
7.688026E+01 2.059674E+00 2.982167E-03
7.518463E+01 2.061113E+00 3.074445E-03
7.356224E+01 2.062596E+00 3.168730E-03
7.200834E+01 2.064124E+00 3.265108E-03
7.051873E+01 2.065698E+00 3.363671E-03
6.908954E+01 2.067319E+00 3.464512E-03
6.771709E+01 2.068987E+00 3.567733E-03
6.639811E+01 2.070705E+00 3.673436E-03
6.512957E+01 2.072473E+00 3.781731E-03
6.390854E+01 2.074293E+00 3.892731E-03
6.273250E+01 2.076165E+00 4.006557E-03
6.159892E+01 2.078092E+00 4.123334E-03
6.050558E+01 2.080074E+00 4.243194E-03
5.945042E+01 2.082113E+00 4.366275E-03
5.843139E+01 2.084211E+00 4.492723E-03
5.744670E+01 2.086368E+00 4.622691E-03
5.649469E+01 2.088588E+00 4.756340E-03
5.557368E+01 2.090871E+00 4.893840E-03
5.468222E+01 2.093220E+00 5.035371E-03
5.381894E+01 2.095636E+00 5.181120E-03
5.298246E+01 2.098121E+00 5.331288E-03
5.217162E+01 2.100678E+00 5.486083E-03
5.138519E+01 2.103308E+00 5.645730E-03
5.062212E+01 2.106015E+00 5.810463E-03
4.988141E+01 2.108800E+00 5.980531E-03
4.916203E+01 2.111667E+00 6.156197E-03
4.846311E+01 2.114617E+00 6.337741E-03
4.778381E+01 2.117654E+00 6.525460E-03
4.712327E+01 2.120780E+00 6.719668E-03
4.648073E+01 2.124000E+00 6.920699E-03
4.585551E+01 2.127315E+00 7.128909E-03
4.524686E+01 2.130731E+00 7.344675E-03
4.465418E+01 2.134250E+00 7.568402E-03
4.407680E+01 2.137876E+00 7.800517E-03
4.351417E+01 2.141614E+00 8.041479E-03
4.296574E+01 2.145467E+00 8.291777E-03
4.243094E+01 2.149441E+00 8.551933E-03
4.190929E+01 2.153541E+00 8.822507E-03
4.140032E+01 2.157771E+00 9.104097E-03
4.090356E+01 2.162137E+00 9.397344E-03
4.041857E+01 2.166645E+00 9.702937E-03
3.994497E+01 2.171301E+00 1.002161E-02
3.948232E+01 2.176112E+00 1.035417E-02
3.903027E+01 2.181085E+00 1.070146E-02
3.858846E+01 2.186228E+00 1.106441E-02
3.815654E+01 2.191547E+00 1.144401E-02
3.773418E+01 2.197052E+00 1.184133E-02
3.732106E+01 2.202753E+00 1.225753E-02
3.691689E+01 2.208658E+00 1.269388E-02
3.652140E+01 2.214778E+00 1.315173E-02
3.613427E+01 2.221124E+00 1.363256E-02
3.575526E+01 2.227709E+00 1.413797E-02
3.538414E+01 2.234546E+00 1.466973E-02
3.502063E+01 2.241647E+00 1.522973E-02
3.466451E+01 2.249030E+00 1.582006E-02
3.431557E+01 2.256708E+00 1.644299E-02
3.397358E+01 2.264701E+00 1.710101E-02
3.363834E+01 2.273027E+00 1.779687E-02
3.330965E+01 2.281708E+00 1.853356E-02
3.298732E+01 2.290764E+00 1.931440E-02
3.267118E+01 2.300222E+00 2.014302E-02
3.236102E+01 2.310107E+00 2.102347E-02
3.205671E+01 2.320450E+00 2.196020E-02
3.175807E+01 2.331281E+00 2.295817E-02
3.146494E+01 2.342637E+00 2.402288E-02
3.117716E+01 2.354557E+00 2.516047E-02
3.089462E+01 2.367082E+00 2.637777E-02
3.061713E+01 2.380261E+00 2.768246E-02
3.034460E+01 2.394147E+00 2.908314E-02
3.007687E+01 2.408799E+00 3.058947E-02
2.981382E+01 2.424281E+00 3.221237E-02
2.955534E+01 2.440669E+00 3.396416E-02
2.930130E+01 2.458045E+00 3.585882E-02
2.905158E+01 2.476504E+00 3.791225E-02
2.880610E+01 2.496152E+00 4.014255E-02
2.856472E+01 2.517112E+00 4.257043E-02
2.832735E+01 2.539523E+00 4.521961E-02
2.809390E+01 2.563549E+00 4.811736E-02
2.786427E+01 2.589376E+00 5.129509E-02
2.763836E+01 2.617226E+00 5.478911E-02
2.741608E+01 2.647359E+00 5.864142E-02
2.719734E+01 2.680085E+00 6.290075E-02
2.698208E+01 2.715781E+00 6.762376E-02
2.677019E+01 2.754903E+00 7.287647E-02
2.656160E+01 2.798019E+00 7.873615E-02
2.635624E+01 2.845850E+00 8.529405E-02
2.615403E+01 2.899324E+00 9.266030E-02
2.595489E+01 2.959679E+00 1.009743E-01
2.575878E+01 3.028619E+00 1.104309E-01
2.556559E+01 3.108580E+00 1.213497E-01
2.537529E+01 3.203206E+00 1.343688E-01
2.518780E+01 3.318148E+00 1.509901E-01
2.500306E+01 3.462313E+00 1.750853E-01
2.482101E+01 3.649018E+00 2.167704E-01
2.464159E+01 3.893977E+00 3.006231E-01
2.446474E+01 4.201552E+00 4.758396E-01
2.429042E+01 4.534281E+00 8.095908E-01
2.411856E+01 4.794873E+00 1.342583E+00
2.394912E+01 4.860117E+00 2.041032E+00
2.378204E+01 4.639590E+00 2.792133E+00
2.361728E+01 4.124340E+00 3.437549E+00
2.345478E+01 3.404892E+00 3.837411E+00
2.329451E+01 2.637027E+00 3.933265E+00
2.313641E+01 1.972573E+00 3.768927E+00
2.298044E+01 1.498382E+00 3.459600E+00
2.282656E+01 1.209685E+00 3.131541E+00
2.267473E+01 1.036461E+00 2.855305E+00
2.252491E+01 9.130127E-01 2.633573E+00
2.237705E+01 8.100257E-01 2.445067E+00
2.223111E+01 7.205421E-01 2.274212E+00
2.208708E+01 6.438263E-01 2.114061E+00
2.194489E+01 5.794348E-01 1.962075E+00
2.180453E+01 5.263236E-01 1.817224E+00
2.166595E+01 4.831566E-01 1.678792E+00
2.152911E+01 4.486390E-01 1.546017E+00
2.139400E+01 4.217023E-01 1.418031E+00
2.126057E+01 4.015926E-01 1.293877E+00
2.112880E+01 3.879266E-01 1.172533E+00
2.099865E+01 3.807646E-01 1.052944E+00
2.087009E+01 3.807457E-01 9.340835E-01
2.074310E+01 3.893217E-01 8.151382E-01
2.061764E+01 4.090669E-01 6.960272E-01
2.049369E+01 4.436627E-01 5.786639E-01
2.037122E+01 4.961118E-01 4.687792E-01
2.025022E+01 5.642222E-01 3.749930E-01
2.013063E+01 6.394086E-01 3.022305E-01
2.001246E+01 7.131986E-01 2.483946E-01
1.989566E+01 7.814493E-01 2.085289E-01
1.978021E+01 8.431705E-01 1.783370E-01
1.966610E+01 8.986805E-01 1.548543E-01
1.955330E+01 9.486758E-01 1.361380E-01
1.944178E+01 9.938857E-01 1.209065E-01
1.933153E+01 1.034966E+00 1.082926E-01
1.922252E+01 1.072478E+00 9.769242E-02
1.911474E+01 1.106891E+00 8.867389E-02
1.900815E+01 1.138602E+00 8.091973E-02
1.890275E+01 1.167940E+00 7.419182E-02
1.879852E+01 1.195185E+00 6.830799E-02
1.869542E+01 1.220574E+00 6.312640E-02
1.859345E+01 1.244308E+00 5.853501E-02
1.849258E+01 1.266563E+00 5.444410E-02
1.839281E+01 1.287486E+00 5.078099E-02
1.829410E+01 1.307210E+00 4.748619E-02
1.819645E+01 1.325848E+00 4.451052E-02
1.809984E+01 1.343500E+00 4.181301E-02
1.800424E+01 1.360254E+00 3.935924E-02
1.790965E+01 1.376189E+00 3.712010E-02
1.781605E+01 1.391375E+00 3.507083E-02
1.772343E+01 1.405873E+00 3.319020E-02
1.763176E+01 1.419739E+00 3.145995E-02
1.754103E+01 1.433024E+00 2.986430E-02
1.745123E+01 1.445774E+00 2.838950E-02
1.736235E+01 1.458029E+00 2.702358E-02
1.727437E+01 1.469826E+00 2.575601E-02
1.718727E+01 1.481200E+00 2.457758E-02
1.710105E+01 1.492183E+00 2.348010E-02
1.701569E+01 1.502802E+00 2.245636E-02
1.693118E+01 1.513084E+00 2.149993E-02
1.684750E+01 1.523054E+00 2.060510E-02
1.676465E+01 1.532734E+00 1.976674E-02
1.668261E+01 1.542145E+00 1.898028E-02
1.660137E+01 1.551306E+00 1.824160E-02
1.652091E+01 1.560235E+00 1.754700E-02
1.644123E+01 1.568951E+00 1.689313E-02
1.636231E+01 1.577467E+00 1.627699E-02
1.628415E+01 1.585801E+00 1.569582E-02
1.620674E+01 1.593965E+00 1.514716E-02
1.613005E+01 1.601975E+00 1.462874E-02
1.605409E+01 1.609841E+00 1.413852E-02
1.597884E+01 1.617578E+00 1.367463E-02
1.590429E+01 1.625197E+00 1.323536E-02
1.583043E+01 1.632709E+00 1.281916E-02
1.575726E+01 1.640126E+00 1.242461E-02
1.568476E+01 1.647458E+00 1.205041E-02
1.561292E+01 1.654718E+00 1.169537E-02
1.554174E+01 1.661914E+00 1.135842E-02
1.547121E+01 1.669058E+00 1.103857E-02
1.540131E+01 1.676160E+00 1.073492E-02
1.533204E+01 1.683231E+00 1.044668E-02
1.526339E+01 1.690281E+00 1.017311E-02
1.519535E+01 1.697323E+00 9.913581E-03
1.512792E+01 1.704366E+00 9.667527E-03
1.506108E+01 1.711424E+00 9.434477E-03
1.499484E+01 1.718508E+00 9.214047E-03
1.492917E+01 1.725631E+00 9.005954E-03
1.486407E+01 1.732807E+00 8.810027E-03
1.479954E+01 1.740052E+00 8.626227E-03
1.473557E+01 1.747380E+00 8.454672E-03
1.467215E+01 1.754810E+00 8.295670E-03
1.460927E+01 1.762360E+00 8.149775E-03
1.454693E+01 1.770052E+00 8.017843E-03
1.448511E+01 1.777909E+00 7.901124E-03
1.442382E+01 1.785957E+00 7.801383E-03
1.436305E+01 1.794227E+00 7.721052E-03
1.430279E+01 1.802752E+00 7.663450E-03
1.424303E+01 1.811570E+00 7.633069E-03
1.418377E+01 1.820728E+00 7.635965E-03
1.412500E+01 1.830278E+00 7.680291E-03
1.406671E+01 1.840280E+00 7.777024E-03
1.400890E+01 1.850808E+00 7.940973E-03
1.395157E+01 1.861949E+00 8.192195E-03
1.389471E+01 1.873808E+00 8.558044E-03
1.383830E+01 1.886511E+00 9.076203E-03
1.378235E+01 1.900218E+00 9.799392E-03
1.372685E+01 1.915125E+00 1.080297E-02
1.367180E+01 1.931485E+00 1.219776E-02
1.361719E+01 1.949618E+00 1.415237E-02
1.356301E+01 1.969942E+00 1.693281E-02
1.350926E+01 1.992985E+00 2.097206E-02
1.345594E+01 2.019392E+00 2.698775E-02
1.340303E+01 2.049864E+00 3.616342E-02
1.335054E+01 2.084952E+00 5.037967E-02
1.329846E+01 2.124616E+00 7.239352E-02
1.324678E+01 2.167504E+00 1.057241E-01
1.319551E+01 2.210221E+00 1.539552E-01
1.314463E+01 2.247112E+00 2.194608E-01
1.309414E+01 2.270937E+00 3.020960E-01
1.304403E+01 2.274192E+00 3.984741E-01
1.299431E+01 2.250560E+00 5.019250E-01
1.294497E+01 2.196314E+00 6.029850E-01
1.289600E+01 2.111582E+00 6.905029E-01
1.284740E+01 2.001081E+00 7.533659E-01
1.279916E+01 1.874020E+00 7.824857E-01
1.275128E+01 1.743215E+00 7.726814E-01
1.270376E+01 1.623460E+00 7.242894E-01
1.265660E+01 1.529024E+00 6.442981E-01
1.260978E+01 1.470011E+00 5.463951E-01
1.256331E+01 1.447995E+00 4.481548E-01
1.251718E+01 1.454574E+00 3.643146E-01
1.247138E+01 1.476382E+00 3.008603E-01
1.242592E+01 1.502268E+00 2.556708E-01
1.238080E+01 1.526276E+00 2.232760E-01
1.233599E+01 1.546602E+00 1.985253E-01
1.229151E+01 1.563584E+00 1.778659E-01
1.224735E+01 1.578289E+00 1.592676E-01
1.220351E+01 1.591803E+00 1.417638E-01
1.215998E+01 1.604977E+00 1.250255E-01
1.211676E+01 1.618370E+00 1.090605E-01
1.207384E+01 1.632286E+00 9.402501E-02
1.203123E+01 1.646828E+00 8.011213E-02
1.198892E+01 1.661958E+00 6.748949E-02
1.194690E+01 1.677546E+00 5.626870E-02
1.190518E+01 1.693416E+00 4.649447E-02
1.186375E+01 1.709379E+00 3.814648E-02
1.182260E+01 1.725258E+00 3.114913E-02
1.178174E+01 1.740903E+00 2.538569E-02
1.174116E+01 1.756201E+00 2.071387E-02
1.170086E+01 1.771079E+00 1.698054E-02
1.166084E+01 1.785499E+00 1.403397E-02
1.162108E+01 1.799453E+00 1.173261E-02
1.158160E+01 1.812958E+00 9.950565E-03
1.154239E+01 1.826047E+00 8.579963E-03
1.150344E+01 1.838763E+00 7.531188E-03
1.146475E+01 1.851155E+00 6.731591E-03
1.142632E+01 1.863274E+00 6.123439E-03
1.138815E+01 1.875170E+00 5.661575E-03
1.135023E+01 1.886893E+00 5.311119E-03
1.131257E+01 1.898488E+00 5.045399E-03
1.127515E+01 1.909999E+00 4.844170E-03
1.123798E+01 1.921466E+00 4.692160E-03
1.120106E+01 1.932926E+00 4.577899E-03
1.116437E+01 1.944416E+00 4.492809E-03
1.112793E+01 1.955968E+00 4.430496E-03
1.109172E+01 1.967613E+00 4.386214E-03
1.105575E+01 1.979383E+00 4.356462E-03
1.102001E+01 1.991308E+00 4.338682E-03
1.098450E+01 2.003417E+00 4.331034E-03
1.094922E+01 2.015739E+00 4.332239E-03
1.091416E+01 2.028303E+00 4.341458E-03
1.087933E+01 2.041141E+00 4.358221E-03
1.084472E+01 2.054283E+00 4.382371E-03
1.081033E+01 2.067763E+00 4.414046E-03
1.077616E+01 2.081613E+00 4.453676E-03
1.074220E+01 2.095872E+00 4.502000E-03
1.070846E+01 2.110576E+00 4.560116E-03
1.067492E+01 2.125769E+00 4.629541E-03
1.064160E+01 2.141495E+00 4.712314E-03
1.060848E+01 2.157804E+00 4.811136E-03
1.057557E+01 2.174748E+00 4.929545E-03
1.054286E+01 2.192389E+00 5.072174E-03
1.051036E+01 2.210790E+00 5.245073E-03
1.047805E+01 2.230025E+00 5.456146E-03
1.044595E+01 2.250176E+00 5.715737E-03
1.041403E+01 2.271332E+00 6.037387E-03
1.038232E+01 2.293597E+00 6.438855E-03
1.035079E+01 2.317086E+00 6.943455E-03
1.031946E+01 2.341930E+00 7.581818E-03
1.028831E+01 2.368275E+00 8.394203E-03
1.025736E+01 2.396288E+00 9.433504E-03
1.022659E+01 2.426160E+00 1.076915E-02
1.019600E+01 2.458103E+00 1.249205E-02
1.016559E+01 2.492357E+00 1.472086E-02
1.013537E+01 2.529190E+00 1.760969E-02
1.010532E+01 2.568901E+00 2.135727E-02
1.007546E+01 2.611814E+00 2.621762E-02
1.004577E+01 2.658281E+00 3.251174E-02
1.001625E+01 2.708673E+00 4.063957E-02
9.986907E+00 2.763375E+00 5.109130E-02
9.957729E+00 2.822782E+00 6.445686E-02
9.928732E+00 2.887292E+00 8.143377E-02
9.899892E+00 2.957313E+00 1.028362E-01
9.871230E+00 3.033289E+00 1.296142E-01
9.842733E+00 3.115739E+00 1.629034E-01
9.814390E+00 3.205313E+00 2.041389E-01
9.786220E+00 3.302819E+00 2.552794E-01
9.758202E+00 3.409120E+00 3.191783E-01
9.730352E+00 3.524723E+00 4.000594E-01
9.702653E+00 3.648871E+00 5.038656E-01
9.675119E+00 3.778118E+00 6.379885E-01
9.647732E+00 3.904953E+00 8.098596E-01
9.620509E+00 4.017451E+00 1.024509E+00
9.593430E+00 4.100605E+00 1.282149E+00
9.566513E+00 4.138770E+00 1.576911E+00
9.539736E+00 4.118226E+00 1.896847E+00
9.513119E+00 4.029539E+00 2.224781E+00
9.486640E+00 3.869671E+00 2.540072E+00
9.460317E+00 3.643303E+00 2.821417E+00
9.434140E+00 3.362702E+00 3.050144E+00
9.408099E+00 3.046101E+00 3.213124E+00
9.382210E+00 2.714958E+00 3.304725E+00
9.356454E+00 2.390625E+00 3.327331E+00
9.330848E+00 2.091247E+00 3.290331E+00
9.305373E+00 1.829600E+00 3.208056E+00
9.280045E+00 1.611836E+00 3.097279E+00
9.254846E+00 1.437177E+00 2.974255E+00
9.229792E+00 1.299165E+00 2.851638E+00
9.204865E+00 1.188615E+00 2.736619E+00
9.180081E+00 1.096851E+00 2.631308E+00
9.155422E+00 1.017577E+00 2.534690E+00
9.130902E+00 9.471047E-01 2.444662E+00
9.106514E+00 8.836625E-01 2.359292E+00
9.082248E+00 8.265563E-01 2.277310E+00
9.058119E+00 7.755291E-01 2.198123E+00
9.034109E+00 7.303735E-01 2.121637E+00
9.010235E+00 6.907472E-01 2.048037E+00
8.986478E+00 6.561232E-01 1.977589E+00
8.962854E+00 6.258234E-01 1.910501E+00
8.939347E+00 5.990927E-01 1.846840E+00
8.915970E+00 5.751819E-01 1.786505E+00
8.892707E+00 5.534179E-01 1.729246E+00
8.869573E+00 5.332500E-01 1.674700E+00
8.846551E+00 5.142710E-01 1.622444E+00
8.823657E+00 4.962156E-01 1.572039E+00
8.800880E+00 4.789451E-01 1.523071E+00
8.778213E+00 4.624243E-01 1.475170E+00
8.755670E+00 4.466954E-01 1.428033E+00
8.733235E+00 4.318543E-01 1.381423E+00
8.710923E+00 4.180291E-01 1.335176E+00
8.688716E+00 4.053623E-01 1.289191E+00
8.666630E+00 3.939965E-01 1.243428E+00
8.644649E+00 3.840628E-01 1.197899E+00
8.622786E+00 3.756720E-01 1.152662E+00
8.601026E+00 3.689071E-01 1.107807E+00
8.579383E+00 3.638193E-01 1.063453E+00
8.557841E+00 3.604239E-01 1.019733E+00
8.536415E+00 3.587001E-01 9.767883E-01
8.515088E+00 3.585907E-01 9.347578E-01
8.493875E+00 3.600058E-01 8.937691E-01
8.472767E+00 3.628262E-01 8.539308E-01
8.451757E+00 3.669102E-01 8.153261E-01
8.430857E+00 3.721006E-01 7.780077E-01
8.410054E+00 3.782331E-01 7.419949E-01
8.389360E+00 3.851457E-01 7.072724E-01
8.368761E+00 3.926870E-01 6.737927E-01
8.348270E+00 4.007249E-01 6.414793E-01
8.327872E+00 4.091530E-01 6.102327E-01
8.307580E+00 4.178962E-01 5.799382E-01
8.287380E+00 4.269131E-01 5.504743E-01
8.267285E+00 4.361973E-01 5.217216E-01
8.247280E+00 4.457752E-01 4.935726E-01
8.227378E+00 4.557026E-01 4.659392E-01
8.207573E+00 4.660578E-01 4.387615E-01
8.187856E+00 4.769336E-01 4.120124E-01
8.168240E+00 4.884274E-01 3.857020E-01
8.148711E+00 5.006290E-01 3.598775E-01
8.129282E+00 5.136098E-01 3.346200E-01
8.109938E+00 5.274124E-01 3.100363E-01
8.090693E+00 5.420435E-01 2.862488E-01
8.071533E+00 5.574720E-01 2.633822E-01
8.052470E+00 5.736310E-01 2.415511E-01
8.033490E+00 5.904249E-01 2.208502E-01
8.014606E+00 6.077387E-01 2.013476E-01
7.995804E+00 6.254478E-01 1.830834E-01
7.977096E+00 6.434265E-01 1.660704E-01
7.958470E+00 6.615551E-01 1.502980E-01
7.939936E+00 6.797238E-01 1.357370E-01
7.921489E+00 6.978354E-01 1.223442E-01
7.903120E+00 7.158054E-01 1.100667E-01
7.884843E+00 7.335626E-01 9.884573E-02
7.866645E+00 7.510472E-01 8.861906E-02
7.848536E+00 7.682102E-01 7.932317E-02
7.830504E+00 7.850122E-01 7.089471E-02
7.812561E+00 8.014218E-01 6.327144E-02
7.794694E+00 8.174149E-01 5.639294E-02
7.776915E+00 8.329735E-01 5.020100E-02
7.759210E+00 8.480852E-01 4.463994E-02
7.741592E+00 8.627420E-01 3.965677E-02
7.724048E+00 8.769403E-01 3.520133E-02
7.706589E+00 8.906797E-01 3.122631E-02
7.689208E+00 9.039630E-01 2.768729E-02
7.671900E+00 9.167956E-01 2.454277E-02
7.654676E+00 9.291853E-01 2.175413E-02
7.637523E+00 9.411413E-01 1.928555E-02
7.620453E+00 9.526747E-01 1.710403E-02
7.603453E+00 9.637976E-01 1.517922E-02
7.586534E+00 9.745232E-01 1.348336E-02
7.569685E+00 9.848652E-01 1.199120E-02
7.552916E+00 9.948379E-01 1.067980E-02
7.536215E+00 1.004456E+00 9.528448E-03
7.519594E+00 1.013733E+00 8.518497E-03
7.503041E+00 1.022685E+00 7.633227E-03
7.486565E+00 1.031325E+00 6.857689E-03
7.470162E+00 1.039668E+00 6.178564E-03
7.453825E+00 1.047727E+00 5.584021E-03
7.437565E+00 1.055515E+00 5.063575E-03
7.421371E+00 1.063046E+00 4.607963E-03
7.405252E+00 1.070331E+00 4.209017E-03
7.389197E+00 1.077382E+00 3.859551E-03
7.373218E+00 1.084211E+00 3.553252E-03
7.357301E+00 1.090827E+00 3.284590E-03
7.341459E+00 1.097241E+00 3.048720E-03
7.325680E+00 1.103463E+00 2.841412E-03
7.309974E+00 1.109501E+00 2.658969E-03
7.294329E+00 1.115365E+00 2.498169E-03
7.278757E+00 1.121061E+00 2.356204E-03
7.263245E+00 1.126599E+00 2.230631E-03
7.247805E+00 1.131984E+00 2.119321E-03
7.232431E+00 1.137224E+00 2.020428E-03
7.217116E+00 1.142325E+00 1.932343E-03
7.201871E+00 1.147293E+00 1.853672E-03
7.186686E+00 1.152134E+00 1.783201E-03
7.171569E+00 1.156853E+00 1.719880E-03
7.156511E+00 1.161455E+00 1.662793E-03
7.141521E+00 1.165946E+00 1.611149E-03
7.126588E+00 1.170328E+00 1.564258E-03
7.111723E+00 1.174607E+00 1.521523E-03
7.096915E+00 1.178787E+00 1.482426E-03
7.082173E+00 1.182871E+00 1.446516E-03
7.067487E+00 1.186864E+00 1.413403E-03
7.052868E+00 1.190768E+00 1.382746E-03
7.038308E+00 1.194586E+00 1.354251E-03
7.023804E+00 1.198322E+00 1.327662E-03
7.009364E+00 1.201979E+00 1.302755E-03
6.994978E+00 1.205560E+00 1.279337E-03
6.980657E+00 1.209066E+00 1.257239E-03
6.966389E+00 1.212501E+00 1.236314E-03
6.952184E+00 1.215866E+00 1.216435E-03
6.938032E+00 1.219165E+00 1.197491E-03
6.923942E+00 1.222399E+00 1.179384E-03
6.909905E+00 1.225571E+00 1.162029E-03
6.895929E+00 1.228681E+00 1.145353E-03
6.882005E+00 1.231733E+00 1.129291E-03
6.868141E+00 1.234728E+00 1.113786E-03
6.854329E+00 1.237668E+00 1.098790E-03
6.840577E+00 1.240553E+00 1.084258E-03
6.826880E+00 1.243387E+00 1.070153E-03
6.813233E+00 1.246170E+00 1.056441E-03
6.799645E+00 1.248904E+00 1.043093E-03
6.786107E+00 1.251590E+00 1.030083E-03
6.772627E+00 1.254230E+00 1.017389E-03
6.759196E+00 1.256824E+00 1.004989E-03
6.745822E+00 1.259374E+00 9.928656E-04
6.732497E+00 1.261882E+00 9.810038E-04
6.719229E+00 1.264348E+00 9.693890E-04
6.706009E+00 1.266773E+00 9.580085E-04
6.692845E+00 1.269159E+00 9.468510E-04
6.679728E+00 1.271507E+00 9.359065E-04
6.666667E+00 1.273816E+00 9.251658E-04
