1.000000E+04 2.100541E+00 1.478158E-05
2.542288E+03 2.100567E+00 5.815128E-05
1.456255E+03 2.100625E+00 1.015511E-04
1.020367E+03 2.100715E+00 1.450037E-04
7.853078E+02 2.100837E+00 1.885317E-04
6.382713E+02 2.100991E+00 2.321577E-04
5.376119E+02 2.101176E+00 2.759048E-04
4.643765E+02 2.101393E+00 3.197962E-04
4.087019E+02 2.101643E+00 3.638550E-04
3.649479E+02 2.101924E+00 4.081052E-04
3.296561E+02 2.102238E+00 4.525705E-04
3.005883E+02 2.102585E+00 4.972755E-04
2.762311E+02 2.102964E+00 5.422448E-04
2.555255E+02 2.103377E+00 5.875037E-04
2.377076E+02 2.103822E+00 6.330781E-04
2.222125E+02 2.104301E+00 6.789941E-04
2.086140E+02 2.104813E+00 7.252788E-04
1.965838E+02 2.105360E+00 7.719598E-04
1.858655E+02 2.105941E+00 8.190654E-04
1.762555E+02 2.106556E+00 8.666248E-04
1.675904E+02 2.107207E+00 9.146681E-04
1.597374E+02 2.107892E+00 9.632261E-04
1.525874E+02 2.108614E+00 1.012331E-03
1.460501E+02 2.109372E+00 1.062016E-03
1.400499E+02 2.110166E+00 1.112314E-03
1.345233E+02 2.110997E+00 1.163263E-03
1.294162E+02 2.111866E+00 1.214898E-03
1.246828E+02 2.112773E+00 1.267258E-03
1.202834E+02 2.113719E+00 1.320384E-03
1.161839E+02 2.114704E+00 1.374316E-03
1.123546E+02 2.115729E+00 1.429100E-03
1.087697E+02 2.116794E+00 1.484779E-03
1.054065E+02 2.117901E+00 1.541404E-03
1.022450E+02 2.119050E+00 1.599023E-03
9.926760E+01 2.120241E+00 1.657691E-03
9.645880E+01 2.121476E+00 1.717462E-03
9.380449E+01 2.122756E+00 1.778396E-03
9.129235E+01 2.124080E+00 1.840556E-03
8.891133E+01 2.125451E+00 1.904008E-03
8.665128E+01 2.126870E+00 1.968822E-03
8.450328E+01 2.128337E+00 2.035072E-03
8.245927E+01 2.129853E+00 2.102839E-03
8.051173E+01 2.131420E+00 2.172208E-03
7.865413E+01 2.133039E+00 2.243269E-03
7.688026E+01 2.134711E+00 2.316122E-03
7.518463E+01 2.136438E+00 2.390870E-03
7.356224E+01 2.138221E+00 2.467627E-03
7.200834E+01 2.140062E+00 2.546518E-03
7.051873E+01 2.141962E+00 2.627674E-03
6.908954E+01 2.143923E+00 2.711242E-03
6.771709E+01 2.145948E+00 2.797380E-03
6.639811E+01 2.148038E+00 2.886262E-03
6.512957E+01 2.150195E+00 2.978079E-03
6.390854E+01 2.152422E+00 3.073043E-03
6.273250E+01 2.154721E+00 3.171388E-03
6.159892E+01 2.157096E+00 3.273375E-03
6.050558E+01 2.159548E+00 3.379296E-03
5.945042E+01 2.162082E+00 3.489482E-03
5.843139E+01 2.164700E+00 3.604303E-03
5.744670E+01 2.167407E+00 3.724185E-03
5.649469E+01 2.170206E+00 3.849612E-03
5.557368E+01 2.173102E+00 3.981145E-03
5.468222E+01 2.176101E+00 4.119433E-03
5.381894E+01 2.179208E+00 4.265237E-03
5.298246E+01 2.182429E+00 4.419456E-03
5.217162E+01 2.185771E+00 4.583156E-03
5.138519E+01 2.189243E+00 4.757623E-03
5.062212E+01 2.192853E+00 4.944414E-03
4.988141E+01 2.196612E+00 5.145444E-03
4.916203E+01 2.200533E+00 5.363086E-03
4.846311E+01 2.204629E+00 5.600332E-03
4.778381E+01 2.208919E+00 5.860995E-03
4.712327E+01 2.213422E+00 6.150019E-03
4.648073E+01 2.218165E+00 6.473922E-03
4.585551E+01 2.223177E+00 6.841458E-03
4.524686E+01 2.228498E+00 7.264644E-03
4.465418E+01 2.234180E+00 7.760369E-03
4.407680E+01 2.240287E+00 8.353046E-03
4.351417E+01 2.246910E+00 9.079117E-03
4.296574E+01 2.254171E+00 9.995124E-03
4.243094E+01 2.262248E+00 1.119306E-02
4.190929E+01 2.271402E+00 1.283180E-02
4.140032E+01 2.282038E+00 1.520780E-02
4.090356E+01 2.294800E+00 1.893162E-02
4.041857E+01 2.310677E+00 2.541261E-02
3.994497E+01 2.330697E+00 3.818074E-02
3.948232E+01 2.352837E+00 6.530358E-02
3.903027E+01 2.361619E+00 1.162573E-01
3.858846E+01 2.326098E+00 1.762438E-01
3.815654E+01 2.247324E+00 1.923020E-01
3.773418E+01 2.187582E+00 1.442006E-01
3.732106E+01 2.182642E+00 8.396978E-02
3.691689E+01 2.204474E+00 4.825886E-02
3.652140E+01 2.227861E+00 3.182173E-02
3.613427E+01 2.247382E+00 2.414872E-02
3.575526E+01 2.263742E+00 2.021094E-02
3.538414E+01 2.278087E+00 1.803164E-02
3.502063E+01 2.291202E+00 1.678898E-02
3.466451E+01 2.303585E+00 1.610057E-02
3.431557E+01 2.315562E+00 1.576946E-02
3.397358E+01 2.327355E+00 1.568608E-02
3.363834E+01 2.339127E+00 1.578616E-02
3.330965E+01 2.351004E+00 1.603077E-02
3.298732E+01 2.363087E+00 1.639615E-02
3.267118E+01 2.375464E+00 1.686817E-02
3.236102E+01 2.388214E+00 1.743924E-02
3.205671E+01 2.401412E+00 1.810644E-02
3.175807E+01 2.415132E+00 1.887055E-02
3.146494E+01 2.429449E+00 1.973547E-02
3.117716E+01 2.444442E+00 2.070800E-02
3.089462E+01 2.460197E+00 2.179784E-02
3.061713E+01 2.476806E+00 2.301787E-02
3.034460E+01 2.494374E+00 2.438460E-02
3.007687E+01 2.513018E+00 2.591884E-02
2.981382E+01 2.532875E+00 2.764675E-02
2.955534E+01 2.554101E+00 2.960126E-02
2.930130E+01 2.576880E+00 3.182408E-02
2.905158E+01 2.601432E+00 3.436847E-02
2.880610E+01 2.628022E+00 3.730330E-02
2.856472E+01 2.656970E+00 4.071887E-02
2.832735E+01 2.688675E+00 4.473552E-02
2.809390E+01 2.723635E+00 4.951669E-02
2.786427E+01 2.762487E+00 5.528930E-02
2.763836E+01 2.806061E+00 6.237635E-02
2.741608E+01 2.855455E+00 7.125116E-02
2.719734E+01 2.912167E+00 8.263126E-02
2.698208E+01 2.978290E+00 9.764870E-02
2.677019E+01 3.056839E+00 1.181768E-01
2.656160E+01 3.152310E+00 1.475002E-01
2.635624E+01 3.271638E+00 1.918046E-01
2.615403E+01 3.425778E+00 2.638253E-01
2.595489E+01 3.631556E+00 3.928712E-01
2.575878E+01 3.906470E+00 6.555330E-01
2.556559E+01 4.185936E+00 1.261516E+00
2.537529E+01 3.822897E+00 2.388308E+00
2.518780E+01 2.425355E+00 2.644488E+00
2.500306E+01 1.631030E+00 1.908908E+00
2.482101E+01 1.508040E+00 1.145020E+00
2.464159E+01 1.737222E+00 6.514432E-01
2.446474E+01 2.013398E+00 4.221965E-01
2.429042E+01 2.245677E+00 3.175416E-01
2.411856E+01 2.443068E+00 2.683613E-01
2.394912E+01 2.621810E+00 2.483960E-01
2.378204E+01 2.794532E+00 2.473785E-01
2.361728E+01 2.971459E+00 2.618885E-01
2.345478E+01 3.162284E+00 2.925134E-01
2.329451E+01 3.377901E+00 3.435845E-01
2.313641E+01 3.632368E+00 4.249069E-01
2.298044E+01 3.945482E+00 5.568580E-01
2.282656E+01 4.345461E+00 7.839771E-01
2.267473E+01 4.863413E+00 1.213345E+00
2.252491E+01 5.450681E+00 2.117151E+00
2.237705E+01 5.451033E+00 3.899813E+00
2.223111E+01 3.693336E+00 5.269451E+00
2.208708E+01 2.030942E+00 4.937800E+00
2.194489E+01 1.225369E+00 4.258363E+00
2.180453E+01 8.301148E-01 3.689590E+00
2.166595E+01 6.121580E-01 3.244424E+00
2.152911E+01 4.795415E-01 2.889144E+00
2.139400E+01 3.927659E-01 2.596789E+00
2.126057E+01 3.329119E-01 2.349185E+00
2.112880E+01 2.900480E-01 2.134148E+00
2.099865E+01 2.585742E-01 1.943282E+00
2.087009E+01 2.351632E-01 1.770581E+00
2.074310E+01 2.177751E-01 1.611566E+00
2.061764E+01 2.051612E-01 1.462737E+00
2.049369E+01 1.966148E-01 1.321200E+00
2.037122E+01 1.918687E-01 1.184384E+00
2.025022E+01 1.911185E-01 1.049802E+00
2.013063E+01 1.952189E-01 9.147932E-01
2.001246E+01 2.062562E-01 7.762410E-01
1.989566E+01 2.291250E-01 6.304966E-01
1.978021E+01 2.756204E-01 4.756732E-01
1.966610E+01 3.658956E-01 3.268918E-01
1.955330E+01 4.893530E-01 2.240544E-01
1.944178E+01 6.051426E-01 1.668135E-01
1.933153E+01 7.025635E-01 1.328202E-01
1.922252E+01 7.845756E-01 1.103549E-01
1.911474E+01 8.548105E-01 9.430486E-02
1.900815E+01 9.159599E-01 8.220630E-02
1.890275E+01 9.699343E-01 7.273244E-02
1.879852E+01 1.018114E+00 6.510225E-02
1.869542E+01 1.061522E+00 5.882319E-02
1.859345E+01 1.100938E+00 5.356755E-02
1.849258E+01 1.136969E+00 4.910777E-02
1.839281E+01 1.170098E+00 4.528035E-02
1.829410E+01 1.200714E+00 4.196440E-02
1.819645E+01 1.229137E+00 3.906847E-02
1.809984E+01 1.255632E+00 3.652193E-02
1.800424E+01 1.280421E+00 3.426936E-02
1.790965E+01 1.303693E+00 3.226657E-02
1.781605E+01 1.325609E+00 3.047793E-02
1.772343E+01 1.346309E+00 2.887438E-02
1.763176E+01 1.365914E+00 2.743195E-02
1.754103E+01 1.384528E+00 2.613076E-02
1.745123E+01 1.402244E+00 2.495415E-02
1.736235E+01 1.419145E+00 2.388810E-02
1.727437E+01 1.435303E+00 2.292072E-02
1.718727E+01 1.450783E+00 2.204190E-02
1.710105E+01 1.465644E+00 2.124301E-02
1.701569E+01 1.479939E+00 2.051665E-02
1.693118E+01 1.493714E+00 1.985647E-02
1.684750E+01 1.507014E+00 1.925704E-02
1.676465E+01 1.519879E+00 1.871370E-02
1.668261E+01 1.532344E+00 1.822247E-02
1.660137E+01 1.544444E+00 1.778000E-02
1.652091E+01 1.556211E+00 1.738348E-02
1.644123E+01 1.567672E+00 1.703063E-02
1.636231E+01 1.578857E+00 1.671961E-02
1.628415E+01 1.589791E+00 1.644909E-02
1.620674E+01 1.600499E+00 1.621819E-02
1.613005E+01 1.611004E+00 1.602649E-02
1.605409E+01 1.621331E+00 1.587411E-02
1.597884E+01 1.631503E+00 1.576173E-02
1.590429E+01 1.641541E+00 1.569065E-02
1.583043E+01 1.651468E+00 1.566295E-02
1.575726E+01 1.661309E+00 1.568161E-02
1.568476E+01 1.671088E+00 1.575078E-02
1.561292E+01 1.680829E+00 1.587604E-02
1.554174E+01 1.690561E+00 1.606490E-02
1.547121E+01 1.700314E+00 1.632741E-02
1.540131E+01 1.710122E+00 1.667713E-02
1.533204E+01 1.720025E+00 1.713248E-02
1.526339E+01 1.730066E+00 1.771886E-02
1.519535E+01 1.740301E+00 1.847190E-02
1.512792E+01 1.750797E+00 1.944259E-02
1.506108E+01 1.761633E+00 2.070576E-02
1.499484E+01 1.772912E+00 2.237435E-02
1.492917E+01 1.784763E+00 2.462438E-02
1.486407E+01 1.797340E+00 2.774021E-02
1.479954E+01 1.810815E+00 3.219944E-02
1.473557E+01 1.825316E+00 3.883423E-02
1.467215E+01 1.840683E+00 4.912523E-02
1.460927E+01 1.855654E+00 6.559596E-02
1.454693E+01 1.865566E+00 9.142299E-02
1.448511E+01 1.859243E+00 1.252298E-01
1.442382E+01 1.827106E+00 1.491873E-01
1.436305E+01 1.786985E+00 1.400067E-01
1.430279E+01 1.769082E+00 1.078283E-01
1.424303E+01 1.774163E+00 7.802330E-02
1.418377E+01 1.788937E+00 5.838935E-02
1.412500E+01 1.805883E+00 4.653269E-02
1.406671E+01 1.822628E+00 3.939906E-02
1.400890E+01 1.838711E+00 3.507352E-02
1.395157E+01 1.854216E+00 3.248442E-02
1.389471E+01 1.869347E+00 3.103418E-02
1.383830E+01 1.884313E+00 3.038309E-02
1.378235E+01 1.899307E+00 3.033576E-02
1.372685E+01 1.914505E+00 3.078182E-02
1.367180E+01 1.930069E+00 3.166455E-02
1.361719E+01 1.946161E+00 3.296425E-02
1.356301E+01 1.962946E+00 3.468994E-02
1.350926E+01 1.980605E+00 3.687620E-02
1.345594E+01 1.999336E+00 3.958368E-02
1.340303E+01 2.019373E+00 4.290296E-02
1.335054E+01 2.040988E+00 4.696216E-02
1.329846E+01 2.064516E+00 5.193935E-02
1.324678E+01 2.090365E+00 5.808216E-02
1.319551E+01 2.119052E+00 6.573860E-02
1.314463E+01 2.151235E+00 7.540617E-02
1.309414E+01 2.187765E+00 8.781234E-02
1.304403E+01 2.229757E+00 1.040502E-01
1.299431E+01 2.278683E+00 1.258164E-01
1.294497E+01 2.336479E+00 1.558445E-01
1.289600E+01 2.405617E+00 1.987303E-01
1.284740E+01 2.488912E+00 2.625659E-01
1.279916E+01 2.588195E+00 3.622326E-01
1.275128E+01 2.698520E+00 5.255778E-01
1.270376E+01 2.786617E+00 7.997425E-01
1.265660E+01 2.734717E+00 1.219697E+00
1.260978E+01 2.357784E+00 1.633526E+00
1.256331E+01 1.776410E+00 1.713288E+00
1.251718E+01 1.327527E+00 1.488785E+00
1.247138E+01 1.083403E+00 1.168047E+00
1.242592E+01 9.954506E-01 8.522629E-01
1.238080E+01 1.019344E+00 5.882066E-01
1.233599E+01 1.103047E+00 4.023904E-01
1.229151E+01 1.197899E+00 2.850395E-01
1.224735E+01 1.283119E+00 2.112879E-01
1.220351E+01 1.355237E+00 1.630523E-01
1.215998E+01 1.415805E+00 1.300458E-01
1.211676E+01 1.467100E+00 1.065436E-01
1.207384E+01 1.511111E+00 8.924543E-02
1.203123E+01 1.549393E+00 7.616020E-02
1.198892E+01 1.583134E+00 6.603421E-02
1.194690E+01 1.613239E+00 5.804757E-02
1.190518E+01 1.640401E+00 5.164626E-02
1.186375E+01 1.665160E+00 4.644518E-02
1.182260E+01 1.687939E+00 4.216996E-02
1.178174E+01 1.709075E+00 3.862091E-02
1.174116E+01 1.728840E+00 3.564991E-02
1.170086E+01 1.747454E+00 3.314525E-02
1.166084E+01 1.765099E+00 3.102142E-02
1.162108E+01 1.781927E+00 2.921213E-02
1.158160E+01 1.798064E+00 2.766534E-02
1.154239E+01 1.813620E+00 2.633980E-02
1.150344E+01 1.828686E+00 2.520249E-02
1.146475E+01 1.843343E+00 2.422677E-02
1.142632E+01 1.857661E+00 2.339098E-02
1.138815E+01 1.871701E+00 2.267742E-02
1.135023E+01 1.885518E+00 2.207154E-02
1.131257E+01 1.899163E+00 2.156132E-02
1.127515E+01 1.912678E+00 2.113682E-02
1.123798E+01 1.926106E+00 2.078981E-02
1.120106E+01 1.939485E+00 2.051346E-02
1.116437E+01 1.952849E+00 2.030214E-02
1.112793E+01 1.966233E+00 2.015120E-02
1.109172E+01 1.979667E+00 2.005687E-02
1.105575E+01 1.993184E+00 2.001611E-02
1.102001E+01 2.006812E+00 2.002654E-02
1.098450E+01 2.020582E+00 2.008636E-02
1.094922E+01 2.034521E+00 2.019430E-02
1.091416E+01 2.048659E+00 2.034955E-02
1.087933E+01 2.063026E+00 2.055177E-02
1.084472E+01 2.077651E+00 2.080106E-02
1.081033E+01 2.092565E+00 2.109793E-02
1.077616E+01 2.107799E+00 2.144329E-02
1.074220E+01 2.123385E+00 2.183849E-02
1.070846E+01 2.139359E+00 2.228532E-02
1.067492E+01 2.155755E+00 2.278600E-02
1.064160E+01 2.172613E+00 2.334324E-02
1.060848E+01 2.189971E+00 2.396029E-02
1.057557E+01 2.207875E+00 2.464095E-02
1.054286E+01 2.226370E+00 2.538966E-02
1.051036E+01 2.245505E+00 2.621158E-02
1.047805E+01 2.265336E+00 2.711266E-02
1.044595E+01 2.285921E+00 2.809976E-02
1.041403E+01 2.307325E+00 2.918081E-02
1.038232E+01 2.329617E+00 3.036496E-02
1.035079E+01 2.352877E+00 3.166277E-02
1.031946E+01 2.377188E+00 3.308652E-02
1.028831E+01 2.402648E+00 3.465050E-02
1.025736E+01 2.429361E+00 3.637142E-02
1.022659E+01 2.457446E+00 3.826892E-02
1.019600E+01 2.487038E+00 4.036629E-02
1.016559E+01 2.518287E+00 4.269124E-02
1.013537E+01 2.551364E+00 4.527711E-02
1.010532E+01 2.586464E+00 4.816434E-02
1.007546E+01 2.623812E+00 5.140242E-02
1.004577E+01 2.663665E+00 5.505260E-02
1.001625E+01 2.706322E+00 5.919145E-02
9.986907E+00 2.752129E+00 6.391577E-02
9.957729E+00 2.801492E+00 6.934919E-02
9.928732E+00 2.854886E+00 7.565107E-02
9.899892E+00 2.912872E+00 8.302860E-02
9.871230E+00 2.976111E+00 9.175262E-02
9.842733E+00 3.045383E+00 1.021784E-01
9.814390E+00 3.121617E+00 1.147717E-01
9.786220E+00 3.205915E+00 1.301411E-01
9.758202E+00 3.299598E+00 1.490756E-01
9.730352E+00 3.404276E+00 1.725908E-01
9.702653E+00 3.521965E+00 2.019906E-01
9.675119E+00 3.655312E+00 2.389738E-01
9.647732E+00 3.808009E+00 2.858758E-01
9.620509E+00 3.985514E+00 3.462769E-01
9.593430E+00 4.196144E+00 4.265536E-01
9.566513E+00 4.452132E+00 5.396423E-01
9.539736E+00 4.768160E+00 7.130878E-01
9.513119E+00 5.149568E+00 1.001339E+00
9.486640E+00 5.558676E+00 1.488140E+00
9.460317E+00 5.873026E+00 2.243404E+00
9.434140E+00 5.902667E+00 3.233587E+00
9.408099E+00 5.498330E+00 4.274860E+00
9.382210E+00 4.669375E+00 5.100548E+00
9.356454E+00 3.606873E+00 5.507584E+00
9.330848E+00 2.580001E+00 5.470116E+00
9.305373E+00 1.786727E+00 5.130081E+00
9.280045E+00 1.273473E+00 4.684306E+00
9.254846E+00 9.713746E-01 4.267520E+00
9.229792E+00 7.894626E-01 3.923290E+00
9.204865E+00 6.669453E-01 3.644917E+00
9.180081E+00 5.739089E-01 3.414018E+00
9.155422E+00 4.977962E-01 3.215338E+00
9.130902E+00 4.337375E-01 3.038921E+00
9.106514E+00 3.798057E-01 2.878865E+00
9.082248E+00 3.349911E-01 2.731828E+00
9.058119E+00 2.984256E-01 2.595922E+00
9.034109E+00 2.691545E-01 2.469999E+00
9.010235E+00 2.461367E-01 2.353225E+00
8.986478E+00 2.283213E-01 2.244868E+00
8.962854E+00 2.147246E-01 2.144205E+00
8.939347E+00 2.044818E-01 2.050499E+00
8.915970E+00 1.968684E-01 1.963008E+00
8.892707E+00 1.913003E-01 1.880996E+00
8.869573E+00 1.873228E-01 1.803735E+00
8.846551E+00 1.845975E-01 1.730493E+00
8.823657E+00 1.828999E-01 1.660497E+00
8.800880E+00 1.821480E-01 1.592863E+00
8.778213E+00 1.825239E-01 1.526456E+00
8.755670E+00 1.848663E-01 1.459705E+00
8.733235E+00 1.917505E-01 1.390672E+00
8.710923E+00 2.094704E-01 1.318885E+00
8.688716E+00 2.476716E-01 1.251670E+00
8.666630E+00 3.076056E-01 1.209818E+00
8.644649E+00 3.656825E-01 1.212449E+00
8.622786E+00 3.866972E-01 1.248814E+00
8.601026E+00 3.583965E-01 1.283173E+00
8.579383E+00 2.987527E-01 1.286021E+00
8.557841E+00 2.366616E-01 1.251385E+00
8.536415E+00 1.921624E-01 1.192499E+00
8.515088E+00 1.689453E-01 1.127552E+00
8.493875E+00 1.596998E-01 1.067292E+00
8.472767E+00 1.566833E-01 1.013459E+00
8.451757E+00 1.559185E-01 9.643087E-01
8.430857E+00 1.559806E-01 9.180462E-01
8.410054E+00 1.564805E-01 8.734861E-01
8.389360E+00 1.573769E-01 8.298928E-01
8.368761E+00 1.587432E-01 7.867871E-01
8.348270E+00 1.606997E-01 7.438288E-01
8.327872E+00 1.633992E-01 7.007528E-01
8.307580E+00 1.670315E-01 6.573372E-01
8.287380E+00 1.718374E-01 6.133873E-01
8.267285E+00 1.781313E-01 5.687339E-01
8.247280E+00 1.863324E-01 5.232479E-01
8.227378E+00 1.970048E-01 4.768834E-01
8.207573E+00 2.108943E-01 4.297724E-01
8.187856E+00 2.289128E-01 3.824004E-01
8.168240E+00 2.519551E-01 3.358516E-01
8.148711E+00 2.804037E-01 2.919246E-01
8.129282E+00 3.134952E-01 2.526944E-01
8.109938E+00 3.493067E-01 2.195082E-01
8.090693E+00 3.856619E-01 1.923989E-01
8.071533E+00 4.209974E-01 1.704738E-01
8.052470E+00 4.545218E-01 1.525952E-01
8.033490E+00 4.859766E-01 1.377612E-01
8.014606E+00 5.153823E-01 1.252025E-01
7.995804E+00 5.428818E-01 1.143579E-01
7.977096E+00 5.686593E-01 1.048252E-01
7.958470E+00 5.929026E-01 9.631703E-02
7.939936E+00 6.157873E-01 8.862750E-02
7.921489E+00 6.374703E-01 8.160884E-02
7.903120E+00 6.580887E-01 7.515484E-02
7.884843E+00 6.777601E-01 6.918907E-02
7.866645E+00 6.965842E-01 6.365647E-02
7.848536E+00 7.146449E-01 5.851717E-02
7.830504E+00 7.320121E-01 5.374190E-02
7.812561E+00 7.487434E-01 4.930868E-02
7.794694E+00 7.648862E-01 4.520027E-02
7.776915E+00 7.804794E-01 4.140235E-02
7.759210E+00 7.955545E-01 3.790224E-02
7.741592E+00 8.101373E-01 3.468792E-02
7.724048E+00 8.242489E-01 3.174740E-02
7.706589E+00 8.379067E-01 2.906832E-02
7.689208E+00 8.511254E-01 2.663770E-02
7.671900E+00 8.639177E-01 2.444180E-02
7.654676E+00 8.762950E-01 2.246615E-02
7.637523E+00 8.882679E-01 2.069563E-02
7.620453E+00 8.998468E-01 1.911466E-02
7.603453E+00 9.110419E-01 1.770738E-02
7.586534E+00 9.218641E-01 1.645793E-02
7.569685E+00 9.323245E-01 1.535073E-02
7.552916E+00 9.424347E-01 1.437069E-02
7.536215E+00 9.522069E-01 1.350349E-02
7.519594E+00 9.616538E-01 1.273572E-02
7.503041E+00 9.707881E-01 1.205503E-02
7.486565E+00 9.796229E-01 1.145021E-02
7.470162E+00 9.881713E-01 1.091118E-02
7.453825E+00 9.964462E-01 1.042903E-02
7.437565E+00 1.004460E+00 9.995940E-03
7.421371E+00 1.012225E+00 9.605095E-03
7.405252E+00 1.019754E+00 9.250624E-03
7.389197E+00 1.027057E+00 8.927492E-03
7.373218E+00 1.034145E+00 8.631402E-03
7.357301E+00 1.041029E+00 8.358702E-03
7.341459E+00 1.047718E+00 8.106298E-03
7.325680E+00 1.054222E+00 7.871574E-03
7.309974E+00 1.060548E+00 7.652319E-03
7.294329E+00 1.066705E+00 7.446665E-03
7.278757E+00 1.072700E+00 7.253033E-03
7.263245E+00 1.078541E+00 7.070084E-03
7.247805E+00 1.084234E+00 6.896683E-03
7.232431E+00 1.089786E+00 6.731864E-03
7.217116E+00 1.095202E+00 6.574802E-03
7.201871E+00 1.100488E+00 6.424787E-03
7.186686E+00 1.105649E+00 6.281210E-03
7.171569E+00 1.110689E+00 6.143544E-03
7.156511E+00 1.115614E+00 6.011329E-03
7.141521E+00 1.120428E+00 5.884164E-03
7.126588E+00 1.125135E+00 5.761697E-03
7.111723E+00 1.129739E+00 5.643614E-03
7.096915E+00 1.134244E+00 5.529641E-03
7.082173E+00 1.138652E+00 5.419528E-03
7.067487E+00 1.142968E+00 5.313053E-03
7.052868E+00 1.147194E+00 5.210016E-03
7.038308E+00 1.151333E+00 5.110235E-03
7.023804E+00 1.155389E+00 5.013543E-03
7.009364E+00 1.159364E+00 4.919789E-03
6.994978E+00 1.163261E+00 4.828833E-03
6.980657E+00 1.167081E+00 4.740546E-03
6.966389E+00 1.170828E+00 4.654809E-03
6.952184E+00 1.174504E+00 4.571511E-03
6.938032E+00 1.178111E+00 4.490549E-03
6.923942E+00 1.181650E+00 4.411826E-03
6.909905E+00 1.185124E+00 4.335251E-03
6.895929E+00 1.188535E+00 4.260739E-03
6.882005E+00 1.191884E+00 4.188211E-03
6.868141E+00 1.195174E+00 4.117591E-03
6.854329E+00 1.198405E+00 4.048808E-03
6.840577E+00 1.201581E+00 3.981793E-03
6.826880E+00 1.204701E+00 3.916484E-03
6.813233E+00 1.207767E+00 3.852818E-03
6.799645E+00 1.210782E+00 3.790739E-03
6.786107E+00 1.213746E+00 3.730192E-03
6.772627E+00 1.216661E+00 3.671123E-03
6.759196E+00 1.219528E+00 3.613483E-03
6.745822E+00 1.222348E+00 3.557225E-03
6.732497E+00 1.225122E+00 3.502302E-03
6.719229E+00 1.227852E+00 3.448672E-03
6.706009E+00 1.230538E+00 3.396292E-03
6.692845E+00 1.233182E+00 3.345123E-03
6.679728E+00 1.235785E+00 3.295126E-03
6.666667E+00 1.238347E+00 3.246265E-03
