10000.000000 2.101635 0.000005 
5000.000000 2.101640 0.000010 
3333.333333 2.101649 0.000015 
2500.000000 2.101662 0.000020 
2000.000000 2.101678 0.000025 
1666.666667 2.101698 0.000030 
1428.571429 2.101722 0.000035 
1250.000000 2.101749 0.000040 
1111.111111 2.101780 0.000045 
1000.000000 2.101814 0.000051 
909.090909 2.101852 0.000056 
833.333333 2.101894 0.000061 
769.230769 2.101939 0.000066 
714.285714 2.101989 0.000071 
666.666667 2.102041 0.000076 
625.000000 2.102098 0.000081 
588.235294 2.102158 0.000086 
555.555556 2.102221 0.000092 
526.315789 2.102289 0.000097 
500.000000 2.102360 0.000102 
476.190476 2.102434 0.000107 
454.545455 2.102513 0.000113 
434.782609 2.102595 0.000118 
416.666667 2.102680 0.000123 
400.000000 2.102770 0.000129 
384.615385 2.102863 0.000134 
370.370370 2.102959 0.000139 
357.142857 2.103060 0.000145 
344.827586 2.103164 0.000150 
333.333333 2.103272 0.000156 
322.580645 2.103384 0.000161 
312.500000 2.103499 0.000167 
303.030303 2.103618 0.000172 
294.117647 2.103741 0.000178 
285.714286 2.103867 0.000184 
277.777778 2.103998 0.000189 
270.270270 2.104132 0.000195 
263.157895 2.104270 0.000201 
256.410256 2.104411 0.000207 
250.000000 2.104557 0.000213 
243.902439 2.104706 0.000219 
238.095238 2.104859 0.000224 
232.558140 2.105016 0.000230 
227.272727 2.105176 0.000236 
222.222222 2.105341 0.000243 
217.391304 2.105509 0.000249 
212.765957 2.105681 0.000255 
208.333333 2.105857 0.000261 
204.081633 2.106037 0.000267 
200.000000 2.106221 0.000274 
196.078431 2.106408 0.000280 
192.307692 2.106600 0.000287 
188.679245 2.106795 0.000293 
185.185185 2.106995 0.000300 
181.818182 2.107198 0.000306 
178.571429 2.107405 0.000313 
175.438596 2.107616 0.000320 
172.413793 2.107832 0.000327 
169.491525 2.108051 0.000334 
166.666667 2.108274 0.000341 
163.934426 2.108501 0.000348 
161.290323 2.108732 0.000355 
158.730159 2.108968 0.000362 
156.250000 2.109207 0.000369 
153.846154 2.109450 0.000376 
151.515152 2.109698 0.000384 
149.253731 2.109949 0.000391 
147.058824 2.110205 0.000399 
144.927536 2.110465 0.000406 
142.857143 2.110728 0.000414 
140.845070 2.110996 0.000422 
138.888889 2.111269 0.000430 
136.986301 2.111545 0.000438 
135.135135 2.111826 0.000446 
133.333333 2.112111 0.000454 
131.578947 2.112400 0.000462 
129.870130 2.112693 0.000471 
128.205128 2.112991 0.000479 
126.582278 2.113293 0.000488 
125.000000 2.113599 0.000496 
123.456790 2.113909 0.000505 
121.951220 2.114224 0.000514 
120.481928 2.114544 0.000523 
119.047619 2.114867 0.000532 
117.647059 2.115195 0.000541 
116.279070 2.115528 0.000550 
114.942529 2.115865 0.000559 
113.636364 2.116206 0.000569 
112.359551 2.116552 0.000578 
111.111111 2.116903 0.000588 
109.890110 2.117258 0.000598 
108.695652 2.117617 0.000608 
107.526882 2.117981 0.000618 
106.382979 2.118350 0.000628 
105.263158 2.118724 0.000638 
104.166667 2.119102 0.000649 
103.092784 2.119484 0.000659 
102.040816 2.119872 0.000670 
101.010101 2.120264 0.000681 
100.000000 2.120661 0.000692 
99.009901 2.121063 0.000703 
98.039216 2.121469 0.000714 
97.087379 2.121881 0.000725 
96.153846 2.122297 0.000737 
95.238095 2.122718 0.000749 
94.339623 2.123144 0.000760 
93.457944 2.123575 0.000772 
92.592593 2.124011 0.000784 
91.743119 2.124452 0.000797 
90.909091 2.124898 0.000809 
90.090090 2.125349 0.000822 
89.285714 2.125805 0.000834 
88.495575 2.126267 0.000847 
87.719298 2.126733 0.000860 
86.956522 2.127205 0.000874 
86.206897 2.127682 0.000887 
85.470085 2.128164 0.000901 
84.745763 2.128651 0.000914 
84.033613 2.129144 0.000928 
83.333333 2.129642 0.000943 
82.644628 2.130146 0.000957 
81.967213 2.130655 0.000971 
81.300813 2.131169 0.000986 
80.645161 2.131689 0.001001 
80.000000 2.132215 0.001016 
79.365079 2.132746 0.001031 
78.740157 2.133282 0.001047 
78.125000 2.133825 0.001063 
77.519380 2.134373 0.001079 
76.923077 2.134927 0.001095 
76.335878 2.135486 0.001111 
75.757576 2.136052 0.001128 
75.187970 2.136623 0.001144 
74.626866 2.137200 0.001161 
74.074074 2.137783 0.001179 
73.529412 2.138372 0.001196 
72.992701 2.138968 0.001214 
72.463768 2.139569 0.001232 
71.942446 2.140176 0.001250 
71.428571 2.140790 0.001269 
70.921986 2.141410 0.001287 
70.422535 2.142036 0.001306 
69.930070 2.142668 0.001326 
69.444444 2.143307 0.001345 
68.965517 2.143952 0.001365 
68.493151 2.144604 0.001385 
68.027211 2.145262 0.001405 
67.567568 2.145927 0.001426 
67.114094 2.146598 0.001447 
66.666667 2.147276 0.001468 
66.225166 2.147961 0.001490 
65.789474 2.148653 0.001511 
65.359477 2.149351 0.001533 
64.935065 2.150056 0.001556 
64.516129 2.150769 0.001579 
64.102564 2.151488 0.001602 
63.694268 2.152215 0.001625 
63.291139 2.152948 0.001649 
62.893082 2.153689 0.001673 
62.500000 2.154437 0.001697 
62.111801 2.155193 0.001722 
61.728395 2.155955 0.001747 
61.349693 2.156726 0.001772 
60.975610 2.157504 0.001798 
60.606061 2.158289 0.001824 
60.240964 2.159082 0.001851 
59.880240 2.159883 0.001878 
59.523810 2.160692 0.001905 
59.171598 2.161509 0.001933 
58.823529 2.162333 0.001961 
58.479532 2.163166 0.001989 
58.139535 2.164006 0.002018 
57.803468 2.164855 0.002048 
57.471264 2.165713 0.002077 
57.142857 2.166578 0.002108 
56.818182 2.167452 0.002138 
56.497175 2.168335 0.002169 
56.179775 2.169226 0.002201 
55.865922 2.170125 0.002233 
55.555556 2.171034 0.002265 
55.248619 2.171951 0.002298 
54.945055 2.172878 0.002332 
54.644809 2.173813 0.002366 
54.347826 2.174758 0.002400 
54.054054 2.175712 0.002435 
53.763441 2.176675 0.002471 
53.475936 2.177647 0.002507 
53.191489 2.178629 0.002543 
52.910053 2.179621 0.002580 
52.631579 2.180622 0.002618 
52.356021 2.181633 0.002656 
52.083333 2.182654 0.002695 
51.813472 2.183686 0.002734 
51.546392 2.184727 0.002774 
51.282051 2.185778 0.002815 
51.020408 2.186840 0.002856 
50.761421 2.187913 0.002898 
50.505051 2.188996 0.002940 
50.251256 2.190089 0.002984 
50.000000 2.191194 0.003027 
49.751244 2.192309 0.003072 
49.504950 2.193436 0.003117 
49.261084 2.194574 0.003163 
49.019608 2.195723 0.003210 
48.780488 2.196883 0.003257 
48.543689 2.198056 0.003305 
48.309179 2.199239 0.003354 
48.076923 2.200435 0.003403 
47.846890 2.201643 0.003454 
47.619048 2.202863 0.003505 
47.393365 2.204096 0.003557 
47.169811 2.205340 0.003609 
46.948357 2.206598 0.003663 
46.728972 2.207868 0.003718 
46.511628 2.209151 0.003773 
46.296296 2.210447 0.003829 
46.082949 2.211757 0.003886 
45.871560 2.213079 0.003944 
45.662100 2.214416 0.004003 
45.454545 2.215766 0.004063 
45.248869 2.217130 0.004124 
45.045045 2.218508 0.004186 
44.843049 2.219901 0.004249 
44.642857 2.221308 0.004313 
44.444444 2.222730 0.004378 
44.247788 2.224166 0.004444 
44.052863 2.225618 0.004512 
43.859649 2.227084 0.004580 
43.668122 2.228567 0.004650 
43.478261 2.230065 0.004720 
43.290043 2.231579 0.004792 
43.103448 2.233109 0.004865 
42.918455 2.234655 0.004940 
42.735043 2.236218 0.005015 
42.553191 2.237797 0.005092 
42.372881 2.239394 0.005170 
42.194093 2.241008 0.005250 
42.016807 2.242639 0.005331 
41.841004 2.244288 0.005413 
41.666667 2.245955 0.005497 
41.493776 2.247641 0.005582 
41.322314 2.249345 0.005669 
41.152263 2.251068 0.005757 
40.983607 2.252809 0.005847 
40.816327 2.254570 0.005938 
40.650407 2.256351 0.006031 
40.485830 2.258152 0.006126 
40.322581 2.259973 0.006222 
40.160643 2.261815 0.006320 
40.000000 2.263677 0.006420 
39.840637 2.265560 0.006522 
39.682540 2.267466 0.006626 
39.525692 2.269392 0.006731 
39.370079 2.271342 0.006838 
39.215686 2.273313 0.006948 
39.062500 2.275308 0.007059 
38.910506 2.277326 0.007173 
38.759690 2.279367 0.007288 
38.610039 2.281433 0.007406 
38.461538 2.283522 0.007526 
38.314176 2.285637 0.007649 
38.167939 2.287777 0.007773 
38.022814 2.289943 0.007900 
37.878788 2.292134 0.008030 
37.735849 2.294352 0.008162 
37.593985 2.296597 0.008296 
37.453184 2.298870 0.008434 
37.313433 2.301170 0.008574 
37.174721 2.303499 0.008716 
37.037037 2.305857 0.008862 
36.900369 2.308244 0.009010 
36.764706 2.310661 0.009162 
36.630037 2.313108 0.009316 
36.496350 2.315586 0.009474 
36.363636 2.318096 0.009634 
36.231884 2.320638 0.009798 
36.101083 2.323213 0.009966 
35.971223 2.325820 0.010137 
35.842294 2.328462 0.010311 
35.714286 2.331139 0.010489 
35.587189 2.333850 0.010671 
35.460993 2.336598 0.010857 
35.335689 2.339382 0.011047 
35.211268 2.342203 0.011241 
35.087719 2.345062 0.011438 
34.965035 2.347960 0.011641 
34.843206 2.350897 0.011847 
34.722222 2.353875 0.012059 
34.602076 2.356894 0.012274 
34.482759 2.359954 0.012495 
34.364261 2.363058 0.012720 
34.246575 2.366205 0.012951 
34.129693 2.369396 0.013187 
34.013605 2.372633 0.013428 
33.898305 2.375916 0.013675 
33.783784 2.379247 0.013927 
33.670034 2.382626 0.014186 
33.557047 2.386054 0.014450 
33.444816 2.389533 0.014720 
33.333333 2.393064 0.014997 
33.222591 2.396647 0.015281 
33.112583 2.400284 0.015571 
33.003300 2.403976 0.015869 
32.894737 2.407724 0.016173 
32.786885 2.411530 0.016485 
32.679739 2.415395 0.016805 
32.573290 2.419320 0.017133 
32.467532 2.423307 0.017469 
32.362460 2.427357 0.017814 
32.258065 2.431472 0.018167 
32.154341 2.435652 0.018529 
32.051282 2.439901 0.018901 
31.948882 2.444218 0.019282 
31.847134 2.448607 0.019674 
31.746032 2.453069 0.020076 
31.645570 2.457605 0.020488 
31.545741 2.462218 0.020912 
31.446541 2.466909 0.021347 
31.347962 2.471680 0.021794 
31.250000 2.476535 0.022254 
31.152648 2.481473 0.022726 
31.055901 2.486499 0.023211 
30.959752 2.491614 0.023710 
30.864198 2.496821 0.024224 
30.769231 2.502122 0.024752 
30.674847 2.507520 0.025296 
30.581040 2.513017 0.025855 
30.487805 2.518616 0.026432 
30.395137 2.524320 0.027025 
30.303030 2.530132 0.027636 
30.211480 2.536056 0.028266 
30.120482 2.542093 0.028916 
30.030030 2.548249 0.029585 
29.940120 2.554526 0.030276 
29.850746 2.560927 0.030988 
29.761905 2.567458 0.031724 
29.673591 2.574121 0.032483 
29.585799 2.580920 0.033267 
29.498525 2.587861 0.034077 
29.411765 2.594947 0.034914 
29.325513 2.602184 0.035779 
29.239766 2.609575 0.036674 
29.154519 2.617127 0.037600 
29.069767 2.624844 0.038558 
28.985507 2.632732 0.039550 
28.901734 2.640797 0.040578 
28.818444 2.649045 0.041642 
28.735632 2.657482 0.042746 
28.653295 2.666115 0.043891 
28.571429 2.674952 0.045078 
28.490028 2.683998 0.046311 
28.409091 2.693263 0.047591 
28.328612 2.702753 0.048921 
28.248588 2.712479 0.050304 
28.169014 2.722448 0.051742 
28.089888 2.732669 0.053238 
28.011204 2.743154 0.054796 
27.932961 2.753912 0.056419 
27.855153 2.764955 0.058111 
27.777778 2.776293 0.059875 
27.700831 2.787940 0.061716 
27.624309 2.799908 0.063639 
27.548209 2.812211 0.065647 
27.472527 2.824863 0.067748 
27.397260 2.837880 0.069945 
27.322404 2.851278 0.072246 
27.247956 2.865075 0.074657 
27.173913 2.879288 0.077185 
27.100271 2.893937 0.079838 
27.027027 2.909044 0.082624 
26.954178 2.924629 0.085553 
26.881720 2.940718 0.088634 
26.809651 2.957334 0.091878 
26.737968 2.974505 0.095298 
26.666667 2.992259 0.098906 
26.595745 3.010628 0.102717 
26.525199 3.029644 0.106745 
26.455026 3.049343 0.111008 
26.385224 3.069763 0.115526 
26.315789 3.090944 0.120318 
26.246719 3.112932 0.125409 
26.178010 3.135774 0.130822 
26.109661 3.159521 0.136588 
26.041667 3.184229 0.142736 
25.974026 3.209958 0.149304 
25.906736 3.236774 0.156329 
25.839793 3.264748 0.163856 
25.773196 3.293958 0.171935 
25.706941 3.324488 0.180622 
25.641026 3.356431 0.189980 
25.575448 3.389887 0.200082 
25.510204 3.424967 0.211009 
25.445293 3.461792 0.222855 
25.380711 3.500496 0.235728 
25.316456 3.541226 0.249752 
25.252525 3.584143 0.265069 
25.188917 3.629426 0.281846 
25.125628 3.677272 0.300278 
25.062657 3.727899 0.320592 
25.000000 3.781550 0.343055 
24.937656 3.838489 0.367985 
24.875622 3.899012 0.395761 
24.813896 3.963443 0.426834 
24.752475 4.032137 0.461750 
24.691358 4.105482 0.501170 
24.630542 4.183894 0.545901 
24.570025 4.267816 0.596934 
24.509804 4.357700 0.655494 
24.449878 4.453989 0.723103 
24.390244 4.557072 0.801669 
24.330900 4.667217 0.893586 
24.271845 4.784448 1.001873 
24.213075 4.908348 1.130328 
24.154589 5.037731 1.283710 
24.096386 5.170117 1.467874 
24.038462 5.300912 1.689795 
23.980815 5.422202 1.957226 
23.923445 5.521167 2.277569 
23.866348 5.578497 2.655292 
23.809524 5.568037 3.087181 
23.752969 5.460180 3.555891 
23.696682 5.231594 4.025295 
23.640662 4.879602 4.444648 
23.584906 4.431107 4.765319 
23.529412 3.935100 4.960927 
23.474178 3.442470 5.034731 
23.419204 2.989300 5.010598 
23.364486 2.592765 4.918575 
23.310023 2.255838 4.785141 
23.255814 1.973793 4.629833 
23.201856 1.738970 4.465612 
23.148148 1.543385 4.300471 
23.094688 1.379857 4.139039 
23.041475 1.242354 3.983803 
22.988506 1.125970 3.835933 
22.935780 1.026779 3.695822 
22.883295 0.941657 3.563412 
22.831050 0.868119 3.438401 
22.779043 0.804186 3.320359 
22.727273 0.748271 3.208808 
22.675737 0.699095 3.103256 
22.624434 0.655622 3.003227 
22.573363 0.617008 2.908270 
22.522523 0.582558 2.817964 
22.471910 0.551698 2.731923 
22.421525 0.523951 2.649792 
22.371365 0.498920 2.571249 
22.321429 0.476268 2.496000 
22.271715 0.455712 2.423778 
22.222222 0.437012 2.354341 
22.172949 0.419962 2.287468 
22.123894 0.404386 2.222956 
22.075055 0.390133 2.160623 
22.026432 0.377072 2.100299 
21.978022 0.365091 2.041830 
21.929825 0.354092 1.985074 
21.881838 0.343988 1.929900 
21.834061 0.334707 1.876186 
21.786492 0.326184 1.823820 
21.739130 0.318363 1.772697 
21.691974 0.311196 1.722718 
21.645022 0.304639 1.673791 
21.598272 0.298658 1.625830 
21.551724 0.293223 1.578753 
21.505376 0.288306 1.532479 
21.459227 0.283888 1.486936 
21.413276 0.279952 1.442050 
21.367521 0.276486 1.397752 
21.321962 0.273483 1.353974 
21.276596 0.270939 1.310649 
21.231423 0.268856 1.267711 
21.186441 0.267241 1.225096 
21.141649 0.266105 1.182738 
21.097046 0.265467 1.140572 
21.052632 0.265353 1.098531 
21.008403 0.265796 1.056549 
20.964361 0.266839 1.014558 
20.920502 0.268539 0.972488 
20.876827 0.270967 0.930270 
20.833333 0.274210 0.887835 
20.790021 0.278380 0.845117 
20.746888 0.283616 0.802054 
20.703934 0.290090 0.758599 
20.661157 0.298017 0.714725 
20.618557 0.307659 0.670444 
20.576132 0.319328 0.625830 
20.533881 0.333381 0.581054 
20.491803 0.350193 0.536427 
20.449898 0.370098 0.492439 
20.408163 0.393288 0.449772 
20.366599 0.419697 0.409243 
20.325203 0.448918 0.371652 
20.283976 0.480237 0.337600 
20.242915 0.512785 0.307355 
20.202020 0.545729 0.280850 
20.161290 0.578401 0.257783 
20.120724 0.610334 0.237736 
20.080321 0.641244 0.220274 
20.040080 0.670983 0.204994 
20.000000 0.699493 0.191545 
19.960080 0.726774 0.179635 
19.920319 0.752858 0.169022 
19.880716 0.777797 0.159509 
19.841270 0.801651 0.150932 
19.801980 0.824482 0.143159 
19.762846 0.846354 0.136082 
19.723866 0.867327 0.129609 
19.685039 0.887458 0.123666 
19.646365 0.906799 0.118187 
19.607843 0.925402 0.113121 
19.569472 0.943310 0.108421 
19.531250 0.960567 0.104048 
19.493177 0.977211 0.099968 
19.455253 0.993280 0.096154 
19.417476 1.008804 0.092579 
19.379845 1.023816 0.089221 
19.342360 1.038344 0.086062 
19.305019 1.052414 0.083083 
19.267823 1.066049 0.080270 
19.230769 1.079273 0.077610 
19.193858 1.092106 0.075090 
19.157088 1.104568 0.072699 
19.120459 1.116677 0.070428 
19.083969 1.128449 0.068269 
19.047619 1.139901 0.066213 
19.011407 1.151047 0.064253 
18.975332 1.161901 0.062383 
18.939394 1.172476 0.060597 
18.903592 1.182784 0.058889 
18.867925 1.192837 0.057255 
18.832392 1.202645 0.055690 
18.796992 1.212218 0.054190 
18.761726 1.221567 0.052751 
18.726592 1.230699 0.051369 
18.691589 1.239624 0.050042 
18.656716 1.248350 0.048766 
18.621974 1.256884 0.047539 
18.587361 1.265234 0.046358 
18.552876 1.273406 0.045220 
18.518519 1.281407 0.044123 
18.484288 1.289243 0.043066 
18.450185 1.296921 0.042045 
18.416206 1.304445 0.041061 
18.382353 1.311821 0.040109 
18.348624 1.319054 0.039191 
18.315018 1.326150 0.038302 
18.281536 1.333112 0.037443 
18.248175 1.339946 0.036612 
18.214936 1.346654 0.035807 
18.181818 1.353243 0.035028 
18.148820 1.359714 0.034274 
18.115942 1.366073 0.033543 
18.083183 1.372322 0.032834 
18.050542 1.378466 0.032146 
18.018018 1.384507 0.031479 
17.985612 1.390448 0.030832 
17.953321 1.396293 0.030204 
17.921147 1.402045 0.029594 
17.889088 1.407705 0.029002 
17.857143 1.413278 0.028427 
17.825312 1.418765 0.027867 
17.793594 1.424170 0.027324 
17.761989 1.429494 0.026795 
17.730496 1.434739 0.026281 
17.699115 1.439909 0.025781 
17.667845 1.445005 0.025295 
17.636684 1.450029 0.024821 
17.605634 1.454983 0.024361 
17.574692 1.459870 0.023912 
17.543860 1.464690 0.023475 
17.513135 1.469447 0.023050 
17.482517 1.474141 0.022635 
17.452007 1.478774 0.022231 
17.421603 1.483349 0.021838 
17.391304 1.487866 0.021454 
17.361111 1.492327 0.021080 
17.331023 1.496734 0.020716 
17.301038 1.501088 0.020360 
17.271157 1.505390 0.020014 
17.241379 1.509642 0.019676 
17.211704 1.513845 0.019346 
17.182131 1.518000 0.019025 
17.152659 1.522110 0.018711 
17.123288 1.526174 0.018405 
17.094017 1.530194 0.018107 
17.064846 1.534171 0.017815 
17.035775 1.538107 0.017531 
17.006803 1.542002 0.017254 
16.977929 1.545857 0.016983 
16.949153 1.549674 0.016719 
16.920474 1.553453 0.016461 
16.891892 1.557196 0.016210 
16.863406 1.560903 0.015964 
16.835017 1.564576 0.015725 
16.806723 1.568214 0.015491 
16.778523 1.571820 0.015263 
16.750419 1.575393 0.015041 
16.722408 1.578936 0.014823 
16.694491 1.582448 0.014612 
16.666667 1.585930 0.014405 
16.638935 1.589383 0.014203 
16.611296 1.592809 0.014007 
16.583748 1.596207 0.013815 
16.556291 1.599579 0.013628 
16.528926 1.602924 0.013446 
16.501650 1.606245 0.013268 
16.474465 1.609541 0.013095 
16.447368 1.612813 0.012926 
16.420361 1.616062 0.012762 
16.393443 1.619289 0.012602 
16.366612 1.622493 0.012446 
16.339869 1.625677 0.012294 
16.313214 1.628840 0.012147 
16.286645 1.631983 0.012003 
16.260163 1.635106 0.011864 
16.233766 1.638211 0.011729 
16.207455 1.641297 0.011597 
16.181230 1.644366 0.011469 
16.155089 1.647418 0.011345 
16.129032 1.650453 0.011225 
16.103060 1.653472 0.011109 
16.077170 1.656475 0.010996 
16.051364 1.659464 0.010887 
16.025641 1.662438 0.010782 
16.000000 1.665398 0.010680 
15.974441 1.668344 0.010582 
15.948963 1.671278 0.010487 
15.923567 1.674199 0.010396 
15.898251 1.677109 0.010309 
15.873016 1.680006 0.010225 
15.847861 1.682893 0.010144 
15.822785 1.685770 0.010067 
15.797788 1.688636 0.009993 
15.772871 1.691493 0.009923 
15.748031 1.694341 0.009857 
15.723270 1.697180 0.009794 
15.698587 1.700011 0.009734 
15.673981 1.702834 0.009678 
15.649452 1.705651 0.009625 
15.625000 1.708460 0.009576 
15.600624 1.711263 0.009531 
15.576324 1.714060 0.009489 
15.552100 1.716852 0.009450 
15.527950 1.719639 0.009415 
15.503876 1.722422 0.009384 
15.479876 1.725200 0.009357 
15.455951 1.727975 0.009333 
15.432099 1.730747 0.009312 
15.408320 1.733516 0.009296 
15.384615 1.736283 0.009283 
15.360983 1.739049 0.009274 
15.337423 1.741813 0.009269 
15.313936 1.744576 0.009268 
15.290520 1.747339 0.009271 
15.267176 1.750102 0.009278 
15.243902 1.752866 0.009289 
15.220700 1.755631 0.009304 
15.197568 1.758397 0.009324 
15.174507 1.761166 0.009347 
15.151515 1.763937 0.009376 
15.128593 1.766712 0.009408 
15.105740 1.769490 0.009445 
15.082956 1.772272 0.009487 
15.060241 1.775059 0.009534 
15.037594 1.777851 0.009585 
15.015015 1.780649 0.009642 
14.992504 1.783453 0.009703 
14.970060 1.786264 0.009770 
14.947683 1.789082 0.009842 
14.925373 1.791908 0.009920 
14.903130 1.794743 0.010003 
14.880952 1.797587 0.010092 
14.858841 1.800441 0.010187 
14.836795 1.803305 0.010288 
14.814815 1.806180 0.010396 
14.792899 1.809067 0.010510 
14.771049 1.811967 0.010630 
14.749263 1.814879 0.010758 
14.727541 1.817805 0.010892 
14.705882 1.820746 0.011034 
14.684288 1.823701 0.011184 
14.662757 1.826673 0.011341 
14.641288 1.829662 0.011506 
14.619883 1.832668 0.011680 
14.598540 1.835692 0.011863 
14.577259 1.838736 0.012054 
14.556041 1.841800 0.012255 
14.534884 1.844885 0.012465 
14.513788 1.847991 0.012686 
14.492754 1.851121 0.012917 
14.471780 1.854274 0.013159 
14.450867 1.857453 0.013412 
14.430014 1.860657 0.013676 
14.409222 1.863888 0.013953 
14.388489 1.867148 0.014243 
14.367816 1.870437 0.014546 
14.347202 1.873756 0.014863 
14.326648 1.877108 0.015194 
14.306152 1.880492 0.015541 
14.285714 1.883911 0.015903 
14.265335 1.887366 0.016282 
14.245014 1.890858 0.016678 
14.224751 1.894390 0.017092 
14.204545 1.897961 0.017525 
14.184397 1.901575 0.017978 
14.164306 1.905233 0.018452 
14.144272 1.908937 0.018947 
14.124294 1.912688 0.019466 
14.104372 1.916489 0.020009 
14.084507 1.920341 0.020578 
14.064698 1.924248 0.021173 
14.044944 1.928210 0.021797 
14.025245 1.932231 0.022451 
14.005602 1.936312 0.023136 
13.986014 1.940457 0.023854 
13.966480 1.944668 0.024608 
13.947001 1.948948 0.025399 
13.927577 1.953300 0.026229 
13.908206 1.957727 0.027101 
13.888889 1.962233 0.028018 
13.869626 1.966820 0.028981 
13.850416 1.971492 0.029995 
13.831259 1.976254 0.031062 
13.812155 1.981110 0.032186 
13.793103 1.986063 0.033370 
13.774105 1.991117 0.034618 
13.755158 1.996279 0.035936 
13.736264 2.001552 0.037327 
13.717421 2.006942 0.038797 
13.698630 2.012455 0.040351 
13.679891 2.018096 0.041996 
13.661202 2.023871 0.043738 
13.642565 2.029788 0.045584 
13.623978 2.035852 0.047543 
13.605442 2.042071 0.049624 
13.586957 2.048453 0.051835 
13.568521 2.055006 0.054188 
13.550136 2.061738 0.056693 
13.531800 2.068658 0.059365 
13.513514 2.075776 0.062217 
13.495277 2.083101 0.065264 
13.477089 2.090644 0.068524 
13.458950 2.098416 0.072017 
13.440860 2.106428 0.075763 
13.422819 2.114692 0.079786 
13.404826 2.123221 0.084113 
13.386881 2.132025 0.088774 
13.368984 2.141119 0.093801 
13.351135 2.150516 0.099231 
13.333333 2.160227 0.105107 
13.315579 2.170266 0.111475 
13.297872 2.180644 0.118388 
13.280212 2.191373 0.125906 
13.262599 2.202460 0.134095 
13.245033 2.213913 0.143032 
13.227513 2.225735 0.152803 
13.210040 2.237923 0.163505 
13.192612 2.250470 0.175249 
13.175231 2.263358 0.188159 
13.157895 2.276557 0.202376 
13.140604 2.290023 0.218059 
13.123360 2.303691 0.235386 
13.106160 2.317468 0.254557 
13.089005 2.331227 0.275792 
13.071895 2.344798 0.299331 
13.054830 2.357953 0.325432 
13.037810 2.370393 0.354368 
13.020833 2.381731 0.386409 
13.003901 2.391476 0.421813 
12.987013 2.399009 0.460793 
12.970169 2.403573 0.503486 
12.953368 2.404265 0.549895 
12.936611 2.400040 0.599827 
12.919897 2.389750 0.652814 
12.903226 2.372217 0.708036 
12.886598 2.346343 0.764259 
12.870013 2.311276 0.819817 
12.853470 2.266592 0.872664 
12.836970 2.212470 0.920519 
12.820513 2.149794 0.961095 
12.804097 2.080157 0.992377 
12.787724 2.005722 1.012883 
12.771392 1.928980 1.021838 
12.755102 1.852472 1.019219 
12.738854 1.778526 1.005676 
12.722646 1.709083 0.982377 
12.706480 1.645604 0.950809 
12.690355 1.589070 0.912608 
12.674271 1.540026 0.869417 
12.658228 1.498648 0.822794 
12.642225 1.464824 0.774157 
12.626263 1.438216 0.724753 
12.610340 1.418318 0.675645 
12.594458 1.404504 0.627706 
12.578616 1.396076 0.581619 
12.562814 1.392300 0.537885 
12.547051 1.392445 0.496835 
12.531328 1.395817 0.458650 
12.515645 1.401775 0.423388 
12.500000 1.409753 0.391010 
12.484395 1.419263 0.361404 
12.468828 1.429897 0.334414 
12.453300 1.441317 0.309856 
12.437811 1.453254 0.287533 
12.422360 1.465495 0.267250 
12.406948 1.477872 0.248815 
12.391574 1.490260 0.232049 
12.376238 1.502563 0.216784 
12.360939 1.514708 0.202870 
12.345679 1.526646 0.190169 
12.330456 1.538341 0.178556 
12.315271 1.549769 0.167920 
12.300123 1.560915 0.158164 
12.285012 1.571772 0.149199 
12.269939 1.582337 0.140946 
12.254902 1.592612 0.133337 
12.239902 1.602602 0.126308 
12.224939 1.612313 0.119805 
12.210012 1.621753 0.113779 
12.195122 1.630931 0.108186 
12.180268 1.639856 0.102987 
12.165450 1.648540 0.098147 
12.150668 1.656991 0.093634 
12.135922 1.665221 0.089421 
12.121212 1.673238 0.085482 
12.106538 1.681053 0.081795 
12.091898 1.688676 0.078340 
12.077295 1.696115 0.075097 
12.062726 1.703380 0.072050 
12.048193 1.710478 0.069185 
12.033694 1.717419 0.066487 
12.019231 1.724210 0.063944 
12.004802 1.730858 0.061544 
11.990408 1.737371 0.059278 
11.976048 1.743755 0.057137 
11.961722 1.750017 0.055110 
11.947431 1.756164 0.053191 
11.933174 1.762199 0.051373 
11.918951 1.768131 0.049648 
11.904762 1.773962 0.048012 
11.890606 1.779700 0.046457 
11.876485 1.785348 0.044980 
11.862396 1.790911 0.043575 
11.848341 1.796394 0.042237 
11.834320 1.801800 0.040964 
11.820331 1.807134 0.039751 
11.806375 1.812399 0.038595 
11.792453 1.817598 0.037492 
11.778563 1.822736 0.036440 
11.764706 1.827816 0.035436 
11.750881 1.832840 0.034477 
11.737089 1.837812 0.033561 
11.723329 1.842735 0.032685 
11.709602 1.847610 0.031849 
11.695906 1.852442 0.031048 
11.682243 1.857232 0.030283 
11.668611 1.861983 0.029551 
11.655012 1.866697 0.028851 
11.641444 1.871377 0.028180 
11.627907 1.876024 0.027539 
11.614402 1.880641 0.026925 
11.600928 1.885229 0.026337 
11.587486 1.889791 0.025774 
11.574074 1.894329 0.025236 
11.560694 1.898843 0.024720 
11.547344 1.903337 0.024227 
11.534025 1.907811 0.023755 
11.520737 1.912267 0.023303 
11.507480 1.916707 0.022871 
11.494253 1.921133 0.022458 
11.481056 1.925545 0.022063 
11.467890 1.929946 0.021686 
11.454754 1.934336 0.021326 
11.441648 1.938718 0.020982 
11.428571 1.943092 0.020654 
11.415525 1.947459 0.020342 
11.402509 1.951822 0.020044 
11.389522 1.956181 0.019761 
11.376564 1.960537 0.019492 
11.363636 1.964892 0.019236 
11.350738 1.969247 0.018994 
11.337868 1.973603 0.018765 
11.325028 1.977961 0.018548 
11.312217 1.982322 0.018344 
11.299435 1.986687 0.018152 
11.286682 1.991058 0.017971 
11.273957 1.995436 0.017802 
11.261261 1.999821 0.017644 
11.248594 2.004214 0.017498 
11.235955 2.008618 0.017362 
11.223345 2.013032 0.017236 
11.210762 2.017457 0.017122 
11.198208 2.021896 0.017017 
11.185682 2.026348 0.016923 
11.173184 2.030814 0.016839 
11.160714 2.035297 0.016765 
11.148272 2.039796 0.016700 
11.135857 2.044313 0.016646 
11.123471 2.048848 0.016601 
11.111111 2.053403 0.016565 
11.098779 2.057979 0.016539 
11.086475 2.062576 0.016523 
11.074197 2.067196 0.016515 
11.061947 2.071840 0.016518 
11.049724 2.076508 0.016529 
11.037528 2.081202 0.016550 
11.025358 2.085923 0.016581 
11.013216 2.090671 0.016620 
11.001100 2.095448 0.016669 
10.989011 2.100255 0.016727 
10.976948 2.105092 0.016795 
10.964912 2.109961 0.016872 
10.952903 2.114864 0.016959 
10.940919 2.119800 0.017055 
10.928962 2.124771 0.017161 
10.917031 2.129778 0.017276 
10.905125 2.134822 0.017402 
10.893246 2.139905 0.017537 
10.881393 2.145028 0.017682 
10.869565 2.150191 0.017837 
10.857763 2.155396 0.018003 
10.845987 2.160644 0.018179 
10.834236 2.165936 0.018365 
10.822511 2.171274 0.018562 
10.810811 2.176658 0.018770 
10.799136 2.182091 0.018989 
10.787487 2.187573 0.019219 
10.775862 2.193106 0.019460 
10.764263 2.198691 0.019713 
10.752688 2.204329 0.019978 
10.741139 2.210022 0.020255 
10.729614 2.215771 0.020545 
10.718114 2.221579 0.020846 
10.706638 2.227445 0.021161 
10.695187 2.233373 0.021489 
10.683761 2.239363 0.021830 
10.672359 2.245416 0.022185 
10.660981 2.251536 0.022554 
10.649627 2.257723 0.022938 
10.638298 2.263979 0.023336 
10.626993 2.270306 0.023749 
10.615711 2.276706 0.024178 
10.604454 2.283181 0.024623 
10.593220 2.289732 0.025085 
10.582011 2.296362 0.025563 
10.570825 2.303072 0.026059 
10.559662 2.309865 0.026572 
10.548523 2.316743 0.027104 
10.537408 2.323707 0.027655 
10.526316 2.330762 0.028226 
10.515247 2.337907 0.028816 
10.504202 2.345147 0.029428 
10.493179 2.352483 0.030061 
10.482180 2.359919 0.030716 
10.471204 2.367456 0.031393 
10.460251 2.375098 0.032095 
10.449321 2.382847 0.032820 
10.438413 2.390706 0.033572 
10.427529 2.398678 0.034349 
10.416667 2.406766 0.035153 
10.405827 2.414974 0.035985 
10.395010 2.423305 0.036846 
10.384216 2.431761 0.037738 
10.373444 2.440347 0.038660 
10.362694 2.449067 0.039615 
10.351967 2.457923 0.040603 
10.341262 2.466921 0.041626 
10.330579 2.476063 0.042686 
10.319917 2.485355 0.043783 
10.309278 2.494800 0.044919 
10.298661 2.504403 0.046095 
10.288066 2.514168 0.047315 
10.277492 2.524102 0.048578 
10.266940 2.534207 0.049887 
10.256410 2.544491 0.051244 
10.245902 2.554958 0.052651 
10.235415 2.565613 0.054110 
10.224949 2.576464 0.055623 
10.214505 2.587515 0.057194 
10.204082 2.598773 0.058823 
10.193680 2.610245 0.060515 
10.183299 2.621938 0.062271 
10.172940 2.633859 0.064095 
10.162602 2.646015 0.065991 
10.152284 2.658415 0.067960 
10.141988 2.671066 0.070008 
10.131712 2.683977 0.072138 
10.121457 2.697157 0.074354 
10.111223 2.710615 0.076660 
10.101010 2.724360 0.079061 
10.090817 2.738404 0.081562 
10.080645 2.752757 0.084168 
10.070493 2.767430 0.086884 
10.060362 2.782435 0.089717 
10.050251 2.797783 0.092673 
10.040161 2.813489 0.095758 
10.030090 2.829565 0.098981 
10.020040 2.846026 0.102348 
10.010010 2.862887 0.105868 
10.000000 2.880163 0.109551 
9.990010 2.897871 0.113405 
9.980040 2.916028 0.117441 
9.970090 2.934654 0.121671 
9.960159 2.953766 0.126106 
9.950249 2.973387 0.130759 
9.940358 2.993536 0.135645 
9.930487 3.014238 0.140778 
9.920635 3.035516 0.146175 
9.910803 3.057396 0.151854 
9.900990 3.079904 0.157834 
9.891197 3.103069 0.164136 
9.881423 3.126922 0.170784 
9.871668 3.151495 0.177802 
9.861933 3.176821 0.185218 
9.852217 3.202938 0.193061 
9.842520 3.229882 0.201365 
9.832842 3.257695 0.210164 
9.823183 3.286421 0.219500 
9.813543 3.316105 0.229415 
9.803922 3.346796 0.239957 
9.794319 3.378547 0.251179 
9.784736 3.411413 0.263141 
9.775171 3.445454 0.275906 
9.765625 3.480731 0.289549 
9.756098 3.517312 0.304149 
9.746589 3.555267 0.319797 
9.737098 3.594673 0.336593 
9.727626 3.635608 0.354651 
9.718173 3.678157 0.374097 
9.708738 3.722408 0.395076 
9.699321 3.768456 0.417748 
9.689922 3.816398 0.442298 
9.680542 3.866335 0.468932 
9.671180 3.918372 0.497887 
9.661836 3.972615 0.529433 
9.652510 4.029169 0.563878 
9.643202 4.088138 0.601576 
9.633911 4.149619 0.642931 
9.624639 4.213697 0.688409 
9.615385 4.280439 0.738549 
9.606148 4.349881 0.793967 
9.596929 4.422018 0.855378 
9.587728 4.496785 0.923604 
9.578544 4.574028 0.999590 
9.569378 4.653474 1.084420 
9.560229 4.734682 1.179327 
9.551098 4.816988 1.285700 
9.541985 4.899420 1.405080 
9.532888 4.980608 1.539139 
9.523810 5.058658 1.689618 
9.514748 5.131017 1.858226 
9.505703 5.194329 2.046460 
9.496676 5.244322 2.255323 
9.487666 5.275764 2.484931 
9.478673 5.282583 2.734000 
9.469697 5.258248 2.999286 
9.460738 5.196500 3.275105 
9.451796 5.092429 3.553172 
9.442871 4.943741 3.823021 
9.433962 4.751824 4.073149 
9.425071 4.522158 4.292720 
9.416196 4.263738 4.473368 
9.407338 3.987636 4.610456 
9.398496 3.705171 4.703389 
9.389671 3.426322 4.755018 
9.380863 3.158782 4.770494 
9.372071 2.907694 4.756049 
9.363296 2.675901 4.718013 
9.354537 2.464444 4.662184 
9.345794 2.273099 4.593520 
9.337068 2.100852 4.516055 
9.328358 1.946256 4.432961 
9.319664 1.807681 4.346659 
9.310987 1.683473 4.258956 
9.302326 1.572048 4.171176 
9.293680 1.471942 4.084261 
9.285051 1.381834 3.998873 
9.276438 1.300545 3.915457 
9.267841 1.227036 3.834300 
9.259259 1.160398 3.755573 
9.250694 1.099835 3.679361 
9.242144 1.044653 3.605691 
9.233610 0.994248 3.534545 
9.225092 0.948094 3.465875 
9.216590 0.905730 3.399613 
9.208103 0.866756 3.335679 
9.199632 0.830821 3.273983 
9.191176 0.797615 3.214434 
9.182736 0.766868 3.156935 
9.174312 0.738342 3.101394 
9.165903 0.711826 3.047718 
9.157509 0.687133 2.995817 
9.149131 0.664099 2.945605 
9.140768 0.642575 2.896999 
9.132420 0.622432 2.849920 
9.124088 0.603551 2.804293 
9.115770 0.585828 2.760046 
9.107468 0.569170 2.717113 
9.099181 0.553491 2.675428 
9.090909 0.538715 2.634933 
9.082652 0.524774 2.595570 
9.074410 0.511605 2.557286 
9.066183 0.499152 2.520029 
9.057971 0.487363 2.483752 
9.049774 0.476192 2.448411 
9.041591 0.465596 2.413961 
9.033424 0.455537 2.380365 
9.025271 0.445979 2.347582 
9.017133 0.436890 2.315578 
9.009009 0.428240 2.284319 
9.000900 0.420001 2.253773 
8.992806 0.412149 2.223909 
8.984726 0.404660 2.194699 
8.976661 0.397513 2.166115 
8.968610 0.390687 2.138133 
8.960573 0.384166 2.110727 
8.952551 0.377932 2.083875 
8.944544 0.371968 2.057554 
8.936550 0.366262 2.031743 
8.928571 0.360799 2.006424 
8.920607 0.355566 1.981576 
8.912656 0.350553 1.957182 
8.904720 0.345748 1.933225 
8.896797 0.341140 1.909688 
8.888889 0.336721 1.886557 
8.880995 0.332482 1.863815 
8.873114 0.328415 1.841449 
8.865248 0.324511 1.819446 
8.857396 0.320764 1.797792 
8.849558 0.317166 1.776475 
8.841733 0.313712 1.755483 
8.833922 0.310395 1.734805 
8.826125 0.307210 1.714430 
8.818342 0.304152 1.694348 
8.810573 0.301216 1.674548 
8.802817 0.298396 1.655020 
8.795075 0.295690 1.635757 
8.787346 0.293092 1.616748 
8.779631 0.290599 1.597985 
8.771930 0.288208 1.579460 
8.764242 0.285915 1.561166 
8.756567 0.283716 1.543093 
8.748906 0.281609 1.525236 
8.741259 0.279591 1.507587 
8.733624 0.277660 1.490138 
8.726003 0.275812 1.472885 
8.718396 0.274046 1.455819 
8.710801 0.272360 1.438935 
8.703220 0.270751 1.422227 
8.695652 0.269218 1.405689 
8.688097 0.267759 1.389316 
8.680556 0.266372 1.373101 
8.673027 0.265055 1.357040 
8.665511 0.263809 1.341128 
8.658009 0.262630 1.325360 
8.650519 0.261518 1.309730 
8.643042 0.260472 1.294234 
8.635579 0.259490 1.278867 
8.628128 0.258573 1.263626 
8.620690 0.257719 1.248505 
8.613264 0.256927 1.233501 
8.605852 0.256198 1.218609 
8.598452 0.255529 1.203824 
8.591065 0.254922 1.189145 
8.583691 0.254376 1.174565 
8.576329 0.253890 1.160082 
8.568980 0.253464 1.145692 
8.561644 0.253098 1.131392 
8.554320 0.252793 1.117177 
8.547009 0.252548 1.103044 
8.539710 0.252364 1.088990 
8.532423 0.252241 1.075012 
8.525149 0.252179 1.061106 
8.517888 0.252179 1.047269 
8.510638 0.252242 1.033498 
8.503401 0.252367 1.019789 
8.496177 0.252557 1.006141 
8.488964 0.252812 0.992549 
8.481764 0.253133 0.979011 
8.474576 0.253521 0.965524 
8.467401 0.253978 0.952085 
8.460237 0.254505 0.938691 
8.453085 0.255103 0.925340 
8.445946 0.255775 0.912029 
8.438819 0.256522 0.898755 
8.431703 0.257346 0.885516 
8.424600 0.258249 0.872310 
8.417508 0.259234 0.859134 
8.410429 0.260304 0.845986 
8.403361 0.261460 0.832863 
8.396306 0.262707 0.819764 
8.389262 0.264047 0.806687 
8.382230 0.265484 0.793630 
8.375209 0.267020 0.780591 
8.368201 0.268661 0.767568 
8.361204 0.270411 0.754561 
8.354219 0.272273 0.741568 
8.347245 0.274252 0.728589 
8.340284 0.276354 0.715623 
8.333333 0.278583 0.702669 
8.326395 0.280946 0.689728 
8.319468 0.283447 0.676801 
8.312552 0.286094 0.663887 
8.305648 0.288892 0.650990 
8.298755 0.291848 0.638110 
8.291874 0.294969 0.625250 
8.285004 0.298263 0.612414 
8.278146 0.301736 0.599606 
8.271299 0.305396 0.586830 
8.264463 0.309250 0.574093 
8.257638 0.313306 0.561401 
8.250825 0.317570 0.548763 
8.244023 0.322049 0.536186 
8.237232 0.326751 0.523683 
8.230453 0.331679 0.511262 
8.223684 0.336840 0.498938 
8.216927 0.342237 0.486724 
8.210181 0.347873 0.474634 
8.203445 0.353748 0.462683 
8.196721 0.359862 0.450889 
8.190008 0.366213 0.439267 
8.183306 0.372797 0.427835 
8.176615 0.379606 0.416609 
8.169935 0.386633 0.405606 
8.163265 0.393866 0.394841 
8.156607 0.401294 0.384331 
8.149959 0.408901 0.374086 
8.143322 0.416671 0.364120 
8.136697 0.424588 0.354442 
8.130081 0.432633 0.345059 
8.123477 0.440788 0.335976 
8.116883 0.449033 0.327198 
8.110300 0.457349 0.318725 
8.103728 0.465719 0.310556 
8.097166 0.474124 0.302688 
8.090615 0.482548 0.295117 
8.084074 0.490974 0.287837 
8.077544 0.499389 0.280841 
8.071025 0.507778 0.274121 
8.064516 0.516130 0.267668 
8.058018 0.524435 0.261472 
8.051530 0.532682 0.255525 
8.045052 0.540863 0.249816 
8.038585 0.548971 0.244334 
8.032129 0.557001 0.239071 
8.025682 0.564947 0.234015 
8.019246 0.572804 0.229159 
8.012821 0.580570 0.224491 
8.006405 0.588241 0.220003 
8.000000 0.595815 0.215687 
7.993605 0.603292 0.211534 
7.987220 0.610669 0.207535 
7.980846 0.617946 0.203684 
7.974482 0.625124 0.199973 
7.968127 0.632201 0.196395 
7.961783 0.639178 0.192943 
7.955449 0.646057 0.189612 
7.949126 0.652837 0.186396 
7.942812 0.659519 0.183288 
7.936508 0.666105 0.180285 
7.930214 0.672596 0.177380 
7.923930 0.678993 0.174570 
7.917656 0.685297 0.171849 
7.911392 0.691510 0.169215 
7.905138 0.697634 0.166662 
7.898894 0.703669 0.164187 
7.892660 0.709617 0.161786 
7.886435 0.715480 0.159457 
7.880221 0.721260 0.157197 
7.874016 0.726957 0.155001 
7.867821 0.732574 0.152868 
7.861635 0.738112 0.150795 
7.855460 0.743572 0.148779 
7.849294 0.748956 0.146818 
7.843137 0.754266 0.144909 
7.836991 0.759503 0.143052 
7.830854 0.764668 0.141243 
7.824726 0.769762 0.139481 
7.818608 0.774788 0.137763 
7.812500 0.779747 0.136089 
7.806401 0.784639 0.134456 
7.800312 0.789466 0.132864 
7.794232 0.794230 0.131310 
7.788162 0.798931 0.129793 
7.782101 0.803572 0.128312 
7.776050 0.808152 0.126865 
7.770008 0.812674 0.125452 
7.763975 0.817138 0.124071 
7.757952 0.821546 0.122720 
7.751938 0.825899 0.121400 
7.745933 0.830197 0.120109 
7.739938 0.834442 0.118846 
7.733952 0.838634 0.117610 
7.727975 0.842776 0.116400 
7.722008 0.846867 0.115216 
7.716049 0.850909 0.114056 
7.710100 0.854903 0.112920 
7.704160 0.858849 0.111807 
7.698229 0.862748 0.110716 
7.692308 0.866602 0.109647 
7.686395 0.870411 0.108599 
7.680492 0.874176 0.107572 
7.674597 0.877897 0.106564 
7.668712 0.881576 0.105575 
7.662835 0.885213 0.104606 
7.656968 0.888809 0.103654 
7.651109 0.892365 0.102720 
7.645260 0.895881 0.101803 
7.639419 0.899359 0.100902 
7.633588 0.902798 0.100018 
7.627765 0.906200 0.099150 
7.621951 0.909565 0.098297 
7.616146 0.912893 0.097459 
7.610350 0.916186 0.096635 
7.604563 0.919444 0.095826 
7.598784 0.922667 0.095030 
7.593014 0.925856 0.094248 
7.587253 0.929012 0.093479 
7.581501 0.932136 0.092722 
7.575758 0.935227 0.091978 
7.570023 0.938286 0.091247 
7.564297 0.941314 0.090527 
7.558579 0.944312 0.089818 
7.552870 0.947279 0.089121 
7.547170 0.950216 0.088435 
7.541478 0.953125 0.087759 
7.535795 0.956004 0.087094 
7.530120 0.958855 0.086439 
7.524454 0.961678 0.085795 
7.518797 0.964474 0.085160 
7.513148 0.967242 0.084534 
7.507508 0.969984 0.083918 
7.501875 0.972699 0.083311 
7.496252 0.975389 0.082713 
7.490637 0.978053 0.082124 
7.485030 0.980693 0.081543 
7.479432 0.983307 0.080970 
7.473842 0.985897 0.080406 
7.468260 0.988463 0.079849 
7.462687 0.991006 0.079301 
7.457122 0.993525 0.078760 
7.451565 0.996021 0.078226 
7.446016 0.998494 0.077700 
7.440476 1.000945 0.077181 
7.434944 1.003375 0.076670 
7.429421 1.005782 0.076165 
7.423905 1.008168 0.075666 
7.418398 1.010533 0.075175 
7.412898 1.012877 0.074690 
7.407407 1.015201 0.074211 
7.401925 1.017504 0.073738 
7.396450 1.019788 0.073272 
7.390983 1.022051 0.072812 
7.385524 1.024296 0.072357 
7.380074 1.026521 0.071908 
7.374631 1.028727 0.071465 
7.369197 1.030915 0.071027 
7.363770 1.033084 0.070595 
7.358352 1.035235 0.070169 
7.352941 1.037368 0.069747 
7.347539 1.039483 0.069331 
7.342144 1.041581 0.068919 
7.336757 1.043662 0.068513 
7.331378 1.045726 0.068111 
7.326007 1.047773 0.067715 
7.320644 1.049803 0.067323 
7.315289 1.051817 0.066935 
7.309942 1.053815 0.066552 
7.304602 1.055796 0.066174 
7.299270 1.057762 0.065800 
7.293946 1.059713 0.065430 
7.288630 1.061648 0.065065 
7.283321 1.063568 0.064703 
7.278020 1.065472 0.064346 
7.272727 1.067362 0.063993 
7.267442 1.069238 0.063643 
7.262164 1.071099 0.063298 
7.256894 1.072945 0.062956 
7.251632 1.074778 0.062619 
7.246377 1.076596 0.062284 
7.241130 1.078401 0.061954 
7.235890 1.080192 0.061627 
7.230658 1.081970 0.061304 
7.225434 1.083734 0.060984 
7.220217 1.085485 0.060667 
7.215007 1.087223 0.060354 
7.209805 1.088949 0.060044 
7.204611 1.090661 0.059737 
7.199424 1.092361 0.059434 
7.194245 1.094049 0.059134 
7.189073 1.095724 0.058836 
7.183908 1.097387 0.058542 
7.178751 1.099038 0.058251 
7.173601 1.100678 0.057963 
7.168459 1.102305 0.057677 
7.163324 1.103921 0.057395 
7.158196 1.105526 0.057115 
7.153076 1.107119 0.056839 
7.147963 1.108701 0.056565 
7.142857 1.110272 0.056293 
7.137759 1.111832 0.056024 
7.132668 1.113380 0.055758 
7.127584 1.114919 0.055495 
7.122507 1.116446 0.055234 
7.117438 1.117963 0.054975 
7.112376 1.119470 0.054720 
7.107321 1.120966 0.054466 
7.102273 1.122453 0.054215 
7.097232 1.123929 0.053966 
7.092199 1.125395 0.053720 
7.087172 1.126851 0.053476 
7.082153 1.128297 0.053234 
7.077141 1.129734 0.052994 
7.072136 1.131161 0.052757 
7.067138 1.132579 0.052522 
7.062147 1.133988 0.052289 
7.057163 1.135387 0.052058 
7.052186 1.136777 0.051829 
7.047216 1.138158 0.051602 
7.042254 1.139529 0.051377 
7.037298 1.140892 0.051155 
7.032349 1.142246 0.050934 
7.027407 1.143592 0.050715 
7.022472 1.144929 0.050498 
7.017544 1.146257 0.050283 
7.012623 1.147576 0.050070 
7.007708 1.148888 0.049859 
7.002801 1.150191 0.049650 
6.997901 1.151486 0.049442 
6.993007 1.152772 0.049236 
6.988120 1.154051 0.049032 
6.983240 1.155321 0.048830 
6.978367 1.156584 0.048629 
6.973501 1.157839 0.048430 
6.968641 1.159086 0.048233 
6.963788 1.160325 0.048038 
6.958942 1.161557 0.047844 
6.954103 1.162781 0.047652 
6.949270 1.163998 0.047461 
6.944444 1.165207 0.047272 
6.939625 1.166409 0.047084 
6.934813 1.167604 0.046898 
6.930007 1.168792 0.046714 
6.925208 1.169972 0.046530 
6.920415 1.171145 0.046349 
6.915629 1.172312 0.046169 
6.910850 1.173471 0.045990 
6.906077 1.174624 0.045813 
6.901311 1.175769 0.045637 
6.896552 1.176908 0.045463 
6.891799 1.178041 0.045290 
6.887052 1.179166 0.045118 
6.882312 1.180285 0.044948 
6.877579 1.181398 0.044779 
6.872852 1.182504 0.044611 
6.868132 1.183604 0.044445 
6.863418 1.184697 0.044280 
6.858711 1.185784 0.044116 
6.854010 1.186865 0.043953 
6.849315 1.187940 0.043792 
6.844627 1.189008 0.043632 
6.839945 1.190071 0.043473 
6.835270 1.191127 0.043315 
6.830601 1.192178 0.043159 
6.825939 1.193223 0.043003 
6.821282 1.194261 0.042849 
6.816633 1.195294 0.042696 
6.811989 1.196321 0.042544 
6.807352 1.197343 0.042393 
6.802721 1.198359 0.042244 
6.798097 1.199369 0.042095 
6.793478 1.200374 0.041948 
6.788866 1.201373 0.041801 
6.784261 1.202366 0.041656 
6.779661 1.203355 0.041511 
6.775068 1.204338 0.041368 
6.770481 1.205315 0.041226 
6.765900 1.206287 0.041085 
6.761325 1.207254 0.040944 
6.756757 1.208216 0.040805 
6.752194 1.209173 0.040667 
6.747638 1.210124 0.040530 
6.743088 1.211070 0.040393 
6.738544 1.212012 0.040258 
6.734007 1.212948 0.040124 
6.729475 1.213880 0.039990 
6.724950 1.214806 0.039858 
6.720430 1.215728 0.039726 
6.715917 1.216644 0.039595 
6.711409 1.217556 0.039465 
6.706908 1.218464 0.039336 
6.702413 1.219366 0.039208 
6.697924 1.220264 0.039081 
6.693440 1.221157 0.038955 
6.688963 1.222046 0.038829 
6.684492 1.222930 0.038705 
6.680027 1.223809 0.038581 
6.675567 1.224684 0.038458 
6.671114 1.225555 0.038336 
6.666667 1.226421 0.038214 
6.662225 1.227282 0.038094 
6.657790 1.228139 0.037974 
6.653360 1.228992 0.037855 
6.648936 1.229841 0.037737 
6.644518 1.230685 0.037620 
6.640106 1.231525 0.037503 
6.635700 1.232361 0.037387 
6.631300 1.233193 0.037272 
6.626905 1.234021 0.037157 
6.622517 1.234844 0.037044 
6.618134 1.235664 0.036931 
6.613757 1.236479 0.036819 
6.609385 1.237290 0.036707 
6.605020 1.238098 0.036596 
6.600660 1.238901 0.036486 
6.596306 1.239701 0.036377 
6.591958 1.240496 0.036268 
6.587615 1.241288 0.036160 
6.583278 1.242076 0.036053 
6.578947 1.242860 0.035946 
6.574622 1.243641 0.035840 
6.570302 1.244417 0.035734 
6.565988 1.245190 0.035630 
6.561680 1.245959 0.035526 
6.557377 1.246725 0.035422 
6.553080 1.247486 0.035319 
6.548788 1.248245 0.035217 
6.544503 1.248999 0.035116 
6.540222 1.249750 0.035015 
6.535948 1.250498 0.034914 
6.531679 1.251242 0.034815 
6.527415 1.251982 0.034715 
6.523157 1.252719 0.034617 
6.518905 1.253453 0.034519 
6.514658 1.254183 0.034422 
6.510417 1.254910 0.034325 
6.506181 1.255633 0.034229 
6.501951 1.256353 0.034133 
6.497726 1.257070 0.034038 
6.493506 1.257783 0.033943 
6.489293 1.258493 0.033849 
6.485084 1.259200 0.033756 
6.480881 1.259904 0.033663 
6.476684 1.260604 0.033571 
6.472492 1.261301 0.033479 
6.468305 1.261995 0.033387 
6.464124 1.262686 0.033297 
6.459948 1.263374 0.033206 
6.455778 1.264059 0.033117 
6.451613 1.264740 0.033027 
6.447453 1.265419 0.032939 
6.443299 1.266095 0.032851 
6.439150 1.266767 0.032763 
6.435006 1.267437 0.032676 
6.430868 1.268103 0.032589 
6.426735 1.268767 0.032503 
6.422608 1.269427 0.032417 
6.418485 1.270085 0.032332 
6.414368 1.270740 0.032247 
6.410256 1.271392 0.032162 
6.406150 1.272041 0.032079 
6.402049 1.272687 0.031995 
6.397953 1.273330 0.031912 
6.393862 1.273971 0.031830 
6.389776 1.274609 0.031748 
6.385696 1.275244 0.031666 
6.381621 1.275876 0.031585 
6.377551 1.276506 0.031504 
6.373486 1.277133 0.031424 
6.369427 1.277757 0.031344 
6.365372 1.278378 0.031265 
6.361323 1.278997 0.031186 
6.357279 1.279613 0.031107 
6.353240 1.280227 0.031029 
6.349206 1.280838 0.030951 
6.345178 1.281446 0.030874 
6.341154 1.282052 0.030797 
6.337136 1.282655 0.030720 
6.333122 1.283256 0.030644 
6.329114 1.283854 0.030569 
6.325111 1.284450 0.030493 
6.321113 1.285043 0.030418 
6.317119 1.285633 0.030344 
6.313131 1.286222 0.030270 
6.309148 1.286807 0.030196 
6.305170 1.287391 0.030123 
6.301197 1.287972 0.030050 
6.297229 1.288550 0.029977 
6.293266 1.289126 0.029905 
6.289308 1.289700 0.029833 
6.285355 1.290271 0.029761 
6.281407 1.290840 0.029690 
6.277464 1.291407 0.029619 
6.273526 1.291971 0.029549 
6.269592 1.292533 0.029479 
6.265664 1.293093 0.029409 
6.261741 1.293651 0.029340 
6.257822 1.294206 0.029271 
6.253909 1.294759 0.029202 
6.250000 1.295310 0.029134 