INF 2.164979E+00 0.000000E+00
3.406666E+03 2.164997E+00 -1.615787E-05
1.703333E+03 2.165052E+00 -3.232410E-05
1.135556E+03 2.165143E+00 -4.850707E-05
8.516669E+02 2.165272E+00 -6.471515E-05
6.813335E+02 2.165436E+00 -8.095676E-05
5.677779E+02 2.165638E+00 -9.724035E-05
4.866666E+02 2.165877E+00 -1.135744E-04
4.258333E+02 2.166152E+00 -1.299675E-04
3.785185E+02 2.166465E+00 -1.464281E-04
3.406666E+02 2.166815E+00 -1.629651E-04
3.096970E+02 2.167203E+00 -1.795870E-04
2.838889E+02 2.167629E+00 -1.963028E-04
2.620513E+02 2.168093E+00 -2.131214E-04
2.433333E+02 2.168594E+00 -2.300518E-04
2.271111E+02 2.169135E+00 -2.471032E-04
2.129167E+02 2.169715E+00 -2.642848E-04
2.003922E+02 2.170333E+00 -2.816061E-04
1.892593E+02 2.170992E+00 -2.990766E-04
1.792983E+02 2.171690E+00 -3.167059E-04
1.703333E+02 2.172428E+00 -3.345041E-04
1.622222E+02 2.173208E+00 -3.524811E-04
1.548485E+02 2.174029E+00 -3.706471E-04
1.481159E+02 2.174891E+00 -3.890127E-04
1.419444E+02 2.175796E+00 -4.075884E-04
1.362667E+02 2.176744E+00 -4.263851E-04
1.310256E+02 2.177735E+00 -4.454140E-04
1.261728E+02 2.178770E+00 -4.646863E-04
1.216667E+02 2.179850E+00 -4.842137E-04
1.174713E+02 2.180975E+00 -5.040081E-04
1.135556E+02 2.182146E+00 -5.240817E-04
1.098925E+02 2.183365E+00 -5.444469E-04
1.064583E+02 2.184631E+00 -5.651164E-04
1.032323E+02 2.185945E+00 -5.861036E-04
1.001961E+02 2.187309E+00 -6.074217E-04
9.733336E+01 2.188722E+00 -6.290846E-04
9.462967E+01 2.190188E+00 -6.511066E-04
9.207204E+01 2.191705E+00 -6.735022E-04
8.964911E+01 2.193276E+00 -6.962865E-04
8.735043E+01 2.194901E+00 -7.194748E-04
8.516669E+01 2.196582E+00 -7.430831E-04
8.308940E+01 2.198320E+00 -7.671277E-04
8.111109E+01 2.200116E+00 -7.916254E-04
7.922480E+01 2.201972E+00 -8.165935E-04
7.742425E+01 2.203888E+00 -8.420500E-04
7.570372E+01 2.205867E+00 -8.680130E-04
7.405795E+01 2.207911E+00 -8.945015E-04
7.248226E+01 2.210019E+00 -9.215351E-04
7.097222E+01 2.212196E+00 -9.491336E-04
6.952382E+01 2.214441E+00 -9.773179E-04
6.813335E+01 2.216758E+00 -1.006109E-03
6.679737E+01 2.219149E+00 -1.035529E-03
6.551281E+01 2.221614E+00 -1.065600E-03
6.427673E+01 2.224157E+00 -1.096346E-03
6.308643E+01 2.226781E+00 -1.127790E-03
6.193941E+01 2.229487E+00 -1.159956E-03
6.083332E+01 2.232278E+00 -1.192870E-03
5.976608E+01 2.235157E+00 -1.226557E-03
5.873563E+01 2.238127E+00 -1.261044E-03
5.774012E+01 2.241191E+00 -1.296358E-03
5.677779E+01 2.244353E+00 -1.332525E-03
5.584698E+01 2.247615E+00 -1.369574E-03
5.494623E+01 2.250982E+00 -1.407534E-03
5.407408E+01 2.254458E+00 -1.446432E-03
5.322917E+01 2.258046E+00 -1.486298E-03
5.241027E+01 2.261751E+00 -1.527162E-03
5.161615E+01 2.265578E+00 -1.569051E-03
5.084577E+01 2.269532E+00 -1.611996E-03
5.009804E+01 2.273618E+00 -1.656026E-03
4.937199E+01 2.277842E+00 -1.701167E-03
4.866666E+01 2.282210E+00 -1.747446E-03
4.798121E+01 2.286728E+00 -1.794891E-03
4.731481E+01 2.291404E+00 -1.843523E-03
4.666667E+01 2.296244E+00 -1.893366E-03
4.603604E+01 2.301257E+00 -1.944436E-03
4.542221E+01 2.306452E+00 -1.996748E-03
4.482456E+01 2.311837E+00 -2.050311E-03
4.424242E+01 2.317422E+00 -2.105129E-03
4.367522E+01 2.323219E+00 -2.161197E-03
4.312237E+01 2.329239E+00 -2.218502E-03
4.258333E+01 2.335494E+00 -2.277017E-03
4.205761E+01 2.341999E+00 -2.336706E-03
4.154472E+01 2.348767E+00 -2.397510E-03
4.104418E+01 2.355816E+00 -2.459353E-03
4.055556E+01 2.363162E+00 -2.522133E-03
4.007843E+01 2.370826E+00 -2.585717E-03
3.961240E+01 2.378827E+00 -2.649933E-03
3.915709E+01 2.387190E+00 -2.714565E-03
3.871213E+01 2.395940E+00 -2.779341E-03
3.827716E+01 2.405106E+00 -2.843917E-03
3.785185E+01 2.414718E+00 -2.907868E-03
3.743590E+01 2.424811E+00 -2.970663E-03
3.702899E+01 2.435425E+00 -3.031644E-03
3.663083E+01 2.446602E+00 -3.089994E-03
3.624114E+01 2.458392E+00 -3.144698E-03
3.585965E+01 2.470850E+00 -3.194496E-03
3.548611E+01 2.484037E+00 -3.237817E-03
3.512028E+01 2.498023E+00 -3.272705E-03
3.476191E+01 2.512891E+00 -3.296707E-03
3.441077E+01 2.528732E+00 -3.306746E-03
3.406666E+01 2.545653E+00 -3.298937E-03
3.372937E+01 2.563777E+00 -3.268354E-03
3.339869E+01 2.583249E+00 -3.208713E-03
3.307444E+01 2.604239E+00 -3.111948E-03
3.275641E+01 2.626947E+00 -2.967623E-03
3.244444E+01 2.651612E+00 -2.762127E-03
3.213836E+01 2.678525E+00 -2.477535E-03
3.183801E+01 2.708034E+00 -2.089986E-03
3.154321E+01 2.740570E+00 -1.567338E-03
3.125382E+01 2.776668E+00 -8.656882E-04
3.096970E+01 2.817002E+00 7.586655E-05
3.069069E+01 2.862435E+00 1.343343E-03
3.041667E+01 2.914085E+00 3.060757E-03
3.014750E+01 2.973440E+00 5.411257E-03
2.988304E+01 3.042518E+00 8.673066E-03
2.962319E+01 3.124129E+00 1.328331E-02
2.936782E+01 3.222319E+00 1.995729E-02
2.911681E+01 3.343144E+00 2.992584E-02
2.887006E+01 3.496109E+00 4.544550E-02
2.862745E+01 3.697092E+00 7.100995E-02
2.838889E+01 3.974845E+00 1.166309E-01
2.815427E+01 4.387501E+00 2.085190E-01
2.792350E+01 5.071853E+00 4.349431E-01
2.769647E+01 6.397592E+00 1.256469E+00
2.747312E+01 6.813449E+00 5.839521E+00
2.725333E+01 1.867346E+00 5.582488E+00
2.703704E+01 8.652354E-01 3.957009E+00
2.682415E+01 5.732530E-01 3.010845E+00
2.661458E+01 4.552201E-01 2.358934E+00
2.640827E+01 4.081200E-01 1.846929E+00
2.620513E+01 4.080224E-01 1.401382E+00
2.600509E+01 4.676508E-01 9.789556E-01
2.580808E+01 6.473224E-01 5.891971E-01
2.561403E+01 9.195411E-01 3.562556E-01
2.542288E+01 1.146109E+00 2.515346E-01
2.523457E+01 1.318109E+00 1.963288E-01
2.504902E+01 1.453398E+00 1.625130E-01
2.486618E+01 1.564057E+00 1.398123E-01
2.468599E+01 1.657553E+00 1.236687E-01
2.450839E+01 1.738697E+00 1.117471E-01
2.433333E+01 1.810748E+00 1.027255E-01
2.416076E+01 1.876019E+00 9.580010E-02
2.399061E+01 1.936217E+00 9.045638E-02
2.382284E+01 1.992651E+00 8.635307E-02
2.365741E+01 2.046364E+00 8.325867E-02
2.349425E+01 2.098217E+00 8.101507E-02
2.333333E+01 2.148947E+00 7.951586E-02
2.317461E+01 2.199215E+00 7.869320E-02
2.301802E+01 2.249638E+00 7.851000E-02
2.286353E+01 2.300815E+00 7.895571E-02
2.271111E+01 2.353358E+00 8.004484E-02
2.256071E+01 2.407911E+00 8.181782E-02
2.241228E+01 2.465188E+00 8.434437E-02
2.226579E+01 2.525996E+00 8.772974E-02
2.212121E+01 2.591290E+00 9.212506E-02
2.197850E+01 2.662219E+00 9.774366E-02
2.183761E+01 2.740216E+00 1.048866E-01
2.169851E+01 2.827103E+00 1.139835E-01
2.156118E+01 2.925272E+00 1.256596E-01
2.142558E+01 3.037938E+00 1.408501E-01
2.129167E+01 3.169574E+00 1.610032E-01
2.115942E+01 3.326613E+00 1.884633E-01
2.102880E+01 3.518705E+00 2.272440E-01
2.089979E+01 3.761073E+00 2.847259E-01
2.077236E+01 4.079221E+00 3.758252E-01
2.064647E+01 4.519086E+00 5.348229E-01
2.052209E+01 5.169213E+00 8.562957E-01
2.039920E+01 6.182820E+00 1.678677E+00
2.027778E+01 7.048358E+00 4.385772E+00
2.015779E+01 3.587187E+00 6.824177E+00
2.003922E+01 1.414376E+00 5.511456E+00
1.992203E+01 7.484853E-01 4.446605E+00
1.980620E+01 4.753361E-01 3.740240E+00
1.969171E+01 3.363994E-01 3.236183E+00
1.957854E+01 2.555924E-01 2.851454E+00
1.946667E+01 2.042788E-01 2.542432E+00
1.935606E+01 1.696845E-01 2.284318E+00
1.924670E+01 1.453897E-01 2.061909E+00
1.913858E+01 1.278810E-01 1.865259E+00
1.903166E+01 1.151197E-01 1.687460E+00
1.892593E+01 1.058864E-01 1.523418E+00
1.882136E+01 9.946480E-02 1.369126E+00
1.871795E+01 9.549739E-02 1.221150E+00
1.861566E+01 9.395520E-02 1.076210E+00
1.851449E+01 9.524487E-02 9.306962E-01
1.841442E+01 1.006265E-01 7.798611E-01
1.831541E+01 1.137572E-01 6.160841E-01
1.821747E+01 1.485082E-01 4.248089E-01
1.812057E+01 2.723751E-01 2.099989E-01
1.802469E+01 4.630532E-01 1.127280E-01
1.792983E+01 6.042097E-01 7.931357E-02
1.783595E+01 7.120867E-01 6.212336E-02
1.774306E+01 7.995180E-01 5.133356E-02
1.765112E+01 8.730380E-01 4.381843E-02
1.756014E+01 9.364017E-01 3.824313E-02
1.747009E+01 9.919885E-01 3.392822E-02
1.738095E+01 1.041416E+00 3.048571E-02
1.729272E+01 1.085839E+00 2.767538E-02
1.720539E+01 1.126119E+00 2.533932E-02
1.711893E+01 1.162914E+00 2.336885E-02
1.703333E+01 1.196740E+00 2.168645E-02
1.694859E+01 1.228010E+00 2.023512E-02
1.686469E+01 1.257062E+00 1.897199E-02
1.678161E+01 1.284172E+00 1.786410E-02
1.669935E+01 1.309574E+00 1.688572E-02
1.661788E+01 1.333463E+00 1.601642E-02
1.653722E+01 1.356006E+00 1.523979E-02
1.645733E+01 1.377346E+00 1.454252E-02
1.637821E+01 1.397609E+00 1.391365E-02
1.629984E+01 1.416904E+00 1.334413E-02
1.622222E+01 1.435324E+00 1.282641E-02
1.614534E+01 1.452956E+00 1.235414E-02
1.606918E+01 1.469874E+00 1.192194E-02
1.599374E+01 1.486146E+00 1.152527E-02
1.591900E+01 1.501831E+00 1.116022E-02
1.584496E+01 1.516985E+00 1.082346E-02
1.577160E+01 1.531659E+00 1.051211E-02
1.569892E+01 1.545896E+00 1.022371E-02
1.562691E+01 1.559740E+00 9.956116E-03
1.555556E+01 1.573229E+00 9.707500E-03
1.548485E+01 1.586400E+00 9.476280E-03
1.541478E+01 1.599287E+00 9.261104E-03
1.534535E+01 1.611922E+00 9.060824E-03
1.527653E+01 1.624336E+00 8.874479E-03
1.520833E+01 1.636558E+00 8.701280E-03
1.514074E+01 1.648617E+00 8.540602E-03
1.507375E+01 1.660541E+00 8.391980E-03
1.500734E+01 1.672357E+00 8.255105E-03
1.494152E+01 1.684093E+00 8.129832E-03
1.487627E+01 1.695775E+00 8.016182E-03
1.481159E+01 1.707433E+00 7.914359E-03
1.474747E+01 1.719095E+00 7.824769E-03
1.468391E+01 1.730789E+00 7.748040E-03
1.462089E+01 1.742549E+00 7.685062E-03
1.455840E+01 1.754406E+00 7.637026E-03
1.449645E+01 1.766396E+00 7.605485E-03
1.443503E+01 1.778557E+00 7.592424E-03
1.437412E+01 1.790932E+00 7.600357E-03
1.431373E+01 1.803565E+00 7.632450E-03
1.425383E+01 1.816510E+00 7.692679E-03
1.419444E+01 1.829824E+00 7.786044E-03
1.413555E+01 1.843573E+00 7.918840E-03
1.407714E+01 1.857834E+00 8.099031E-03
1.401921E+01 1.872693E+00 8.336740E-03
1.396175E+01 1.888254E+00 8.644930E-03
1.390476E+01 1.904639E+00 9.040322E-03
1.384824E+01 1.921993E+00 9.544698E-03
1.379217E+01 1.940492E+00 1.018673E-02
1.373656E+01 1.960351E+00 1.100460E-02
1.368139E+01 1.981837E+00 1.204993E-02
1.362667E+01 2.005282E+00 1.339349E-02
1.357238E+01 2.031113E+00 1.513417E-02
1.351852E+01 2.059881E+00 1.741295E-02
1.346509E+01 2.092311E+00 2.043555E-02
1.341207E+01 2.129384E+00 2.451063E-02
1.335948E+01 2.172452E+00 3.011637E-02
1.330729E+01 2.223432E+00 3.802261E-02
1.325551E+01 2.285135E+00 4.952766E-02
1.320413E+01 2.361839E+00 6.694994E-02
1.315315E+01 2.460328E+00 9.473782E-02
1.310256E+01 2.591861E+00 1.422524E-01
1.305236E+01 2.775671E+00 2.317252E-01
1.300255E+01 3.041796E+00 4.248181E-01
1.295310E+01 3.386419E+00 9.186079E-01
1.290404E+01 3.252974E+00 2.068710E+00
1.285535E+01 1.907996E+00 2.517953E+00
1.280702E+01 1.108253E+00 1.976809E+00
1.275905E+01 8.173881E-01 1.432063E+00
1.271144E+01 7.450038E-01 9.816902E-01
1.266419E+01 8.140007E-01 6.248851E-01
1.261728E+01 9.597040E-01 3.969000E-01
1.257073E+01 1.099078E+00 2.736710E-01
1.252451E+01 1.209627E+00 2.042823E-01
1.247863E+01 1.296029E+00 1.614807E-01
1.243309E+01 1.364963E+00 1.330193E-01
1.238788E+01 1.421346E+00 1.129962E-01
1.234300E+01 1.468531E+00 9.829403E-02
1.229844E+01 1.508817E+00 8.713341E-02
1.225420E+01 1.543812E+00 7.843340E-02
1.221027E+01 1.574673E+00 7.150365E-02
1.216667E+01 1.602248E+00 6.588478E-02
1.212337E+01 1.627174E+00 6.126057E-02
1.208038E+01 1.649939E+00 5.740699E-02
1.203769E+01 1.670922E+00 5.416135E-02
1.199531E+01 1.690422E+00 5.140301E-02
1.195322E+01 1.708679E+00 4.904082E-02
1.191142E+01 1.725889E+00 4.700479E-02
1.186992E+01 1.742213E+00 4.524039E-02
1.182870E+01 1.757782E+00 4.370459E-02
1.178777E+01 1.772708E+00 4.236304E-02
1.174713E+01 1.787087E+00 4.118806E-02
1.170676E+01 1.801000E+00 4.015711E-02
1.166667E+01 1.814515E+00 3.925169E-02
1.162685E+01 1.827694E+00 3.845652E-02
1.158730E+01 1.840590E+00 3.775889E-02
1.154802E+01 1.853251E+00 3.714816E-02
1.150901E+01 1.865719E+00 3.661537E-02
1.147026E+01 1.878032E+00 3.615299E-02
1.143177E+01 1.890224E+00 3.575461E-02
1.139353E+01 1.902327E+00 3.541481E-02
1.135556E+01 1.914370E+00 3.512897E-02
1.131783E+01 1.926381E+00 3.489316E-02
1.128035E+01 1.938385E+00 3.470405E-02
1.124312E+01 1.950407E+00 3.455881E-02
1.120614E+01 1.962469E+00 3.445507E-02
1.116940E+01 1.974595E+00 3.439083E-02
1.113290E+01 1.986806E+00 3.436445E-02
1.109663E+01 1.999123E+00 3.437459E-02
1.106061E+01 2.011567E+00 3.442021E-02
1.102481E+01 2.024160E+00 3.450049E-02
1.098925E+01 2.036923E+00 3.461489E-02
1.095391E+01 2.049877E+00 3.476307E-02
1.091880E+01 2.063044E+00 3.494491E-02
1.088392E+01 2.076446E+00 3.516050E-02
1.084926E+01 2.090106E+00 3.541014E-02
1.081482E+01 2.104048E+00 3.569432E-02
1.078059E+01 2.118296E+00 3.601375E-02
1.074658E+01 2.132876E+00 3.636934E-02
1.071279E+01 2.147815E+00 3.676223E-02
1.067921E+01 2.163142E+00 3.719379E-02
1.064583E+01 2.178887E+00 3.766563E-02
1.061267E+01 2.195083E+00 3.817963E-02
1.057971E+01 2.211763E+00 3.873797E-02
1.054696E+01 2.228964E+00 3.934313E-02
1.051440E+01 2.246727E+00 3.999795E-02
1.048205E+01 2.265093E+00 4.070566E-02
1.044990E+01 2.284108E+00 4.146992E-02
1.041794E+01 2.303824E+00 4.229489E-02
1.038618E+01 2.324293E+00 4.318529E-02
1.035461E+01 2.345577E+00 4.414648E-02
1.032323E+01 2.367738E+00 4.518455E-02
1.029204E+01 2.390850E+00 4.630641E-02
1.026104E+01 2.414991E+00 4.751999E-02
1.023023E+01 2.440248E+00 4.883434E-02
1.019960E+01 2.466717E+00 5.025983E-02
1.016915E+01 2.494506E+00 5.180843E-02
1.013889E+01 2.523736E+00 5.349395E-02
1.010880E+01 2.554542E+00 5.533243E-02
1.007890E+01 2.587075E+00 5.734257E-02
1.004916E+01 2.621507E+00 5.954630E-02
1.001961E+01 2.658035E+00 6.196943E-02
9.990230E+00 2.696881E+00 6.464256E-02
9.961013E+00 2.738302E+00 6.760220E-02
9.931976E+00 2.782593E+00 7.089220E-02
9.903098E+00 2.830100E+00 7.456567E-02
9.874398E+00 2.881224E+00 7.868742E-02
9.845853E+00 2.936440E+00 8.333729E-02
9.817483E+00 2.996310E+00 8.861470E-02
9.789276E+00 3.061509E+00 9.464472E-02
9.761221E+00 3.132850E+00 1.015868E-01
9.733336E+00 3.211330E+00 1.096469E-01
9.705600E+00 3.298179E+00 1.190953E-01
9.678031E+00 3.394940E+00 1.302930E-01
9.650609E+00 3.503572E+00 1.437321E-01
9.623352E+00 3.626613E+00 1.600983E-01
9.596247E+00 3.767410E+00 1.803735E-01
9.569286E+00 3.930480E+00 2.060084E-01
9.542486E+00 4.122089E+00 2.392271E-01
9.515825E+00 4.351202E+00 2.835961E-01
9.489323E+00 4.631151E+00 3.451613E-01
9.462967E+00 4.982689E+00 4.349133E-01
9.436749E+00 5.439941E+00 5.747311E-01
9.410684E+00 6.062606E+00 8.138132E-01
9.384754E+00 6.959890E+00 1.283126E+00
9.358976E+00 8.296349E+00 2.420266E+00
9.333330E+00 9.425727E+00 5.803690E+00
9.307832E+00 5.451533E+00 9.377696E+00
9.282474E+00 2.237581E+00 8.009432E+00
9.257245E+00 1.171173E+00 6.612840E+00
9.232161E+00 7.299856E-01 5.670390E+00
9.207204E+00 5.055237E-01 5.006022E+00
9.182391E+00 3.748236E-01 4.509569E+00
9.157702E+00 2.914648E-01 4.121049E+00
9.133154E+00 2.347483E-01 3.806075E+00
9.108737E+00 1.942653E-01 3.543651E+00
9.084443E+00 1.642909E-01 3.320226E+00
9.060285E+00 1.414505E-01 3.126644E+00
9.036248E+00 1.236434E-01 2.956479E+00
9.012346E+00 1.095020E-01 2.805075E+00
8.988570E+00 9.810337E-02 2.668966E+00
8.964911E+00 8.880460E-02 2.545514E+00
8.941385E+00 8.114645E-02 2.432669E+00
8.917973E+00 7.479340E-02 2.328813E+00
8.894692E+00 6.949556E-02 2.232647E+00
8.871524E+00 6.506383E-02 2.143114E+00
8.848485E+00 6.135303E-02 2.059344E+00
8.825564E+00 5.825041E-02 1.980615E+00
8.802755E+00 5.566755E-02 1.906317E+00
8.780071E+00 5.353456E-02 1.835937E+00
8.757495E+00 5.179591E-02 1.769032E+00
8.735043E+00 5.040735E-02 1.705221E+00
8.712699E+00 4.933364E-02 1.644175E+00
8.690476E+00 4.854683E-02 1.585603E+00
8.668366E+00 4.802497E-02 1.529250E+00
8.646360E+00 4.775116E-02 1.474891E+00
8.624474E+00 4.771283E-02 1.422321E+00
8.602691E+00 4.790116E-02 1.371360E+00
8.581025E+00 4.831080E-02 1.321840E+00
8.559467E+00 4.893953E-02 1.273610E+00
8.538011E+00 4.978819E-02 1.226531E+00
8.516669E+00 5.086064E-02 1.180473E+00
8.495426E+00 5.216390E-02 1.135314E+00
8.474296E+00 5.370832E-02 1.090937E+00
8.453264E+00 5.550799E-02 1.047231E+00
8.432343E+00 5.758130E-02 1.004089E+00
8.411525E+00 5.995169E-02 9.614014E-01
8.390803E+00 6.264879E-02 9.190628E-01
8.370190E+00 6.570998E-02 8.769637E-01
8.349671E+00 6.918248E-02 8.349913E-01
8.329259E+00 7.312651E-02 7.930269E-01
8.308940E+00 7.761961E-02 7.509436E-01
8.288726E+00 8.276311E-02 7.086038E-01
8.268611E+00 8.869165E-02 6.658569E-01
8.248586E+00 9.558765E-02 6.225377E-01
8.228665E+00 1.037035E-01 5.784668E-01
8.208833E+00 1.133961E-01 5.334590E-01
8.189103E+00 1.251794E-01 4.873488E-01
8.169467E+00 1.398004E-01 4.400581E-01
8.149919E+00 1.583215E-01 3.917628E-01
8.130471E+00 1.821107E-01 3.432413E-01
8.111109E+00 2.124239E-01 2.963879E-01
8.091846E+00 2.492303E-01 2.542617E-01
8.072667E+00 2.902126E-01 2.195866E-01
8.053585E+00 3.319324E-01 1.928729E-01
8.034594E+00 3.719011E-01 1.727380E-01
8.015685E+00 4.090639E-01 1.573822E-01
7.996872E+00 4.432392E-01 1.453519E-01
7.978140E+00 4.746091E-01 1.356321E-01
7.959502E+00 5.034651E-01 1.275403E-01
7.940951E+00 5.301073E-01 1.206160E-01
7.922480E+00 5.548103E-01 1.145434E-01
7.904101E+00 5.778143E-01 1.091014E-01
7.885801E+00 5.993272E-01 1.041328E-01
7.867592E+00 6.195273E-01 9.952401E-02
7.849460E+00 6.385683E-01 9.519256E-02
7.831418E+00 6.565829E-01 9.107835E-02
7.813458E+00 6.736857E-01 8.713778E-02
7.795575E+00 6.899762E-01 8.333965E-02
7.777780E+00 7.055407E-01 7.966214E-02
7.760059E+00 7.204543E-01 7.609052E-02
7.742425E+00 7.347820E-01 7.261547E-02
7.724865E+00 7.485802E-01 6.923164E-02
7.707390E+00 7.618975E-01 6.593667E-02
7.689995E+00 7.747761E-01 6.273022E-02
7.672672E+00 7.872520E-01 5.961338E-02
7.655432E+00 7.993564E-01 5.658800E-02
7.638264E+00 8.111157E-01 5.365635E-02
7.621179E+00 8.225528E-01 5.082075E-02
7.604170E+00 8.336871E-01 4.808332E-02
7.587230E+00 8.445353E-01 4.544579E-02
7.570372E+00 8.551115E-01 4.290944E-02
7.553583E+00 8.654283E-01 4.047497E-02
7.536874E+00 8.754962E-01 3.814252E-02
7.520233E+00 8.853245E-01 3.591165E-02
7.503671E+00 8.949217E-01 3.378138E-02
7.487182E+00 9.042950E-01 3.175025E-02
7.470759E+00 9.134513E-01 2.981632E-02
7.454414E+00 9.223965E-01 2.797729E-02
7.438135E+00 9.311366E-01 2.623054E-02
7.421932E+00 9.396767E-01 2.457317E-02
7.405795E+00 9.480221E-01 2.300208E-02
7.389732E+00 9.561777E-01 2.151403E-02
7.373739E+00 9.641482E-01 2.010568E-02
7.357810E+00 9.719383E-01 1.877361E-02
7.341955E+00 9.795524E-01 1.751440E-02
7.326163E+00 9.869950E-01 1.632463E-02
7.310444E+00 9.942704E-01 1.520095E-02
7.294792E+00 1.001383E+00 1.414002E-02
7.279202E+00 1.008337E+00 1.313863E-02
7.263683E+00 1.015136E+00 1.219364E-02
7.248226E+00 1.021785E+00 1.130203E-02
7.232839E+00 1.028288E+00 1.046088E-02
7.217512E+00 1.034647E+00 9.667398E-03
7.202255E+00 1.040869E+00 8.918912E-03
7.187063E+00 1.046955E+00 8.212877E-03
7.171929E+00 1.052910E+00 7.546870E-03
7.156864E+00 1.058738E+00 6.918588E-03
7.141857E+00 1.064442E+00 6.325854E-03
7.126918E+00 1.070025E+00 5.766602E-03
7.112037E+00 1.075490E+00 5.238882E-03
7.097222E+00 1.080842E+00 4.740855E-03
7.082469E+00 1.086083E+00 4.270784E-03
7.067772E+00 1.091217E+00 3.827033E-03
7.053141E+00 1.096246E+00 3.408063E-03
7.038566E+00 1.101173E+00 3.012424E-03
7.024055E+00 1.106001E+00 2.638755E-03
7.009605E+00 1.110733E+00 2.285773E-03
6.995208E+00 1.115372E+00 1.952276E-03
6.980876E+00 1.119920E+00 1.637133E-03
6.966597E+00 1.124380E+00 1.339281E-03
6.952382E+00 1.128754E+00 1.057723E-03
6.938219E+00 1.133044E+00 7.915222E-04
6.924119E+00 1.137253E+00 5.397997E-04
6.910076E+00 1.141383E+00 3.017293E-04
6.896086E+00 1.145437E+00 7.653549E-05
6.882156E+00 1.149415E+00 -1.365098E-04
6.868278E+00 1.153321E+00 -3.380906E-04
6.854461E+00 1.157155E+00 -5.288493E-04
6.840694E+00 1.160921E+00 -7.093895E-04
6.826987E+00 1.164620E+00 -8.802781E-04
6.813335E+00 1.168253E+00 -1.042048E-03
6.799733E+00 1.171823E+00 -1.195201E-03
6.786190E+00 1.175330E+00 -1.340207E-03
6.772695E+00 1.178777E+00 -1.477509E-03
6.759260E+00 1.182165E+00 -1.607524E-03
6.745877E+00 1.185496E+00 -1.730645E-03
6.732542E+00 1.188771E+00 -1.847240E-03
6.719265E+00 1.191991E+00 -1.957656E-03
6.706036E+00 1.195158E+00 -2.062222E-03
6.692863E+00 1.198273E+00 -2.161244E-03
6.679737E+00 1.201337E+00 -2.255014E-03
6.666667E+00 1.204352E+00 -2.343806E-03
