1.000000E+04 2.023377E+00 2.127907E-05
2.542288E+03 2.023400E+00 8.371218E-05
1.456255E+03 2.023449E+00 1.461872E-04
1.020367E+03 2.023525E+00 2.087353E-04
7.853078E+02 2.023628E+00 2.713879E-04
6.382713E+02 2.023759E+00 3.341765E-04
5.376119E+02 2.023916E+00 3.971328E-04
4.643765E+02 2.024100E+00 4.602886E-04
4.087019E+02 2.024311E+00 5.236762E-04
3.649479E+02 2.024550E+00 5.873279E-04
3.296561E+02 2.024816E+00 6.512765E-04
3.005883E+02 2.025110E+00 7.155552E-04
2.762311E+02 2.025431E+00 7.801977E-04
2.555255E+02 2.025780E+00 8.452378E-04
2.377076E+02 2.026157E+00 9.107103E-04
2.222125E+02 2.026562E+00 9.766503E-04
2.086140E+02 2.026996E+00 1.043094E-03
1.965838E+02 2.027458E+00 1.110077E-03
1.858655E+02 2.027949E+00 1.177636E-03
1.762555E+02 2.028469E+00 1.245811E-03
1.675904E+02 2.029018E+00 1.314639E-03
1.597374E+02 2.029597E+00 1.384161E-03
1.525874E+02 2.030206E+00 1.454416E-03
1.460501E+02 2.030845E+00 1.525446E-03
1.400499E+02 2.031515E+00 1.597295E-03
1.345233E+02 2.032215E+00 1.670006E-03
1.294162E+02 2.032947E+00 1.743623E-03
1.246828E+02 2.033710E+00 1.818195E-03
1.202834E+02 2.034505E+00 1.893767E-03
1.161839E+02 2.035333E+00 1.970389E-03
1.123546E+02 2.036193E+00 2.048113E-03
1.087697E+02 2.037087E+00 2.126990E-03
1.054065E+02 2.038015E+00 2.207075E-03
1.022450E+02 2.038977E+00 2.288423E-03
9.926760E+01 2.039973E+00 2.371092E-03
9.645880E+01 2.041006E+00 2.455142E-03
9.380449E+01 2.042074E+00 2.540636E-03
9.129235E+01 2.043179E+00 2.627638E-03
8.891133E+01 2.044321E+00 2.716214E-03
8.665128E+01 2.045500E+00 2.806435E-03
8.450328E+01 2.046719E+00 2.898371E-03
8.245927E+01 2.047977E+00 2.992098E-03
8.051173E+01 2.049275E+00 3.087694E-03
7.865413E+01 2.050613E+00 3.185241E-03
7.688026E+01 2.051994E+00 3.284822E-03
7.518463E+01 2.053416E+00 3.386527E-03
7.356224E+01 2.054883E+00 3.490446E-03
7.200834E+01 2.056393E+00 3.596677E-03
7.051873E+01 2.057949E+00 3.705320E-03
6.908954E+01 2.059552E+00 3.816480E-03
6.771709E+01 2.061201E+00 3.930266E-03
6.639811E+01 2.062900E+00 4.046793E-03
6.512957E+01 2.064648E+00 4.166182E-03
6.390854E+01 2.066446E+00 4.288559E-03
6.273250E+01 2.068298E+00 4.414055E-03
6.159892E+01 2.070202E+00 4.542811E-03
6.050558E+01 2.072161E+00 4.674970E-03
5.945042E+01 2.074177E+00 4.810687E-03
5.843139E+01 2.076251E+00 4.950123E-03
5.744670E+01 2.078384E+00 5.093445E-03
5.649469E+01 2.080578E+00 5.240833E-03
5.557368E+01 2.082835E+00 5.392475E-03
5.468222E+01 2.085157E+00 5.548567E-03
5.381894E+01 2.087545E+00 5.709319E-03
5.298246E+01 2.090001E+00 5.874950E-03
5.217162E+01 2.092529E+00 6.045693E-03
5.138519E+01 2.095129E+00 6.221794E-03
5.062212E+01 2.097805E+00 6.403513E-03
4.988141E+01 2.100558E+00 6.591124E-03
4.916203E+01 2.103391E+00 6.784920E-03
4.846311E+01 2.106307E+00 6.985208E-03
4.778381E+01 2.109309E+00 7.192316E-03
4.712327E+01 2.112399E+00 7.406592E-03
4.648073E+01 2.115581E+00 7.628406E-03
4.585551E+01 2.118858E+00 7.858149E-03
4.524686E+01 2.122234E+00 8.096241E-03
4.465418E+01 2.125712E+00 8.343125E-03
4.407680E+01 2.129296E+00 8.599276E-03
4.351417E+01 2.132990E+00 8.865201E-03
4.296574E+01 2.136798E+00 9.141439E-03
4.243094E+01 2.140726E+00 9.428568E-03
4.190929E+01 2.144777E+00 9.727205E-03
4.140032E+01 2.148958E+00 1.003801E-02
4.090356E+01 2.153272E+00 1.036170E-02
4.041857E+01 2.157727E+00 1.069902E-02
3.994497E+01 2.162329E+00 1.105080E-02
3.948232E+01 2.167083E+00 1.141792E-02
3.903027E+01 2.171997E+00 1.180131E-02
3.858846E+01 2.177078E+00 1.220199E-02
3.815654E+01 2.182334E+00 1.262108E-02
3.773418E+01 2.187773E+00 1.305974E-02
3.732106E+01 2.193405E+00 1.351926E-02
3.691689E+01 2.199239E+00 1.400103E-02
3.652140E+01 2.205286E+00 1.450655E-02
3.613427E+01 2.211556E+00 1.503746E-02
3.575526E+01 2.218061E+00 1.559553E-02
3.538414E+01 2.224814E+00 1.618268E-02
3.502063E+01 2.231829E+00 1.680104E-02
3.466451E+01 2.239121E+00 1.745288E-02
3.431557E+01 2.246705E+00 1.814073E-02
3.397358E+01 2.254600E+00 1.886734E-02
3.363834E+01 2.262823E+00 1.963571E-02
3.330965E+01 2.271395E+00 2.044916E-02
3.298732E+01 2.280339E+00 2.131134E-02
3.267118E+01 2.289678E+00 2.222628E-02
3.236102E+01 2.299439E+00 2.319839E-02
3.205671E+01 2.309651E+00 2.423262E-02
3.175807E+01 2.320344E+00 2.533439E-02
3.146494E+01 2.331555E+00 2.650977E-02
3.117716E+01 2.343321E+00 2.776550E-02
3.089462E+01 2.355685E+00 2.910910E-02
3.061713E+01 2.368693E+00 3.054898E-02
3.034460E+01 2.382397E+00 3.209459E-02
3.007687E+01 2.396855E+00 3.375652E-02
2.981382E+01 2.412133E+00 3.554671E-02
2.955534E+01 2.428302E+00 3.747865E-02
2.930130E+01 2.445445E+00 3.956760E-02
2.905158E+01 2.463655E+00 4.183088E-02
2.880610E+01 2.483036E+00 4.428819E-02
2.856472E+01 2.503709E+00 4.696203E-02
2.832735E+01 2.525813E+00 4.987807E-02
2.809390E+01 2.549508E+00 5.306579E-02
2.786427E+01 2.574979E+00 5.655900E-02
2.763836E+01 2.602446E+00 6.039664E-02
2.741608E+01 2.632167E+00 6.462362E-02
2.719734E+01 2.664452E+00 6.929182E-02
2.698208E+01 2.699677E+00 7.446140E-02
2.677019E+01 2.738302E+00 8.020240E-02
2.656160E+01 2.780905E+00 8.659718E-02
2.635624E+01 2.828224E+00 9.374459E-02
2.615403E+01 2.881224E+00 1.017685E-01
2.595489E+01 2.941209E+00 1.108373E-01
2.575878E+01 3.010003E+00 1.212132E-01
2.556559E+01 3.090253E+00 1.333774E-01
2.537529E+01 3.185933E+00 1.483601E-01
2.518780E+01 3.303116E+00 1.685908E-01
2.500306E+01 3.450827E+00 1.999903E-01
2.482101E+01 3.640712E+00 2.564695E-01
2.464159E+01 3.881516E+00 3.668728E-01
2.446474E+01 4.162952E+00 5.775469E-01
2.429042E+01 4.435603E+00 9.349517E-01
2.411856E+01 4.614123E+00 1.449897E+00
2.394912E+01 4.610280E+00 2.076610E+00
2.378204E+01 4.369509E+00 2.719254E+00
2.361728E+01 3.898877E+00 3.258820E+00
2.345478E+01 3.272905E+00 3.596618E+00
2.329451E+01 2.607532E+00 3.692732E+00
2.313641E+01 2.014890E+00 3.577277E+00
2.298044E+01 1.564479E+00 3.330187E+00
2.282656E+01 1.265350E+00 3.044666E+00
2.267473E+01 1.075906E+00 2.784845E+00
2.252491E+01 9.446164E-01 2.567026E+00
2.237705E+01 8.407015E-01 2.380816E+00
2.223111E+01 7.527776E-01 2.213640E+00
2.208708E+01 6.777244E-01 2.058179E+00
2.194489E+01 6.144019E-01 1.911076E+00
2.180453E+01 5.617826E-01 1.770791E+00
2.166595E+01 5.187407E-01 1.636397E+00
2.152911E+01 4.841987E-01 1.507100E+00
2.139400E+01 4.572683E-01 1.382085E+00
2.126057E+01 4.373418E-01 1.260490E+00
2.112880E+01 4.241641E-01 1.141415E+00
2.099865E+01 4.179206E-01 1.023970E+00
2.087009E+01 4.193724E-01 9.073728E-01
2.074310E+01 4.300477E-01 7.912104E-01
2.061764E+01 4.523719E-01 6.760499E-01
2.049369E+01 4.892128E-01 5.645737E-01
2.037122E+01 5.417792E-01 4.624514E-01
2.025022E+01 6.065699E-01 3.762383E-01
2.013063E+01 6.762217E-01 3.085798E-01
2.001246E+01 7.443474E-01 2.572372E-01
1.989566E+01 8.077749E-01 2.182255E-01
1.978021E+01 8.656224E-01 1.880572E-01
1.966610E+01 9.180478E-01 1.642191E-01
1.955330E+01 9.655633E-01 1.449927E-01
1.944178E+01 1.008750E+00 1.292036E-01
1.933153E+01 1.048154E+00 1.160355E-01
1.922252E+01 1.084257E+00 1.049076E-01
1.911474E+01 1.117470E+00 9.539705E-02
1.900815E+01 1.148147E+00 8.718913E-02
1.890275E+01 1.176585E+00 8.004514E-02
1.879852E+01 1.203040E+00 7.378073E-02
1.869542E+01 1.227730E+00 6.825131E-02
1.859345E+01 1.250841E+00 6.334191E-02
1.849258E+01 1.272536E+00 5.895997E-02
1.839281E+01 1.292956E+00 5.503017E-02
1.829410E+01 1.312223E+00 5.149057E-02
1.819645E+01 1.330444E+00 4.828982E-02
1.809984E+01 1.347716E+00 4.538499E-02
1.800424E+01 1.364121E+00 4.273991E-02
1.790965E+01 1.379734E+00 4.032392E-02
1.781605E+01 1.394622E+00 3.811087E-02
1.772343E+01 1.408845E+00 3.607831E-02
1.763176E+01 1.422456E+00 3.420689E-02
1.754103E+01 1.435503E+00 3.247984E-02
1.745123E+01 1.448030E+00 3.088255E-02
1.736235E+01 1.460077E+00 2.940226E-02
1.727437E+01 1.471680E+00 2.802776E-02
1.718727E+01 1.482873E+00 2.674920E-02
1.710105E+01 1.493684E+00 2.555784E-02
1.701569E+01 1.504142E+00 2.444596E-02
1.693118E+01 1.514273E+00 2.340668E-02
1.684750E+01 1.524100E+00 2.243385E-02
1.676465E+01 1.533646E+00 2.152200E-02
1.668261E+01 1.542930E+00 2.066621E-02
1.660137E+01 1.551971E+00 1.986204E-02
1.652091E+01 1.560788E+00 1.910552E-02
1.644123E+01 1.569397E+00 1.839305E-02
1.636231E+01 1.577813E+00 1.772138E-02
1.628415E+01 1.586052E+00 1.708755E-02
1.620674E+01 1.594127E+00 1.648890E-02
1.613005E+01 1.602053E+00 1.592298E-02
1.605409E+01 1.609841E+00 1.538759E-02
1.597884E+01 1.617504E+00 1.488069E-02
1.590429E+01 1.625054E+00 1.440045E-02
1.583043E+01 1.632503E+00 1.394518E-02
1.575726E+01 1.639860E+00 1.351334E-02
1.568476E+01 1.647139E+00 1.310352E-02
1.561292E+01 1.654348E+00 1.271443E-02
1.554174E+01 1.661500E+00 1.234490E-02
1.547121E+01 1.668604E+00 1.199385E-02
1.540131E+01 1.675671E+00 1.166030E-02
1.533204E+01 1.682713E+00 1.134337E-02
1.526339E+01 1.689740E+00 1.104226E-02
1.519535E+01 1.696764E+00 1.075626E-02
1.512792E+01 1.703796E+00 1.048473E-02
1.506108E+01 1.710849E+00 1.022715E-02
1.499484E+01 1.717935E+00 9.983072E-03
1.492917E+01 1.725069E+00 9.752146E-03
1.486407E+01 1.732265E+00 9.534148E-03
1.479954E+01 1.739539E+00 9.328982E-03
1.473557E+01 1.746909E+00 9.136716E-03
1.467215E+01 1.754393E+00 8.957613E-03
1.460927E+01 1.762012E+00 8.792189E-03
1.454693E+01 1.769791E+00 8.641286E-03
1.448511E+01 1.777754E+00 8.506169E-03
1.442382E+01 1.785934E+00 8.388679E-03
1.436305E+01 1.794364E+00 8.291433E-03
1.430279E+01 1.803084E+00 8.218120E-03
1.424303E+01 1.812141E+00 8.173929E-03
1.418377E+01 1.821591E+00 8.166191E-03
1.412500E+01 1.831500E+00 8.205323E-03
1.406671E+01 1.841947E+00 8.306302E-03
1.400890E+01 1.853029E+00 8.490939E-03
1.395157E+01 1.864867E+00 8.791509E-03
1.389471E+01 1.877608E+00 9.256608E-03
1.383830E+01 1.891438E+00 9.960700E-03
1.378235E+01 1.906591E+00 1.101981E-02
1.372685E+01 1.923358E+00 1.261708E-02
1.367180E+01 1.942094E+00 1.504374E-02
1.361719E+01 1.963215E+00 1.876164E-02
1.356301E+01 1.987157E+00 2.449142E-02
1.350926E+01 2.014287E+00 3.331827E-02
1.345594E+01 2.044698E+00 4.677887E-02
1.340303E+01 2.077914E+00 6.684926E-02
1.335054E+01 2.112528E+00 9.572539E-02
1.329846E+01 2.145960E+00 1.353433E-01
1.324678E+01 2.174529E+00 1.867467E-01
1.319551E+01 2.193872E+00 2.495470E-01
1.314463E+01 2.199574E+00 3.216559E-01
1.309414E+01 2.187821E+00 3.992793E-01
1.304403E+01 2.156044E+00 4.771116E-01
1.299431E+01 2.103529E+00 5.487678E-01
1.294497E+01 2.031883E+00 6.074970E-01
1.289600E+01 1.945186E+00 6.470910E-01
1.284740E+01 1.849791E+00 6.628383E-01
1.279916E+01 1.753781E+00 6.524288E-01
1.275128E+01 1.666033E+00 6.167255E-01
1.270376E+01 1.594833E+00 5.602165E-01
1.265660E+01 1.546058E+00 4.907804E-01
1.260978E+01 1.521366E+00 4.182497E-01
1.256331E+01 1.517503E+00 3.516788E-01
1.251718E+01 1.527803E+00 2.966124E-01
1.247138E+01 1.545098E+00 2.542403E-01
1.242592E+01 1.564019E+00 2.226607E-01
1.238080E+01 1.581640E+00 1.988019E-01
1.233599E+01 1.596970E+00 1.797834E-01
1.229151E+01 1.610150E+00 1.634775E-01
1.224735E+01 1.621797E+00 1.485526E-01
1.220351E+01 1.632622E+00 1.343053E-01
1.215998E+01 1.643241E+00 1.204587E-01
1.211676E+01 1.654105E+00 1.069939E-01
1.207384E+01 1.665501E+00 9.402806E-02
1.203123E+01 1.677565E+00 8.173173E-02
1.198892E+01 1.690317E+00 7.027711E-02
1.194690E+01 1.703692E+00 5.980698E-02
1.190518E+01 1.717572E+00 5.041884E-02
1.186375E+01 1.731807E+00 4.215923E-02
1.182260E+01 1.746242E+00 3.502538E-02
1.178174E+01 1.760731E+00 2.897166E-02
1.174116E+01 1.775148E+00 2.391915E-02
1.170086E+01 1.789393E+00 1.976642E-02
1.166084E+01 1.803399E+00 1.640023E-02
1.162108E+01 1.817123E+00 1.370487E-02
1.158160E+01 1.830552E+00 1.156938E-02
1.154239E+01 1.843690E+00 9.892467E-03
1.150344E+01 1.856559E+00 8.585218E-03
1.146475E+01 1.869189E+00 7.572035E-03
1.142632E+01 1.881619E+00 6.790298E-03
1.138815E+01 1.893890E+00 6.189236E-03
1.135023E+01 1.906046E+00 5.728404E-03
1.131257E+01 1.918130E+00 5.376044E-03
1.127515E+01 1.930184E+00 5.107532E-03
1.123798E+01 1.942250E+00 4.903976E-03
1.120106E+01 1.954365E+00 4.751033E-03
1.116437E+01 1.966569E+00 4.637941E-03
1.112793E+01 1.978899E+00 4.556740E-03
1.109172E+01 1.991391E+00 4.501668E-03
1.105575E+01 2.004081E+00 4.468708E-03
1.102001E+01 2.017004E+00 4.455251E-03
1.098450E+01 2.030197E+00 4.459852E-03
1.094922E+01 2.043697E+00 4.482087E-03
1.091416E+01 2.057542E+00 4.522459E-03
1.087933E+01 2.071773E+00 4.582382E-03
1.084472E+01 2.086430E+00 4.664221E-03
1.081033E+01 2.101561E+00 4.771383E-03
1.077616E+01 2.117212E+00 4.908481E-03
1.074220E+01 2.133435E+00 5.081564E-03
1.070846E+01 2.150289E+00 5.298426E-03
1.067492E+01 2.167834E+00 5.569024E-03
1.064160E+01 2.186138E+00 5.906009E-03
1.060848E+01 2.205277E+00 6.325416E-03
1.057557E+01 2.225333E+00 6.847542E-03
1.054286E+01 2.246399E+00 7.498059E-03
1.051036E+01 2.268575E+00 8.309415E-03
1.047805E+01 2.291976E+00 9.322598E-03
1.044595E+01 2.316728E+00 1.058932E-02
1.041403E+01 2.342970E+00 1.217472E-02
1.038232E+01 2.370855E+00 1.416064E-02
1.035079E+01 2.400555E+00 1.664956E-02
1.031946E+01 2.432255E+00 1.976922E-02
1.028831E+01 2.466155E+00 2.367797E-02
1.025736E+01 2.502473E+00 2.857062E-02
1.022659E+01 2.541438E+00 3.468488E-02
1.019600E+01 2.583290E+00 4.230794E-02
1.016559E+01 2.628276E+00 5.178315E-02
1.013537E+01 2.676650E+00 6.351685E-02
1.010532E+01 2.728669E+00 7.798588E-02
1.007546E+01 2.784595E+00 9.574808E-02
1.004577E+01 2.844703E+00 1.174594E-01
1.001625E+01 2.909285E+00 1.439053E-01
9.986907E+00 2.978658E+00 1.760554E-01
9.957729E+00 3.053146E+00 2.151522E-01
9.928732E+00 3.133014E+00 2.628367E-01
9.899892E+00 3.218304E+00 3.212907E-01
9.871230E+00 3.308533E+00 3.933326E-01
9.842733E+00 3.402253E+00 4.823532E-01
9.814390E+00 3.496575E+00 5.919627E-01
9.786220E+00 3.586874E+00 7.253113E-01
9.758202E+00 3.666906E+00 8.842408E-01
9.730352E+00 3.729359E+00 1.068566E+00
9.702653E+00 3.766676E+00 1.275708E+00
9.675119E+00 3.771871E+00 1.500669E+00
9.647732E+00 3.739303E+00 1.736229E+00
9.620509E+00 3.665409E+00 1.973343E+00
9.593430E+00 3.549353E+00 2.201838E+00
9.566513E+00 3.393400E+00 2.411382E+00
9.539736E+00 3.202871E+00 2.592576E+00
9.513119E+00 2.985690E+00 2.737958E+00
9.486640E+00 2.751595E+00 2.842768E+00
9.460317E+00 2.511111E+00 2.905393E+00
9.434140E+00 2.274437E+00 2.927384E+00
9.408099E+00 2.050449E+00 2.913048E+00
9.382210E+00 1.845977E+00 2.868765E+00
9.356454E+00 1.665366E+00 2.802195E+00
9.330848E+00 1.510241E+00 2.721391E+00
9.305373E+00 1.379581E+00 2.633794E+00
9.280045E+00 1.270275E+00 2.545261E+00
9.254846E+00 1.178136E+00 2.459502E+00
9.229792E+00 1.098985E+00 2.378151E+00
9.204865E+00 1.029410E+00 2.301340E+00
9.180081E+00 9.670356E-01 2.228420E+00
9.155422E+00 9.104176E-01 2.158537E+00
9.130902E+00 8.587733E-01 2.090963E+00
9.106514E+00 8.117040E-01 2.025228E+00
9.082248E+00 7.689788E-01 1.961114E+00
9.058119E+00 7.303950E-01 1.898597E+00
9.034109E+00 6.957061E-01 1.837762E+00
9.010235E+00 6.645978E-01 1.778731E+00
8.986478E+00 6.366982E-01 1.721602E+00
8.962854E+00 6.116039E-01 1.666414E+00
8.939347E+00 5.889132E-01 1.613136E+00
8.915970E+00 5.682554E-01 1.561666E+00
8.892707E+00 5.493133E-01 1.511843E+00
8.869573E+00 5.318354E-01 1.463472E+00
8.846551E+00 5.156402E-01 1.416341E+00
8.823657E+00 5.006124E-01 1.370240E+00
8.800880E+00 4.866953E-01 1.324975E+00
8.778213E+00 4.738802E-01 1.280380E+00
8.755670E+00 4.621956E-01 1.236320E+00
8.733235E+00 4.516955E-01 1.192700E+00
8.710923E+00 4.424496E-01 1.149462E+00
8.688716E+00 4.345343E-01 1.106584E+00
8.666630E+00 4.280248E-01 1.064079E+00
8.644649E+00 4.229880E-01 1.021991E+00
8.622786E+00 4.194765E-01 9.803910E-01
8.601026E+00 4.175243E-01 9.393728E-01
8.579383E+00 4.171418E-01 8.990472E-01
8.557841E+00 4.183133E-01 8.595362E-01
8.536415E+00 4.209944E-01 8.209664E-01
8.515088E+00 4.251116E-01 7.834617E-01
8.493875E+00 4.305630E-01 7.471364E-01
8.472767E+00 4.372210E-01 7.120873E-01
8.451757E+00 4.449371E-01 6.783871E-01
8.430857E+00 4.535483E-01 6.460789E-01
8.410054E+00 4.628859E-01 6.151731E-01
8.389360E+00 4.727843E-01 5.856460E-01
8.368761E+00 4.830906E-01 5.574424E-01
8.348270E+00 4.936720E-01 5.304801E-01
8.327872E+00 5.044222E-01 5.046575E-01
8.307580E+00 5.152647E-01 4.798610E-01
8.287380E+00 5.261535E-01 4.559739E-01
8.267285E+00 5.370713E-01 4.328845E-01
8.247280E+00 5.480262E-01 4.104925E-01
8.227378E+00 5.590464E-01 3.887141E-01
8.207573E+00 5.701745E-01 3.674856E-01
8.187856E+00 5.814609E-01 3.467647E-01
8.168240E+00 5.929584E-01 3.265309E-01
8.148711E+00 6.047162E-01 3.067834E-01
8.129282E+00 6.167757E-01 2.875384E-01
8.109938E+00 6.291668E-01 2.688257E-01
8.090693E+00 6.419056E-01 2.506840E-01
8.071533E+00 6.549939E-01 2.331568E-01
8.052470E+00 6.684195E-01 2.162881E-01
8.033490E+00 6.821574E-01 2.001190E-01
8.014606E+00 6.961721E-01 1.846850E-01
7.995804E+00 7.104199E-01 1.700140E-01
7.977096E+00 7.248517E-01 1.561255E-01
7.958470E+00 7.394153E-01 1.430302E-01
7.939936E+00 7.540574E-01 1.307303E-01
7.921489E+00 7.687255E-01 1.192202E-01
7.903120E+00 7.833688E-01 1.084876E-01
7.884843E+00 7.979400E-01 9.851412E-02
7.866645E+00 8.123949E-01 8.927658E-02
7.848536E+00 8.266937E-01 8.074790E-02
7.830504E+00 8.408006E-01 7.289796E-02
7.812561E+00 8.546839E-01 6.569440E-02
7.794694E+00 8.683164E-01 5.910327E-02
7.776915E+00 8.816747E-01 5.308964E-02
7.759210E+00 8.947394E-01 4.761809E-02
7.741592E+00 9.074947E-01 4.265319E-02
7.724048E+00 9.199284E-01 3.815981E-02
7.706589E+00 9.320314E-01 3.410350E-02
7.689208E+00 9.437975E-01 3.045072E-02
7.671900E+00 9.552233E-01 2.716907E-02
7.654676E+00 9.663078E-01 2.422751E-02
7.637523E+00 9.770522E-01 2.159645E-02
7.620453E+00 9.874594E-01 1.924792E-02
7.603453E+00 9.975343E-01 1.715559E-02
7.586534E+00 1.007283E+00 1.529485E-02
7.569685E+00 1.016713E+00 1.364282E-02
7.552916E+00 1.025832E+00 1.217834E-02
7.536215E+00 1.034649E+00 1.088192E-02
7.519594E+00 1.043174E+00 9.735712E-03
7.503041E+00 1.051418E+00 8.723453E-03
7.486565E+00 1.059389E+00 7.830359E-03
7.470162E+00 1.067098E+00 7.043061E-03
7.453825E+00 1.074557E+00 6.349511E-03
7.437565E+00 1.081774E+00 5.738884E-03
7.421371E+00 1.088761E+00 5.201489E-03
7.405252E+00 1.095526E+00 4.728670E-03
7.389197E+00 1.102080E+00 4.312721E-03
7.373218E+00 1.108432E+00 3.946796E-03
7.357301E+00 1.114591E+00 3.624827E-03
7.341459E+00 1.120566E+00 3.341444E-03
7.325680E+00 1.126364E+00 3.091908E-03
7.309974E+00 1.131994E+00 2.872039E-03
7.294329E+00 1.137463E+00 2.678159E-03
7.278757E+00 1.142779E+00 2.507035E-03
7.263245E+00 1.147947E+00 2.355825E-03
7.247805E+00 1.152975E+00 2.222040E-03
7.232431E+00 1.157869E+00 2.103497E-03
7.217116E+00 1.162634E+00 1.998284E-03
7.201871E+00 1.167276E+00 1.904729E-03
7.186686E+00 1.171800E+00 1.821369E-03
7.171569E+00 1.176211E+00 1.746926E-03
7.156511E+00 1.180513E+00 1.680282E-03
7.141521E+00 1.184712E+00 1.620463E-03
7.126588E+00 1.188810E+00 1.566617E-03
7.111723E+00 1.192813E+00 1.518000E-03
7.096915E+00 1.196723E+00 1.473963E-03
7.082173E+00 1.200545E+00 1.433941E-03
7.067487E+00 1.204281E+00 1.397439E-03
7.052868E+00 1.207936E+00 1.364027E-03
7.038308E+00 1.211510E+00 1.333327E-03
7.023804E+00 1.215009E+00 1.305014E-03
7.009364E+00 1.218434E+00 1.278799E-03
6.994978E+00 1.221787E+00 1.254433E-03
6.980657E+00 1.225072E+00 1.231699E-03
6.966389E+00 1.228291E+00 1.210407E-03
6.952184E+00 1.231445E+00 1.190389E-03
6.938032E+00 1.234537E+00 1.171501E-03
6.923942E+00 1.237569E+00 1.153617E-03
6.909905E+00 1.240543E+00 1.136626E-03
6.895929E+00 1.243461E+00 1.120431E-03
6.882005E+00 1.246324E+00 1.104948E-03
6.868141E+00 1.249134E+00 1.090103E-03
6.854329E+00 1.251892E+00 1.075832E-03
6.840577E+00 1.254601E+00 1.062077E-03
6.826880E+00 1.257261E+00 1.048790E-03
6.813233E+00 1.259875E+00 1.035928E-03
6.799645E+00 1.262442E+00 1.023451E-03
6.786107E+00 1.264966E+00 1.011328E-03
6.772627E+00 1.267446E+00 9.995284E-04
6.759196E+00 1.269884E+00 9.880269E-04
6.745822E+00 1.272282E+00 9.768012E-04
6.732497E+00 1.274639E+00 9.658312E-04
6.719229E+00 1.276958E+00 9.550996E-04
6.706009E+00 1.279239E+00 9.445909E-04
6.692845E+00 1.281484E+00 9.342915E-04
6.679728E+00 1.283693E+00 9.241895E-04
6.666667E+00 1.285866E+00 9.142740E-04
