10000.000000 2.125290 0.000027
5000.000000 2.125295 0.000055
3333.333333 2.125304 0.000082
2500.000000 2.125317 0.000109
2000.000000 2.125334 0.000136
1666.666667 2.125354 0.000164
1428.571429 2.125378 0.000191
1250.000000 2.125406 0.000218
1111.111111 2.125437 0.000246
1000.000000 2.125472 0.000274
909.090909 2.125510 0.000301
833.333333 2.125553 0.000328
769.230769 2.125599 0.000356
714.285714 2.125649 0.000383
666.666667 2.125702 0.000410
625.000000 2.125760 0.000438
588.235294 2.125821 0.000465
555.555556 2.125885 0.000493
526.315789 2.125953 0.000521
500.000000 2.126025 0.000548
476.190476 2.126101 0.000576
454.545455 2.126181 0.000604
434.782609 2.126264 0.000632
416.666667 2.126350 0.000659
400.000000 2.126442 0.000687
384.615385 2.126536 0.000715
370.370370 2.126634 0.000743
357.142857 2.126736 0.000771
344.827586 2.126841 0.000799
333.333333 2.126951 0.000827
322.580645 2.127064 0.000855
312.500000 2.127181 0.000884
303.030303 2.127302 0.000912
294.117647 2.127427 0.000940
285.714286 2.127555 0.000969
277.777778 2.127687 0.000997
270.270270 2.127823 0.001026
263.157895 2.127963 0.001054
256.410256 2.128107 0.001083
250.000000 2.128254 0.001112
243.902439 2.128406 0.001141
238.095238 2.128561 0.001169
232.558140 2.128720 0.001198
227.272727 2.128883 0.001227
222.222222 2.129050 0.001257
217.391304 2.129220 0.001286
212.765957 2.129395 0.001315
208.333333 2.129573 0.001345
204.081633 2.129756 0.001374
200.000000 2.129942 0.001404
196.078431 2.130132 0.001434
192.307692 2.130327 0.001464
188.679245 2.130524 0.001493
185.185185 2.130727 0.001524
181.818182 2.130933 0.001553
178.571429 2.131143 0.001584
175.438596 2.131357 0.001614
172.413793 2.131576 0.001645
169.491525 2.131798 0.001676
166.666667 2.132024 0.001706
163.934426 2.132254 0.001737
161.290323 2.132488 0.001768
158.730159 2.132727 0.001799
156.250000 2.132970 0.001830
153.846154 2.133216 0.001861
151.515152 2.133467 0.001893
149.253731 2.133722 0.001925
147.058824 2.133981 0.001957
144.927536 2.134245 0.001988
142.857143 2.134512 0.002020
140.845070 2.134783 0.002053
138.888889 2.135060 0.002085
136.986301 2.135339 0.002118
135.135135 2.135624 0.002150
133.333333 2.135913 0.002183
131.578947 2.136206 0.002216
129.870130 2.136502 0.002249
128.205128 2.136804 0.002282
126.582278 2.137110 0.002316
125.000000 2.137420 0.002349
123.456790 2.137734 0.002383
121.951220 2.138054 0.002417
120.481928 2.138377 0.002452
119.047619 2.138705 0.002486
117.647059 2.139037 0.002520
116.279070 2.139374 0.002555
114.942529 2.139715 0.002590
113.636364 2.140061 0.002625
112.359551 2.140411 0.002660
111.111111 2.140766 0.002696
109.890110 2.141126 0.002732
108.695652 2.141489 0.002768
107.526882 2.141858 0.002804
106.382979 2.142231 0.002840
105.263158 2.142610 0.002876
104.166667 2.142992 0.002913
103.092784 2.143379 0.002950
102.040816 2.143772 0.002987
101.010101 2.144169 0.003025
100.000000 2.144570 0.003063
99.009901 2.144977 0.003101
98.039216 2.145388 0.003139
97.087379 2.145805 0.003177
96.153846 2.146226 0.003216
95.238095 2.146652 0.003255
94.339623 2.147083 0.003294
93.457944 2.147518 0.003333
92.592593 2.147959 0.003373
91.743119 2.148405 0.003413
90.909091 2.148857 0.003453
90.090090 2.149313 0.003494
89.285714 2.149774 0.003534
88.495575 2.150241 0.003575
87.719298 2.150712 0.003617
86.956522 2.151189 0.003659
86.206897 2.151671 0.003700
85.470085 2.152158 0.003743
84.745763 2.152651 0.003785
84.033613 2.153149 0.003828
83.333333 2.153652 0.003871
82.644628 2.154161 0.003915
81.967213 2.154676 0.003958
81.300813 2.155195 0.004003
80.645161 2.155721 0.004047
80.000000 2.156252 0.004092
79.365079 2.156788 0.004137
78.740157 2.157330 0.004183
78.125000 2.157878 0.004229
77.519380 2.158431 0.004275
76.923077 2.158991 0.004321
76.335878 2.159555 0.004368
75.757576 2.160126 0.004416
75.187970 2.160703 0.004463
74.626866 2.161285 0.004511
74.074074 2.161874 0.004560
73.529412 2.162468 0.004608
72.992701 2.163070 0.004658
72.463768 2.163676 0.004707
71.942446 2.164289 0.004757
71.428571 2.164908 0.004808
70.921986 2.165533 0.004859
70.422535 2.166165 0.004910
69.930070 2.166802 0.004962
69.444444 2.167446 0.005014
68.965517 2.168097 0.005067
68.493151 2.168754 0.005120
68.027211 2.169418 0.005174
67.567568 2.170088 0.005228
67.114094 2.170764 0.005282
66.666667 2.171448 0.005337
66.225166 2.172138 0.005393
65.789474 2.172835 0.005449
65.359477 2.173538 0.005505
64.935065 2.174249 0.005563
64.516129 2.174966 0.005620
64.102564 2.175691 0.005678
63.694268 2.176423 0.005737
63.291139 2.177161 0.005796
62.893082 2.177907 0.005856
62.500000 2.178660 0.005916
62.111801 2.179421 0.005977
61.728395 2.180188 0.006038
61.349693 2.180963 0.006100
60.975610 2.181746 0.006163
60.606061 2.182536 0.006226
60.240964 2.183334 0.006290
59.880240 2.184139 0.006355
59.523810 2.184953 0.006419
59.171598 2.185774 0.006485
58.823529 2.186603 0.006552
58.479532 2.187440 0.006618
58.139535 2.188284 0.006686
57.803468 2.189138 0.006755
57.471264 2.189999 0.006823
57.142857 2.190869 0.006894
56.818182 2.191747 0.006964
56.497175 2.192633 0.007035
56.179775 2.193528 0.007107
55.865922 2.194431 0.007180
55.555556 2.195343 0.007253
55.248619 2.196264 0.007327
54.945055 2.197194 0.007403
54.644809 2.198133 0.007479
54.347826 2.199081 0.007555
54.054054 2.200037 0.007632
53.763441 2.201003 0.007711
53.475936 2.201978 0.007790
53.191489 2.202963 0.007870
52.910053 2.203957 0.007950
52.631579 2.204961 0.008032
52.356021 2.205974 0.008115
52.083333 2.206997 0.008198
51.813472 2.208031 0.008283
51.546392 2.209073 0.008368
51.282051 2.210126 0.008455
51.020408 2.211190 0.008542
50.761421 2.212264 0.008630
50.505051 2.213348 0.008719
50.251256 2.214442 0.008810
50.000000 2.215547 0.008901
49.751244 2.216663 0.008994
49.504950 2.217790 0.009087
49.261084 2.218928 0.009182
49.019608 2.220076 0.009278
48.780488 2.221236 0.009375
48.543689 2.222408 0.009473
48.309179 2.223591 0.009572
48.076923 2.224785 0.009672
47.846890 2.225992 0.009774
47.619048 2.227210 0.009877
47.393365 2.228441 0.009981
47.169811 2.229683 0.010086
46.948357 2.230938 0.010193
46.728972 2.232205 0.010301
46.511628 2.233485 0.010410
46.296296 2.234778 0.010521
46.082949 2.236084 0.010633
45.871560 2.237402 0.010746
45.662100 2.238734 0.010861
45.454545 2.240079 0.010978
45.248869 2.241438 0.011096
45.045045 2.242810 0.011215
44.843049 2.244197 0.011336
44.642857 2.245598 0.011459
44.444444 2.247013 0.011583
44.247788 2.248442 0.011709
44.052863 2.249886 0.011836
43.859649 2.251344 0.011965
43.668122 2.252818 0.012097
43.478261 2.254307 0.012229
43.290043 2.255811 0.012363
43.103448 2.257331 0.012499
42.918455 2.258867 0.012638
42.735043 2.260419 0.012777
42.553191 2.261986 0.012919
42.372881 2.263571 0.013063
42.194093 2.265172 0.013209
42.016807 2.266789 0.013357
41.841004 2.268424 0.013507
41.666667 2.270077 0.013659
41.493776 2.271747 0.013813
41.322314 2.273435 0.013970
41.152263 2.275141 0.014129
40.983607 2.276865 0.014290
40.816327 2.278608 0.014453
40.650407 2.280369 0.014619
40.485830 2.282151 0.014787
40.322581 2.283951 0.014957
40.160643 2.285771 0.015131
40.000000 2.287611 0.015306
39.840637 2.289471 0.015485
39.682540 2.291353 0.015666
39.525692 2.293254 0.015850
39.370079 2.295178 0.016036
39.215686 2.297122 0.016226
39.062500 2.299089 0.016419
38.910506 2.301078 0.016614
38.759690 2.303089 0.016812
38.610039 2.305124 0.017014
38.461538 2.307181 0.017219
38.314176 2.309263 0.017427
38.167939 2.311368 0.017638
38.022814 2.313498 0.017853
37.878788 2.315652 0.018072
37.735849 2.317831 0.018294
37.593985 2.320036 0.018519
37.453184 2.322268 0.018748
37.313433 2.324525 0.018981
37.174721 2.326810 0.019218
37.037037 2.329122 0.019459
36.900369 2.331462 0.019703
36.764706 2.333830 0.019953
36.630037 2.336226 0.020206
36.496350 2.338652 0.020464
36.363636 2.341108 0.020725
36.231884 2.343594 0.020992
36.101083 2.346111 0.021264
35.971223 2.348658 0.021540
35.842294 2.351238 0.021820
35.714286 2.353851 0.022106
35.587189 2.356496 0.022398
35.460993 2.359176 0.022694
35.335689 2.361889 0.022996
35.211268 2.364637 0.023304
35.087719 2.367421 0.023616
34.965035 2.370241 0.023935
34.843206 2.373098 0.024260
34.722222 2.375992 0.024591
34.602076 2.378925 0.024928
34.482759 2.381897 0.025272
34.364261 2.384909 0.025621
34.246575 2.387961 0.025979
34.129693 2.391054 0.026343
34.013605 2.394190 0.026714
33.898305 2.397368 0.027092
33.783784 2.400591 0.027478
33.670034 2.403859 0.027872
33.557047 2.407171 0.028273
33.444816 2.410531 0.028683
33.333333 2.413939 0.029101
33.222591 2.417395 0.029528
33.112583 2.420900 0.029963
33.003300 2.424456 0.030409
32.894737 2.428064 0.030862
32.786885 2.431725 0.031326
32.679739 2.435440 0.031800
32.573290 2.439210 0.032284
32.467532 2.443036 0.032779
32.362460 2.446921 0.033285
32.258065 2.450864 0.033801
32.154341 2.454867 0.034329
32.051282 2.458933 0.034869
31.948882 2.463061 0.035421
31.847134 2.467254 0.035986
31.746032 2.471513 0.036564
31.645570 2.475840 0.037155
31.545741 2.480236 0.037761
31.446541 2.484702 0.038380
31.347962 2.489242 0.039014
31.250000 2.493856 0.039664
31.152648 2.498546 0.040329
31.055901 2.503314 0.041011
30.959752 2.508163 0.041709
30.864198 2.513094 0.042425
30.769231 2.518110 0.043159
30.674847 2.523212 0.043912
30.581040 2.528402 0.044683
30.487805 2.533684 0.045475
30.395137 2.539059 0.046287
30.303030 2.544530 0.047121
30.211480 2.550101 0.047977
30.120482 2.555772 0.048857
30.030030 2.561548 0.049759
29.940120 2.567431 0.050687
29.850746 2.573423 0.051640
29.761905 2.579530 0.052621
29.673591 2.585753 0.053629
29.585799 2.592096 0.054665
29.498525 2.598562 0.055732
29.411765 2.605156 0.056830
29.325513 2.611882 0.057960
29.239766 2.618742 0.059124
29.154519 2.625742 0.060323
29.069767 2.632885 0.061558
28.985507 2.640176 0.062832
28.901734 2.647621 0.064146
28.818444 2.655223 0.065501
28.735632 2.662989 0.066900
28.653295 2.670923 0.068344
28.571429 2.679032 0.069834
28.490028 2.687320 0.071375
28.409091 2.695795 0.072967
28.328612 2.704462 0.074614
28.248588 2.713330 0.076317
28.169014 2.722404 0.078080
28.089888 2.731692 0.079905
28.011204 2.741202 0.081795
27.932961 2.750943 0.083755
27.855153 2.760923 0.085787
27.777778 2.771151 0.087894
27.700831 2.781637 0.090082
27.624309 2.792391 0.092354
27.548209 2.803424 0.094714
27.472527 2.814747 0.097169
27.397260 2.826372 0.099722
27.322404 2.838311 0.102379
27.247956 2.850579 0.105148
27.173913 2.863189 0.108033
27.100271 2.876156 0.111042
27.027027 2.889496 0.114182
26.954178 2.903225 0.117463
26.881720 2.917364 0.120891
26.809651 2.931928 0.124477
26.737968 2.946940 0.128232
26.666667 2.962421 0.132166
26.595745 2.978394 0.136292
26.525199 2.994883 0.140622
26.455026 3.011917 0.145172
26.385224 3.029521 0.149957
26.315789 3.047727 0.154995
26.246719 3.066568 0.160305
26.178010 3.086079 0.165907
26.109661 3.106298 0.171825
26.041667 3.127264 0.178084
25.974026 3.149022 0.184714
25.906736 3.171620 0.191744
25.839793 3.195109 0.199211
25.773196 3.219545 0.207154
25.706941 3.244989 0.215615
25.641026 3.271507 0.224645
25.575448 3.299170 0.234300
25.510204 3.328057 0.244641
25.445293 3.358253 0.255740
25.380711 3.389854 0.267678
25.316456 3.422963 0.280549
25.252525 3.457691 0.294457
25.188917 3.494164 0.309526
25.125628 3.532520 0.325899
25.062657 3.572909 0.343740
25.000000 3.615498 0.363244
24.937656 3.660470 0.384639
24.875622 3.708029 0.408195
24.813896 3.758395 0.434233
24.752475 3.811811 0.463137
24.691358 3.868541 0.495372
24.630542 3.928868 0.531501
24.570025 3.993092 0.572213
24.509804 4.061517 0.618354
24.449878 4.134442 0.670972
24.390244 4.212129 0.731376
24.330900 4.294756 0.801201
24.271845 4.382339 0.882504
24.213075 4.474597 0.977865
24.154589 4.570731 1.090508
24.096386 4.669080 1.224393
24.038462 4.766567 1.384234
23.980815 4.857897 1.575267
23.923445 4.934496 1.802500
23.866348 4.983459 2.068993
23.809524 4.987306 2.372690
23.752969 4.926243 2.702120
23.696682 4.784649 3.033296
23.640662 4.560653 3.332495
23.584906 4.272085 3.567403
23.529412 3.951479 3.720542
23.474178 3.632605 3.794196
23.419204 3.339334 3.804380
23.364486 3.082894 3.771220
23.310023 2.865009 3.712445
23.255814 2.682229 3.641126
23.201856 2.529107 3.565916
23.148148 2.399941 3.492097
23.094688 2.289532 3.422644
23.041475 2.193426 3.359015
22.988506 2.107920 3.301693
22.935780 2.029984 3.250530
22.883295 1.957180 3.204962
22.831050 1.887586 3.164154
22.779043 1.819748 3.127095
22.727273 1.752632 3.092686
22.675737 1.685590 3.059809
22.624434 1.618322 3.027402
22.573363 1.550826 2.994519
22.522523 1.483328 2.960377
22.471910 1.416225 2.924395
22.421525 1.350002 2.886200
22.371365 1.285177 2.845620
22.321429 1.222237 2.802656
22.271715 1.161604 2.757449
22.222222 1.103616 2.710237
22.172949 1.048510 2.661319
22.123894 0.996435 2.611020
22.075055 0.947453 2.559670
22.026432 0.901558 2.507579
21.978022 0.858689 2.455030
21.929825 0.818746 2.402272
21.881838 0.781598 2.349518
21.834061 0.747099 2.296942
21.786492 0.715093 2.244687
21.739130 0.685422 2.192865
21.691974 0.657931 2.141559
21.645022 0.632466 2.090830
21.598272 0.608887 2.040721
21.551724 0.587060 1.991257
21.505376 0.566859 1.942445
21.459227 0.548170 1.894288
21.413276 0.530890 1.846773
21.367521 0.514924 1.799884
21.321962 0.500190 1.753595
21.276596 0.486612 1.707877
21.231423 0.474124 1.662694
21.186441 0.462672 1.618009
21.141649 0.452206 1.573780
21.097046 0.442691 1.529963
21.052632 0.434096 1.486511
21.008403 0.426403 1.443375
20.964361 0.419601 1.400504
20.920502 0.413694 1.357845
20.876827 0.408699 1.315344
20.833333 0.404643 1.272947
20.790021 0.401576 1.230602
20.746888 0.399566 1.188259
20.703934 0.398706 1.145877
20.661157 0.399119 1.103430
20.618557 0.400963 1.060917
20.576132 0.404428 1.018377
20.533881 0.409738 0.975917
20.491803 0.417129 0.933734
20.449898 0.426811 0.892147
20.408163 0.438902 0.851601
20.366599 0.453347 0.812633
20.325203 0.469865 0.775768
20.283976 0.487973 0.741398
20.242915 0.507085 0.709694
20.202020 0.526638 0.680603
20.161290 0.546181 0.653916
20.120724 0.565399 0.629347
20.080321 0.584099 0.606599
20.040080 0.602178 0.585394
20.000000 0.619597 0.565492
19.960080 0.636352 0.546692
19.920319 0.652465 0.528824
19.880716 0.667971 0.511750
19.841270 0.682910 0.495355
19.801980 0.697326 0.479544
19.762846 0.711264 0.464239
19.723866 0.724767 0.449371
19.685039 0.737880 0.434888
19.646365 0.750641 0.420739
19.607843 0.763094 0.406885
19.569472 0.775276 0.393292
19.531250 0.787225 0.379931
19.493177 0.798978 0.366776
19.455253 0.810575 0.353811
19.417476 0.822048 0.341019
19.379845 0.833437 0.328388
19.342360 0.844777 0.315915
19.305019 0.856104 0.303596
19.267823 0.867452 0.291436
19.230769 0.878854 0.279448
19.193858 0.890342 0.267645
19.157088 0.901943 0.256051
19.120459 0.913679 0.244696
19.083969 0.925564 0.233613
19.047619 0.937605 0.222840
19.011407 0.949798 0.212417
18.975332 0.962128 0.202383
18.939394 0.974573 0.192772
18.903592 0.987100 0.183613
18.867925 0.999669 0.174925
18.832392 1.012240 0.166718
18.796992 1.024770 0.158992
18.761726 1.037219 0.151738
18.726592 1.049551 0.144942
18.691589 1.061734 0.138583
18.656716 1.073744 0.132637
18.621974 1.085561 0.127077
18.587361 1.097169 0.121876
18.552876 1.108557 0.117008
18.518519 1.119719 0.112447
18.484288 1.130652 0.108169
18.450185 1.141354 0.104151
18.416206 1.151826 0.100374
18.382353 1.162071 0.096815
18.348624 1.172091 0.093461
18.315018 1.181893 0.090292
18.281536 1.191480 0.087296
18.248175 1.200858 0.084459
18.214936 1.210032 0.081769
18.181818 1.219010 0.079215
18.148820 1.227795 0.076788
18.115942 1.236395 0.074478
18.083183 1.244816 0.072277
18.050542 1.253063 0.070178
18.018018 1.261141 0.068174
17.985612 1.269056 0.066259
17.953321 1.276814 0.064427
17.921147 1.284420 0.062674
17.889088 1.291878 0.060994
17.857143 1.299194 0.059382
17.825312 1.306372 0.057835
17.793594 1.313416 0.056350
17.761989 1.320331 0.054923
17.730496 1.327121 0.053549
17.699115 1.333790 0.052228
17.667845 1.340342 0.050956
17.636684 1.346780 0.049729
17.605634 1.353107 0.048547
17.574692 1.359329 0.047406
17.543860 1.365446 0.046306
17.513135 1.371464 0.045243
17.482517 1.377384 0.044215
17.452007 1.383209 0.043223
17.421603 1.388943 0.042263
17.391304 1.394589 0.041334
17.361111 1.400148 0.040435
17.331023 1.405623 0.039565
17.301038 1.411017 0.038721
17.271157 1.416331 0.037905
17.241379 1.421569 0.037113
17.211704 1.426733 0.036345
17.182131 1.431823 0.035601
17.152659 1.436844 0.034878
17.123288 1.441795 0.034177
17.094017 1.446680 0.033496
17.064846 1.451500 0.032835
17.035775 1.456257 0.032193
17.006803 1.460952 0.031569
16.977929 1.465587 0.030962
16.949153 1.470165 0.030373
16.920474 1.474685 0.029800
16.891892 1.479151 0.029243
16.863406 1.483563 0.028701
16.835017 1.487923 0.028174
16.806723 1.492231 0.027660
16.778523 1.496490 0.027161
16.750419 1.500701 0.026675
16.722408 1.504865 0.026202
16.694491 1.508983 0.025742
16.666667 1.513055 0.025293
16.638935 1.517084 0.024855
16.611296 1.521072 0.024430
16.583748 1.525018 0.024015
16.556291 1.528923 0.023612
16.528926 1.532789 0.023218
16.501650 1.536617 0.022834
16.474465 1.540407 0.022461
16.447368 1.544161 0.022096
16.420361 1.547880 0.021742
16.393443 1.551565 0.021396
16.366612 1.555215 0.021058
16.339869 1.558833 0.020729
16.313214 1.562418 0.020409
16.286645 1.565973 0.020097
16.260163 1.569497 0.019793
16.233766 1.572992 0.019496
16.207455 1.576458 0.019207
16.181230 1.579896 0.018925
16.155089 1.583307 0.018651
16.129032 1.586691 0.018383
16.103060 1.590049 0.018123
16.077170 1.593381 0.017868
16.051364 1.596690 0.017621
16.025641 1.599974 0.017380
16.000000 1.603235 0.017146
15.974441 1.606474 0.016917
15.948963 1.609691 0.016695
15.923567 1.612886 0.016478
15.898251 1.616061 0.016268
15.873016 1.619215 0.016063
15.847861 1.622350 0.015864
15.822785 1.625466 0.015670
15.797788 1.628563 0.015482
15.772871 1.631643 0.015299
15.748031 1.634705 0.015122
15.723270 1.637751 0.014949
15.698587 1.640780 0.014782
15.673981 1.643793 0.014620
15.649452 1.646792 0.014463
15.625000 1.649776 0.014311
15.600624 1.652745 0.014164
15.576324 1.655701 0.014022
15.552100 1.658644 0.013884
15.527950 1.661574 0.013751
15.503876 1.664492 0.013623
15.479876 1.667398 0.013500
15.455951 1.670293 0.013382
15.432099 1.673177 0.013267
15.408320 1.676051 0.013158
15.384615 1.678916 0.013053
15.360983 1.681771 0.012953
15.337423 1.684617 0.012857
15.313936 1.687455 0.012766
15.290520 1.690285 0.012680
15.267176 1.693107 0.012598
15.243902 1.695923 0.012520
15.220700 1.698732 0.012447
15.197568 1.701535 0.012379
15.174507 1.704333 0.012315
15.151515 1.707125 0.012256
15.128593 1.709913 0.012201
15.105740 1.712697 0.012151
15.082956 1.715477 0.012105
15.060241 1.718254 0.012065
15.037594 1.721028 0.012029
15.015015 1.723800 0.011998
14.992504 1.726570 0.011971
14.970060 1.729339 0.011950
14.947683 1.732107 0.011934
14.925373 1.734874 0.011923
14.903130 1.737643 0.011916
14.880952 1.740411 0.011915
14.858841 1.743181 0.011919
14.836795 1.745953 0.011928
14.814815 1.748727 0.011944
14.792899 1.751504 0.011964
14.771049 1.754284 0.011990
14.749263 1.757068 0.012022
14.727541 1.759857 0.012059
14.705882 1.762651 0.012103
14.684288 1.765450 0.012153
14.662757 1.768256 0.012209
14.641288 1.771068 0.012271
14.619883 1.773888 0.012341
14.598540 1.776716 0.012417
14.577259 1.779553 0.012500
14.556041 1.782399 0.012590
14.534884 1.785256 0.012688
14.513788 1.788122 0.012794
14.492754 1.791001 0.012907
14.471780 1.793892 0.013029
14.450867 1.796796 0.013159
14.430014 1.799714 0.013297
14.409222 1.802646 0.013444
14.388489 1.805594 0.013602
14.367816 1.808558 0.013769
14.347202 1.811539 0.013946
14.326648 1.814539 0.014133
14.306152 1.817557 0.014331
14.285714 1.820596 0.014541
14.265335 1.823655 0.014763
14.245014 1.826737 0.014996
14.224751 1.829842 0.015243
14.204545 1.832971 0.015503
14.184397 1.836125 0.015777
14.164306 1.839306 0.016066
14.144272 1.842516 0.016370
14.124294 1.845754 0.016690
14.104372 1.849023 0.017027
14.084507 1.852324 0.017382
14.064698 1.855659 0.017756
14.044944 1.859029 0.018149
14.025245 1.862436 0.018563
14.005602 1.865881 0.018998
13.986014 1.869366 0.019456
13.966480 1.872894 0.019939
13.947001 1.876465 0.020447
13.927577 1.880083 0.020982
13.908206 1.883748 0.021545
13.888889 1.887465 0.022139
13.869626 1.891234 0.022764
13.850416 1.895058 0.023424
13.831259 1.898940 0.024120
13.812155 1.902884 0.024855
13.793103 1.906890 0.025630
13.774105 1.910963 0.026448
13.755158 1.915106 0.027314
13.736264 1.919322 0.028229
13.717421 1.923614 0.029197
13.698630 1.927988 0.030222
13.679891 1.932445 0.031308
13.661202 1.936990 0.032460
13.642565 1.941630 0.033681
13.623978 1.946366 0.034978
13.605442 1.951204 0.036357
13.586957 1.956150 0.037824
13.568521 1.961210 0.039385
13.550136 1.966387 0.041049
13.531800 1.971689 0.042824
13.513514 1.977123 0.044720
13.495277 1.982694 0.046747
13.477089 1.988409 0.048916
13.458950 1.994277 0.051241
13.440860 2.000304 0.053735
13.422819 2.006498 0.056414
13.404826 2.012868 0.059297
13.386881 2.019422 0.062403
13.368984 2.026168 0.065753
13.351135 2.033116 0.069373
13.333333 2.040273 0.073290
13.315579 2.047649 0.077536
13.297872 2.055250 0.082146
13.280212 2.063085 0.087160
13.262599 2.071159 0.092621
13.245033 2.079476 0.098582
13.227513 2.088040 0.105099
13.210040 2.096847 0.112238
13.192612 2.105894 0.120072
13.175231 2.115169 0.128683
13.157895 2.124650 0.138167
13.140604 2.134310 0.148628
13.123360 2.144105 0.160186
13.106160 2.153973 0.172974
13.089005 2.163829 0.187138
13.071895 2.173560 0.202839
13.054830 2.183014 0.220248
13.037810 2.191992 0.239548
13.020833 2.200236 0.260918
13.003901 2.207418 0.284531
12.987013 2.213126 0.310528
12.970169 2.216856 0.339002
12.953368 2.218005 0.369953
12.936611 2.215876 0.403253
12.919897 2.209705 0.438591
12.903226 2.198706 0.475419
12.886598 2.182147 0.512915
12.870013 2.159460 0.549968
12.853470 2.130363 0.585215
12.836970 2.094975 0.617134
12.820513 2.053885 0.644200
12.804097 2.008156 0.665072
12.787724 1.959229 0.678760
12.771392 1.908765 0.684748
12.755102 1.858459 0.683020
12.738854 1.809861 0.674010
12.722646 1.764267 0.658497
12.706480 1.722650 0.637472
12.690355 1.685665 0.612026
12.674271 1.653674 0.583253
12.658228 1.626795 0.552193
12.642225 1.604954 0.519790
12.626263 1.587925 0.486878
12.610340 1.575371 0.454162
12.594458 1.566875 0.422227
12.578616 1.561971 0.391528
12.562814 1.560170 0.362397
12.547051 1.560985 0.335056
12.531328 1.563953 0.309626
12.515645 1.568646 0.286146
12.500000 1.574689 0.264588
12.484395 1.581754 0.244879
12.468828 1.589572 0.226915
12.453300 1.597915 0.210573
12.437811 1.606604 0.195722
12.422360 1.615499 0.182231
12.406948 1.624487 0.169972
12.391574 1.633484 0.158827
12.376238 1.642427 0.148684
12.360939 1.651267 0.139442
12.345679 1.659971 0.131009
12.330456 1.668516 0.123302
12.315271 1.676885 0.116247
12.300123 1.685069 0.109780
12.285012 1.693062 0.103840
12.269939 1.700864 0.098376
12.254902 1.708475 0.093342
12.239902 1.715899 0.088696
12.224939 1.723140 0.084401
12.210012 1.730203 0.080424
12.195122 1.737094 0.076737
12.180268 1.743820 0.073314
12.165450 1.750388 0.070131
12.150668 1.756804 0.067166
12.135922 1.763075 0.064402
12.121212 1.769208 0.061822
12.106538 1.775210 0.059410
12.091898 1.781087 0.057154
12.077295 1.786845 0.055040
12.062726 1.792490 0.053058
12.048193 1.798027 0.051198
12.033694 1.803463 0.049450
12.019231 1.808803 0.047806
12.004802 1.814052 0.046259
11.990408 1.819214 0.044802
11.976048 1.824294 0.043429
11.961722 1.829297 0.042133
11.947431 1.834227 0.040909
11.933174 1.839086 0.039755
11.918951 1.843881 0.038663
11.904762 1.848613 0.037631
11.890606 1.853287 0.036655
11.876485 1.857905 0.035731
11.862396 1.862471 0.034857
11.848341 1.866989 0.034028
11.834320 1.871459 0.033244
11.820331 1.875886 0.032500
11.806375 1.880272 0.031796
11.792453 1.884619 0.031129
11.778563 1.888930 0.030496
11.764706 1.893207 0.029897
11.750881 1.897452 0.029328
11.737089 1.901668 0.028790
11.723329 1.905856 0.028279
11.709602 1.910017 0.027797
11.695906 1.914155 0.027339
11.682243 1.918270 0.026906
11.668611 1.922365 0.026496
11.655012 1.926441 0.026109
11.641444 1.930500 0.025743
11.627907 1.934543 0.025398
11.614402 1.938572 0.025073
11.600928 1.942588 0.024766
11.587486 1.946592 0.024477
11.574074 1.950587 0.024207
11.560694 1.954572 0.023952
11.547344 1.958550 0.023715
11.534025 1.962521 0.023492
11.520737 1.966486 0.023285
11.507480 1.970448 0.023093
11.494253 1.974408 0.022915
11.481056 1.978365 0.022751
11.467890 1.982321 0.022600
11.454754 1.986278 0.022462
11.441648 1.990236 0.022337
11.428571 1.994197 0.022224
11.415525 1.998161 0.022124
11.402509 2.002129 0.022035
11.389522 2.006103 0.021957
11.376564 2.010082 0.021891
11.363636 2.014069 0.021836
11.350738 2.018064 0.021792
11.337868 2.022068 0.021758
11.325028 2.026082 0.021735
11.312217 2.030106 0.021722
11.299435 2.034142 0.021719
11.286682 2.038191 0.021726
11.273957 2.042253 0.021744
11.261261 2.046329 0.021770
11.248594 2.050420 0.021808
11.235955 2.054527 0.021854
11.223345 2.058651 0.021909
11.210762 2.062792 0.021975
11.198208 2.066952 0.022049
11.185682 2.071131 0.022133
11.173184 2.075330 0.022227
11.160714 2.079550 0.022329
11.148272 2.083792 0.022441
11.135857 2.088057 0.022563
11.123471 2.092344 0.022693
11.111111 2.096656 0.022833
11.098779 2.100994 0.022982
11.086475 2.105356 0.023141
11.074197 2.109747 0.023308
11.061947 2.114165 0.023486
11.049724 2.118611 0.023672
11.037528 2.123087 0.023869
11.025358 2.127593 0.024075
11.013216 2.132131 0.024291
11.001100 2.136701 0.024517
10.989011 2.141304 0.024752
10.976948 2.145941 0.024998
10.964912 2.150612 0.025253
10.952903 2.155321 0.025519
10.940919 2.160065 0.025796
10.928962 2.164848 0.026083
10.917031 2.169669 0.026380
10.905125 2.174531 0.026689
10.893246 2.179433 0.027008
10.881393 2.184378 0.027339
10.869565 2.189365 0.027681
10.857763 2.194397 0.028035
10.845987 2.199473 0.028400
10.834236 2.204596 0.028778
10.822511 2.209767 0.029168
10.810811 2.214986 0.029570
10.799136 2.220255 0.029985
10.787487 2.225575 0.030413
10.775862 2.230948 0.030854
10.764263 2.236374 0.031310
10.752688 2.241854 0.031779
10.741139 2.247391 0.032262
10.729614 2.252985 0.032760
10.718114 2.258639 0.033273
10.706638 2.264353 0.033801
10.695187 2.270128 0.034345
10.683761 2.275967 0.034904
10.672359 2.281870 0.035480
10.660981 2.287840 0.036074
10.649627 2.293878 0.036684
10.638298 2.299985 0.037313
10.626993 2.306163 0.037959
10.615711 2.312414 0.038624
10.604454 2.318741 0.039309
10.593220 2.325143 0.040014
10.582011 2.331624 0.040739
10.570825 2.338185 0.041485
10.559662 2.344829 0.042253
10.548523 2.351556 0.043043
10.537408 2.358370 0.043856
10.526316 2.365273 0.044693
10.515247 2.372265 0.045554
10.504202 2.379352 0.046441
10.493179 2.386533 0.047354
10.482180 2.393812 0.048293
10.471204 2.401191 0.049260
10.460251 2.408673 0.050257
10.449321 2.416260 0.051282
10.438413 2.423954 0.052338
10.427529 2.431760 0.053426
10.416667 2.439679 0.054547
10.405827 2.447715 0.055701
10.395010 2.455872 0.056891
10.384216 2.464150 0.058117
10.373444 2.472555 0.059381
10.362694 2.481089 0.060684
10.351967 2.489757 0.062027
10.341262 2.498561 0.063412
10.330579 2.507506 0.064841
10.319917 2.516595 0.066315
10.309278 2.525833 0.067837
10.298661 2.535222 0.069406
10.288066 2.544769 0.071027
10.277492 2.554477 0.072701
10.266940 2.564351 0.074429
10.256410 2.574396 0.076215
10.245902 2.584617 0.078060
10.235415 2.595018 0.079967
10.224949 2.605607 0.081938
10.214505 2.616387 0.083978
10.204082 2.627364 0.086087
10.193680 2.638546 0.088270
10.183299 2.649937 0.090529
10.172940 2.661546 0.092868
10.162602 2.673377 0.095291
10.152284 2.685440 0.097801
10.141988 2.697740 0.100402
10.131712 2.710286 0.103100
10.121457 2.723086 0.105898
10.111223 2.736147 0.108800
10.101010 2.749479 0.111813
10.090817 2.763091 0.114942
10.080645 2.776993 0.118192
10.070493 2.791194 0.121569
10.060362 2.805705 0.125081
10.050251 2.820536 0.128734
10.040161 2.835699 0.132535
10.030090 2.851207 0.136492
10.020040 2.867071 0.140614
10.010010 2.883305 0.144910
10.000000 2.899921 0.149390
9.990010 2.916936 0.154063
9.980040 2.934363 0.158942
9.970090 2.952219 0.164037
9.960159 2.970520 0.169362
9.950249 2.989285 0.174929
9.940358 3.008529 0.180756
9.930487 3.028275 0.186856
9.920635 3.048542 0.193247
9.910803 3.069351 0.199947
9.900990 3.090725 0.206977
9.891197 3.112687 0.214359
9.881423 3.135263 0.222115
9.871668 3.158480 0.230272
9.861933 3.182364 0.238857
9.852217 3.206946 0.247899
9.842520 3.232255 0.257433
9.832842 3.258326 0.267493
9.823183 3.285193 0.278119
9.813543 3.312891 0.289353
9.803922 3.341459 0.301242
9.794319 3.370939 0.313838
9.784736 3.401372 0.327198
9.775171 3.432803 0.341383
9.765625 3.465280 0.356463
9.756098 3.498853 0.372513
9.746589 3.533573 0.389618
9.737098 3.569496 0.407870
9.727626 3.606677 0.427375
9.718173 3.645177 0.448246
9.708738 3.685057 0.470616
9.699321 3.726380 0.494625
9.689922 3.769210 0.520439
9.680542 3.813613 0.548237
9.671180 3.859653 0.578224
9.661836 3.907393 0.610632
9.652510 3.956892 0.645721
9.643202 4.008205 0.683788
9.633911 4.061374 0.725166
9.624639 4.116430 0.770237
9.615385 4.173384 0.819435
9.606148 4.232217 0.873251
9.596929 4.292872 0.932247
9.587728 4.355240 0.997061
9.578544 4.419139 1.068416
9.569378 4.484290 1.147133
9.560229 4.550282 1.234131
9.551098 4.616534 1.330431
9.541985 4.682234 1.437153
9.532888 4.746276 1.555495
9.523810 4.807176 1.686684
9.514748 4.862978 1.831907
9.505703 4.911156 1.992178
9.496676 4.948546 2.168142
9.487666 4.971314 2.359803
9.478673 4.975049 2.566166
9.469697 4.955024 2.784859
9.460738 4.906702 3.011799
9.451796 4.826475 3.241080
9.442871 4.712532 3.465254
9.433962 4.565592 3.676101
9.425071 4.389212 3.865782
9.416196 4.189415 4.028063
9.407338 3.973747 4.159195
9.398496 3.750061 4.258152
9.389671 3.525447 4.326280
9.380863 3.305578 4.366560
9.372071 3.094502 4.382822
9.363296 2.894772 4.379102
9.354537 2.707739 4.359219
9.345794 2.533875 4.326563
9.337068 2.373065 4.284011
9.328358 2.224828 4.233951
9.319664 2.088472 4.178324
9.310987 1.963199 4.118697
9.302326 1.848179 4.056322
9.293680 1.742583 3.992192
9.285051 1.645615 3.927098
9.276438 1.556522 3.861658
9.267841 1.474601 3.796355
9.259259 1.399206 3.731563
9.250694 1.329743 3.667568
9.242144 1.265670 3.604585
9.233610 1.206494 3.542772
9.225092 1.151771 3.482242
9.216590 1.101094 3.423071
9.208103 1.054103 3.365307
9.199632 1.010467 3.308974
9.191176 0.969891 3.254082
9.182736 0.932106 3.200623
9.174312 0.896874 3.148581
9.165903 0.863976 3.097932
9.157509 0.833217 3.048644
9.149131 0.804420 3.000683
9.140768 0.777425 2.954011
9.132420 0.752088 2.908588
9.124088 0.728277 2.864374
9.115770 0.705875 2.821327
9.107468 0.684775 2.779406
9.099181 0.664877 2.738569
9.090909 0.646093 2.698777
9.082652 0.628342 2.659991
9.074410 0.611551 2.622172
9.066183 0.595652 2.585283
9.057971 0.580583 2.549287
9.049774 0.566288 2.514152
9.041591 0.552716 2.479842
9.033424 0.539818 2.446327
9.025271 0.527552 2.413575
9.017133 0.515877 2.381556
9.009009 0.504757 2.350244
9.000900 0.494157 2.319610
8.992806 0.484047 2.289629
8.984726 0.474396 2.260276
8.976661 0.465179 2.231527
8.968610 0.456369 2.203360
8.960573 0.447946 2.175753
8.952551 0.439886 2.148685
8.944544 0.432170 2.122137
8.936550 0.424780 2.096089
8.928571 0.417699 2.070523
8.920607 0.410910 2.045423
8.912656 0.404399 2.020771
8.904720 0.398151 1.996551
8.896797 0.392153 1.972749
8.888889 0.386395 1.949350
8.880995 0.380863 1.926339
8.873114 0.375548 1.903704
8.865248 0.370440 1.881431
8.857396 0.365529 1.859508
8.849558 0.360806 1.837924
8.841733 0.356263 1.816666
8.833922 0.351893 1.795725
8.826125 0.347688 1.775089
8.818342 0.343642 1.754749
8.810573 0.339748 1.734695
8.802817 0.335999 1.714916
8.795075 0.332391 1.695406
8.787346 0.328918 1.676154
8.779631 0.325575 1.657153
8.771930 0.322358 1.638394
8.764242 0.319261 1.619870
8.756567 0.316280 1.601572
8.748906 0.313412 1.583495
8.741259 0.310653 1.565631
8.733624 0.307999 1.547972
8.726003 0.305447 1.530514
8.718396 0.302994 1.513249
8.710801 0.300637 1.496170
8.703220 0.298373 1.479274
8.695652 0.296200 1.462552
8.688097 0.294115 1.446001
8.680556 0.292116 1.429614
8.673027 0.290199 1.413387
8.665511 0.288366 1.397314
8.658009 0.286612 1.381390
8.650519 0.284935 1.365611
8.643042 0.283335 1.349971
8.635579 0.281810 1.334467
8.628128 0.280359 1.319094
8.620690 0.278979 1.303846
8.613264 0.277671 1.288722
8.605852 0.276432 1.273716
8.598452 0.275262 1.258823
8.591065 0.274161 1.244041
8.583691 0.273127 1.229365
8.576329 0.272159 1.214792
8.568980 0.271257 1.200318
8.561644 0.270420 1.185940
8.554320 0.269649 1.171653
8.547009 0.268942 1.157455
8.539710 0.268300 1.143342
8.532423 0.267722 1.129311
8.525149 0.267208 1.115358
8.517888 0.266759 1.101481
8.510638 0.266374 1.087676
8.503401 0.266054 1.073940
8.496177 0.265799 1.060270
8.488964 0.265610 1.046664
8.481764 0.265487 1.033118
8.474576 0.265431 1.019629
8.467401 0.265442 1.006196
8.460237 0.265523 0.992813
8.453085 0.265672 0.979481
8.445946 0.265893 0.966195
8.438819 0.266186 0.952952
8.431703 0.266552 0.939751
8.424600 0.266993 0.926590
8.417508 0.267510 0.913465
8.410429 0.268107 0.900374
8.403361 0.268784 0.887315
8.396306 0.269544 0.874287
8.389262 0.270389 0.861286
8.382230 0.271323 0.848311
8.375209 0.272346 0.835360
8.368201 0.273463 0.822430
8.361204 0.274678 0.809522
8.354219 0.275992 0.796633
8.347245 0.277410 0.783762
8.340284 0.278936 0.770907
8.333333 0.280573 0.758069
8.326395 0.282327 0.745246
8.319468 0.284201 0.732438
8.312552 0.286201 0.719646
8.305648 0.288332 0.706869
8.298755 0.290599 0.694109
8.291874 0.293007 0.681366
8.285004 0.295563 0.668642
8.278146 0.298272 0.655941
8.271299 0.301141 0.643263
8.264463 0.304176 0.630615
8.257638 0.307382 0.617998
8.250825 0.310766 0.605420
8.244023 0.314334 0.592885
8.237232 0.318092 0.580401
8.230453 0.322045 0.567974
8.223684 0.326199 0.555614
8.216927 0.330557 0.543330
8.210181 0.335123 0.531132
8.203445 0.339901 0.519031
8.196721 0.344890 0.507039
8.190008 0.350093 0.495168
8.183306 0.355509 0.483431
8.176615 0.361134 0.471840
8.169935 0.366967 0.460408
8.163265 0.373000 0.449148
8.156607 0.379230 0.438072
8.149959 0.385648 0.427191
8.143322 0.392243 0.416517
8.136697 0.399009 0.406059
8.130081 0.405932 0.395825
8.123477 0.413004 0.385823
8.116883 0.420210 0.376061
8.110300 0.427539 0.366542
8.103728 0.434980 0.357271
8.097166 0.442519 0.348251
8.090615 0.450144 0.339485
8.084074 0.457843 0.330972
8.077544 0.465605 0.322714
8.071025 0.473416 0.314710
8.064516 0.481266 0.306958
8.058018 0.489145 0.299457
8.051530 0.497040 0.292204
8.045052 0.504942 0.285195
8.038585 0.512841 0.278426
8.032129 0.520727 0.271893
8.025682 0.528592 0.265590
8.019246 0.536427 0.259513
8.012821 0.544225 0.253655
8.006405 0.551977 0.248010
8.000000 0.559677 0.242572
7.993605 0.567320 0.237333
7.987220 0.574900 0.232286
7.980846 0.582412 0.227425
7.974482 0.589853 0.222742
7.968127 0.597217 0.218231
7.961783 0.604503 0.213884
7.955449 0.611709 0.209694
7.949126 0.618831 0.205656
7.942812 0.625868 0.201761
7.936508 0.632819 0.198004
7.930214 0.639684 0.194379
7.923930 0.646460 0.190879
7.917656 0.653149 0.187499
7.911392 0.659750 0.184235
7.905138 0.666263 0.181079
7.898894 0.672689 0.178028
7.892660 0.679028 0.175076
7.886435 0.685281 0.172219
7.880221 0.691449 0.169454
7.874016 0.697532 0.166775
7.867821 0.703532 0.164179
7.861635 0.709450 0.161662
7.855460 0.715286 0.159221
7.849294 0.721042 0.156853
7.843137 0.726720 0.154553
7.836991 0.732321 0.152321
7.830854 0.737844 0.150152
7.824726 0.743293 0.148044
7.818608 0.748668 0.145994
7.812500 0.753971 0.144001
7.806401 0.759202 0.142061
7.800312 0.764364 0.140173
7.794232 0.769457 0.138335
7.788162 0.774482 0.136544
7.782101 0.779442 0.134799
7.776050 0.784336 0.133098
7.770008 0.789167 0.131440
7.763975 0.793935 0.129822
7.757952 0.798642 0.128243
7.751938 0.803289 0.126703
7.745933 0.807877 0.125199
7.739938 0.812407 0.123731
7.733952 0.816880 0.122296
7.727975 0.821297 0.120894
7.722008 0.825659 0.119524
7.716049 0.829968 0.118184
7.710100 0.834225 0.116875
7.704160 0.838429 0.115593
7.698229 0.842582 0.114339
7.692308 0.846686 0.113112
7.686395 0.850741 0.111911
7.680492 0.854748 0.110735
7.674597 0.858708 0.109583
7.668712 0.862621 0.108455
7.662835 0.866489 0.107350
7.656968 0.870312 0.106266
7.651109 0.874092 0.105205
7.645260 0.877828 0.104163
7.639419 0.881523 0.103142
7.633588 0.885175 0.102141
7.627765 0.888787 0.101159
7.621951 0.892359 0.100195
7.616146 0.895891 0.099249
7.610350 0.899385 0.098321
7.604563 0.902840 0.097410
7.598784 0.906258 0.096515
7.593014 0.909639 0.095636
7.587253 0.912984 0.094773
7.581501 0.916294 0.093925
7.575758 0.919569 0.093091
7.570023 0.922809 0.092273
7.564297 0.926015 0.091469
7.558579 0.929189 0.090677
7.552870 0.932329 0.089900
7.547170 0.935437 0.089135
7.541478 0.938515 0.088383
7.535795 0.941560 0.087643
7.530120 0.944575 0.086916
7.524454 0.947559 0.086200
7.518797 0.950515 0.085496
7.513148 0.953440 0.084802
7.507508 0.956337 0.084120
7.501875 0.959205 0.083449
7.496252 0.962046 0.082788
7.490637 0.964859 0.082137
7.485030 0.967646 0.081496
7.479432 0.970405 0.080864
7.473842 0.973138 0.080243
7.468260 0.975846 0.079630
7.462687 0.978528 0.079027
7.457122 0.981185 0.078432
7.451565 0.983817 0.077846
7.446016 0.986424 0.077269
7.440476 0.989008 0.076700
7.434944 0.991568 0.076140
7.429421 0.994105 0.075587
7.423905 0.996619 0.075041
7.418398 0.999110 0.074504
7.412898 1.001578 0.073974
7.407407 1.004025 0.073451
7.401925 1.006450 0.072935
7.396450 1.008854 0.072427
7.390983 1.011236 0.071926
7.385524 1.013598 0.071430
7.380074 1.015939 0.070942
7.374631 1.018260 0.070460
7.369197 1.020561 0.069984
7.363770 1.022842 0.069515
7.358352 1.025104 0.069053
7.352941 1.027346 0.068595
7.347539 1.029570 0.068144
7.342144 1.031775 0.067698
7.336757 1.033961 0.067258
7.331378 1.036130 0.066824
7.326007 1.038280 0.066395
7.320644 1.040412 0.065972
7.315289 1.042527 0.065553
7.309942 1.044625 0.065140
7.304602 1.046706 0.064732
7.299270 1.048769 0.064329
7.293946 1.050817 0.063930
7.288630 1.052848 0.063537
7.283321 1.054863 0.063148
7.278020 1.056861 0.062764
7.272727 1.058843 0.062384
7.267442 1.060811 0.062008
7.262164 1.062763 0.061638
7.256894 1.064699 0.061271
7.251632 1.066621 0.060909
7.246377 1.068527 0.060550
7.241130 1.070419 0.060197
7.235890 1.072296 0.059847
7.230658 1.074159 0.059501
7.225434 1.076008 0.059158
7.220217 1.077843 0.058820
7.215007 1.079664 0.058485
7.209805 1.081472 0.058154
7.204611 1.083265 0.057827
7.199424 1.085045 0.057503
7.194245 1.086813 0.057183
7.189073 1.088567 0.056866
7.183908 1.090308 0.056553
7.178751 1.092036 0.056243
7.173601 1.093753 0.055936
7.168459 1.095456 0.055632
7.163324 1.097147 0.055332
7.158196 1.098826 0.055035
7.153076 1.100493 0.054741
7.147963 1.102148 0.054450
7.142857 1.103791 0.054162
7.137759 1.105423 0.053877
7.132668 1.107042 0.053595
7.127584 1.108652 0.053316
7.122507 1.110249 0.053039
7.117438 1.111835 0.052765
7.112376 1.113410 0.052495
7.107321 1.114974 0.052227
7.102273 1.116528 0.051961
7.097232 1.118071 0.051698
7.092199 1.119603 0.051438
7.087172 1.121124 0.051181
7.082153 1.122635 0.050925
7.077141 1.124137 0.050672
7.072136 1.125627 0.050422
7.067138 1.127109 0.050174
7.062147 1.128580 0.049929
7.057163 1.130041 0.049686
7.052186 1.131493 0.049445
7.047216 1.132935 0.049206
7.042254 1.134367 0.048969
7.037298 1.135790 0.048736
7.032349 1.137203 0.048504
7.027407 1.138608 0.048274
7.022472 1.140003 0.048046
7.017544 1.141389 0.047820
7.012623 1.142766 0.047597
7.007708 1.144135 0.047376
7.002801 1.145495 0.047156
6.997901 1.146846 0.046939
6.993007 1.148188 0.046723
6.988120 1.149522 0.046509
6.983240 1.150847 0.046298
6.978367 1.152164 0.046088
6.973501 1.153473 0.045880
6.968641 1.154773 0.045674
6.963788 1.156065 0.045470
6.958942 1.157350 0.045267
6.954103 1.158626 0.045067
6.949270 1.159895 0.044867
6.944444 1.161155 0.044670
6.939625 1.162408 0.044474
6.934813 1.163654 0.044280
6.930007 1.164892 0.044088
6.925208 1.166122 0.043897
6.920415 1.167344 0.043708
6.915629 1.168560 0.043521
6.910850 1.169768 0.043335
6.906077 1.170969 0.043151
6.901311 1.172162 0.042968
6.896552 1.173349 0.042787
6.891799 1.174528 0.042607
6.887052 1.175701 0.042429
6.882312 1.176866 0.042252
6.877579 1.178025 0.042077
6.872852 1.179177 0.041903
6.868132 1.180322 0.041730
6.863418 1.181460 0.041559
6.858711 1.182592 0.041389
6.854010 1.183718 0.041221
6.849315 1.184837 0.041054
6.844627 1.185949 0.040888
6.839945 1.187055 0.040724
6.835270 1.188154 0.040560
6.830601 1.189248 0.040399
6.825939 1.190336 0.040238
6.821282 1.191416 0.040079
6.816633 1.192491 0.039921
6.811989 1.193560 0.039764
6.807352 1.194623 0.039608
6.802721 1.195680 0.039454
6.798097 1.196731 0.039300
6.793478 1.197776 0.039149
6.788866 1.198815 0.038997
6.784261 1.199849 0.038848
6.779661 1.200877 0.038699
6.775068 1.201899 0.038551
6.770481 1.202916 0.038405
6.765900 1.203926 0.038260
6.761325 1.204932 0.038115
6.756757 1.205932 0.037972
6.752194 1.206927 0.037830
6.747638 1.207916 0.037689
6.743088 1.208900 0.037549
6.738544 1.209879 0.037410
6.734007 1.210852 0.037272
6.729475 1.211821 0.037135
6.724950 1.212783 0.036999
6.720430 1.213742 0.036864
6.715917 1.214694 0.036730
6.711409 1.215642 0.036597
6.706908 1.216585 0.036465
6.702413 1.217523 0.036334
6.697924 1.218456 0.036203
6.693440 1.219384 0.036074
6.688963 1.220307 0.035946
6.684492 1.221226 0.035819
6.680027 1.222139 0.035692
6.675567 1.223048 0.035566
6.671114 1.223953 0.035441
6.666667 1.224852 0.035317
6.662225 1.225747 0.035194
6.657790 1.226637 0.035072
6.653360 1.227523 0.034950
6.648936 1.228404 0.034830
6.644518 1.229281 0.034710
6.640106 1.230153 0.034591
6.635700 1.231022 0.034473
6.631300 1.231885 0.034356
6.626905 1.232745 0.034239
6.622517 1.233600 0.034123
6.618134 1.234451 0.034008
6.613757 1.235297 0.033894
6.609385 1.236139 0.033780
6.605020 1.236978 0.033668
6.600660 1.237811 0.033556
6.596306 1.238642 0.033445
6.591958 1.239467 0.033334
6.587615 1.240289 0.033224
6.583278 1.241107 0.033116
6.578947 1.241921 0.033007
6.574622 1.242731 0.032899
6.570302 1.243536 0.032792
6.565988 1.244338 0.032686
6.561680 1.245136 0.032581
6.557377 1.245931 0.032475
6.553080 1.246721 0.032371
6.548788 1.247508 0.032268
6.544503 1.248290 0.032165
6.540222 1.249070 0.032063
6.535948 1.249845 0.031961
6.531679 1.250617 0.031860
6.527415 1.251385 0.031760
6.523157 1.252149 0.031660
6.518905 1.252911 0.031561
6.514658 1.253668 0.031463
6.510417 1.254422 0.031365
6.506181 1.255172 0.031268
6.501951 1.255918 0.031171
6.497726 1.256662 0.031075
6.493506 1.257401 0.030979
6.489293 1.258138 0.030884
6.485084 1.258871 0.030790
6.480881 1.259600 0.030697
6.476684 1.260326 0.030604
6.472492 1.261049 0.030511
6.468305 1.261769 0.030419
6.464124 1.262485 0.030328
6.459948 1.263198 0.030236
6.455778 1.263908 0.030146
6.451613 1.264614 0.030056
6.447453 1.265318 0.029967
6.443299 1.266018 0.029879
6.439150 1.266715 0.029790
6.435006 1.267409 0.029703
6.430868 1.268100 0.029615
6.426735 1.268788 0.029529
6.422608 1.269472 0.029442
6.418485 1.270154 0.029357
6.414368 1.270832 0.029272
6.410256 1.271508 0.029187
6.406150 1.272181 0.029103
6.402049 1.272850 0.029019
6.397953 1.273516 0.028936
6.393862 1.274180 0.028853
6.389776 1.274841 0.028771
6.385696 1.275499 0.028689
6.381621 1.276154 0.028608
6.377551 1.276807 0.028527
6.373486 1.277456 0.028446
6.369427 1.278102 0.028366
6.365372 1.278746 0.028287
6.361323 1.279387 0.028208
6.357279 1.280025 0.028129
6.353240 1.280661 0.028051
6.349206 1.281294 0.027973
6.345178 1.281924 0.027896
6.341154 1.282551 0.027819
6.337136 1.283176 0.027742
6.333122 1.283798 0.027667
6.329114 1.284417 0.027591
6.325111 1.285034 0.027516
6.321113 1.285648 0.027441
6.317119 1.286259 0.027367
6.313131 1.286869 0.027293
6.309148 1.287475 0.027219
6.305170 1.288079 0.027146
6.301197 1.288681 0.027074
6.297229 1.289279 0.027001
6.293266 1.289876 0.026929
6.289308 1.290470 0.026857
6.285355 1.291061 0.026786
6.281407 1.291650 0.026715
6.277464 1.292237 0.026645
6.273526 1.292821 0.026575
6.269592 1.293403 0.026505
6.265664 1.293982 0.026436
6.261741 1.294560 0.026367
6.257822 1.295134 0.026298
6.253909 1.295706 0.026230
6.250000 1.296277 0.026162
