10000.000000 2.107609 0.000013
5000.000000 2.107615 0.000028
3333.333333 2.107624 0.000041
2500.000000 2.107638 0.000055
2000.000000 2.107656 0.000069
1666.666667 2.107677 0.000082
1428.571429 2.107702 0.000096
1250.000000 2.107731 0.000110
1111.111111 2.107764 0.000124
1000.000000 2.107801 0.000137
909.090909 2.107842 0.000151
833.333333 2.107887 0.000165
769.230769 2.107936 0.000178
714.285714 2.107988 0.000192
666.666667 2.108045 0.000206
625.000000 2.108105 0.000219
588.235294 2.108169 0.000234
555.555556 2.108238 0.000247
526.315789 2.108309 0.000261
500.000000 2.108386 0.000275
476.190476 2.108466 0.000288
454.545455 2.108549 0.000303
434.782609 2.108638 0.000316
416.666667 2.108730 0.000331
400.000000 2.108825 0.000344
384.615385 2.108925 0.000358
370.370370 2.109029 0.000372
357.142857 2.109137 0.000386
344.827586 2.109248 0.000400
333.333333 2.109364 0.000414
322.580645 2.109484 0.000428
312.500000 2.109608 0.000442
303.030303 2.109735 0.000456
294.117647 2.109867 0.000470
285.714286 2.110002 0.000484
277.777778 2.110143 0.000498
270.270270 2.110286 0.000513
263.157895 2.110434 0.000527
256.410256 2.110586 0.000541
250.000000 2.110743 0.000555
243.902439 2.110902 0.000570
238.095238 2.111067 0.000584
232.558140 2.111235 0.000598
227.272727 2.111408 0.000613
222.222222 2.111584 0.000627
217.391304 2.111765 0.000642
212.765957 2.111950 0.000656
208.333333 2.112139 0.000670
204.081633 2.112333 0.000685
200.000000 2.112530 0.000699
196.078431 2.112732 0.000714
192.307692 2.112938 0.000729
188.679245 2.113148 0.000743
185.185185 2.113363 0.000758
181.818182 2.113581 0.000773
178.571429 2.113805 0.000788
175.438596 2.114031 0.000803
172.413793 2.114263 0.000818
169.491525 2.114499 0.000832
166.666667 2.114739 0.000847
163.934426 2.114984 0.000862
161.290323 2.115233 0.000878
158.730159 2.115487 0.000892
156.250000 2.115745 0.000908
153.846154 2.116007 0.000923
151.515152 2.116274 0.000938
149.253731 2.116545 0.000954
147.058824 2.116821 0.000969
144.927536 2.117101 0.000984
142.857143 2.117386 0.001000
140.845070 2.117675 0.001015
138.888889 2.117969 0.001031
136.986301 2.118267 0.001047
135.135135 2.118571 0.001062
133.333333 2.118878 0.001078
131.578947 2.119190 0.001094
129.870130 2.119508 0.001110
128.205128 2.119830 0.001126
126.582278 2.120156 0.001142
125.000000 2.120488 0.001158
123.456790 2.120823 0.001174
121.951220 2.121164 0.001190
120.481928 2.121510 0.001206
119.047619 2.121861 0.001222
117.647059 2.122217 0.001239
116.279070 2.122576 0.001255
114.942529 2.122942 0.001272
113.636364 2.123312 0.001289
112.359551 2.123688 0.001305
111.111111 2.124068 0.001322
109.890110 2.124453 0.001339
108.695652 2.124843 0.001356
107.526882 2.125240 0.001373
106.382979 2.125640 0.001390
105.263158 2.126046 0.001407
104.166667 2.126457 0.001424
103.092784 2.126874 0.001441
102.040816 2.127295 0.001459
101.010101 2.127722 0.001476
100.000000 2.128155 0.001494
99.009901 2.128592 0.001512
98.039216 2.129035 0.001530
97.087379 2.129484 0.001547
96.153846 2.129938 0.001566
95.238095 2.130398 0.001584
94.339623 2.130863 0.001602
93.457944 2.131334 0.001620
92.592593 2.131811 0.001639
91.743119 2.132293 0.001657
90.909091 2.132781 0.001675
90.090090 2.133274 0.001694
89.285714 2.133774 0.001713
88.495575 2.134279 0.001732
87.719298 2.134791 0.001751
86.956522 2.135308 0.001770
86.206897 2.135832 0.001790
85.470085 2.136361 0.001809
84.745763 2.136897 0.001829
84.033613 2.137438 0.001848
83.333333 2.137986 0.001868
82.644628 2.138540 0.001887
81.967213 2.139100 0.001907
81.300813 2.139668 0.001928
80.645161 2.140240 0.001948
80.000000 2.140820 0.001968
79.365079 2.141406 0.001989
78.740157 2.141999 0.002010
78.125000 2.142599 0.002031
77.519380 2.143205 0.002051
76.923077 2.143818 0.002073
76.335878 2.144437 0.002094
75.757576 2.145064 0.002115
75.187970 2.145698 0.002137
74.626866 2.146338 0.002159
74.074074 2.146986 0.002181
73.529412 2.147641 0.002203
72.992701 2.148303 0.002225
72.463768 2.148973 0.002247
71.942446 2.149650 0.002270
71.428571 2.150334 0.002293
70.921986 2.151025 0.002315
70.422535 2.151725 0.002339
69.930070 2.152432 0.002362
69.444444 2.153147 0.002385
68.965517 2.153869 0.002409
68.493151 2.154600 0.002433
68.027211 2.155339 0.002457
67.567568 2.156086 0.002481
67.114094 2.156841 0.002506
66.666667 2.157604 0.002531
66.225166 2.158376 0.002556
65.789474 2.159156 0.002581
65.359477 2.159945 0.002606
64.935065 2.160743 0.002631
64.516129 2.161549 0.002657
64.102564 2.162364 0.002683
63.694268 2.163188 0.002710
63.291139 2.164021 0.002736
62.893082 2.164864 0.002763
62.500000 2.165716 0.002790
62.111801 2.166577 0.002817
61.728395 2.167448 0.002845
61.349693 2.168328 0.002873
60.975610 2.169219 0.002901
60.606061 2.170119 0.002930
60.240964 2.171030 0.002958
59.880240 2.171951 0.002988
59.523810 2.172882 0.003017
59.171598 2.173824 0.003047
58.823529 2.174777 0.003077
58.479532 2.175740 0.003107
58.139535 2.176715 0.003138
57.803468 2.177701 0.003169
57.471264 2.178698 0.003200
57.142857 2.179706 0.003233
56.818182 2.180726 0.003264
56.497175 2.181758 0.003297
56.179775 2.182803 0.003330
55.865922 2.183860 0.003364
55.555556 2.184929 0.003397
55.248619 2.186011 0.003432
54.945055 2.187105 0.003466
54.644809 2.188214 0.003502
54.347826 2.189335 0.003538
54.054054 2.190469 0.003574
53.763441 2.191619 0.003611
53.475936 2.192781 0.003649
53.191489 2.193959 0.003686
52.910053 2.195152 0.003725
52.631579 2.196358 0.003764
52.356021 2.197581 0.003804
52.083333 2.198819 0.003844
51.813472 2.200074 0.003885
51.546392 2.201344 0.003927
51.282051 2.202631 0.003970
51.020408 2.203935 0.004013
50.761421 2.205257 0.004057
50.505051 2.206596 0.004102
50.251256 2.207953 0.004148
50.000000 2.209330 0.004195
49.751244 2.210725 0.004243
49.504950 2.212140 0.004292
49.261084 2.213575 0.004342
49.019608 2.215031 0.004393
48.780488 2.216508 0.004445
48.543689 2.218007 0.004499
48.309179 2.219528 0.004553
48.076923 2.221073 0.004610
47.846890 2.222642 0.004668
47.619048 2.224235 0.004728
47.393365 2.225853 0.004789
47.169811 2.227498 0.004851
46.948357 2.229170 0.004917
46.728972 2.230870 0.004984
46.511628 2.232599 0.005053
46.296296 2.234358 0.005125
46.082949 2.236148 0.005200
45.871560 2.237972 0.005277
45.662100 2.239829 0.005358
45.454545 2.241721 0.005442
45.248869 2.243651 0.005530
45.045045 2.245619 0.005621
44.843049 2.247628 0.005717
44.642857 2.249679 0.005818
44.444444 2.251775 0.005924
44.247788 2.253917 0.006036
44.052863 2.256110 0.006154
43.859649 2.258355 0.006280
43.668122 2.260656 0.006414
43.478261 2.263014 0.006557
43.290043 2.265437 0.006710
43.103448 2.267926 0.006875
42.918455 2.270488 0.007052
42.735043 2.273126 0.007243
42.553191 2.275848 0.007452
42.372881 2.278659 0.007680
42.194093 2.281568 0.007930
42.016807 2.284583 0.008205
41.841004 2.287713 0.008510
41.666667 2.290970 0.008851
41.493776 2.294368 0.009231
41.322314 2.297921 0.009660
41.152263 2.301646 0.010148
40.983607 2.305563 0.010705
40.816327 2.309698 0.011346
40.650407 2.314078 0.012091
40.485830 2.318738 0.012963
40.322581 2.323717 0.013994
40.160643 2.329064 0.015224
40.000000 2.334839 0.016710
39.840637 2.341112 0.018526
39.682540 2.347969 0.020776
39.525692 2.355515 0.023604
39.370079 2.363872 0.027218
39.215686 2.373182 0.031919
39.062500 2.383592 0.038155
38.910506 2.395223 0.046607
38.759690 2.408077 0.058318
38.610039 2.421802 0.074879
38.461538 2.435134 0.098633
38.314176 2.444684 0.132524
38.167939 2.442892 0.178399
38.022814 2.417406 0.231227
37.878788 2.360220 0.271348
37.735849 2.286706 0.274316
37.593985 2.228371 0.240694
37.453184 2.199238 0.193758
37.313433 2.192445 0.151433
37.174721 2.197294 0.118907
37.037037 2.206897 0.095208
36.900369 2.217894 0.078074
36.764706 2.228853 0.065552
36.630037 2.239236 0.056241
36.496350 2.248896 0.049188
36.363636 2.257842 0.043749
36.231884 2.266141 0.039486
36.101083 2.273878 0.036095
35.971223 2.281135 0.033366
35.842294 2.287987 0.031145
35.714286 2.294498 0.029321
35.587189 2.300723 0.027812
35.460993 2.306710 0.026556
35.335689 2.312499 0.025506
35.211268 2.318124 0.024625
35.087719 2.323614 0.023886
34.965035 2.328994 0.023266
34.843206 2.334286 0.022747
34.722222 2.339509 0.022313
34.602076 2.344679 0.021956
34.482759 2.349811 0.021663
34.364261 2.354919 0.021427
34.246575 2.360013 0.021244
34.129693 2.365105 0.021105
34.013605 2.370205 0.021008
33.898305 2.375320 0.020949
33.783784 2.380460 0.020924
33.670034 2.385633 0.020932
33.557047 2.390845 0.020969
33.444816 2.396105 0.021034
33.333333 2.401418 0.021126
33.222591 2.406792 0.021244
33.112583 2.412232 0.021387
33.003300 2.417745 0.021553
32.894737 2.423339 0.021743
32.786885 2.429019 0.021957
32.679739 2.434790 0.022193
32.573290 2.440661 0.022452
32.467532 2.446638 0.022735
32.362460 2.452727 0.023041
32.258065 2.458935 0.023371
32.154341 2.465270 0.023726
32.051282 2.471740 0.024106
31.948882 2.478352 0.024513
31.847134 2.485114 0.024946
31.746032 2.492035 0.025408
31.645570 2.499126 0.025900
31.545741 2.506393 0.026423
31.446541 2.513850 0.026980
31.347962 2.521508 0.027572
31.250000 2.529376 0.028201
31.152648 2.537468 0.028870
31.055901 2.545798 0.029582
30.959752 2.554380 0.030340
30.864198 2.563230 0.031147
30.769231 2.572366 0.032008
30.674847 2.581806 0.032928
30.581040 2.591570 0.033910
30.487805 2.601681 0.034962
30.395137 2.612162 0.036089
30.303030 2.623041 0.037299
30.211480 2.634346 0.038601
30.120482 2.646110 0.040003
30.030030 2.658370 0.041519
29.940120 2.671165 0.043159
29.850746 2.684540 0.044940
29.761905 2.698545 0.046879
29.673591 2.713237 0.048995
29.585799 2.728679 0.051314
29.498525 2.744944 0.053863
29.411765 2.762116 0.056677
29.325513 2.780288 0.059796
29.239766 2.799571 0.063270
29.154519 2.820092 0.067158
29.069767 2.841998 0.071535
28.985507 2.865464 0.076493
28.901734 2.890697 0.082149
28.818444 2.917941 0.088647
28.735632 2.947493 0.096181
28.653295 2.979709 0.104997
28.571429 3.015026 0.115426
28.490028 3.053983 0.127915
28.409091 3.097246 0.143082
28.328612 3.145648 0.161798
28.248588 3.200231 0.185329
28.169014 3.262287 0.215560
28.089888 3.333377 0.255390
28.011204 3.415239 0.309432
27.932961 3.509318 0.385258
27.855153 3.615143 0.495561
27.777778 3.725208 0.661199
27.700831 3.810813 0.911176
27.624309 3.796464 1.258211
27.548209 3.580237 1.616773
27.472527 3.200289 1.805086
27.397260 2.840953 1.786270
27.322404 2.588919 1.667166
27.247956 2.428680 1.526598
27.173913 2.328452 1.393765
27.100271 2.265760 1.275640
27.027027 2.227106 1.172054
26.954178 2.204552 1.081018
26.881720 2.193358 1.000388
26.809651 2.190634 0.928293
26.737968 2.194601 0.863209
26.666667 2.204173 0.803921
26.595745 2.218728 0.749464
26.525199 2.237980 0.699079
26.455026 2.261906 0.652162
26.385224 2.290725 0.608247
26.315789 2.324906 0.566982
26.246719 2.365215 0.528121
26.178010 2.412826 0.491545
26.109661 2.469527 0.457312
26.041667 2.538143 0.425866
25.974026 2.623299 0.398806
25.906736 2.731849 0.381509
25.839793 2.868445 0.386748
25.773196 3.029556 0.428435
25.706941 3.212696 0.517660
25.641026 3.418873 0.676443
25.575448 3.636904 0.952139
25.510204 3.796779 1.423074
25.445293 3.674990 2.106623
25.380711 3.054966 2.658429
25.316456 2.288643 2.698381
25.252525 1.753434 2.429687
25.188917 1.440598 2.098319
25.125628 1.262847 1.784178
25.062657 1.165040 1.498972
25.000000 1.120164 1.237683
24.937656 1.118315 0.993903
24.875622 1.160663 0.767113
24.813896 1.249571 0.570575
24.752475 1.369057 0.423784
24.691358 1.491410 0.325959
24.630542 1.602425 0.261590
24.570025 1.699995 0.217690
24.509804 1.785841 0.186497
24.449878 1.862201 0.163560
24.390244 1.931024 0.146244
24.330900 1.993870 0.132916
24.271845 2.051965 0.122517
24.213075 2.106280 0.114337
24.154589 2.157591 0.107884
24.096386 2.206530 0.102809
24.038462 2.253621 0.098861
23.980815 2.299307 0.095854
23.923445 2.343974 0.093653
23.866348 2.387959 0.092156
23.809524 2.431569 0.091293
23.752969 2.475088 0.091010
23.696682 2.518786 0.091276
23.640662 2.562924 0.092070
23.584906 2.607763 0.093389
23.529412 2.653571 0.095241
23.474178 2.700626 0.097647
23.419204 2.749223 0.100641
23.364486 2.799686 0.104274
23.310023 2.852370 0.108614
23.255814 2.907676 0.113750
23.201856 2.966062 0.119798
23.148148 3.028057 0.126908
23.094688 3.094285 0.135274
23.041475 3.165489 0.145150
22.988506 3.242565 0.156867
22.935780 3.326610 0.170870
22.883295 3.418989 0.187760
22.831050 3.521425 0.208368
22.779043 3.636129 0.233868
22.727273 3.765986 0.265964
22.675737 3.914844 0.307210
22.624434 4.087920 0.361575
22.573363 4.292434 0.435512
22.522523 4.538508 0.540079
22.471910 4.840215 0.695459
22.421525 5.215605 0.941269
22.371365 5.678477 1.361119
22.321429 6.183303 2.134361
22.271715 6.372608 3.524115
22.222222 5.374601 5.083973
22.172949 3.705871 5.433476
22.123894 2.607863 4.988932
22.075055 2.022787 4.461603
22.026432 1.698316 4.016239
21.978022 1.504402 3.657213
21.929825 1.380921 3.365844
21.881838 1.298492 3.125200
21.834061 1.241635 2.922779
21.786492 1.201617 2.749662
21.739130 1.173219 2.599458
21.691974 1.153171 2.467514
21.645022 1.139338 2.350372
21.598272 1.130286 2.245425
21.551724 1.125024 2.150665
21.505376 1.122854 2.064528
21.459227 1.123277 1.985779
21.413276 1.125937 1.913429
21.367521 1.130577 1.846683
21.321962 1.137018 1.784900
21.276596 1.145137 1.727556
21.231423 1.154857 1.674230
21.186441 1.166141 1.624583
21.141649 1.178980 1.578348
21.097046 1.193398 1.535323
21.052632 1.209443 1.495366
21.008403 1.227187 1.458394
20.964361 1.246729 1.424382
20.920502 1.268191 1.393372
20.876827 1.291720 1.365476
20.833333 1.317485 1.340893
20.790021 1.345678 1.319927
20.746888 1.376504 1.303013
20.703934 1.410174 1.290755
20.661157 1.446873 1.283980
20.618557 1.486723 1.283806
20.576132 1.529689 1.291737
20.533881 1.575431 1.309774
20.491803 1.623020 1.340535
20.449898 1.670469 1.387311
20.408163 1.713957 1.453911
20.366599 1.746744 1.543918
20.325203 1.758130 1.658727
20.283976 1.733786 1.793842
20.242915 1.660017 1.934598
20.202020 1.532866 2.056358
20.161290 1.365472 2.134358
20.120724 1.183372 2.157300
20.080321 1.010596 2.130754
20.040080 0.860659 2.069044
20.000000 0.737118 1.986369
19.960080 0.638050 1.892956
19.920319 0.559688 1.794960
19.880716 0.498318 1.695558
19.841270 0.451054 1.595999
19.801980 0.416212 1.496346
19.762846 0.393801 1.396088
19.723866 0.386459 1.295638
19.685039 0.398214 1.200875
19.646365 0.424093 1.122596
19.607843 0.452158 1.061105
19.569472 0.477680 1.010303
19.531250 0.500401 0.966148
19.493177 0.520862 0.926548
19.455253 0.539562 0.890346
19.417476 0.556872 0.856836
19.379845 0.573054 0.825544
19.342360 0.588300 0.796129
19.305019 0.602749 0.768331
19.267823 0.616506 0.741944
19.230769 0.629656 0.716803
19.193858 0.642263 0.692765
19.157088 0.654381 0.669713
19.120459 0.666056 0.647542
19.083969 0.677325 0.626164
19.047619 0.688222 0.605497
19.011407 0.698776 0.585471
18.975332 0.709013 0.566021
18.939394 0.718957 0.547088
18.903592 0.728632 0.528620
18.867925 0.738055 0.510565
18.832392 0.747247 0.492877
18.796992 0.756227 0.475512
18.761726 0.765014 0.458427
18.726592 0.773625 0.441582
18.691589 0.782079 0.424936
18.656716 0.790396 0.408449
18.621974 0.798594 0.392082
18.587361 0.806698 0.375793
18.552876 0.814731 0.359542
18.518519 0.822721 0.343283
18.484288 0.830701 0.326969
18.450185 0.838709 0.310549
18.416206 0.846797 0.293969
18.382353 0.855024 0.277168
18.348624 0.863472 0.260081
18.315018 0.872252 0.242637
18.281536 0.881509 0.224768
18.248175 0.891453 0.206415
18.214936 0.902372 0.187561
18.181818 0.914656 0.168289
18.148820 0.928776 0.148889
18.115942 0.945143 0.129996
18.083183 0.963779 0.112578
18.050542 0.984064 0.097538
18.018018 1.004978 0.085223
17.985612 1.025641 0.075385
17.953321 1.045549 0.067525
17.921147 1.064508 0.061169
17.889088 1.082488 0.055936
17.857143 1.099530 0.051556
17.825312 1.115706 0.047830
17.793594 1.131091 0.044616
17.761989 1.145756 0.041811
17.730496 1.159768 0.039338
17.699115 1.173184 0.037138
17.667845 1.186055 0.035166
17.636684 1.198426 0.033387
17.605634 1.210338 0.031772
17.574692 1.221825 0.030300
17.543860 1.232919 0.028950
17.513135 1.243648 0.027709
17.482517 1.254036 0.026563
17.452007 1.264105 0.025502
17.421603 1.273876 0.024517
17.391304 1.283368 0.023599
17.361111 1.292595 0.022742
17.331023 1.301575 0.021941
17.301038 1.310321 0.021190
17.271157 1.318845 0.020485
17.241379 1.327158 0.019822
17.211704 1.335273 0.019197
17.182131 1.343199 0.018608
17.152659 1.350944 0.018053
17.123288 1.358520 0.017527
17.094017 1.365931 0.017030
17.064846 1.373187 0.016558
17.035775 1.380295 0.016112
17.006803 1.387261 0.015688
16.977929 1.394091 0.015286
16.949153 1.400792 0.014903
16.920474 1.407368 0.014540
16.891892 1.413825 0.014194
16.863406 1.420167 0.013865
16.835017 1.426400 0.013552
16.806723 1.432529 0.013253
16.778523 1.438556 0.012970
16.750419 1.444487 0.012699
16.722408 1.450324 0.012441
16.694491 1.456071 0.012196
16.666667 1.461733 0.011962
16.638935 1.467313 0.011739
16.611296 1.472812 0.011527
16.583748 1.478235 0.011325
16.556291 1.483584 0.011132
16.528926 1.488864 0.010949
16.501650 1.494074 0.010775
16.474465 1.499220 0.010610
16.447368 1.504302 0.010453
16.420361 1.509324 0.010305
16.393443 1.514287 0.010163
16.366612 1.519194 0.010030
16.339869 1.524048 0.009904
16.313214 1.528850 0.009786
16.286645 1.533603 0.009674
16.260163 1.538308 0.009570
16.233766 1.542967 0.009471
16.207455 1.547582 0.009380
16.181230 1.552156 0.009295
16.155089 1.556690 0.009216
16.129032 1.561186 0.009144
16.103060 1.565645 0.009078
16.077170 1.570069 0.009018
16.051364 1.574461 0.008965
16.025641 1.578820 0.008917
16.000000 1.583151 0.008876
15.974441 1.587454 0.008841
15.948963 1.591729 0.008812
15.923567 1.595981 0.008790
15.898251 1.600209 0.008773
15.873016 1.604415 0.008763
15.847861 1.608602 0.008760
15.822785 1.612770 0.008763
15.797788 1.616921 0.008773
15.772871 1.621058 0.008789
15.748031 1.625182 0.008813
15.723270 1.629294 0.008845
15.698587 1.633396 0.008883
15.673981 1.637489 0.008930
15.649452 1.641577 0.008985
15.625000 1.645660 0.009048
15.600624 1.649741 0.009121
15.576324 1.653820 0.009202
15.552100 1.657902 0.009294
15.527950 1.661986 0.009396
15.503876 1.666077 0.009509
15.479876 1.670175 0.009633
15.455951 1.674283 0.009770
15.432099 1.678404 0.009920
15.408320 1.682540 0.010084
15.384615 1.686695 0.010263
15.360983 1.690870 0.010458
15.337423 1.695069 0.010671
15.313936 1.699295 0.010903
15.290520 1.703552 0.011156
15.267176 1.707844 0.011431
15.243902 1.712174 0.011730
15.220700 1.716546 0.012056
15.197568 1.720967 0.012412
15.174507 1.725439 0.012800
15.151515 1.729970 0.013224
15.128593 1.734564 0.013688
15.105740 1.739227 0.014196
15.082956 1.743969 0.014752
15.060241 1.748794 0.015364
15.037594 1.753713 0.016039
15.015015 1.758735 0.016783
14.992504 1.763868 0.017607
14.970060 1.769126 0.018521
14.947683 1.774521 0.019539
14.925373 1.780065 0.020675
14.903130 1.785775 0.021948
14.880952 1.791667 0.023380
14.858841 1.797759 0.024997
14.836795 1.804073 0.026830
14.814815 1.810629 0.028920
14.792899 1.817453 0.031312
14.771049 1.824569 0.034067
14.749263 1.832003 0.037255
14.727541 1.839782 0.040970
14.705882 1.847929 0.045324
14.684288 1.856460 0.050462
14.662757 1.865377 0.056568
14.641288 1.874660 0.063872
14.619883 1.884246 0.072669
14.598540 1.893997 0.083328
14.577259 1.903660 0.096300
14.556041 1.912783 0.112121
14.534884 1.920616 0.131365
14.513788 1.925964 0.154539
14.492754 1.927049 0.181825
14.471780 1.921491 0.212622
14.450867 1.906657 0.244902
14.430014 1.880671 0.274726
14.409222 1.843989 0.296664
14.388489 1.800499 0.305690
14.367816 1.756704 0.299713
14.347202 1.719057 0.280686
14.326648 1.691459 0.253344
14.306152 1.674622 0.222848
14.285714 1.667031 0.193096
14.265335 1.666320 0.166267
14.245014 1.670222 0.143169
14.224751 1.676967 0.123790
14.204545 1.685318 0.107738
14.184397 1.694475 0.094504
14.164306 1.703939 0.083591
14.144272 1.713418 0.074566
14.124294 1.722745 0.067069
14.104372 1.731833 0.060808
14.084507 1.740647 0.055552
14.064698 1.749176 0.051116
14.044944 1.757427 0.047355
14.025245 1.765418 0.044152
14.005602 1.773169 0.041414
13.986014 1.780704 0.039067
13.966480 1.788045 0.037051
13.947001 1.795216 0.035316
13.927577 1.802239 0.033823
13.908206 1.809134 0.032540
13.888889 1.815919 0.031440
13.869626 1.822615 0.030499
13.850416 1.829236 0.029701
13.831259 1.835801 0.029030
13.812155 1.842321 0.028474
13.793103 1.848814 0.028021
13.774105 1.855290 0.027663
13.755158 1.861765 0.027393
13.736264 1.868249 0.027205
13.717421 1.874755 0.027095
13.698630 1.881295 0.027057
13.679891 1.887880 0.027091
13.661202 1.894523 0.027193
13.642565 1.901234 0.027363
13.623978 1.908026 0.027600
13.605442 1.914910 0.027903
13.586957 1.921900 0.028275
13.568521 1.929007 0.028715
13.550136 1.936247 0.029226
13.531800 1.943631 0.029811
13.513514 1.951176 0.030473
13.495277 1.958898 0.031218
13.477089 1.966812 0.032048
13.458950 1.974937 0.032972
13.440860 1.983293 0.033996
13.422819 1.991901 0.035129
13.404826 2.000785 0.036381
13.386881 2.009968 0.037763
13.368984 2.019480 0.039290
13.351135 2.029350 0.040977
13.333333 2.039613 0.042844
13.315579 2.050308 0.044913
13.297872 2.061474 0.047209
13.280212 2.073160 0.049767
13.262599 2.085420 0.052622
13.245033 2.098313 0.055821
13.227513 2.111906 0.059419
13.210040 2.126279 0.063485
13.192612 2.141519 0.068102
13.175231 2.157726 0.073375
13.157895 2.175015 0.079435
13.140604 2.193518 0.086451
13.123360 2.213382 0.094636
13.106160 2.234773 0.104271
13.089005 2.257875 0.115725
13.071895 2.282877 0.129490
13.054830 2.309960 0.146233
13.037810 2.339259 0.166862
13.020833 2.370775 0.192630
13.003901 2.404216 0.225251
12.987013 2.438670 0.267037
12.970169 2.471989 0.320913
12.953368 2.499772 0.390017
12.936611 2.514093 0.476126
12.919897 2.503374 0.575943
12.903226 2.456847 0.676356
12.886598 2.374887 0.755690
12.870013 2.274446 0.796887
12.853470 2.178252 0.799434
12.836970 2.100693 0.775037
12.820513 2.045595 0.736719
12.804097 2.011158 0.693607
12.787724 1.994131 0.650953
12.771392 1.991651 0.611579
12.755102 2.001735 0.577115
12.738854 2.023284 0.548828
12.722646 2.055934 0.528195
12.706480 2.099822 0.517438
12.690355 2.155138 0.520110
12.674271 2.221189 0.541585
12.658228 2.295007 0.589032
12.642225 2.369864 0.670789
12.626263 2.433231 0.795281
12.610340 2.463261 0.967473
12.594458 2.427469 1.178329
12.578616 2.296265 1.389828
12.562814 2.075698 1.541174
12.547051 1.818020 1.593148
12.531328 1.580360 1.555840
12.515645 1.389535 1.464038
12.500000 1.246677 1.347651
12.484395 1.143241 1.224095
12.468828 1.069972 1.101619
12.453300 1.019653 0.983487
12.437811 0.987360 0.870637
12.422360 0.970075 0.763149
12.406948 0.966209 0.661103
12.391574 0.975057 0.565200
12.376238 0.995972 0.477147
12.360939 1.027291 0.399369
12.345679 1.065810 0.333774
12.330456 1.107625 0.280548
12.315271 1.149528 0.238240
12.300123 1.189605 0.204732
12.285012 1.227005 0.178011
12.269939 1.261503 0.156453
12.254902 1.293188 0.138833
12.239902 1.322275 0.124245
12.224939 1.349019 0.112024
12.210012 1.373674 0.101676
12.195122 1.396473 0.092828
12.180268 1.417625 0.085198
12.165450 1.437313 0.078566
12.150668 1.455699 0.072763
12.135922 1.472920 0.067652
12.121212 1.489100 0.063126
12.106538 1.504343 0.059096
12.091898 1.518743 0.055492
12.077295 1.532380 0.052255
12.062726 1.545325 0.049337
12.048193 1.557642 0.046695
12.033694 1.569386 0.044297
12.019231 1.580606 0.042113
12.004802 1.591347 0.040118
11.990408 1.601647 0.038291
11.976048 1.611542 0.036613
11.961722 1.621064 0.035070
11.947431 1.630241 0.033647
11.933174 1.639099 0.032333
11.918951 1.647661 0.031116
11.904762 1.655948 0.029988
11.890606 1.663981 0.028941
11.876485 1.671775 0.027967
11.862396 1.679348 0.027060
11.848341 1.686715 0.026214
11.834320 1.693888 0.025425
11.820331 1.700882 0.024687
11.806375 1.707706 0.023997
11.792453 1.714372 0.023352
11.778563 1.720889 0.022746
11.764706 1.727268 0.022178
11.750881 1.733516 0.021645
11.737089 1.739640 0.021145
11.723329 1.745649 0.020675
11.709602 1.751549 0.020233
11.695906 1.757347 0.019817
11.682243 1.763050 0.019426
11.668611 1.768661 0.019059
11.655012 1.774187 0.018713
11.641444 1.779633 0.018387
11.627907 1.785004 0.018080
11.614402 1.790303 0.017792
11.600928 1.795535 0.017520
11.587486 1.800704 0.017265
11.574074 1.805814 0.017025
11.560694 1.810868 0.016799
11.547344 1.815869 0.016588
11.534025 1.820820 0.016389
11.520737 1.825726 0.016203
11.507480 1.830588 0.016028
11.494253 1.835410 0.015865
11.481056 1.840193 0.015712
11.467890 1.844941 0.015570
11.454754 1.849655 0.015437
11.441648 1.854339 0.015314
11.428571 1.858994 0.015200
11.415525 1.863622 0.015095
11.402509 1.868226 0.014997
11.389522 1.872807 0.014908
11.376564 1.877367 0.014827
11.363636 1.881909 0.014753
11.350738 1.886433 0.014686
11.337868 1.890942 0.014627
11.325028 1.895436 0.014574
11.312217 1.899919 0.014528
11.299435 1.904390 0.014488
11.286682 1.908853 0.014454
11.273957 1.913307 0.014426
11.261261 1.917756 0.014405
11.248594 1.922199 0.014388
11.235955 1.926639 0.014378
11.223345 1.931076 0.014373
11.210762 1.935513 0.014373
11.198208 1.939949 0.014379
11.185682 1.944387 0.014390
11.173184 1.948827 0.014406
11.160714 1.953272 0.014427
11.148272 1.957721 0.014453
11.135857 1.962176 0.014483
11.123471 1.966640 0.014519
11.111111 1.971111 0.014559
11.098779 1.975592 0.014605
11.086475 1.980084 0.014654
11.074197 1.984587 0.014709
11.061947 1.989103 0.014767
11.049724 1.993633 0.014831
11.037528 1.998179 0.014899
11.025358 2.002740 0.014972
11.013216 2.007318 0.015049
11.001100 2.011914 0.015131
10.989011 2.016531 0.015216
10.976948 2.021166 0.015307
10.964912 2.025824 0.015402
10.952903 2.030504 0.015503
10.940919 2.035208 0.015607
10.928962 2.039936 0.015716
10.917031 2.044689 0.015829
10.905125 2.049470 0.015948
10.893246 2.054277 0.016070
10.881393 2.059115 0.016198
10.869565 2.063982 0.016330
10.857763 2.068880 0.016468
10.845987 2.073810 0.016610
10.834236 2.078774 0.016757
10.822511 2.083772 0.016909
10.810811 2.088805 0.017066
10.799136 2.093876 0.017228
10.787487 2.098984 0.017395
10.775862 2.104132 0.017568
10.764263 2.109320 0.017746
10.752688 2.114550 0.017929
10.741139 2.119823 0.018118
10.729614 2.125140 0.018313
10.718114 2.130502 0.018513
10.706638 2.135911 0.018720
10.695187 2.141369 0.018931
10.683761 2.146875 0.019149
10.672359 2.152433 0.019374
10.660981 2.158043 0.019605
10.649627 2.163708 0.019842
10.638298 2.169427 0.020086
10.626993 2.175203 0.020336
10.615711 2.181038 0.020594
10.604454 2.186932 0.020858
10.593220 2.192889 0.021130
10.582011 2.198908 0.021409
10.570825 2.204993 0.021696
10.559662 2.211144 0.021991
10.548523 2.217364 0.022294
10.537408 2.223654 0.022605
10.526316 2.230017 0.022924
10.515247 2.236454 0.023252
10.504202 2.242967 0.023589
10.493179 2.249558 0.023935
10.482180 2.256230 0.024291
10.471204 2.262984 0.024657
10.460251 2.269824 0.025032
10.449321 2.276750 0.025418
10.438413 2.283766 0.025815
10.427529 2.290873 0.026222
10.416667 2.298075 0.026640
10.405827 2.305375 0.027071
10.395010 2.312773 0.027514
10.384216 2.320275 0.027968
10.373444 2.327881 0.028436
10.362694 2.335596 0.028917
10.351967 2.343422 0.029412
10.341262 2.351362 0.029921
10.330579 2.359420 0.030444
10.319917 2.367599 0.030983
10.309278 2.375902 0.031538
10.298661 2.384334 0.032108
10.288066 2.392898 0.032696
10.277492 2.401597 0.033302
10.266940 2.410436 0.033925
10.256410 2.419418 0.034568
10.245902 2.428549 0.035230
10.235415 2.437832 0.035912
10.224949 2.447273 0.036615
10.214505 2.456876 0.037340
10.204082 2.466646 0.038089
10.193680 2.476588 0.038861
10.183299 2.486709 0.039658
10.172940 2.497012 0.040480
10.162602 2.507505 0.041329
10.152284 2.518194 0.042207
10.141988 2.529084 0.043114
10.131712 2.540183 0.044051
10.121457 2.551498 0.045020
10.111223 2.563035 0.046023
10.101010 2.574803 0.047060
10.090817 2.586810 0.048134
10.080645 2.599064 0.049246
10.070493 2.611573 0.050398
10.060362 2.624347 0.051591
10.050251 2.637395 0.052829
10.040161 2.650728 0.054113
10.030090 2.664355 0.055445
10.020040 2.678289 0.056828
10.010010 2.692540 0.058264
10.000000 2.707122 0.059757
9.990010 2.722046 0.061309
9.980040 2.737328 0.062923
9.970090 2.752979 0.064603
9.960159 2.769017 0.066353
9.950249 2.785457 0.068176
9.940358 2.802316 0.070076
9.930487 2.819612 0.072059
9.920635 2.837363 0.074130
9.910803 2.855590 0.076293
9.900990 2.874314 0.078553
9.891197 2.893558 0.080917
9.881423 2.913346 0.083393
9.871668 2.933703 0.085985
9.861933 2.954656 0.088704
9.852217 2.976235 0.091558
9.842520 2.998471 0.094554
9.832842 3.021397 0.097703
9.823183 3.045047 0.101016
9.813543 3.069462 0.104506
9.803922 3.094680 0.108185
9.794319 3.120746 0.112067
9.784736 3.147708 0.116169
9.775171 3.175616 0.120507
9.765625 3.204526 0.125101
9.756098 3.234497 0.129973
9.746589 3.265593 0.135145
9.737098 3.297885 0.140644
9.727626 3.331449 0.146498
9.718173 3.366368 0.152741
9.708738 3.402732 0.159409
9.699321 3.440641 0.166543
9.689922 3.480204 0.174190
9.680542 3.521541 0.182402
9.671180 3.564784 0.191240
9.661836 3.610079 0.200770
9.652510 3.657587 0.211071
9.643202 3.707491 0.222233
9.633911 3.759989 0.234358
9.624639 3.815308 0.247569
9.615385 3.873700 0.262005
9.606148 3.935450 0.277831
9.596929 4.000880 0.295242
9.587728 4.070357 0.314471
9.578544 4.144300 0.335795
9.569378 4.223187 0.359551
9.560229 4.307569 0.386147
9.551098 4.398086 0.416086
9.541985 4.495478 0.449991
9.532888 4.600612 0.488647
9.523810 4.714501 0.533052
9.514748 4.838336 0.584487
9.505703 4.973516 0.644632
9.496676 5.121687 0.715716
9.487666 5.284756 0.800750
9.478673 5.464901 0.903885
9.469697 5.664480 1.030945
9.460738 5.885775 1.190266
9.451796 6.130279 1.393977
9.442871 6.396965 1.659868
9.433962 6.678244 2.013715
9.425071 6.951085 2.490481
9.416196 7.160243 3.127902
9.407338 7.198973 3.935167
9.398496 6.929993 4.822775
9.389671 6.313012 5.571646
9.380863 5.514682 5.994076
9.372071 4.761930 6.106453
9.363296 4.159493 6.043035
9.354537 3.702895 5.916524
9.345794 3.351398 5.785570
9.337068 3.064883 5.671722
9.328358 2.813609 5.576946
9.319664 2.579058 5.494096
9.310987 2.352596 5.413250
9.302326 2.133066 5.325929
9.293680 1.923591 5.227382
9.285051 1.728425 5.116877
9.276438 1.550838 4.996542
9.267841 1.392325 4.869809
9.259259 1.252747 4.740201
9.250694 1.130865 4.610677
9.242144 1.024875 4.483428
9.233610 0.932798 4.359925
9.225092 0.852714 4.241053
9.216590 0.782878 4.127276
9.208103 0.721765 4.018755
9.199632 0.668071 3.915464
9.191176 0.620691 3.817248
9.182736 0.578701 3.723887
9.174312 0.541328 3.635120
9.165903 0.507922 3.550673
9.157509 0.477942 3.470268
9.149131 0.450931 3.393637
9.140768 0.426508 3.320523
9.132420 0.404344 3.250684
9.124088 0.384166 3.183894
9.115770 0.365737 3.119943
9.107468 0.348858 3.058637
9.099181 0.333354 2.999797
9.090909 0.319077 2.943259
9.082652 0.305897 2.888872
9.074410 0.293702 2.836494
9.066183 0.282393 2.785997
9.057971 0.271884 2.737264
9.049774 0.262100 2.690185
9.041591 0.252976 2.644659
9.033424 0.244450 2.600593
9.025271 0.236472 2.557900
9.017133 0.228994 2.516502
9.009009 0.221977 2.476322
9.000900 0.215382 2.437293
8.992806 0.209176 2.399350
8.984726 0.203331 2.362433
8.976661 0.197819 2.326487
8.968610 0.192616 2.291457
8.960573 0.187700 2.257297
8.952551 0.183053 2.223959
8.944544 0.178656 2.191400
8.936550 0.174494 2.159578
8.928571 0.170553 2.128456
8.920607 0.166819 2.097995
8.912656 0.163281 2.068160
8.904720 0.159928 2.038918
8.896797 0.156752 2.010238
8.888889 0.153745 1.982087
8.880995 0.150898 1.954435
8.873114 0.148207 1.927254
8.865248 0.145666 1.900515
8.857396 0.143271 1.874190
8.849558 0.141020 1.848251
8.841733 0.138910 1.822672
8.833922 0.136941 1.797424
8.826125 0.135115 1.772479
8.818342 0.133432 1.747808
8.810573 0.131898 1.723381
8.802817 0.130521 1.699168
8.795075 0.129307 1.675136
8.787346 0.128272 1.651250
8.779631 0.127431 1.627470
8.771930 0.126807 1.603757
8.764242 0.126430 1.580063
8.756567 0.126337 1.556339
8.748906 0.126580 1.532525
8.741259 0.127226 1.508557
8.733624 0.128365 1.484362
8.726003 0.130118 1.459858
8.718396 0.132651 1.434953
8.710801 0.136192 1.409551
8.703220 0.141062 1.383559
8.695652 0.147711 1.356908
8.688097 0.156783 1.329604
8.680556 0.169183 1.301817
8.673027 0.186163 1.274098
8.665511 0.209319 1.247755
8.658009 0.240280 1.225506
8.650519 0.279609 1.212176
8.643042 0.324480 1.214460
8.635579 0.366222 1.237904
8.628128 0.391350 1.281060
8.620690 0.389066 1.331689
8.613264 0.360566 1.372328
8.605852 0.318364 1.392553
8.598452 0.275504 1.393361
8.591065 0.238738 1.381185
8.583691 0.209509 1.362025
8.576329 0.186918 1.339742
8.568980 0.169530 1.316438
8.561644 0.156048 1.293153
8.554320 0.145467 1.270356
8.547009 0.137043 1.248229
8.539710 0.130242 1.226814
8.532423 0.124678 1.206088
8.525149 0.120070 1.185999
8.517888 0.116209 1.166488
8.510638 0.112943 1.147496
8.503401 0.110158 1.128967
8.496177 0.107763 1.110849
8.488964 0.105692 1.093098
8.481764 0.103892 1.075673
8.474576 0.102321 1.058537
8.467401 0.100947 1.041661
8.460237 0.099744 1.025015
8.453085 0.098689 1.008575
8.445946 0.097766 0.992317
8.438819 0.096960 0.976222
8.431703 0.096262 0.960271
8.424600 0.095661 0.944448
8.417508 0.095149 0.928735
8.410429 0.094721 0.913120
8.403361 0.094372 0.897588
8.396306 0.094097 0.882127
8.389262 0.093894 0.866723
8.382230 0.093760 0.851367
8.375209 0.093694 0.836046
8.368201 0.093696 0.820748
8.361204 0.093764 0.805463
8.354219 0.093900 0.790179
8.347245 0.094104 0.774887
8.340284 0.094377 0.759575
8.333333 0.094722 0.744231
8.326395 0.095142 0.728845
8.319468 0.095639 0.713404
8.312552 0.096219 0.697896
8.305648 0.096886 0.682309
8.298755 0.097647 0.666628
8.291874 0.098508 0.650840
8.285004 0.099479 0.634930
8.278146 0.100569 0.618881
8.271299 0.101791 0.602677
8.264463 0.103159 0.586299
8.257638 0.104689 0.569727
8.250825 0.106404 0.552941
8.244023 0.108328 0.535916
8.237232 0.110491 0.518630
8.230453 0.112931 0.501056
8.223684 0.115694 0.483168
8.216927 0.118837 0.464939
8.210181 0.122432 0.446346
8.203445 0.126568 0.427371
8.196721 0.131358 0.408005
8.190008 0.136937 0.388263
8.183306 0.143472 0.368199
8.176615 0.151143 0.347921
8.169935 0.160130 0.327626
8.163265 0.170556 0.307604
8.156607 0.182429 0.288225
8.149959 0.195585 0.269857
8.143322 0.209717 0.252766
8.136697 0.224454 0.237051
8.130081 0.239466 0.222654
8.123477 0.254516 0.209431
8.116883 0.269472 0.197208
8.110300 0.284278 0.185827
8.103728 0.298927 0.175165
8.097166 0.313441 0.165137
8.090615 0.327849 0.155695
8.084074 0.342174 0.146822
8.077544 0.356423 0.138520
8.071025 0.370586 0.130801
8.064516 0.384628 0.123672
8.058018 0.398509 0.117130
8.051530 0.412179 0.111157
8.045052 0.425597 0.105720
8.038585 0.438726 0.100779
8.032129 0.451541 0.096286
8.025682 0.464030 0.092194
8.019246 0.476184 0.088460
8.012821 0.488006 0.085041
8.006405 0.499499 0.081901
8.000000 0.510673 0.079007
7.993605 0.521537 0.076331
7.987220 0.532105 0.073848
7.980846 0.542386 0.071538
7.974482 0.552394 0.069382
7.968127 0.562140 0.067364
7.961783 0.571636 0.065470
7.955449 0.580893 0.063690
7.949126 0.589921 0.062010
7.942812 0.598731 0.060424
7.936508 0.607332 0.058921
7.930214 0.615732 0.057497
7.923930 0.623942 0.056143
7.917656 0.631967 0.054855
7.911392 0.639816 0.053627
7.905138 0.647496 0.052456
7.898894 0.655014 0.051335
7.892660 0.662376 0.050264
7.886435 0.669587 0.049237
7.880221 0.676654 0.048252
7.874016 0.683582 0.047306
7.867821 0.690375 0.046397
7.861635 0.697038 0.045523
7.855460 0.703576 0.044680
7.849294 0.709993 0.043868
7.843137 0.716294 0.043086
7.836991 0.722481 0.042330
7.830854 0.728558 0.041600
7.824726 0.734531 0.040894
7.818608 0.740399 0.040211
7.812500 0.746170 0.039550
7.806401 0.751843 0.038910
7.800312 0.757422 0.038290
7.794232 0.762911 0.037688
7.788162 0.768312 0.037105
7.782101 0.773626 0.036538
7.776050 0.778857 0.035987
7.770008 0.784007 0.035453
7.763975 0.789078 0.034932
7.757952 0.794072 0.034427
7.751938 0.798992 0.033935
7.745933 0.803839 0.033456
7.739938 0.808614 0.032989
7.733952 0.813321 0.032536
7.727975 0.817960 0.032092
7.722008 0.822533 0.031661
7.716049 0.827042 0.031240
7.710100 0.831489 0.030829
7.704160 0.835874 0.030428
7.698229 0.840199 0.030037
7.692308 0.844467 0.029655
7.686395 0.848677 0.029281
7.680492 0.852832 0.028917
7.674597 0.856932 0.028560
7.668712 0.860979 0.028211
7.662835 0.864973 0.027871
7.656968 0.868918 0.027537
7.651109 0.872812 0.027212
7.645260 0.876657 0.026892
7.639419 0.880454 0.026579
7.633588 0.884205 0.026274
7.627765 0.887910 0.025974
7.621951 0.891570 0.025680
7.616146 0.895187 0.025393
7.610350 0.898760 0.025111
7.604563 0.902290 0.024835
7.598784 0.905780 0.024564
7.593014 0.909229 0.024298
7.587253 0.912638 0.024038
7.581501 0.916008 0.023782
7.575758 0.919340 0.023531
7.570023 0.922634 0.023285
7.564297 0.925892 0.023044
7.558579 0.929113 0.022807
7.552870 0.932299 0.022574
7.547170 0.935449 0.022346
7.541478 0.938566 0.022121
7.535795 0.941648 0.021901
7.530120 0.944699 0.021684
7.524454 0.947716 0.021471
7.518797 0.950702 0.021262
7.513148 0.953655 0.021056
7.507508 0.956579 0.020854
7.501875 0.959472 0.020655
7.496252 0.962335 0.020460
7.490637 0.965169 0.020268
7.485030 0.967974 0.020079
7.479432 0.970751 0.019893
7.473842 0.973500 0.019710
7.468260 0.976221 0.019530
7.462687 0.978916 0.019353
7.457122 0.981584 0.019178
7.451565 0.984227 0.019007
7.446016 0.986842 0.018838
7.440476 0.989434 0.018672
7.434944 0.992000 0.018508
7.429421 0.994542 0.018346
7.423905 0.997059 0.018188
7.418398 0.999553 0.018031
7.412898 1.002023 0.017877
7.407407 1.004471 0.017725
7.401925 1.006895 0.017575
7.396450 1.009298 0.017428
7.390983 1.011678 0.017283
7.385524 1.014036 0.017140
7.380074 1.016374 0.016998
7.374631 1.018690 0.016860
7.369197 1.020985 0.016722
7.363770 1.023260 0.016587
7.358352 1.025515 0.016454
7.352941 1.027750 0.016322
7.347539 1.029965 0.016192
7.342144 1.032161 0.016065
7.336757 1.034338 0.015938
7.331378 1.036495 0.015814
7.326007 1.038635 0.015691
7.320644 1.040756 0.015570
7.315289 1.042859 0.015451
7.309942 1.044945 0.015332
7.304602 1.047012 0.015216
7.299270 1.049063 0.015101
7.293946 1.051096 0.014988
7.288630 1.053113 0.014875
7.283321 1.055113 0.014765
7.278020 1.057097 0.014656
7.272727 1.059064 0.014548
7.267442 1.061015 0.014442
7.262164 1.062951 0.014337
7.256894 1.064870 0.014233
7.251632 1.066774 0.014131
7.246377 1.068664 0.014030
7.241130 1.070538 0.013930
7.235890 1.072397 0.013831
7.230658 1.074243 0.013733
7.225434 1.076072 0.013637
7.220217 1.077888 0.013542
7.215007 1.079691 0.013448
7.209805 1.081479 0.013355
7.204611 1.083253 0.013263
7.199424 1.085014 0.013172
7.194245 1.086761 0.013083
7.189073 1.088495 0.012994
7.183908 1.090216 0.012906
7.178751 1.091924 0.012819
7.173601 1.093619 0.012734
7.168459 1.095302 0.012650
7.163324 1.096972 0.012566
7.158196 1.098629 0.012483
7.153076 1.100275 0.012401
7.147963 1.101908 0.012320
7.142857 1.103530 0.012240
7.137759 1.105140 0.012161
7.132668 1.106738 0.012083
7.127584 1.108324 0.012005
7.122507 1.109900 0.011929
7.117438 1.111463 0.011853
7.112376 1.113016 0.011778
7.107321 1.114557 0.011704
7.102273 1.116088 0.011631
7.097232 1.117609 0.011558
7.092199 1.119118 0.011487
7.087172 1.120617 0.011416
7.082153 1.122105 0.011345
7.077141 1.123583 0.011275
7.072136 1.125051 0.011207
7.067138 1.126509 0.011139
7.062147 1.127957 0.011071
7.057163 1.129395 0.011005
7.052186 1.130823 0.010939
7.047216 1.132242 0.010874
7.042254 1.133651 0.010809
7.037298 1.135050 0.010745
7.032349 1.136441 0.010681
7.027407 1.137821 0.010619
7.022472 1.139193 0.010557
7.017544 1.140556 0.010495
7.012623 1.141909 0.010434
7.007708 1.143254 0.010374
7.002801 1.144591 0.010314
6.997901 1.145918 0.010255
6.993007 1.147236 0.010197
6.988120 1.148547 0.010139
6.983240 1.149848 0.010082
6.978367 1.151141 0.010025
6.973501 1.152427 0.009968
6.968641 1.153703 0.009913
6.963788 1.154972 0.009857
6.958942 1.156233 0.009803
6.954103 1.157486 0.009749
6.949270 1.158730 0.009695
6.944444 1.159968 0.009641
6.939625 1.161197 0.009589
6.934813 1.162419 0.009537
6.930007 1.163633 0.009485
6.925208 1.164839 0.009433
6.920415 1.166039 0.009383
6.915629 1.167231 0.009333
6.910850 1.168415 0.009283
6.906077 1.169592 0.009234
6.901311 1.170762 0.009185
6.896552 1.171925 0.009136
6.891799 1.173081 0.009088
6.887052 1.174230 0.009040
6.882312 1.175373 0.008993
6.877579 1.176508 0.008946
6.872852 1.177637 0.008900
6.868132 1.178758 0.008854
6.863418 1.179874 0.008808
6.858711 1.180982 0.008763
6.854010 1.182084 0.008718
6.849315 1.183181 0.008674
6.844627 1.184269 0.008630
6.839945 1.185352 0.008586
6.835270 1.186429 0.008543
6.830601 1.187500 0.008500
6.825939 1.188564 0.008458
6.821282 1.189622 0.008415
6.816633 1.190674 0.008374
6.811989 1.191720 0.008332
6.807352 1.192760 0.008291
6.802721 1.193795 0.008250
6.798097 1.194823 0.008210
6.793478 1.195846 0.008170
6.788866 1.196862 0.008130
6.784261 1.197873 0.008091
6.779661 1.198879 0.008051
6.775068 1.199878 0.008013
6.770481 1.200873 0.007974
6.765900 1.201862 0.007937
6.761325 1.202845 0.007898
6.756757 1.203822 0.007861
6.752194 1.204795 0.007824
6.747638 1.205762 0.007787
6.743088 1.206724 0.007750
6.738544 1.207681 0.007714
6.734007 1.208632 0.007678
6.729475 1.209578 0.007642
6.724950 1.210520 0.007606
6.720430 1.211456 0.007571
6.715917 1.212387 0.007536
6.711409 1.213313 0.007501
6.706908 1.214234 0.007467
6.702413 1.215151 0.007433
6.697924 1.216062 0.007399
6.693440 1.216968 0.007366
6.688963 1.217870 0.007333
6.684492 1.218767 0.007299
6.680027 1.219659 0.007266
6.675567 1.220547 0.007234
6.671114 1.221431 0.007202
6.666667 1.222309 0.007169
6.662225 1.223183 0.007138
6.657790 1.224052 0.007106
6.653360 1.224917 0.007075
6.648936 1.225778 0.007043
6.644518 1.226634 0.007013
6.640106 1.227486 0.006982
6.635700 1.228333 0.006951
6.631300 1.229175 0.006921
6.626905 1.230014 0.006891
6.622517 1.230849 0.006862
6.618134 1.231680 0.006832
6.613757 1.232505 0.006803
6.609385 1.233327 0.006774
6.605020 1.234145 0.006745
6.600660 1.234959 0.006716
6.596306 1.235768 0.006688
6.591958 1.236574 0.006659
6.587615 1.237376 0.006631
6.583278 1.238174 0.006603
6.578947 1.238968 0.006576
6.574622 1.239757 0.006548
6.570302 1.240544 0.006521
6.565988 1.241326 0.006494
6.561680 1.242104 0.006467
6.557377 1.242879 0.006440
6.553080 1.243650 0.006414
6.548788 1.244416 0.006387
6.544503 1.245180 0.006361
6.540222 1.245940 0.006335
6.535948 1.246696 0.006309
6.531679 1.247448 0.006284
6.527415 1.248197 0.006258
6.523157 1.248942 0.006233
6.518905 1.249684 0.006208
6.514658 1.250422 0.006183
6.510417 1.251157 0.006158
6.506181 1.251888 0.006134
6.501951 1.252616 0.006110
6.497726 1.253340 0.006085
6.493506 1.254061 0.006061
6.489293 1.254779 0.006037
6.485084 1.255493 0.006013
6.480881 1.256204 0.005990
6.476684 1.256912 0.005966
6.472492 1.257616 0.005943
6.468305 1.258317 0.005920
6.464124 1.259016 0.005897
6.459948 1.259710 0.005874
6.455778 1.260401 0.005851
6.451613 1.261090 0.005829
6.447453 1.261775 0.005806
6.443299 1.262457 0.005784
6.439150 1.263136 0.005762
6.435006 1.263812 0.005740
6.430868 1.264485 0.005718
6.426735 1.265155 0.005697
6.422608 1.265822 0.005675
6.418485 1.266486 0.005654
6.414368 1.267146 0.005632
6.410256 1.267804 0.005611
6.406150 1.268459 0.005590
6.402049 1.269112 0.005570
6.397953 1.269760 0.005549
6.393862 1.270407 0.005528
6.389776 1.271050 0.005508
6.385696 1.271691 0.005488
6.381621 1.272328 0.005467
6.377551 1.272964 0.005447
6.373486 1.273596 0.005428
6.369427 1.274226 0.005407
6.365372 1.274852 0.005388
6.361323 1.275476 0.005368
6.357279 1.276097 0.005349
6.353240 1.276716 0.005330
6.349206 1.277332 0.005310
6.345178 1.277945 0.005291
6.341154 1.278556 0.005272
6.337136 1.279164 0.005253
6.333122 1.279769 0.005234
6.329114 1.280372 0.005216
6.325111 1.280972 0.005197
6.321113 1.281570 0.005179
6.317119 1.282166 0.005161
6.313131 1.282758 0.005142
6.309148 1.283348 0.005124
6.305170 1.283936 0.005106
6.301197 1.284521 0.005089
6.297229 1.285104 0.005071
6.293266 1.285685 0.005053
6.289308 1.286262 0.005036
6.285355 1.286838 0.005018
6.281407 1.287411 0.005001
6.277464 1.287982 0.004984
6.273526 1.288550 0.004967
6.269592 1.289116 0.004950
6.265664 1.289680 0.004932
6.261741 1.290241 0.004916
6.257822 1.290800 0.004899
6.253909 1.291357 0.004882
6.250000 1.291911 0.004866
