1.000000E+04 2.034029E+00 1.850360E-05
2.542288E+03 2.034052E+00 7.279339E-05
1.456255E+03 2.034102E+00 1.271194E-04
1.020367E+03 2.034179E+00 1.815087E-04
7.853078E+02 2.034284E+00 2.359885E-04
6.382713E+02 2.034416E+00 2.905859E-04
5.376119E+02 2.034575E+00 3.453284E-04
4.643765E+02 2.034762E+00 4.002437E-04
4.087019E+02 2.034977E+00 4.553594E-04
3.649479E+02 2.035219E+00 5.107038E-04
3.296561E+02 2.035489E+00 5.663050E-04
3.005883E+02 2.035787E+00 6.221920E-04
2.762311E+02 2.036113E+00 6.783936E-04
2.555255E+02 2.036467E+00 7.349394E-04
2.377076E+02 2.036849E+00 7.918593E-04
2.222125E+02 2.037261E+00 8.491837E-04
2.086140E+02 2.037700E+00 9.069436E-04
1.965838E+02 2.038169E+00 9.651705E-04
1.858655E+02 2.038668E+00 1.023896E-03
1.762555E+02 2.039195E+00 1.083154E-03
1.675904E+02 2.039753E+00 1.142978E-03
1.597374E+02 2.040340E+00 1.203401E-03
1.525874E+02 2.040958E+00 1.264459E-03
1.460501E+02 2.041606E+00 1.326188E-03
1.400499E+02 2.042285E+00 1.388624E-03
1.345233E+02 2.042996E+00 1.451806E-03
1.294162E+02 2.043738E+00 1.515773E-03
1.246828E+02 2.044513E+00 1.580565E-03
1.202834E+02 2.045319E+00 1.646223E-03
1.161839E+02 2.046159E+00 1.712789E-03
1.123546E+02 2.047032E+00 1.780307E-03
1.087697E+02 2.047939E+00 1.848823E-03
1.054065E+02 2.048880E+00 1.918384E-03
1.022450E+02 2.049856E+00 1.989037E-03
9.926760E+01 2.050868E+00 2.060833E-03
9.645880E+01 2.051915E+00 2.133823E-03
9.380449E+01 2.052999E+00 2.208061E-03
9.129235E+01 2.054120E+00 2.283604E-03
8.891133E+01 2.055278E+00 2.360507E-03
8.665128E+01 2.056475E+00 2.438833E-03
8.450328E+01 2.057712E+00 2.518641E-03
8.245927E+01 2.058988E+00 2.599999E-03
8.051173E+01 2.060304E+00 2.682972E-03
7.865413E+01 2.061663E+00 2.767631E-03
7.688026E+01 2.063063E+00 2.854049E-03
7.518463E+01 2.064507E+00 2.942302E-03
7.356224E+01 2.065994E+00 3.032470E-03
7.200834E+01 2.067527E+00 3.124635E-03
7.051873E+01 2.069105E+00 3.218885E-03
6.908954E+01 2.070731E+00 3.315310E-03
6.771709E+01 2.072405E+00 3.414005E-03
6.639811E+01 2.074127E+00 3.515068E-03
6.512957E+01 2.075901E+00 3.618604E-03
6.390854E+01 2.077726E+00 3.724721E-03
6.273250E+01 2.079604E+00 3.833533E-03
6.159892E+01 2.081536E+00 3.945161E-03
6.050558E+01 2.083523E+00 4.059730E-03
5.945042E+01 2.085568E+00 4.177371E-03
5.843139E+01 2.087672E+00 4.298224E-03
5.744670E+01 2.089836E+00 4.422434E-03
5.649469E+01 2.092062E+00 4.550155E-03
5.557368E+01 2.094351E+00 4.681549E-03
5.468222E+01 2.096706E+00 4.816786E-03
5.381894E+01 2.099129E+00 4.956046E-03
5.298246E+01 2.101621E+00 5.099519E-03
5.217162E+01 2.104185E+00 5.247405E-03
5.138519E+01 2.106823E+00 5.399916E-03
5.062212E+01 2.109537E+00 5.557275E-03
4.988141E+01 2.112330E+00 5.719721E-03
4.916203E+01 2.115204E+00 5.887504E-03
4.846311E+01 2.118162E+00 6.060889E-03
4.778381E+01 2.121207E+00 6.240159E-03
4.712327E+01 2.124342E+00 6.425614E-03
4.648073E+01 2.127569E+00 6.617572E-03
4.585551E+01 2.130894E+00 6.816370E-03
4.524686E+01 2.134318E+00 7.022370E-03
4.465418E+01 2.137846E+00 7.235953E-03
4.407680E+01 2.141481E+00 7.457529E-03
4.351417E+01 2.145228E+00 7.687533E-03
4.296574E+01 2.149091E+00 7.926431E-03
4.243094E+01 2.153075E+00 8.174718E-03
4.190929E+01 2.157184E+00 8.432928E-03
4.140032E+01 2.161424E+00 8.701629E-03
4.090356E+01 2.165801E+00 8.981432E-03
4.041857E+01 2.170320E+00 9.272990E-03
3.994497E+01 2.174987E+00 9.577007E-03
3.948232E+01 2.179809E+00 9.894238E-03
3.903027E+01 2.184793E+00 1.022550E-02
3.858846E+01 2.189946E+00 1.057166E-02
3.815654E+01 2.195278E+00 1.093366E-02
3.773418E+01 2.200795E+00 1.131254E-02
3.732106E+01 2.206507E+00 1.170939E-02
3.691689E+01 2.212425E+00 1.212540E-02
3.652140E+01 2.218557E+00 1.256187E-02
3.613427E+01 2.224917E+00 1.302020E-02
3.575526E+01 2.231515E+00 1.350192E-02
3.538414E+01 2.238364E+00 1.400869E-02
3.502063E+01 2.245480E+00 1.454233E-02
3.466451E+01 2.252875E+00 1.510480E-02
3.431557E+01 2.260568E+00 1.569828E-02
3.397358E+01 2.268575E+00 1.632512E-02
3.363834E+01 2.276916E+00 1.698792E-02
3.330965E+01 2.285611E+00 1.768954E-02
3.298732E+01 2.294682E+00 1.843311E-02
3.267118E+01 2.304155E+00 1.922210E-02
3.236102E+01 2.314055E+00 2.006033E-02
3.205671E+01 2.324413E+00 2.095203E-02
3.175807E+01 2.335260E+00 2.190191E-02
3.146494E+01 2.346631E+00 2.291519E-02
3.117716E+01 2.358566E+00 2.399768E-02
3.089462E+01 2.371106E+00 2.515588E-02
3.061713E+01 2.384301E+00 2.639706E-02
3.034460E+01 2.398202E+00 2.772937E-02
3.007687E+01 2.412868E+00 2.916201E-02
2.981382E+01 2.428364E+00 3.070530E-02
2.955534E+01 2.444766E+00 3.237095E-02
2.930130E+01 2.462155E+00 3.417223E-02
2.905158E+01 2.480625E+00 3.612421E-02
2.880610E+01 2.500283E+00 3.824409E-02
2.856472E+01 2.521251E+00 4.055152E-02
2.832735E+01 2.543668E+00 4.306905E-02
2.809390E+01 2.567696E+00 4.582259E-02
2.786427E+01 2.593521E+00 4.884202E-02
2.763836E+01 2.621364E+00 5.216190E-02
2.741608E+01 2.651481E+00 5.582224E-02
2.719734E+01 2.684183E+00 5.986954E-02
2.698208E+01 2.719838E+00 6.435788E-02
2.677019E+01 2.758899E+00 6.935035E-02
2.656160E+01 2.801926E+00 7.492082E-02
2.635624E+01 2.849624E+00 8.115631E-02
2.615403E+01 2.902898E+00 8.816119E-02
2.595489E+01 2.962950E+00 9.606546E-02
2.575878E+01 3.031419E+00 1.050452E-01
2.556559E+01 3.110631E+00 1.153771E-01
2.537529E+01 3.204040E+00 1.275918E-01
2.518780E+01 3.316986E+00 1.429129E-01
2.500306E+01 3.457949E+00 1.645049E-01
2.482101E+01 3.640031E+00 2.008351E-01
2.464159E+01 3.880292E+00 2.734369E-01
2.446474E+01 4.188755E+00 4.287429E-01
2.429042E+01 4.537729E+00 7.378967E-01
2.411856E+01 4.833770E+00 1.255778E+00
2.394912E+01 4.943763E+00 1.962268E+00
2.378204E+01 4.759919E+00 2.747407E+00
2.361728E+01 4.257659E+00 3.442888E+00
2.345478E+01 3.522821E+00 3.890324E+00
2.329451E+01 2.720442E+00 4.015056E+00
2.313641E+01 2.019000E+00 3.856160E+00
2.298044E+01 1.518792E+00 3.536204E+00
2.282656E+01 1.218286E+00 3.194211E+00
2.267473E+01 1.041114E+00 2.908747E+00
2.252491E+01 9.150986E-01 2.682043E+00
2.237705E+01 8.091712E-01 2.490035E+00
2.223111E+01 7.167945E-01 2.315859E+00
2.208708E+01 6.376768E-01 2.152415E+00
2.194489E+01 5.714716E-01 1.997319E+00
2.180453E+01 5.170429E-01 1.849669E+00
2.166595E+01 4.729112E-01 1.708802E+00
2.152911E+01 4.376451E-01 1.573954E+00
2.139400E+01 4.100611E-01 1.444231E+00
2.126057E+01 3.893075E-01 1.318631E+00
2.112880E+01 3.749097E-01 1.196085E+00
2.099865E+01 3.668310E-01 1.075474E+00
2.087009E+01 3.655955E-01 9.556772E-01
2.074310E+01 3.725193E-01 8.357038E-01
2.061764E+01 3.900702E-01 7.151213E-01
2.049369E+01 4.220905E-01 5.952191E-01
2.037122E+01 4.725224E-01 4.811518E-01
2.025022E+01 5.406467E-01 3.822214E-01
2.013063E+01 6.179333E-01 3.051888E-01
2.001246E+01 6.945723E-01 2.487144E-01
1.989566E+01 7.654982E-01 2.074392E-01
1.978021E+01 8.294662E-01 1.765449E-01
1.966610E+01 8.868106E-01 1.527380E-01
1.955330E+01 9.383047E-01 1.338987E-01
1.944178E+01 9.847514E-01 1.186518E-01
1.933153E+01 1.026865E+00 1.060803E-01
1.922252E+01 1.065251E+00 9.555302E-02
1.911474E+01 1.100413E+00 8.662233E-02
1.900815E+01 1.132770E+00 7.896217E-02
1.890275E+01 1.162673E+00 7.232939E-02
1.879852E+01 1.190414E+00 6.653891E-02
1.869542E+01 1.216242E+00 6.144731E-02
1.859345E+01 1.240369E+00 5.694169E-02
1.849258E+01 1.262974E+00 5.293196E-02
1.839281E+01 1.284215E+00 4.934535E-02
1.829410E+01 1.304225E+00 4.612243E-02
1.819645E+01 1.323124E+00 4.321420E-02
1.809984E+01 1.341014E+00 4.057991E-02
1.800424E+01 1.357987E+00 3.818538E-02
1.790965E+01 1.374122E+00 3.600175E-02
1.781605E+01 1.389492E+00 3.400451E-02
1.772343E+01 1.404161E+00 3.217269E-02
1.763176E+01 1.418186E+00 3.048826E-02
1.754103E+01 1.431618E+00 2.893564E-02
1.745123E+01 1.444504E+00 2.750129E-02
1.736235E+01 1.456886E+00 2.617342E-02
1.727437E+01 1.468802E+00 2.494170E-02
1.718727E+01 1.480287E+00 2.379705E-02
1.710105E+01 1.491374E+00 2.273146E-02
1.701569E+01 1.502090E+00 2.173783E-02
1.693118E+01 1.512464E+00 2.080986E-02
1.684750E+01 1.522520E+00 1.994196E-02
1.676465E+01 1.532280E+00 1.912910E-02
1.668261E+01 1.541766E+00 1.836682E-02
1.660137E+01 1.550998E+00 1.765107E-02
1.652091E+01 1.559995E+00 1.697825E-02
1.644123E+01 1.568772E+00 1.634509E-02
1.636231E+01 1.577348E+00 1.574863E-02
1.628415E+01 1.585737E+00 1.518621E-02
1.620674E+01 1.593953E+00 1.465541E-02
1.613005E+01 1.602010E+00 1.415402E-02
1.605409E+01 1.609922E+00 1.368005E-02
1.597884E+01 1.617700E+00 1.323168E-02
1.590429E+01 1.625358E+00 1.280724E-02
1.583043E+01 1.632906E+00 1.240521E-02
1.575726E+01 1.640355E+00 1.202422E-02
1.568476E+01 1.647717E+00 1.166299E-02
1.561292E+01 1.655003E+00 1.132038E-02
1.554174E+01 1.662223E+00 1.099533E-02
1.547121E+01 1.669387E+00 1.068687E-02
1.540131E+01 1.676506E+00 1.039414E-02
1.533204E+01 1.683591E+00 1.011635E-02
1.526339E+01 1.690652E+00 9.852790E-03
1.519535E+01 1.697700E+00 9.602827E-03
1.512792E+01 1.704746E+00 9.365910E-03
1.506108E+01 1.711803E+00 9.141571E-03
1.499484E+01 1.718881E+00 8.929424E-03
1.492917E+01 1.725993E+00 8.729182E-03
1.486407E+01 1.733154E+00 8.540663E-03
1.479954E+01 1.740377E+00 8.363812E-03
1.473557E+01 1.747678E+00 8.198724E-03
1.467215E+01 1.755073E+00 8.045684E-03
1.460927E+01 1.762580E+00 7.905212E-03
1.454693E+01 1.770220E+00 7.778129E-03
1.448511E+01 1.778015E+00 7.665650E-03
1.442382E+01 1.785989E+00 7.569506E-03
1.436305E+01 1.794172E+00 7.492104E-03
1.430279E+01 1.802593E+00 7.436757E-03
1.424303E+01 1.811290E+00 7.407977E-03
1.418377E+01 1.820303E+00 7.411882E-03
1.412500E+01 1.829681E+00 7.456732E-03
1.406671E+01 1.839479E+00 7.553649E-03
1.400890E+01 1.849761E+00 7.717571E-03
1.395157E+01 1.860603E+00 7.968505E-03
1.389471E+01 1.872093E+00 8.333185E-03
1.383830E+01 1.884339E+00 8.847243E-03
1.378235E+01 1.897465E+00 9.558084E-03
1.372685E+01 1.911624E+00 1.052880E-02
1.367180E+01 1.927003E+00 1.184372E-02
1.361719E+01 1.943833E+00 1.361703E-02
1.356301E+01 1.962408E+00 1.600725E-02
1.350926E+01 1.983114E+00 1.924407E-02
1.345594E+01 2.006460E+00 2.368018E-02
1.340303E+01 2.033123E+00 2.989239E-02
1.335054E+01 2.063964E+00 3.887009E-02
1.329846E+01 2.099934E+00 5.232990E-02
1.324678E+01 2.141702E+00 7.312973E-02
1.319551E+01 2.188775E+00 1.055376E-01
1.314463E+01 2.238153E+00 1.547818E-01
1.309414E+01 2.283267E+00 2.253648E-01
1.304403E+01 2.314364E+00 3.186186E-01
1.299431E+01 2.320508E+00 4.309153E-01
1.294497E+01 2.292199E+00 5.532669E-01
1.289600E+01 2.223951E+00 6.720971E-01
1.284740E+01 2.116536E+00 7.712488E-01
1.279916E+01 1.978103E+00 8.351591E-01
1.275128E+01 1.823621E+00 8.523753E-01
1.270376E+01 1.672777E+00 8.186512E-01
1.265660E+01 1.546501E+00 7.392277E-01
1.260978E+01 1.461886E+00 6.298080E-01
1.256331E+01 1.425177E+00 5.141131E-01
1.251718E+01 1.427090E+00 4.143726E-01
1.247138E+01 1.449100E+00 3.401908E-01
1.242592E+01 1.475744E+00 2.884370E-01
1.238080E+01 1.499649E+00 2.513333E-01
1.233599E+01 1.519290E+00 2.222423E-01
1.229151E+01 1.535646E+00 1.971048E-01
1.224735E+01 1.550238E+00 1.739283E-01
1.220351E+01 1.564351E+00 1.519784E-01
1.215998E+01 1.578830E+00 1.311739E-01
1.211676E+01 1.594114E+00 1.117141E-01
1.207384E+01 1.610323E+00 9.386771E-02
1.203123E+01 1.627361E+00 7.786255E-02
1.198892E+01 1.645003E+00 6.383489E-02
1.194690E+01 1.662968E+00 5.181566E-02
1.190518E+01 1.680969E+00 4.173832E-02
1.186375E+01 1.698753E+00 3.345905E-02
1.182260E+01 1.716120E+00 2.678232E-02
1.178174E+01 1.732928E+00 2.148653E-02
1.174116E+01 1.749097E+00 1.734613E-02
1.170086E+01 1.764597E+00 1.414799E-02
1.166084E+01 1.779438E+00 1.170179E-02
1.162108E+01 1.793656E+00 9.844891E-03
1.158160E+01 1.807306E+00 8.443067E-03
1.154239E+01 1.820453E+00 7.388621E-03
1.150344E+01 1.833164E+00 6.597027E-03
1.146475E+01 1.845505E+00 6.003099E-03
1.142632E+01 1.857539E+00 5.557247E-03
1.138815E+01 1.869325E+00 5.222140E-03
1.135023E+01 1.880918E+00 4.969891E-03
1.131257E+01 1.892365E+00 4.779792E-03
1.127515E+01 1.903713E+00 4.636527E-03
1.123798E+01 1.915001E+00 4.528802E-03
1.120106E+01 1.926268E+00 4.448307E-03
1.116437E+01 1.937547E+00 4.388936E-03
1.112793E+01 1.948871E+00 4.346209E-03
1.109172E+01 1.960270E+00 4.316849E-03
1.105575E+01 1.971773E+00 4.298470E-03
1.102001E+01 1.983409E+00 4.289347E-03
1.098450E+01 1.995204E+00 4.288250E-03
1.094922E+01 2.007187E+00 4.294328E-03
1.091416E+01 2.019383E+00 4.307024E-03
1.087933E+01 2.031821E+00 4.326015E-03
1.084472E+01 2.044530E+00 4.351176E-03
1.081033E+01 2.057538E+00 4.382560E-03
1.077616E+01 2.070875E+00 4.420386E-03
1.074220E+01 2.084575E+00 4.465048E-03
1.070846E+01 2.098670E+00 4.517129E-03
1.067492E+01 2.113198E+00 4.577435E-03
1.064160E+01 2.128198E+00 4.647038E-03
1.060848E+01 2.143710E+00 4.727342E-03
1.057557E+01 2.159782E+00 4.820174E-03
1.054286E+01 2.176463E+00 4.927900E-03
1.051036E+01 2.193807E+00 5.053590E-03
1.047805E+01 2.211877E+00 5.201231E-03
1.044595E+01 2.230737E+00 5.376012E-03
1.041403E+01 2.250465E+00 5.584714E-03
1.038232E+01 2.271142E+00 5.836220E-03
1.035079E+01 2.292862E+00 6.142209E-03
1.031946E+01 2.315733E+00 6.518082E-03
1.028831E+01 2.339873E+00 6.984210E-03
1.025736E+01 2.365419E+00 7.567608E-03
1.022659E+01 2.392524E+00 8.304175E-03
1.019600E+01 2.421366E+00 9.241692E-03
1.016559E+01 2.452147E+00 1.044380E-02
1.013537E+01 2.485094E+00 1.199523E-02
1.010532E+01 2.520470E+00 1.400863E-02
1.007546E+01 2.558570E+00 1.663330E-02
1.004577E+01 2.599725E+00 2.006603E-02
1.001625E+01 2.644303E+00 2.456432E-02
9.986907E+00 2.692706E+00 3.046152E-02
9.957729E+00 2.745365E+00 3.818314E-02
9.928732E+00 2.802728E+00 4.826272E-02
9.899892E+00 2.865247E+00 6.135464E-02
9.871230E+00 2.933366E+00 7.824126E-02
9.842733E+00 3.007516E+00 9.983309E-02
9.814390E+00 3.088128E+00 1.271667E-01
9.786220E+00 3.175684E+00 1.614173E-01
9.758202E+00 3.270818E+00 2.039665E-01
9.730352E+00 3.374450E+00 2.565989E-01
9.702653E+00 3.487872E+00 3.219305E-01
9.675119E+00 3.612556E+00 4.041509E-01
9.647732E+00 3.749264E+00 5.099573E-01
9.620509E+00 3.896050E+00 6.490398E-01
9.593430E+00 4.045438E+00 8.328911E-01
9.566513E+00 4.182502E+00 1.071135E+00
9.539736E+00 4.286011E+00 1.366699E+00
9.513119E+00 4.332532E+00 1.712641E+00
9.486640E+00 4.301340E+00 2.091698E+00
9.460317E+00 4.178934E+00 2.477854E+00
9.434140E+00 3.962916E+00 2.839853E+00
9.408099E+00 3.663948E+00 3.146724E+00
9.382210E+00 3.304585E+00 3.373841E+00
9.356454E+00 2.915244E+00 3.507684E+00
9.330848E+00 2.528335E+00 3.548071E+00
9.305373E+00 2.172192E+00 3.507166E+00
9.280045E+00 1.866592E+00 3.405986E+00
9.254846E+00 1.620237E+00 3.269728E+00
9.229792E+00 1.430308E+00 3.122165E+00
9.204865E+00 1.285409E+00 2.980131E+00
9.180081E+00 1.171460E+00 2.851180E+00
9.155422E+00 1.076916E+00 2.735645E+00
9.130902E+00 9.946674E-01 2.630565E+00
9.106514E+00 9.213018E-01 2.532654E+00
9.082248E+00 8.555752E-01 2.439592E+00
9.058119E+00 7.971592E-01 2.350208E+00
9.034109E+00 7.458919E-01 2.264207E+00
9.010235E+00 7.014242E-01 2.181791E+00
8.986478E+00 6.631207E-01 2.103338E+00
8.962854E+00 6.301039E-01 2.029159E+00
8.939347E+00 6.013691E-01 1.959369E+00
8.915970E+00 5.759119E-01 1.893841E+00
8.892707E+00 5.528349E-01 1.832237E+00
8.869573E+00 5.314146E-01 1.774064E+00
8.846551E+00 5.111276E-01 1.718750E+00
8.823657E+00 4.916443E-01 1.665713E+00
8.800880E+00 4.728029E-01 1.614407E+00
8.778213E+00 4.545736E-01 1.564357E+00
8.755670E+00 4.370224E-01 1.515175E+00
8.733235E+00 4.202779E-01 1.466565E+00
8.710923E+00 4.045045E-01 1.418319E+00
8.688716E+00 3.898796E-01 1.370313E+00
8.666630E+00 3.765773E-01 1.322493E+00
8.644649E+00 3.647549E-01 1.274868E+00
8.622786E+00 3.545439E-01 1.227497E+00
8.601026E+00 3.460423E-01 1.180477E+00
8.579383E+00 3.393105E-01 1.133935E+00
8.557841E+00 3.343690E-01 1.088014E+00
8.536415E+00 3.311981E-01 1.042862E+00
8.515088E+00 3.297398E-01 9.986248E-01
8.493875E+00 3.299017E-01 9.554344E-01
8.472767E+00 3.315624E-01 9.134024E-01
8.451757E+00 3.345781E-01 8.726142E-01
8.430857E+00 3.387903E-01 8.331242E-01
8.410054E+00 3.440340E-01 7.949537E-01
8.389360E+00 3.501464E-01 7.580908E-01
8.368761E+00 3.569749E-01 7.224916E-01
8.348270E+00 3.643843E-01 6.880843E-01
8.327872E+00 3.722640E-01 6.547734E-01
8.307580E+00 3.805324E-01 6.224471E-01
8.287380E+00 3.891408E-01 5.909845E-01
8.267285E+00 3.980749E-01 5.602640E-01
8.247280E+00 4.073546E-01 5.301720E-01
8.227378E+00 4.170318E-01 5.006118E-01
8.207573E+00 4.271857E-01 4.715123E-01
8.187856E+00 4.379156E-01 4.428355E-01
8.168240E+00 4.493314E-01 4.145831E-01
8.148711E+00 4.615410E-01 3.867993E-01
8.129282E+00 4.746363E-01 3.595702E-01
8.109938E+00 4.886795E-01 3.330179E-01
8.090693E+00 5.036916E-01 3.072881E-01
8.071533E+00 5.196459E-01 2.825354E-01
8.052470E+00 5.364690E-01 2.589049E-01
8.033490E+00 5.540482E-01 2.365181E-01
8.014606E+00 5.722438E-01 2.154626E-01
7.995804E+00 5.909031E-01 1.957882E-01
7.977096E+00 6.098729E-01 1.775089E-01
7.958470E+00 6.290089E-01 1.606082E-01
7.939936E+00 6.481818E-01 1.450460E-01
7.921489E+00 6.672796E-01 1.307659E-01
7.903120E+00 6.862082E-01 1.177012E-01
7.884843E+00 7.048901E-01 1.057794E-01
7.866645E+00 7.232626E-01 9.492618E-02
7.848536E+00 7.412758E-01 8.506720E-02
7.830504E+00 7.588910E-01 7.613005E-02
7.812561E+00 7.760782E-01 6.804493E-02
7.794694E+00 7.928154E-01 6.074526E-02
7.776915E+00 8.090867E-01 5.416784E-02
7.759210E+00 8.248819E-01 4.825298E-02
7.741592E+00 8.401952E-01 4.294448E-02
7.724048E+00 8.550246E-01 3.818956E-02
7.706589E+00 8.693716E-01 3.393879E-02
7.689208E+00 8.832402E-01 3.014596E-02
7.671900E+00 8.966372E-01 2.676805E-02
7.654676E+00 9.095712E-01 2.376509E-02
7.637523E+00 9.220523E-01 2.110006E-02
7.620453E+00 9.340924E-01 1.873881E-02
7.603453E+00 9.457041E-01 1.664994E-02
7.586534E+00 9.569012E-01 1.480466E-02
7.569685E+00 9.676979E-01 1.317672E-02
7.552916E+00 9.781089E-01 1.174221E-02
7.536215E+00 9.881492E-01 1.047950E-02
7.519594E+00 9.978337E-01 9.369040E-03
7.503041E+00 1.007177E+00 8.393228E-03
7.486565E+00 1.016195E+00 7.536290E-03
7.470162E+00 1.024901E+00 6.784114E-03
7.453825E+00 1.033310E+00 6.124121E-03
7.437565E+00 1.041435E+00 5.545124E-03
7.421371E+00 1.049289E+00 5.037204E-03
7.405252E+00 1.056885E+00 4.591583E-03
7.389197E+00 1.064236E+00 4.200513E-03
7.373218E+00 1.071353E+00 3.857166E-03
7.357301E+00 1.078247E+00 3.555536E-03
7.341459E+00 1.084929E+00 3.290351E-03
7.325680E+00 1.091408E+00 3.056987E-03
7.309974E+00 1.097694E+00 2.851397E-03
7.294329E+00 1.103797E+00 2.670038E-03
7.278757E+00 1.109724E+00 2.509817E-03
7.263245E+00 1.115483E+00 2.368033E-03
7.247805E+00 1.121083E+00 2.242330E-03
7.232431E+00 1.126529E+00 2.130654E-03
7.217116E+00 1.131830E+00 2.031215E-03
7.201871E+00 1.136991E+00 1.942454E-03
7.186686E+00 1.142019E+00 1.863016E-03
7.171569E+00 1.146918E+00 1.791720E-03
7.156511E+00 1.151695E+00 1.727537E-03
7.141521E+00 1.156353E+00 1.669574E-03
7.126588E+00 1.160899E+00 1.617054E-03
7.111723E+00 1.165337E+00 1.569300E-03
7.096915E+00 1.169670E+00 1.525724E-03
7.082173E+00 1.173903E+00 1.485813E-03
7.067487E+00 1.178040E+00 1.449122E-03
7.052868E+00 1.182084E+00 1.415263E-03
7.038308E+00 1.186038E+00 1.383898E-03
7.023804E+00 1.189907E+00 1.354735E-03
7.009364E+00 1.193692E+00 1.327515E-03
6.994978E+00 1.197397E+00 1.302017E-03
6.980657E+00 1.201024E+00 1.278045E-03
6.966389E+00 1.204577E+00 1.255430E-03
6.952184E+00 1.208058E+00 1.234024E-03
6.938032E+00 1.211468E+00 1.213698E-03
6.923942E+00 1.214811E+00 1.194338E-03
6.909905E+00 1.218089E+00 1.175846E-03
6.895929E+00 1.221303E+00 1.158136E-03
6.882005E+00 1.224455E+00 1.141132E-03
6.868141E+00 1.227548E+00 1.124767E-03
6.854329E+00 1.230584E+00 1.108984E-03
6.840577E+00 1.233563E+00 1.093732E-03
6.826880E+00 1.236488E+00 1.078965E-03
6.813233E+00 1.239360E+00 1.064644E-03
6.799645E+00 1.242181E+00 1.050735E-03
6.786107E+00 1.244952E+00 1.037207E-03
6.772627E+00 1.247675E+00 1.024032E-03
6.759196E+00 1.250351E+00 1.011187E-03
6.745822E+00 1.252981E+00 9.986508E-04
6.732497E+00 1.255566E+00 9.864040E-04
6.719229E+00 1.258108E+00 9.744299E-04
6.706009E+00 1.260608E+00 9.627135E-04
6.692845E+00 1.263066E+00 9.512415E-04
6.679728E+00 1.265485E+00 9.400018E-04
6.666667E+00 1.267864E+00 9.289835E-04
