1.000000E+04 2.025045E+00 2.032773E-05
2.542288E+03 2.025068E+00 7.996960E-05
1.456255E+03 2.025118E+00 1.396515E-04
1.020367E+03 2.025194E+00 1.994033E-04
7.853078E+02 2.025298E+00 2.592549E-04
6.382713E+02 2.025429E+00 3.192365E-04
5.376119E+02 2.025586E+00 3.793784E-04
4.643765E+02 2.025771E+00 4.397111E-04
4.087019E+02 2.025984E+00 5.002651E-04
3.649479E+02 2.026223E+00 5.610717E-04
3.296561E+02 2.026490E+00 6.221620E-04
3.005883E+02 2.026785E+00 6.835678E-04
2.762311E+02 2.027108E+00 7.453212E-04
2.555255E+02 2.027458E+00 8.074547E-04
2.377076E+02 2.027837E+00 8.700015E-04
2.222125E+02 2.028244E+00 9.329951E-04
2.086140E+02 2.028679E+00 9.964697E-04
1.965838E+02 2.029143E+00 1.060460E-03
1.858655E+02 2.029636E+00 1.125002E-03
1.762555E+02 2.030158E+00 1.190131E-03
1.675904E+02 2.030710E+00 1.255885E-03
1.597374E+02 2.031291E+00 1.322302E-03
1.525874E+02 2.031903E+00 1.389420E-03
1.460501E+02 2.032544E+00 1.457279E-03
1.400499E+02 2.033217E+00 1.525920E-03
1.345233E+02 2.033920E+00 1.595386E-03
1.294162E+02 2.034654E+00 1.665718E-03
1.246828E+02 2.035421E+00 1.736961E-03
1.202834E+02 2.036219E+00 1.809161E-03
1.161839E+02 2.037050E+00 1.882366E-03
1.123546E+02 2.037915E+00 1.956623E-03
1.087697E+02 2.038812E+00 2.031982E-03
1.054065E+02 2.039744E+00 2.108496E-03
1.022450E+02 2.040710E+00 2.186217E-03
9.926760E+01 2.041711E+00 2.265202E-03
9.645880E+01 2.042747E+00 2.345507E-03
9.380449E+01 2.043820E+00 2.427192E-03
9.129235E+01 2.044930E+00 2.510319E-03
8.891133E+01 2.046076E+00 2.594950E-03
8.665128E+01 2.047261E+00 2.681154E-03
8.450328E+01 2.048485E+00 2.768998E-03
8.245927E+01 2.049748E+00 2.858554E-03
8.051173E+01 2.051052E+00 2.949898E-03
7.865413E+01 2.052396E+00 3.043106E-03
7.688026E+01 2.053783E+00 3.138259E-03
7.518463E+01 2.055212E+00 3.235443E-03
7.356224E+01 2.056684E+00 3.334745E-03
7.200834E+01 2.058202E+00 3.436257E-03
7.051873E+01 2.059764E+00 3.540075E-03
6.908954E+01 2.061374E+00 3.646300E-03
6.771709E+01 2.063031E+00 3.755036E-03
6.639811E+01 2.064737E+00 3.866394E-03
6.512957E+01 2.066492E+00 3.980489E-03
6.390854E+01 2.068299E+00 4.097441E-03
6.273250E+01 2.070159E+00 4.217377E-03
6.159892E+01 2.072072E+00 4.340430E-03
6.050558E+01 2.074040E+00 4.466739E-03
5.945042E+01 2.076065E+00 4.596450E-03
5.843139E+01 2.078148E+00 4.729718E-03
5.744670E+01 2.080291E+00 4.866704E-03
5.649469E+01 2.082495E+00 5.007580E-03
5.557368E+01 2.084762E+00 5.152524E-03
5.468222E+01 2.087095E+00 5.301726E-03
5.381894E+01 2.089494E+00 5.455386E-03
5.298246E+01 2.091962E+00 5.613714E-03
5.217162E+01 2.094502E+00 5.776934E-03
5.138519E+01 2.097114E+00 5.945280E-03
5.062212E+01 2.099802E+00 6.119001E-03
4.988141E+01 2.102569E+00 6.298361E-03
4.916203E+01 2.105416E+00 6.483639E-03
4.846311E+01 2.108346E+00 6.675131E-03
4.778381E+01 2.111362E+00 6.873150E-03
4.712327E+01 2.114468E+00 7.078029E-03
4.648073E+01 2.117666E+00 7.290123E-03
4.585551E+01 2.120959E+00 7.509808E-03
4.524686E+01 2.124352E+00 7.737485E-03
4.465418E+01 2.127847E+00 7.973579E-03
4.407680E+01 2.131449E+00 8.218545E-03
4.351417E+01 2.135162E+00 8.472870E-03
4.296574E+01 2.138990E+00 8.737070E-03
4.243094E+01 2.142938E+00 9.011699E-03
4.190929E+01 2.147010E+00 9.297350E-03
4.140032E+01 2.151213E+00 9.594658E-03
4.090356E+01 2.155550E+00 9.904301E-03
4.041857E+01 2.160029E+00 1.022701E-02
3.994497E+01 2.164655E+00 1.056357E-02
3.948232E+01 2.169435E+00 1.091481E-02
3.903027E+01 2.174376E+00 1.128166E-02
3.858846E+01 2.179486E+00 1.166508E-02
3.815654E+01 2.184771E+00 1.206613E-02
3.773418E+01 2.190242E+00 1.248595E-02
3.732106E+01 2.195906E+00 1.292576E-02
3.691689E+01 2.201774E+00 1.338691E-02
3.652140E+01 2.207855E+00 1.387084E-02
3.613427E+01 2.214162E+00 1.437911E-02
3.575526E+01 2.220706E+00 1.491343E-02
3.538414E+01 2.227501E+00 1.547565E-02
3.502063E+01 2.234559E+00 1.606781E-02
3.466451E+01 2.241896E+00 1.669211E-02
3.431557E+01 2.249528E+00 1.735097E-02
3.397358E+01 2.257473E+00 1.804703E-02
3.363834E+01 2.265749E+00 1.878319E-02
3.330965E+01 2.274378E+00 1.956266E-02
3.298732E+01 2.283381E+00 2.038893E-02
3.267118E+01 2.292783E+00 2.126589E-02
3.236102E+01 2.302611E+00 2.219781E-02
3.205671E+01 2.312894E+00 2.318944E-02
3.175807E+01 2.323664E+00 2.424603E-02
3.146494E+01 2.334956E+00 2.537343E-02
3.117716E+01 2.346808E+00 2.657815E-02
3.089462E+01 2.359264E+00 2.786747E-02
3.061713E+01 2.372371E+00 2.924953E-02
3.034460E+01 2.386182E+00 3.073345E-02
3.007687E+01 2.400755E+00 3.232950E-02
2.981382E+01 2.416157E+00 3.404928E-02
2.955534E+01 2.432460E+00 3.590585E-02
2.930130E+01 2.449748E+00 3.791405E-02
2.905158E+01 2.468114E+00 4.009073E-02
2.880610E+01 2.487667E+00 4.245510E-02
2.856472E+01 2.508528E+00 4.502906E-02
2.832735E+01 2.530836E+00 4.783775E-02
2.809390E+01 2.554755E+00 5.091000E-02
2.786427E+01 2.580474E+00 5.427898E-02
2.763836E+01 2.608212E+00 5.798300E-02
2.741608E+01 2.638234E+00 6.206629E-02
2.719734E+01 2.670851E+00 6.658012E-02
2.698208E+01 2.706443E+00 7.158400E-02
2.677019E+01 2.745474E+00 7.714727E-02
2.656160E+01 2.788523E+00 8.335121E-02
2.635624E+01 2.836329E+00 9.029250E-02
2.615403E+01 2.889851E+00 9.808985E-02
2.595489E+01 2.950380E+00 1.068990E-01
2.575878E+01 3.019712E+00 1.169504E-01
2.556559E+01 3.100443E+00 1.286488E-01
2.537529E+01 3.196480E+00 1.428438E-01
2.518780E+01 3.313870E+00 1.615610E-01
2.500306E+01 3.461906E+00 1.899142E-01
2.482101E+01 3.653519E+00 2.406023E-01
2.464159E+01 3.900957E+00 3.419986E-01
2.446474E+01 4.199208E+00 5.442119E-01
2.429042E+01 4.499865E+00 9.040005E-01
2.411856E+01 4.707696E+00 1.441997E+00
2.394912E+01 4.718196E+00 2.111553E+00
2.378204E+01 4.464440E+00 2.803694E+00
2.361728E+01 3.953254E+00 3.379682E+00
2.345478E+01 3.273224E+00 3.725421E+00
2.329451E+01 2.561367E+00 3.799410E+00
2.313641E+01 1.945861E+00 3.644694E+00
2.298044E+01 1.498827E+00 3.360967E+00
2.282656E+01 1.216925E+00 3.055856E+00
2.267473E+01 1.042430E+00 2.792063E+00
2.252491E+01 9.183613E-01 2.575857E+00
2.237705E+01 8.167425E-01 2.390786E+00
2.223111E+01 7.294228E-01 2.223218E+00
2.208708E+01 6.547659E-01 2.066442E+00
2.194489E+01 5.920214E-01 1.917721E+00
2.180453E+01 5.401525E-01 1.775848E+00
2.166595E+01 4.979366E-01 1.640020E+00
2.152911E+01 4.642090E-01 1.509461E+00
2.139400E+01 4.380225E-01 1.383324E+00
2.126057E+01 4.187355E-01 1.260693E+00
2.112880E+01 4.060787E-01 1.140604E+00
2.099865E+01 4.002426E-01 1.022084E+00
2.087009E+01 4.020246E-01 9.042511E-01
2.074310E+01 4.130549E-01 7.865683E-01
2.061764E+01 4.359960E-01 6.694978E-01
2.049369E+01 4.741359E-01 5.558125E-01
2.037122E+01 5.290284E-01 4.517569E-01
2.025022E+01 5.968008E-01 3.646823E-01
2.013063E+01 6.691979E-01 2.973208E-01
2.001246E+01 7.393794E-01 2.468899E-01
1.989566E+01 8.042265E-01 2.089436E-01
1.978021E+01 8.630446E-01 1.797867E-01
1.966610E+01 9.161459E-01 1.568433E-01
1.955330E+01 9.641454E-01 1.383892E-01
1.944178E+01 1.007689E+00 1.232630E-01
1.933153E+01 1.047362E+00 1.106644E-01
1.922252E+01 1.083674E+00 1.000281E-01
1.911474E+01 1.117053E+00 9.094421E-02
1.900815E+01 1.147863E+00 8.310889E-02
1.890275E+01 1.176411E+00 7.629215E-02
1.879852E+01 1.202957E+00 7.031676E-02
1.869542E+01 1.227724E+00 6.504392E-02
1.859345E+01 1.250902E+00 6.036339E-02
1.849258E+01 1.272656E+00 5.618653E-02
1.839281E+01 1.293127E+00 5.244124E-02
1.829410E+01 1.312439E+00 4.906829E-02
1.819645E+01 1.330702E+00 4.601860E-02
1.809984E+01 1.348011E+00 4.325114E-02
1.800424E+01 1.364450E+00 4.073137E-02
1.790965E+01 1.380096E+00 3.843003E-02
1.781605E+01 1.395014E+00 3.632215E-02
1.772343E+01 1.409265E+00 3.438631E-02
1.763176E+01 1.422902E+00 3.260405E-02
1.754103E+01 1.435975E+00 3.095937E-02
1.745123E+01 1.448527E+00 2.943836E-02
1.736235E+01 1.460598E+00 2.802884E-02
1.727437E+01 1.472224E+00 2.672013E-02
1.718727E+01 1.483439E+00 2.550283E-02
1.710105E+01 1.494272E+00 2.436863E-02
1.701569E+01 1.504752E+00 2.331015E-02
1.693118E+01 1.514905E+00 2.232084E-02
1.684750E+01 1.524754E+00 2.139486E-02
1.676465E+01 1.534320E+00 2.052698E-02
1.668261E+01 1.543626E+00 1.971251E-02
1.660137E+01 1.552688E+00 1.894725E-02
1.652091E+01 1.561527E+00 1.822739E-02
1.644123E+01 1.570157E+00 1.754952E-02
1.636231E+01 1.578595E+00 1.691053E-02
1.628415E+01 1.586856E+00 1.630762E-02
1.620674E+01 1.594955E+00 1.573825E-02
1.613005E+01 1.602903E+00 1.520009E-02
1.605409E+01 1.610715E+00 1.469104E-02
1.597884E+01 1.618402E+00 1.420918E-02
1.590429E+01 1.625976E+00 1.375274E-02
1.583043E+01 1.633450E+00 1.332014E-02
1.575726E+01 1.640834E+00 1.290991E-02
1.568476E+01 1.648139E+00 1.252070E-02
1.561292E+01 1.655376E+00 1.215131E-02
1.554174E+01 1.662556E+00 1.180060E-02
1.547121E+01 1.669690E+00 1.146756E-02
1.540131E+01 1.676788E+00 1.115127E-02
1.533204E+01 1.683862E+00 1.085088E-02
1.526339E+01 1.690923E+00 1.056566E-02
1.519535E+01 1.697981E+00 1.029491E-02
1.512792E+01 1.705049E+00 1.003806E-02
1.506108E+01 1.712140E+00 9.794599E-03
1.499484E+01 1.719266E+00 9.564112E-03
1.492917E+01 1.726442E+00 9.346280E-03
1.486407E+01 1.733682E+00 9.140894E-03
1.479954E+01 1.741002E+00 8.947874E-03
1.473557E+01 1.748421E+00 8.767288E-03
1.467215E+01 1.755956E+00 8.599397E-03
1.460927E+01 1.763629E+00 8.444694E-03
1.454693E+01 1.771465E+00 8.303982E-03
1.448511E+01 1.779489E+00 8.178463E-03
1.442382E+01 1.787732E+00 8.069875E-03
1.436305E+01 1.796229E+00 7.980683E-03
1.430279E+01 1.805021E+00 7.914355E-03
1.424303E+01 1.814154E+00 7.875757E-03
1.418377E+01 1.823685E+00 7.871745E-03
1.412500E+01 1.833678E+00 7.912051E-03
1.406671E+01 1.844216E+00 8.010639E-03
1.400890E+01 1.855393E+00 8.187826E-03
1.395157E+01 1.867331E+00 8.473655E-03
1.389471E+01 1.880179E+00 8.913358E-03
1.383830E+01 1.894123E+00 9.576319E-03
1.378235E+01 1.909398E+00 1.057087E-02
1.372685E+01 1.926299E+00 1.206870E-02
1.367180E+01 1.945192E+00 1.434440E-02
1.361719E+01 1.966510E+00 1.783729E-02
1.356301E+01 1.990729E+00 2.324122E-02
1.350926E+01 2.018279E+00 3.161855E-02
1.345594E+01 2.049362E+00 4.450731E-02
1.340303E+01 2.083640E+00 6.394404E-02
1.335054E+01 2.119848E+00 9.228307E-02
1.329846E+01 2.155478E+00 1.317281E-01
1.324678E+01 2.186775E+00 1.836532E-01
1.319551E+01 2.209131E+00 2.479709E-01
1.314463E+01 2.217750E+00 3.227813E-01
1.309414E+01 2.208363E+00 4.043235E-01
1.304403E+01 2.177925E+00 4.871513E-01
1.299431E+01 2.125288E+00 5.645539E-01
1.294497E+01 2.051741E+00 6.292798E-01
1.289600E+01 1.961230E+00 6.744927E-01
1.284740E+01 1.860205E+00 6.947912E-01
1.279916E+01 1.757105E+00 6.871840E-01
1.275128E+01 1.661460E+00 6.519527E-01
1.270376E+01 1.582516E+00 5.932577E-01
1.265660E+01 1.527331E+00 5.191467E-01
1.260978E+01 1.498601E+00 4.403224E-01
1.256331E+01 1.493417E+00 3.672199E-01
1.251718E+01 1.504565E+00 3.066090E-01
1.247138E+01 1.523888E+00 2.602186E-01
1.242592E+01 1.545159E+00 2.260540E-01
1.238080E+01 1.564961E+00 2.006737E-01
1.233599E+01 1.582117E+00 1.808207E-01
1.229151E+01 1.596748E+00 1.640859E-01
1.224735E+01 1.609520E+00 1.489564E-01
1.220351E+01 1.621210E+00 1.346206E-01
1.215998E+01 1.632492E+00 1.207407E-01
1.211676E+01 1.643869E+00 1.072644E-01
1.207384E+01 1.655661E+00 9.429170E-02
1.203123E+01 1.668036E+00 8.198516E-02
1.198892E+01 1.681033E+00 7.051415E-02
1.194690E+01 1.694603E+00 6.002148E-02
1.190518E+01 1.708639E+00 5.060604E-02
1.186375E+01 1.722998E+00 4.231646E-02
1.182260E+01 1.737532E+00 3.515205E-02
1.178174E+01 1.752096E+00 2.906904E-02
1.174116E+01 1.766567E+00 2.398991E-02
1.170086E+01 1.780846E+00 1.981409E-02
1.166084E+01 1.794866E+00 1.642876E-02
1.162108E+01 1.808585E+00 1.371817E-02
1.158160E+01 1.821989E+00 1.157107E-02
1.154239E+01 1.835083E+00 9.885671E-03
1.150344E+01 1.847887E+00 8.572523E-03
1.146475E+01 1.860433E+00 7.555465E-03
1.142632E+01 1.872760E+00 6.771352E-03
1.138815E+01 1.884907E+00 6.168943E-03
1.135023E+01 1.896919E+00 5.707369E-03
1.131257E+01 1.908837E+00 5.354503E-03
1.127515E+01 1.920704E+00 5.085372E-03
1.123798E+01 1.932560E+00 4.880752E-03
1.120106E+01 1.944442E+00 4.725963E-03
1.116437E+01 1.956389E+00 4.609880E-03
1.112793E+01 1.968435E+00 4.524135E-03
1.109172E+01 1.980614E+00 4.462498E-03
1.105575E+01 1.992962E+00 4.420393E-03
1.102001E+01 2.005511E+00 4.394541E-03
1.098450E+01 2.018296E+00 4.382687E-03
1.094922E+01 2.031349E+00 4.383413E-03
1.091416E+01 2.044706E+00 4.396011E-03
1.087933E+01 2.058404E+00 4.420409E-03
1.084472E+01 2.072480E+00 4.457142E-03
1.081033E+01 2.086975E+00 4.507369E-03
1.077616E+01 2.101931E+00 4.572933E-03
1.074220E+01 2.117394E+00 4.656463E-03
1.070846E+01 2.133414E+00 4.761538E-03
1.067492E+01 2.150046E+00 4.892905E-03
1.064160E+01 2.167349E+00 5.056780E-03
1.060848E+01 2.185388E+00 5.261250E-03
1.057557E+01 2.204236E+00 5.516788E-03
1.054286E+01 2.223973E+00 5.836945E-03
1.051036E+01 2.244690E+00 6.239230E-03
1.047805E+01 2.266486E+00 6.746257E-03
1.044595E+01 2.289475E+00 7.387227E-03
1.041403E+01 2.313782E+00 8.199812E-03
1.038232E+01 2.339550E+00 9.232569E-03
1.035079E+01 2.366937E+00 1.054798E-02
1.031946E+01 2.396122E+00 1.222622E-02
1.028831E+01 2.427304E+00 1.436990E-02
1.025736E+01 2.460704E+00 1.710965E-02
1.022659E+01 2.496566E+00 2.061089E-02
1.019600E+01 2.535157E+00 2.508165E-02
1.016559E+01 2.576768E+00 3.078133E-02
1.013537E+01 2.621708E+00 3.803050E-02
1.010532E+01 2.670309E+00 4.722147E-02
1.007546E+01 2.722917E+00 5.883027E-02
1.004577E+01 2.779896E+00 7.343116E-02
1.001625E+01 2.841632E+00 9.171716E-02
9.986907E+00 2.908535E+00 1.145328E-01
9.957729E+00 2.981044E+00 1.429295E-01
9.928732E+00 3.059615E+00 1.782565E-01
9.899892E+00 3.144667E+00 2.222961E-01
9.871230E+00 3.236420E+00 2.774341E-01
9.842733E+00 3.334592E+00 3.468060E-01
9.814390E+00 3.437893E+00 4.342954E-01
9.786220E+00 3.543428E+00 5.442096E-01
9.758202E+00 3.646244E+00 6.805308E-01
9.730352E+00 3.739331E+00 8.458742E-01
9.702653E+00 3.814226E+00 1.040526E+00
9.675119E+00 3.862003E+00 1.261900E+00
9.647732E+00 3.874314E+00 1.504462E+00
9.620509E+00 3.844357E+00 1.759955E+00
9.593430E+00 3.767795E+00 2.017874E+00
9.566513E+00 3.643569E+00 2.266321E+00
9.539736E+00 3.474367E+00 2.493205E+00
9.513119E+00 3.266568E+00 2.687607E+00
9.486640E+00 3.029645E+00 2.841020E+00
9.460317E+00 2.775154E+00 2.948279E+00
9.434140E+00 2.515424E+00 3.008060E+00
9.408099E+00 2.262174E+00 3.022812E+00
9.382210E+00 2.025319E+00 2.998171E+00
9.356454E+00 1.812158E+00 2.942066E+00
9.330848E+00 1.626878E+00 2.863711E+00
9.305373E+00 1.470347E+00 2.772441E+00
9.280045E+00 1.340381E+00 2.676430E+00
9.254846E+00 1.232671E+00 2.581601E+00
9.229792E+00 1.142154E+00 2.491211E+00
9.204865E+00 1.064252E+00 2.406255E+00
9.180081E+00 9.955428E-01 2.326324E+00
9.155422E+00 9.338402E-01 2.250448E+00
9.130902E+00 8.779217E-01 2.177665E+00
9.106514E+00 8.271685E-01 2.107283E+00
9.082248E+00 7.812560E-01 2.038935E+00
9.058119E+00 7.399415E-01 1.972519E+00
9.034109E+00 7.029475E-01 1.908097E+00
9.010235E+00 6.699156E-01 1.845798E+00
8.986478E+00 6.404109E-01 1.785734E+00
8.962854E+00 6.139537E-01 1.727949E+00
8.939347E+00 5.900624E-01 1.672397E+00
8.915970E+00 5.682930E-01 1.618945E+00
8.892707E+00 5.482693E-01 1.567385E+00
8.869573E+00 5.296997E-01 1.517468E+00
8.846551E+00 5.123811E-01 1.468924E+00
8.823657E+00 4.961939E-01 1.421492E+00
8.800880E+00 4.810902E-01 1.374935E+00
8.778213E+00 4.670795E-01 1.329055E+00
8.755670E+00 4.542130E-01 1.283697E+00
8.733235E+00 4.425693E-01 1.238756E+00
8.710923E+00 4.322407E-01 1.194174E+00
8.688716E+00 4.233222E-01 1.149939E+00
8.666630E+00 4.159015E-01 1.106079E+00
8.644649E+00 4.100509E-01 1.062657E+00
8.622786E+00 4.058207E-01 1.019766E+00
8.601026E+00 4.032339E-01 9.775199E-01
8.579383E+00 4.022833E-01 9.360453E-01
8.557841E+00 4.029293E-01 8.954753E-01
8.536415E+00 4.050999E-01 8.559396E-01
8.515088E+00 4.086929E-01 8.175566E-01
8.493875E+00 4.135792E-01 7.804257E-01
8.472767E+00 4.196088E-01 7.446210E-01
8.451757E+00 4.266180E-01 7.101859E-01
8.430857E+00 4.344380E-01 6.771305E-01
8.410054E+00 4.429037E-01 6.454312E-01
8.389360E+00 4.518629E-01 6.150328E-01
8.368761E+00 4.611838E-01 5.858536E-01
8.348270E+00 4.707609E-01 5.577916E-01
8.327872E+00 4.805190E-01 5.307327E-01
8.307580E+00 4.904143E-01 5.045592E-01
8.287380E+00 5.004332E-01 4.791577E-01
8.267285E+00 5.105893E-01 4.544266E-01
8.247280E+00 5.209187E-01 4.302819E-01
8.227378E+00 5.314734E-01 4.066620E-01
8.207573E+00 5.423155E-01 3.835296E-01
8.187856E+00 5.535090E-01 3.608730E-01
8.168240E+00 5.651138E-01 3.387049E-01
8.148711E+00 5.771791E-01 3.170589E-01
8.129282E+00 5.897384E-01 2.959851E-01
8.109938E+00 6.028065E-01 2.755445E-01
8.090693E+00 6.163782E-01 2.558027E-01
8.071533E+00 6.304288E-01 2.368242E-01
8.052470E+00 6.449165E-01 2.186669E-01
8.033490E+00 6.597859E-01 2.013788E-01
8.014606E+00 6.749721E-01 1.849954E-01
7.995804E+00 6.904046E-01 1.695391E-01
7.977096E+00 7.060107E-01 1.550191E-01
7.958470E+00 7.217189E-01 1.414328E-01
7.939936E+00 7.374609E-01 1.287674E-01
7.921489E+00 7.531730E-01 1.170013E-01
7.903120E+00 7.687973E-01 1.061063E-01
7.884843E+00 7.842816E-01 9.604883E-02
7.866645E+00 7.995803E-01 8.679174E-02
7.848536E+00 8.146533E-01 7.829516E-02
7.830504E+00 8.294666E-01 7.051761E-02
7.812561E+00 8.439915E-01 6.341684E-02
7.794694E+00 8.582041E-01 5.695038E-02
7.776915E+00 8.720852E-01 5.107609E-02
7.759210E+00 8.856199E-01 4.575256E-02
7.741592E+00 8.987968E-01 4.093942E-02
7.724048E+00 9.116084E-01 3.659760E-02
7.706589E+00 9.240498E-01 3.268955E-02
7.689208E+00 9.361193E-01 2.917936E-02
7.671900E+00 9.478173E-01 2.603295E-02
7.654676E+00 9.591467E-01 2.321807E-02
7.637523E+00 9.701120E-01 2.070444E-02
7.620453E+00 9.807193E-01 1.846371E-02
7.603453E+00 9.909763E-01 1.646950E-02
7.586534E+00 1.000891E+00 1.469738E-02
7.569685E+00 1.010474E+00 1.312481E-02
7.552916E+00 1.019735E+00 1.173110E-02
7.536215E+00 1.028684E+00 1.049732E-02
7.519594E+00 1.037333E+00 9.406236E-03
7.503041E+00 1.045692E+00 8.442218E-03
7.486565E+00 1.053773E+00 7.591118E-03
7.470162E+00 1.061588E+00 6.840192E-03
7.453825E+00 1.069146E+00 6.177989E-03
7.437565E+00 1.076460E+00 5.594249E-03
7.421371E+00 1.083539E+00 5.079805E-03
7.405252E+00 1.090394E+00 4.626485E-03
7.389197E+00 1.097035E+00 4.227023E-03
7.373218E+00 1.103472E+00 3.874970E-03
7.357301E+00 1.109713E+00 3.564610E-03
7.341459E+00 1.115768E+00 3.290893E-03
7.325680E+00 1.121644E+00 3.049356E-03
7.309974E+00 1.127350E+00 2.836065E-03
7.294329E+00 1.132894E+00 2.647556E-03
7.278757E+00 1.138282E+00 2.480781E-03
7.263245E+00 1.143521E+00 2.333062E-03
7.247805E+00 1.148619E+00 2.202047E-03
7.232431E+00 1.153580E+00 2.085672E-03
7.217116E+00 1.158412E+00 1.982129E-03
7.201871E+00 1.163119E+00 1.889832E-03
7.186686E+00 1.167707E+00 1.807391E-03
7.171569E+00 1.172180E+00 1.733592E-03
7.156511E+00 1.176543E+00 1.667370E-03
7.141521E+00 1.180801E+00 1.607793E-03
7.126588E+00 1.184958E+00 1.554048E-03
7.111723E+00 1.189018E+00 1.505421E-03
7.096915E+00 1.192984E+00 1.461289E-03
7.082173E+00 1.196860E+00 1.421109E-03
7.067487E+00 1.200650E+00 1.384402E-03
7.052868E+00 1.204356E+00 1.350752E-03
7.038308E+00 1.207982E+00 1.319795E-03
7.023804E+00 1.211530E+00 1.291212E-03
7.009364E+00 1.215004E+00 1.264724E-03
6.994978E+00 1.218405E+00 1.240088E-03
6.980657E+00 1.221736E+00 1.217089E-03
6.966389E+00 1.225000E+00 1.195541E-03
6.952184E+00 1.228199E+00 1.175281E-03
6.938032E+00 1.231335E+00 1.156165E-03
6.923942E+00 1.234410E+00 1.138069E-03
6.909905E+00 1.237426E+00 1.120882E-03
6.895929E+00 1.240384E+00 1.104507E-03
6.882005E+00 1.243287E+00 1.088862E-03
6.868141E+00 1.246136E+00 1.073871E-03
6.854329E+00 1.248933E+00 1.059470E-03
6.840577E+00 1.251680E+00 1.045602E-03
6.826880E+00 1.254377E+00 1.032216E-03
6.813233E+00 1.257026E+00 1.019270E-03
6.799645E+00 1.259629E+00 1.006724E-03
6.786107E+00 1.262187E+00 9.945440E-04
6.772627E+00 1.264701E+00 9.827004E-04
6.759196E+00 1.267172E+00 9.711668E-04
6.745822E+00 1.269602E+00 9.599197E-04
6.732497E+00 1.271992E+00 9.489388E-04
6.719229E+00 1.274342E+00 9.382057E-04
6.706009E+00 1.276654E+00 9.277045E-04
6.692845E+00 1.278928E+00 9.174209E-04
6.679728E+00 1.281166E+00 9.073421E-04
6.666667E+00 1.283369E+00 8.974570E-04
