10000.000000 2.076219 0.000001 
5000.000000 2.076224 0.000002 
3333.333333 2.076233 0.000003 
2500.000000 2.076245 0.000005 
2000.000000 2.076261 0.000006 
1666.666667 2.076280 0.000007 
1428.571429 2.076303 0.000008 
1250.000000 2.076329 0.000009 
1111.111111 2.076359 0.000010 
1000.000000 2.076392 0.000012 
909.090909 2.076429 0.000013 
833.333333 2.076469 0.000014 
769.230769 2.076513 0.000015 
714.285714 2.076560 0.000016 
666.666667 2.076611 0.000018 
625.000000 2.076665 0.000019 
588.235294 2.076723 0.000020 
555.555556 2.076785 0.000021 
526.315789 2.076850 0.000022 
500.000000 2.076918 0.000024 
476.190476 2.076990 0.000025 
454.545455 2.077065 0.000026 
434.782609 2.077145 0.000028 
416.666667 2.077227 0.000029 
400.000000 2.077313 0.000030 
384.615385 2.077403 0.000032 
370.370370 2.077496 0.000033 
357.142857 2.077593 0.000034 
344.827586 2.077694 0.000036 
333.333333 2.077798 0.000037 
322.580645 2.077905 0.000038 
312.500000 2.078017 0.000040 
303.030303 2.078131 0.000041 
294.117647 2.078250 0.000043 
285.714286 2.078372 0.000044 
277.777778 2.078498 0.000046 
270.270270 2.078627 0.000047 
263.157895 2.078760 0.000049 
256.410256 2.078897 0.000051 
250.000000 2.079037 0.000052 
243.902439 2.079181 0.000054 
238.095238 2.079328 0.000055 
232.558140 2.079480 0.000057 
227.272727 2.079635 0.000059 
222.222222 2.079794 0.000061 
217.391304 2.079956 0.000062 
212.765957 2.080122 0.000064 
208.333333 2.080292 0.000066 
204.081633 2.080466 0.000068 
200.000000 2.080643 0.000070 
196.078431 2.080824 0.000072 
192.307692 2.081009 0.000073 
188.679245 2.081198 0.000075 
185.185185 2.081391 0.000077 
181.818182 2.081587 0.000079 
178.571429 2.081787 0.000082 
175.438596 2.081991 0.000084 
172.413793 2.082199 0.000086 
169.491525 2.082411 0.000088 
166.666667 2.082627 0.000090 
163.934426 2.082846 0.000093 
161.290323 2.083070 0.000095 
158.730159 2.083297 0.000097 
156.250000 2.083529 0.000100 
153.846154 2.083764 0.000102 
151.515152 2.084003 0.000104 
149.253731 2.084247 0.000107 
147.058824 2.084494 0.000110 
144.927536 2.084745 0.000112 
142.857143 2.085001 0.000115 
140.845070 2.085260 0.000118 
138.888889 2.085524 0.000120 
136.986301 2.085791 0.000123 
135.135135 2.086063 0.000126 
133.333333 2.086339 0.000129 
131.578947 2.086619 0.000132 
129.870130 2.086903 0.000135 
128.205128 2.087191 0.000138 
126.582278 2.087484 0.000141 
125.000000 2.087781 0.000144 
123.456790 2.088082 0.000148 
121.951220 2.088387 0.000151 
120.481928 2.088697 0.000155 
119.047619 2.089011 0.000158 
117.647059 2.089329 0.000162 
116.279070 2.089652 0.000165 
114.942529 2.089979 0.000169 
113.636364 2.090310 0.000173 
112.359551 2.090646 0.000176 
111.111111 2.090986 0.000180 
109.890110 2.091331 0.000184 
108.695652 2.091680 0.000188 
107.526882 2.092034 0.000192 
106.382979 2.092393 0.000197 
105.263158 2.092755 0.000201 
104.166667 2.093123 0.000205 
103.092784 2.093495 0.000210 
102.040816 2.093872 0.000214 
101.010101 2.094254 0.000219 
100.000000 2.094640 0.000223 
99.009901 2.095031 0.000228 
98.039216 2.095427 0.000233 
97.087379 2.095828 0.000238 
96.153846 2.096233 0.000243 
95.238095 2.096644 0.000248 
94.339623 2.097059 0.000254 
93.457944 2.097480 0.000259 
92.592593 2.097905 0.000265 
91.743119 2.098335 0.000270 
90.909091 2.098771 0.000276 
90.090090 2.099211 0.000282 
89.285714 2.099657 0.000288 
88.495575 2.100107 0.000294 
87.719298 2.100563 0.000300 
86.956522 2.101024 0.000306 
86.206897 2.101491 0.000313 
85.470085 2.101963 0.000319 
84.745763 2.102440 0.000326 
84.033613 2.102922 0.000333 
83.333333 2.103410 0.000340 
82.644628 2.103904 0.000347 
81.967213 2.104403 0.000354 
81.300813 2.104907 0.000362 
80.645161 2.105418 0.000369 
80.000000 2.105933 0.000377 
79.365079 2.106455 0.000385 
78.740157 2.106982 0.000393 
78.125000 2.107515 0.000401 
77.519380 2.108054 0.000410 
76.923077 2.108599 0.000418 
76.335878 2.109150 0.000427 
75.757576 2.109707 0.000436 
75.187970 2.110270 0.000445 
74.626866 2.110839 0.000454 
74.074074 2.111415 0.000464 
73.529412 2.111996 0.000473 
72.992701 2.112584 0.000483 
72.463768 2.113178 0.000493 
71.942446 2.113779 0.000504 
71.428571 2.114386 0.000514 
70.921986 2.115000 0.000525 
70.422535 2.115620 0.000536 
69.930070 2.116247 0.000547 
69.444444 2.116881 0.000559 
68.965517 2.117521 0.000571 
68.493151 2.118169 0.000583 
68.027211 2.118823 0.000595 
67.567568 2.119484 0.000608 
67.114094 2.120153 0.000620 
66.666667 2.120829 0.000634 
66.225166 2.121512 0.000647 
65.789474 2.122202 0.000661 
65.359477 2.122900 0.000675 
64.935065 2.123605 0.000689 
64.516129 2.124318 0.000704 
64.102564 2.125039 0.000719 
63.694268 2.125768 0.000735 
63.291139 2.126504 0.000751 
62.893082 2.127248 0.000767 
62.500000 2.128001 0.000783 
62.111801 2.128762 0.000800 
61.728395 2.129531 0.000818 
61.349693 2.130308 0.000836 
60.975610 2.131094 0.000854 
60.606061 2.131889 0.000873 
60.240964 2.132692 0.000892 
59.880240 2.133504 0.000912 
59.523810 2.134326 0.000932 
59.171598 2.135156 0.000953 
58.823529 2.135996 0.000974 
58.479532 2.136845 0.000996 
58.139535 2.137703 0.001019 
57.803468 2.138572 0.001042 
57.471264 2.139450 0.001066 
57.142857 2.140338 0.001090 
56.818182 2.141236 0.001116 
56.497175 2.142145 0.001141 
56.179775 2.143064 0.001168 
55.865922 2.143994 0.001195 
55.555556 2.144935 0.001224 
55.248619 2.145887 0.001253 
54.945055 2.146850 0.001283 
54.644809 2.147824 0.001314 
54.347826 2.148810 0.001346 
54.054054 2.149808 0.001378 
53.763441 2.150819 0.001412 
53.475936 2.151841 0.001447 
53.191489 2.152876 0.001484 
52.910053 2.153924 0.001521 
52.631579 2.154986 0.001560 
52.356021 2.156060 0.001600 
52.083333 2.157149 0.001641 
51.813472 2.158251 0.001684 
51.546392 2.159368 0.001729 
51.282051 2.160500 0.001775 
51.020408 2.161647 0.001823 
50.761421 2.162809 0.001873 
50.505051 2.163987 0.001925 
50.251256 2.165181 0.001978 
50.000000 2.166393 0.002034 
49.751244 2.167621 0.002093 
49.504950 2.168867 0.002154 
49.261084 2.170131 0.002217 
49.019608 2.171414 0.002284 
48.780488 2.172716 0.002353 
48.543689 2.174039 0.002425 
48.309179 2.175382 0.002501 
48.076923 2.176746 0.002581 
47.846890 2.178133 0.002665 
47.619048 2.179542 0.002753 
47.393365 2.180975 0.002845 
47.169811 2.182433 0.002943 
46.948357 2.183917 0.003046 
46.728972 2.185428 0.003154 
46.511628 2.186966 0.003269 
46.296296 2.188534 0.003391 
46.082949 2.190132 0.003521 
45.871560 2.191762 0.003658 
45.662100 2.193426 0.003805 
45.454545 2.195126 0.003961 
45.248869 2.196863 0.004128 
45.045045 2.198639 0.004308 
44.843049 2.200457 0.004500 
44.642857 2.202319 0.004708 
44.444444 2.204229 0.004931 
44.247788 2.206188 0.005173 
44.052863 2.208201 0.005436 
43.859649 2.210272 0.005722 
43.668122 2.212404 0.006034 
43.478261 2.214603 0.006376 
43.290043 2.216873 0.006752 
43.103448 2.219222 0.007166 
42.918455 2.221655 0.007626 
42.735043 2.224180 0.008136 
42.553191 2.226806 0.008707 
42.372881 2.229543 0.009349 
42.194093 2.232402 0.010073 
42.016807 2.235396 0.010895 
41.841004 2.238540 0.011835 
41.666667 2.241850 0.012916 
41.493776 2.245345 0.014168 
41.322314 2.249046 0.015629 
41.152263 2.252978 0.017350 
40.983607 2.257164 0.019394 
40.816327 2.261631 0.021846 
40.650407 2.266403 0.024820 
40.485830 2.271496 0.028465 
40.322581 2.276908 0.032986 
40.160643 2.282598 0.038661 
40.000000 2.288450 0.045863 
39.840637 2.294195 0.055086 
39.682540 2.299288 0.066945 
39.525692 2.302686 0.082096 
39.370079 2.302558 0.100940 
39.215686 2.296102 0.122871 
39.062500 2.280137 0.144975 
38.910506 2.253477 0.161202 
38.759690 2.220263 0.164686 
38.610039 2.189383 0.153411 
38.461538 2.168141 0.132379 
38.314176 2.157899 0.108849 
38.167939 2.155961 0.087569 
38.022814 2.158980 0.070191 
37.878788 2.164497 0.056634 
37.735849 2.171051 0.046229 
37.593985 2.177868 0.038252 
37.453184 2.184568 0.032096 
37.313433 2.190988 0.027299 
37.174721 2.197070 0.023520 
37.037037 2.202811 0.020509 
36.900369 2.208233 0.018085 
36.764706 2.213366 0.016114 
36.630037 2.218244 0.014497 
36.496350 2.222899 0.013160 
36.363636 2.227360 0.012046 
36.231884 2.231654 0.011113 
36.101083 2.235805 0.010326 
35.971223 2.239832 0.009661 
35.842294 2.243753 0.009096 
35.714286 2.247585 0.008615 
35.587189 2.251342 0.008205 
35.460993 2.255034 0.007855 
35.335689 2.258673 0.007557 
35.211268 2.262269 0.007303 
35.087719 2.265829 0.007088 
34.965035 2.269361 0.006906 
34.843206 2.272871 0.006753 
34.722222 2.276366 0.006627 
34.602076 2.279852 0.006524 
34.482759 2.283332 0.006442 
34.364261 2.286812 0.006378 
34.246575 2.290295 0.006331 
34.129693 2.293786 0.006299 
34.013605 2.297288 0.006282 
33.898305 2.300805 0.006278 
33.783784 2.304339 0.006285 
33.670034 2.307894 0.006304 
33.557047 2.311472 0.006333 
33.444816 2.315076 0.006372 
33.333333 2.318709 0.006421 
33.222591 2.322374 0.006478 
33.112583 2.326071 0.006544 
33.003300 2.329805 0.006619 
32.894737 2.333577 0.006701 
32.786885 2.337390 0.006791 
32.679739 2.341245 0.006889 
32.573290 2.345146 0.006995 
32.467532 2.349094 0.007108 
32.362460 2.353092 0.007229 
32.258065 2.357141 0.007357 
32.154341 2.361245 0.007492 
32.051282 2.365405 0.007635 
31.948882 2.369624 0.007786 
31.847134 2.373904 0.007944 
31.746032 2.378247 0.008110 
31.645570 2.382656 0.008284 
31.545741 2.387134 0.008466 
31.446541 2.391683 0.008656 
31.347962 2.396306 0.008855 
31.250000 2.401005 0.009063 
31.152648 2.405783 0.009280 
31.055901 2.410644 0.009506 
30.959752 2.415590 0.009742 
30.864198 2.420624 0.009988 
30.769231 2.425750 0.010245 
30.674847 2.430971 0.010512 
30.581040 2.436290 0.010791 
30.487805 2.441712 0.011082 
30.395137 2.447240 0.011385 
30.303030 2.452878 0.011702 
30.211480 2.458630 0.012031 
30.120482 2.464501 0.012376 
30.030030 2.470496 0.012735 
29.940120 2.476618 0.013110 
29.850746 2.482875 0.013502 
29.761905 2.489270 0.013912 
29.673591 2.495809 0.014340 
29.585799 2.502500 0.014789 
29.498525 2.509347 0.015258 
29.411765 2.516358 0.015749 
29.325513 2.523540 0.016264 
29.239766 2.530901 0.016804 
29.154519 2.538448 0.017371 
29.069767 2.546190 0.017966 
28.985507 2.554137 0.018592 
28.901734 2.562298 0.019251 
28.818444 2.570684 0.019945 
28.735632 2.579306 0.020676 
28.653295 2.588177 0.021448 
28.571429 2.597308 0.022263 
28.490028 2.606715 0.023125 
28.409091 2.616411 0.024038 
28.328612 2.626415 0.025006 
28.248588 2.636742 0.026033 
28.169014 2.647413 0.027126 
28.089888 2.658448 0.028289 
28.011204 2.669871 0.029530 
27.932961 2.681705 0.030855 
27.855153 2.693978 0.032274 
27.777778 2.706720 0.033794 
27.700831 2.719965 0.035428 
27.624309 2.733747 0.037187 
27.548209 2.748109 0.039085 
27.472527 2.763093 0.041138 
27.397260 2.778752 0.043364 
27.322404 2.795139 0.045785 
27.247956 2.812319 0.048425 
27.173913 2.830361 0.051314 
27.100271 2.849346 0.054485 
27.027027 2.869365 0.057979 
26.954178 2.890521 0.061844 
26.881720 2.912935 0.066138 
26.809651 2.936743 0.070930 
26.737968 2.962106 0.076306 
26.666667 2.989209 0.082368 
26.595745 3.018272 0.089247 
26.525199 3.049552 0.097103 
26.455026 3.083356 0.106141 
26.385224 3.120053 0.116622 
26.315789 3.160086 0.128885 
26.246719 3.203995 0.143377 
26.178010 3.252439 0.160692 
26.109661 3.306231 0.181643 
26.041667 3.366377 0.207357 
25.974026 3.434120 0.239428 
25.906736 3.510993 0.280176 
25.839793 3.598842 0.333059 
25.773196 3.699760 0.403381 
25.706941 3.815749 0.499513 
25.641026 3.947545 0.634981 
25.575448 4.091121 0.831797 
25.510204 4.227868 1.124127 
25.445293 4.300756 1.553672 
25.380711 4.180594 2.122223 
25.316456 3.718836 2.670435 
25.252525 2.995667 2.910365 
25.188917 2.309757 2.780132 
25.125628 1.819178 2.447108 
25.062657 1.515207 2.049610 
25.000000 1.355015 1.647126 
24.937656 1.312020 1.265054 
24.875622 1.370482 0.930289 
24.813896 1.498265 0.672946 
24.752475 1.648815 0.496276 
24.691358 1.793030 0.379077 
24.630542 1.922188 0.299999 
24.570025 2.036269 0.245001 
24.509804 2.137560 0.205652 
24.449878 2.228556 0.176862 
24.390244 2.311424 0.155464 
24.330900 2.387935 0.139419 
24.271845 2.459519 0.127373 
24.213075 2.527335 0.118404 
24.154589 2.592337 0.111870 
24.096386 2.655322 0.107322 
24.038462 2.716972 0.104440 
23.980815 2.777885 0.103001 
23.923445 2.838600 0.102852 
23.866348 2.899616 0.103895 
23.809524 2.961406 0.106077 
23.752969 3.024437 0.109385 
23.696682 3.089178 0.113839 
23.640662 3.156116 0.119496 
23.584906 3.225765 0.126450 
23.529412 3.298686 0.134835 
23.474178 3.375498 0.144833 
23.419204 3.456899 0.156685 
23.364486 3.543689 0.170705 
23.310023 3.636798 0.187302 
23.255814 3.737322 0.207011 
23.201856 3.846573 0.230536 
23.148148 3.966133 0.258818 
23.094688 4.097944 0.293126 
23.041475 4.244408 0.335213 
22.988506 4.408534 0.387540 
22.935780 4.594127 0.453653 
22.883295 4.806018 0.538796 
22.831050 5.050335 0.650978 
22.779043 5.334674 0.802861 
22.727273 5.667784 1.015220 
22.675737 6.057350 1.323401 
22.624434 6.501285 1.788891 
22.573363 6.958165 2.515211 
22.522523 7.263424 3.637777 
22.471910 7.011613 5.139819 
22.421525 5.859067 6.441644 
22.371365 4.310016 6.874402 
22.321429 3.063694 6.635723 
22.271715 2.234913 6.171887 
22.222222 1.698519 5.695109 
22.172949 1.341488 5.266419 
22.123894 1.094184 4.894342 
22.075055 0.916197 4.573062 
22.026432 0.783738 4.294211 
21.978022 0.682317 4.050110 
21.929825 0.602772 3.834430 
21.881838 0.539101 3.642128 
21.834061 0.487245 3.469216 
21.786492 0.444380 3.312532 
21.739130 0.408491 3.169553 
21.691974 0.378107 3.038248 
21.645022 0.352136 2.916966 
21.598272 0.329748 2.804351 
21.551724 0.310307 2.699281 
21.505376 0.293317 2.600820 
21.459227 0.278387 2.508176 
21.413276 0.265202 2.420681 
21.367521 0.253511 2.337760 
21.321962 0.243109 2.258920 
21.276596 0.233827 2.183732 
21.231423 0.225527 2.111823 
21.186441 0.218095 2.042863 
21.141649 0.211432 1.976562 
21.097046 0.205461 1.912663 
21.052632 0.200112 1.850934 
21.008403 0.195330 1.791166 
20.964361 0.191067 1.733173 
20.920502 0.187284 1.676781 
20.876827 0.183949 1.621833 
20.833333 0.181035 1.568184 
20.790021 0.178522 1.515697 
20.746888 0.176395 1.464245 
20.703934 0.174642 1.413708 
20.661157 0.173258 1.363969 
20.618557 0.172243 1.314918 
20.576132 0.171600 1.266444 
20.533881 0.171341 1.218440 
20.491803 0.171482 1.170799 
20.449898 0.172049 1.123411 
20.408163 0.173073 1.076164 
20.366599 0.174602 1.028942 
20.325203 0.176693 0.981621 
20.283976 0.179426 0.934073 
20.242915 0.182902 0.886157 
20.202020 0.187257 0.837722 
20.161290 0.192672 0.788609 
20.120724 0.199390 0.738648 
20.080321 0.207745 0.687672 
20.040080 0.218191 0.635535 
20.000000 0.231357 0.582163 
19.960080 0.248087 0.527655 
19.920319 0.269445 0.472471 
19.880716 0.296561 0.417714 
19.841270 0.330130 0.365346 
19.801980 0.369651 0.317857 
19.762846 0.413152 0.277193 
19.723866 0.458037 0.243827 
19.685039 0.502226 0.216967 
19.646365 0.544538 0.195337 
19.607843 0.584493 0.177729 
19.569472 0.622008 0.163180 
19.531250 0.657180 0.150972 
19.493177 0.690180 0.140579 
19.455253 0.721198 0.131619 
19.417476 0.750418 0.123804 
19.379845 0.778006 0.116921 
19.342360 0.804117 0.110806 
19.305019 0.828883 0.105332 
19.267823 0.852422 0.100399 
19.230769 0.874841 0.095928 
19.193858 0.896230 0.091853 
19.157088 0.916672 0.088123 
19.120459 0.936240 0.084694 
19.083969 0.954997 0.081529 
19.047619 0.973004 0.078599 
19.011407 0.990311 0.075878 
18.975332 1.006966 0.073343 
18.939394 1.023010 0.070976 
18.903592 1.038484 0.068761 
18.867925 1.053422 0.066683 
18.832392 1.067855 0.064729 
18.796992 1.081814 0.062889 
18.761726 1.095325 0.061154 
18.726592 1.108414 0.059514 
18.691589 1.121102 0.057962 
18.656716 1.133411 0.056491 
18.621974 1.145360 0.055096 
18.587361 1.156968 0.053770 
18.552876 1.168252 0.052509 
18.518519 1.179227 0.051309 
18.484288 1.189908 0.050164 
18.450185 1.200308 0.049073 
18.416206 1.210441 0.048030 
18.382353 1.220318 0.047034 
18.348624 1.229950 0.046081 
18.315018 1.239349 0.045168 
18.281536 1.248524 0.044294 
18.248175 1.257484 0.043457 
18.214936 1.266238 0.042653 
18.181818 1.274796 0.041882 
18.148820 1.283164 0.041142 
18.115942 1.291350 0.040430 
18.083183 1.299361 0.039746 
18.050542 1.307204 0.039089 
18.018018 1.314885 0.038456 
17.985612 1.322410 0.037846 
17.953321 1.329785 0.037260 
17.921147 1.337016 0.036695 
17.889088 1.344108 0.036150 
17.857143 1.351065 0.035625 
17.825312 1.357892 0.035119 
17.793594 1.364594 0.034631 
17.761989 1.371176 0.034160 
17.730496 1.377641 0.033705 
17.699115 1.383993 0.033267 
17.667845 1.390236 0.032843 
17.636684 1.396374 0.032435 
17.605634 1.402409 0.032040 
17.574692 1.408347 0.031659 
17.543860 1.414189 0.031291 
17.513135 1.419939 0.030936 
17.482517 1.425599 0.030593 
17.452007 1.431173 0.030261 
17.421603 1.436663 0.029941 
17.391304 1.442072 0.029633 
17.361111 1.447403 0.029334 
17.331023 1.452657 0.029046 
17.301038 1.457837 0.028768 
17.271157 1.462946 0.028500 
17.241379 1.467985 0.028242 
17.211704 1.472957 0.027992 
17.182131 1.477864 0.027752 
17.152659 1.482708 0.027520 
17.123288 1.487490 0.027296 
17.094017 1.492213 0.027081 
17.064846 1.496878 0.026874 
17.035775 1.501487 0.026675 
17.006803 1.506042 0.026484 
16.977929 1.510544 0.026300 
16.949153 1.514995 0.026124 
16.920474 1.519397 0.025955 
16.891892 1.523750 0.025793 
16.863406 1.528057 0.025639 
16.835017 1.532319 0.025491 
16.806723 1.536537 0.025350 
16.778523 1.540712 0.025216 
16.750419 1.544847 0.025088 
16.722408 1.548942 0.024967 
16.694491 1.552998 0.024852 
16.666667 1.557016 0.024744 
16.638935 1.560999 0.024643 
16.611296 1.564946 0.024547 
16.583748 1.568860 0.024458 
16.556291 1.572741 0.024375 
16.528926 1.576590 0.024298 
16.501650 1.580409 0.024228 
16.474465 1.584198 0.024164 
16.447368 1.587959 0.024106 
16.420361 1.591692 0.024054 
16.393443 1.595399 0.024008 
16.366612 1.599081 0.023969 
16.339869 1.602738 0.023936 
16.313214 1.606371 0.023909 
16.286645 1.609982 0.023889 
16.260163 1.613572 0.023875 
16.233766 1.617140 0.023868 
16.207455 1.620690 0.023867 
16.181230 1.624220 0.023873 
16.155089 1.627733 0.023886 
16.129032 1.631228 0.023905 
16.103060 1.634708 0.023932 
16.077170 1.638173 0.023966 
16.051364 1.641623 0.024007 
16.025641 1.645060 0.024055 
16.000000 1.648485 0.024112 
15.974441 1.651899 0.024176 
15.948963 1.655302 0.024248 
15.923567 1.658696 0.024328 
15.898251 1.662081 0.024417 
15.873016 1.665458 0.024515 
15.847861 1.668829 0.024622 
15.822785 1.672195 0.024739 
15.797788 1.675555 0.024865 
15.772871 1.678912 0.025001 
15.748031 1.682267 0.025148 
15.723270 1.685620 0.025306 
15.698587 1.688972 0.025476 
15.673981 1.692326 0.025657 
15.649452 1.695681 0.025851 
15.625000 1.699039 0.026058 
15.600624 1.702402 0.026279 
15.576324 1.705770 0.026515 
15.552100 1.709145 0.026766 
15.527950 1.712528 0.027033 
15.503876 1.715921 0.027318 
15.479876 1.719325 0.027620 
15.455951 1.722742 0.027942 
15.432099 1.726173 0.028284 
15.408320 1.729620 0.028647 
15.384615 1.733085 0.029035 
15.360983 1.736570 0.029446 
15.337423 1.740076 0.029885 
15.313936 1.743606 0.030352 
15.290520 1.747162 0.030850 
15.267176 1.750746 0.031380 
15.243902 1.754361 0.031947 
15.220700 1.758009 0.032552 
15.197568 1.761693 0.033199 
15.174507 1.765417 0.033892 
15.151515 1.769183 0.034634 
15.128593 1.772995 0.035431 
15.105740 1.776856 0.036288 
15.082956 1.780771 0.037210 
15.060241 1.784743 0.038205 
15.037594 1.788777 0.039279 
15.015015 1.792878 0.040442 
14.992504 1.797050 0.041704 
14.970060 1.801299 0.043077 
14.947683 1.805631 0.044572 
14.925373 1.810051 0.046207 
14.903130 1.814565 0.047999 
14.880952 1.819180 0.049970 
14.858841 1.823901 0.052143 
14.836795 1.828734 0.054548 
14.814815 1.833684 0.057219 
14.792899 1.838754 0.060197 
14.771049 1.843947 0.063533 
14.749263 1.849258 0.067283 
14.727541 1.854682 0.071518 
14.705882 1.860203 0.076324 
14.684288 1.865793 0.081803 
14.662757 1.871405 0.088078 
14.641288 1.876965 0.095297 
14.619883 1.882360 0.103633 
14.598540 1.887415 0.113289 
14.577259 1.891867 0.124489 
14.556041 1.895330 0.137464 
14.534884 1.897244 0.152414 
14.513788 1.896821 0.169432 
14.492754 1.893013 0.188366 
14.471780 1.884536 0.208608 
14.450867 1.870062 0.228813 
14.430014 1.848667 0.246684 
14.409222 1.820565 0.259082 
14.388489 1.787812 0.262782 
14.367816 1.754326 0.255823 
14.347202 1.724758 0.238679 
14.326648 1.702713 0.214230 
14.306152 1.689588 0.186463 
14.285714 1.684695 0.158919 
14.265335 1.686205 0.133870 
14.245014 1.692091 0.112317 
14.224751 1.700646 0.094394 
14.204545 1.710635 0.079780 
14.184397 1.721240 0.067987 
14.164306 1.731961 0.058514 
14.144272 1.742508 0.050913 
14.124294 1.752730 0.044808 
14.104372 1.762556 0.039896 
14.084507 1.771968 0.035937 
14.064698 1.780973 0.032743 
14.044944 1.789596 0.030164 
14.025245 1.797867 0.028086 
14.005602 1.805820 0.026416 
13.986014 1.813488 0.025083 
13.966480 1.820904 0.024029 
13.947001 1.828099 0.023208 
13.927577 1.835099 0.022584 
13.908206 1.841933 0.022128 
13.888889 1.848622 0.021817 
13.869626 1.855188 0.021630 
13.850416 1.861651 0.021553 
13.831259 1.868029 0.021574 
13.812155 1.874339 0.021681 
13.793103 1.880595 0.021868 
13.774105 1.886813 0.022126 
13.755158 1.893004 0.022452 
13.736264 1.899183 0.022841 
13.717421 1.905359 0.023290 
13.698630 1.911546 0.023797 
13.679891 1.917752 0.024360 
13.661202 1.923990 0.024978 
13.642565 1.930268 0.025652 
13.623978 1.936598 0.026381 
13.605442 1.942988 0.027166 
13.586957 1.949449 0.028009 
13.568521 1.955991 0.028911 
13.550136 1.962623 0.029875 
13.531800 1.969356 0.030902 
13.513514 1.976200 0.031997 
13.495277 1.983166 0.033163 
13.477089 1.990266 0.034404 
13.458950 1.997510 0.035725 
13.440860 2.004911 0.037132 
13.422819 2.012481 0.038630 
13.404826 2.020234 0.040226 
13.386881 2.028184 0.041928 
13.368984 2.036347 0.043744 
13.351135 2.044737 0.045685 
13.333333 2.053373 0.047760 
13.315579 2.062272 0.049982 
13.297872 2.071454 0.052365 
13.280212 2.080941 0.054923 
13.262599 2.090755 0.057674 
13.245033 2.100921 0.060636 
13.227513 2.111466 0.063832 
13.210040 2.122419 0.067288 
13.192612 2.133812 0.071029 
13.175231 2.145680 0.075091 
13.157895 2.158059 0.079508 
13.140604 2.170991 0.084324 
13.123360 2.184521 0.089587 
13.106160 2.198698 0.095354 
13.089005 2.213575 0.101691 
13.071895 2.229212 0.108674 
13.054830 2.245673 0.116393 
13.037810 2.263026 0.124953 
13.020833 2.281348 0.134480 
13.003901 2.300721 0.145121 
12.987013 2.321230 0.157053 
12.970169 2.342969 0.170487 
12.953368 2.366032 0.185679 
12.936611 2.390514 0.202938 
12.919897 2.416504 0.222640 
12.903226 2.444079 0.245243 
12.886598 2.473287 0.271309 
12.870013 2.504126 0.301532 
12.853470 2.536512 0.336759 
12.836970 2.570227 0.378034 
12.820513 2.604835 0.426622 
12.804097 2.639562 0.484040 
12.787724 2.673118 0.552049 
12.771392 2.703447 0.632581 
12.755102 2.727400 0.727529 
12.738854 2.740388 0.838286 
12.722646 2.736162 0.964914 
12.706480 2.707064 1.104889 
12.690355 2.645250 1.251693 
12.674271 2.545230 1.394138 
12.658228 2.407082 1.517711 
12.642225 2.238370 1.608434 
12.626263 2.052736 1.657523 
12.610340 1.865551 1.663786 
12.594458 1.689495 1.632454 
12.578616 1.532461 1.571971 
12.562814 1.397857 1.491045 
12.547051 1.286030 1.397028 
12.531328 1.195720 1.295480 
12.515645 1.125074 1.190375 
12.500000 1.072208 1.084538 
12.484395 1.035444 0.980088 
12.468828 1.013303 0.878790 
12.453300 1.004373 0.782278 
12.437811 1.007098 0.692106 
12.422360 1.019630 0.609623 
12.406948 1.039832 0.535753 
12.391574 1.065467 0.470820 
12.376238 1.094470 0.414555 
12.360939 1.125144 0.366245 
12.345679 1.156238 0.324950 
12.330456 1.186905 0.289676 
12.315271 1.216622 0.259488 
12.300123 1.245094 0.233562 
12.285012 1.272180 0.211197 
12.269939 1.297839 0.191807 
12.254902 1.322090 0.174913 
12.239902 1.344987 0.160118 
12.224939 1.366601 0.147097 
12.210012 1.387014 0.135585 
12.195122 1.406309 0.125362 
12.180268 1.424567 0.116244 
12.165450 1.441867 0.108081 
12.150668 1.458282 0.100745 
12.135922 1.473879 0.094129 
12.121212 1.488722 0.088143 
12.106538 1.502870 0.082710 
12.091898 1.516374 0.077765 
12.077295 1.529283 0.073252 
12.062726 1.541641 0.069122 
12.048193 1.553490 0.065334 
12.033694 1.564866 0.061851 
12.019231 1.575802 0.058643 
12.004802 1.586330 0.055680 
11.990408 1.596478 0.052940 
11.976048 1.606272 0.050401 
11.961722 1.615736 0.048044 
11.947431 1.624892 0.045851 
11.933174 1.633759 0.043810 
11.918951 1.642358 0.041906 
11.904762 1.650704 0.040128 
11.890606 1.658813 0.038464 
11.876485 1.666701 0.036907 
11.862396 1.674381 0.035446 
11.848341 1.681865 0.034076 
11.834320 1.689165 0.032787 
11.820331 1.696293 0.031576 
11.806375 1.703258 0.030435 
11.792453 1.710070 0.029359 
11.778563 1.716737 0.028345 
11.764706 1.723268 0.027387 
11.750881 1.729671 0.026482 
11.737089 1.735953 0.025626 
11.723329 1.742121 0.024816 
11.709602 1.748181 0.024050 
11.695906 1.754139 0.023323 
11.682243 1.760001 0.022634 
11.668611 1.765772 0.021981 
11.655012 1.771457 0.021361 
11.641444 1.777062 0.020772 
11.627907 1.782589 0.020212 
11.614402 1.788045 0.019681 
11.600928 1.793433 0.019175 
11.587486 1.798756 0.018694 
11.574074 1.804019 0.018237 
11.560694 1.809225 0.017802 
11.547344 1.814377 0.017388 
11.534025 1.819478 0.016994 
11.520737 1.824532 0.016619 
11.507480 1.829540 0.016261 
11.494253 1.834507 0.015921 
11.481056 1.839434 0.015597 
11.467890 1.844325 0.015289 
11.454754 1.849181 0.014996 
11.441648 1.854005 0.014716 
11.428571 1.858799 0.014451 
11.415525 1.863565 0.014198 
11.402509 1.868305 0.013957 
11.389522 1.873022 0.013729 
11.376564 1.877717 0.013512 
11.363636 1.882392 0.013306 
11.350738 1.887049 0.013110 
11.337868 1.891690 0.012925 
11.325028 1.896316 0.012749 
11.312217 1.900929 0.012583 
11.299435 1.905531 0.012426 
11.286682 1.910123 0.012278 
11.273957 1.914707 0.012138 
11.261261 1.919283 0.012007 
11.248594 1.923855 0.011883 
11.235955 1.928422 0.011767 
11.223345 1.932987 0.011659 
11.210762 1.937550 0.011558 
11.198208 1.942114 0.011465 
11.185682 1.946679 0.011378 
11.173184 1.951246 0.011298 
11.160714 1.955818 0.011225 
11.148272 1.960394 0.011158 
11.135857 1.964977 0.011097 
11.123471 1.969568 0.011043 
11.111111 1.974167 0.010995 
11.098779 1.978777 0.010953 
11.086475 1.983397 0.010917 
11.074197 1.988030 0.010886 
11.061947 1.992677 0.010861 
11.049724 1.997338 0.010842 
11.037528 2.002015 0.010829 
11.025358 2.006708 0.010821 
11.013216 2.011420 0.010818 
11.001100 2.016151 0.010821 
10.989011 2.020903 0.010829 
10.976948 2.025675 0.010843 
10.964912 2.030471 0.010862 
10.952903 2.035290 0.010886 
10.940919 2.040134 0.010915 
10.928962 2.045004 0.010950 
10.917031 2.049901 0.010990 
10.905125 2.054827 0.011035 
10.893246 2.059782 0.011086 
10.881393 2.064768 0.011142 
10.869565 2.069785 0.011203 
10.857763 2.074836 0.011269 
10.845987 2.079921 0.011341 
10.834236 2.085042 0.011418 
10.822511 2.090199 0.011501 
10.810811 2.095395 0.011589 
10.799136 2.100629 0.011683 
10.787487 2.105905 0.011782 
10.775862 2.111222 0.011887 
10.764263 2.116582 0.011997 
10.752688 2.121987 0.012114 
10.741139 2.127438 0.012236 
10.729614 2.132936 0.012364 
10.718114 2.138483 0.012498 
10.706638 2.144081 0.012639 
10.695187 2.149729 0.012785 
10.683761 2.155432 0.012939 
10.672359 2.161189 0.013098 
10.660981 2.167002 0.013264 
10.649627 2.172873 0.013437 
10.638298 2.178804 0.013617 
10.626993 2.184796 0.013804 
10.615711 2.190851 0.013998 
10.604454 2.196970 0.014200 
10.593220 2.203157 0.014409 
10.582011 2.209411 0.014625 
10.570825 2.215736 0.014850 
10.559662 2.222133 0.015083 
10.548523 2.228604 0.015324 
10.537408 2.235152 0.015574 
10.526316 2.241778 0.015833 
10.515247 2.248485 0.016100 
10.504202 2.255274 0.016377 
10.493179 2.262148 0.016664 
10.482180 2.269110 0.016960 
10.471204 2.276161 0.017267 
10.460251 2.283305 0.017584 
10.449321 2.290544 0.017911 
10.438413 2.297880 0.018251 
10.427529 2.305317 0.018601 
10.416667 2.312857 0.018963 
10.405827 2.320503 0.019338 
10.395010 2.328257 0.019726 
10.384216 2.336124 0.020126 
10.373444 2.344107 0.020540 
10.362694 2.352208 0.020969 
10.351967 2.360431 0.021411 
10.341262 2.368780 0.021869 
10.330579 2.377259 0.022343 
10.319917 2.385870 0.022833 
10.309278 2.394619 0.023340 
10.298661 2.403509 0.023864 
10.288066 2.412545 0.024407 
10.277492 2.421731 0.024968 
10.266940 2.431071 0.025549 
10.256410 2.440570 0.026151 
10.245902 2.450234 0.026774 
10.235415 2.460067 0.027419 
10.224949 2.470076 0.028088 
10.214505 2.480264 0.028780 
10.204082 2.490639 0.029498 
10.193680 2.501206 0.030242 
10.183299 2.511971 0.031014 
10.172940 2.522942 0.031814 
10.162602 2.534125 0.032644 
10.152284 2.545526 0.033506 
10.141988 2.557155 0.034401 
10.131712 2.569018 0.035330 
10.121457 2.581124 0.036295 
10.111223 2.593481 0.037298 
10.101010 2.606098 0.038340 
10.090817 2.618985 0.039425 
10.080645 2.632152 0.040553 
10.070493 2.645608 0.041727 
10.060362 2.659365 0.042950 
10.050251 2.673434 0.044224 
10.040161 2.687828 0.045552 
10.030090 2.702558 0.046936 
10.020040 2.717638 0.048380 
10.010010 2.733082 0.049888 
10.000000 2.748905 0.051463 
9.990010 2.765122 0.053108 
9.980040 2.781750 0.054828 
9.970090 2.798806 0.056628 
9.960159 2.816309 0.058512 
9.950249 2.834278 0.060485 
9.940358 2.852733 0.062553 
9.930487 2.871697 0.064723 
9.920635 2.891193 0.067000 
9.910803 2.911245 0.069393 
9.900990 2.931880 0.071907 
9.891197 2.953126 0.074553 
9.881423 2.975013 0.077339 
9.871668 2.997572 0.080276 
9.861933 3.020837 0.083373 
9.852217 3.044845 0.086643 
9.842520 3.069635 0.090100 
9.832842 3.095249 0.093757 
9.823183 3.121732 0.097630 
9.813543 3.149132 0.101736 
9.803922 3.177501 0.106096 
9.794319 3.206895 0.110729 
9.784736 3.237376 0.115660 
9.775171 3.269009 0.120915 
9.765625 3.301864 0.126522 
9.756098 3.336020 0.132514 
9.746589 3.371560 0.138929 
9.737098 3.408577 0.145806 
9.727626 3.447170 0.153191 
9.718173 3.487449 0.161138 
9.708738 3.529534 0.169704 
9.699321 3.573557 0.178957 
9.689922 3.619664 0.188973 
9.680542 3.668014 0.199841 
9.671180 3.718785 0.211659 
9.661836 3.772175 0.224546 
9.652510 3.828402 0.238636 
9.643202 3.887710 0.254085 
9.633911 3.950372 0.271079 
9.624639 4.016694 0.289834 
9.615385 4.087020 0.310607 
9.606148 4.161737 0.333702 
9.596929 4.241283 0.359487 
9.587728 4.326152 0.388404 
9.578544 4.416907 0.420990 
9.569378 4.514186 0.457904 
9.560229 4.618714 0.499959 
9.551098 4.731314 0.548169 
9.541985 4.852915 0.603810 
9.532888 4.984564 0.668502 
9.523810 5.127420 0.744325 
9.514748 5.282737 0.833976 
9.505703 5.451813 0.940993 
9.496676 5.635873 1.070058 
9.487666 5.835826 1.227425 
9.478673 6.051788 1.421486 
9.469697 6.282165 1.663487 
9.460738 6.521937 1.968270 
9.451796 6.759582 2.354612 
9.442871 6.971982 2.843878 
9.433962 7.117455 3.454090 
9.425071 7.130796 4.184724 
9.416196 6.932770 4.991016 
9.407338 6.470588 5.765982 
9.398496 5.774437 6.371468 
9.389671 4.962110 6.719079 
9.380863 4.167136 6.816504 
9.372071 3.471784 6.733412 
9.363296 2.900248 6.545870 
9.354537 2.443584 6.309539 
9.345794 2.081645 6.057978 
9.337068 1.793962 5.809166 
9.328358 1.563399 5.571785 
9.319664 1.376640 5.349411 
9.310987 1.223639 5.142959 
9.302326 1.096881 4.952031 
9.293680 0.990740 4.775631 
9.285051 0.900971 4.612543 
9.276438 0.824350 4.461515 
9.267841 0.758396 4.321354 
9.259259 0.701184 4.190961 
9.250694 0.651201 4.069347 
9.242144 0.607250 3.955631 
9.233610 0.568373 3.849031 
9.225092 0.533794 3.748858 
9.216590 0.502884 3.654504 
9.208103 0.475125 3.565430 
9.199632 0.450088 3.481161 
9.191176 0.427417 3.401275 
9.182736 0.406811 3.325398 
9.174312 0.388020 3.253196 
9.165903 0.370827 3.184372 
9.157509 0.355050 3.118660 
9.149131 0.340533 3.055820 
9.140768 0.327140 2.995637 
9.132420 0.314754 2.937918 
9.124088 0.303272 2.882486 
9.115770 0.292607 2.829182 
9.107468 0.282679 2.777862 
9.099181 0.273421 2.728394 
9.090909 0.264772 2.680658 
9.082652 0.256678 2.634543 
9.074410 0.249092 2.589948 
9.066183 0.241971 2.546781 
9.057971 0.235277 2.504956 
9.049774 0.228977 2.464395 
9.041591 0.223040 2.425023 
9.033424 0.217439 2.386774 
9.025271 0.212149 2.349584 
9.017133 0.207148 2.313396 
9.009009 0.202416 2.278155 
9.000900 0.197934 2.243810 
8.992806 0.193686 2.210313 
8.984726 0.189657 2.177620 
8.976661 0.185833 2.145689 
8.968610 0.182203 2.114480 
8.960573 0.178754 2.083957 
8.952551 0.175477 2.054084 
8.944544 0.172362 2.024827 
8.936550 0.169401 1.996155 
8.928571 0.166587 1.968037 
8.920607 0.163913 1.940444 
8.912656 0.161373 1.913349 
8.904720 0.158962 1.886724 
8.896797 0.156675 1.860544 
8.888889 0.154510 1.834783 
8.880995 0.152462 1.809416 
8.873114 0.150531 1.784419 
8.865248 0.148713 1.759767 
8.857396 0.147011 1.735438 
8.849558 0.145423 1.711406 
8.841733 0.143953 1.687647 
8.833922 0.142602 1.664136 
8.826125 0.141378 1.640847 
8.818342 0.140286 1.617754 
8.810573 0.139337 1.594829 
8.802817 0.138542 1.572041 
8.795075 0.137919 1.549359 
8.787346 0.137488 1.526749 
8.779631 0.137279 1.504174 
8.771930 0.137326 1.481592 
8.764242 0.137677 1.458961 
8.756567 0.138393 1.436232 
8.748906 0.139556 1.413354 
8.741259 0.141272 1.390274 
8.733624 0.143685 1.366939 
8.726003 0.146986 1.343304 
8.718396 0.151435 1.319345 
8.710801 0.157380 1.295080 
8.703220 0.165283 1.270619 
8.695652 0.175749 1.246236 
8.688097 0.189514 1.222514 
8.680556 0.207364 1.200550 
8.673027 0.229843 1.182220 
8.665511 0.256601 1.170325 
8.658009 0.285363 1.168136 
8.650519 0.311179 1.177753 
8.643042 0.327484 1.197618 
8.635579 0.329616 1.221622 
8.628128 0.318019 1.241966 
8.620690 0.297536 1.253485 
8.613264 0.273866 1.255227 
8.605852 0.250991 1.248954 
8.598452 0.230792 1.237146 
8.591065 0.213753 1.221913 
8.583691 0.199681 1.204740 
8.576329 0.188147 1.186574 
8.568980 0.178692 1.167988 
8.561644 0.170914 1.149316 
8.554320 0.164479 1.130741 
8.547009 0.159123 1.112364 
8.539710 0.154639 1.094231 
8.532423 0.150865 1.076357 
8.525149 0.147676 1.058744 
8.517888 0.144971 1.041379 
8.510638 0.142673 1.024249 
8.503401 0.140721 1.007336 
8.496177 0.139066 0.990622 
8.488964 0.137668 0.974088 
8.481764 0.136495 0.957717 
8.474576 0.135523 0.941493 
8.467401 0.134730 0.925399 
8.460237 0.134099 0.909421 
8.453085 0.133618 0.893544 
8.445946 0.133276 0.877755 
8.438819 0.133063 0.862040 
8.431703 0.132973 0.846389 
8.424600 0.133002 0.830789 
8.417508 0.133145 0.815229 
8.410429 0.133400 0.799697 
8.403361 0.133765 0.784184 
8.396306 0.134242 0.768678 
8.389262 0.134829 0.753170 
8.382230 0.135531 0.737649 
8.375209 0.136348 0.722105 
8.368201 0.137285 0.706527 
8.361204 0.138348 0.690906 
8.354219 0.139542 0.675231 
8.347245 0.140874 0.659492 
8.340284 0.142353 0.643677 
8.333333 0.143990 0.627777 
8.326395 0.145796 0.611780 
8.319468 0.147785 0.595676 
8.312552 0.149973 0.579454 
8.305648 0.152378 0.563104 
8.298755 0.155021 0.546615 
8.291874 0.157927 0.529977 
8.285004 0.161124 0.513183 
8.278146 0.164644 0.496225 
8.271299 0.168525 0.479099 
8.264463 0.172808 0.461804 
8.257638 0.177541 0.444343 
8.250825 0.182780 0.426728 
8.244023 0.188582 0.408979 
8.237232 0.195014 0.391126 
8.230453 0.202143 0.373218 
8.223684 0.210037 0.355320 
8.216927 0.218758 0.337521 
8.210181 0.228355 0.319931 
8.203445 0.238853 0.302683 
8.196721 0.250246 0.285924 
8.190008 0.262490 0.269808 
8.183306 0.275497 0.254477 
8.176615 0.289143 0.240046 
8.169935 0.303279 0.226595 
8.163265 0.317747 0.214161 
8.156607 0.332393 0.202742 
8.149959 0.347080 0.192300 
8.143322 0.361693 0.182777 
8.136697 0.376143 0.174102 
8.130081 0.390361 0.166196 
8.123477 0.404303 0.158983 
8.116883 0.417935 0.152389 
8.110300 0.431241 0.146348 
8.103728 0.444210 0.140798 
8.097166 0.456841 0.135685 
8.090615 0.469137 0.130962 
8.084074 0.481103 0.126586 
8.077544 0.492748 0.122522 
8.071025 0.504082 0.118736 
8.064516 0.515115 0.115201 
8.058018 0.525859 0.111892 
8.051530 0.536324 0.108788 
8.045052 0.546521 0.105869 
8.038585 0.556462 0.103118 
8.032129 0.566156 0.100522 
8.025682 0.575614 0.098067 
8.019246 0.584845 0.095740 
8.012821 0.593858 0.093532 
8.006405 0.602663 0.091434 
8.000000 0.611267 0.089436 
7.993605 0.619679 0.087532 
7.987220 0.627905 0.085715 
7.980846 0.635953 0.083978 
7.974482 0.643830 0.082316 
7.968127 0.651542 0.080724 
7.961783 0.659096 0.079198 
7.955449 0.666496 0.077732 
7.949126 0.673748 0.076324 
7.942812 0.680858 0.074970 
7.936508 0.687830 0.073667 
7.930214 0.694669 0.072411 
7.923930 0.701380 0.071200 
7.917656 0.707966 0.070032 
7.911392 0.714432 0.068904 
7.905138 0.720782 0.067814 
7.898894 0.727018 0.066760 
7.892660 0.733146 0.065740 
7.886435 0.739168 0.064752 
7.880221 0.745086 0.063795 
7.874016 0.750905 0.062868 
7.867821 0.756628 0.061969 
7.861635 0.762256 0.061096 
7.855460 0.767793 0.060249 
7.849294 0.773241 0.059425 
7.843137 0.778602 0.058625 
7.836991 0.783880 0.057848 
7.830854 0.789076 0.057091 
7.824726 0.794192 0.056355 
7.818608 0.799231 0.055638 
7.812500 0.804194 0.054940 
7.806401 0.809084 0.054260 
7.800312 0.813902 0.053597 
7.794232 0.818650 0.052950 
7.788162 0.823329 0.052320 
7.782101 0.827943 0.051705 
7.776050 0.832491 0.051104 
7.770008 0.836976 0.050518 
7.763975 0.841399 0.049945 
7.757952 0.845761 0.049386 
7.751938 0.850064 0.048839 
7.745933 0.854310 0.048305 
7.739938 0.858499 0.047782 
7.733952 0.862633 0.047271 
7.727975 0.866713 0.046771 
7.722008 0.870740 0.046282 
7.716049 0.874716 0.045803 
7.710100 0.878641 0.045334 
7.704160 0.882516 0.044875 
7.698229 0.886343 0.044425 
7.692308 0.890123 0.043984 
7.686395 0.893856 0.043552 
7.680492 0.897544 0.043129 
7.674597 0.901186 0.042714 
7.668712 0.904786 0.042306 
7.662835 0.908342 0.041907 
7.656968 0.911856 0.041515 
7.651109 0.915330 0.041131 
7.645260 0.918762 0.040754 
7.639419 0.922155 0.040384 
7.633588 0.925510 0.040020 
7.627765 0.928826 0.039663 
7.621951 0.932104 0.039313 
7.616146 0.935346 0.038968 
7.610350 0.938552 0.038630 
7.604563 0.941722 0.038298 
7.598784 0.944858 0.037971 
7.593014 0.947959 0.037650 
7.587253 0.951027 0.037334 
7.581501 0.954062 0.037024 
7.575758 0.957065 0.036719 
7.570023 0.960035 0.036419 
7.564297 0.962975 0.036124 
7.558579 0.965884 0.035833 
7.552870 0.968762 0.035547 
7.547170 0.971611 0.035266 
7.541478 0.974430 0.034990 
7.535795 0.977221 0.034717 
7.530120 0.979983 0.034449 
7.524454 0.982718 0.034185 
7.518797 0.985425 0.033925 
7.513148 0.988106 0.033669 
7.507508 0.990760 0.033417 
7.501875 0.993387 0.033169 
7.496252 0.995990 0.032924 
7.490637 0.998567 0.032683 
7.485030 1.001119 0.032445 
7.479432 1.003646 0.032211 
7.473842 1.006150 0.031980 
7.468260 1.008630 0.031753 
7.462687 1.011086 0.031529 
7.457122 1.013519 0.031308 
7.451565 1.015930 0.031090 
7.446016 1.018319 0.030875 
7.440476 1.020685 0.030663 
7.434944 1.023030 0.030454 
7.429421 1.025353 0.030248 
7.423905 1.027655 0.030045 
7.418398 1.029937 0.029844 
7.412898 1.032198 0.029646 
7.407407 1.034439 0.029451 
7.401925 1.036660 0.029258 
7.396450 1.038861 0.029068 
7.390983 1.041044 0.028880 
7.385524 1.043207 0.028695 
7.380074 1.045351 0.028512 
7.374631 1.047477 0.028331 
7.369197 1.049584 0.028153 
7.363770 1.051674 0.027977 
7.358352 1.053746 0.027803 
7.352941 1.055800 0.027631 
7.347539 1.057837 0.027462 
7.342144 1.059856 0.027294 
7.336757 1.061859 0.027129 
7.331378 1.063846 0.026965 
7.326007 1.065816 0.026804 
7.320644 1.067769 0.026644 
7.315289 1.069707 0.026487 
7.309942 1.071629 0.026331 
7.304602 1.073535 0.026177 
7.299270 1.075426 0.026025 
7.293946 1.077302 0.025875 
7.288630 1.079163 0.025726 
7.283321 1.081009 0.025579 
7.278020 1.082840 0.025434 
7.272727 1.084657 0.025290 
7.267442 1.086460 0.025148 
7.262164 1.088249 0.025008 
7.256894 1.090023 0.024869 
7.251632 1.091784 0.024732 
7.246377 1.093532 0.024597 
7.241130 1.095266 0.024462 
7.235890 1.096986 0.024330 
7.230658 1.098694 0.024198 
7.225434 1.100389 0.024069 
7.220217 1.102071 0.023940 
7.215007 1.103740 0.023813 
7.209805 1.105397 0.023687 
7.204611 1.107042 0.023563 
7.199424 1.108674 0.023440 
7.194245 1.110294 0.023318 
7.189073 1.111903 0.023198 
7.183908 1.113499 0.023078 
7.178751 1.115084 0.022960 
7.173601 1.116658 0.022844 
7.168459 1.118220 0.022728 
7.163324 1.119771 0.022614 
7.158196 1.121310 0.022500 
7.153076 1.122839 0.022388 
7.147963 1.124357 0.022277 
7.142857 1.125864 0.022167 
7.137759 1.127361 0.022059 
7.132668 1.128847 0.021951 
7.127584 1.130322 0.021844 
7.122507 1.131787 0.021739 
7.117438 1.133243 0.021634 
7.112376 1.134688 0.021531 
7.107321 1.136123 0.021428 
7.102273 1.137548 0.021326 
7.097232 1.138963 0.021226 
7.092199 1.140369 0.021126 
7.087172 1.141766 0.021028 
7.082153 1.143152 0.020930 
7.077141 1.144530 0.020833 
7.072136 1.145898 0.020737 
7.067138 1.147257 0.020642 
7.062147 1.148607 0.020548 
7.057163 1.149949 0.020455 
7.052186 1.151281 0.020362 
7.047216 1.152604 0.020271 
7.042254 1.153919 0.020180 
7.037298 1.155225 0.020090 
7.032349 1.156523 0.020001 
7.027407 1.157812 0.019913 
7.022472 1.159093 0.019825 
7.017544 1.160366 0.019739 
7.012623 1.161630 0.019653 
7.007708 1.162887 0.019567 
7.002801 1.164135 0.019483 
6.997901 1.165376 0.019399 
6.993007 1.166608 0.019316 
6.988120 1.167833 0.019234 
6.983240 1.169050 0.019152 
6.978367 1.170260 0.019072 
6.973501 1.171462 0.018992 
6.968641 1.172656 0.018912 
6.963788 1.173843 0.018833 
6.958942 1.175023 0.018755 
6.954103 1.176195 0.018678 
6.949270 1.177361 0.018601 
6.944444 1.178519 0.018525 
6.939625 1.179670 0.018449 
6.934813 1.180814 0.018374 
6.930007 1.181951 0.018300 
6.925208 1.183081 0.018226 
6.920415 1.184205 0.018153 
6.915629 1.185321 0.018081 
6.910850 1.186431 0.018009 
6.906077 1.187535 0.017938 
6.901311 1.188632 0.017867 
6.896552 1.189722 0.017797 
6.891799 1.190806 0.017727 
6.887052 1.191884 0.017658 
6.882312 1.192955 0.017590 
6.877579 1.194020 0.017522 
6.872852 1.195079 0.017455 
6.868132 1.196131 0.017388 
6.863418 1.197178 0.017321 
6.858711 1.198218 0.017256 
6.854010 1.199253 0.017190 
6.849315 1.200281 0.017126 
6.844627 1.201304 0.017061 
6.839945 1.202321 0.016998 
6.835270 1.203332 0.016934 
6.830601 1.204337 0.016871 
6.825939 1.205337 0.016809 
6.821282 1.206331 0.016747 
6.816633 1.207320 0.016686 
6.811989 1.208302 0.016625 
6.807352 1.209280 0.016564 
6.802721 1.210252 0.016504 
6.798097 1.211219 0.016445 
6.793478 1.212180 0.016386 
6.788866 1.213136 0.016327 
6.784261 1.214086 0.016269 
6.779661 1.215032 0.016211 
6.775068 1.215972 0.016153 
6.770481 1.216907 0.016096 
6.765900 1.217838 0.016040 
6.761325 1.218763 0.015984 
6.756757 1.219683 0.015928 
6.752194 1.220598 0.015872 
6.747638 1.221508 0.015817 
6.743088 1.222413 0.015763 
6.738544 1.223314 0.015709 
6.734007 1.224210 0.015655 
6.729475 1.225100 0.015601 
6.724950 1.225987 0.015548 
6.720430 1.226868 0.015496 
6.715917 1.227745 0.015443 
6.711409 1.228617 0.015391 
6.706908 1.229485 0.015340 
6.702413 1.230348 0.015289 
6.697924 1.231207 0.015238 
6.693440 1.232061 0.015187 
6.688963 1.232911 0.015137 
6.684492 1.233757 0.015087 
6.680027 1.234598 0.015038 
6.675567 1.235434 0.014989 
6.671114 1.236267 0.014940 
6.666667 1.237095 0.014891 
6.662225 1.237919 0.014843 
6.657790 1.238739 0.014795 
6.653360 1.239554 0.014748 
6.648936 1.240366 0.014700 
6.644518 1.241173 0.014654 
6.640106 1.241977 0.014607 
6.635700 1.242776 0.014561 
6.631300 1.243571 0.014515 
6.626905 1.244363 0.014469 
6.622517 1.245150 0.014424 
6.618134 1.245934 0.014379 
6.613757 1.246713 0.014334 
6.609385 1.247489 0.014289 
6.605020 1.248261 0.014245 
6.600660 1.249029 0.014201 
6.596306 1.249794 0.014157 
6.591958 1.250555 0.014114 
6.587615 1.251312 0.014071 
6.583278 1.252065 0.014028 
6.578947 1.252815 0.013986 
6.574622 1.253561 0.013943 
6.570302 1.254303 0.013901 
6.565988 1.255042 0.013860 
6.561680 1.255777 0.013818 
6.557377 1.256509 0.013777 
6.553080 1.257237 0.013736 
6.548788 1.257962 0.013695 
6.544503 1.258684 0.013655 
6.540222 1.259402 0.013614 
6.535948 1.260116 0.013575 
6.531679 1.260827 0.013535 
6.527415 1.261535 0.013495 
6.523157 1.262240 0.013456 
6.518905 1.262941 0.013417 
6.514658 1.263639 0.013378 
6.510417 1.264334 0.013340 
6.506181 1.265025 0.013301 
6.501951 1.265714 0.013263 
6.497726 1.266399 0.013226 
6.493506 1.267081 0.013188 
6.489293 1.267759 0.013151 
6.485084 1.268435 0.013113 
6.480881 1.269108 0.013076 
6.476684 1.269777 0.013040 
6.472492 1.270444 0.013003 
6.468305 1.271107 0.012967 
6.464124 1.271768 0.012931 
6.459948 1.272425 0.012895 
6.455778 1.273079 0.012859 
6.451613 1.273731 0.012824 
6.447453 1.274380 0.012788 
6.443299 1.275025 0.012753 
6.439150 1.275668 0.012719 
6.435006 1.276308 0.012684 
6.430868 1.276945 0.012649 
6.426735 1.277579 0.012615 
6.422608 1.278211 0.012581 
6.418485 1.278839 0.012547 
6.414368 1.279465 0.012514 
6.410256 1.280088 0.012480 
6.406150 1.280709 0.012447 
6.402049 1.281326 0.012414 
6.397953 1.281941 0.012381 
6.393862 1.282554 0.012348 
6.389776 1.283163 0.012315 
6.385696 1.283770 0.012283 
6.381621 1.284374 0.012251 
6.377551 1.284976 0.012219 
6.373486 1.285575 0.012187 
6.369427 1.286172 0.012155 
6.365372 1.286766 0.012124 
6.361323 1.287357 0.012092 
6.357279 1.287946 0.012061 
6.353240 1.288532 0.012030 
6.349206 1.289116 0.011999 
6.345178 1.289698 0.011969 
6.341154 1.290277 0.011938 
6.337136 1.290853 0.011908 
6.333122 1.291427 0.011878 
6.329114 1.291999 0.011848 
6.325111 1.292568 0.011818 
6.321113 1.293135 0.011788 
6.317119 1.293699 0.011759 
6.313131 1.294261 0.011729 
6.309148 1.294821 0.011700 
6.305170 1.295379 0.011671 
6.301197 1.295934 0.011642 
6.297229 1.296487 0.011613 
6.293266 1.297037 0.011585 
6.289308 1.297585 0.011556 
6.285355 1.298131 0.011528 
6.281407 1.298675 0.011500 
6.277464 1.299217 0.011472 
6.273526 1.299756 0.011444 
6.269592 1.300293 0.011416 
6.265664 1.300828 0.011389 
6.261741 1.301361 0.011361 
6.257822 1.301891 0.011334 
6.253909 1.302420 0.011307 
6.250000 1.302946 0.011280 