   2.000000   2.38592005   0.00011390
   2.008000   2.38568687   0.00011533
   2.016032   2.38544869   0.00011676
   2.024096   2.38521242   0.00011817
   2.032192   2.38497138   0.00011959
   2.040321   2.38472152   0.00012109
   2.048482   2.38448071   0.00012259
   2.056676   2.38423157   0.00012408
   2.064902   2.38398290   0.00012557
   2.073162   2.38372970   0.00012715
   2.081454   2.38347507   0.00012873
   2.089780   2.38322139   0.00013029
   2.098139   2.38296461   0.00013185
   2.106531   2.38269901   0.00013351
   2.114957   2.38243842   0.00013512
   2.123417   2.38217974   0.00013680
   2.131910   2.38191247   0.00013844
   2.140438   2.38164330   0.00014017
   2.148999   2.38137150   0.00014189
   2.157595   2.38109779   0.00014361
   2.166225   2.38082552   0.00014535
   2.174890   2.38054419   0.00014713
   2.183590   2.38026404   0.00014896
   2.192324   2.37998533   0.00015082
   2.201093   2.37969756   0.00015262
   2.209897   2.37941098   0.00015449
   2.218737   2.37912583   0.00015644
   2.227612   2.37883162   0.00015834
   2.236522   2.37853861   0.00016031
   2.245468   2.37823701   0.00016227
   2.254449   2.37794447   0.00016424
   2.263467   2.37763691   0.00016627
   2.272521   2.37733865   0.00016831
   2.281611   2.37703133   0.00017039
   2.290737   2.37672544   0.00017247
   2.299900   2.37641048   0.00017460
   2.309099   2.37609673   0.00017682
   2.318336   2.37578130   0.00017896
   2.327609   2.37546277   0.00018117
   2.336919   2.37513852   0.00018338
   2.346267   2.37481308   0.00018567
   2.355651   2.37448502   0.00018795
   2.365074   2.37415791   0.00019022
   2.374534   2.37382293   0.00019259
   2.384032   2.37349081   0.00019496
   2.393568   2.37315011   0.00019737
   2.403142   2.37281084   0.00019980
   2.412755   2.37246919   0.00020231
   2.422405   2.37211871   0.00020481
   2.432095   2.37176943   0.00020731
   2.441823   2.37142110   0.00020989
   2.451590   2.37106371   0.00021246
   2.461396   2.37070751   0.00021512
   2.471242   2.37034369   0.00021778
   2.481127   2.36997771   0.00022042
   2.491051   2.36961317   0.00022315
   2.501015   2.36924005   0.00022597
   2.511019   2.36886883   0.00022871
   2.521063   2.36849260   0.00023157
   2.531147   2.36811066   0.00023446
   2.541271   2.36773396   0.00023734
   2.551436   2.36734867   0.00024021
   2.561641   2.36695504   0.00024325
   2.571888   2.36656284   0.00024621
   2.582175   2.36617231   0.00024928
   2.592504   2.36577320   0.00025238
   2.602874   2.36536574   0.00025550
   2.613285   2.36495948   0.00025870
   2.623738   2.36455512   0.00026190
   2.634233   2.36414194   0.00026518
   2.644769   2.36372709   0.00026840
   2.655349   2.36331034   0.00027173
   2.665970   2.36288214   0.00027509
   2.676633   2.36246252   0.00027856
   2.687340   2.36202860   0.00028201
   2.698089   2.36159921   0.00028550
   2.708881   2.36116171   0.00028908
   2.719716   2.36072040   0.00029260
   2.730595   2.36027384   0.00029630
   2.741517   2.35982585   0.00029998
   2.752483   2.35937977   0.00030365
   2.763493   2.35891914   0.00030751
   2.774547   2.35846329   0.00031127
   2.785645   2.35800290   0.00031518
   2.796787   2.35753441   0.00031909
   2.807974   2.35705781   0.00032309
   2.819206   2.35658288   0.00032708
   2.830482   2.35611010   0.00033115
   2.841804   2.35562873   0.00033531
   2.853171   2.35513973   0.00033950
   2.864583   2.35465217   0.00034368
   2.876042   2.35415316   0.00034800
   2.887546   2.35365272   0.00035237
   2.899096   2.35315084   0.00035669
   2.910692   2.35264063   0.00036119
   2.922335   2.35213208   0.00036568
   2.934023   2.35161567   0.00037024
   2.945759   2.35109329   0.00037489
   2.957542   2.35056949   0.00037960
   2.969372   2.35003805   0.00038434
   2.981249   2.34950852   0.00038913
   2.993174   2.34897137   0.00039399
   3.005147   2.34842634   0.00039894
   3.017167   2.34788322   0.00040391
   3.029236   2.34732914   0.00040897
   3.041352   2.34677410   0.00041406
   3.053517   2.34620905   0.00041932
   3.065732   2.34564328   0.00042457
   3.077994   2.34507108   0.00042989
   3.090306   2.34450126   0.00043529
   3.102667   2.34391999   0.00044070
   3.115077   2.34332895   0.00044623
   3.127537   2.34274054   0.00045186
   3.140048   2.34214449   0.00045756
   3.152607   2.34155107   0.00046329
   3.165218   2.34094000   0.00046910
   3.177878   2.34033155   0.00047499
   3.190590   2.33971548   0.00048095
   3.203352   2.33909178   0.00048698
   3.216165   2.33847070   0.00049319
   3.229029   2.33784199   0.00049938
   3.241945   2.33720565   0.00050564
   3.254913   2.33656168   0.00051206
   3.267932   2.33591199   0.00051848
   3.281004   2.33526134   0.00052499
   3.294127   2.33459687   0.00053163
   3.307304   2.33393359   0.00053836
   3.320533   2.33326292   0.00054517
   3.333815   2.33259511   0.00055205
   3.347150   2.33191013   0.00055900
   3.360538   2.33121872   0.00056611
   3.373980   2.33052802   0.00057322
   3.387476   2.32983112   0.00058049
   3.401025   2.32912683   0.00058782
   3.414629   2.32841516   0.00059530
   3.428288   2.32769632   0.00060284
   3.442000   2.32697439   0.00061046
   3.455768   2.32624602   0.00061824
   3.469591   2.32551074   0.00062604
   3.483469   2.32476830   0.00063401
   3.497403   2.32401896   0.00064204
   3.511392   2.32326269   0.00065017
   3.525437   2.32250047   0.00065841
   3.539539   2.32173753   0.00066683
   3.553697   2.32096148   0.00067532
   3.567911   2.32018137   0.00068389
   3.582183   2.31939530   0.00069258
   3.596512   2.31859851   0.00070139
   3.610897   2.31780076   0.00071037
   3.625340   2.31698895   0.00071940
   3.639842   2.31617880   0.00072859
   3.654401   2.31535196   0.00073787
   3.669018   2.31452060   0.00074727
   3.683694   2.31368804   0.00075686
   3.698428   2.31284547   0.00076650
   3.713222   2.31199312   0.00077631
   3.728075   2.31113434   0.00078627
   3.742986   2.31026912   0.00079629
   3.757958   2.30939746   0.00080649
   3.772990   2.30851603   0.00081687
   3.788081   2.30762482   0.00082725
   3.803234   2.30672741   0.00083788
   3.818446   2.30582523   0.00084868
   3.833720   2.30491376   0.00085953
   3.849054   2.30399752   0.00087057
   3.864450   2.30306506   0.00088179
   3.879908   2.30213499   0.00089308
   3.895427   2.30118585   0.00090460
   3.911009   2.30023980   0.00091628
   3.926652   2.29927206   0.00092806
   3.942358   2.29830241   0.00093999
   3.958128   2.29732919   0.00095216
   3.973960   2.29633999   0.00096443
   3.989856   2.29534459   0.00097687
   4.005815   2.29434323   0.00098951
   4.021838   2.29332972   0.00100000
   4.037925   2.29231238   0.00101731
   4.054077   2.29128456   0.00103000
   4.070292   2.29023814   0.00104000
   4.086574   2.28919601   0.00105876
   4.102920   2.28813815   0.00107000
   4.119331   2.28707433   0.00108000
   4.135808   2.28599453   0.00110000
   4.152351   2.28491282   0.00111000
   4.168960   2.28381276   0.00112481
   4.185636   2.28270698   0.00114000
   4.202378   2.28159547   0.00115103
   4.219187   2.28046989   0.00117000
   4.236063   2.27933574   0.00118601
   4.253007   2.27819443   0.00120000
   4.270019   2.27703357   0.00121976
   4.287099   2.27587128   0.00123000
   4.304247   2.27469587   0.00125000
   4.321464   2.27351069   0.00126809
   4.338749   2.27231264   0.00128000
   4.356104   2.27110934   0.00130000
   4.373528   2.26989079   0.00131370
   4.391022   2.26865888   0.00133000
   4.408586   2.26742554   0.00135000
   4.426220   2.26616740   0.00137000
   4.443924   2.26490426   0.00139000
   4.461699   2.26363587   0.00140377
   4.479546   2.26235271   0.00142000
   4.497464   2.26105475   0.00144000
   4.515454   2.25974894   0.00146000
   4.533515   2.25842810   0.00148000
   4.551649   2.25709605   0.00150000
   4.569855   2.25575399   0.00152000
   4.588134   2.25439739   0.00154000
   4.606486   2.25302625   0.00156000
   4.624912   2.25164890   0.00158000
   4.643412   2.25025797   0.00160000
   4.661984   2.24885249   0.00162000
   4.680632   2.24743271   0.00164236
   4.699354   2.24599862   0.00166207
   4.718152   2.24455833   0.00169000
   4.737023   2.24309611   0.00171000
   4.755972   2.24162960   0.00173000
   4.774995   2.24014068   0.00175815
   4.794095   2.23864746   0.00178000
   4.813271   2.23713541   0.00180454
   4.832523   2.23560882   0.00183000
   4.851853   2.23407340   0.00185000
   4.871261   2.23251653   0.00187710
   4.890745   2.23095202   0.00190000
   4.910308   2.22937083   0.00193000
   4.929949   2.22776866   0.00195000
   4.949668   2.22615743   0.00198000
   4.969466   2.22453618   0.00200936
   4.989344   2.22289467   0.00203502
   5.009301   2.22123933   0.00206041
   5.029338   2.21956563   0.00209000
   5.049455   2.21787882   0.00212000
   5.069653   2.21617389   0.00214505
   5.089931   2.21445608   0.00217941
   5.110291   2.21272159   0.00220351
   5.130731   2.21097136   0.00223736
   5.151253   2.20920324   0.00226096
   5.171858   2.20741534   0.00229430
   5.192545   2.20561576   0.00232739
   5.213315   2.20379353   0.00236000
   5.234168   2.20196557   0.00239000
   5.255105   2.20011544   0.00242515
   5.276125   2.19824266   0.00245724
   5.297228   2.19635749   0.00249000
   5.318417   2.19444895   0.00252068
   5.339690   2.19252491   0.00256000
   5.361050   2.19058943   0.00259314
   5.382493   2.18862200   0.00263000
   5.404022   2.18664742   0.00266462
   5.425638   2.18464994   0.00270500
   5.447340   2.18263531   0.00274000
   5.469129   2.18059874   0.00278000
   5.491005   2.17854047   0.00281470
   5.512969   2.17646575   0.00285412
   5.535021   2.17437100   0.00289331
   5.557160   2.17225885   0.00294000
   5.579388   2.17012405   0.00298000
   5.601706   2.16797018   0.00301945
   5.624112   2.16578746   0.00306000
   5.646608   2.16359282   0.00310571
   5.669194   2.16137338   0.00315000
   5.691870   2.15912890   0.00319106
   5.714638   2.15686464   0.00323838
   5.737495   2.15458083   0.00328548
   5.760445   2.15227365   0.00333235
   5.783486   2.14995146   0.00337899
   5.806621   2.14759278   0.00342541
   5.829846   2.14522123   0.00347160
   5.853165   2.14281702   0.00352000
   5.876577   2.14039421   0.00357331
   5.900084   2.13795114   0.00361884
   5.923683   2.13548374   0.00367414
   5.947378   2.13298488   0.00372922
   5.971167   2.13046217   0.00378409
   5.995051   2.12791967   0.00383873
   6.019031   2.12534857   0.00389316
   6.043107   2.12274909   0.00394737
   6.067278   2.12012339   0.00400136
   6.091548   2.11747813   0.00406028
   6.115913   2.11480474   0.00411870
   6.140376   2.11209536   0.00418205
   6.164937   2.10936999   0.00423519
   6.189597   2.10660958   0.00429812
   6.214355   2.10382557   0.00436084
   6.239212   2.10100961   0.00442668
   6.264168   2.09817004   0.00449127
   6.289225   2.09529734   0.00455773
   6.314381   2.09239244   0.00461961
   6.339638   2.08946705   0.00469128
   6.364995   2.08650064   0.00476275
   6.390456   2.08351326   0.00483401
   6.416017   2.08048582   0.00490507
   6.441680   2.07743454   0.00497592
   6.467446   2.07434893   0.00504658
   6.493317   2.07123423   0.00512406
   6.519289   2.06808138   0.00520456
   6.545366   2.06489086   0.00527733
   6.571546   2.06167340   0.00535718
   6.597833   2.05842900   0.00543683
   6.624224   2.05513883   0.00552257
   6.650720   2.05182314   0.00560108
   6.677322   2.04846239   0.00568920
   6.704031   2.04506731   0.00577694
   6.730846   2.04164815   0.00586428
   6.757770   2.03817558   0.00595123
   6.784801   2.03468037   0.00604780
   6.811940   2.03113580   0.00613398
   6.839186   2.02755833   0.00622978
   6.866543   2.02394247   0.00632520
   6.894009   2.02029061   0.00642024
   6.921585   2.01659155   0.00652490
   6.949269   2.01285315   0.00662376
   6.977067   2.00907516   0.00672462
   7.004974   2.00525880   0.00682661
   7.032994   2.00139451   0.00693977
   7.061125   1.99749112   0.00704384
   7.089369   1.99354589   0.00715498
   7.117725   1.98955083   0.00727054
   7.146197   1.98551643   0.00738808
   7.174780   1.98142874   0.00750504
   7.203479   1.97730458   0.00762148
   7.232292   1.97313178   0.00774157
   7.261221   1.96890485   0.00786272
   7.290266   1.96463943   0.00799752
   7.319427   1.96032131   0.00812180
   7.348703   1.95594776   0.00825552
   7.378098   1.95153213   0.00838873
   7.407610   1.94706237   0.00852140
   7.437240   1.94253373   0.00866355
   7.466988   1.93795943   0.00880516
   7.496856   1.93333030   0.00894625
   7.526843   1.92864525   0.00909683
   7.556949   1.92390800   0.00924687
   7.587176   1.91911757   0.00940187
   7.617525   1.91426229   0.00955543
   7.647995   1.90934944   0.00971524
   7.678586   1.90438139   0.00988191
   7.709300   1.89935076   0.01004586
   7.740137   1.89426637   0.01021516
   7.771096   1.88911283   0.01039378
   7.802180   1.88389361   0.01057173
   7.833388   1.87861657   0.01074900
   7.864722   1.87326717   0.01093563
   7.896179   1.86785603   0.01112157
   7.927764   1.86237478   0.01131609
   7.959474   1.85682893   0.01151188
   7.991312   1.85121119   0.01171684
   8.023277   1.84552205   0.01192100
   8.055368   1.83976018   0.01213433
   8.087589   1.83392787   0.01234685
   8.119941   1.82801354   0.01256859
   8.152418   1.82202518   0.01279339
   8.185028   1.81595981   0.01302354
   8.217768   1.80981910   0.01326273
   8.250638   1.80358815   0.01350095
   8.283640   1.79728055   0.01374824
   8.316774   1.79089153   0.01400458
   8.350040   1.78441226   0.01426164
   8.383441   1.77784395   0.01452519
   8.416973   1.77118874   0.01479763
   8.450641   1.76444554   0.01507898
   8.484442   1.75760770   0.01535925
   8.518380   1.75067019   0.01565395
   8.552453   1.74363744   0.01595658
   8.586661   1.73651159   0.01626559
   8.621008   1.72927940   0.01657961
   8.655492   1.72194946   0.01690238
   8.690113   1.71450675   0.01723945
   8.724874   1.70696247   0.01757738
   8.759772   1.69929862   0.01793397
   8.794811   1.69153523   0.01828690
   8.829988   1.68364561   0.01865787
   8.865309   1.67564046   0.01903915
   8.900769   1.66752255   0.01943402
   8.936373   1.65926850   0.01983725
   8.972116   1.65090168   0.02025060
   9.008004   1.64239204   0.02067701
   9.044036   1.63376236   0.02112167
   9.080211   1.62498522   0.02157462
   9.116531   1.61607432   0.02203844
   9.152996   1.60702014   0.02251952
   9.189608   1.59781539   0.02301860
   9.226367   1.58846188   0.02352896
   9.263270   1.57895291   0.02405943
   9.300323   1.56928945   0.02460161
   9.337523   1.55945981   0.02517193
   9.374873   1.54945898   0.02575594
   9.412373   1.53928757   0.02635766
   9.450021   1.52893841   0.02698364
   9.487821   1.51840341   0.02762969
   9.525771   1.50767529   0.02830538
   9.563873   1.49676025   0.02900042
   9.602129   1.48563850   0.02972410
   9.640535   1.47431362   0.03047622
   9.679098   1.46276760   0.03126319
   9.717813   1.45100164   0.03207441
   9.756683   1.43901384   0.03291953
   9.795710   1.42677665   0.03379829
   9.834892   1.41430092   0.03472012
   9.874231   1.40157020   0.03568042
   9.913727   1.38857579   0.03668050
   9.953382   1.37530792   0.03773409
   9.993195   1.36174822   0.03883469
  10.033166   1.34789681   0.03999161
  10.073298   1.33373809   0.04120458
  10.113591   1.31924915   0.04247937
  10.154045   1.30443144   0.04381833
  10.194660   1.28926051   0.04523347
  10.235438   1.27372205   0.04672418
  10.276379   1.25780451   0.04830385
  10.317484   1.24147558   0.04998887
  10.358754   1.22473133   0.05176480
  10.400187   1.20753300   0.05365862
  10.441787   1.18987167   0.05568630
  10.483555   1.17171812   0.05784110
  10.525487   1.15304720   0.06016423
  10.567589   1.13382053   0.06265078
  10.609858   1.11400986   0.06533938
  10.652297   1.09357071   0.06824007
  10.694905   1.07246923   0.07139176
  10.737684   1.05066228   0.07482322
  10.780634   1.02810454   0.07857539
  10.823756   1.00474024   0.08269630
  10.867051   0.98051077   0.08724265
  10.910518   0.95534521   0.09228270
  10.954158   0.92918813   0.09790675
  10.997975   0.90195453   0.10421007
  11.041966   0.87355816   0.11133276
  11.086133   0.84392369   0.11942740
  11.130477   0.81295580   0.12869707
  11.174999   0.78058374   0.13940905
  11.219698   0.74675620   0.15188071
  11.264576   0.71142632   0.16656001
  11.309633   0.67467141   0.18398090
  11.354872   0.63671434   0.20477803
  11.400290   0.59802353   0.22971503
  11.445890   0.55944705   0.25955713
  11.491673   0.52231199   0.29487398
  11.537641   0.48838481   0.33567765
  11.583788   0.45951536   0.38115475
  11.630123   0.43722606   0.42969239
  11.676642   0.42193651   0.47917777
  11.723350   0.41343316   0.52773350
  11.770241   0.41103554   0.57382584
  11.817321   0.41390762   0.61620349
  11.864590   0.42107338   0.65368533
  11.912048   0.43120399   0.68549782
  11.959694   0.44279650   0.71092129
  12.007532   0.45403716   0.72954106
  12.055561   0.46272442   0.74148631
  12.103783   0.46684605   0.74797750
  12.152197   0.46479878   0.75077671
  12.200805   0.45546246   0.75225949
  12.249607   0.43919215   0.75504893
  12.298606   0.41710973   0.76127124
  12.347799   0.39085066   0.77261931
  12.397189   0.36259517   0.78960896
  12.446777   0.33419752   0.81199503
  12.496564   0.30721989   0.83927250
  12.546550   0.28251907   0.87013727
  12.596734   0.26056656   0.90360618
  12.647120   0.24145383   0.93875712
  12.697708   0.22493020   0.97481412
  12.748498   0.21087362   1.01129103
  12.799491   0.19883609   1.04779291
  12.850689   0.18862098   1.08408904
  12.902090   0.17989942   1.12003565
  12.953696   0.17247622   1.15555847
  13.005510   0.16613945   1.19060993
  13.057531   0.16072576   1.22518742
  13.109763   0.15609616   1.25928438
  13.162198   0.15214279   1.29293060
  13.214849   0.14876954   1.32614994
  13.267706   0.14589466   1.35896504
  13.320776   0.14344804   1.39141345
  13.374059   0.14138635   1.42351437
  13.427552   0.13966221   1.45531857
  13.481262   0.13823046   1.48682678
  13.535189   0.13706942   1.51809442
  13.589327   0.13614415   1.54912198
  13.643683   0.13543232   1.57995164
  13.698256   0.13492183   1.61060441
  13.753050   0.13459046   1.64109993
  13.808059   0.13442661   1.67146921
  13.863292   0.13441692   1.70171559
  13.918744   0.13455260   1.73186255
  13.974419   0.13483006   1.76194823
  14.030314   0.13523537   1.79196286
  14.086435   0.13576730   1.82193637
  14.142779   0.13641173   1.85188973
  14.199350   0.13718659   1.88182795
  14.256146   0.13806930   1.91176713
  14.313169   0.13905972   1.94173002
  14.370420   0.14017117   1.97172594
  14.427902   0.14138572   2.00177145
  14.485613   0.14271270   2.03187656
  14.543554   0.14415006   2.06206012
  14.601728   0.14569728   2.09233546
  14.660135   0.14735654   2.12270427
  14.718773   0.14913519   2.15319061
  14.777647   0.15103017   2.18380213
  14.836756   0.15304305   2.21455550
  14.896105   0.15518346   2.24546838
  14.955686   0.15744846   2.27654743
  15.015508   0.15985234   2.30781388
  15.075569   0.16238652   2.33926964
  15.135870   0.16507439   2.37092805
  15.196412   0.16789792   2.40281796
  15.257196   0.17089354   2.43494391
  15.318224   0.17405030   2.46732664
  15.379498   0.17738052   2.49997854
  15.441013   0.18089971   2.53290749
  15.502776   0.18460286   2.56613994
  15.564787   0.18851463   2.59968781
  15.627045   0.19264683   2.63356352
  15.689551   0.19701262   2.66780257
  15.752309   0.20162578   2.70240903
  15.815316   0.20650095   2.73739624
  15.878578   0.21165708   2.77280641
  15.942090   0.21712196   2.80863285
  16.005857   0.22290705   2.84492350
  16.069880   0.22904335   2.88168144
  16.134159   0.23555455   2.91892791
  16.198694   0.24246733   2.95670438
  16.263487   0.24981812   2.99501419
  16.328541   0.25764206   3.03390765
  16.393854   0.26597747   3.07338834
  16.459429   0.27487338   3.11348987
  16.525265   0.28436977   3.15424681
  16.591364   0.29452911   3.19568253
  16.657730   0.30541828   3.23782945
  16.724358   0.31708866   3.28070545
  16.791254   0.32962838   3.32435226
  16.858419   0.34312186   3.36879754
  16.925854   0.35765958   3.41405129
  16.993553   0.37334287   3.46015429
  17.061527   0.39031225   3.50712490
  17.129770   0.40870422   3.55497837
  17.198290   0.42866895   3.60373187
  17.267082   0.45035982   3.65337729
  17.336147   0.47398171   3.70389652
  17.405491   0.49974632   3.75526929
  17.475115   0.52789295   3.80744338
  17.545012   0.55867946   3.86034894
  17.615191   0.59240490   3.91387153
  17.685650   0.62949115   3.96786261
  17.756392   0.67029589   4.02209854
  17.827415   0.71515495   4.07627201
  17.898726   0.76447827   4.13000965
  17.970318   0.81868804   4.18282175
  18.042200   0.87818938   4.23407507
  18.114367   0.94360155   4.28287363
  18.186823   1.01516020   4.32817888
  18.259567   1.09291303   4.36882782
  18.332607   1.17681170   4.40343475
  18.405935   1.26649678   4.43039417
  18.479557   1.36145055   4.44726944
  18.553474   1.45998216   4.45259285
  18.627687   1.56006610   4.44486475
  18.702196   1.65914214   4.42285776
  18.777004   1.75364316   4.38510513
  18.852110   1.83976316   4.33240223
  18.927519   1.91425622   4.26666403
  19.003225   1.97418964   4.19027138
  19.079239   2.01574349   4.10598850
  19.155554   2.03914046   4.01802397
  19.232178   2.04409361   3.92919040
  19.309101   2.02891612   3.84231281
  19.386337   1.99222827   3.76131344
  19.463881   1.93476117   3.69128728
  19.541735   1.85804021   3.63901472
  19.619902   1.76732767   3.61095071
  19.698378   1.67009151   3.60721946
  19.777170   1.57179582   3.62862802
  19.856279   1.47764611   3.67459607
  19.935701   1.39060175   3.74122763
  20.015442   1.31377316   3.82801723
  20.095503   1.24930620   3.93318439
  20.175884   1.19787824   4.05446482
  20.256588   1.16296637   4.19313955
  20.337612   1.14534175   4.34787035
  20.418961   1.14792776   4.51946211
  20.500637   1.17756867   4.71069765
  20.582636   1.23801768   4.92095709
  20.664967   1.34563744   5.15380812
  20.747623   1.51535034   5.40556192
  20.830614   1.77582586   5.66743994
  20.913935   2.17347670   5.90468597
  20.997587   2.73106861   6.05011749
  21.081575   3.44465137   5.92525578
  21.165903   4.12270260   5.44751883
  21.250565   4.45523214   4.64987659
  21.335566   4.40088797   3.85133958
  21.420906   4.05725908   3.24981117
  21.506590   3.60742712   2.86117363
  21.592611   3.13383603   2.66383314
  21.678982   2.68355083   2.60807848
  21.765696   2.28251171   2.66778803
  21.852758   1.94660342   2.80817151
  21.940165   1.68388402   3.00109863
  22.027927   1.48672736   3.21831131
  22.116035   1.34637737   3.44399285
  22.204498   1.24768507   3.66940045
  22.293316   1.18416274   3.89159894
  22.382486   1.14577341   4.11091137
  22.472015   1.13154876   4.32823706
  22.561905   1.13533306   4.54568100
  22.652147   1.16038275   4.76536036
  22.742754   1.20303833   4.98897600
  22.833725   1.26812053   5.21919107
  22.925058   1.35645866   5.45724964
  23.016756   1.47348976   5.70491695
  23.108822   1.62727356   5.96334600
  23.201256   1.82186377   6.23091221
  23.294060   2.08092618   6.50535917
  23.387234   2.40842962   6.77744627
  23.480780   2.83165455   7.02804804
  23.574701   3.36884975   7.22262430
  23.669001   4.01601982   7.31781721
  23.763676   4.76272821   7.20896149
  23.858727   5.51341200   6.86647367
  23.954161   6.14748049   6.27916098
  24.049976   6.53392506   5.51884651
  24.146173   6.67805052   4.73203039
  24.242758   6.60644865   4.01800632
  24.339727   6.39574337   3.42491674
  24.437086   6.11792088   2.94379568
  24.534830   5.80764389   2.57071161
  24.632969   5.48986435   2.28235221
  24.731499   5.17598438   2.05543828
  24.830425   4.87168884   1.88175714
  24.929741   4.57870626   1.74989367
  25.029461   4.29573917   1.64892828
  25.129576   4.02242947   1.57541013
  25.230093   3.75795436   1.52726150
  25.331011   3.49977875   1.49926543
  25.432333   3.24680924   1.49047947
  25.534060   2.99898553   1.50389850
  25.636198   2.75537896   1.53762972
  25.738737   2.51663876   1.59260809
  25.841690   2.28509355   1.67141724
  25.945057   2.06569982   1.77700233
  26.048836   1.86203551   1.90562487
  26.153028   1.67866445   2.05433822
  26.257639   1.52036297   2.21888900
  26.362667   1.38904393   2.39302158
  26.468119   1.28057146   2.57063127
  26.573986   1.19240117   2.74835730
  26.680283   1.12204957   2.92410254
  26.786999   1.06822252   3.09644365
  26.894148   1.02661085   3.26569629
  27.001722   0.99562687   3.43214250
  27.109726   0.97409153   3.59626031
  27.218163   0.96174431   3.75856328
  27.327036   0.95807236   3.91987276
  27.436340   0.96230060   4.08109188
  27.546083   0.97456610   4.24297237
  27.656267   0.99528241   4.40626240
  27.766891   1.02549720   4.57181454
  27.877954   1.06713867   4.74058008
  27.989466   1.12089157   4.91307163
  28.101421   1.18890965   5.08980131
  28.213827   1.27402437   5.27107191
  28.326677   1.37988627   5.45670128
  28.439983   1.51181972   5.64581728
  28.553741   1.67902434   5.83577871
  28.667955   1.88656652   6.02124119
  28.782627   2.14293790   6.19322014
  28.897751   2.45616317   6.33692408
  29.013342   2.83071041   6.42988682
  29.129396   3.26153135   6.44151926
  29.245907   3.72624493   6.33746624
  29.362890   4.17481899   6.08315659
  29.480339   4.53920746   5.68914127
  29.598259   4.76853085   5.20388508
  29.716650   4.84387255   4.69032669
  29.835516   4.77993250   4.20516968
  29.954855   4.60993290   3.78384972
  30.074675   4.36924362   3.44047499
  30.194969   4.08663225   3.17531943
  30.315746   3.78249550   2.98230886
  30.437004   3.47045970   2.85380888
  30.558756   3.15988946   2.78278065
  30.680988   2.85883236   2.76566219
  30.803707   2.57342315   2.79418445
  30.926922   2.30932355   2.86204767
  31.050629   2.07133913   2.96219730
  31.174829   1.86231387   3.08664584
  31.299526   1.68272591   3.22740459
  31.424721   1.53091145   3.37751746
  31.550419   1.40388131   3.53163862
  31.676619   1.29812670   3.68610597
  31.803322   1.21020925   3.83866167
  31.930532   1.13707399   3.98807406
  32.058258   1.07613051   4.13378716
  32.186481   1.02527142   4.27561283
  32.315228   0.98277926   4.41366625
  32.444485   0.94727802   4.54817867
  32.574265   0.91766071   4.67946672
  32.704556   0.89304745   4.80783558
  32.835373   0.87272269   4.93362999
  32.966709   0.85610557   5.05717421
  33.098579   0.84271801   5.17880249
  33.230968   0.83218133   5.29877806
  33.363888   0.82418728   5.41738415
  33.497341   0.81847572   5.53488398
  33.631329   0.81483424   5.65151453
  33.765854   0.81308639   5.76749802
  33.900913   0.81309319   5.88303566
  34.036514   0.81474525   5.99833393
  34.172661   0.81794202   6.11357927
  34.309349   0.82261801   6.22894430
  34.446579   0.82871753   6.34459209
  34.584366   0.83618867   6.46069908
  34.722702   0.84500659   6.57739639
  34.861591   0.85515505   6.69485426
  35.001034   0.86662531   6.81322241
  35.141033   0.87952411   6.93268585
  35.281597   0.89377624   7.05337143
  35.422722   0.90940851   7.17542458
  35.564407   0.92645711   7.29898739
  35.706665   0.94495714   7.42420769
  35.849491   0.96495771   7.55122757
  35.992882   0.98652536   7.68018436
  36.136852   1.00973570   7.81124020
  36.281395   1.03466606   7.94454718
  36.426525   1.06141090   8.08027267
  36.572220   1.09006751   8.21853733
  36.718513   1.12088621   8.35968399
  36.865383   1.15406752   8.50395298
  37.012844   1.18962049   8.65137005
  37.160892   1.22771728   8.80211544
  37.309528   1.26855218   8.95635986
  37.458767   1.31233597   9.11431980
  37.608604   1.35929799   9.27619934
  37.759029   1.40970027   9.44218063
  37.910065   1.46403527   9.61268806
  38.061703   1.52306521   9.78833771
  38.213947   1.58670437   9.96885967
  38.366798   1.65539694  10.15448189
  38.520264   1.72961581  10.34541607
  38.674343   1.80988133  10.54186249
  38.829041   1.89677906  10.74402428
  38.984352   1.99191439  10.95272160
  39.140285   2.09635973  11.16813850
  39.296844   2.21023321  11.38978481
  39.454033   2.33450198  11.61766434
  39.611843   2.47021079  11.85169220
  39.770287   2.61849833  12.09172726
  39.929363   2.78324461  12.33817005
  40.089081   2.96574616  12.58987999
  40.249432   3.16604352  12.84538841
  40.410431   3.38558054  13.10346794
  40.572071   3.62569070  13.36259842
  40.734360   3.88980985  13.62051487
  40.897285   4.18225288  13.87254143
  41.060875   4.49814177  14.11611271
  41.225113   4.83644867  14.34819603
  41.390018   5.19558525  14.56603813
  41.555569   5.57482815  14.76400471
  41.721790   5.96811724  14.93896866
  41.888676   6.36753750  15.09752369
  42.056225   6.77002907  15.24370098
  42.224449   7.17338371  15.38236046
  42.393341   7.57939911  15.52482224
  42.562912   7.99878073  15.68201733
  42.733166   8.44278431  15.85618877
  42.904091   8.92267990  16.04776573
  43.075703   9.46995068  16.25506210
  43.248005  10.11021996  16.45413971
  43.420994  10.83879662  16.62171555
  43.594673  11.65898037  16.73777199
  43.769051  12.59098339  16.74983215
  43.944122  13.60731983  16.59346771
  44.119900  14.65112877  16.27634048
  44.296371  15.69321537  15.78876877
  44.473557  16.65819359  15.06970215
  44.651443  17.46573257  14.17710018
  44.830051  18.12012863  13.18712425
  45.009369  18.60926056  12.12756538
  45.189400  18.84671974  11.06098175
  45.370155  18.93688202  10.04333687
  45.551636  18.91030693   9.08220291
  45.733837  18.77109146   8.20447540
  45.916771  18.54382515   7.44066048
  46.100433  18.27857208   6.74877453
  46.284836  17.98277855   6.12611961
  46.469967  17.66405106   5.60137796
  46.655846  17.34115219   5.13401175
  46.842464  17.01700020   4.71323442
  47.029839  16.69684410   4.34866047
  47.217945  16.38567924   4.03101826
  47.406815  16.08147621   3.74215961
  47.596436  15.78643513   3.48469353
  47.786823  15.50525379   3.26266289
  47.977970  15.23193169   3.05857253
  48.169876  14.96692562   2.87262917
  48.362549  14.71601391   2.71274495
  48.556004  14.47164822   2.56447411
  48.750217  14.23372936   2.42753935
  48.945217  14.00766277   2.30962968
  49.140991  13.78631401   2.19972944
  49.337555  13.56958389   2.09770870
  49.534901  13.36115456   2.00987172
  49.733036  13.15532398   1.92801392
  49.931961  12.95228958   1.85250127
  50.131695  12.75282288   1.78820980
  50.332214  12.55338478   1.72906017
  50.533539  12.35400391   1.67620957
  50.735664  12.15168476   1.63368106
  50.938614  11.94559956   1.59680426
  51.142365  11.73348618   1.56860638
  51.346924  11.50806236   1.55354536
  51.552307  11.27213001   1.54741633
  51.758518  11.01220131   1.56115508
  51.965546  10.71882439   1.60247040
  52.173409  10.40153885   1.66376376
  52.382099   9.99339104   1.81470621
  52.591625   9.51307583   2.07453465
  52.801983   8.93973923   2.47527432
  53.013191   8.30634117   3.54613924
  53.225239   8.02591610   5.04661036
  53.438145   9.17806816   7.66084051
  53.651878  11.96627712   8.09850693
  53.866489  15.98682117   6.90166998
  54.081947  15.84717464   4.49090242
  54.298275  15.29865742   2.48624802
  54.515465  14.50521755   1.80469775
  54.733521  13.89527035   1.39250720
  54.952446  13.40153790   1.15162158
  55.172260  13.06288624   1.03011811
  55.392941  12.75654221   0.92853582
  55.614506  12.51810741   0.86329883
  55.836960  12.30910492   0.81022143
  56.060307  12.12408066   0.76707470
  56.284546  11.96841240   0.73379886
  56.509682  11.82077408   0.70313317
  56.735714  11.69437218   0.67856169
  56.962654  11.57441521   0.65563601
  57.190502  11.46506977   0.63540190
  57.419258  11.36406231   0.61708820
  57.648926  11.26759624   0.59982890
  57.879524  11.18023968   0.58451891
  58.111038  11.09478092   0.56961358
  58.343475  11.01673031   0.55620170
  58.576847  10.94073391   0.54319489
  58.811153  10.86927700   0.53107482
  59.046394  10.80079079   0.51951677
  59.282570  10.73488903   0.50844824
  59.519699  10.67251301   0.49804211
  59.757778  10.61133385   0.48786381
  59.996796  10.55403900   0.47839254
  60.236782  10.49722958   0.46901330
  60.477722  10.44395638   0.46028486
  60.719635  10.39125252   0.45166171
  60.962505  10.34114838   0.44350758
  61.206356  10.29199219   0.43552849
  61.451172  10.24472809   0.42789444
  61.696976  10.19867897   0.42047930
  61.943768  10.15397072   0.41330576
  62.191525  10.11066437   0.40638700
  62.440289  10.06828403   0.39963779
  62.690056  10.02741432   0.39316273
  62.940800   9.98716354   0.38680181
  63.192562   9.94847775   0.38072222
  63.445332   9.91017246   0.37471318
  63.699104   9.87345886   0.36898676
  63.953896   9.83695602   0.36330023
  64.209709   9.80203342   0.35789251
  64.466545   9.76720524   0.35250413
  64.724411   9.73390484   0.34739304
  64.983299   9.70062637   0.34228921
  65.243225   9.66882038   0.33744162
  65.504189   9.63699818   0.33259374
  65.766212   9.60655785   0.32798982
  66.029274   9.57609367   0.32338467
  66.293373   9.54691219   0.31900784
  66.558548   9.51772213   0.31463251
  66.824783   9.48970032   0.31045696
  67.092079   9.46171093   0.30628923
  67.360443   9.43476963   0.30230343
  67.629883   9.40791702   0.29833564
  67.900398   9.38197422   0.29452169
  68.171982   9.35619545   0.29073721
  68.444672   9.33118057   0.28708735
  68.718445   9.30641556   0.28348333
  68.993324   9.28226662   0.27998355
  69.269279   9.25846863   0.27654392
  69.546356   9.23512840   0.27318066
  69.824539   9.21224403   0.26989338
  70.103828   9.18965721   0.26665857
  70.384239   9.16764164   0.26352200
  70.665764   9.14575863   0.26040822
  70.948425   9.12457085   0.25740635
  71.232231   9.10334778   0.25440052
  71.517143   9.08295727   0.25153190
  71.803200   9.06248474   0.24865171
  72.090408   9.04272270   0.24588934
  72.378769   9.02300644   0.24313621
  72.668282   9.00378990   0.24046284
  72.958946   8.98479939   0.23782624
  73.250786   8.96609688   0.23523739
  73.543777   8.94780445   0.23271570
  73.837944   8.92958736   0.23020674
  74.133301   8.91195679   0.22778933
  74.429817   8.89425659   0.22536242
  74.727539   8.87719727   0.22303385
  75.026443   8.86013603   0.22070585
  75.326538   8.84347630   0.21844424
  75.627838   8.82702827   0.21621822
  75.930351   8.81074524   0.21401691
  76.234070   8.79488850   0.21187848
  76.538994   8.77896976   0.20973156
  76.845146   8.76366997   0.20768267
  77.152527   8.74831581   0.20562664
  77.461128   8.73333073   0.20362456
  77.770966   8.71853065   0.20164980
  78.082047   8.70383930   0.19969338
  78.394371   8.68955994   0.19780277
  78.707939   8.67522335   0.19590463
  79.022774   8.66136646   0.19407310
  79.338852   8.64753723   0.19224583
  79.656204   8.63392162   0.19045055
  79.974831   8.62058449   0.18869710
  80.294716   8.60719585   0.18693689
  80.615883   8.59433270   0.18525629
  80.938354   8.58141804   0.18356888
  81.262093   8.56874752   0.18191604
  81.587143   8.55628490   0.18029258
  81.913475   8.54379559   0.17866600
  82.241127   8.53177929   0.17710947
  82.570091   8.51971436   0.17554671
  82.900360   8.50787258   0.17401469
  83.231956   8.49622917   0.17251021
  83.564880   8.48453999   0.17099971
  83.899139   8.47330189   0.16955122
  84.234726   8.46202946   0.16809835
  84.571648   8.45091343   0.16666771
  84.909943   8.44003963   0.16527146
  85.249573   8.42912292   0.16386971
  85.590561   8.41854763   0.16251698
  85.932922   8.40801811   0.16117121
  86.276657   8.39753342   0.15983194
  86.621750   8.38737774   0.15853757
  86.968231   8.37718201   0.15723798
  87.316101   8.36718369   0.15596616
  87.665359   8.35734940   0.15471728
  88.016022   8.34747505   0.15346339
  88.368073   8.33793449   0.15225299
  88.721542   8.32841492   0.15104549
  89.076431   8.31892109   0.14984164
  89.432709   8.30974293   0.14867987
  89.790443   8.30052853   0.14751334
  90.149597   8.29144382   0.14636326
  90.510201   8.28255844   0.14523818
  90.872223   8.27363873   0.14410867
  91.235703   8.26493645   0.14301151
  91.600647   8.25633812   0.14193004
  91.967049   8.24770546   0.14084424
  92.334900   8.23936081   0.13979265
  92.704231   8.23104000   0.13874370
  93.075043   8.22269249   0.13769148
  93.447334   8.21467781   0.13668571
  93.821114   8.20663071   0.13567592
  94.196396   8.19860649   0.13466886
  94.573174   8.19085217   0.13369475
  94.951469   8.18306541   0.13271673
  95.331268   8.17533875   0.13174596
  95.712578   8.16783714   0.13080323
  96.095428   8.16030598   0.12985668
  96.479805   8.15285683   0.12892139
  96.865723   8.14560604   0.12801300
  97.253166   8.13832760   0.12710102
  97.642174   8.13113785   0.12620048
  98.032738   8.12412548   0.12532274
  98.424866   8.11708546   0.12444147
  98.818558   8.11013508   0.12357037
  99.213829   8.10336208   0.12271962
  99.610672   8.09656143   0.12186548
 100.009102   8.08983517   0.12102111
 100.409126   8.08328819   0.12020034
 100.810760   8.07671547   0.11937626
 101.214012   8.07019329   0.11855890
 101.618835   8.06387043   0.11776776
 102.025330   8.05752087   0.11697336
 102.433411   8.05118942   0.11618046
 102.843140   8.04508018   0.11541215
 103.254509   8.03894806   0.11464077
 103.667503   8.03279018   0.11386634
 104.082176   8.02689171   0.11312661
 104.498512   8.02097130   0.11238421
 104.916489   8.01502705   0.11163890
 105.336151   8.00928211   0.11091562
 105.757477   8.00356865   0.11019571
 106.180511   7.99783278   0.10947289
 106.605209   7.99222755   0.10876644
 107.031639   7.98671532   0.10807174
 107.459755   7.98118162   0.10737428
 107.889595   7.97570229   0.10668378
 108.321136   7.97038651   0.10601401
 108.754417   7.96504879   0.10534155
 109.189423   7.95969009   0.10466642
 109.626183   7.95456076   0.10401463
 110.064674   7.94941711   0.10336091
 110.504913   7.94425297   0.10270458
 110.946930   7.93921757   0.10206712
 111.390717   7.93425608   0.10144071
 111.836273   7.92927456   0.10081180
 112.283607   7.92432356   0.10018566
 112.732742   7.91954756   0.09957748
 113.183670   7.91475248   0.09896687
 113.636383   7.90993834   0.09835385
 114.090919   7.90527868   0.09775952
 114.547272   7.90065813   0.09716988
 115.005478   7.89601946   0.09657786
 115.465469   7.89141846   0.09599035
 115.927330   7.88697052   0.09542140
 116.391029   7.88250446   0.09485018
 116.856583   7.87802124   0.09427667
 117.323997   7.87367439   0.09371784
 117.793289   7.86937904   0.09316432
 118.264450   7.86506653   0.09260860
 118.737511   7.86075592   0.09205300
 119.212448   7.85662556   0.09151971
 119.689293   7.85247898   0.09098428
 120.168037   7.84831524   0.09044670
 120.648705   7.84422588   0.08991835
 121.131294   7.84023905   0.08940291
 121.615807   7.83623648   0.08888541
 122.102257   7.83221817   0.08836585
 122.590668   7.82832956   0.08785904
 123.081017   7.82448292   0.08735601
 123.573334   7.82062054   0.08685096
 124.067619   7.81674290   0.08634389
 124.563889   7.81304216   0.08585919
 125.062134   7.80933571   0.08537375
 125.562370   7.80561495   0.08488637
 126.064606   7.80190420   0.08439995
 126.568863   7.79834652   0.08393123
 127.075127   7.79477453   0.08346064
 127.583420   7.79118872   0.08298817
 128.093750   7.78763437   0.08251984
 128.606110   7.78420877   0.08206834
 129.120514   7.78076982   0.08161502
 129.636993   7.77731705   0.08115989
 130.155533   7.77390480   0.08070870
 130.676163   7.77060747   0.08026922
 131.198837   7.76729727   0.07982800
 131.723633   7.76397324   0.07938500
 132.250519   7.76068783   0.07894576
 132.779510   7.75751448   0.07851827
 133.310623   7.75432873   0.07808907
 133.843842   7.75113010   0.07765817
 134.379211   7.74795771   0.07723066
 134.916733   7.74491167   0.07681990
 135.456390   7.74185371   0.07640751
 135.998199   7.73878336   0.07599347
 136.542175   7.73571396   0.07557920
 137.088348   7.73278427   0.07518023
 137.636688   7.72984266   0.07477968
 138.187225   7.72688961   0.07437752
 138.739960   7.72392464   0.07397377
 139.294922   7.72109461   0.07358614
 139.852081   7.71827507   0.07319969
 140.411484   7.71544456   0.07281169
 140.973114   7.71260309   0.07242215
 141.537018   7.70984077   0.07204146
 142.103149   7.70713282   0.07166667
 142.671539   7.70441389   0.07129040
 143.242218   7.70168400   0.07091260
 143.815186   7.69897985   0.07053781
 144.390427   7.69638824   0.07017685
 144.967987   7.69378614   0.06981444
 145.547852   7.69117355   0.06945059
 146.130035   7.68855047   0.06908528
 146.714539   7.68603611   0.06873222
 147.301392   7.68354225   0.06838132
 147.890579   7.68103838   0.06802902
 148.482162   7.67852402   0.06767528
 149.076050   7.67604208   0.06732494
 149.672348   7.67365694   0.06698544
 150.271027   7.67126226   0.06664459
 150.872101   7.66885805   0.06630237
 151.475586   7.66644430   0.06595878
 152.081467   7.66412020   0.06562532
 152.689774   7.66183281   0.06529583
 153.300552   7.65953636   0.06496500
 153.913712   7.65723085   0.06463289
 154.529358   7.65491629   0.06429946
 155.147461   7.65272999   0.06398330
 155.768051   7.65053558   0.06366587
 156.391113   7.64833164   0.06334719
 157.016663   7.64611959   0.06302723
 157.644714   7.64392948   0.06270924
 158.275299   7.64183426   0.06240092
 158.908386   7.63973093   0.06209137
 159.544006   7.63761902   0.06178058
 160.182159   7.63549900   0.06146856
 160.822891   7.63341951   0.06116114
 161.466171   7.63141632   0.06086271
 162.112015   7.62940550   0.06056309
 162.760452   7.62738657   0.06026227
 163.411499   7.62535954   0.05996023
 164.065125   7.62337589   0.05966421
 164.721375   7.62145996   0.05937759
 165.380249   7.61953640   0.05908982
 166.041763   7.61760473   0.05880091
 166.705902   7.61566591   0.05851084
 167.372726   7.61376143   0.05822428
 168.042191   7.61193132   0.05794551
 168.714371   7.61009359   0.05766561
 169.389191   7.60824871   0.05738460
 170.066757   7.60639620   0.05710246
 170.747009   7.60455847   0.05682194
 171.429977   7.60281467   0.05655291
 172.115707   7.60106325   0.05628280
 172.804138   7.59930563   0.05601162
 173.495346   7.59754038   0.05573935
 174.189331   7.59576845   0.05546599
 174.886063   7.59409666   0.05520523
 175.585587   7.59242916   0.05494485
 176.287918   7.59075499   0.05468344
 176.993073   7.58907366   0.05442097
 177.701019   7.58738613   0.05415746
 178.411819   7.58575058   0.05389966
 179.125443   7.58416367   0.05364715
 179.841949   7.58257008   0.05339362
 180.561295   7.58096981   0.05313908
 181.283524   7.57936382   0.05288353
 182.008636   7.57775211   0.05262712
 182.736679   7.57624388   0.05238423
 183.467621   7.57472944   0.05214037
 184.201462   7.57320881   0.05189554
 184.938263   7.57168245   0.05164972
 185.678009   7.57014990   0.05140292
 186.420700   7.56865215   0.05116002
 187.166382   7.56721544   0.05092401
 187.915024   7.56577301   0.05068708
 188.666687   7.56432486   0.05044919
 189.421310   7.56287098   0.05021036
 190.179001   7.56141138   0.04997056
 190.939697   7.56001043   0.04973872
 191.703476   7.55864286   0.04951135
 192.470230   7.55726957   0.04928309
 193.240112   7.55589104   0.04905391
 194.013062   7.55450726   0.04882381
 194.789093   7.55311775   0.04859279
 195.568237   7.55179739   0.04837110
 196.350494   7.55049944   0.04815235
 197.135880   7.54919672   0.04793272
 197.924438   7.54788876   0.04771221
 198.716095   7.54657507   0.04749083
 199.510956   7.54525661   0.04726855
 200.308975   7.54400063   0.04705386
 201.110214   7.54277039   0.04684208
 201.914642   7.54153490   0.04662945
 202.722275   7.54029417   0.04641597
 203.533157   7.53904915   0.04620164
 204.347290   7.53779840   0.04598644
 205.164642   7.53659153   0.04577653
 205.985306   7.53542709   0.04557176
 206.809219   7.53425789   0.04536618
 207.636444   7.53308392   0.04515976
 208.466980   7.53190565   0.04495252
 209.300827   7.53072214   0.04474446
 210.138016   7.52954912   0.04453778
 210.978561   7.52844810   0.04434158
 211.822449   7.52734232   0.04414459
 212.669724   7.52623224   0.04394681
 213.520401   7.52511787   0.04374824
 214.374481   7.52399921   0.04354887
 215.231934   7.52287579   0.04334872
 216.092850   7.52180719   0.04315454
 216.957214   7.52076578   0.04296312
 217.825043   7.51971960   0.04277093
 218.696304   7.51866961   0.04257799
 219.571091   7.51761532   0.04238426
 220.449356   7.51655722   0.04218976
 221.331146   7.51549435   0.04199448
 222.216461   7.51451206   0.04181132
 223.105286   7.51352739   0.04162773
 223.997696   7.51253891   0.04144340
 224.893707   7.51154661   0.04125833
 225.793228   7.51055050   0.04107254
 226.696396   7.50955009   0.04088599
 227.603165   7.50855541   0.04070016
 228.513550   7.50763083   0.04052509
 229.427597   7.50670290   0.04034931
 230.345306   7.50577116   0.04017283
 231.266663   7.50483561   0.03999564
 232.191727   7.50389624   0.03981775
 233.120468   7.50295305   0.03963915
 234.052917   7.50201082   0.03946039
 234.989105   7.50114155   0.03929036
 235.929077   7.50026894   0.03911963
 236.872772   7.49939299   0.03894824
 237.820236   7.49851322   0.03877616
 238.771515   7.49762964   0.03860338
 239.726593   7.49674320   0.03842992
 240.685471   7.49585295   0.03825576
 241.648209   7.49502039   0.03808990
 242.614761   7.49420071   0.03792571
 243.585220   7.49337816   0.03776085
 244.559540   7.49255180   0.03759534
 245.537766   7.49172211   0.03742916
 246.519897   7.49088955   0.03726232
 247.505981   7.49005318   0.03709481
 248.495941   7.48923779   0.03693059
 249.489929   7.48847151   0.03677423
 250.487869   7.48770189   0.03661725
 251.489822   7.48692942   0.03645964
 252.495743   7.48615360   0.03630140
 253.505707   7.48537493   0.03614253
 254.519714   7.48459339   0.03598302
 255.537811   7.48380804   0.03582287
 256.559906   7.48306417   0.03566803
 257.586121   7.48234558   0.03551638
 258.616455   7.48162460   0.03536413
 259.650909   7.48090029   0.03521127
 260.689484   7.48017311   0.03505779
 261.732239   7.47944307   0.03490371
 262.779144   7.47871017   0.03474900
 263.830261   7.47797441   0.03459368
 264.885559   7.47728062   0.03444570
 265.945068   7.47660828   0.03430133
 267.008820   7.47593307   0.03415638
 268.076843   7.47525501   0.03401085
 269.149139   7.47457457   0.03386473
 270.225708   7.47389078   0.03371803
 271.306580   7.47320509   0.03357075
 272.391815   7.47251606   0.03342287
 273.481354   7.47185469   0.03327864
 274.575256   7.47122955   0.03313920
 275.673553   7.47060204   0.03299920
 276.776245   7.46997166   0.03285863
 277.883301   7.46933937   0.03271751
 278.994812   7.46870375   0.03257583
 280.110748   7.46806622   0.03243358
 281.231232   7.46742582   0.03229075
 282.356079   7.46678305   0.03214736
 283.485535   7.46619844   0.03201462
 284.619446   7.46561527   0.03188196
 285.757904   7.46502924   0.03174877
 286.900909   7.46444130   0.03161505
 288.048462   7.46385050   0.03148080
 289.200653   7.46325779   0.03134600
 290.357483   7.46266270   0.03121066
 291.518860   7.46206474   0.03107479
 292.684906   7.46147490   0.03093986
 293.855621   7.46093559   0.03081235
 295.031036   7.46039438   0.03068431
 296.211121   7.45985079   0.03055578
 297.395966   7.45930481   0.03042672
 298.585541   7.45875692   0.03029715
 299.779877   7.45820665   0.03016706
 300.978943   7.45765448   0.03003645
 302.182861   7.45709991   0.02990532
 303.391541   7.45654583   0.02977416
 304.605133   7.45604658   0.02965246
 305.823517   7.45554543   0.02953027
 307.046753   7.45504236   0.02940760
 308.274902   7.45453691   0.02928443
 309.508026   7.45402956   0.02916077
 310.746033   7.45352030   0.02903662
 311.988983   7.45300865   0.02891196
 313.236938   7.45249557   0.02878681
 314.489899   7.45198011   0.02866116
 315.747772   7.45149708   0.02854116
 317.010773   7.45103598   0.02842488
 318.278778   7.45057297   0.02830815
 319.551941   7.45010805   0.02819093
 320.830048   7.44964170   0.02807327
 322.113373   7.44917297   0.02795512
 323.401794   7.44870281   0.02783650
 324.695374   7.44823027   0.02771741
 325.994141   7.44775629   0.02759784
 327.298065   7.44728041   0.02747780
 328.607239   7.44684362   0.02736440
 329.921692   7.44641829   0.02725270
 331.241333   7.44599104   0.02714055
 332.566254   7.44556189   0.02702796
 333.896515   7.44513130   0.02691491
 335.232086   7.44469881   0.02680141
 336.572968   7.44426441   0.02668746
 337.919250   7.44382858   0.02657305
 339.270905   7.44339085   0.02645819
 340.627991   7.44295120   0.02634286
 341.990448   7.44253922   0.02623261
 343.358368   7.44215012   0.02612658
 344.731781   7.44175959   0.02602013
 346.110718   7.44136763   0.02591325
 347.495117   7.44097376   0.02580594
 348.885071   7.44057846   0.02569821
 350.280579   7.44018126   0.02559005
 351.681702   7.43978310   0.02548145
 353.088379   7.43938303   0.02537242
 354.500732   7.43898106   0.02526294
 355.918701   7.43857765   0.02515304
 357.342377   7.43821669   0.02505158
 358.771698   7.43786001   0.02495091
 360.206757   7.43750191   0.02484983
 361.647552   7.43714190   0.02474835
 363.094177   7.43678093   0.02464646
 364.546478   7.43641853   0.02454417
 366.004639   7.43605471   0.02444147
 367.468628   7.43568897   0.02433836
 368.938477   7.43532228   0.02423484
 370.414246   7.43495369   0.02413089
 371.895844   7.43458414   0.02402654
 373.383392   7.43424940   0.02392920
 374.876953   7.43392611   0.02383399
 376.376373   7.43360090   0.02373842
 377.881866   7.43327475   0.02364245
 379.393341   7.43294764   0.02354610
 380.910950   7.43261862   0.02344937
 382.434509   7.43228865   0.02335225
 383.964233   7.43195724   0.02325474
 385.500061   7.43162489   0.02315684
 387.042084   7.43129063   0.02305854
 388.590210   7.43095541   0.02295986
 390.144531   7.43062258   0.02286162
 391.705048   7.43032932   0.02277119
 393.271912   7.43003416   0.02268039
 394.844971   7.42973804   0.02258924
 396.424286   7.42944098   0.02249772
 398.009949   7.42914248   0.02240583
 399.601990   7.42884302   0.02231358
 401.200348   7.42854214   0.02222095
 402.805145   7.42823982   0.02212796
 404.416351   7.42793655   0.02203459
 406.033997   7.42763233   0.02194085
 407.658051   7.42732668   0.02184674
 409.288696   7.42701960   0.02175225
 410.925812   7.42675066   0.02166591
 412.569550   7.42648602   0.02158049
 414.219696   7.42621994   0.02149474
 415.876587   7.42595339   0.02140864
 417.540039   7.42568541   0.02132220
 419.210205   7.42541647   0.02123540
 420.887024   7.42514658   0.02114827
 422.570496   7.42487574   0.02106079
 424.260742   7.42460346   0.02097295
 425.957825   7.42433023   0.02088476
 427.661560   7.42405605   0.02079622
 429.372162   7.42378044   0.02070733
 431.089630   7.42350483   0.02061827
 432.813995   7.42326736   0.02053763
 434.545227   7.42302895   0.02045666
 436.283386   7.42278910   0.02037536
 438.028473   7.42254877   0.02029375
 439.780548   7.42230749   0.02021180
 441.539673   7.42206478   0.02012953
 443.305786   7.42182159   0.02004693
 445.078949   7.42157698   0.01996400
 446.859253   7.42133188   0.01988074
 448.646667   7.42108536   0.01979714
 450.441193   7.42083836   0.01971321
 452.242920   7.42058992   0.01962895
 454.051910   7.42034054   0.01954434
 455.868073   7.42010927   0.01946400
 457.691498   7.41989708   0.01938838
 459.522247   7.41968441   0.01931245
 461.360321   7.41947079   0.01923622
 463.205688   7.41925669   0.01915969
 465.058472   7.41904116   0.01908285
 466.918671   7.41882515   0.01900570
 468.786377   7.41860819   0.01892824
 470.661438   7.41839027   0.01885048
 472.544067   7.41817141   0.01877240
 474.434204   7.41795158   0.01869402
 476.331909   7.41773129   0.01861531
 478.237274   7.41751003   0.01853629
 480.150085   7.41728783   0.01845696
 482.070648   7.41707039   0.01837872
 483.998993   7.41688347   0.01830764
 485.934875   7.41669559   0.01823627
 487.878632   7.41650724   0.01816461
 489.830109   7.41631794   0.01809267
 491.789368   7.41612768   0.01802045
 493.756500   7.41593695   0.01794793
 495.731506   7.41574574   0.01787512
 497.714386   7.41555309   0.01780202
 499.705261   7.41535997   0.01772863
 501.703979   7.41516638   0.01765495
 503.710785   7.41497183   0.01758097
 505.725525   7.41477633   0.01750670
 507.748474   7.41458035   0.01743212
 509.779419   7.41438341   0.01735725
 511.818451   7.41418552   0.01728208
 513.865723   7.41401958   0.01721583
 515.921204   7.41385412   0.01714957
 517.984802   7.41368771   0.01708305
 520.056763   7.41352081   0.01701627
 522.136963   7.41335297   0.01694921
 524.225464   7.41318464   0.01688189
 526.322266   7.41301584   0.01681430
 528.427551   7.41284609   0.01674644
 530.541260   7.41267586   0.01667830
 532.663452   7.41250467   0.01660989
 534.793945   7.41233301   0.01654122
 536.933105   7.41216087   0.01647227
 539.080811   7.41198778   0.01640303
 541.237061   7.41181374   0.01633353
 543.402039   7.41163921   0.01626374
 545.575562   7.41146421   0.01619368
 547.757813   7.41131401   0.01613042
 549.948914   7.41117001   0.01606862
 552.148560   7.41102505   0.01600658
 554.357117   7.41087914   0.01594429
 556.574524   7.41073322   0.01588174
 558.800781   7.41058636   0.01581895
 561.036011   7.41043901   0.01575590
 563.280029   7.41029119   0.01569261
 565.533142   7.41014290   0.01562906
 567.795227   7.40999365   0.01556526
 570.066345   7.40984392   0.01550120
 572.346680   7.40969372   0.01543689
 574.635925   7.40954304   0.01537232
 576.934509   7.40939140   0.01530749
 579.242188   7.40923929   0.01524240
 581.559082   7.40908670   0.01517705
 583.885254   7.40893364   0.01511144
 586.220764   7.40879536   0.01505043
 588.565674   7.40867138   0.01499363
 590.919800   7.40854692   0.01493661
 593.283508   7.40842199   0.01487935
 595.656616   7.40829659   0.01482187
 598.039124   7.40817022   0.01476416
 600.431274   7.40804386   0.01470622
 602.833008   7.40791702   0.01464804
 605.244263   7.40778923   0.01458964
 607.665222   7.40766144   0.01453099
 610.095825   7.40753269   0.01447212
 612.536133   7.40740347   0.01441301
 614.986267   7.40727425   0.01435366
 617.446228   7.40714407   0.01429408
 619.915894   7.40701342   0.01423426
 622.395508   7.40688229   0.01417419
 624.885132   7.40675068   0.01411389
 627.384521   7.40661812   0.01405335
 629.894043   7.40648556   0.01399256
 632.413574   7.40637827   0.01393989
 634.943176   7.40627193   0.01388737
 637.482910   7.40616512   0.01383464
 640.032837   7.40605783   0.01378170
 642.592896   7.40595007   0.01372855
 645.163208   7.40584183   0.01367518
 647.743896   7.40573311   0.01362160
 650.334778   7.40562391   0.01356781
 652.935974   7.40551472   0.01351381
 655.547791   7.40540457   0.01345958
 658.169922   7.40529442   0.01340514
 660.802551   7.40518332   0.01335048
 663.445679   7.40507221   0.01329561
 666.099487   7.40496016   0.01324051
 668.763855   7.40484810   0.01318519
 671.438843   7.40473557   0.01312965
 674.124512   7.40462255   0.01307389
 676.821045   7.40450907   0.01301791
 679.528259   7.40439510   0.01296170
 682.246338   7.40428066   0.01290527
 684.975281   7.40418911   0.01285652
 687.715210   7.40409946   0.01280838
 690.465881   7.40400934   0.01276006
 693.227722   7.40391922   0.01271154
 696.000549   7.40382814   0.01266283
 698.784607   7.40373707   0.01261392
 701.579590   7.40364599   0.01256482
 704.385864   7.40355396   0.01251552
 707.203369   7.40346193   0.01246602
 710.032227   7.40336943   0.01241632
 712.872192   7.40327644   0.01236643
 715.723633   7.40318298   0.01231634
 718.586487   7.40308952   0.01226604
 721.460754   7.40299511   0.01221555
 724.346558   7.40290070   0.01216485
 727.243896   7.40280628   0.01211395
 730.152832   7.40271091   0.01206285
 733.073486   7.40261555   0.01201154
 736.005676   7.40251923   0.01196003
 738.949646   7.40242290   0.01190831
 741.905396   7.40232658   0.01185638
 744.872986   7.40223169   0.01180525
 747.852478   7.40215826   0.01176203
 750.843750   7.40208435   0.01171864
 753.847046   7.40200996   0.01167508
 756.862427   7.40193558   0.01163134
 759.889832   7.40186071   0.01158743
 762.929321   7.40178585   0.01154334
 765.981018   7.40171003   0.01149907
 769.044861   7.40163469   0.01145463
 772.120911   7.40155840   0.01141001
 775.209351   7.40148211   0.01136521
 778.310120   7.40140581   0.01132023
 781.423462   7.40132856   0.01127507
 784.548950   7.40125132   0.01122973
 787.687195   7.40117407   0.01118421
 790.837830   7.40109587   0.01113851
 794.001160   7.40101767   0.01109262
 797.177124   7.40093946   0.01104655
 800.365662   7.40086031   0.01100030
 803.567139   7.40078163   0.01095386
 806.781494   7.40070200   0.01090724
 810.008484   7.40062237   0.01086043
 813.248474   7.40054226   0.01081343
 816.501343   7.40046167   0.01076625
 819.767395   7.40038586   0.01072089
 823.046265   7.40032530   0.01068198
 826.338501   7.40026474   0.01064291
 829.643799   7.40020370   0.01060368
 832.962341   7.40014219   0.01056429
 836.294067   7.40008068   0.01052475
 839.639221   7.40001917   0.01048505
 842.997681   7.39995718   0.01044519
 846.369629   7.39989471   0.01040518
 849.755066   7.39983225   0.01036500
 853.153931   7.39976931   0.01032466
 856.566528   7.39970636   0.01028416
 859.992798   7.39964342   0.01024349
 863.432678   7.39957952   0.01020267
 866.886353   7.39951611   0.01016168
 870.353882   7.39945173   0.01012053
 873.835327   7.39938784   0.01007921
 877.330444   7.39932299   0.01003773
 880.839722   7.39925814   0.00999608
 884.362976   7.39919329   0.00995426
 887.900574   7.39912796   0.00991228
 891.451965   7.39906263   0.00987013
 895.017700   7.39899683   0.00982781
 898.597778   7.39893055   0.00978532
 902.192078   7.39886427   0.00974267
 905.800720   7.39879751   0.00969984
 909.423889   7.39873075   0.00965684
 913.061462   7.39867973   0.00962093
 916.713745   7.39863205   0.00958626
 920.380493   7.39858389   0.00955144
 924.061951   7.39853573   0.00951649
 927.758179   7.39848757   0.00948140
 931.469116   7.39843893   0.00944616
 935.194885   7.39838982   0.00941079
 938.935669   7.39834118   0.00937527
 942.691284   7.39829159   0.00933961
 946.462097   7.39824247   0.00930381
 950.247803   7.39819288   0.00926787
 954.048706   7.39814281   0.00923178
 957.864868   7.39809322   0.00919555
 961.696289   7.39804268   0.00915917
 965.542969   7.39799261   0.00912265
 969.405029   7.39794207   0.00908598
 973.282654   7.39789104   0.00904916
 977.175720   7.39784002   0.00901220
 981.084412   7.39778900   0.00897509
 985.008606   7.39773750   0.00893783
 988.948547   7.39768600   0.00890042
 992.904419   7.39763403   0.00886286
 996.875793   7.39758205   0.00882516
1000.863281   7.39752960   0.00878730
1004.866699   7.39747715   0.00874929
1008.886230   7.39742470   0.00871112
1012.921509   7.39737177   0.00867281
1016.973206   7.39731884   0.00863434
1021.040955   7.39726543   0.00859572
1025.125122   7.39721775   0.00855985
1029.225586   7.39718056   0.00852956
1033.342285   7.39714336   0.00849916
1037.475586   7.39710617   0.00846864
1041.625610   7.39706850   0.00843799
1045.791870   7.39703083   0.00840723
1049.974976   7.39699316   0.00837634
1054.174805   7.39695549   0.00834532
1058.391479   7.39691734   0.00831419
1062.624878   7.39687920   0.00828292
1066.875488   7.39684057   0.00825153
1071.142822   7.39680243   0.00822002
1075.427368   7.39676380   0.00818838
1079.729004   7.39672470   0.00815662
1084.047852   7.39668560   0.00812472
1088.383911   7.39664650   0.00809270
1092.737549   7.39660740   0.00806055
1097.108276   7.39656782   0.00802828
1101.496582   7.39652824   0.00799587
1105.902588   7.39648867   0.00796333
1110.326172   7.39644861   0.00793067
1114.767334   7.39640856   0.00789787
1119.226318   7.39636803   0.00786494
1123.703125   7.39632797   0.00783188
1128.197876   7.39628744   0.00779869
1132.710449   7.39624643   0.00776537
1137.241333   7.39620590   0.00773191
1141.790283   7.39616442   0.00769832
1146.357544   7.39612341   0.00766459
1150.942627   7.39608192   0.00763073
1155.546387   7.39604044   0.00759673
1160.168457   7.39599895   0.00756260
1164.808960   7.39595699   0.00752833
1169.468262   7.39591503   0.00749393
1174.145874   7.39588594   0.00746725
1178.842407   7.39585829   0.00744148
1183.557861   7.39583063   0.00741560
1188.291870   7.39580297   0.00738963
1193.044922   7.39577532   0.00736355
1197.817017   7.39574718   0.00733736
1202.608276   7.39571953   0.00731107
1207.418701   7.39569139   0.00728468
1212.248291   7.39566278   0.00725817
1217.097168   7.39563465   0.00723157
1221.965576   7.39560604   0.00720485
1226.853149   7.39557743   0.00717804
1231.760620   7.39554882   0.00715111
1236.687500   7.39552021   0.00712407
1241.634277   7.39549112   0.00709693
1246.600708   7.39546204   0.00706968
1251.586914   7.39543295   0.00704232
1256.593140   7.39540386   0.00701485
1261.619507   7.39537430   0.00698727
1266.665894   7.39534473   0.00695957
1271.732544   7.39531517   0.00693177
1276.819336   7.39528561   0.00690386
1281.926636   7.39525557   0.00687584
1287.054077   7.39522552   0.00684770
1292.202271   7.39519548   0.00681945
1297.370972   7.39516544   0.00679109
1302.560425   7.39513493   0.00676261
1307.770386   7.39510441   0.00673403
1313.001587   7.39507389   0.00670532
1318.253418   7.39504337   0.00667650
1323.526245   7.39501238   0.00664757
1328.820435   7.39498138   0.00661852
1334.135498   7.39495039   0.00658936
1339.471924   7.39491940   0.00656007
1344.829956   7.39488792   0.00653067
1350.208984   7.39485645   0.00650116
1355.609741   7.39482498   0.00647152
1361.032104   7.39479303   0.00644177
1366.476196   7.39476490   0.00641421
1371.941895   7.39474535   0.00639279
1377.429565   7.39472628   0.00637128
1382.939209   7.39470673   0.00634969
1388.470947   7.39468765   0.00632801
1394.024658   7.39466810   0.00630624
1399.600586   7.39464855   0.00628438
1405.198975   7.39462852   0.00626244
1410.819702   7.39460897   0.00624041
1416.463013   7.39458895   0.00621829
1422.128540   7.39456892   0.00619609
1427.817017   7.39454889   0.00617379
1433.528320   7.39452887   0.00615141
1439.262207   7.39450884   0.00612893
1445.019287   7.39448881   0.00610637
1450.799194   7.39446831   0.00608371
1456.602417   7.39444780   0.00606097
1462.428589   7.39442730   0.00603813
1468.278320   7.39440680   0.00601521
1474.151245   7.39438629   0.00599219
1480.047852   7.39436531   0.00596908
1485.967773   7.39434481   0.00594587
1491.911621   7.39432383   0.00592258
1497.879150   7.39430285   0.00589919
1503.870605   7.39428186   0.00587571
1509.885864   7.39426041   0.00585213
1515.925293   7.39423943   0.00582846
1521.988892   7.39421797   0.00580469
1528.076904   7.39419651   0.00578083
1534.188965   7.39417505   0.00575688
1540.325562   7.39415359   0.00573282
1546.486816   7.39413166   0.00570867
1552.672729   7.39411020   0.00568443
1558.883301   7.39408827   0.00566009
1565.118652   7.39406633   0.00563565
1571.379028   7.39404440   0.00561111
1577.664551   7.39402199   0.00558648
1583.974976   7.39400005   0.00556174
1590.310913   7.39397764   0.00553691
1596.671875   7.39395523   0.00551198
1603.058594   7.39393282   0.00548695
1609.470703   7.39391041   0.00546181
1615.908447   7.39388752   0.00543658
1622.371948   7.39386511   0.00541125
1628.861450   7.39384222   0.00538581
1635.376709   7.39381933   0.00536028
1641.917969   7.39380264   0.00533976
1648.485718   7.39378977   0.00532260
1655.079590   7.39377689   0.00530537
1661.699585   7.39376450   0.00528807
1668.346313   7.39375162   0.00527070
1675.019653   7.39373875   0.00525327
1681.719727   7.39372587   0.00523576
1688.446289   7.39371252   0.00521818
1695.200073   7.39369965   0.00520054
1701.980713   7.39368677   0.00518282
1708.788574   7.39367342   0.00516503
1715.623779   7.39366007   0.00514717
1722.485840   7.39364719   0.00512924
1729.375732   7.39363384   0.00511124
1736.293335   7.39362049   0.00509316
1743.238037   7.39360714   0.00507502
1750.211060   7.39359331   0.00505680
1757.211670   7.39357996   0.00503850
1764.240479   7.39356661   0.00502014
1771.297241   7.39355278   0.00500170
1778.382446   7.39353895   0.00498318
1785.495850   7.39352560   0.00496460
1792.637817   7.39351177   0.00494594
1799.808105   7.39349794   0.00492720
1807.007202   7.39348412   0.00490839
1814.234863   7.39346981   0.00488950
1821.492065   7.39345598   0.00487054
1828.777832   7.39344215   0.00485150
1836.092651   7.39342785   0.00483239
1843.437012   7.39341354   0.00481320
1850.810669   7.39339924   0.00479393
1858.213867   7.39338493   0.00477459
1865.646606   7.39337063   0.00475517
1873.108887   7.39335632   0.00473567
1880.601318   7.39334202   0.00471609
1888.123657   7.39332724   0.00469644
1895.675903   7.39331293   0.00467670
1903.258423   7.39329815   0.00465689
1910.871704   7.39328337   0.00463700
1918.514648   7.39326906   0.00461703
1926.188721   7.39325380   0.00459697
1933.893188   7.39323902   0.00457684
1941.628906   7.39322424   0.00455663
1949.395020   7.39320946   0.00453634
1957.192627   7.39319420   0.00451596
1965.020996   7.39317894   0.00449551
1972.881348   7.39316416   0.00447497
1980.772583   7.39314890   0.00445435
1988.695313   7.39313364   0.00443365
1996.650024   7.39311790   0.00441286
2004.636475   7.39310265   0.00439199
2012.655029   7.39308739   0.00437104
2020.705444   7.39307165   0.00435001
2028.788086   7.39305592   0.00432889
2036.903320   7.39304066   0.00430768
2045.050781   7.39302492   0.00428639
2053.230469   7.39301491   0.00427101
2061.443359   7.39300728   0.00425814
2069.689209   7.39299965   0.00424521
2077.967773   7.39299250   0.00423223
2086.279541   7.39298487   0.00421920
2094.624268   7.39297724   0.00420612
2103.002686   7.39296961   0.00419298
2111.414795   7.39296198   0.00417979
2119.860107   7.39295435   0.00416655
2128.339355   7.39294672   0.00415326
2136.852783   7.39293861   0.00413991
2145.399658   7.39293098   0.00412651
2153.981201   7.39292336   0.00411306
2162.596924   7.39291525   0.00409955
2171.247559   7.39290762   0.00408599
2179.931885   7.39289951   0.00407238
2188.651855   7.39289188   0.00405871
2197.406250   7.39288378   0.00404498
2206.195801   7.39287567   0.00403120
2215.020508   7.39286804   0.00401737
2223.880127   7.39285994   0.00400348
2232.775635   7.39285183   0.00398953
2241.706787   7.39284372   0.00397553
2250.673096   7.39283562   0.00396147
2259.675781   7.39282703   0.00394736
2268.714355   7.39281893   0.00393319
2277.789063   7.39281082   0.00391896
2286.899902   7.39280272   0.00390468
2296.047363   7.39279413   0.00389034
2305.231445   7.39278603   0.00387594
2314.452393   7.39277744   0.00386148
2323.709961   7.39276886   0.00384697
2333.004639   7.39276075   0.00383240
2342.336426   7.39275217   0.00381777
2351.705811   7.39274359   0.00380308
2361.112305   7.39273500   0.00378833
2370.556641   7.39272642   0.00377352
2380.038574   7.39271784   0.00375866
2389.558838   7.39270926   0.00374373
2399.116699   7.39270067   0.00372875
2408.713135   7.39269209   0.00371370
2418.347900   7.39268303   0.00369860
2428.021484   7.39267445   0.00368343
2437.732666   7.39266539   0.00366821
2447.483643   7.39265680   0.00365292
2457.273438   7.39264774   0.00363757
2467.102783   7.39263868   0.00362216
2476.970459   7.39262962   0.00360669
2486.878418   7.39262104   0.00359116
2496.825684   7.39261198   0.00357556
2506.812744   7.39260292   0.00355991
2516.840088   7.39259386   0.00354419
2526.906982   7.39258432   0.00352840
2537.014404   7.39257526   0.00351256
2547.162598   7.39256620   0.00349665
2557.350830   7.39255667   0.00348068
2567.580078   7.39254761   0.00346464
2577.850342   7.39253807   0.00344854
2588.161377   7.39252901   0.00343237
2598.513916   7.39251947   0.00341614
2608.907715   7.39250994   0.00339985
2619.343262   7.39250040   0.00338349
2629.820557   7.39249086   0.00336706
2640.339355   7.39248133   0.00335057
2650.900879   7.39247179   0.00333401
2661.503906   7.39246225   0.00331739
2672.150146   7.39245272   0.00330070
2682.838623   7.39244270   0.00328394
2693.569580   7.39243317   0.00326712
2704.343750   7.39242315   0.00325023
2715.160889   7.39241362   0.00323327
2726.021240   7.39240360   0.00321624
2736.925293   7.39239788   0.00320457
2747.872803   7.39239454   0.00319599
2758.864258   7.39239073   0.00318738
2769.899170   7.39238739   0.00317873
2780.978760   7.39238405   0.00317004
2792.102539   7.39238024   0.00316132
2803.270996   7.39237690   0.00315257
2814.483398   7.39237356   0.00314378
2825.741211   7.39236975   0.00313495
2837.043701   7.39236641   0.00312609
2848.392090   7.39236259   0.00311720
2859.785645   7.39235926   0.00310827
2871.224365   7.39235544   0.00309930
2882.708984   7.39235210   0.00309030
2894.239990   7.39234829   0.00308126
2905.816406   7.39234447   0.00307218
2917.439697   7.39234114   0.00306307
2929.108887   7.39233732   0.00305392
2940.825439   7.39233351   0.00304474
2952.588379   7.39232969   0.00303552
2964.398438   7.39232635   0.00302626
2976.255615   7.39232254   0.00301697
2988.161133   7.39231873   0.00300763
3000.113281   7.39231491   0.00299827
3012.113525   7.39231110   0.00298886
3024.161377   7.39230728   0.00297941
3036.258545   7.39230347   0.00296993
3048.403320   7.39229965   0.00296041
3060.596191   7.39229584   0.00295085
3072.838379   7.39229202   0.00294126
3085.129883   7.39228821   0.00293162
3097.469971   7.39228439   0.00292195
3109.859863   7.39228010   0.00291224
3122.299072   7.39227629   0.00290249
3134.788086   7.39227247   0.00289270
3147.326904   7.39226866   0.00288287
3159.916260   7.39226437   0.00287300
3172.555420   7.39226055   0.00286309
3185.246094   7.39225674   0.00285314
3197.985840   7.39225245   0.00284316
3210.778076   7.39224863   0.00283313
3223.620605   7.39224434   0.00282306
3236.515137   7.39224052   0.00281295
3249.460938   7.39223623   0.00280281
3262.458496   7.39223242   0.00279262
3275.507813   7.39222813   0.00278239
3288.610107   7.39222383   0.00277212
3301.763916   7.39222002   0.00276181
3314.970703   7.39221573   0.00275145
3328.230225   7.39221144   0.00274106
3341.543213   7.39220715   0.00273062
3354.909180   7.39220333   0.00272015
3368.328857   7.39219904   0.00270963
3381.801758   7.39219475   0.00269907
3395.328613   7.39219046   0.00268846
3408.909912   7.39218616   0.00267782
3422.545166   7.39218187   0.00266713
3436.234863   7.39217758   0.00265640
3449.979980   7.39217329   0.00264562
3463.779541   7.39216900   0.00263481
3477.634277   7.39216471   0.00262395
3491.544678   7.39215994   0.00261304
3505.510742   7.39215565   0.00260209
3519.532715   7.39215136   0.00259110
3533.610107   7.39214706   0.00258007
3547.744629   7.39214230   0.00256899
3561.935547   7.39213800   0.00255786
3576.182373   7.39213324   0.00254670
3590.487061   7.39212894   0.00253548
3604.848633   7.39212418   0.00252422
3619.268066   7.39211988   0.00251292
3633.744873   7.39211512   0.00250157
3648.279785   7.39211082   0.00249018
3662.872314   7.39210606   0.00247874
3677.523682   7.39210129   0.00246726
3692.234131   7.39209700   0.00245572
3707.001953   7.39209223   0.00244415
3721.829834   7.39208746   0.00243252
3736.717529   7.39208269   0.00242085
3751.663330   7.39207792   0.00240914
3766.669922   7.39207363   0.00239738
3781.736572   7.39206886   0.00238556
3796.863037   7.39206409   0.00237371
3812.050293   7.39205933   0.00236180
3827.298340   7.39205456   0.00234985
3842.607422   7.39204931   0.00233785
3857.977783   7.39204454   0.00232580
3873.409180   7.39203978   0.00231370
3888.902344   7.39203501   0.00230156
3904.457275   7.39203024   0.00228937
3920.075684   7.39202499   0.00227712
3935.755615   7.39202023   0.00226483
3951.497559   7.39201498   0.00225249
3967.303711   7.39201021   0.00224010
3983.173096   7.39200544   0.00222766
3999.105469   7.39200020   0.00221517
4015.101563   7.39199495   0.00220263
4031.161865   7.39199018   0.00219004
4047.286377   7.39198494   0.00217741
4063.474365   7.39197969   0.00216472
4079.728516   7.39197493   0.00215197
4096.046875   7.39197016   0.00213973
4112.431641   7.39196873   0.00213545
4128.880371   7.39196777   0.00213115
4145.395508   7.39196682   0.00212683
4161.977051   7.39196539   0.00212250
4178.624512   7.39196444   0.00211815
4195.338867   7.39196348   0.00211378
4212.119141   7.39196205   0.00210940
4228.967773   7.39196110   0.00210500
4245.884277   7.39196014   0.00210058
4262.866699   7.39195871   0.00209614
4279.917480   7.39195776   0.00209168
4297.037109   7.39195681   0.00208721
4314.225098   7.39195538   0.00208272
4331.481934   7.39195442   0.00207821
4348.807129   7.39195347   0.00207368
4366.202637   7.39195204   0.00206914
4383.666992   7.39195108   0.00206457
4401.201172   7.39194965   0.00205999
4418.806152   7.39194870   0.00205539
4436.480469   7.39194727   0.00205077
4454.226563   7.39194632   0.00204614
4472.042969   7.39194536   0.00204148
4489.930664   7.39194393   0.00203681
4507.889648   7.39194298   0.00203212
4525.921387   7.39194155   0.00202740
4544.024902   7.39194059   0.00202267
4562.200195   7.39193916   0.00201792
4580.449219   7.39193821   0.00201316
4598.770996   7.39193678   0.00200837
4617.165527   7.39193535   0.00200356
4635.633789   7.39193439   0.00199874
4654.175781   7.39193296   0.00199389
4672.792480   7.39193201   0.00198903
4691.482910   7.39193058   0.00198414
4710.249023   7.39192963   0.00197924
4729.089355   7.39192820   0.00197432
4748.005371   7.39192677   0.00196937
4766.997559   7.39192581   0.00196441
4786.064941   7.39192438   0.00195943
4805.208496   7.39192295   0.00195443
4824.429688   7.39192200   0.00194941
4843.726563   7.39192057   0.00194436
4863.101563   7.39191914   0.00193930
4882.552734   7.39191818   0.00193422
4902.083008   7.39191675   0.00192912
4921.691406   7.39191532   0.00192399
4941.377441   7.39191437   0.00191885
4961.142578   7.39191294   0.00191368
4980.986816   7.39191151   0.00190850
5000.911133   7.39191008   0.00190329
5020.914063   7.39190912   0.00189807
5040.996582   7.39190769   0.00189282
5061.161133   7.39190626   0.00188755
5081.405273   7.39190483   0.00188226
5101.729980   7.39190340   0.00187695
5122.137207   7.39190245   0.00187162
5142.625977   7.39190102   0.00186626
5163.195313   7.39189959   0.00186089
5183.847656   7.39189816   0.00185549
5204.583008   7.39189672   0.00185007
5225.400879   7.39189529   0.00184463
5246.302734   7.39189386   0.00183917
5267.287109   7.39189291   0.00183369
5288.355957   7.39189148   0.00182818
5309.509766   7.39189005   0.00182266
5330.746094   7.39188862   0.00181711
5352.069336   7.39188719   0.00181154
5373.477051   7.39188576   0.00180594
5394.971191   7.39188433   0.00180033
5416.550293   7.39188290   0.00179469
5438.215820   7.39188147   0.00178903
5459.968750   7.39188004   0.00178334
5481.808594   7.39187860   0.00177764
5503.734863   7.39187717   0.00177191
5525.749023   7.39187574   0.00176615
5547.852051   7.39187431   0.00176038
5570.042969   7.39187288   0.00175458
5592.322266   7.39187145   0.00174876
5614.691406   7.39187002   0.00174291
5637.149902   7.39186811   0.00173705
5659.698730   7.39186668   0.00173115
5682.336914   7.39186525   0.00172524
5705.065430   7.39186382   0.00171930
5727.885742   7.39186239   0.00171334
5750.796875   7.39186096   0.00170735
5773.799805   7.39185953   0.00170134
5796.894043   7.39185762   0.00169531
5820.081055   7.39185619   0.00168925
5843.361328   7.39185476   0.00168316
