   2.000000   2.30077486   0.00346307
   2.008000   2.30083929   0.00347836
   2.016031   2.30089551   0.00349375
   2.024095   2.30094356   0.00350924
   2.032191   2.30098350   0.00352484
   2.040319   2.30101538   0.00354053
   2.048480   2.30103926   0.00355634
   2.056674   2.30105520   0.00357224
   2.064900   2.30106325   0.00358825
   2.073159   2.30106347   0.00360437
   2.081452   2.30105591   0.00362059
   2.089777   2.30104065   0.00363692
   2.098136   2.30101774   0.00365335
   2.106528   2.30098724   0.00366989
   2.114954   2.30094921   0.00368654
   2.123413   2.30090373   0.00370330
   2.131906   2.30085085   0.00372017
   2.140434   2.30079064   0.00373715
   2.148995   2.30072316   0.00375423
   2.157590   2.30064850   0.00377143
   2.166220   2.30056670   0.00378874
   2.174885   2.30047785   0.00380616
   2.183584   2.30038200   0.00382369
   2.192318   2.30027924   0.00384134
   2.201087   2.30016965   0.00385910
   2.209891   2.30005327   0.00387698
   2.218730   2.29993020   0.00389497
   2.227604   2.29980050   0.00391308
   2.236514   2.29966426   0.00393130
   2.245460   2.29952153   0.00394964
   2.254441   2.29937242   0.00396810
   2.263459   2.29921697   0.00398667
   2.272512   2.29905530   0.00400537
   2.281602   2.29888746   0.00402418
   2.290728   2.29871353   0.00404312
   2.299890   2.29853359   0.00406218
   2.309089   2.29834773   0.00408135
   2.318326   2.29815602   0.00410066
   2.327598   2.29795855   0.00412008
   2.336908   2.29775539   0.00413963
   2.346255   2.29754664   0.00415930
   2.355640   2.29733236   0.00417910
   2.365062   2.29711266   0.00419903
   2.374522   2.29688760   0.00421908
   2.384020   2.29665727   0.00423926
   2.393555   2.29642176   0.00425957
   2.403129   2.29618116   0.00428001
   2.412741   2.29593552   0.00430058
   2.422391   2.29568498   0.00432128
   2.432081   2.29542957   0.00434211
   2.441809   2.29516941   0.00436307
   2.451575   2.29490458   0.00438417
   2.461381   2.29463515   0.00440540
   2.471226   2.29436123   0.00442677
   2.481111   2.29408288   0.00444828
   2.491035   2.29380019   0.00446992
   2.500998   2.29351327   0.00449170
   2.511002   2.29322216   0.00451362
   2.521045   2.29292700   0.00453567
   2.531129   2.29262783   0.00455787
   2.541253   2.29232476   0.00458021
   2.551418   2.29201785   0.00460270
   2.561623   2.29170722   0.00462533
   2.571869   2.29139290   0.00464810
   2.582156   2.29107504   0.00467102
   2.592484   2.29075368   0.00469408
   2.602854   2.29042891   0.00471730
   2.613265   2.29010080   0.00474066
   2.623717   2.28976946   0.00476417
   2.634212   2.28943494   0.00478783
   2.644748   2.28909735   0.00481165
   2.655327   2.28875673   0.00483562
   2.665947   2.28841320   0.00485974
   2.676610   2.28806681   0.00488402
   2.687316   2.28771764   0.00490846
   2.698065   2.28736578   0.00493305
   2.708857   2.28701129   0.00495780
   2.719692   2.28665424   0.00498272
   2.730570   2.28629472   0.00500779
   2.741492   2.28593277   0.00503303
   2.752457   2.28556851   0.00505844
   2.763467   2.28520196   0.00508400
   2.774520   2.28483321   0.00510974
   2.785617   2.28446232   0.00513564
   2.796759   2.28408935   0.00516172
   2.807946   2.28371437   0.00518796
   2.819177   2.28333745   0.00521438
   2.830454   2.28295862   0.00524097
   2.841775   2.28257797   0.00526773
   2.853141   2.28219553   0.00529468
   2.864553   2.28181137   0.00532180
   2.876011   2.28142555   0.00534910
   2.887514   2.28103810   0.00537658
   2.899064   2.28064906   0.00540425
   2.910660   2.28025852   0.00543209
   2.922302   2.27986646   0.00546013
   2.933990   2.27947299   0.00548835
   2.945726   2.27907810   0.00551677
   2.957508   2.27868185   0.00554537
   2.969338   2.27828427   0.00557417
   2.981215   2.27788538   0.00560316
   2.993139   2.27748522   0.00563234
   3.005111   2.27708383   0.00566173
   3.017131   2.27668120   0.00569132
   3.029199   2.27627739   0.00572110
   3.041315   2.27587238   0.00575109
   3.053480   2.27546622   0.00578129
   3.065693   2.27505891   0.00581170
   3.077955   2.27465045   0.00584231
   3.090267   2.27424085   0.00587314
   3.102627   2.27383015   0.00590417
   3.115037   2.27341828   0.00593543
   3.127496   2.27300531   0.00596690
   3.140006   2.27259117   0.00599859
   3.152565   2.27217589   0.00603051
   3.165175   2.27175947   0.00606265
   3.177835   2.27134184   0.00609501
   3.190546   2.27092302   0.00612761
   3.203307   2.27050299   0.00616043
   3.216120   2.27008168   0.00619350
   3.228984   2.26965913   0.00622679
   3.241899   2.26923523   0.00626032
   3.254866   2.26881000   0.00629410
   3.267885   2.26838336   0.00632811
   3.280956   2.26795529   0.00636238
   3.294079   2.26752571   0.00639689
   3.307255   2.26709460   0.00643165
   3.320484   2.26666185   0.00646667
   3.333765   2.26622748   0.00650194
   3.347099   2.26579135   0.00653747
   3.360487   2.26535343   0.00657327
   3.373928   2.26491362   0.00660933
   3.387423   2.26447186   0.00664565
   3.400972   2.26402805   0.00668225
   3.414576   2.26358213   0.00671912
   3.428233   2.26313398   0.00675626
   3.441946   2.26268352   0.00679369
   3.455713   2.26223065   0.00683140
   3.469535   2.26177526   0.00686939
   3.483412   2.26131725   0.00690767
   3.497345   2.26085650   0.00694625
   3.511334   2.26039289   0.00698512
   3.525378   2.25992632   0.00702429
   3.539480   2.25945662   0.00706376
   3.553637   2.25898373   0.00710354
   3.567851   2.25850745   0.00714362
   3.582122   2.25802768   0.00718402
   3.596449   2.25754429   0.00722474
   3.610834   2.25705709   0.00726577
   3.625277   2.25656597   0.00730713
   3.639777   2.25607075   0.00734881
   3.654336   2.25557127   0.00739083
   3.668952   2.25506743   0.00743318
   3.683628   2.25455898   0.00747587
   3.698362   2.25404582   0.00751890
   3.713154   2.25352775   0.00756228
   3.728006   2.25300459   0.00760601
   3.742918   2.25247616   0.00765009
   3.757888   2.25194234   0.00769453
   3.772920   2.25140282   0.00773934
   3.788010   2.25085757   0.00778451
   3.803162   2.25030629   0.00783006
   3.818374   2.24974883   0.00787598
   3.833646   2.24918499   0.00792228
   3.848980   2.24861457   0.00796897
   3.864376   2.24803737   0.00801605
   3.879832   2.24745323   0.00806352
   3.895351   2.24686188   0.00811140
   3.910931   2.24626321   0.00815967
   3.926575   2.24565692   0.00820836
   3.942280   2.24504289   0.00825745
   3.958049   2.24442089   0.00830697
   3.973880   2.24379070   0.00835691
   3.989775   2.24315212   0.00840728
   4.005733   2.24250501   0.00845808
   4.021838   2.24033976   0.00853000
   4.037925   2.23964643   0.00858481
   4.054077   2.23894572   0.00863347
   4.070292   2.23823786   0.00869000
   4.086574   2.23752260   0.00874000
   4.102920   2.23680305   0.00879711
   4.119331   2.23607635   0.00885000
   4.135808   2.23534250   0.00890093
   4.152351   2.23460197   0.00896000
   4.168960   2.23385763   0.00901320
   4.185636   2.23310995   0.00907000
   4.202378   2.23234844   0.00913000
   4.219187   2.23158121   0.00918875
   4.236063   2.23081470   0.00924318
   4.253007   2.23003221   0.00930000
   4.270019   2.22925186   0.00936000
   4.287099   2.22845650   0.00942000
   4.304247   2.22765565   0.00947713
   4.321464   2.22685289   0.00953969
   4.338749   2.22604299   0.00960000
   4.356104   2.22521663   0.00966000
   4.373528   2.22439361   0.00972516
   4.391022   2.22355366   0.00978625
   4.408586   2.22271729   0.00984699
   4.426220   2.22186375   0.00991000
   4.443924   2.22100639   0.00997736
   4.461699   2.22013974   0.01003702
   4.479546   2.21926689   0.01010631
   4.497464   2.21838760   0.01017000
   4.515454   2.21750164   0.01023383
   4.533515   2.21660948   0.01030206
   4.551649   2.21570063   0.01037000
   4.569855   2.21479535   0.01044000
   4.588134   2.21387362   0.01051000
   4.606486   2.21294522   0.01058148
   4.624912   2.21201253   0.01064797
   4.643412   2.21106482   0.01072411
   4.661984   2.21011090   0.01078991
   4.680632   2.20915103   0.01086536
   4.699354   2.20818424   0.01094048
   4.718152   2.20720673   0.01101526
   4.737023   2.20622325   0.01108970
   4.755972   2.20522428   0.01116380
   4.774995   2.20421910   0.01123757
   4.794095   2.20320678   0.01131101
   4.813271   2.20218062   0.01139411
   4.832523   2.20115066   0.01146688
   4.851853   2.20010877   0.01154932
   4.871261   2.19906139   0.01163143
   4.890745   2.19799829   0.01171322
   4.910308   2.19692922   0.01179468
   4.929949   2.19584870   0.01187581
   4.949668   2.19476390   0.01195662
   4.969466   2.19366026   0.01203711
   4.989344   2.19255805   0.01212728
   5.009301   2.19144011   0.01220713
   5.029338   2.19030666   0.01229667
   5.049455   2.18916774   0.01238588
   5.069653   2.18801832   0.01247478
   5.089931   2.18685937   0.01256337
   5.110291   2.18568540   0.01265164
   5.130731   2.18450594   0.01273960
   5.151253   2.18331409   0.01283725
   5.171858   2.18211651   0.01292459
   5.192545   2.18090391   0.01302162
   5.213315   2.17967653   0.01311835
   5.234168   2.17844367   0.01321477
   5.255105   2.17719507   0.01331088
   5.276125   2.17593622   0.01340669
   5.297228   2.17466259   0.01350440
   5.318417   2.17338419   0.01360741
   5.339690   2.17209077   0.01370464
   5.361050   2.17078519   0.01380694
   5.382493   2.16946769   0.01391125
   5.404022   2.16813540   0.01401526
   5.425638   2.16679811   0.01411899
   5.447340   2.16544414   0.01422483
   5.469129   2.16407466   0.01433555
   5.491005   2.16270041   0.01444679
   5.512969   2.16130185   0.01455190
   5.535021   2.15989876   0.01466644
   5.557160   2.15847611   0.01477520
   5.579388   2.15705228   0.01489377
   5.601706   2.15560412   0.01500659
   5.624112   2.15414238   0.01511941
   5.646608   2.15267467   0.01524050
   5.669194   2.15118313   0.01536081
   5.691870   2.14968729   0.01548108
   5.714638   2.14817643   0.01560108
   5.737495   2.14664268   0.01572158
   5.760445   2.14510465   0.01585023
   5.783486   2.14354396   0.01596878
   5.806621   2.14196968   0.01609656
   5.829846   2.14038467   0.01622378
   5.853165   2.13878465   0.01636045
   5.876577   2.13717103   0.01648658
   5.900084   2.13553405   0.01662217
   5.923683   2.13388491   0.01675722
   5.947378   2.13222337   0.01689173
   5.971167   2.13054872   0.01702571
   5.995051   2.12885094   0.01716915
   6.019031   2.12714314   0.01731206
   6.043107   2.12541223   0.01745444
   6.067278   2.12366819   0.01759629
   6.091548   2.12190723   0.01774143
   6.115913   2.12012219   0.01788842
   6.140376   2.11832809   0.01803870
   6.164937   2.11652136   0.01818847
   6.189597   2.11468816   0.01834771
   6.214355   2.11284161   0.01849645
   6.239212   2.11097240   0.01865700
   6.264168   2.10909057   0.01881237
   6.289225   2.10718632   0.01897937
   6.314381   2.10526609   0.01913940
   6.339638   2.10332704   0.01930245
   6.364995   2.10136890   0.01946814
   6.390456   2.09938693   0.01963499
   6.416017   2.09739184   0.01981201
   6.441680   2.09537482   0.01998220
   6.467446   2.09333777   0.02015589
   6.493317   2.09127522   0.02033865
   6.519289   2.08919930   0.02051271
   6.545366   2.08710146   0.02069604
   6.571546   2.08497906   0.02087864
   6.597833   2.08284354   0.02107052
   6.624224   2.08068013   0.02125556
   6.650720   2.07850075   0.02145209
   6.677322   2.07629442   0.02164180
   6.704031   2.07406664   0.02184080
   6.730846   2.07181501   0.02203908
   6.757770   2.06954336   0.02223887
   6.784801   2.06725311   0.02244352
   6.811940   2.06493402   0.02264968
   6.839186   2.06258655   0.02286351
   6.866543   2.06022477   0.02306989
   6.894009   2.05783463   0.02328860
   6.921585   2.05541754   0.02350732
   6.949269   2.05297995   0.02372999
   6.977067   2.05051494   0.02394931
   7.004974   2.04802513   0.02417771
   7.032994   2.04551244   0.02440521
   7.061125   2.04297233   0.02464180
   7.089369   2.04040885   0.02487748
   7.117725   2.03781319   0.02512227
   7.146197   2.03519249   0.02536270
   7.174780   2.03255010   0.02560916
   7.203479   2.02987480   0.02585909
   7.232292   2.02716684   0.02611249
   7.261221   2.02443933   0.02637106
   7.290266   2.02167606   0.02663231
   7.319427   2.01888585   0.02689863
   7.348703   2.01606798   0.02716078
   7.378098   2.01322246   0.02743185
   7.407610   2.01033998   0.02771185
   7.437240   2.00743175   0.02799075
   7.466988   2.00449562   0.02827630
   7.496856   2.00151992   0.02856537
   7.526843   1.99851978   0.02885529
   7.556949   1.99548554   0.02915287
   7.587176   1.99241769   0.02945919
   7.617525   1.98930979   0.02976425
   7.647995   1.98617947   0.03006805
   7.678586   1.98300731   0.03038736
   7.709300   1.97980356   0.03070191
   7.740137   1.97656882   0.03103198
   7.771096   1.97329473   0.03136081
   7.802180   1.96998060   0.03169147
   7.833388   1.96663749   0.03203478
   7.864722   1.96324575   0.03237493
   7.896179   1.95982611   0.03272952
   7.927764   1.95636904   0.03308271
   7.959474   1.95287526   0.03344448
   7.991312   1.94933510   0.03381485
   8.023277   1.94575906   0.03419010
   8.055368   1.94213808   0.03456733
   8.087589   1.93848228   0.03495299
   8.119941   1.93478227   0.03533709
   8.152418   1.93104517   0.03573959
   8.185028   1.92725956   0.03614313
   8.217768   1.92343163   0.03655120
   8.250638   1.91956198   0.03696780
   8.283640   1.91564322   0.03739209
   8.316774   1.91168320   0.03782495
   8.350040   1.90767336   0.03826607
   8.383441   1.90362191   0.03871550
   8.416973   1.89951575   0.03916320
   8.450641   1.89537120   0.03962576
   8.484442   1.89117527   0.04009719
   8.518380   1.88692749   0.04057679
   8.552453   1.88262498   0.04105446
   8.586661   1.87827134   0.04155431
   8.621008   1.87386930   0.04205471
   8.655492   1.86941588   0.04256303
   8.690113   1.86490846   0.04308936
   8.724874   1.86034858   0.04361366
   8.759772   1.85573399   0.04416011
   8.794811   1.85105503   0.04470591
   8.829988   1.84632480   0.04526441
   8.865309   1.84153175   0.04583099
   8.900769   1.83668351   0.04641518
   8.936373   1.83177447   0.04700689
   8.972116   1.82680237   0.04760661
   9.008004   1.82177126   0.04822265
   9.044036   1.81667352   0.04884182
   9.080211   1.81151950   0.04947853
   9.116531   1.80629015   0.05012373
   9.152996   1.80099714   0.05078920
   9.189608   1.79564047   0.05146212
   9.226367   1.79020989   0.05215395
   9.263270   1.78470695   0.05284946
   9.300323   1.77913356   0.05357062
   9.337523   1.77349067   0.05429886
   9.374873   1.76776981   0.05503736
   9.412373   1.76197565   0.05580230
   9.450021   1.75610840   0.05657420
   9.487821   1.75015569   0.05736326
   9.525771   1.74412668   0.05817105
   9.563873   1.73802054   0.05899966
   9.602129   1.73182392   0.05983846
   9.640535   1.72554624   0.06069973
   9.679098   1.71917903   0.06157607
   9.717813   1.71273017   0.06247162
   9.756683   1.70619106   0.06339353
   9.795710   1.69955254   0.06432475
   9.834892   1.69282615   0.06528873
   9.874231   1.68601060   0.06626569
   9.913727   1.67909253   0.06726732
   9.953382   1.67207360   0.06829219
   9.993195   1.66495621   0.06934287
  10.033166   1.65773106   0.07041552
  10.073298   1.65040338   0.07151736
  10.113591   1.64297032   0.07263710
  10.154045   1.63542068   0.07379119
  10.194660   1.62776423   0.07496922
  10.235438   1.61999536   0.07618073
  10.276379   1.61210525   0.07742622
  10.317484   1.60408819   0.07869451
  10.358754   1.59595239   0.07999511
  10.400187   1.58769143   0.08133752
  10.441787   1.57930660   0.08270442
  10.483555   1.57078755   0.08411623
  10.525487   1.56213140   0.08556080
  10.567589   1.55333829   0.08704405
  10.609858   1.54439795   0.08857160
  10.652297   1.53531635   0.09013875
  10.694905   1.52609122   0.09174938
  10.737684   1.51670122   0.09340513
  10.780634   1.50716257   0.09511295
  10.823756   1.49746752   0.09687098
  10.867051   1.48759723   0.09867562
  10.910518   1.47756541   0.10053553
  10.954158   1.46735430   0.10245643
  10.997975   1.45696712   0.10443783
  11.041966   1.44639635   0.10647744
  11.086133   1.43564343   0.10858359
  11.130477   1.42468786   0.11075503
  11.174999   1.41353118   0.11300294
  11.219698   1.40217328   0.11531872
  11.264576   1.39059830   0.11772016
  11.309633   1.37881112   0.12020650
  11.354872   1.36680102   0.12278039
  11.400290   1.35455298   0.12544677
  11.445890   1.34206808   0.12820221
  11.491673   1.32934129   0.13107580
  11.537641   1.31635118   0.13404886
  11.583788   1.30310965   0.13713913
  11.630123   1.28958678   0.14035718
  11.676642   1.27578628   0.14369912
  11.723350   1.26170397   0.14718156
  11.770241   1.24730635   0.15081939
  11.817321   1.23260689   0.15461414
  11.864590   1.21758473   0.15856838
  11.912048   1.20222735   0.16271703
  11.959694   1.18653286   0.16705263
  12.007532   1.17047274   0.17159681
  12.055561   1.15404487   0.17637035
  12.103783   1.13722920   0.18137829
  12.152197   1.12001979   0.18665168
  12.200805   1.10240006   0.19220787
  12.249607   1.08434689   0.19807695
  12.298606   1.06585729   0.20427419
  12.347799   1.04691339   0.21083313
  12.397189   1.02748835   0.21779813
  12.446777   1.00758469   0.22519770
  12.496564   0.98718011   0.23307295
  12.546550   0.96626157   0.24146385
  12.596734   0.94481570   0.25044265
  12.647120   0.92284077   0.26005951
  12.697708   0.90032858   0.27038497
  12.748498   0.87728989   0.28148243
  12.799491   0.85372370   0.29344594
  12.850689   0.82966501   0.30635843
  12.902090   0.80513442   0.32032305
  12.953696   0.78018045   0.33544114
  13.005510   0.75489134   0.35184404
  13.057531   0.72935212   0.36961541
  13.109763   0.70369411   0.38886675
  13.162198   0.67808008   0.40968215
  13.214849   0.65268767   0.43212995
  13.267706   0.62773567   0.45623201
  13.320776   0.60344297   0.48196214
  13.374059   0.58003372   0.50925380
  13.427552   0.55772263   0.53797519
  13.481262   0.53667051   0.56796491
  13.535189   0.51701438   0.59900969
  13.589327   0.49882615   0.63089156
  13.643683   0.48212650   0.66340405
  13.698256   0.46689072   0.69634396
  13.753050   0.45308110   0.72954226
  13.808059   0.44060010   0.76285112
  13.863292   0.42936647   0.79614204
  13.918744   0.41927844   0.82934880
  13.974419   0.41024897   0.86239564
  14.030314   0.40217808   0.89522922
  14.086435   0.39499190   0.92783248
  14.142779   0.38862136   0.96018690
  14.199350   0.38299730   0.99226856
  14.256146   0.37805611   1.02409136
  14.313169   0.37374386   1.05565846
  14.370420   0.37002757   1.08697474
  14.427902   0.36686870   1.11805212
  14.485613   0.36425620   1.14888382
  14.543554   0.36214542   1.17950320
  14.601728   0.36052829   1.20990515
  14.660135   0.35940275   1.24010932
  14.718773   0.35877070   1.27010882
  14.777647   0.35863510   1.29991877
  14.836756   0.35898969   1.32953048
  14.896105   0.35989013   1.35893464
  14.955686   0.36133602   1.38811088
  15.015508   0.36335009   1.41703606
  15.075569   0.36600903   1.44563735
  15.135870   0.36931443   1.47385812
  15.196412   0.37329930   1.50161421
  15.257196   0.37802246   1.52870786
  15.318224   0.38342717   1.55501223
  15.379498   0.38945812   1.58027196
  15.441013   0.39596057   1.60422885
  15.502776   0.40263179   1.62668049
  15.564787   0.40905172   1.64737892
  15.627045   0.41468722   1.66642952
  15.689551   0.41893321   1.68399584
  15.752309   0.42142782   1.70064068
  15.815316   0.42199391   1.71696687
  15.878578   0.42082483   1.73349464
  15.942090   0.41818371   1.75051808
  16.005857   0.41426823   1.76805568
  16.069880   0.40898249   1.78611755
  16.134159   0.40204656   1.80496037
  16.198694   0.39326948   1.82528710
  16.263487   0.38304892   1.84797025
  16.328541   0.37230864   1.87374580
  16.393854   0.36223337   1.90247250
  16.459429   0.35386136   1.93371189
  16.525265   0.34750000   1.96646881
  16.591364   0.34327334   2.00003171
  16.657730   0.34089556   2.03384328
  16.724358   0.34007350   2.06759000
  16.791254   0.34060219   2.10107899
  16.858419   0.34221241   2.13426757
  16.925854   0.34479141   2.16710663
  16.993553   0.34827286   2.19958591
  17.061527   0.35258511   2.23170042
  17.129770   0.35777521   2.26335883
  17.198290   0.36387086   2.29446077
  17.267082   0.37089491   2.32484150
  17.336147   0.37888536   2.35413194
  17.405491   0.38772297   2.38187909
  17.475115   0.39702767   2.40752959
  17.545012   0.40599078   2.43048143
  17.615191   0.41312248   2.45038223
  17.685650   0.41671580   2.46813869
  17.756392   0.41557464   2.48569608
  17.827415   0.40992934   2.50570679
  17.898726   0.40171656   2.53012252
  17.970318   0.39340770   2.55894971
  18.042200   0.38657016   2.59119272
  18.114367   0.38181895   2.62557960
  18.186823   0.37919027   2.66109252
  18.259567   0.37828976   2.69705796
  18.332607   0.37876123   2.73313761
  18.405935   0.38028300   2.76916671
  18.479557   0.38261488   2.80510545
  18.553474   0.38557708   2.84094930
  18.627687   0.38905784   2.87672496
  18.702196   0.39293182   2.91246581
  18.777004   0.39714241   2.94822097
  18.852110   0.40164530   2.98402953
  18.927519   0.40639713   3.01993132
  19.003225   0.41138348   3.05595636
  19.079239   0.41659209   3.09212875
  19.155554   0.42199031   3.12848902
  19.232178   0.42759562   3.16506290
  19.309101   0.43340373   3.20185661
  19.386337   0.43939242   3.23891282
  19.463881   0.44557837   3.27624297
  19.541735   0.45195505   3.31387043
  19.619902   0.45853296   3.35180926
  19.698378   0.46531147   3.39008379
  19.777170   0.47229838   3.42870212
  19.856279   0.47949499   3.46768951
  19.935701   0.48691469   3.50705266
  20.015442   0.49455869   3.54681849
  20.095503   0.50243437   3.58700705
  20.175884   0.51054770   3.62762237
  20.256588   0.51891857   3.66868639
  20.337612   0.52754998   3.71021819
  20.418961   0.53644305   3.75222373
  20.500637   0.54562187   3.79473257
  20.582636   0.55509502   3.83776259
  20.664967   0.56487119   3.88131857
  20.747623   0.57496166   3.92543554
  20.830614   0.58538526   3.97012186
  20.913935   0.59615296   4.01539993
  20.997587   0.60727608   4.06128693
  21.081575   0.61878437   4.10779619
  21.165903   0.63067544   4.15496445
  21.250565   0.64297640   4.20279741
  21.335566   0.65570813   4.25131702
  21.420906   0.66888380   4.30055523
  21.506590   0.68252790   4.35052347
  21.592611   0.69667989   4.40126944
  21.678982   0.71133965   4.45279551
  21.765696   0.72654831   4.50513983
  21.852758   0.74231786   4.55831814
  21.940165   0.75868011   4.61234426
  22.027927   0.77566707   4.66726494
  22.116035   0.79332864   4.72312880
  22.204498   0.81168997   4.77995443
  22.293316   0.83078176   4.83774614
  22.382486   0.85062653   4.89654160
  22.472015   0.87128490   4.95638084
  22.561905   0.89283866   5.01734447
  22.652147   0.91528708   5.07941294
  22.742754   0.93869096   5.14262009
  22.833725   0.96307963   5.20700502
  22.925058   0.98859859   5.27266598
  23.016756   1.01525259   5.33959770
  23.108822   1.04308867   5.40781784
  23.201256   1.07217908   5.47736597
  23.294060   1.10271966   5.54838657
  23.387234   1.13467622   5.62082291
  23.480780   1.16813815   5.69471788
  23.574701   1.20327926   5.77017832
  23.669001   1.24020159   5.84724617
  23.763676   1.27893245   5.92588949
  23.858727   1.31967831   6.00622559
  23.954161   1.36261821   6.08832550
  24.049976   1.40776181   6.17214394
  24.146173   1.45537519   6.25778008
  24.242758   1.50568867   6.34532690
  24.339727   1.55869985   6.43469906
  24.437086   1.61480701   6.52604151
  24.534830   1.67419815   6.61936569
  24.632969   1.73690045   6.71459675
  24.731499   1.80363560   6.81194544
  24.830425   1.87427771   6.91124582
  24.929741   1.94924009   7.01252222
  25.029461   2.02912617   7.11586094
  25.129576   2.11379170   7.22103405
  25.230093   2.20432806   7.32817936
  25.331011   2.30057335   7.43703461
  25.432333   2.40328288   7.54755783
  25.534060   2.51307225   7.65955067
  25.636198   2.63000417   7.77276087
  25.738737   2.75557542   7.88695097
  25.841690   2.88918734   8.00171947
  25.945057   3.03302789   8.11659908
  26.048836   3.18625307   8.23111534
  26.153028   3.35093188   8.34444141
  26.257639   3.52666044   8.45594978
  26.362667   3.71515012   8.56444550
  26.468119   3.91627645   8.66899014
  26.573986   4.13141346   8.76795197
  26.680283   4.36045170   8.86005402
  26.786999   4.60445213   8.94305134
  26.894148   4.86287832   9.01542759
  27.001722   5.13650322   9.07408524
  27.109726   5.42379713   9.11767101
  27.218163   5.72512913   9.14179802
  27.327036   6.03761673   9.14626408
  27.436340   6.36071730   9.12477684
  27.546083   6.69042921   9.07945728
  27.656267   7.02419233   9.00266171
  27.766891   7.35787868   8.89813805
  27.877954   7.68662930   8.76118660
  27.989466   8.00632954   8.59409142
  28.101421   8.31217861   8.39777279
  28.213827   8.59845352   8.17255402
  28.326677   8.86412048   7.92479038
  28.439983   9.10084724   7.65422297
  28.553741   9.31120872   7.36859751
  28.667955   9.49149990   7.07128763
  28.782627   9.64073753   6.76689672
  28.897751   9.76271248   6.46009254
  29.013342   9.85364246   6.15508270
  29.129396   9.91960716   5.85478735
  29.245907   9.96231747   5.56191254
  29.362890   9.98163128   5.27988386
  29.480339   9.98340416   5.00852489
  29.598259   9.96860886   4.74984026
  29.716650   9.93922615   4.50498199
  29.835516   9.89889812   4.27258492
  29.954855   9.84859467   4.05395651
  30.074675   9.79018307   3.84884787
  30.194969   9.72585583   3.65557742
  30.315746   9.65649414   3.47467923
  30.437004   9.58323860   3.30582857
  30.558756   9.50738239   3.14715648
  30.680988   9.42961979   2.99853873
  30.803707   9.35058308   2.86032462
  30.926922   9.27095318   2.73048425
  31.050629   9.19114876   2.60851240
  31.174829   9.11165142   2.49496937
  31.299526   9.03271770   2.38843465
  31.424721   8.95455742   2.28819823
  31.550419   8.87739849   2.19403028
  31.676619   8.80156326   2.10610890
  31.803322   8.72697163   2.02320504
  31.930532   8.65371704   1.94498980
  32.058258   8.58192444   1.87133396
  32.186481   8.51179790   1.80224669
  32.315228   8.44313908   1.73688889
  32.444485   8.37597847   1.67502964
  32.574265   8.31032085   1.61645520
  32.704556   8.24642754   1.56139493
  32.835373   8.18401623   1.50915205
  32.966709   8.12306786   1.45953906
  33.098579   8.06356621   1.41239107
  33.230968   8.00559235   1.36769402
  33.363888   7.94914913   1.32535183
  33.497341   7.89407539   1.28501606
  33.631329   7.84033346   1.24656665
  33.765854   7.78789854   1.20989466
  33.900913   7.73676872   1.17492640
  34.036514   7.68703127   1.14171720
  34.172661   7.63850212   1.10996902
  34.309349   7.59114122   1.07960153
  34.446579   7.54491615   1.05054212
  34.584366   7.49980068   1.02270877
  34.722702   7.45577145   0.99604154
  34.861591   7.41291761   0.97060913
  35.001034   7.37107229   0.94620490
  35.141033   7.33020687   0.92277628
  35.281597   7.29029846   0.90027082
  35.422722   7.25132036   0.87864584
  35.564407   7.21323395   0.85784906
  35.706665   7.17602539   0.83784503
  35.849491   7.13971376   0.81862760
  35.992882   7.10426426   0.80015796
  36.136852   7.06960440   0.78236109
  36.281395   7.03571987   0.76520550
  36.426525   7.00258589   0.74865723
  36.572220   6.97017479   0.73268759
  36.718513   6.93847275   0.71727514
  36.865383   6.90746117   0.70238721
  37.012844   6.87711096   0.68800843
  37.160892   6.84741259   0.67411059
  37.309528   6.81835222   0.66067201
  37.458767   6.78992033   0.64769036
  37.608604   6.76209354   0.63513291
  37.759029   6.73485374   0.62298036
  37.910065   6.70816517   0.61120856
  38.061703   6.68202066   0.59980601
  38.213947   6.65640306   0.58874738
  38.366798   6.63130045   0.57802975
  38.520264   6.60670280   0.56763089
  38.674343   6.58258963   0.55754060
  38.829041   6.55894852   0.54775137
  38.984352   6.53577232   0.53824937
  39.140285   6.51303816   0.52901554
  39.296844   6.49074221   0.52004153
  39.454033   6.46887398   0.51132423
  39.611843   6.44742060   0.50285113
  39.770287   6.42637110   0.49460885
  39.929363   6.40571213   0.48659608
  40.089081   6.38543367   0.47879791
  40.249432   6.36552906   0.47120494
  40.410431   6.34599257   0.46381316
  40.572071   6.32681036   0.45661131
  40.734360   6.30796576   0.44959772
  40.897285   6.28946114   0.44276580
  41.060875   6.27128553   0.43610761
  41.225113   6.25342751   0.42961830
  41.390018   6.23588228   0.42328522
  41.555569   6.21864605   0.41710758
  41.721790   6.20170355   0.41107965
  41.888676   6.18505001   0.40519673
  42.056225   6.16868353   0.39945930
  42.224449   6.15258741   0.39385182
  42.393341   6.13675976   0.38837439
  42.562912   6.12119579   0.38303173
  42.733166   6.10588884   0.37780759
  42.904091   6.09086227   0.37270835
  43.075703   6.07606745   0.36772385
  43.248005   6.06151724   0.36285275
  43.420994   6.04720306   0.35808691
  43.594673   6.03312111   0.35342360
  43.769051   6.01925802   0.34886152
  43.944122   6.00560999   0.34439960
  44.119900   5.99217796   0.34003299
  44.296371   5.97895527   0.33575627
  44.473557   5.96592855   0.33156794
  44.651443   5.95310402   0.32746696
  44.830051   5.94049740   0.32345214
  45.009369   5.92809391   0.31952885
  45.189400   5.91587067   0.31568334
  45.370155   5.90383005   0.31190789
  45.551636   5.89196777   0.30820936
  45.733837   5.88027859   0.30458581
  45.916771   5.86876059   0.30103022
  46.100433   5.85741043   0.29754549
  46.284836   5.84623432   0.29412270
  46.469967   5.83524036   0.29078066
  46.655846   5.82440281   0.28749526
  46.842464   5.81371927   0.28427005
  47.029839   5.80318069   0.28110600
  47.217945   5.79278421   0.27800059
  47.406815   5.78253460   0.27494785
  47.596436   5.77245235   0.27195671
  47.786823   5.76252413   0.26902270
  47.977970   5.75272179   0.26613978
  48.169876   5.74304962   0.26330724
  48.362549   5.73350906   0.26052216
  48.556004   5.72409296   0.25777996
  48.750217   5.71483326   0.25509802
  48.945217   5.70570183   0.25246173
  49.140991   5.69669056   0.24987155
  49.337555   5.68779182   0.24732165
  49.534901   5.67900133   0.24480790
  49.733036   5.67034531   0.24234621
  49.931961   5.66181993   0.23992601
  50.131695   5.65340090   0.23754328
  50.332214   5.64508533   0.23519854
  50.533539   5.63686991   0.23289108
  50.735664   5.62878084   0.23062834
  50.938614   5.62080574   0.22840379
  51.142365   5.61292505   0.22620954
  51.346924   5.60513830   0.22404511
  51.552307   5.59744310   0.22191019
  51.758518   5.58988428   0.21982555
  51.965546   5.58240938   0.21777102
  52.173409   5.57501888   0.21574454
  52.382099   5.56771517   0.21374489
  52.591625   5.56052208   0.21177554
  52.801983   5.55342865   0.20984572
  53.013191   5.54641390   0.20794016
  53.225239   5.53947544   0.20605694
  53.438145   5.53263474   0.20420817
  53.651878   5.52588797   0.20238681
  53.866489   5.51921368   0.20058897
  54.081947   5.51261187   0.19881593
  54.298275   5.50610971   0.19707808
  54.515465   5.49969244   0.19536479
  54.733521   5.49334002   0.19367044
  54.952446   5.48705196   0.19199471
  55.172260   5.48087597   0.19035099
  55.392941   5.47476196   0.18873146
  55.614506   5.46870613   0.18713024
  55.836960   5.46272802   0.18554622
  56.060307   5.45684052   0.18399602
  56.284546   5.45100975   0.18246360
  56.509682   5.44523573   0.18094739
  56.735714   5.43956041   0.17945462
  56.962654   5.43393898   0.17797999
  57.190502   5.42836666   0.17652258
  57.419258   5.42287779   0.17509463
  57.648926   5.41745853   0.17368436
  57.879524   5.41208506   0.17228509
  58.111038   5.40677357   0.17090042
  58.343475   5.40154934   0.16954233
  58.576847   5.39636707   0.16819835
  58.811153   5.39123154   0.16687016
  59.046394   5.38618374   0.16557063
  59.282570   5.38117790   0.16428135
  59.519699   5.37621593   0.16300219
  59.757778   5.37134504   0.16174594
  59.996796   5.36651039   0.16050224
  60.236782   5.36171341   0.15927145
  60.477722   5.35700607   0.15806328
  60.719635   5.35233307   0.15686372
  60.962505   5.34769964   0.15567417
  61.206356   5.34315062   0.15450586
  61.451172   5.33863115   0.15334837
  61.696976   5.33415222   0.15220602
  61.943768   5.32974863   0.15108258
  62.191525   5.32537556   0.14996676
  62.440289   5.32105684   0.14886457
  62.690056   5.31679535   0.14777805
  62.940800   5.31255913   0.14669980
  63.192562   5.30838442   0.14564356
  63.445332   5.30425596   0.14459506
  63.699104   5.30015373   0.14355057
  63.953896   5.29612827   0.14252715
  64.209709   5.29212666   0.14151029
  64.466545   5.28816462   0.14050423
  64.724411   5.28426266   0.13951454
  64.983299   5.28037930   0.13853045
  65.243225   5.27655172   0.13756278
  65.504189   5.27276325   0.13660499
  65.766212   5.26900387   0.13565439
  66.029274   5.26531267   0.13472241
  66.293373   5.26163673   0.13379362
  66.558548   5.25800896   0.13287467
  66.824783   5.25442028   0.13196637
  67.092079   5.25085354   0.13106431
  67.360443   5.24735451   0.13018057
  67.629883   5.24386835   0.12929936
  67.900398   5.24043131   0.12842833
  68.171982   5.23702431   0.12756638
  68.444672   5.23364115   0.12671191
  68.718445   5.23031664   0.12587319
  68.993324   5.22700262   0.12503697
  69.269279   5.22375298   0.12421301
  69.546356   5.22051716   0.12339410
  69.824539   5.21731472   0.12258641
  70.103828   5.21415234   0.12178604
  70.384239   5.21100903   0.12098888
  70.665764   5.20792103   0.12020796
  70.948425   5.20483828   0.11942902
  71.232231   5.20181274   0.11866711
  71.517143   5.19879770   0.11790559
  71.803200   5.19581938   0.11714852
  72.090408   5.19287109   0.11640251
  72.378769   5.18995047   0.11566685
  72.668282   5.18707132   0.11493575
  72.958946   5.18420315   0.11420487
  73.250786   5.18138885   0.11349007
  73.543777   5.17857504   0.11277571
  73.837944   5.17581558   0.11207359
  74.133301   5.17305899   0.11137286
  74.429817   5.17035007   0.11068627
  74.727539   5.16765451   0.11000215
  75.026443   5.16499662   0.10932561
  75.326538   5.16235828   0.10865349
  75.627838   5.15974522   0.10798699
  75.930351   5.15716171   0.10732953
  76.234070   5.15459919   0.10667829
  76.538994   5.15206909   0.10603453
  76.845146   5.14955091   0.10539325
  77.152527   5.14707470   0.10475672
  77.461128   5.14460564   0.10412016
  77.770966   5.14217901   0.10350150
  78.082047   5.13975477   0.10288510
  78.394371   5.13737965   0.10227453
  78.707939   5.13500404   0.10166285
  79.022774   5.13267517   0.10106184
  79.338852   5.13034344   0.10045995
  79.656204   5.12805891   0.09987353
  79.974831   5.12577057   0.09928638
  80.294716   5.12352991   0.09871010
  80.615883   5.12128448   0.09813265
  80.938354   5.11909008   0.09756575
  81.262093   5.11689281   0.09699791
  81.587143   5.11473942   0.09643588
  81.913475   5.11258459   0.09587274
  82.241127   5.11046696   0.09532309
  82.570091   5.10834980   0.09477434
  82.900360   5.10627317   0.09423412
  83.231956   5.10420275   0.09369487
  83.564880   5.10216475   0.09316298
  83.899139   5.10013628   0.09263315
  84.234726   5.09813118   0.09210936
  84.571648   5.09613943   0.09158894
  84.909943   5.09416914   0.09107294
  85.249573   5.09222364   0.09056184
  85.590561   5.09028816   0.09005341
  85.932922   5.08837843   0.08955158
  86.276657   5.08647346   0.08905042
  86.621750   5.08460855   0.08855784
  86.968231   5.08273840   0.08806372
  87.316101   5.08090973   0.08758031
  87.665359   5.07907391   0.08709496
  88.016022   5.07727242   0.08661865
  88.368073   5.07547235   0.08614246
  88.721542   5.07370186   0.08567258
  89.076431   5.07194567   0.08520547
  89.432709   5.07020283   0.08473995
  89.790443   5.06848145   0.08427742
  90.149597   5.06676245   0.08381589
  90.510201   5.06508064   0.08336678
  90.872223   5.06339216   0.08291591
  91.235703   5.06173992   0.08247056
  91.600647   5.06008577   0.08202424
  91.967049   5.05845690   0.08158375
  92.334900   5.05684137   0.08114639
  92.704231   5.05523491   0.08071098
  93.075043   5.05365849   0.08028248
  93.447334   5.05207539   0.07985226
  93.821114   5.05053091   0.07943221
  94.196396   5.04898119   0.07901082
  94.573174   5.04745388   0.07859526
  94.951469   5.04593849   0.07818264
  95.331268   5.04442883   0.07777029
  95.712578   5.04295063   0.07736222
  96.095428   5.04146671   0.07695252
  96.479805   5.04001474   0.07655131
  96.865723   5.03856373   0.07615031
  97.253166   5.03712559   0.07575279
  97.642174   5.03570747   0.07536045
  98.032738   5.03428364   0.07496653
  98.424866   5.03290129   0.07458257
  98.818558   5.03151417   0.07419727
  99.213829   5.03014374   0.07381433
  99.610672   5.02878904   0.07343356
 100.009102   5.02743006   0.07305162
 100.409126   5.02611113   0.07268332
 100.810760   5.02478695   0.07231353
 101.214012   5.02347708   0.07194404
 101.618835   5.02218103   0.07157484
 102.025330   5.02087975   0.07120413
 102.433411   5.01961708   0.07084665
 102.843140   5.01835155   0.07048833
 103.254509   5.01709652   0.07013145
 103.667503   5.01586199   0.06977763
 104.082176   5.01462269   0.06942238
 104.498512   5.01341057   0.06907459
 104.916489   5.01220226   0.06872771
 105.336151   5.01099682   0.06838133
 105.757477   5.00982285   0.06804272
 106.180511   5.00864410   0.06770273
 106.605209   5.00747967   0.06736515
 107.031639   5.00632763   0.06702964
 107.459755   5.00517130   0.06669281
 107.889595   5.00404358   0.06636380
 108.321136   5.00291729   0.06603519
 108.754417   5.00179243   0.06570671
 109.189423   5.00069952   0.06538622
 109.626183   4.99960279   0.06506445
 110.064674   4.99851513   0.06474418
 110.504913   4.99744463   0.06442690
 110.946930   4.99636936   0.06410833
 111.390717   4.99531364   0.06379515
 111.836273   4.99426794   0.06348465
 112.283607   4.99321842   0.06317292
 112.732742   4.99219847   0.06286571
 113.183670   4.99118090   0.06255846
 113.636383   4.99015999   0.06224998
 114.090919   4.98916817   0.06195071
 114.547272   4.98817253   0.06165024
 115.005478   4.98717737   0.06134997
 115.465469   4.98621035   0.06105743
 115.927330   4.98523951   0.06076370
 116.391029   4.98427343   0.06047044
 116.856583   4.98333073   0.06018116
 117.323997   4.98238420   0.05989073
 117.793289   4.98144484   0.05960125
 118.264450   4.98052645   0.05931531
 118.737511   4.97960472   0.05902820
 119.212448   4.97869110   0.05874462
 119.689293   4.97779655   0.05846868
 120.168037   4.97689867   0.05819164
 120.648705   4.97600794   0.05791465
 121.131294   4.97513437   0.05763875
 121.615807   4.97425699   0.05736176
 122.102257   4.97338724   0.05708774
 122.590668   4.97253752   0.05682173
 123.081017   4.97168398   0.05655466
 123.573334   4.97083521   0.05628807
 124.067619   4.97000885   0.05602543
 124.563889   4.96917915   0.05576173
 125.062134   4.96835041   0.05549780
 125.562370   4.96754742   0.05523856
 126.064606   4.96674109   0.05497828
 126.568863   4.96593142   0.05471695
 127.075127   4.96515083   0.05446401
 127.583420   4.96436787   0.05421031
 128.093750   4.96358156   0.05395559
 128.606110   4.96281481   0.05370492
 129.120514   4.96205187   0.05345467
 129.636993   4.96128559   0.05320342
 130.155533   4.96053410   0.05295639
 130.676163   4.95979357   0.05271265
 131.198837   4.95905066   0.05246795
 131.723633   4.95831203   0.05222403
 132.250519   4.95759106   0.05198376
 132.779510   4.95686769   0.05174254
 133.310623   4.95614100   0.05150035
 133.843842   4.95544147   0.05126617
 134.379211   4.95474005   0.05103143
 134.916733   4.95403624   0.05079576
 135.456390   4.95334768   0.05056290
 135.998199   4.95266819   0.05033168
 136.542175   4.95198631   0.05009953
 137.088348   4.95130682   0.04986816
 137.636688   4.95064688   0.04964336
 138.187225   4.94998455   0.04941766
 138.739960   4.94931936   0.04919105
 139.294922   4.94867325   0.04896810
 139.852081   4.94803190   0.04874594
 140.411484   4.94738865   0.04852289
 140.973114   4.94674921   0.04830100
 141.537018   4.94612980   0.04808520
 142.103149   4.94550848   0.04786855
 142.671539   4.94488382   0.04765103
 143.242218   4.94427490   0.04743679
 143.815186   4.94367123   0.04722369
 144.390427   4.94306564   0.04700976
 144.967987   4.94245911   0.04679539
 145.547852   4.94187450   0.04658589
 146.130035   4.94128704   0.04637555
 146.714539   4.94069719   0.04616438
 147.301392   4.94011688   0.04595601
 147.890579   4.93955040   0.04575200
 148.482162   4.93898201   0.04554716
 149.076050   4.93841076   0.04534153
 149.672348   4.93785667   0.04513932
 150.271027   4.93730879   0.04493812
 150.872101   4.93675852   0.04473611
 151.475586   4.93620634   0.04453330
 152.081467   4.93567467   0.04433779
 152.689774   4.93514204   0.04414207
 153.300552   4.93460751   0.04394555
 153.913712   4.93407393   0.04374892
 154.529358   4.93355894   0.04355684
 155.147461   4.93304205   0.04336399
 155.768051   4.93252277   0.04317037
 156.391113   4.93200779   0.04297733
 157.016663   4.93151093   0.04278816
 157.644714   4.93101215   0.04259824
 158.275299   4.93051147   0.04240755
 158.908386   4.93001509   0.04221849
 159.544006   4.92953348   0.04203476
 160.182159   4.92904949   0.04185031
 160.822891   4.92856407   0.04166511
 161.466171   4.92808342   0.04148079
 162.112015   4.92761946   0.04130004
 162.760452   4.92715359   0.04111856
 163.411499   4.92668581   0.04093635
 164.065125   4.92622042   0.04075460
 164.721375   4.92577124   0.04057686
 165.380249   4.92532063   0.04039842
 166.041763   4.92486763   0.04021925
 166.705902   4.92441416   0.04003986
 167.372726   4.92397976   0.03986754
 168.042191   4.92354393   0.03969454
 168.714371   4.92310619   0.03952083
 169.389191   4.92266655   0.03934645
 170.066757   4.92224550   0.03917630
 170.747009   4.92182684   0.03900637
 171.429977   4.92140627   0.03883576
 172.115707   4.92098379   0.03866446
 172.804138   4.92057180   0.03849708
 173.495346   4.92016745   0.03833256
 174.189331   4.91976118   0.03816736
 174.886063   4.91935349   0.03800152
 175.585587   4.91894913   0.03783575
 176.287918   4.91856098   0.03767210
 176.993073   4.91817188   0.03750778
 177.701019   4.91778088   0.03734282
 178.411819   4.91738844   0.03717719
 179.125443   4.91700840   0.03701714
 179.841949   4.91663074   0.03685825
 180.561295   4.91625214   0.03669873
 181.283524   4.91587162   0.03653856
 182.008636   4.91549540   0.03637984
 182.736679   4.91513443   0.03622631
 183.467621   4.91477156   0.03607218
 184.201462   4.91440773   0.03591743
 184.938263   4.91404247   0.03576207
 185.678009   4.91369009   0.03560986
 186.420700   4.91334343   0.03545894
 187.166382   4.91299582   0.03530741
 187.915024   4.91264677   0.03515529
 188.666687   4.91229582   0.03500255
 189.421310   4.91196060   0.03485480
 190.179001   4.91162443   0.03470653
 190.939697   4.91128683   0.03455769
 191.703476   4.91094780   0.03440823
 192.470230   4.91061211   0.03425940
 193.240112   4.91029167   0.03411444
 194.013062   4.90996981   0.03396889
 194.789093   4.90964699   0.03382277
 195.568237   4.90932226   0.03367607
 196.350494   4.90900326   0.03353144
 197.135880   4.90869474   0.03339125
 197.924438   4.90838528   0.03325049
 198.716095   4.90807390   0.03310918
 199.510956   4.90776205   0.03296730
 200.308975   4.90745640   0.03282626
 201.110214   4.90716219   0.03268688
 201.914642   4.90686655   0.03254695
 202.722275   4.90656948   0.03240646
 203.533157   4.90627193   0.03226541
 204.347290   4.90597773   0.03212689
 205.164642   4.90569305   0.03199424
 205.985306   4.90540743   0.03186106
 206.809219   4.90512085   0.03172734
 207.636444   4.90483284   0.03159310
 208.466980   4.90454674   0.03145889
 209.300827   4.90427589   0.03132721
 210.138016   4.90400362   0.03119500
 210.978561   4.90373087   0.03106227
 211.822449   4.90345669   0.03092900
 212.669724   4.90318155   0.03079520
 213.520401   4.90292025   0.03066745
 214.374481   4.90265989   0.03054005
 215.231934   4.90239811   0.03041213
 216.092850   4.90213585   0.03028370
 216.957214   4.90187263   0.03015476
 217.825043   4.90161610   0.03002805
 218.696304   4.90136719   0.02990361
 219.571091   4.90111732   0.02977866
 220.449356   4.90086651   0.02965322
 221.331146   4.90061474   0.02952727
 222.216461   4.90036154   0.02940082
 223.105286   4.90012598   0.02927936
 223.997696   4.89988899   0.02915744
 224.893707   4.89965153   0.02903502
 225.793228   4.89941263   0.02891213
 226.696396   4.89917326   0.02878874
 227.603165   4.89893770   0.02866686
 228.513550   4.89871025   0.02854801
 229.427597   4.89848185   0.02842868
 230.345306   4.89825249   0.02830888
 231.266663   4.89802265   0.02818860
 232.191727   4.89779139   0.02806783
 233.120468   4.89756966   0.02795094
 234.052917   4.89735413   0.02783643
 234.989105   4.89713812   0.02772146
 235.929077   4.89692068   0.02760602
 236.872772   4.89670277   0.02749013
 237.820236   4.89648342   0.02737377
 238.771515   4.89627457   0.02726081
 239.726593   4.89606905   0.02714898
 240.685471   4.89586258   0.02703669
 241.648209   4.89565516   0.02692396
 242.614761   4.89544725   0.02681078
 243.585220   4.89523840   0.02669715
 244.559540   4.89503860   0.02658672
 245.537766   4.89484310   0.02647763
 246.519897   4.89464664   0.02636810
 247.505981   4.89444923   0.02625813
 248.495941   4.89425087   0.02614773
 249.489929   4.89405203   0.02603688
 250.487869   4.89385939   0.02592825
 251.489822   4.89367342   0.02582196
 252.495743   4.89348650   0.02571525
 253.505707   4.89329910   0.02560811
 254.519714   4.89311075   0.02550055
 255.537811   4.89292192   0.02539255
 256.559906   4.89273405   0.02528514
 257.586121   4.89255762   0.02518324
 258.616455   4.89238071   0.02508094
 259.650909   4.89220285   0.02497822
 260.689484   4.89202452   0.02487510
 261.732239   4.89184523   0.02477156
 262.779144   4.89166546   0.02466761
 263.830261   4.89149427   0.02456666
 264.885559   4.89132786   0.02446725
 265.945068   4.89116096   0.02436744
 267.008820   4.89099360   0.02426724
 268.076843   4.89082527   0.02416662
 269.149139   4.89065647   0.02406561
 270.225708   4.89048719   0.02396420
 271.306580   4.89032841   0.02386752
 272.391815   4.89016914   0.02377066
 273.481354   4.89000940   0.02367343
 274.575256   4.88984919   0.02357581
 275.673553   4.88968849   0.02347779
 276.776245   4.88952684   0.02337938
 277.883301   4.88936567   0.02328109
 278.994812   4.88921738   0.02318726
 280.110748   4.88906860   0.02309305
 281.231232   4.88891888   0.02299846
 282.356079   4.88876867   0.02290350
 283.485535   4.88861752   0.02280815
 284.619446   4.88846636   0.02271243
 285.757904   4.88831472   0.02261652
 286.900909   4.88817453   0.02252539
 288.048462   4.88803387   0.02243390
 289.200653   4.88789272   0.02234203
 290.357483   4.88775110   0.02224980
 291.518860   4.88760853   0.02215720
 292.684906   4.88746548   0.02206423
 293.855621   4.88732195   0.02197089
 295.031036   4.88718653   0.02188236
 296.211121   4.88705301   0.02179497
 297.395966   4.88691854   0.02170723
 298.585541   4.88678360   0.02161914
 299.779877   4.88664818   0.02153070
 300.978943   4.88651228   0.02144191
 302.182861   4.88637590   0.02135275
 303.391541   4.88624287   0.02126444
 304.605133   4.88611889   0.02117858
 305.823517   4.88599396   0.02109238
 307.046753   4.88586855   0.02100583
 308.274902   4.88574314   0.02091893
 309.508026   4.88561678   0.02083169
 310.746033   4.88548994   0.02074410
 311.988983   4.88536263   0.02065616
 313.236938   4.88524151   0.02057175
 314.489899   4.88512468   0.02048972
 315.747772   4.88500738   0.02040736
 317.010773   4.88488960   0.02032467
 318.278778   4.88477135   0.02024165
 319.551941   4.88465214   0.02015829
 320.830048   4.88453293   0.02007462
 322.113373   4.88441324   0.01999059
 323.401794   4.88430023   0.01990960
 324.695374   4.88419104   0.01983020
 325.994141   4.88408089   0.01975048
 327.298065   4.88397074   0.01967045
 328.607239   4.88386011   0.01959009
 329.921692   4.88374853   0.01950941
 331.241333   4.88363695   0.01942841
 332.566254   4.88352489   0.01934708
 333.896515   4.88341713   0.01926766
 335.232086   4.88331461   0.01919097
 336.572968   4.88321209   0.01911398
 337.919250   4.88310862   0.01903668
 339.270905   4.88300514   0.01895907
 340.627991   4.88290119   0.01888114
 341.990448   4.88279724   0.01880291
 343.358368   4.88269234   0.01872436
 344.731781   4.88258696   0.01864550
 346.110718   4.88249111   0.01857228
 347.495117   4.88239574   0.01849921
 348.885071   4.88229990   0.01842585
 350.280579   4.88220358   0.01835219
 351.681702   4.88210678   0.01827824
 353.088379   4.88200998   0.01820400
 354.500732   4.88191223   0.01812945
 355.918701   4.88181448   0.01805461
 357.342377   4.88171768   0.01798004
 358.771698   4.88162899   0.01790873
 360.206757   4.88154030   0.01783712
 361.647552   4.88145065   0.01776523
 363.094177   4.88136101   0.01769305
 364.546478   4.88127089   0.01762059
 366.004639   4.88118076   0.01754783
 367.468628   4.88108969   0.01747479
 368.938477   4.88099861   0.01740145
 370.414246   4.88090754   0.01732800
 371.895844   4.88082552   0.01726039
 373.383392   4.88074303   0.01719252
 374.876953   4.88066006   0.01712436
 376.376373   4.88057661   0.01705595
 377.881866   4.88049316   0.01698725
 379.393341   4.88040924   0.01691828
 380.910950   4.88032532   0.01684903
 382.434509   4.88024092   0.01677951
 383.964233   4.88015604   0.01670971
 385.500061   4.88007689   0.01664205
 387.042084   4.88000154   0.01657590
 388.590210   4.87992620   0.01650948
 390.144531   4.87985039   0.01644280
 391.705048   4.87977457   0.01637585
 393.271912   4.87969780   0.01630864
 394.844971   4.87962151   0.01624115
 396.424286   4.87954426   0.01617340
 398.009949   4.87946701   0.01610537
 399.601990   4.87938976   0.01603707
 401.200348   4.87931776   0.01597319
 402.805145   4.87924719   0.01591060
 404.416351   4.87917662   0.01584776
 406.033997   4.87910604   0.01578467
 407.658051   4.87903500   0.01572134
 409.288696   4.87896347   0.01565774
 410.925812   4.87889147   0.01559389
 412.569550   4.87881947   0.01552979
 414.219696   4.87874746   0.01546543
 415.876587   4.87867498   0.01540081
 417.540039   4.87860632   0.01533866
 419.210205   4.87854195   0.01527874
 420.887024   4.87847710   0.01521857
 422.570496   4.87841225   0.01515817
 424.260742   4.87834692   0.01509752
 425.957825   4.87828112   0.01503663
 427.661560   4.87821531   0.01497550
 429.372162   4.87814903   0.01491413
 431.089630   4.87808275   0.01485250
 432.813995   4.87801647   0.01479063
 434.545227   4.87794924   0.01472852
 436.283386   4.87788916   0.01467064
 438.028473   4.87783003   0.01461324
 439.780548   4.87777090   0.01455562
 441.539673   4.87771130   0.01449776
 443.305786   4.87765121   0.01443967
 445.078949   4.87759113   0.01438135
 446.859253   4.87753057   0.01432280
 448.646667   4.87747002   0.01426401
 450.441193   4.87740946   0.01420499
 452.242920   4.87734842   0.01414573
 454.051910   4.87728691   0.01408623
 455.868073   4.87723112   0.01403089
 457.691498   4.87717724   0.01397698
 459.522247   4.87712288   0.01392285
 461.360321   4.87706852   0.01386850
 463.205688   4.87701416   0.01381393
 465.058472   4.87695932   0.01375915
 466.918671   4.87690401   0.01370415
 468.786377   4.87684870   0.01364892
 470.661438   4.87679338   0.01359348
 472.544067   4.87673759   0.01353782
 474.434204   4.87668180   0.01348193
 476.331909   4.87662601   0.01342614
 478.237274   4.87657738   0.01337412
 480.150085   4.87652826   0.01332190
 482.070648   4.87647915   0.01326947
 483.998993   4.87643003   0.01321683
 485.934875   4.87638044   0.01316398
 487.878632   4.87633038   0.01311091
 489.830109   4.87628031   0.01305764
 491.789368   4.87623024   0.01300415
 493.756500   4.87617970   0.01295045
 495.731506   4.87612915   0.01289653
 497.714386   4.87607861   0.01284240
 499.705261   4.87602758   0.01278805
 501.703979   4.87598324   0.01273856
 503.710785   4.87593937   0.01268975
 505.725525   4.87589598   0.01264076
 507.748474   4.87585211   0.01259156
 509.779419   4.87580824   0.01254216
 511.818451   4.87576389   0.01249258
 513.865723   4.87571955   0.01244279
 515.921204   4.87567520   0.01239280
 517.984802   4.87563038   0.01234261
 520.056763   4.87558556   0.01229222
 522.136963   4.87554073   0.01224163
 524.225464   4.87549543   0.01219084
 526.322266   4.87545013   0.01213986
 528.427551   4.87541056   0.01209306
 530.541260   4.87537050   0.01204607
 532.663452   4.87533045   0.01199889
 534.793945   4.87529039   0.01195153
 536.933105   4.87525034   0.01190398
 539.080811   4.87520981   0.01185623
 541.237061   4.87516928   0.01180830
 543.402039   4.87512875   0.01176017
 545.575562   4.87508774   0.01171186
 547.757813   4.87504673   0.01166334
 549.948914   4.87500525   0.01161464
 552.148560   4.87496376   0.01156574
 554.357117   4.87492228   0.01151664
 556.574524   4.87488365   0.01147004
 558.800781   4.87484837   0.01142645
 561.036011   4.87481260   0.01138267
 563.280029   4.87477684   0.01133872
 565.533142   4.87474108   0.01129460
 567.795227   4.87470531   0.01125030
 570.066345   4.87466908   0.01120582
 572.346680   4.87463284   0.01116116
 574.635925   4.87459660   0.01111633
 576.934509   4.87455988   0.01107132
 579.242188   4.87452316   0.01102612
 581.559082   4.87448645   0.01098075
 583.885254   4.87444925   0.01093519
 586.220764   4.87441206   0.01088945
 588.565674   4.87437582   0.01084416
 590.919800   4.87434435   0.01080254
 593.283508   4.87431288   0.01076075
 595.656616   4.87428093   0.01071879
 598.039124   4.87424946   0.01067667
 600.431274   4.87421751   0.01063438
 602.833008   4.87418556   0.01059191
 605.244263   4.87415314   0.01054928
 607.665222   4.87412119   0.01050648
 610.095825   4.87408876   0.01046351
 612.536133   4.87405634   0.01042036
 614.986267   4.87402344   0.01037704
 617.446228   4.87399054   0.01033355
 619.915894   4.87395763   0.01028989
 622.395508   4.87392473   0.01024605
 624.885132   4.87389135   0.01020203
 627.384521   4.87386370   0.01016337
 629.894043   4.87383604   0.01012483
 632.413574   4.87380791   0.01008613
 634.943176   4.87378025   0.01004727
 637.482910   4.87375212   0.01000826
 640.032837   4.87372398   0.00996910
 642.592896   4.87369585   0.00992977
 645.163208   4.87366724   0.00989029
 647.743896   4.87363863   0.00985065
 650.334778   4.87361002   0.00981086
 652.935974   4.87358141   0.00977090
 655.547791   4.87355280   0.00973079
 658.169922   4.87352371   0.00969051
 660.802551   4.87349463   0.00965007
 663.445679   4.87346554   0.00960947
 666.099487   4.87343597   0.00956871
 668.763855   4.87341070   0.00953181
 671.438843   4.87338686   0.00949586
 674.124512   4.87336254   0.00945977
 676.821045   4.87333822   0.00942353
 679.528259   4.87331390   0.00938714
 682.246338   4.87328911   0.00935061
 684.975281   4.87326479   0.00931393
 687.715210   4.87323999   0.00927711
 690.465881   4.87321520   0.00924014
 693.227722   4.87318993   0.00920302
 696.000549   4.87316513   0.00916575
 698.784607   4.87313986   0.00912833
 701.579590   4.87311459   0.00909077
 704.385864   4.87308931   0.00905305
 707.203369   4.87306404   0.00901519
 710.032227   4.87303829   0.00897717
 712.872192   4.87301302   0.00893900
 715.723633   4.87298965   0.00890325
 718.586487   4.87296867   0.00886990
 721.460754   4.87294769   0.00883642
 724.346558   4.87292671   0.00880281
 727.243896   4.87290573   0.00876906
 730.152832   4.87288475   0.00873518
 733.073486   4.87286329   0.00870116
 736.005676   4.87284184   0.00866701
 738.949646   4.87282038   0.00863271
 741.905396   4.87279892   0.00859829
 744.872986   4.87277746   0.00856372
 747.852478   4.87275553   0.00852901
 750.843750   4.87273407   0.00849417
 753.847046   4.87271214   0.00845919
 756.862427   4.87269020   0.00842407
 759.889832   4.87266827   0.00838880
 762.929321   4.87264585   0.00835340
 765.981018   4.87262392   0.00831785
 769.044861   4.87260151   0.00828217
 772.120911   4.87258387   0.00825114
 775.209351   4.87256670   0.00822031
 778.310120   4.87254906   0.00818935
 781.423462   4.87253141   0.00815827
 784.548950   4.87251425   0.00812706
 787.687195   4.87249660   0.00809573
 790.837830   4.87247896   0.00806427
 794.001160   4.87246084   0.00803269
 797.177124   4.87244320   0.00800098
 800.365662   4.87242508   0.00796915
 803.567139   4.87240744   0.00793719
 806.781494   4.87238932   0.00790509
 810.008484   4.87237120   0.00787287
 813.248474   4.87235308   0.00784053
 816.501343   4.87233448   0.00780805
 819.767395   4.87231636   0.00777544
 823.046265   4.87229776   0.00774271
 826.338501   4.87227917   0.00770984
 829.643799   4.87226057   0.00767684
 832.962341   4.87224197   0.00764370
 836.294067   4.87222672   0.00761499
 839.639221   4.87221193   0.00758673
 842.997681   4.87219667   0.00755836
 846.369629   4.87218142   0.00752987
 849.755066   4.87216616   0.00750127
 853.153931   4.87215090   0.00747256
 856.566528   4.87213564   0.00744373
 859.992798   4.87212038   0.00741478
 863.432678   4.87210512   0.00738572
 866.886353   4.87208939   0.00735654
 870.353882   4.87207413   0.00732725
 873.835327   4.87205839   0.00729784
 877.330444   4.87204266   0.00726831
 880.839722   4.87202692   0.00723867
 884.362976   4.87201118   0.00720890
 887.900574   4.87199497   0.00717902
 891.451965   4.87197924   0.00714901
 895.017700   4.87196302   0.00711889
 898.597778   4.87194729   0.00708865
 902.192078   4.87193108   0.00705828
 905.800720   4.87191486   0.00702780
 909.423889   4.87189913   0.00699766
 913.061462   4.87188625   0.00697205
 916.713745   4.87187338   0.00694634
 920.380493   4.87186050   0.00692052
 924.061951   4.87184715   0.00689460
 927.758179   4.87183428   0.00686858
 931.469116   4.87182140   0.00684246
 935.194885   4.87180805   0.00681623
 938.935669   4.87179518   0.00678989
 942.691284   4.87178183   0.00676345
 946.462097   4.87176847   0.00673691
 950.247803   4.87175512   0.00671026
 954.048706   4.87174177   0.00668350
 957.864868   4.87172842   0.00665663
 961.696289   4.87171507   0.00662966
 965.542969   4.87170124   0.00660258
 969.405029   4.87168789   0.00657539
 973.282654   4.87167406   0.00654809
 977.175720   4.87166023   0.00652068
 981.084412   4.87164688   0.00649317
 985.008606   4.87163305   0.00646554
 988.948547   4.87161922   0.00643780
 992.904419   4.87160492   0.00640995
 996.875793   4.87159109   0.00638199
1000.863281   4.87157774   0.00635510
1004.866699   4.87156773   0.00633241
1008.886230   4.87155771   0.00630961
1012.921509   4.87154770   0.00628674
1016.973206   4.87153721   0.00626376
1021.040955   4.87152719   0.00624070
1025.125122   4.87151670   0.00621754
1029.225586   4.87150669   0.00619429
1033.342285   4.87149620   0.00617095
1037.475586   4.87148571   0.00614751
1041.625610   4.87147522   0.00612398
1045.791870   4.87146473   0.00610036
1049.974976   4.87145424   0.00607664
1054.174805   4.87144375   0.00605283
1058.391479   4.87143326   0.00602892
1062.624878   4.87142229   0.00600492
1066.875488   4.87141180   0.00598082
1071.142822   4.87140083   0.00595662
1075.427368   4.87139034   0.00593233
1079.729004   4.87137938   0.00590794
1084.047852   4.87136841   0.00588345
1088.383911   4.87135744   0.00585886
1092.737549   4.87134647   0.00583418
1097.108276   4.87133551   0.00580940
1101.496582   4.87132454   0.00578451
1105.902588   4.87131357   0.00575953
1110.326172   4.87130213   0.00573445
1114.767334   4.87129354   0.00571315
1119.226318   4.87128544   0.00569260
1123.703125   4.87127733   0.00567198
1128.197876   4.87126923   0.00565126
1132.710449   4.87126112   0.00563047
1137.241333   4.87125301   0.00560959
1141.790283   4.87124491   0.00558863
1146.357544   4.87123680   0.00556758
1150.942627   4.87122822   0.00554646
1155.546387   4.87122011   0.00552524
1160.168457   4.87121201   0.00550394
1164.808960   4.87120342   0.00548256
1169.468262   4.87119484   0.00546109
1174.145874   4.87118673   0.00543954
1178.842407   4.87117815   0.00541789
1183.557861   4.87116957   0.00539617
1188.291870   4.87116098   0.00537435
1193.044922   4.87115240   0.00535245
1197.817017   4.87114382   0.00533046
1202.608276   4.87113523   0.00530838
1207.418701   4.87112665   0.00528621
1212.248291   4.87111807   0.00526396
1217.097168   4.87110901   0.00524162
1221.965576   4.87110043   0.00521918
1226.853149   4.87109137   0.00519666
1231.760620   4.87108278   0.00517405
1236.687500   4.87107372   0.00515134
1241.634277   4.87106514   0.00512855
1246.600708   4.87105608   0.00510566
1251.586914   4.87104797   0.00508431
1256.593140   4.87104177   0.00506637
1261.619507   4.87103558   0.00504836
1266.665894   4.87102938   0.00503027
1271.732544   4.87102318   0.00501211
1276.819336   4.87101698   0.00499388
1281.926636   4.87101078   0.00497558
1287.054077   4.87100410   0.00495720
1292.202271   4.87099791   0.00493875
1297.370972   4.87099171   0.00492022
1302.560425   4.87098503   0.00490162
1307.770386   4.87097883   0.00488295
1313.001587   4.87097216   0.00486420
1318.253418   4.87096596   0.00484538
1323.526245   4.87095928   0.00482648
1328.820435   4.87095308   0.00480751
1334.135498   4.87094641   0.00478846
1339.471924   4.87093973   0.00476933
1344.829956   4.87093306   0.00475013
1350.208984   4.87092638   0.00473085
1355.609741   4.87091970   0.00471149
1361.032104   4.87091303   0.00469206
1366.476196   4.87090635   0.00467255
1371.941895   4.87089968   0.00465296
1377.429565   4.87089300   0.00463329
1382.939209   4.87088633   0.00461355
1388.470947   4.87087965   0.00459372
1394.024658   4.87087250   0.00457382
1399.600586   4.87086582   0.00455383
1405.198975   4.87085867   0.00453377
1410.819702   4.87085199   0.00451362
1416.463013   4.87084484   0.00449340
1422.128540   4.87083817   0.00447309
1427.817017   4.87083101   0.00445270
1433.528320   4.87082624   0.00443688
1439.262207   4.87082148   0.00442171
1445.019287   4.87081671   0.00440648
1450.799194   4.87081242   0.00439119
1456.602417   4.87080765   0.00437583
1462.428589   4.87080288   0.00436041
1468.278320   4.87079811   0.00434494
1474.151245   4.87079382   0.00432940
1480.047852   4.87078905   0.00431379
1485.967773   4.87078428   0.00429813
1491.911621   4.87077951   0.00428240
1497.879150   4.87077475   0.00426661
1503.870605   4.87076998   0.00425076
1509.885864   4.87076521   0.00423484
1515.925293   4.87076044   0.00421886
1521.988892   4.87075520   0.00420282
1528.076904   4.87075043   0.00418671
1534.188965   4.87074566   0.00417054
1540.325562   4.87074089   0.00415430
1546.486816   4.87073565   0.00413800
1552.672729   4.87073088   0.00412163
1558.883301   4.87072611   0.00410519
1565.118652   4.87072086   0.00408870
1571.379028   4.87071609   0.00407213
1577.664551   4.87071085   0.00405550
1583.974976   4.87070608   0.00403880
1590.310913   4.87070084   0.00402204
1596.671875   4.87069559   0.00400521
1603.058594   4.87069082   0.00398831
1609.470703   4.87068558   0.00397134
1615.908447   4.87068033   0.00395431
1622.371948   4.87067509   0.00393720
1628.861450   4.87066984   0.00392003
1635.376709   4.87066460   0.00390279
1641.917969   4.87065935   0.00388548
1648.485718   4.87065411   0.00386811
1655.079590   4.87064886   0.00385066
1661.699585   4.87064362   0.00383314
1668.346313   4.87063885   0.00381678
1675.019653   4.87063599   0.00380396
1681.719727   4.87063265   0.00379110
1688.446289   4.87062931   0.00377818
1695.200073   4.87062597   0.00376522
1701.980713   4.87062311   0.00375220
1708.788574   4.87061977   0.00373913
1715.623779   4.87061644   0.00372600
1722.485840   4.87061310   0.00371283
1729.375732   4.87060976   0.00369960
1736.293335   4.87060642   0.00368632
1743.238037   4.87060308   0.00367298
1750.211060   4.87059975   0.00365959
1757.211670   4.87059641   0.00364615
1764.240479   4.87059307   0.00363266
1771.297241   4.87058973   0.00361911
1778.382446   4.87058640   0.00360551
1785.495850   4.87058306   0.00359185
1792.637817   4.87057924   0.00357814
1799.808105   4.87057590   0.00356437
1807.007202   4.87057257   0.00355055
1814.234863   4.87056923   0.00353667
1821.492065   4.87056541   0.00352274
1828.777832   4.87056208   0.00350875
1836.092651   4.87055874   0.00349470
1843.437012   4.87055492   0.00348060
1850.810669   4.87055159   0.00346644
1858.213867   4.87054777   0.00345223
1865.646606   4.87054443   0.00343796
1873.108887   4.87054110   0.00342363
1880.601318   4.87053728   0.00340925
1888.123657   4.87053347   0.00339480
1895.675903   4.87053013   0.00338030
1903.258423   4.87052631   0.00336574
1910.871704   4.87052298   0.00335113
1918.514648   4.87051916   0.00333645
1926.188721   4.87051535   0.00332172
1933.893188   4.87051153   0.00330693
1941.628906   4.87050819   0.00329207
1949.395020   4.87050438   0.00327716
1957.192627   4.87050056   0.00326219
1965.020996   4.87049675   0.00324716
1972.881348   4.87049294   0.00323207
1980.772583   4.87048912   0.00321692
1988.695313   4.87048531   0.00320170
1996.650024   4.87048149   0.00318643
2004.636475   4.87047863   0.00317407
2012.655029   4.87047672   0.00316380
2020.705444   4.87047482   0.00315350
2028.788086   4.87047243   0.00314315
2036.903320   4.87047052   0.00313276
2045.050781   4.87046814   0.00312234
2053.230469   4.87046623   0.00311186
2061.443359   4.87046385   0.00310135
2069.689209   4.87046194   0.00309080
2077.967773   4.87045956   0.00308020
2086.279541   4.87045765   0.00306956
2094.624268   4.87045527   0.00305888
2103.002686   4.87045336   0.00304816
2111.414795   4.87045097   0.00303739
2119.860107   4.87044907   0.00302658
2128.339355   4.87044668   0.00301573
2136.852783   4.87044430   0.00300483
2145.399658   4.87044239   0.00299389
2153.981201   4.87044001   0.00298290
2162.596924   4.87043762   0.00297188
2171.247559   4.87043524   0.00296080
2179.931885   4.87043333   0.00294969
2188.651855   4.87043095   0.00293853
2197.406250   4.87042856   0.00292732
2206.195801   4.87042618   0.00291607
2215.020508   4.87042427   0.00290477
2223.880127   4.87042189   0.00289343
2232.775635   4.87041950   0.00288205
2241.706787   4.87041712   0.00287062
2250.673096   4.87041473   0.00285914
2259.675781   4.87041235   0.00284761
2268.714355   4.87040997   0.00283605
2277.789063   4.87040758   0.00282443
2286.899902   4.87040520   0.00281277
2296.047363   4.87040281   0.00280106
2305.231445   4.87040043   0.00278930
2314.452393   4.87039804   0.00277750
2323.709961   4.87039566   0.00276565
2333.004639   4.87039328   0.00275375
2342.336426   4.87039089   0.00274181
2351.705811   4.87038851   0.00272982
2361.112305   4.87038612   0.00271778
2370.556641   4.87038374   0.00270569
2380.038574   4.87038088   0.00269355
2389.558838   4.87037849   0.00268136
2399.116699   4.87037611   0.00266913
2408.713135   4.87037373   0.00265685
2418.347900   4.87037134   0.00264451
2428.021484   4.87036848   0.00263213
2437.732666   4.87036610   0.00261970
2447.483643   4.87036371   0.00260722
2457.273438   4.87036085   0.00259469
2467.102783   4.87035847   0.00258211
2476.970459   4.87035608   0.00256948
2486.878418   4.87035322   0.00255680
2496.825684   4.87035084   0.00254406
2506.812744   4.87034893   0.00253485
2516.840088   4.87034750   0.00252727
2526.906982   4.87034655   0.00251966
2537.014404   4.87034512   0.00251202
2547.162598   4.87034369   0.00250435
2557.350830   4.87034225   0.00249664
2567.580078   4.87034082   0.00248891
2577.850342   4.87033987   0.00248115
2588.161377   4.87033844   0.00247335
2598.513916   4.87033701   0.00246552
2608.907715   4.87033558   0.00245767
2619.343262   4.87033415   0.00244978
2629.820557   4.87033272   0.00244186
2640.339355   4.87033129   0.00243390
2650.900879   4.87032986   0.00242592
2661.503906   4.87032843   0.00241790
2672.150146   4.87032700   0.00240985
2682.838623   4.87032604   0.00240177
2693.569580   4.87032461   0.00239366
2704.343750   4.87032318   0.00238552
2715.160889   4.87032175   0.00237734
2726.021240   4.87032032   0.00236913
2736.925293   4.87031889   0.00236088
2747.872803   4.87031746   0.00235261
2758.864258   4.87031603   0.00234430
2769.899170   4.87031460   0.00233596
2780.978760   4.87031269   0.00232758
2792.102539   4.87031126   0.00231917
2803.270996   4.87030983   0.00231073
2814.483398   4.87030840   0.00230225
2825.741211   4.87030697   0.00229374
2837.043701   4.87030554   0.00228520
2848.392090   4.87030411   0.00227662
2859.785645   4.87030268   0.00226800
2871.224365   4.87030125   0.00225935
2882.708984   4.87029934   0.00225067
2894.239990   4.87029791   0.00224195
2905.816406   4.87029648   0.00223320
2917.439697   4.87029505   0.00222442
2929.108887   4.87029362   0.00221559
2940.825439   4.87029171   0.00220674
2952.588379   4.87029028   0.00219784
2964.398438   4.87028885   0.00218891
2976.255615   4.87028742   0.00217995
2988.161133   4.87028551   0.00217095
3000.113281   4.87028408   0.00216191
3012.113525   4.87028265   0.00215284
3024.161377   4.87028074   0.00214373
3036.258545   4.87027931   0.00213459
3048.403320   4.87027788   0.00212541
3060.596191   4.87027597   0.00211619
3072.838379   4.87027454   0.00210693
3085.129883   4.87027311   0.00209764
3097.469971   4.87027121   0.00208831
3109.859863   4.87026978   0.00207895
3122.299072   4.87026787   0.00206954
3134.788086   4.87026644   0.00206010
3147.326904   4.87026453   0.00205062
3159.916260   4.87026310   0.00204110
3172.555420   4.87026119   0.00203155
3185.246094   4.87025976   0.00202195
3197.985840   4.87025785   0.00201232
3210.778076   4.87025642   0.00200265
3223.620605   4.87025452   0.00199294
3236.515137   4.87025309   0.00198319
3249.460938   4.87025118   0.00197341
3262.458496   4.87024975   0.00196358
3275.507813   4.87024784   0.00195372
3288.610107   4.87024593   0.00194381
3301.763916   4.87024450   0.00193387
3314.970703   4.87024260   0.00192388
3328.230225   4.87024069   0.00191386
3341.543213   4.87023973   0.00190685
3354.909180   4.87023926   0.00190171
3368.328857   4.87023878   0.00189656
3381.801758   4.87023830   0.00189139
3395.328613   4.87023783   0.00188619
3408.909912   4.87023687   0.00188098
3422.545166   4.87023640   0.00187574
3436.234863   4.87023592   0.00187049
3449.979980   4.87023544   0.00186521
3463.779541   4.87023449   0.00185991
3477.634277   4.87023401   0.00185459
3491.544678   4.87023354   0.00184925
3505.510742   4.87023306   0.00184388
3519.532715   4.87023258   0.00183850
3533.610107   4.87023163   0.00183309
3547.744629   4.87023115   0.00182767
3561.935547   4.87023067   0.00182222
3576.182373   4.87023020   0.00181675
3590.487061   4.87022924   0.00181125
3604.848633   4.87022877   0.00180574
3619.268066   4.87022829   0.00180020
3633.744873   4.87022781   0.00179464
3648.279785   4.87022686   0.00178906
3662.872314   4.87022638   0.00178346
3677.523682   4.87022591   0.00177783
3692.234131   4.87022495   0.00177218
3707.001953   4.87022448   0.00176651
3721.829834   4.87022400   0.00176082
3736.717529   4.87022305   0.00175510
3751.663330   4.87022257   0.00174936
3766.669922   4.87022209   0.00174360
3781.736572   4.87022114   0.00173781
3796.863037   4.87022066   0.00173200
3812.050293   4.87022018   0.00172617
3827.298340   4.87021923   0.00172032
3842.607422   4.87021875   0.00171444
3857.977783   4.87021828   0.00170854
3873.409180   4.87021732   0.00170261
3888.902344   4.87021685   0.00169666
3904.457275   4.87021637   0.00169069
3920.075684   4.87021542   0.00168469
3935.755615   4.87021494   0.00167867
3951.497559   4.87021399   0.00167262
3967.303711   4.87021351   0.00166656
3983.173096   4.87021303   0.00166046
3999.105469   4.87021208   0.00165434
4015.101563   4.87021160   0.00164820
4031.161865   4.87021065   0.00164203
4047.286377   4.87021017   0.00163584
4063.474365   4.87020969   0.00162963
4079.728516   4.87020874   0.00162338
4096.046875   4.87020826   0.00161712
4112.431641   4.87020731   0.00161083
4128.880371   4.87020683   0.00160451
4145.395508   4.87020588   0.00159817
4161.977051   4.87020540   0.00159180
4178.624512   4.87020445   0.00158541
4195.338867   4.87020397   0.00157899
4212.119141   4.87020302   0.00157255
4228.967773   4.87020254   0.00156608
4245.884277   4.87020206   0.00155958
4262.866699   4.87020111   0.00155306
4279.917480   4.87020063   0.00154651
4297.037109   4.87019968   0.00153994
4314.225098   4.87019873   0.00153334
4331.481934   4.87019825   0.00152671
4348.807129   4.87019730   0.00152006
4366.202637   4.87019682   0.00151338
4383.666992   4.87019587   0.00150667
4401.201172   4.87019539   0.00149994
4418.806152   4.87019444   0.00149318
4436.480469   4.87019396   0.00148639
4454.226563   4.87019300   0.00147958
4472.042969   4.87019253   0.00147274
4489.930664   4.87019157   0.00146587
4507.889648   4.87019062   0.00145897
4525.921387   4.87019014   0.00145205
4544.024902   4.87018919   0.00144509
4562.200195   4.87018871   0.00143812
4580.449219   4.87018776   0.00143111
4598.770996   4.87018681   0.00142407
4617.165527   4.87018633   0.00141701
4635.633789   4.87018538   0.00140992
4654.175781   4.87018490   0.00140280
4672.792480   4.87018394   0.00139565
4691.482910   4.87018299   0.00138847
4710.249023   4.87018251   0.00138126
4729.089355   4.87018156   0.00137403
4748.005371   4.87018061   0.00136677
4766.997559   4.87018013   0.00135947
4786.064941   4.87017918   0.00135215
4805.208496   4.87017822   0.00134480
4824.429688   4.87017727   0.00133742
4843.726563   4.87017679   0.00133001
4863.101563   4.87017584   0.00132257
4882.552734   4.87017488   0.00131510
4902.083008   4.87017441   0.00130760
4921.691406   4.87017345   0.00130007
4941.377441   4.87017250   0.00129251
4961.142578   4.87017155   0.00128492
4980.986816   4.87017107   0.00127730
5000.911133   4.87017012   0.00126989
5020.914063   4.87017012   0.00126736
5040.996582   4.87016964   0.00126483
5061.161133   4.87016964   0.00126229
5081.405273   4.87016916   0.00125974
5101.729980   4.87016916   0.00125718
5122.137207   4.87016869   0.00125461
5142.625977   4.87016869   0.00125203
5163.195313   4.87016869   0.00124944
5183.847656   4.87016821   0.00124684
5204.583008   4.87016821   0.00124422
5225.400879   4.87016773   0.00124160
5246.302734   4.87016773   0.00123897
5267.287109   4.87016726   0.00123632
5288.355957   4.87016726   0.00123367
5309.509766   4.87016726   0.00123100
5330.746094   4.87016678   0.00122833
5352.069336   4.87016678   0.00122564
5373.477051   4.87016630   0.00122294
5394.971191   4.87016630   0.00122023
5416.550293   4.87016582   0.00121751
5438.215820   4.87016582   0.00121478
5459.968750   4.87016535   0.00121204
5481.808594   4.87016535   0.00120929
5503.734863   4.87016487   0.00120653
5525.749023   4.87016487   0.00120376
5547.852051   4.87016439   0.00120097
5570.042969   4.87016439   0.00119817
5592.322266   4.87016439   0.00119537
5614.691406   4.87016392   0.00119255
5637.149902   4.87016392   0.00118972
5659.698730   4.87016344   0.00118688
5682.336914   4.87016344   0.00118403
5705.065430   4.87016296   0.00118116
5727.885742   4.87016296   0.00117829
5750.796875   4.87016249   0.00117540
5773.799805   4.87016249   0.00117250
5796.894043   4.87016201   0.00116959
5820.081055   4.87016201   0.00116667
5843.361328   4.87016153   0.00116374
