   2.000000   2.38077203   0.00017977
   2.008000   2.38032482   0.00018190
   2.016031   2.37988165   0.00018405
   2.024095   2.37944242   0.00018623
   2.032191   2.37900708   0.00018844
   2.040319   2.37857555   0.00019069
   2.048480   2.37814776   0.00019296
   2.056674   2.37772361   0.00019526
   2.064900   2.37730307   0.00019759
   2.073159   2.37688602   0.00019996
   2.081452   2.37647240   0.00020235
   2.089777   2.37606213   0.00020478
   2.098136   2.37565513   0.00020724
   2.106528   2.37525130   0.00020973
   2.114954   2.37485059   0.00021226
   2.123413   2.37445287   0.00021482
   2.131906   2.37405811   0.00021741
   2.140434   2.37366619   0.00022004
   2.148995   2.37327702   0.00022270
   2.157590   2.37289052   0.00022540
   2.166220   2.37250660   0.00022813
   2.174885   2.37212518   0.00023090
   2.183584   2.37174615   0.00023371
   2.192318   2.37136942   0.00023655
   2.201087   2.37099492   0.00023943
   2.209891   2.37062252   0.00024234
   2.218730   2.37025215   0.00024530
   2.227604   2.36988371   0.00024829
   2.236514   2.36951710   0.00025132
   2.245460   2.36915220   0.00025439
   2.254441   2.36878897   0.00025750
   2.263459   2.36842722   0.00026065
   2.272512   2.36806694   0.00026385
   2.281602   2.36770798   0.00026708
   2.290728   2.36735024   0.00027035
   2.299890   2.36699362   0.00027367
   2.309089   2.36663802   0.00027703
   2.318326   2.36628333   0.00028043
   2.327598   2.36592946   0.00028388
   2.336908   2.36557627   0.00028737
   2.346255   2.36522369   0.00029091
   2.355640   2.36487157   0.00029449
   2.365062   2.36451984   0.00029812
   2.374522   2.36416838   0.00030179
   2.384020   2.36381707   0.00030552
   2.393555   2.36346579   0.00030928
   2.403129   2.36311447   0.00031310
   2.412741   2.36276294   0.00031697
   2.422391   2.36241115   0.00032088
   2.432081   2.36205893   0.00032485
   2.441809   2.36170620   0.00032887
   2.451575   2.36135284   0.00033293
   2.461381   2.36099872   0.00033705
   2.471226   2.36064375   0.00034122
   2.481111   2.36028780   0.00034545
   2.491035   2.35993073   0.00034973
   2.500998   2.35957249   0.00035406
   2.511002   2.35921289   0.00035845
   2.521045   2.35885186   0.00036289
   2.531129   2.35848927   0.00036739
   2.541253   2.35812500   0.00037195
   2.551418   2.35775893   0.00037656
   2.561623   2.35739096   0.00038124
   2.571869   2.35702092   0.00038597
   2.582156   2.35664877   0.00039076
   2.592484   2.35627434   0.00039562
   2.602854   2.35589752   0.00040053
   2.613265   2.35551820   0.00040551
   2.623717   2.35513626   0.00041055
   2.634212   2.35475158   0.00041566
   2.644748   2.35436405   0.00042083
   2.655327   2.35397353   0.00042606
   2.665947   2.35357994   0.00043136
   2.676610   2.35318313   0.00043673
   2.687316   2.35278299   0.00044217
   2.698065   2.35237943   0.00044767
   2.708857   2.35197229   0.00045325
   2.719692   2.35156148   0.00045889
   2.730570   2.35114691   0.00046461
   2.741492   2.35072839   0.00047040
   2.752457   2.35030590   0.00047626
   2.763467   2.34987926   0.00048220
   2.774520   2.34944838   0.00048821
   2.785617   2.34901315   0.00049430
   2.796759   2.34857345   0.00050046
   2.807946   2.34812917   0.00050670
   2.819177   2.34768021   0.00051303
   2.830454   2.34722644   0.00051943
   2.841775   2.34676780   0.00052591
   2.853141   2.34630413   0.00053248
   2.864553   2.34583534   0.00053913
   2.876011   2.34536135   0.00054586
   2.887514   2.34488203   0.00055268
   2.899064   2.34439726   0.00055958
   2.910660   2.34390700   0.00056657
   2.922302   2.34341106   0.00057365
   2.933990   2.34290945   0.00058083
   2.945726   2.34240199   0.00058809
   2.957508   2.34188861   0.00059544
   2.969338   2.34136923   0.00060289
   2.981215   2.34084373   0.00061043
   2.993139   2.34031202   0.00061807
   3.005111   2.33977405   0.00062581
   3.017131   2.33922968   0.00063364
   3.029199   2.33867886   0.00064157
   3.041315   2.33812148   0.00064961
   3.053480   2.33755748   0.00065775
   3.065693   2.33698677   0.00066599
   3.077955   2.33640926   0.00067433
   3.090267   2.33582488   0.00068279
   3.102627   2.33523358   0.00069135
   3.115037   2.33463523   0.00070002
   3.127496   2.33402983   0.00070880
   3.140006   2.33341725   0.00071769
   3.152565   2.33279744   0.00072670
   3.165175   2.33217038   0.00073582
   3.177835   2.33153593   0.00074506
   3.190546   2.33089409   0.00075441
   3.203307   2.33024479   0.00076389
   3.216120   2.32958792   0.00077349
   3.228984   2.32892355   0.00078321
   3.241899   2.32825149   0.00079306
   3.254866   2.32757180   0.00080303
   3.267885   2.32688438   0.00081313
   3.280956   2.32618920   0.00082337
   3.294079   2.32548619   0.00083373
   3.307255   2.32477539   0.00084423
   3.320484   2.32405664   0.00085486
   3.333765   2.32333007   0.00086563
   3.347099   2.32259553   0.00087654
   3.360487   2.32185303   0.00088759
   3.373928   2.32110254   0.00089879
   3.387423   2.32034403   0.00091012
   3.400972   2.31957751   0.00092161
   3.414576   2.31880294   0.00093324
   3.428233   2.31802031   0.00094503
   3.441946   2.31722963   0.00095697
   3.455713   2.31643086   0.00096906
   3.469535   2.31562402   0.00098131
   3.483412   2.31480910   0.00099372
   3.497345   2.31398610   0.00100630
   3.511334   2.31315500   0.00101903
   3.525378   2.31231587   0.00103194
   3.539480   2.31146861   0.00104501
   3.553637   2.31061337   0.00105825
   3.567851   2.30975005   0.00107167
   3.582122   2.30887872   0.00108526
   3.596449   2.30799940   0.00109903
   3.610834   2.30711208   0.00111298
   3.625277   2.30621681   0.00112712
   3.639777   2.30531359   0.00114144
   3.654336   2.30440244   0.00115595
   3.668952   2.30348349   0.00117064
   3.683628   2.30255664   0.00118554
   3.698362   2.30162199   0.00120063
   3.713154   2.30067958   0.00121592
   3.728006   2.29972944   0.00123141
   3.742918   2.29877156   0.00124711
   3.757888   2.29780611   0.00126301
   3.772920   2.29683292   0.00127913
   3.788010   2.29585229   0.00129546
   3.803162   2.29486407   0.00131201
   3.818374   2.29386839   0.00132878
   3.833646   2.29286529   0.00134577
   3.848980   2.29185478   0.00136299
   3.864376   2.29083691   0.00138044
   3.879832   2.28981182   0.00139812
   3.895351   2.28877941   0.00141603
   3.910931   2.28773988   0.00143419
   3.926575   2.28669312   0.00145259
   3.942280   2.28563931   0.00147124
   3.958049   2.28457843   0.00149014
   3.973880   2.28351053   0.00150929
   3.989775   2.28243563   0.00152870
   4.005733   2.28135386   0.00154837
   4.021838   2.28088689   0.00157575
   4.037925   2.27981710   0.00159481
   4.054077   2.27873826   0.00162000
   4.070292   2.27764082   0.00164000
   4.086574   2.27654409   0.00166000
   4.102920   2.27543163   0.00168000
   4.119331   2.27431369   0.00170000
   4.135808   2.27317977   0.00172093
   4.152351   2.27204299   0.00174726
   4.168960   2.27089167   0.00177000
   4.185636   2.26973486   0.00179000
   4.202378   2.26855874   0.00181395
   4.219187   2.26737618   0.00184000
   4.236063   2.26618886   0.00186000
   4.253007   2.26498342   0.00188723
   4.270019   2.26376843   0.00191000
   4.287099   2.26254535   0.00194000
   4.304247   2.26130724   0.00196000
   4.321464   2.26006413   0.00198969
   4.338749   2.25880384   0.00201188
   4.356104   2.25753808   0.00204000
   4.373528   2.25625777   0.00206516
   4.391022   2.25496244   0.00209000
   4.408586   2.25366211   0.00212000
   4.426220   2.25233960   0.00215000
   4.443924   2.25101948   0.00217737
   4.461699   2.24967480   0.00220701
   4.479546   2.24832535   0.00223000
   4.497464   2.24696136   0.00226000
   4.515454   2.24558878   0.00229000
   4.533515   2.24419713   0.00232206
   4.551649   2.24280095   0.00235000
   4.569855   2.24138308   0.00238747
   4.588134   2.23995566   0.00241465
   4.606486   2.23851633   0.00245000
   4.624912   2.23706460   0.00248000
   4.643412   2.23560023   0.00251411
   4.661984   2.23412156   0.00254991
   4.680632   2.23262882   0.00258000
   4.699354   2.23112130   0.00261048
   4.718152   2.22960019   0.00265000
   4.737023   2.22806549   0.00268000
   4.755972   2.22651768   0.00272000
   4.774995   2.22495627   0.00275757
   4.794095   2.22338104   0.00279101
   4.813271   2.22178793   0.00283000
   4.832523   2.22017932   0.00286688
   4.851853   2.21856284   0.00290932
   4.871261   2.21692133   0.00294143
   4.890745   2.21527243   0.00298322
   4.910308   2.21360660   0.00302468
   4.929949   2.21192360   0.00306581
   4.949668   2.21022439   0.00310662
   4.969466   2.20851064   0.00314711
   4.989344   2.20677972   0.00319000
   5.009301   2.20503306   0.00323000
   5.029338   2.20327330   0.00327667
   5.049455   2.20149469   0.00332000
   5.069653   2.19970012   0.00336478
   5.089931   2.19789267   0.00341000
   5.110291   2.19606066   0.00346000
   5.130731   2.19420958   0.00350000
   5.151253   2.19234610   0.00355000
   5.171858   2.19046998   0.00360000
   5.192545   2.18856955   0.00365000
   5.213315   2.18665123   0.00369835
   5.234168   2.18471622   0.00374477
   5.255105   2.18276715   0.00380000
   5.276125   2.18078923   0.00385000
   5.297228   2.17880058   0.00390220
   5.318417   2.17678976   0.00395741
   5.339690   2.17475724   0.00401232
   5.361050   2.17271280   0.00406693
   5.382493   2.17064500   0.00412125
   5.404022   2.16855264   0.00417526
   5.425638   2.16644835   0.00423899
   5.447340   2.16431999   0.00429241
   5.469129   2.16216898   0.00435555
   5.491005   2.15999818   0.00440840
   5.512969   2.15781045   0.00447095
   5.535021   2.15559340   0.00453322
   5.557160   2.15335894   0.00459520
   5.579388   2.15110660   0.00465689
   5.601706   2.14882469   0.00472829
   5.624112   2.14652872   0.00478941
   5.646608   2.14420176   0.00486025
   5.669194   2.14186263   0.00492081
   5.691870   2.13949323   0.00499108
   5.714638   2.13710237   0.00506108
   5.737495   2.13468242   0.00513079
   5.760445   2.13224196   0.00521023
   5.783486   2.12978196   0.00527939
   5.806621   2.12729359   0.00535656
   5.829846   2.12478518   0.00542689
   5.853165   2.12224674   0.00550523
   5.876577   2.11968493   0.00558329
   5.900084   2.11709762   0.00566109
   5.923683   2.11448407   0.00573861
   5.947378   2.11184144   0.00582587
   5.971167   2.10917592   0.00590571
   5.995051   2.10647750   0.00598958
   6.019031   2.10375690   0.00607603
   6.043107   2.10100675   0.00616222
   6.067278   2.09822989   0.00624814
   6.091548   2.09542632   0.00633762
   6.115913   2.09259486   0.00642921
   6.140376   2.08972859   0.00652435
   6.164937   2.08684373   0.00661847
   6.189597   2.08391643   0.00671386
   6.214355   2.08097172   0.00680823
   6.239212   2.07798266   0.00690467
   6.264168   2.07497311   0.00700619
   6.289225   2.07192993   0.00710958
   6.314381   2.06885648   0.00721313
   6.339638   2.06574488   0.00731623
   6.364995   2.06260657   0.00742814
   6.390456   2.05943513   0.00753333
   6.416017   2.05623174   0.00764400
   6.441680   2.05298662   0.00775220
   6.467446   2.04971075   0.00786589
   6.493317   2.04640436   0.00798910
   6.519289   2.04306030   0.00810181
   6.545366   2.03967905   0.00822403
   6.571546   2.03626585   0.00834576
   6.597833   2.03281665   0.00846702
   6.624224   2.02932453   0.00859778
   6.650720   2.02580214   0.00872209
   6.677322   2.02223396   0.00885180
   6.704031   2.01863050   0.00898720
   6.730846   2.01499248   0.00911908
   6.757770   2.01131034   0.00925665
   6.784801   2.00758600   0.00939352
   6.811940   2.00382686   0.00953979
   6.839186   2.00002551   0.00968513
   6.866543   1.99617589   0.00982989
   6.894009   1.99228847   0.00997930
   6.921585   1.98836160   0.01013488
   6.949269   1.98439014   0.01028999
   6.977067   1.98036706   0.01044198
   7.004974   1.97630119   0.01060328
   7.032994   1.97219491   0.01077261
   7.061125   1.96803963   0.01093385
   7.089369   1.96383214   0.01110311
   7.117725   1.95958638   0.01128170
   7.146197   1.95528638   0.01144962
   7.174780   1.95093918   0.01162916
   7.203479   1.94654238   0.01181345
   7.232292   1.94208705   0.01199937
   7.261221   1.93758845   0.01218463
   7.290266   1.93304145   0.01238231
   7.319427   1.92843330   0.01257318
   7.348703   1.92377460   0.01277862
   7.378098   1.91905951   0.01297911
   7.407610   1.91429710   0.01319111
   7.437240   1.90946651   0.01339660
   7.466988   1.90458775   0.01361087
   7.496856   1.89964914   0.01383429
   7.526843   1.89464962   0.01405686
   7.556949   1.88958406   0.01428572
   7.587176   1.88446307   0.01451933
   7.617525   1.87928247   0.01475950
   7.647995   1.87403786   0.01499870
   7.678586   1.86872303   0.01524383
   7.709300   1.86335015   0.01549326
   7.740137   1.85790491   0.01575165
   7.771096   1.85239553   0.01601901
   7.802180   1.84682262   0.01628534
   7.833388   1.84117162   0.01655478
   7.864722   1.83545113   0.01683495
   7.896179   1.82966077   0.01711822
   7.927764   1.82379615   0.01740661
   7.959474   1.81785381   0.01770812
   7.991312   1.81183469   0.01800845
   8.023277   1.80573964   0.01831758
   8.055368   1.79957044   0.01863550
   8.087589   1.79331207   0.01895762
   8.119941   1.78697717   0.01928782
   8.152418   1.78055167   0.01962589
   8.185028   1.77405310   0.01996799
   8.217768   1.76745951   0.02031996
   8.250638   1.76077819   0.02067808
   8.283640   1.75400257   0.02104607
   8.316774   1.74714077   0.02142885
   8.350040   1.74018073   0.02181207
   8.383441   1.73313165   0.02220550
   8.416973   1.72597492   0.02261320
   8.450641   1.71872723   0.02301919
   8.484442   1.71137238   0.02344347
   8.518380   1.70391142   0.02387679
   8.552453   1.69634628   0.02432446
   8.586661   1.68867135   0.02478028
   8.621008   1.68088770   0.02524428
   8.655492   1.67299139   0.02572303
   8.690113   1.66498029   0.02620935
   8.724874   1.65684593   0.02671366
   8.759772   1.64858997   0.02722594
   8.794811   1.64021325   0.02775591
   8.829988   1.63170862   0.02829946
   8.865309   1.62307525   0.02885099
   8.900769   1.61430228   0.02942518
   8.936373   1.60540450   0.03000711
   8.972116   1.59635735   0.03061096
   9.008004   1.58716905   0.03123265
   9.044036   1.57783377   0.03187182
   9.080211   1.56835282   0.03252557
   9.116531   1.55870688   0.03320372
   9.152996   1.54891276   0.03389382
   9.189608   1.53894937   0.03460840
   9.226367   1.52881682   0.03534545
   9.263270   1.51851881   0.03610414
   9.300323   1.50803995   0.03688598
   9.337523   1.49737859   0.03769043
   9.374873   1.48653090   0.03852374
   9.412373   1.47549522   0.03938367
   9.450021   1.46425295   0.04027625
   9.487821   1.45281279   0.04119377
   9.525771   1.44116068   0.04213969
   9.563873   1.42928684   0.04312560
   9.602129   1.41719162   0.04414102
   9.640535   1.40486097   0.04519538
   9.679098   1.39229345   0.04627990
   9.717813   1.37947965   0.04741933
   9.756683   1.36640155   0.04858844
   9.795710   1.35306060   0.04981489
   9.834892   1.33944178   0.05108780
   9.874231   1.32554555   0.05240935
   9.913727   1.31134129   0.05378408
   9.953382   1.29683304   0.05522380
   9.993195   1.28200150   0.05672432
  10.033166   1.26684105   0.05829217
  10.073298   1.25132596   0.05992880
  10.113591   1.23544824   0.06165181
  10.154045   1.21919334   0.06345020
  10.194660   1.20254278   0.06534619
  10.235438   1.18546987   0.06733121
  10.276379   1.16796029   0.06943195
  10.317484   1.14999294   0.07164504
  10.358754   1.13154149   0.07398226
  10.400187   1.11258209   0.07646589
  10.441787   1.09308803   0.07909957
  10.483555   1.07303023   0.08189496
  10.525487   1.05237257   0.08488010
  10.567589   1.03106809   0.08807781
  10.609858   1.00909364   0.09150600
  10.652297   0.98639703   0.09519216
  10.694905   0.96292734   0.09918283
  10.737684   0.93863010   0.10350034
  10.780634   0.91344500   0.10820601
  10.823756   0.88731885   0.11334721
  10.867051   0.86014974   0.11900705
  10.910518   0.83186632   0.12526529
  10.954158   0.80239159   0.13223319
  10.997975   0.77159345   0.14004579
  11.041966   0.73938727   0.14888351
  11.086133   0.70567471   0.15895824
  11.130477   0.67029279   0.17059274
  11.174999   0.63321912   0.18412554
  11.219698   0.59437579   0.20009723
  11.264576   0.55387300   0.21911353
  11.309633   0.51201141   0.24197719
  11.354872   0.46946174   0.26954889
  11.400290   0.42742059   0.30250001
  11.445890   0.38760108   0.34106591
  11.491673   0.35174394   0.38443664
  11.537641   0.32106659   0.43111137
  11.583788   0.29580882   0.47926211
  11.630123   0.27546513   0.52747077
  11.676642   0.25929800   0.57481927
  11.723350   0.24642527   0.62087923
  11.770241   0.23626146   0.66540289
  11.817321   0.22818586   0.70844322
  11.864590   0.22183779   0.75000387
  11.912048   0.21691757   0.79016429
  11.959694   0.21316051   0.82902908
  12.007532   0.21040322   0.86664039
  12.055561   0.20849678   0.90307069
  12.103783   0.20730269   0.93840075
  12.152197   0.20673276   0.97263801
  12.200805   0.20667291   1.00581884
  12.249607   0.20702352   1.03799534
  12.298606   0.20767690   1.06919718
  12.347799   0.20854029   1.09942532
  12.397189   0.20948957   1.12874258
  12.446777   0.21043208   1.15720510
  12.496564   0.21125937   1.18489301
  12.546550   0.21188489   1.21188200
  12.596734   0.21222717   1.23827922
  12.647120   0.21224165   1.26419961
  12.697708   0.21188793   1.28976440
  12.748498   0.21117380   1.31509399
  12.799491   0.21010689   1.34028971
  12.850689   0.20873092   1.36544609
  12.902090   0.20709825   1.39064324
  12.953696   0.20526770   1.41594088
  13.005510   0.20328727   1.44136059
  13.057531   0.20123239   1.46694946
  13.109763   0.19914547   1.49269843
  13.162198   0.19707121   1.51861966
  13.214849   0.19505113   1.54469311
  13.267706   0.19311026   1.57091665
  13.320776   0.19127731   1.59728169
  13.374059   0.18956690   1.62376070
  13.427552   0.18798882   1.65034330
  13.481262   0.18655445   1.67702198
  13.535189   0.18525422   1.70378029
  13.589327   0.18410385   1.73061311
  13.643683   0.18309139   1.75750279
  13.698256   0.18222558   1.78444564
  13.753050   0.18148677   1.81145215
  13.808059   0.18088084   1.83849764
  13.863292   0.18040946   1.86559761
  13.918744   0.18005560   1.89274180
  13.974419   0.17981562   1.91993284
  14.030314   0.17969486   1.94716775
  14.086435   0.17968194   1.97445679
  14.142779   0.17976700   2.00180626
  14.199350   0.17995937   2.02919626
  14.256146   0.18025574   2.05665970
  14.313169   0.18063478   2.08418250
  14.370420   0.18110520   2.11177349
  14.427902   0.18166867   2.13943410
  14.485613   0.18232489   2.16717815
  14.543554   0.18305476   2.19500375
  14.601728   0.18386780   2.22291970
  14.660135   0.18476848   2.25093222
  14.718773   0.18574022   2.27903795
  14.777647   0.18679382   2.30725169
  14.836756   0.18791924   2.33558106
  14.896105   0.18913113   2.36403275
  14.955686   0.19040881   2.39259720
  15.015508   0.19177158   2.42129683
  15.075569   0.19320114   2.45013881
  15.135870   0.19470729   2.47911835
  15.196412   0.19629893   2.50825357
  15.257196   0.19795558   2.53753924
  15.318224   0.19969416   2.56699228
  15.379498   0.20150626   2.59662271
  15.441013   0.20340031   2.62642455
  15.502776   0.20537427   2.65640569
  15.564787   0.20742947   2.68659520
  15.627045   0.20956191   2.71697927
  15.689551   0.21178316   2.74757123
  15.752309   0.21408014   2.77837420
  15.815316   0.21647316   2.80941606
  15.878578   0.21895264   2.84068537
  15.942090   0.22152855   2.87219453
  16.005857   0.22418901   2.90395427
  16.069880   0.22695072   2.93597651
  16.134159   0.22981218   2.96826339
  16.198694   0.23277244   3.00083709
  16.263487   0.23583943   3.03369212
  16.328541   0.23900904   3.06685185
  16.393854   0.24229127   3.10032177
  16.459429   0.24569649   3.13411140
  16.525265   0.24922140   3.16822982
  16.591364   0.25286853   3.20269656
  16.657730   0.25664443   3.23751855
  16.724358   0.26055622   3.27271414
  16.791254   0.26460096   3.30828404
  16.858419   0.26879552   3.34425259
  16.925854   0.27314273   3.38063574
  16.993553   0.27764517   3.41743255
  17.061527   0.28230938   3.45466685
  17.129770   0.28714797   3.49236798
  17.198290   0.29216209   3.53053761
  17.267082   0.29736805   3.56918430
  17.336147   0.30276051   3.60834479
  17.405491   0.30837062   3.64803672
  17.475115   0.31419161   3.68826795
  17.545012   0.32023236   3.72905731
  17.615191   0.32652405   3.77044892
  17.685650   0.33305967   3.81244445
  17.756392   0.33985430   3.85506368
  17.827415   0.34692478   3.89834261
  17.898726   0.35429913   3.94232249
  17.970318   0.36197811   3.98699951
  18.042200   0.36997879   4.03241396
  18.114367   0.37832531   4.07859755
  18.186823   0.38703811   4.12558508
  18.259567   0.39614156   4.17342043
  18.332607   0.40565968   4.22211838
  18.405935   0.41560313   4.27171946
  18.479557   0.42602012   4.32226372
  18.553474   0.43692118   4.37379265
  18.627687   0.44836622   4.42638016
  18.702196   0.46037155   4.48003531
  18.777004   0.47297823   4.53482962
  18.852110   0.48622718   4.59079695
  18.927519   0.50016111   4.64800215
  19.003225   0.51483536   4.70649433
  19.079239   0.53031141   4.76636124
  19.155554   0.54663718   4.82764149
  19.232178   0.56389904   4.89044094
  19.309101   0.58216459   4.95481634
  19.386337   0.60150564   5.02086163
  19.463881   0.62202352   5.08864021
  19.541735   0.64380670   5.15825748
  19.619902   0.66696674   5.22981358
  19.698378   0.69163889   5.30340672
  19.777170   0.71794224   5.37915087
  19.856279   0.74605095   5.45716810
  19.935701   0.77612537   5.53758812
  20.015442   0.80836636   5.62053823
  20.095503   0.84298402   5.70616674
  20.175884   0.88023049   5.79462719
  20.256588   0.92038977   5.88607788
  20.337612   0.96376878   5.98068810
  20.418961   1.01073778   6.07863426
  20.500637   1.06169450   6.18009186
  20.582636   1.11711824   6.28524685
  20.664967   1.17754960   6.39429569
  20.747623   1.24359846   6.50742340
  20.830614   1.31608796   6.62486744
  20.913935   1.39581740   6.74674559
  20.997587   1.48372591   6.87316418
  21.081575   1.58092487   7.00420761
  21.165903   1.68870485   7.13988066
  21.250565   1.80857790   7.28006649
  21.335566   1.94226575   7.42450809
  21.420906   2.09177351   7.57271242
  21.506590   2.25936818   7.72391605
  21.592611   2.44847131   7.87689686
  21.678982   2.66168141   8.02969646
  21.765696   2.90205717   8.17964935
  21.852758   3.17298555   8.32305717
  21.940165   3.47773027   8.45489597
  22.027927   3.81922674   8.56859112
  22.116035   4.20120716   8.65374565
  22.204498   4.62206507   8.69992256
  22.293316   5.07790375   8.69497299
  22.382486   5.56091166   8.62595177
  22.472015   6.05827951   8.48099995
  22.561905   6.54964256   8.24525452
  22.652147   7.01117611   7.92338657
  22.742754   7.42017269   7.52313137
  22.833725   7.75747681   7.05992031
  22.925058   8.00428295   6.55399561
  23.016756   8.16155243   6.03309107
  23.108822   8.23612309   5.51830959
  23.201256   8.23783779   5.02579117
  23.294060   8.17550945   4.57028866
  23.387234   8.06866455   4.15419722
  23.480780   7.92862749   3.77878428
  23.574701   7.76405573   3.44560981
  23.669001   7.58412457   3.15082860
  23.763676   7.39518595   2.88942337
  23.858727   7.20126200   2.65934753
  23.954161   7.00576210   2.45730209
  24.049976   6.81078768   2.27814794
  24.146173   6.61782503   2.12019324
  24.242758   6.42790604   1.98100638
  24.339727   6.24124002   1.85703254
  24.437086   6.05837107   1.74754322
  24.534830   5.87924957   1.65041018
  24.632969   5.70349932   1.56359076
  24.731499   5.53146696   1.48718131
  24.830425   5.36239004   1.41899025
  24.929741   5.19611692   1.35848963
  25.029461   5.03242397   1.30530334
  25.129576   4.87065792   1.25811696
  25.230093   4.71075964   1.21727324
  25.331011   4.55206347   1.18168163
  25.432333   4.39427185   1.15135241
  25.534060   4.23692560   1.12609220
  25.636198   4.07955313   1.10545504
  25.738737   3.92174482   1.08997083
  25.841690   3.76302576   1.07894564
  25.945057   3.60279155   1.07341576
  26.048836   3.44069982   1.07279360
  26.153028   3.27604604   1.07827222
  26.257639   3.10850143   1.08982694
  26.362667   2.93737888   1.10890603
  26.468119   2.76248503   1.13615394
  26.573986   2.58342314   1.17360866
  26.680283   2.40051985   1.22271800
  26.786999   2.21442890   1.28648341
  26.894148   2.02712250   1.36675346
  27.001722   1.84190059   1.46700633
  27.109726   1.66320491   1.58687186
  27.218163   1.49758410   1.72720718
  27.327036   1.34790409   1.88215601
  27.436340   1.21972418   2.04826832
  27.546083   1.10935163   2.21882391
  27.656267   1.01875639   2.38998842
  27.766891   0.94215947   2.55921459
  27.877954   0.87888247   2.72462201
  27.989466   0.82576001   2.88590002
  28.101421   0.78099984   3.04286480
  28.213827   0.74361408   3.19537616
  28.326677   0.71154857   3.34432364
  28.439983   0.68493152   3.48923135
  28.553741   0.66214049   3.63122010
  28.667955   0.64296740   3.77033448
  28.782627   0.62698615   3.90689278
  28.897751   0.61351520   4.04150343
  29.013342   0.60271078   4.17408991
  29.129396   0.59395403   4.30526161
  29.245907   0.58709139   4.43524313
  29.362890   0.58218861   4.56412888
  29.480339   0.57883227   4.69236755
  29.598259   0.57704329   4.82008886
  29.716650   0.57679117   4.94749641
  29.835516   0.57784486   5.07486820
  29.954855   0.58027953   5.20236063
  30.074675   0.58405375   5.33018064
  30.194969   0.58902878   5.45851135
  30.315746   0.59527934   5.58756399
  30.437004   0.60284376   5.71751928
  30.558756   0.61158937   5.84853506
  30.680988   0.62158632   5.98079491
  30.803707   0.63297808   6.11459684
  30.926922   0.64562893   6.24999380
  31.050629   0.65957409   6.38716269
  31.174829   0.67505229   6.52650309
  31.299526   0.69199198   6.66807699
  31.424721   0.71041077   6.81201839
  31.550419   0.73043925   6.95860052
  31.676619   0.75234360   7.10832548
  31.803322   0.77602118   7.26110888
  31.930532   0.80159461   7.41719151
  32.058258   0.82927394   7.57697487
  32.186481   0.85939515   7.74097490
  32.315228   0.89190096   7.90915585
  32.444485   0.92698574   8.08180046
  32.574265   0.96487540   8.25928307
  32.704556   1.00628698   8.44261360
  32.835373   1.05109191   8.63156319
  32.966709   1.09963000   8.82652855
  33.098579   1.15226924   9.02797222
  33.230968   1.20970345   9.23671150
  33.363888   1.27267730   9.45360756
  33.497341   1.34137440   9.67866135
  33.631329   1.41647303   9.91249943
  33.765854   1.49874818  10.15578651
  33.900913   1.58924103  10.40941429
  34.036514   1.69001150  10.67522526
  34.172661   1.80142868  10.95304585
  34.309349   1.92498374  11.24374676
  34.446579   2.06245303  11.54832649
  34.584366   2.21595860  11.86782646
  34.722702   2.38805962  12.20335007
  34.861591   2.58441377  12.55775833
  35.001034   2.80671597  12.93038273
  35.141033   3.05952549  13.32207870
  35.281597   3.34838724  13.73346329
  35.422722   3.67999840  14.16463661
  35.564407   4.06248379  14.61493206
  35.706665   4.50568056  15.08245659
  35.849491   5.02519321  15.56354904
  35.992882   5.63679075  16.04994583
  36.136852   6.35306406  16.52865982
  36.281395   7.19084787  16.98017120
  36.426525   8.16574860  17.37567139
  36.572220   9.28745461  17.67459869
  36.718513  10.55354595  17.82435417
  36.865383  11.93938255  17.76370049
  37.012844  13.39009094  17.43377495
  37.160892  14.81824875  16.79671669
  37.309528  16.11619568  15.85647297
  37.458767  17.17277336  14.66374683
  37.608604  17.92708206  13.32682323
  37.759029  18.38038635  11.95753670
  37.910065  18.56870651  10.64167690
  38.061703  18.54839134   9.43369770
  38.213947  18.37816811   8.35852051
  38.366798  18.10873222   7.41998672
  38.520264  17.77925491   6.60971498
  38.674343  17.41787720   5.91376591
  38.829041  17.04380035   5.31670189
  38.984352  16.66957855   4.80374289
  39.140285  16.30306816   4.36164427
  39.296844  15.94896030   3.97904968
  39.454033  15.60981560   3.64640450
  39.611843  15.28684235   3.35579467
  39.770287  14.98033047   3.10062528
  39.929363  14.69006348   2.87548590
  40.089081  14.41546345   2.67589378
  40.249432  14.15580940   2.49815273
  40.410431  13.91025066   2.33916354
  40.572071  13.67793655   2.19636321
  40.734360  13.45800686   2.06759739
  40.897285  13.24964333   1.95107245
  41.060875  13.05202389   1.84523106
  41.225113  12.86443138   1.74878240
  41.390018  12.68615818   1.66061258
  41.555569  12.51658916   1.57978070
  41.721790  12.35509968   1.50546730
  41.888676  12.20115185   1.43696392
  42.056225  12.05425549   1.37365711
  42.224449  11.91392708   1.31500983
  42.393341  11.77975178   1.26056170
  42.562912  11.65131950   1.20990610
  42.733166  11.52834511   1.16272008
  42.904091  11.41077328   1.11883438
  43.075703  11.29791927   1.07775736
  43.248005  11.18951130   1.03923416
  43.420994  11.08527756   1.00305247
  43.594673  10.98498631   0.96901429
  43.769051  10.88840961   0.93694293
  43.944122  10.79534054   0.90668350
  44.119900  10.70558262   0.87809175
  44.296371  10.61896133   0.85104221
  44.473557  10.53530407   0.82542038
  44.651443  10.45447254   0.80111551
  44.830051  10.37654018   0.77814174
  45.009369  10.30127716   0.75635469
  45.189400  10.22840881   0.73561591
  45.370155  10.15781212   0.71585298
  45.551636  10.08937931   0.69700062
  45.733837  10.02301216   0.67900062
  45.916771   9.95861149   0.66179782
  46.100433   9.89608574   0.64534104
  46.284836   9.83549500   0.62963599
  46.469967   9.77682972   0.61466670
  46.655846   9.71977997   0.60030186
  46.842464   9.66428185   0.58651531
  47.029839   9.61026764   0.57327098
  47.217945   9.55768299   0.56053501
  47.406815   9.50646400   0.54827797
  47.596436   9.45676708   0.53654879
  47.786823   9.40843964   0.52529001
  47.977970   9.36130428   0.51443195
  48.169876   9.31531620   0.50395328
  48.362549   9.27043343   0.49383402
  48.556004   9.22661114   0.48405561
  48.750217   9.18404484   0.47468108
  48.945217   9.14254475   0.46563521
  49.140991   9.10197830   0.45687667
  49.337555   9.06230927   0.44839528
  49.534901   9.02351093   0.44018102
  49.733036   8.98567677   0.43224889
  49.931961   8.94883251   0.42460388
  50.131695   8.91275692   0.41718307
  50.332214   8.87743187   0.40997735
  50.533539   8.84283066   0.40297660
  50.735664   8.80906296   0.39621201
  50.938614   8.77612114   0.38967818
  51.142365   8.74381733   0.38331708
  51.346924   8.71213627   0.37712312
  51.552307   8.68106174   0.37109318
  51.758518   8.65081978   0.36527938
  51.965546   8.62116528   0.35962191
  52.173409   8.59205246   0.35410461
  52.382099   8.56346512   0.34872174
  52.591625   8.53554440   0.34351322
  52.801983   8.50822163   0.33845073
  53.013191   8.48137093   0.33350629
  53.225239   8.45497799   0.32867607
  53.438145   8.42916203   0.32398304
  53.651878   8.40390110   0.31942925
  53.866489   8.37904930   0.31497437
  54.081947   8.35459900   0.31061405
  54.298275   8.33070374   0.30637988
  54.515465   8.30727386   0.30225462
  54.733521   8.28420162   0.29821268
  54.952446   8.26147556   0.29425117
  55.172260   8.23932457   0.29042065
  55.392941   8.21752453   0.28666848
  55.614506   8.19604015   0.28298843
  55.836960   8.17494678   0.27939752
  56.060307   8.15431309   0.27590758
  56.284546   8.13396549   0.27247876
  56.509682   8.11389637   0.26910919
  56.735714   8.09431362   0.26584199
  56.962654   8.07501793   0.26263869
  57.190502   8.05597210   0.25949019
  57.419258   8.03730392   0.25641835
  57.648926   8.01898384   0.25342035
  57.879524   8.00089169   0.25046948
  58.111038   7.98309088   0.24757612
  58.343475   7.96567011   0.24476068
  58.576847   7.94845724   0.24198841
  58.811153   7.93147707   0.23926391
  59.046394   7.91489267   0.23661645
  59.282570   7.89849615   0.23400642
  59.519699   7.88229084   0.23143460
  59.757778   7.86648560   0.22894156
  59.996796   7.85085058   0.22648387
  60.236782   7.83538961   0.22406219
  60.477722   7.82030249   0.22170492
  60.719635   7.80536747   0.21937740
  60.962505   7.79060650   0.21708375
  61.206356   7.77619076   0.21485661
  61.451172   7.76191282   0.21265768
  61.696976   7.74782085   0.21049626
  61.943768   7.73403263   0.20838311
  62.191525   7.72036934   0.20629282
  62.440289   7.70691872   0.20424221
  62.690056   7.69370556   0.20223664
  62.940800   7.68060541   0.20025317
  63.192562   7.66775990   0.19831778
  63.445332   7.65508795   0.19640869
  63.699104   7.64251709   0.19451517
  63.953896   7.63025475   0.19268049
  64.209709   7.61809158   0.19086385
  64.466545   7.60608721   0.18907529
  64.724411   7.59430885   0.18732302
  64.983299   7.58261251   0.18558520
  65.243225   7.57114744   0.18388872
  65.504189   7.55981731   0.18221459
  65.766212   7.54858685   0.18055715
  66.029274   7.53761148   0.17894597
  66.293373   7.52670240   0.17734525
  66.558548   7.51598120   0.17577159
  66.824783   7.50540447   0.17422532
  67.092079   7.49491405   0.17269598
  67.360443   7.48465157   0.17120102
  67.629883   7.47444248   0.16971512
  67.900398   7.46442604   0.16826147
  68.171982   7.45451975   0.16682498
  68.444672   7.44470453   0.16540283
  68.718445   7.43509007   0.16401486
  68.993324   7.42551613   0.16263413
  69.269279   7.41615343   0.16128583
  69.546356   7.40685225   0.15994732
  69.824539   7.39768696   0.15862980
  70.103828   7.38864946   0.15733260
  70.384239   7.37967539   0.15604576
  70.665764   7.37089205   0.15478890
  70.948425   7.36213207   0.15353625
  71.232231   7.35356617   0.15231493
  71.517143   7.34504604   0.15110116
  71.803200   7.33666801   0.14990988
  72.090408   7.32838106   0.14873113
  72.378769   7.32017803   0.14756402
  72.668282   7.31211090   0.14641576
  72.958946   7.30408239   0.14527273
  73.250786   7.29623032   0.14415903
  73.543777   7.28838634   0.14304724
  73.837944   7.28073311   0.14196707
  74.133301   7.27309418   0.14088787
  74.429817   7.26560640   0.13982581
  74.727539   7.25816154   0.13877194
  75.026443   7.25083113   0.13773848
  75.326538   7.24357367   0.13671537
  75.627838   7.23640633   0.13570504
  75.930351   7.22932863   0.13470832
  76.234070   7.22231197   0.13372096
  76.538994   7.21541166   0.13274661
  76.845146   7.20855522   0.13177685
  77.152527   7.20181942   0.13082969
  77.461128   7.19510698   0.12988779
  77.770966   7.18853521   0.12896225
  78.082047   7.18197536   0.12803766
  78.394371   7.17555666   0.12713493
  78.707939   7.16913939   0.12623270
  79.022774   7.16287184   0.12535310
  79.338852   7.15660048   0.12447303
  79.656204   7.15047693   0.12361135
  79.974831   7.14434433   0.12274818
  80.294716   7.13836002   0.12190799
  80.615883   7.13236666   0.12106670
  80.938354   7.12651205   0.12024321
  81.262093   7.12065077   0.11941862
  81.587143   7.11492300   0.11861105
  81.913475   7.10919380   0.11780306
  82.241127   7.10359192   0.11701496
  82.570091   7.09799767   0.11622825
  82.900360   7.09251213   0.11545589
  83.231956   7.08704233   0.11468553
  83.564880   7.08166695   0.11393089
  83.899139   7.07632065   0.11318149
  84.234726   7.07105541   0.11243945
  84.571648   7.06583691   0.11170141
  84.909943   7.06067610   0.11097320
  85.249573   7.05557919   0.11025579
  85.590561   7.05051708   0.10954146
  85.932922   7.04553604   0.10883519
  86.276657   7.04056740   0.10813133
  86.621750   7.03570604   0.10744540
  86.968231   7.03083038   0.10675743
  87.316101   7.02608728   0.10608703
  87.665359   7.02132511   0.10541395
  88.016022   7.01666832   0.10475193
  88.368073   7.01201534   0.10408980
  88.721542   7.00743866   0.10344104
  89.076431   7.00289774   0.10279876
  89.432709   6.99839973   0.10216051
  89.790443   6.99397039   0.10152898
  90.149597   6.98954725   0.10089828
  90.510201   6.98522806   0.10028186
  90.872223   6.98089170   0.09966302
  91.235703   6.97665930   0.09905958
  91.600647   6.97242355   0.09845573
  91.967049   6.96825743   0.09785885
  92.334900   6.96413088   0.09726559
  92.704231   6.96002722   0.09667584
  93.075043   6.95599937   0.09609735
  93.447334   6.95195532   0.09551656
  93.821114   6.94802570   0.09495217
  94.196396   6.94408464   0.09438606
  94.573174   6.94020939   0.09382688
  94.951469   6.93636990   0.09327110
  95.331268   6.93254566   0.09271774
  95.712578   6.92880201   0.09217643
  96.095428   6.92504358   0.09163293
  96.479805   6.92137623   0.09110307
  96.865723   6.91771364   0.09057392
  97.253166   6.91408920   0.09004880
  97.642174   6.91052151   0.08952976
  98.032738   6.90693951   0.08900864
  98.424866   6.90346336   0.08849940
  98.818558   6.89997530   0.08798838
  99.213829   6.89653540   0.08748460
  99.610672   6.89314079   0.08698759
 100.009102   6.88973475   0.08648891
 100.409126   6.88642788   0.08600181
 100.810760   6.88310814   0.08551273
 101.214012   6.87983179   0.08503062
 101.618835   6.87659931   0.08455538
 102.025330   6.87335348   0.08407818
 102.433411   6.87020683   0.08361216
 102.843140   6.86705208   0.08314477
 103.254509   6.86392832   0.08268078
 103.667503   6.86085939   0.08222313
 104.082176   6.85777807   0.08176363
 104.498512   6.85476828   0.08131288
 104.916489   6.85176802   0.08086307
 105.336151   6.84877491   0.08041439
 105.757477   6.84585905   0.07997794
 106.180511   6.84293127   0.07953973
 106.605209   6.84004736   0.07910658
 107.031639   6.83720303   0.07867788
 107.459755   6.83434772   0.07824748
 107.889595   6.83156919   0.07782622
 108.321136   6.82879639   0.07740530
 108.754417   6.82602549   0.07698490
 109.189423   6.82332659   0.07657701
 109.626183   6.82061720   0.07616747
 110.064674   6.81793785   0.07575987
 110.504913   6.81530952   0.07535605
 110.946930   6.81267023   0.07495061
 111.390717   6.81008196   0.07455364
 111.836273   6.80751944   0.07416106
 112.283607   6.80494690   0.07376692
 112.732742   6.80244637   0.07337849
 113.183670   6.79995298   0.07299000
 113.636383   6.79745007   0.07259998
 114.090919   6.79502439   0.07222415
 114.547272   6.79258919   0.07184681
 115.005478   6.79015732   0.07146960
 115.465469   6.78779984   0.07110135
 115.927330   6.78543282   0.07073160
 116.391029   6.78307724   0.07036243
 116.856583   6.78078032   0.06999829
 117.323997   6.77847385   0.06963269
 117.793289   6.77618647   0.06927037
 118.264450   6.77395296   0.06891714
 118.737511   6.77170992   0.06856249
 119.212448   6.76948833   0.06821048
 119.689293   6.76731396   0.06786473
 120.168037   6.76513100   0.06751760
 120.648705   6.76296997   0.06717309
 121.131294   6.76085806   0.06683479
 121.615807   6.75873756   0.06649513
 122.102257   6.75663471   0.06615667
 122.590668   6.75458145   0.06582253
 123.081017   6.75251961   0.06548707
 123.573334   6.75046873   0.06515372
 124.067619   6.74846983   0.06483022
 124.563889   6.74646330   0.06450542
 125.062134   6.74445915   0.06418034
 125.562370   6.74252129   0.06386103
 126.064606   6.74057579   0.06354044
 126.568863   6.73862219   0.06321856
 127.075127   6.73673868   0.06290934
 127.583420   6.73485041   0.06259926
 128.093750   6.73295403   0.06228794
 128.606110   6.73111200   0.06198158
 129.120514   6.72927999   0.06167572
 129.636993   6.72744036   0.06136862
 130.155533   6.72563457   0.06106632
 130.676163   6.72385550   0.06076774
 131.198837   6.72206879   0.06046799
 131.723633   6.72029638   0.06017000
 132.250519   6.71857262   0.05987869
 132.779510   6.71684217   0.05958621
 133.310623   6.71510458   0.05929255
 133.843842   6.71342945   0.05900516
 134.379211   6.71175051   0.05871695
 134.916733   6.71006489   0.05842757
 135.456390   6.70841694   0.05814513
 135.998199   6.70679235   0.05786708
 136.542175   6.70516157   0.05758792
 137.088348   6.70353699   0.05730905
 137.636688   6.70196342   0.05703525
 138.187225   6.70038366   0.05676035
 138.739960   6.69879723   0.05648436
 139.294922   6.69725513   0.05621489
 139.852081   6.69572592   0.05594716
 140.411484   6.69419003   0.05567835
 140.973114   6.69266462   0.05541082
 141.537018   6.69118738   0.05515018
 142.103149   6.68970490   0.05488851
 142.671539   6.68821621   0.05462579
 143.242218   6.68676662   0.05436703
 143.815186   6.68533278   0.05410966
 144.390427   6.68389368   0.05385127
 144.967987   6.68245316   0.05359254
 145.547852   6.68106556   0.05334223
 146.130035   6.67967272   0.05309092
 146.714539   6.67827415   0.05283862
 147.301392   6.67689753   0.05258943
 147.890579   6.67555523   0.05234516
 148.482162   6.67420769   0.05209989
 149.076050   6.67285490   0.05185367
 149.672348   6.67154121   0.05161340
 150.271027   6.67024136   0.05137514
 150.872101   6.66893625   0.05113592
 151.475586   6.66762590   0.05089575
 152.081467   6.66636658   0.05066135
 152.689774   6.66510630   0.05042648
 153.300552   6.66384077   0.05019066
 153.913712   6.66257715   0.04995499
 154.529358   6.66136312   0.04972705
 155.147461   6.66014433   0.04949821
 155.768051   6.65892029   0.04926844
 156.391113   6.65770531   0.04903936
 157.016663   6.65653229   0.04881489
 157.644714   6.65535498   0.04858951
 158.275299   6.65417290   0.04836323
 158.908386   6.65300179   0.04813874
 159.544006   6.65186691   0.04792026
 160.182159   6.65072775   0.04770091
 160.822891   6.64958429   0.04748067
 161.466171   6.64845181   0.04726214
 162.112015   6.64735746   0.04704964
 162.760452   6.64625883   0.04683628
 163.411499   6.64515591   0.04662206
 164.065125   6.64406013   0.04640839
 164.721375   6.64300537   0.04619942
 165.380249   6.64194679   0.04598962
 166.041763   6.64088440   0.04577898
 166.705902   6.63982010   0.04556806
 167.372726   6.63880062   0.04536505
 168.042191   6.63777637   0.04516124
 168.714371   6.63674879   0.04495660
 169.389191   6.63571644   0.04475116
 170.066757   6.63472748   0.04455072
 170.747009   6.63374281   0.04435052
 171.429977   6.63275433   0.04414953
 172.115707   6.63176155   0.04394772
 172.804138   6.63079596   0.04375031
 173.495346   6.62984991   0.04355607
 174.189331   6.62890005   0.04336106
 174.886063   6.62794638   0.04316527
 175.585587   6.62699938   0.04297012
 176.287918   6.62608957   0.04277956
 176.993073   6.62517548   0.04258824
 177.701019   6.62425804   0.04239616
 178.411819   6.62333679   0.04220330
 179.125443   6.62244892   0.04201667
 179.841949   6.62156868   0.04183129
 180.561295   6.62068462   0.04164518
 181.283524   6.61979723   0.04145833
 182.008636   6.61891937   0.04127248
 182.736679   6.61807632   0.04109085
 183.467621   6.61722946   0.04090850
 184.201462   6.61637974   0.04072542
 184.938263   6.61552620   0.04054160
 185.678009   6.61470127   0.04036293
 186.420700   6.61388922   0.04018651
 187.166382   6.61307430   0.04000938
 187.915024   6.61225557   0.03983154
 188.666687   6.61143398   0.03965298
 189.421310   6.61065531   0.03948230
 190.179001   6.60987425   0.03931107
 190.939697   6.60908985   0.03913916
 191.703476   6.60830259   0.03896655
 192.470230   6.60752201   0.03879466
 193.240112   6.60677481   0.03862723
 194.013062   6.60602474   0.03845914
 194.789093   6.60527134   0.03829039
 195.568237   6.60451508   0.03812095
 196.350494   6.60377169   0.03795311
 197.135880   6.60305452   0.03778889
 197.924438   6.60233498   0.03762400
 198.716095   6.60161209   0.03745846
 199.510956   6.60088634   0.03729226
 200.308975   6.60017490   0.03712869
 201.110214   6.59948826   0.03696968
 201.914642   6.59879827   0.03681004
 202.722275   6.59810591   0.03664977
 203.533157   6.59741020   0.03648885
 204.347290   6.59672594   0.03632939
 205.164642   6.59606647   0.03617368
 205.985306   6.59540415   0.03601733
 206.809219   6.59473944   0.03586036
 207.636444   6.59407234   0.03570276
 208.466980   6.59340906   0.03554588
 209.300827   6.59277868   0.03539539
 210.138016   6.59214592   0.03524429
 210.978561   6.59151077   0.03509259
 211.822449   6.59087324   0.03494028
 212.669724   6.59023285   0.03478737
 213.520401   6.58962679   0.03463951
 214.374481   6.58902264   0.03449179
 215.231934   6.58841658   0.03434348
 216.092850   6.58780813   0.03419458
 216.957214   6.58719730   0.03404508
 217.825043   6.58660364   0.03389817
 218.696304   6.58602858   0.03375389
 219.571091   6.58545065   0.03360903
 220.449356   6.58487082   0.03346359
 221.331146   6.58428860   0.03331756
 222.216461   6.58370399   0.03317095
 223.105286   6.58315468   0.03303187
 223.997696   6.58260345   0.03289228
 224.893707   6.58204985   0.03275213
 225.793228   6.58149433   0.03261142
 226.696396   6.58093643   0.03247015
 227.603165   6.58038998   0.03233061
 228.513550   6.57986641   0.03219454
 229.427597   6.57934046   0.03205791
 230.345306   6.57881260   0.03192075
 231.266663   6.57828283   0.03178303
 232.191727   6.57775068   0.03164477
 233.120468   6.57723856   0.03151079
 234.052917   6.57673836   0.03137944
 234.989105   6.57623625   0.03124755
 235.929077   6.57573175   0.03111514
 236.872772   6.57522583   0.03098221
 237.820236   6.57471752   0.03084874
 238.771515   6.57423353   0.03071917
 239.726593   6.57375813   0.03059088
 240.685471   6.57328129   0.03046209
 241.648209   6.57280207   0.03033278
 242.614761   6.57232094   0.03020296
 243.585220   6.57183790   0.03007261
 244.559540   6.57137632   0.02994594
 245.537766   6.57092381   0.02982081
 246.519897   6.57046938   0.02969517
 247.505981   6.57001352   0.02956903
 248.495941   6.56955576   0.02944240
 249.489929   6.56909609   0.02931525
 250.487869   6.56865168   0.02919140
 251.489822   6.56822348   0.02907104
 252.495743   6.56779337   0.02895021
 253.505707   6.56736183   0.02882889
 254.519714   6.56692839   0.02870709
 255.537811   6.56649303   0.02858480
 256.559906   6.56606102   0.02846292
 257.586121   6.56565475   0.02834582
 258.616455   6.56524706   0.02822824
 259.650909   6.56483793   0.02811020
 260.689484   6.56442690   0.02799168
 261.732239   6.56401396   0.02787269
 262.779144   6.56359959   0.02775322
 263.830261   6.56320524   0.02763721
 264.885559   6.56282091   0.02752296
 265.945068   6.56243515   0.02740826
 267.008820   6.56204748   0.02729309
 268.076843   6.56165886   0.02717746
 269.149139   6.56126833   0.02706137
 270.225708   6.56087637   0.02694482
 271.306580   6.56051207   0.02683509
 272.391815   6.56014824   0.02672523
 273.481354   6.55978251   0.02661493
 274.575256   6.55941486   0.02650420
 275.673553   6.55904627   0.02639301
 276.776245   6.55867624   0.02628138
 277.883301   6.55830765   0.02616989
 278.994812   6.55796432   0.02606346
 280.110748   6.55762005   0.02595659
 281.231232   6.55727386   0.02584930
 282.356079   6.55692673   0.02574158
 283.485535   6.55657816   0.02563343
 284.619446   6.55622816   0.02552484
 285.757904   6.55587769   0.02541606
 286.900909   6.55555391   0.02531268
 288.048462   6.55522919   0.02520890
 289.200653   6.55490255   0.02510469
 290.357483   6.55457497   0.02500007
 291.518860   6.55424595   0.02489503
 292.684906   6.55391598   0.02478958
 293.855621   6.55358458   0.02468370
 295.031036   6.55327463   0.02458211
 296.211121   6.55296993   0.02448149
 297.395966   6.55266428   0.02438045
 298.585541   6.55235720   0.02427901
 299.779877   6.55204868   0.02417717
 300.978943   6.55173922   0.02407492
 302.182861   6.55142879   0.02397226
 303.391541   6.55112457   0.02387139
 304.605133   6.55083752   0.02377527
 305.823517   6.55054951   0.02367878
 307.046753   6.55026007   0.02358190
 308.274902   6.54996967   0.02348463
 309.508026   6.54967785   0.02338696
 310.746033   6.54938507   0.02328891
 311.988983   6.54909086   0.02319047
 313.236938   6.54881239   0.02309517
 314.489899   6.54854393   0.02300195
 315.747772   6.54827452   0.02290837
 317.010773   6.54800367   0.02281440
 318.278778   6.54773188   0.02272006
 319.551941   6.54745913   0.02262534
 320.830048   6.54718542   0.02253024
 322.113373   6.54691029   0.02243477
 323.401794   6.54665041   0.02234272
 324.695374   6.54639912   0.02225250
 325.994141   6.54614687   0.02216191
 327.298065   6.54589319   0.02207096
 328.607239   6.54563856   0.02197964
 329.921692   6.54538345   0.02188796
 331.241333   6.54512691   0.02179592
 332.566254   6.54486942   0.02170350
 333.896515   6.54462099   0.02161374
 335.232086   6.54438639   0.02152776
 336.572968   6.54415083   0.02144143
 337.919250   6.54391432   0.02135476
 339.270905   6.54367638   0.02126774
 340.627991   6.54343796   0.02118037
 341.990448   6.54319859   0.02109266
 343.358368   6.54295826   0.02100459
 344.731781   6.54271650   0.02091617
 346.110718   6.54249763   0.02083290
 347.495117   6.54227972   0.02074971
 348.885071   6.54206085   0.02066619
 350.280579   6.54184103   0.02058234
 351.681702   6.54162025   0.02049815
 353.088379   6.54139853   0.02041362
 354.500732   6.54117632   0.02032876
 355.918701   6.54095268   0.02024356
 357.342377   6.54073191   0.02015884
 358.771698   6.54052830   0.02007888
 360.206757   6.54032469   0.01999859
 361.647552   6.54011965   0.01991799
 363.094177   6.53991413   0.01983706
 364.546478   6.53970766   0.01975581
 366.004639   6.53950024   0.01967424
 367.468628   6.53929234   0.01959234
 368.938477   6.53908348   0.01951011
 370.414246   6.53887415   0.01942772
 371.895844   6.53868580   0.01935075
 373.383392   6.53849697   0.01927348
 374.876953   6.53830719   0.01919589
 376.376373   6.53811693   0.01911800
 377.881866   6.53792524   0.01903979
 379.393341   6.53773355   0.01896127
 380.910950   6.53754044   0.01888244
 382.434509   6.53734684   0.01880329
 383.964233   6.53715277   0.01872382
 385.500061   6.53696966   0.01864745
 387.042084   6.53679514   0.01857327
 388.590210   6.53662014   0.01849881
 390.144531   6.53644466   0.01842405
 391.705048   6.53626776   0.01834899
 393.271912   6.53609085   0.01827362
 394.844971   6.53591299   0.01819796
 396.424286   6.53573418   0.01812199
 398.009949   6.53555489   0.01804572
 399.601990   6.53537464   0.01796914
 401.200348   6.53521013   0.01789743
 402.805145   6.53505039   0.01782713
 404.416351   6.53489017   0.01775656
 406.033997   6.53472900   0.01768571
 407.658051   6.53456736   0.01761458
 409.288696   6.53440475   0.01754316
 410.925812   6.53424168   0.01747145
 412.569550   6.53407812   0.01739945
 414.219696   6.53391361   0.01732718
 415.876587   6.53374863   0.01725460
 417.540039   6.53359270   0.01718481
 419.210205   6.53344536   0.01711751
 420.887024   6.53329706   0.01704994
 422.570496   6.53314877   0.01698210
 424.260742   6.53299952   0.01691399
 425.957825   6.53284931   0.01684560
 427.661560   6.53269911   0.01677695
 429.372162   6.53254795   0.01670802
 431.089630   6.53239632   0.01663881
 432.813995   6.53224421   0.01656933
 434.545227   6.53209114   0.01649957
 436.283386   6.53195381   0.01643456
 438.028473   6.53181887   0.01637010
 439.780548   6.53168297   0.01630539
 441.539673   6.53154707   0.01624041
 443.305786   6.53141022   0.01617517
 445.078949   6.53127289   0.01610967
 446.859253   6.53113508   0.01604391
 448.646667   6.53099680   0.01597789
 450.441193   6.53085756   0.01591160
 452.242920   6.53071833   0.01584505
 454.051910   6.53057814   0.01577823
 455.868073   6.53045082   0.01571539
 457.691498   6.53032780   0.01565390
 459.522247   6.53020430   0.01559215
 461.360321   6.53008032   0.01553016
 463.205688   6.52995586   0.01546793
 465.058472   6.52983093   0.01540544
 466.918671   6.52970552   0.01534270
 468.786377   6.52957916   0.01527971
 470.661438   6.52945280   0.01521647
 472.544067   6.52932596   0.01515298
 474.434204   6.52919817   0.01508923
 476.331909   6.52907181   0.01502566
 478.237274   6.52896023   0.01496725
 480.150085   6.52884865   0.01490860
 482.070648   6.52873659   0.01484971
 483.998993   6.52862406   0.01479059
 485.934875   6.52851105   0.01473124
 487.878632   6.52839756   0.01467164
 489.830109   6.52828360   0.01461181
 491.789368   6.52816916   0.01455174
 493.756500   6.52805424   0.01449143
 495.731506   6.52793932   0.01443087
 497.714386   6.52782345   0.01437008
 499.705261   6.52770710   0.01430904
 501.703979   6.52760458   0.01425338
 503.710785   6.52750397   0.01419847
 505.725525   6.52740288   0.01414335
 507.748474   6.52730131   0.01408800
 509.779419   6.52719927   0.01403243
 511.818451   6.52709723   0.01397665
 513.865723   6.52699471   0.01392063
 515.921204   6.52689123   0.01386440
 517.984802   6.52678776   0.01380794
 520.056763   6.52668381   0.01375125
 522.136963   6.52657986   0.01369433
 524.225464   6.52647495   0.01363719
 526.322266   6.52636957   0.01357984
 528.427551   6.52627993   0.01352800
 530.541260   6.52618933   0.01347595
 532.663452   6.52609873   0.01342370
 534.793945   6.52600765   0.01337123
 536.933105   6.52591610   0.01331856
 539.080811   6.52582407   0.01326567
 541.237061   6.52573204   0.01321258
 543.402039   6.52563953   0.01315927
 545.575562   6.52554655   0.01310575
 547.757813   6.52545309   0.01305201
 549.948914   6.52535963   0.01299806
 552.148560   6.52526569   0.01294389
 554.357117   6.52517080   0.01288951
 556.574524   6.52508307   0.01283724
 558.800781   6.52500248   0.01278751
 561.036011   6.52492189   0.01273758
 563.280029   6.52484083   0.01268745
 565.533142   6.52475977   0.01263712
 567.795227   6.52467775   0.01258659
 570.066345   6.52459574   0.01253586
 572.346680   6.52451372   0.01248492
 574.635925   6.52443123   0.01243378
 576.934509   6.52434826   0.01238244
 579.242188   6.52426481   0.01233089
 581.559082   6.52418089   0.01227913
 583.885254   6.52409697   0.01222717
 586.220764   6.52401304   0.01217500
 588.565674   6.52393007   0.01212353
 590.919800   6.52385807   0.01207743
 593.283508   6.52378607   0.01203114
 595.656616   6.52371407   0.01198466
 598.039124   6.52364159   0.01193800
 600.431274   6.52356863   0.01189115
 602.833008   6.52349520   0.01184412
 605.244263   6.52342176   0.01179690
 607.665222   6.52334833   0.01174948
 610.095825   6.52327394   0.01170188
 612.536133   6.52319956   0.01165409
 614.986267   6.52312517   0.01160611
 617.446228   6.52305031   0.01155793
 619.915894   6.52297497   0.01150957
 622.395508   6.52289915   0.01146101
 624.885132   6.52282333   0.01141225
 627.384521   6.52276039   0.01136880
 629.894043   6.52269793   0.01132543
 632.413574   6.52263498   0.01128189
 634.943176   6.52257204   0.01123818
 637.482910   6.52250862   0.01119430
 640.032837   6.52244473   0.01115023
 642.592896   6.52238083   0.01110599
 645.163208   6.52231693   0.01106158
 647.743896   6.52225208   0.01101699
 650.334778   6.52218771   0.01097221
 652.935974   6.52212286   0.01092727
 655.547791   6.52205753   0.01088213
 658.169922   6.52199221   0.01083682
 660.802551   6.52192640   0.01079133
 663.445679   6.52186060   0.01074566
 666.099487   6.52179432   0.01069980
 668.763855   6.52173662   0.01065829
 671.438843   6.52168179   0.01061784
 674.124512   6.52162647   0.01057724
 676.821045   6.52157116   0.01053647
 679.528259   6.52151537   0.01049553
 682.246338   6.52145958   0.01045444
 684.975281   6.52140331   0.01041317
 687.715210   6.52134705   0.01037175
 690.465881   6.52129030   0.01033016
 693.227722   6.52123356   0.01028840
 696.000549   6.52117634   0.01024647
 698.784607   6.52111912   0.01020438
 701.579590   6.52106142   0.01016212
 704.385864   6.52100372   0.01011969
 707.203369   6.52094603   0.01007709
 710.032227   6.52088785   0.01003431
 712.872192   6.52082920   0.00999137
 715.723633   6.52077627   0.00995142
 718.586487   6.52072906   0.00991443
 721.460754   6.52068138   0.00987728
 724.346558   6.52063322   0.00983999
 727.243896   6.52058554   0.00980255
 730.152832   6.52053738   0.00976496
 733.073486   6.52048874   0.00972722
 736.005676   6.52044010   0.00968933
 738.949646   6.52039146   0.00965129
 741.905396   6.52034235   0.00961310
 744.872986   6.52029324   0.00957475
 747.852478   6.52024412   0.00953625
 750.843750   6.52019453   0.00949760
 753.847046   6.52014446   0.00945879
 756.862427   6.52009487   0.00941982
 759.889832   6.52004480   0.00938070
 762.929321   6.51999426   0.00934143
 765.981018   6.51994371   0.00930199
 769.044861   6.51989269   0.00926240
 772.120911   6.51985216   0.00922754
 775.209351   6.51981163   0.00919285
 778.310120   6.51977110   0.00915802
 781.423462   6.51973009   0.00912305
 784.548950   6.51968908   0.00908795
 787.687195   6.51964808   0.00905270
 790.837830   6.51960659   0.00901731
 794.001160   6.51956558   0.00898178
 797.177124   6.51952362   0.00894611
 800.365662   6.51948214   0.00891029
 803.567139   6.51944017   0.00887433
 806.781494   6.51939774   0.00883823
 810.008484   6.51935577   0.00880198
 813.248474   6.51931334   0.00876559
 816.501343   6.51927042   0.00872906
 819.767395   6.51922798   0.00869237
 823.046265   6.51918507   0.00865554
 826.338501   6.51914167   0.00861857
 829.643799   6.51909828   0.00858144
 832.962341   6.51905489   0.00854417
 836.294067   6.51901960   0.00851225
 839.639221   6.51898527   0.00848090
 842.997681   6.51895046   0.00844942
 846.369629   6.51891565   0.00841782
 849.755066   6.51888084   0.00838610
 853.153931   6.51884604   0.00835424
 856.566528   6.51881075   0.00832226
 859.992798   6.51877546   0.00829015
 863.432678   6.51874018   0.00825791
 866.886353   6.51870441   0.00822554
 870.353882   6.51866913   0.00819304
 873.835327   6.51863289   0.00816042
 877.330444   6.51859713   0.00812766
 880.839722   6.51856089   0.00809477
 884.362976   6.51852465   0.00806175
 887.900574   6.51848841   0.00802859
 891.451965   6.51845169   0.00799531
 895.017700   6.51841497   0.00796189
 898.597778   6.51837826   0.00792834
 902.192078   6.51834106   0.00789465
 905.800720   6.51830387   0.00786083
 909.423889   6.51826763   0.00782736
 913.061462   6.51823902   0.00779855
 916.713745   6.51821041   0.00776963
 920.380493   6.51818180   0.00774059
 924.061951   6.51815319   0.00771143
 927.758179   6.51812410   0.00768215
 931.469116   6.51809502   0.00765276
 935.194885   6.51806593   0.00762326
 938.935669   6.51803684   0.00759363
 942.691284   6.51800776   0.00756388
 946.462097   6.51797819   0.00753402
 950.247803   6.51794863   0.00750404
 954.048706   6.51791906   0.00747393
 957.864868   6.51788902   0.00744371
 961.696289   6.51785898   0.00741336
 965.542969   6.51782894   0.00738290
 969.405029   6.51779890   0.00735231
 973.282654   6.51776886   0.00732160
 977.175720   6.51773834   0.00729077
 981.084412   6.51770782   0.00725981
 985.008606   6.51767731   0.00722873
 988.948547   6.51764631   0.00719753
 992.904419   6.51761532   0.00716620
 996.875793   6.51758432   0.00713474
1000.863281   6.51755524   0.00710448
1004.866699   6.51753187   0.00707890
1008.886230   6.51750898   0.00705322
1012.921509   6.51748562   0.00702743
1016.973206   6.51746225   0.00700154
1021.040955   6.51743889   0.00697555
1025.125122   6.51741552   0.00694945
1029.225586   6.51739168   0.00692325
1033.342285   6.51736784   0.00689694
1037.475586   6.51734400   0.00687053
1041.625610   6.51732016   0.00684401
1045.791870   6.51729631   0.00681739
1049.974976   6.51727200   0.00679066
1054.174805   6.51724815   0.00676382
1058.391479   6.51722383   0.00673688
1062.624878   6.51719952   0.00670983
1066.875488   6.51717472   0.00668267
1071.142822   6.51715040   0.00665540
1075.427368   6.51712561   0.00662802
1079.729004   6.51710081   0.00660053
1084.047852   6.51707602   0.00657293
1088.383911   6.51705074   0.00654523
1092.737549   6.51702595   0.00651741
1097.108276   6.51700068   0.00648948
1101.496582   6.51697540   0.00646144
1105.902588   6.51695013   0.00643328
1110.326172   6.51692438   0.00640502
1114.767334   6.51690531   0.00638131
1119.226318   6.51688671   0.00635851
1123.703125   6.51686859   0.00633563
1128.197876   6.51684999   0.00631265
1132.710449   6.51683140   0.00628958
1137.241333   6.51681280   0.00626642
1141.790283   6.51679420   0.00624317
1146.357544   6.51677513   0.00621982
1150.942627   6.51675653   0.00619638
1155.546387   6.51673746   0.00617285
1160.168457   6.51671886   0.00614922
1164.808960   6.51669979   0.00612550
1169.468262   6.51668024   0.00610168
1174.145874   6.51666117   0.00607777
1178.842407   6.51664209   0.00605376
1183.557861   6.51662254   0.00602965
1188.291870   6.51660299   0.00600545
1193.044922   6.51658344   0.00598115
1197.817017   6.51656389   0.00595676
1202.608276   6.51654434   0.00593227
1207.418701   6.51652479   0.00590768
1212.248291   6.51650476   0.00588299
1217.097168   6.51648474   0.00585820
1221.965576   6.51646471   0.00583331
1226.853149   6.51644468   0.00580833
1231.760620   6.51642466   0.00578324
1236.687500   6.51640463   0.00575805
1241.634277   6.51638412   0.00573277
1246.600708   6.51636362   0.00570738
1251.586914   6.51634550   0.00568360
1256.593140   6.51633120   0.00566342
1261.619507   6.51631737   0.00564315
1266.665894   6.51630306   0.00562280
1271.732544   6.51628876   0.00560237
1276.819336   6.51627493   0.00558186
1281.926636   6.51626062   0.00556127
1287.054077   6.51624632   0.00554060
1292.202271   6.51623154   0.00551984
1297.370972   6.51621723   0.00549900
1302.560425   6.51620293   0.00547808
1307.770386   6.51618814   0.00545707
1313.001587   6.51617336   0.00543598
1318.253418   6.51615858   0.00541480
1323.526245   6.51614380   0.00539354
1328.820435   6.51612902   0.00537220
1334.135498   6.51611423   0.00535077
1339.471924   6.51609945   0.00532925
1344.829956   6.51608419   0.00530765
1350.208984   6.51606941   0.00528596
1355.609741   6.51605415   0.00526418
1361.032104   6.51603889   0.00524232
1366.476196   6.51602364   0.00522037
1371.941895   6.51600838   0.00519833
1377.429565   6.51599312   0.00517620
1382.939209   6.51597786   0.00515399
1388.470947   6.51596212   0.00513169
1394.024658   6.51594687   0.00510929
1399.600586   6.51593113   0.00508681
1405.198975   6.51591539   0.00506424
1410.819702   6.51589966   0.00504158
1416.463013   6.51588392   0.00501882
1422.128540   6.51586819   0.00499598
1427.817017   6.51585197   0.00497304
1433.528320   6.51584101   0.00495522
1439.262207   6.51583052   0.00493812
1445.019287   6.51581955   0.00492095
1450.799194   6.51580906   0.00490372
1456.602417   6.51579809   0.00488641
1462.428589   6.51578760   0.00486904
1468.278320   6.51577663   0.00485159
1474.151245   6.51576567   0.00483408
1480.047852   6.51575470   0.00481650
1485.967773   6.51574373   0.00479884
1491.911621   6.51573277   0.00478112
1497.879150   6.51572180   0.00476332
1503.870605   6.51571083   0.00474546
1509.885864   6.51569986   0.00472752
1515.925293   6.51568842   0.00470951
1521.988892   6.51567745   0.00469143
1528.076904   6.51566601   0.00467327
1534.188965   6.51565504   0.00465505
1540.325562   6.51564360   0.00463675
1546.486816   6.51563215   0.00461838
1552.672729   6.51562071   0.00459993
1558.883301   6.51560926   0.00458141
1565.118652   6.51559782   0.00456282
1571.379028   6.51558590   0.00454415
1577.664551   6.51557446   0.00452540
1583.974976   6.51556301   0.00450659
1590.310913   6.51555109   0.00448769
1596.671875   6.51553917   0.00446872
1603.058594   6.51552773   0.00444968
1609.470703   6.51551580   0.00443056
1615.908447   6.51550388   0.00441136
1622.371948   6.51549196   0.00439209
1628.861450   6.51548004   0.00437274
1635.376709   6.51546764   0.00435331
1641.917969   6.51545572   0.00433380
1648.485718   6.51544333   0.00431422
1655.079590   6.51543140   0.00429455
1661.699585   6.51541901   0.00427481
1668.346313   6.51540804   0.00425642
1675.019653   6.51540089   0.00424221
1681.719727   6.51539326   0.00422794
1688.446289   6.51538563   0.00421361
1695.200073   6.51537848   0.00419922
1701.980713   6.51537085   0.00418478
1708.788574   6.51536322   0.00417028
1715.623779   6.51535559   0.00415572
1722.485840   6.51534796   0.00414110
1729.375732   6.51534033   0.00412643
1736.293335   6.51533270   0.00411170
1743.238037   6.51532507   0.00409690
1750.211060   6.51531744   0.00408205
1757.211670   6.51530933   0.00406714
1764.240479   6.51530170   0.00405217
1771.297241   6.51529360   0.00403714
1778.382446   6.51528597   0.00402205
1785.495850   6.51527786   0.00400689
1792.637817   6.51527023   0.00399168
1799.808105   6.51526213   0.00397641
1807.007202   6.51525402   0.00396107
1814.234863   6.51524591   0.00394568
1821.492065   6.51523829   0.00393022
1828.777832   6.51523018   0.00391470
1836.092651   6.51522207   0.00389912
1843.437012   6.51521349   0.00388348
1850.810669   6.51520538   0.00386777
1858.213867   6.51519728   0.00385200
1865.646606   6.51518917   0.00383617
1873.108887   6.51518059   0.00382028
1880.601318   6.51517248   0.00380432
1888.123657   6.51516390   0.00378830
1895.675903   6.51515579   0.00377221
1903.258423   6.51514721   0.00375606
1910.871704   6.51513863   0.00373984
1918.514648   6.51513052   0.00372356
1926.188721   6.51512194   0.00370722
1933.893188   6.51511335   0.00369081
1941.628906   6.51510477   0.00367433
1949.395020   6.51509619   0.00365779
1957.192627   6.51508760   0.00364118
1965.020996   6.51507854   0.00362451
1972.881348   6.51506996   0.00360776
1980.772583   6.51506138   0.00359095
1988.695313   6.51505232   0.00357408
1996.650024   6.51504374   0.00355714
2004.636475   6.51503706   0.00354342
2012.655029   6.51503229   0.00353203
2020.705444   6.51502752   0.00352060
2028.788086   6.51502275   0.00350912
2036.903320   6.51501799   0.00349760
2045.050781   6.51501274   0.00348603
2053.230469   6.51500797   0.00347441
2061.443359   6.51500320   0.00346275
2069.689209   6.51499796   0.00345104
2077.967773   6.51499319   0.00343929
2086.279541   6.51498795   0.00342748
2094.624268   6.51498318   0.00341563
2103.002686   6.51497793   0.00340374
2111.414795   6.51497316   0.00339179
2119.860107   6.51496792   0.00337980
2128.339355   6.51496315   0.00336776
2136.852783   6.51495790   0.00335567
2145.399658   6.51495266   0.00334353
2153.981201   6.51494741   0.00333135
2162.596924   6.51494217   0.00331911
2171.247559   6.51493740   0.00330683
2179.931885   6.51493216   0.00329450
2188.651855   6.51492691   0.00328211
2197.406250   6.51492167   0.00326968
2206.195801   6.51491642   0.00325720
2215.020508   6.51491117   0.00324467
2223.880127   6.51490545   0.00323209
2232.775635   6.51490021   0.00321946
2241.706787   6.51489496   0.00320678
2250.673096   6.51488972   0.00319404
2259.675781   6.51488400   0.00318126
2268.714355   6.51487875   0.00316843
2277.789063   6.51487350   0.00315554
2286.899902   6.51486778   0.00314260
2296.047363   6.51486254   0.00312961
2305.231445   6.51485682   0.00311657
2314.452393   6.51485109   0.00310348
2323.709961   6.51484585   0.00309033
2333.004639   6.51484013   0.00307713
2342.336426   6.51483440   0.00306388
2351.705811   6.51482916   0.00305058
2361.112305   6.51482344   0.00303722
2370.556641   6.51481771   0.00302381
2380.038574   6.51481199   0.00301035
2389.558838   6.51480627   0.00299683
2399.116699   6.51480055   0.00298325
2408.713135   6.51479483   0.00296963
2418.347900   6.51478910   0.00295595
2428.021484   6.51478338   0.00294221
2437.732666   6.51477718   0.00292842
2447.483643   6.51477146   0.00291457
2457.273438   6.51476574   0.00290067
2467.102783   6.51475954   0.00288671
2476.970459   6.51475382   0.00287270
2486.878418   6.51474810   0.00285863
2496.825684   6.51474190   0.00284451
2506.812744   6.51473808   0.00283420
2516.840088   6.51473522   0.00282565
2526.906982   6.51473236   0.00281708
2537.014404   6.51472950   0.00280846
2547.162598   6.51472664   0.00279982
2557.350830   6.51472330   0.00279114
2567.580078   6.51472044   0.00278242
2577.850342   6.51471758   0.00277367
2588.161377   6.51471472   0.00276489
2598.513916   6.51471186   0.00275607
2608.907715   6.51470852   0.00274721
2619.343262   6.51470566   0.00273832
2629.820557   6.51470280   0.00272939
2640.339355   6.51469946   0.00272043
2650.900879   6.51469660   0.00271143
2661.503906   6.51469374   0.00270240
2672.150146   6.51469040   0.00269333
2682.838623   6.51468754   0.00268422
2693.569580   6.51468420   0.00267508
2704.343750   6.51468134   0.00266590
2715.160889   6.51467800   0.00265668
2726.021240   6.51467514   0.00264743
2736.925293   6.51467180   0.00263814
2747.872803   6.51466846   0.00262881
2758.864258   6.51466560   0.00261945
2769.899170   6.51466227   0.00261005
2780.978760   6.51465893   0.00260061
2792.102539   6.51465607   0.00259113
2803.270996   6.51465273   0.00258161
2814.483398   6.51464939   0.00257206
2825.741211   6.51464605   0.00256247
2837.043701   6.51464319   0.00255284
2848.392090   6.51463985   0.00254317
2859.785645   6.51463652   0.00253346
2871.224365   6.51463318   0.00252372
2882.708984   6.51462984   0.00251393
2894.239990   6.51462650   0.00250411
2905.816406   6.51462317   0.00249424
2917.439697   6.51461983   0.00248434
2929.108887   6.51461649   0.00247440
2940.825439   6.51461315   0.00246442
2952.588379   6.51460981   0.00245439
2964.398438   6.51460648   0.00244433
2976.255615   6.51460314   0.00243423
2988.161133   6.51459932   0.00242409
3000.113281   6.51459599   0.00241390
3012.113525   6.51459265   0.00240368
3024.161377   6.51458931   0.00239341
3036.258545   6.51458549   0.00238311
3048.403320   6.51458216   0.00237276
3060.596191   6.51457882   0.00236237
3072.838379   6.51457500   0.00235194
3085.129883   6.51457167   0.00234147
3097.469971   6.51456785   0.00233096
3109.859863   6.51456451   0.00232040
3122.299072   6.51456070   0.00230980
3134.788086   6.51455736   0.00229916
3147.326904   6.51455355   0.00228848
3159.916260   6.51455021   0.00227775
3172.555420   6.51454639   0.00226698
3185.246094   6.51454258   0.00225617
3197.985840   6.51453924   0.00224532
3210.778076   6.51453543   0.00223442
3223.620605   6.51453161   0.00222348
3236.515137   6.51452780   0.00221249
3249.460938   6.51452446   0.00220146
3262.458496   6.51452065   0.00219039
3275.507813   6.51451683   0.00217927
3288.610107   6.51451302   0.00216810
3301.763916   6.51450920   0.00215690
3314.970703   6.51450539   0.00214564
3328.230225   6.51450157   0.00213435
3341.543213   6.51449919   0.00212650
3354.909180   6.51449823   0.00212081
3368.328857   6.51449680   0.00211509
3381.801758   6.51449537   0.00210935
3395.328613   6.51449442   0.00210359
3408.909912   6.51449299   0.00209780
3422.545166   6.51449156   0.00209200
3436.234863   6.51449013   0.00208616
3449.979980   6.51448870   0.00208031
3463.779541   6.51448774   0.00207443
3477.634277   6.51448631   0.00206853
3491.544678   6.51448488   0.00206260
3505.510742   6.51448345   0.00205665
3519.532715   6.51448202   0.00205068
3533.610107   6.51448107   0.00204468
3547.744629   6.51447964   0.00203866
3561.935547   6.51447821   0.00203262
3576.182373   6.51447678   0.00202655
3590.487061   6.51447535   0.00202045
3604.848633   6.51447392   0.00201433
3619.268066   6.51447248   0.00200819
3633.744873   6.51447105   0.00200202
3648.279785   6.51447010   0.00199583
3662.872314   6.51446867   0.00198962
3677.523682   6.51446724   0.00198337
3692.234131   6.51446581   0.00197711
3707.001953   6.51446438   0.00197082
3721.829834   6.51446295   0.00196450
3736.717529   6.51446152   0.00195816
3751.663330   6.51446009   0.00195179
3766.669922   6.51445866   0.00194540
3781.736572   6.51445723   0.00193898
3796.863037   6.51445580   0.00193254
3812.050293   6.51445389   0.00192607
3827.298340   6.51445246   0.00191957
3842.607422   6.51445103   0.00191305
3857.977783   6.51444960   0.00190650
3873.409180   6.51444817   0.00189993
3888.902344   6.51444674   0.00189333
3904.457275   6.51444530   0.00188670
3920.075684   6.51444387   0.00188005
3935.755615   6.51444244   0.00187337
3951.497559   6.51444054   0.00186666
3967.303711   6.51443911   0.00185993
3983.173096   6.51443768   0.00185317
3999.105469   6.51443624   0.00184638
4015.101563   6.51443481   0.00183957
4031.161865   6.51443291   0.00183273
4047.286377   6.51443148   0.00182586
4063.474365   6.51443005   0.00181896
4079.728516   6.51442862   0.00181204
4096.046875   6.51442671   0.00180508
4112.431641   6.51442528   0.00179810
4128.880371   6.51442385   0.00179110
4145.395508   6.51442194   0.00178406
4161.977051   6.51442051   0.00177700
4178.624512   6.51441908   0.00176991
4195.338867   6.51441717   0.00176279
4212.119141   6.51441574   0.00175564
4228.967773   6.51441383   0.00174846
4245.884277   6.51441240   0.00174125
4262.866699   6.51441097   0.00173402
4279.917480   6.51440907   0.00172676
4297.037109   6.51440763   0.00171946
4314.225098   6.51440573   0.00171214
4331.481934   6.51440430   0.00170479
4348.807129   6.51440239   0.00169741
4366.202637   6.51440096   0.00169000
4383.666992   6.51439905   0.00168256
4401.201172   6.51439762   0.00167509
4418.806152   6.51439571   0.00166759
4436.480469   6.51439428   0.00166006
4454.226563   6.51439238   0.00165250
4472.042969   6.51439047   0.00164491
4489.930664   6.51438904   0.00163729
4507.889648   6.51438713   0.00162964
4525.921387   6.51438570   0.00162196
4544.024902   6.51438379   0.00161425
4562.200195   6.51438189   0.00160650
4580.449219   6.51438046   0.00159873
4598.770996   6.51437855   0.00159092
4617.165527   6.51437664   0.00158309
4635.633789   6.51437473   0.00157522
4654.175781   6.51437330   0.00156732
4672.792480   6.51437140   0.00155939
4691.482910   6.51436949   0.00155143
4710.249023   6.51436758   0.00154343
4729.089355   6.51436615   0.00153541
4748.005371   6.51436424   0.00152735
4766.997559   6.51436234   0.00151926
4786.064941   6.51436043   0.00151114
4805.208496   6.51435852   0.00150298
4824.429688   6.51435661   0.00149479
4843.726563   6.51435518   0.00148657
4863.101563   6.51435328   0.00147832
4882.552734   6.51435137   0.00147003
4902.083008   6.51434946   0.00146171
4921.691406   6.51434755   0.00145336
4941.377441   6.51434565   0.00144497
4961.142578   6.51434374   0.00143655
4980.986816   6.51434183   0.00142810
5000.911133   6.51433992   0.00141987
5020.914063   6.51433945   0.00141703
5040.996582   6.51433897   0.00141418
5061.161133   6.51433849   0.00141132
5081.405273   6.51433802   0.00140844
5101.729980   6.51433754   0.00140555
5122.137207   6.51433706   0.00140266
5142.625977   6.51433659   0.00139975
5163.195313   6.51433611   0.00139683
5183.847656   6.51433611   0.00139389
5204.583008   6.51433563   0.00139095
5225.400879   6.51433516   0.00138799
5246.302734   6.51433468   0.00138502
5267.287109   6.51433420   0.00138205
5288.355957   6.51433372   0.00137905
5309.509766   6.51433325   0.00137605
5330.746094   6.51433277   0.00137303
5352.069336   6.51433229   0.00137001
5373.477051   6.51433182   0.00136697
5394.971191   6.51433134   0.00136391
5416.550293   6.51433086   0.00136085
5438.215820   6.51433039   0.00135777
5459.968750   6.51432991   0.00135468
5481.808594   6.51432943   0.00135158
5503.734863   6.51432896   0.00134847
5525.749023   6.51432848   0.00134534
5547.852051   6.51432800   0.00134220
5570.042969   6.51432753   0.00133905
5592.322266   6.51432705   0.00133589
5614.691406   6.51432657   0.00133271
5637.149902   6.51432610   0.00132952
5659.698730   6.51432562   0.00132632
5682.336914   6.51432467   0.00132311
5705.065430   6.51432419   0.00131988
5727.885742   6.51432371   0.00131664
5750.796875   6.51432323   0.00131339
5773.799805   6.51432276   0.00131012
5796.894043   6.51432228   0.00130684
5820.081055   6.51432180   0.00130355
5843.361328   6.51432133   0.00130024
