   2.000000   2.35424995   0.00012000
   2.008000   2.35405684   0.00012200
   2.016032   2.35384417   0.00012300
   2.024096   2.35363245   0.00012500
   2.032192   2.35341239   0.00012600
   2.040321   2.35319114   0.00012800
   2.048482   2.35297132   0.00012900
   2.056676   2.35275126   0.00013100
   2.064902   2.35252523   0.00013274
   2.073162   2.35229897   0.00013400
   2.081454   2.35206699   0.00013600
   2.089780   2.35184026   0.00013700
   2.098139   2.35160422   0.00013900
   2.106531   2.35136867   0.00014100
   2.114957   2.35113358   0.00014263
   2.123417   2.35089874   0.00014400
   2.131910   2.35065556   0.00014600
   2.140438   2.35041499   0.00014800
   2.148999   2.35017014   0.00015000
   2.157595   2.34992647   0.00015200
   2.166225   2.34967375   0.00015331
   2.174890   2.34942627   0.00015500
   2.183590   2.34917235   0.00015700
   2.192324   2.34891677   0.00015900
   2.201093   2.34866571   0.00016100
   2.209897   2.34840918   0.00016300
   2.218737   2.34814382   0.00016500
   2.227612   2.34787965   0.00016700
   2.236522   2.34761667   0.00016900
   2.245468   2.34734488   0.00017100
   2.254449   2.34707713   0.00017300
   2.263467   2.34680462   0.00017577
   2.272521   2.34653616   0.00017800
   2.281611   2.34625888   0.00018000
   2.290737   2.34598136   0.00018200
   2.299900   2.34569788   0.00018400
   2.309099   2.34541416   0.00018700
   2.318336   2.34513140   0.00018900
   2.327609   2.34483981   0.00019100
   2.336919   2.34454942   0.00019400
   2.346267   2.34425998   0.00019600
   2.355651   2.34396195   0.00019841
   2.365074   2.34366488   0.00020100
   2.374534   2.34336877   0.00020306
   2.384032   2.34306383   0.00020600
   2.393568   2.34276009   0.00020850
   2.403142   2.34245610   0.00021100
   2.412755   2.34213853   0.00021400
   2.422405   2.34183288   0.00021624
   2.432095   2.34151578   0.00021900
   2.441823   2.34119749   0.00022200
   2.451590   2.34087515   0.00022450
   2.461396   2.34055376   0.00022700
   2.471242   2.34022808   0.00023000
   2.481127   2.33990192   0.00023300
   2.491051   2.33956718   0.00023600
   2.501015   2.33923411   0.00023900
   2.511019   2.33889842   0.00024200
   2.521063   2.33855844   0.00024500
   2.531147   2.33821416   0.00024800
   2.541271   2.33786750   0.00025100
   2.551436   2.33752227   0.00025400
   2.561641   2.33716893   0.00025700
   2.571888   2.33681631   0.00026000
   2.582175   2.33646035   0.00026348
   2.592504   2.33609772   0.00026700
   2.602874   2.33573890   0.00027000
   2.613285   2.33537269   0.00027324
   2.623738   2.33500528   0.00027700
   2.634233   2.33463454   0.00028018
   2.644769   2.33425307   0.00028400
   2.655349   2.33387375   0.00028700
   2.665970   2.33349419   0.00029100
   2.676633   2.33311677   0.00029500
   2.687340   2.33272481   0.00029800
   2.698089   2.33233666   0.00030200
   2.708881   2.33194375   0.00030588
   2.719716   2.33154225   0.00030992
   2.730595   2.33114243   0.00031392
   2.741517   2.33073521   0.00031700
   2.752483   2.33032894   0.00032100
   2.763493   2.32992101   0.00032563
   2.774547   2.32950211   0.00032945
   2.785645   2.32908368   0.00033400
   2.796787   2.32866311   0.00033792
   2.807974   2.32823634   0.00034200
   2.819206   2.32781148   0.00034600
   2.830482   2.32737827   0.00035079
   2.841804   2.32694030   0.00035500
   2.853171   2.32650566   0.00035981
   2.864583   2.32606006   0.00036400
   2.876042   2.32561445   0.00036864
   2.887546   2.32516050   0.00037300
   2.899096   2.32470822   0.00037800
   2.910692   2.32424808   0.00038255
   2.922335   2.32378960   0.00038700
   2.934023   2.32332301   0.00039200
   2.945759   2.32284784   0.00039706
   2.957542   2.32237458   0.00040213
   2.969372   2.32190156   0.00040717
   2.981249   2.32141376   0.00041216
   2.993174   2.32093477   0.00041710
   3.005147   2.32043958   0.00042300
   3.017167   2.31994653   0.00042800
   3.029236   2.31944561   0.00043369
   3.041352   2.31894708   0.00043900
   3.053517   2.31844020   0.00044420
   3.065732   2.31792593   0.00045000
   3.077994   2.31741381   0.00045600
   3.090306   2.31689358   0.00046113
   3.102667   2.31636524   0.00046769
   3.115077   2.31583953   0.00047321
   3.127537   2.31530571   0.00047900
   3.140048   2.31476402   0.00048512
   3.152607   2.31422400   0.00049152
   3.165218   2.31367660   0.00049787
   3.177878   2.31312943   0.00050400
   3.190590   2.31256747   0.00051045
   3.203352   2.31200910   0.00051668
   3.216165   2.31143808   0.00052300
   3.229029   2.31086946   0.00053001
   3.241945   2.31029367   0.00053700
   3.254913   2.30971861   0.00054319
   3.267932   2.30912709   0.00055021
   3.281004   2.30853772   0.00055720
   3.294127   2.30794096   0.00056415
   3.307304   2.30734658   0.00057200
   3.320533   2.30673528   0.00057892
   3.333815   2.30612469   0.00058600
   3.347150   2.30551195   0.00059354
   3.360538   2.30488968   0.00060129
   3.373980   2.30425954   0.00060901
   3.387476   2.30363250   0.00061668
   3.401025   2.30299139   0.00062431
   3.414629   2.30234599   0.00063291
   3.428288   2.30169725   0.00064047
   3.442000   2.30105090   0.00064899
   3.455768   2.30038691   0.00065747
   3.469591   2.29972601   0.00066591
   3.483469   2.29904771   0.00067432
   3.497403   2.29837155   0.00068269
   3.511392   2.29768848   0.00069102
   3.525437   2.29700494   0.00070031
   3.539539   2.29630971   0.00070900
   3.553697   2.29560637   0.00071779
   3.567911   2.29490185   0.00072795
   3.582183   2.29418969   0.00073713
   3.596512   2.29347110   0.00074624
   3.610897   2.29274487   0.00075531
   3.625340   2.29201198   0.00076535
   3.639842   2.29127192   0.00077535
   3.654401   2.29053092   0.00078532
   3.669018   2.28977990   0.00079525
   3.683694   2.28901863   0.00080614
   3.698428   2.28825927   0.00081601
   3.713222   2.28748536   0.00082683
   3.728075   2.28670430   0.00083762
   3.742986   2.28592634   0.00084837
   3.757958   2.28513193   0.00085909
   3.772990   2.28433967   0.00086978
   3.788081   2.28353167   0.00088143
   3.803234   2.28271651   0.00089304
   3.818446   2.28189731   0.00090463
   3.833720   2.28107309   0.00091617
   3.849054   2.28024125   0.00092769
   3.864450   2.27940369   0.00094016
   3.879908   2.27854943   0.00095221
   3.895427   2.27769780   0.00096502
   3.911009   2.27683640   0.00097679
   3.926652   2.27596521   0.00098975
   3.942358   2.27508450   0.00100000
   3.958128   2.27420306   0.00102000
   3.973960   2.27330613   0.00103000
   3.989856   2.27240300   0.00104000
   4.005815   2.27149296   0.00105975
   4.021838   2.27057695   0.00107000
   4.037925   2.26965380   0.00108238
   4.054077   2.26872182   0.00110000
   4.070292   2.26777577   0.00111000
   4.086574   2.26682353   0.00113000
   4.102920   2.26586556   0.00114000
   4.119331   2.26490045   0.00116000
   4.135808   2.26392770   0.00117000
   4.152351   2.26294136   0.00119000
   4.168960   2.26194000   0.00120000
   4.185636   2.26094174   0.00122000
   4.202378   2.25992846   0.00123627
   4.219187   2.25890875   0.00125000
   4.236063   2.25788331   0.00127000
   4.253007   2.25684381   0.00128000
   4.270019   2.25579882   0.00130000
   4.287099   2.25473928   0.00132000
   4.304247   2.25367284   0.00133765
   4.321464   2.25259185   0.00135343
   4.338749   2.25150490   0.00137000
   4.356104   2.25041151   0.00139000
   4.373528   2.24930263   0.00141000
   4.391022   2.24819398   0.00143000
   4.408586   2.24706841   0.00144810
   4.426220   2.24592853   0.00146210
   4.443924   2.24478197   0.00148587
   4.461699   2.24363089   0.00150000
   4.479546   2.24246049   0.00152247
   4.497464   2.24128008   0.00154528
   4.515454   2.24009371   0.00156789
   4.533515   2.23889780   0.00159000
   4.551649   2.23768353   0.00161000
   4.569855   2.23646498   0.00163000
   4.588134   2.23523021   0.00165000
   4.606486   2.23398519   0.00167000
   4.624912   2.23272920   0.00169727
   4.643412   2.23146963   0.00172000
   4.661984   2.23018575   0.00174000
   4.680632   2.22889638   0.00176808
   4.699354   2.22759867   0.00179000
   4.718152   2.22628212   0.00181000
   4.737023   2.22495699   0.00184000
   4.755972   2.22361875   0.00186000
   4.774995   2.22227025   0.00189000
   4.794095   2.22090411   0.00191230
   4.813271   2.21953177   0.00194000
   4.832523   2.21814656   0.00196818
   4.851853   2.21673918   0.00199000
   4.871261   2.21532750   0.00202000
   4.890745   2.21389961   0.00205000
   4.910308   2.21246266   0.00207670
   4.929949   2.21100950   0.00210321
   4.949668   2.20954394   0.00213000
   4.969466   2.20805717   0.00216000
   4.989344   2.20656776   0.00219000
   5.009301   2.20505238   0.00222000
   5.029338   2.20353317   0.00225160
   5.049455   2.20199490   0.00228000
   5.069653   2.20044279   0.00231113
   5.089931   2.19887900   0.00234546
   5.110291   2.19729900   0.00237962
   5.130731   2.19570398   0.00241000
   5.151253   2.19408584   0.00244709
   5.171858   2.19246006   0.00248000
   5.192545   2.19081783   0.00251000
   5.213315   2.18916416   0.00254638
   5.234168   2.18748736   0.00258000
   5.255105   2.18580151   0.00262000
   5.276125   2.18409371   0.00265344
   5.297228   2.18237090   0.00269000
   5.318417   2.18063688   0.00273000
   5.339690   2.17887950   0.00276830
   5.361050   2.17710805   0.00280938
   5.382493   2.17532158   0.00284028
   5.404022   2.17351127   0.00289000
   5.425638   2.17169094   0.00293000
   5.447340   2.16984534   0.00297000
   5.469129   2.16798806   0.00301000
   5.491005   2.16611600   0.00305106
   5.512969   2.16421556   0.00309045
   5.535021   2.16230035   0.00313969
   5.557160   2.16037345   0.00318000
   5.579388   2.15841961   0.00322737
   5.601706   2.15644956   0.00327590
   5.624112   2.15446019   0.00332411
   5.646608   2.15245390   0.00337217
   5.669194   2.15041971   0.00342001
   5.691870   2.14836907   0.00346753
   5.714638   2.14630365   0.00351490
   5.737495   2.14421749   0.00356196
   5.760445   2.14210153   0.00361888
   5.783486   2.13996863   0.00366556
   5.806621   2.13781595   0.00372195
   5.829846   2.13564062   0.00377819
   5.853165   2.13344526   0.00383412
   5.876577   2.13123345   0.00388991
   5.900084   2.12898540   0.00394548
   5.923683   2.12672877   0.00400075
   5.947378   2.12443924   0.00405587
   5.971167   2.12213063   0.00412070
   5.995051   2.11979842   0.00417539
   6.019031   2.11744595   0.00423986
   6.043107   2.11506271   0.00430403
   6.067278   2.11265683   0.00436807
   6.091548   2.11022544   0.00443188
   6.115913   2.10778069   0.00449542
   6.140376   2.10529590   0.00455881
   6.164937   2.10279822   0.00463191
   6.189597   2.10026574   0.00469488
   6.214355   2.09770560   0.00476764
   6.239212   2.09512448   0.00484011
   6.264168   2.09251523   0.00491245
   6.289225   2.08987641   0.00498458
   6.314381   2.08721614   0.00505642
   6.339638   2.08451867   0.00513627
   6.364995   2.08180285   0.00520957
   6.390456   2.07905293   0.00529087
   6.416017   2.07627153   0.00537197
   6.441680   2.07346678   0.00545279
   6.467446   2.07063174   0.00553696
   6.493317   2.06776357   0.00561795
   6.519289   2.06486750   0.00570836
   6.545366   2.06193781   0.00579427
   6.571546   2.05898023   0.00587833
   6.597833   2.05598974   0.00596755
   6.624224   2.05296063   0.00606654
   6.650720   2.04990077   0.00615513
   6.677322   2.04681849   0.00625317
   6.704031   2.04368854   0.00635099
   6.730846   2.04053187   0.00644840
   6.757770   2.03734589   0.00655291
   6.784801   2.03411484   0.00665192
   6.811940   2.03085184   0.00675818
   6.839186   2.02755570   0.00686389
   6.866543   2.02422118   0.00696939
   6.894009   2.02084494   0.00708451
   6.921585   2.01744318   0.00719362
   6.949269   2.01399279   0.00730516
   6.977067   2.01050663   0.00742613
   7.004974   2.00698709   0.00754630
   7.032994   2.00342011   0.00766615
   7.061125   1.99980831   0.00778697
   7.089369   1.99616826   0.00791394
   7.117725   1.99248242   0.00804213
   7.146197   1.98874962   0.00816977
   7.174780   1.98497701   0.00830661
   7.203479   1.98116159   0.00844316
   7.232292   1.97729754   0.00857915
   7.261221   1.97339511   0.00871437
   7.290266   1.96944451   0.00885929
   7.319427   1.96544993   0.00901156
   7.348703   1.96140718   0.00915727
   7.378098   1.95731199   0.00931058
   7.407610   1.95317352   0.00946449
   7.437240   1.94898832   0.00962537
   7.466988   1.94474494   0.00978612
   7.496856   1.94045639   0.00995106
   7.526843   1.93611658   0.01011509
   7.556949   1.93172789   0.01028851
   7.587176   1.92727470   0.01046420
   7.617525   1.92277253   0.01064352
   7.647995   1.91822243   0.01082467
   7.678586   1.91361105   0.01101546
   7.709300   1.90893781   0.01120557
   7.740137   1.90421879   0.01140086
   7.771096   1.89942849   0.01160180
   7.802180   1.89458501   0.01180192
   7.833388   1.88967597   0.01201109
   7.864722   1.88470876   0.01221922
   7.896179   1.87967563   0.01243682
   7.927764   1.87457979   0.01265361
   7.959474   1.86942327   0.01287915
   7.991312   1.86419606   0.01311316
   8.023277   1.85889602   0.01334835
   8.055368   1.85353398   0.01359253
   8.087589   1.84811020   0.01383529
   8.119941   1.84259605   0.01408882
   8.152418   1.83701348   0.01434885
   8.185028   1.83137262   0.01461015
   8.217768   1.82564461   0.01487943
   8.250638   1.81983936   0.01515760
   8.283640   1.81395102   0.01544462
   8.316774   1.80799901   0.01573005
   8.350040   1.80194318   0.01603416
   8.383441   1.79581618   0.01633703
   8.416973   1.78961313   0.01664798
   8.450641   1.78330863   0.01696836
   8.484442   1.77691734   0.01729749
   8.518380   1.77042985   0.01762860
   8.552453   1.76387227   0.01797288
   8.586661   1.75720787   0.01832653
   8.621008   1.75044167   0.01868880
   8.655492   1.74357927   0.01906523
   8.690113   1.73663044   0.01944170
   8.724874   1.72956681   0.01982825
   8.759772   1.72239184   0.02022995
   8.794811   1.71512401   0.02064494
   8.829988   1.70774674   0.02106754
   8.865309   1.70024431   0.02150387
   8.900769   1.69263506   0.02194586
   8.936373   1.68491590   0.02240809
   8.972116   1.67706454   0.02287314
   9.008004   1.66909325   0.02336215
   9.044036   1.66099072   0.02385969
   9.080211   1.65278649   0.02437218
   9.116531   1.64442444   0.02490163
   9.152996   1.63592649   0.02543896
   9.189608   1.62729216   0.02599970
   9.226367   1.61853433   0.02657807
   9.263270   1.60961080   0.02716971
   9.300323   1.60053444   0.02778073
   9.337523   1.59130609   0.02841956
   9.374873   1.58194470   0.02906421
   9.412373   1.57238746   0.02974087
   9.450021   1.56267822   0.03043477
   9.487821   1.55278563   0.03115167
   9.525771   1.54274070   0.03189292
   9.563873   1.53249335   0.03265705
   9.602129   1.52205551   0.03344684
   9.640535   1.51142693   0.03426412
   9.679098   1.50061715   0.03511605
   9.717813   1.48959756   0.03599264
   9.756683   1.47834623   0.03690356
   9.795710   1.46687949   0.03784790
   9.834892   1.45519066   0.03882512
   9.874231   1.44328940   0.03984246
   9.913727   1.43111801   0.04090106
   9.953382   1.41870618   0.04199781
   9.993195   1.40603018   0.04313815
  10.033166   1.39311266   0.04432660
  10.073298   1.37988961   0.04556609
  10.113591   1.36637461   0.04685052
  10.154045   1.35256195   0.04819888
  10.194660   1.33845210   0.04960901
  10.235438   1.32402098   0.05107123
  10.276379   1.30923057   0.05260740
  10.317484   1.29409444   0.05422487
  10.358754   1.27857172   0.05591590
  10.400187   1.26271939   0.05768472
  10.441787   1.24642479   0.05954956
  10.483555   1.22970486   0.06150493
  10.525487   1.21254003   0.06357648
  10.567589   1.19495034   0.06575371
  10.609858   1.17684996   0.06806172
  10.652297   1.15822434   0.07050031
  10.694905   1.13905501   0.07309547
  10.737684   1.11931610   0.07584816
  10.780634   1.09901285   0.07878525
  10.823756   1.07802653   0.08192591
  10.867051   1.05635357   0.08527887
  10.910518   1.03395057   0.08888964
  10.954158   1.01076639   0.09277672
  10.997975   0.98682624   0.09696729
  11.041966   0.96192449   0.10152473
  11.086133   0.93606853   0.10649523
  11.130477   0.90917450   0.11192952
  11.174999   0.88115424   0.11791074
  11.219698   0.85200030   0.12452219
  11.264576   0.82145470   0.13190225
  11.309633   0.78947252   0.14019266
  11.354872   0.75593609   0.14958109
  11.400290   0.72075397   0.16028607
  11.445890   0.68377256   0.17265229
  11.491673   0.64481449   0.18712057
  11.537641   0.60388094   0.20423138
  11.583788   0.56104577   0.22478279
  11.630123   0.51675981   0.24958493
  11.676642   0.47173360   0.27964690
  11.723350   0.42735377   0.31574839
  11.770241   0.38559899   0.35794136
  11.817321   0.34857509   0.40530249
  11.864590   0.31727126   0.45580119
  11.912048   0.29175434   0.50734824
  11.959694   0.27116832   0.55882126
  12.007532   0.25478154   0.60919857
  12.055561   0.24158275   0.65815806
  12.103783   0.23086902   0.70560879
  12.152197   0.22215307   0.75142187
  12.200805   0.21498702   0.79597402
  12.249607   0.20905806   0.83928466
  12.298606   0.20413661   0.88146788
  12.347799   0.20007975   0.92260003
  12.397189   0.19673285   0.96273732
  12.446777   0.19396986   1.00217593
  12.496564   0.19174142   1.04090405
  12.546550   0.18995816   1.07901382
  12.596734   0.18857293   1.11653745
  12.647120   0.18755525   1.15355599
  12.697708   0.18685657   1.19008207
  12.748498   0.18645874   1.22630334
  12.799491   0.18632051   1.26220310
  12.850689   0.18645255   1.29781044
  12.902090   0.18682338   1.33318043
  12.953696   0.18741597   1.36826754
  13.005510   0.18822204   1.40321541
  13.057531   0.18925337   1.43806994
  13.109763   0.19048618   1.47282577
  13.162198   0.19192013   1.50750697
  13.214849   0.19355710   1.54215312
  13.267706   0.19538456   1.57666230
  13.320776   0.19741674   1.61130571
  13.374059   0.19966115   1.64598846
  13.427552   0.20209922   1.68073308
  13.481262   0.20475174   1.71557152
  13.535189   0.20762467   1.75052583
  13.589327   0.21069856   1.78550363
  13.643683   0.21402003   1.82076252
  13.698256   0.21757020   1.85621345
  13.753050   0.22138247   1.89189088
  13.808059   0.22543648   1.92779684
  13.863292   0.22977236   1.96396434
  13.918744   0.23438269   2.00032210
  13.974419   0.23930541   2.03711438
  14.030314   0.24454388   2.07425761
  14.086435   0.25013575   2.11177707
  14.142779   0.25608566   2.14969754
  14.199350   0.26241532   2.18804955
  14.256146   0.26914552   2.22674918
  14.313169   0.27633384   2.26607537
  14.370420   0.28399199   2.30592442
  14.427902   0.29218572   2.34635925
  14.485613   0.30092943   2.38738465
  14.543554   0.31026682   2.42905688
  14.601728   0.32020050   2.47125506
  14.660135   0.33090517   2.51433325
  14.718773   0.34237224   2.55817771
  14.777647   0.35467228   2.60282779
  14.836756   0.36788404   2.64833212
  14.896105   0.38211054   2.69474125
  14.955686   0.39743778   2.74207330
  15.015508   0.41394994   2.79030704
  15.075569   0.43184212   2.83972287
  15.135870   0.45121959   2.89024234
  15.196412   0.47222048   2.94190407
  15.257196   0.49507836   2.99476886
  15.318224   0.52000785   3.04889226
  15.379498   0.54709184   3.10406423
  15.441013   0.57681555   3.16073942
  15.502776   0.60938627   3.21872163
  15.564787   0.64514762   3.27799320
  15.627045   0.68450439   3.33852744
  15.689551   0.72791374   3.40023875
  15.752309   0.77587718   3.46299648
  15.815316   0.82879859   3.52636623
  15.878578   0.88778752   3.59054470
  15.942090   0.95330101   3.65485168
  16.005857   1.02614844   3.71873331
  16.069880   1.10717642   3.78139615
  16.134159   1.19726360   3.84181309
  16.198694   1.29724610   3.89860511
  16.263487   1.40742290   3.94985366
  16.328541   1.52923775   3.99378157
  16.393854   1.66240406   4.02751398
  16.459429   1.80647814   4.04794741
  16.525265   1.96016562   4.05163717
  16.591364   2.12105322   4.03507566
  16.657730   2.28546381   3.99505401
  16.724358   2.44771957   3.92957544
  16.791254   2.60318041   3.83715463
  16.858419   2.74470234   3.71902633
  16.925854   2.86610150   3.57829499
  16.993553   2.96190953   3.41976023
  17.061527   3.02933359   3.25001478
  17.129770   3.06747365   3.07571197
  17.198290   3.07732391   2.90344596
  17.267082   3.06137037   2.73756194
  17.336147   3.02269912   2.58190489
  17.405491   2.96483278   2.43929887
  17.475115   2.89118409   2.31126070
  17.545012   2.80485487   2.19854379
  17.615191   2.70839834   2.10153818
  17.685650   2.60404491   2.02031875
  17.756392   2.49432898   1.95444858
  17.827415   2.37974715   1.90303016
  17.898726   2.26204515   1.86617899
  17.970318   2.14237809   1.84378064
  18.042200   2.02190089   1.83601046
  18.114367   1.90199316   1.84334147
  18.186823   1.78405309   1.86519194
  18.259567   1.66984642   1.90134847
  18.332607   1.56097543   1.95136034
  18.405935   1.45890033   2.01506543
  18.479557   1.36584616   2.09143472
  18.553474   1.28267348   2.17850018
  18.627687   1.21020460   2.27481818
  18.702196   1.14901602   2.37908769
  18.777004   1.10019374   2.49049592
  18.852110   1.06298470   2.60766721
  18.927519   1.03765357   2.72951388
  19.003225   1.02472830   2.85701156
  19.079239   1.02566659   2.98972654
  19.155554   1.04096949   3.12738156
  19.232178   1.07249820   3.26999474
  19.309101   1.12500775   3.41761184
  19.386337   1.20164537   3.56883860
  19.463881   1.30731976   3.72122622
  19.541735   1.45114601   3.86877322
  19.619902   1.64185464   4.00160837
  19.698378   1.88357997   4.10339308
  19.777170   2.17963958   4.14312124
  19.856279   2.50824666   4.08642101
  19.935701   2.82713294   3.91513634
  20.015442   3.06889439   3.62373877
  20.095503   3.18988276   3.27025318
  20.175884   3.18599486   2.91258168
  20.256588   3.07101798   2.60653543
  20.337612   2.89317155   2.36260200
  20.418961   2.67709589   2.18976641
  20.500637   2.44556355   2.08200598
  20.582636   2.21183300   2.02774763
  20.664967   1.98685956   2.02776241
  20.747623   1.77664304   2.06723523
  20.830614   1.58883011   2.14304447
  20.913935   1.42681932   2.24467587
  20.997587   1.29126585   2.36385155
  21.081575   1.18170643   2.49452806
  21.165903   1.09328914   2.63040543
  21.250565   1.02581441   2.76844597
  21.335566   0.97298455   2.90668488
  21.420906   0.93486249   3.04415488
  21.506590   0.90720767   3.18088269
  21.592611   0.89010209   3.31685448
  21.678982   0.88119501   3.45261526
  21.765696   0.88075888   3.58813953
  21.852758   0.88746947   3.72468162
  21.940165   0.90206319   3.86298704
  22.027927   0.92379761   4.00332642
  22.116035   0.95399886   4.14655304
  22.204498   0.99216187   4.29298878
  22.293316   1.04064202   4.44376707
  22.382486   1.09883165   4.59880877
  22.472015   1.17090321   4.75958538
  22.561905   1.25622606   4.92552471
  22.652147   1.35962307   5.09663677
  22.742754   1.48339581   5.27404833
  22.833725   1.63296521   5.45620871
  22.925058   1.81342554   5.64107513
  23.016756   2.02930522   5.82503796
  23.108822   2.29316306   6.00081015
  23.201256   2.60482407   6.16027164
  23.294060   2.97920561   6.28269339
  23.387234   3.41065764   6.35048342
  23.480780   3.89157915   6.33536482
  23.574701   4.39773035   6.20171881
  23.669001   4.89280033   5.94699574
  23.763676   5.31662083   5.55977964
  23.858727   5.63107204   5.08284330
  23.954161   5.82247448   4.56462669
  24.049976   5.87366009   4.05368328
  24.146173   5.83116722   3.58152080
  24.242758   5.71685266   3.16523337
  24.339727   5.55205679   2.81467438
  24.437086   5.36216497   2.51734710
  24.534830   5.15947771   2.27154875
  24.632969   4.94991970   2.06953502
  24.731499   4.74023914   1.90076733
  24.830425   4.53312683   1.76136374
  24.929741   4.33053160   1.64864182
  25.029461   4.13229322   1.55536425
  25.129576   3.93846726   1.47902405
  25.230093   3.74956775   1.41983497
  25.331011   3.56423402   1.37334168
  25.432333   3.38195705   1.33845496
  25.534060   3.20271969   1.31560779
  25.636198   3.02628970   1.30378258
  25.738737   2.85040045   1.30209053
  25.841690   2.67564201   1.31078053
  25.945057   2.50218129   1.33220565
  26.048836   2.32999897   1.36542654
  26.153028   2.15973663   1.41126573
  26.257639   1.99259317   1.47074854
  26.362667   1.83151329   1.54656637
  26.468119   1.67827010   1.63646269
  26.573986   1.53542721   1.73935544
  26.680283   1.40515077   1.85324228
  26.786999   1.29089010   1.97582579
  26.894148   1.19160938   2.10261154
  27.001722   1.10522270   2.23214650
  27.109726   1.03105056   2.36177874
  27.218163   0.96777576   2.49013042
  27.327036   0.91478968   2.61600399
  27.436340   0.86943775   2.73929071
  27.546083   0.83061659   2.85988426
  27.656267   0.79738182   2.97779155
  27.766891   0.76896131   3.09314585
  27.877954   0.74510759   3.20581770
  27.989466   0.72484988   3.31630850
  28.101421   0.70773864   3.42451525
  28.213827   0.69336820   3.53101850
  28.326677   0.68141228   3.63642764
  28.439983   0.67169589   3.74056435
  28.553741   0.66415757   3.84353256
  28.667955   0.65855300   3.94560337
  28.782627   0.65467352   4.04700232
  28.897751   0.65242738   4.14790773
  29.013342   0.65174174   4.24849367
  29.129396   0.65256065   4.35925102
  29.245907   0.65484071   4.47582579
  29.362890   0.65858310   4.59215641
  29.480339   0.66386163   4.70729733
  29.598259   0.67054129   4.81551695
  29.716650   0.67873973   4.92046642
  29.835516   0.68844229   5.04044390
  29.954855   0.69971460   5.16547871
  30.074675   0.71262926   5.27543259
  30.194969   0.72726953   5.39420986
  30.315746   0.74376053   5.53602600
  30.437004   0.76223367   5.66257238
  30.558756   0.78284347   5.75255775
  30.680988   0.80577576   5.82584572
  30.803707   0.83139747   5.92975855
  30.926922   0.85984999   6.05482054
  31.050629   0.89137214   6.16571903
  31.174829   0.92617059   6.24158955
  31.299526   0.96506196   6.32803059
  31.424721   1.00830877   6.47123289
  31.550419   1.05644131   6.59968185
  31.676619   1.11008537   6.64537907
  31.803322   1.16994274   6.70241928
  31.930532   1.23680902   6.83097267
  32.058258   1.31155550   6.97974825
  32.186481   1.39509988   7.08719969
  32.315228   1.46885026   7.13212633
  32.444485   1.52738464   7.14760542
  32.574265   1.58568847   7.18124962
  32.704556   1.64375627   7.27762175
  32.835373   1.70159531   7.40829277
  32.966709   1.75896037   7.50906801
  33.098579   1.81610751   7.56349134
  33.230968   1.87325621   7.61623430
  33.363888   1.93017256   7.76555443
  33.497341   1.98686790   7.97130060
  33.631329   2.04333901   8.10801792
  33.765854   2.09958458   8.24328995
  33.900913   2.15560746   8.39522552
  34.036514   2.21140575   8.42920399
  34.172661   2.26698780   8.48344040
  34.309349   2.32234406   8.76590633
  34.446579   2.37748480   9.04561520
  34.584366   2.43240452   9.11066914
  34.722702   2.48711419   9.00109386
  34.861591   2.54159164   8.89233112
  35.001034   2.59539676   9.01322460
  35.141033   2.64940429   9.32654381
  35.281597   2.70321774   9.50242329
  35.422722   2.75682425   9.59508610
  35.564407   2.83540893   9.75056553
  35.706665   2.94820309   9.86492729
  35.849491   3.09869504   9.93827152
  35.992882   3.30306005  10.15217400
  36.136852   3.55009556  10.49623585
  36.281395   3.79616833  10.66598225
  36.426525   4.04129696  10.57082844
  36.572220   4.28545952  10.53408718
  36.718513   4.52845621  10.82738018
  36.865383   4.77048445  11.01087952
  37.012844   5.01157618  10.78730202
  37.160892   5.25050163  10.69001770
  37.309528   5.48873949  10.76998520
  37.458767   5.72706985  10.88340950
  37.608604   5.96449947  10.99640846
  37.759029   6.20100498  11.10897064
  37.910065   6.43640852  11.22100449
  38.061703   6.67079830  11.33255959
  38.213947   6.90430546  11.44369221
  38.366798   7.13692713  11.55440426
  38.520264   7.36868095  11.59084606
  38.674343   7.59957600  11.53706551
  38.829041   7.83246756  11.57486534
  38.984352   8.15684223  11.58407784
  39.140285   8.66865253  11.52063656
  39.296844   9.37014198  11.71913815
  39.454033  10.25731277  12.03663349
  39.611843  11.30652809  12.18986225
  39.770287  12.47114563  11.95066547
  39.929363  13.66036129  11.85670280
  40.089081  14.70964622  11.23580647
  40.249432  15.53583813  10.22049618
  40.410431  16.09747124   9.25791359
  40.572071  16.38783455   8.72696590
  40.734360  16.41115761   7.83479261
  40.897285  16.26394463   6.58685160
  41.060875  16.02259636   5.62660408
  41.225113  15.72142696   4.93411922
  41.390018  15.38746357   4.34620714
  41.555569  15.04197025   3.86581063
  41.721790  14.70201397   3.46365499
  41.888676  14.37213135   3.11806774
  42.056225  14.05500126   2.82064176
  42.224449  13.75253201   2.56443071
  42.393341  13.47162342   2.35259771
  42.562912  13.20689487   2.16655183
  42.733166  12.95586395   2.00172162
  42.904091  12.71702480   1.85486484
  43.075703  12.49518299   1.72875822
  43.248005  12.28600502   1.61646628
  43.420994  12.08732891   1.51496339
  43.594673  11.89852905   1.42307913
  43.769051  11.72193336   1.34209311
  43.944122  11.55491924   1.26901722
  44.119900  11.39539051   1.20187318
  44.296371  11.24293995   1.14013958
  44.473557  11.09979534   1.08503604
  44.651443  10.96328354   1.03439534
  44.830051  10.83216858   0.98730099
  45.009369  10.70623875   0.94352508
  45.189400  10.58795071   0.90430415
  45.370155  10.47382927   0.86749429
  45.551636  10.36369610   0.83295310
  45.733837  10.25843239   0.80106568
  45.916771  10.15797806   0.77169275
  46.100433  10.06099033   0.74403203
  46.284836   9.96738529   0.71799994
  46.469967   9.87792873   0.69412136
  46.655846   9.79100037   0.67144775
  46.842464   9.70648098   0.64991534
  47.029839   9.62541580   0.62995726
  47.217945   9.54707623   0.61121577
  47.406815   9.47066212   0.59334290
  47.596436   9.39671612   0.57655507
  47.786823   9.32545471   0.56091648
  47.977970   9.25574493   0.54595566
  48.169876   9.18783760   0.53176916
  48.362549   9.12243176   0.51863766
  48.556004   9.05826569   0.50604951
  48.750217   8.99547482   0.49405432
  48.945217   8.93488884   0.48300123
  49.140991   8.87529469   0.47240117
  49.337555   8.81679630   0.46229765
  49.534901   8.76015091   0.45302272
  49.733036   8.70426846   0.44414413
  49.931961   8.64930820   0.43573469
  50.131695   8.59618473   0.42810500
  50.332214   8.54349804   0.42080793
  50.533539   8.49136639   0.41397089
  50.735664   8.44022083   0.40777105
  50.938614   8.38946152   0.40191346
  51.142365   8.33940125   0.39663121
  51.346924   8.28989410   0.39193407
  51.552307   8.24060440   0.38758850
  51.758518   8.19180775   0.38398191
  51.965546   8.14314175   0.38090149
  52.173409   8.09452915   0.37822491
  52.382099   8.04600239   0.37658826
  52.591625   7.99728155   0.37543088
  52.801983   7.94835711   0.37503326
  53.013191   7.89892387   0.37574226
  53.225239   7.84907675   0.37705290
  53.438145   7.79830599   0.37989596
  53.651878   7.74661827   0.38390684
  53.866489   7.69403839   0.38902766
  54.081947   7.63943243   0.39674696
  54.298275   7.58369350   0.40575758
  54.515465   7.52543831   0.41793740
  54.733521   7.46500921   0.43324226
  54.952446   7.40279198   0.45106101
  55.172260   7.33528614   0.47630659
  55.392941   7.26553535   0.50508577
  55.614506   7.19005346   0.54438412
  55.836960   7.11060572   0.59368187
  56.060307   7.02694368   0.65364444
  56.284546   6.93839121   0.73989528
  56.509682   6.84846020   0.83712029
  56.735714   6.76315880   0.98767465
  56.962654   6.69214773   1.16647673
  57.190502   6.65160942   1.40409577
  57.419258   6.69547939   1.68988729
  57.648926   6.80135441   2.01134539
  57.879524   7.11729336   2.27390003
  58.111038   7.48577976   2.50746989
  58.343475   7.95750809   2.43274260
  58.576847   8.37201595   2.29138541
  58.811153   8.62800598   1.96974421
  59.046394   8.77443981   1.65901875
  59.282570   8.79914665   1.36055100
  59.519699   8.76256275   1.12984085
  59.757778   8.69521332   0.93260300
  59.996796   8.61325836   0.79948747
  60.236782   8.52845764   0.67818081
  60.477722   8.44996262   0.60224712
  60.719635   8.37265301   0.52992618
  60.962505   8.30357170   0.47957718
  61.206356   8.23713493   0.43367147
  61.451172   8.17765903   0.39906576
  61.696976   8.12146187   0.36848661
  61.943768   8.07004642   0.34371591
  62.191525   8.02205658   0.32228535
  62.440289   7.97717810   0.30390206
  62.690056   7.93558931   0.28820157
  62.940800   7.89597225   0.27413538
  63.192562   7.85940218   0.26218548
  63.445332   7.82405615   0.25111619
  63.699104   7.79146576   0.24172260
  63.953896   7.75962210   0.23281232
  64.209709   7.73022604   0.22521241
  64.466545   7.70128107   0.21787925
  64.724411   7.67449427   0.21158598
  64.983299   7.64798450   0.20544818
  65.243225   7.62335873   0.20012507
  65.504189   7.59891462   0.19489892
  65.766212   7.57610655   0.19032006
  66.029274   7.55344057   0.18581280
  66.293373   7.53218126   0.18180946
  66.558548   7.51105738   0.17786723
  66.824783   7.49113035   0.17432557
  67.092079   7.47136116   0.17084701
  67.360443   7.45258856   0.16767499
  67.629883   7.43401003   0.16457048
  67.900398   7.41636372   0.16171770
  68.171982   7.39900303   0.15894684
  68.444672   7.38218307   0.15633038
  68.718445   7.36563349   0.15379496
  68.993324   7.34956360   0.15138416
  69.269279   7.33387947   0.14907461
  69.546356   7.31852961   0.14684628
  69.824539   7.30363178   0.14472605
  70.103828   7.28893232   0.14265245
  70.384239   7.27475977   0.14069556
  70.665764   7.26065254   0.13875636
  70.948425   7.24713993   0.13694641
  71.232231   7.23357296   0.13512912
  71.517143   7.22066355   0.13343519
  71.803200   7.20770979   0.13173583
  72.090408   7.19524479   0.13013692
  72.378769   7.18286324   0.12855799
  72.668282   7.17080832   0.12703484
  72.958946   7.15895939   0.12554760
  73.250786   7.14728165   0.12409385
  73.543777   7.13592768   0.12270130
  73.837944   7.12459898   0.12131409
  74.133301   7.11371422   0.11999702
  74.429817   7.10278702   0.11867478
  74.727539   7.09226704   0.11742029
  75.026443   7.08177853   0.11617269
  75.326538   7.07153130   0.11496544
  75.627838   7.06145430   0.11378701
  75.930351   7.05146360   0.11262105
  76.234070   7.04178333   0.11149781
  76.538994   7.03206444   0.11037012
  76.845146   7.02279806   0.10930951
  77.152527   7.01352739   0.10824939
  77.461128   7.00441933   0.10721538
  77.770966   6.99542761   0.10620035
  78.082047   6.98647881   0.10519147
  78.394371   6.97782278   0.10422091
  78.707939   6.96913242   0.10324649
  79.022774   6.96072054   0.10231265
  79.338852   6.95235491   0.10138634
  79.656204   6.94409752   0.10047394
  79.974831   6.93603897   0.09958673
  80.294716   6.92794895   0.09869602
  80.615883   6.92016315   0.09784452
  80.938354   6.91236877   0.09699243
  81.262093   6.90470600   0.09615807
  81.587143   6.89719582   0.09534407
  81.913475   6.88965559   0.09452686
  82.241127   6.88240623   0.09374554
  82.570091   6.87513494   0.09296191
  82.900360   6.86798382   0.09219336
  83.231956   6.86097765   0.09144282
  83.564880   6.85394335   0.09068929
  83.899139   6.84716272   0.08996469
  84.234726   6.84037876   0.08923994
  84.571648   6.83367300   0.08852435
  84.909943   6.82713127   0.08782790
  85.249573   6.82056427   0.08712869
  85.590561   6.81418991   0.08645499
  85.932922   6.80785894   0.08578758
  86.276657   6.80153990   0.08512148
  86.621750   6.79543066   0.08447780
  86.968231   6.78929663   0.08383153
  87.316101   6.78327036   0.08319661
  87.665359   6.77735901   0.08257378
  88.016022   6.77142429   0.08194845
  88.368073   6.76571083   0.08134741
  88.721542   6.76003218   0.08075021
  89.076431   6.75434732   0.08015276
  89.432709   6.74882793   0.07957719
  89.790443   6.74328661   0.07899927
  90.149597   6.73780584   0.07842714
  90.510201   6.73246050   0.07786806
  90.872223   6.72709370   0.07730678
  91.235703   6.72184038   0.07675866
  91.600647   6.71666336   0.07621955
  91.967049   6.71146584   0.07567830
  92.334900   6.70642662   0.07515260
  92.704231   6.70141697   0.07462972
  93.075043   6.69638729   0.07410476
  93.447334   6.69154835   0.07360225
  93.821114   6.68670082   0.07309896
  94.196396   6.68185282   0.07259531
  94.573174   6.67718077   0.07210638
  94.951469   6.67248917   0.07161549
  95.331268   6.66781950   0.07112756
  95.712578   6.66329527   0.07065773
  96.095428   6.65875244   0.07018601
  96.479805   6.65424585   0.06971809
  96.865723   6.64987087   0.06926373
  97.253166   6.64547825   0.06880759
  97.642174   6.64112711   0.06835493
  98.032738   6.63689327   0.06791257
  98.424866   6.63264227   0.06746844
  98.818558   6.62843370   0.06702884
  99.213829   6.62434292   0.06660166
  99.610672   6.62023544   0.06617279
 100.009102   6.61616135   0.06574681
 100.409126   6.61220169   0.06533139
 100.810760   6.60822630   0.06491431
 101.214012   6.60427189   0.06449953
 101.618835   6.60044956   0.06409900
 102.025330   6.59661102   0.06369681
 102.433411   6.59277296   0.06329483
 102.843140   6.58907557   0.06290893
 103.254509   6.58536291   0.06252149
 103.667503   6.58163595   0.06213252
 104.082176   6.57808018   0.06175704
 104.498512   6.57452154   0.06138097
 104.916489   6.57094860   0.06100342
 105.336151   6.56746292   0.06063586
 105.757477   6.56400156   0.06027119
 106.180511   6.56052637   0.05990504
 106.605209   6.55711651   0.05954514
 107.031639   6.55377293   0.05919160
 107.459755   6.55041647   0.05883667
 107.889595   6.54708052   0.05848371
 108.321136   6.54385090   0.05814123
 108.754417   6.54060841   0.05779737
 109.189423   6.53735304   0.05745215
 109.626183   6.53422689   0.05711648
 110.064674   6.53110313   0.05678061
 110.504913   6.52796698   0.05644341
 110.946930   6.52489710   0.05611456
 111.390717   6.52188158   0.05579248
 111.836273   6.51885366   0.05546911
 112.283607   6.51583338   0.05514649
 112.732742   6.51292419   0.05483510
 113.183670   6.51000357   0.05452246
 113.636383   6.50707102   0.05420859
 114.090919   6.50422525   0.05390133
 114.547272   6.50141287   0.05359645
 115.005478   6.49858904   0.05329033
 115.465469   6.49577951   0.05298563
 115.927330   6.49306822   0.05269125
 116.391029   6.49034595   0.05239569
 116.856583   6.48761320   0.05209894
 117.323997   6.48495531   0.05180809
 117.793289   6.48233604   0.05152015
 118.264450   6.47970676   0.05123107
 118.737511   6.47707033   0.05094134
 119.212448   6.47454739   0.05066643
 119.689293   6.47201395   0.05039041
 120.168037   6.46947050   0.05011329
 120.648705   6.46696472   0.04983810
 121.131294   6.46452904   0.04956685
 121.615807   6.46208334   0.04929452
 122.102257   6.45962811   0.04902110
 122.590668   6.45724487   0.04875549
 123.081017   6.45489264   0.04849328
 123.573334   6.45253134   0.04823001
 124.067619   6.45016050   0.04796570
 124.563889   6.44789124   0.04771217
 125.062134   6.44562483   0.04745890
 125.562370   6.44334936   0.04720462
 126.064606   6.44107580   0.04695033
 126.568863   6.43891287   0.04670636
 127.075127   6.43674183   0.04646143
 127.583420   6.43456173   0.04621551
 128.093750   6.43238926   0.04596998
 128.606110   6.43029022   0.04573030
 129.120514   6.42818308   0.04548967
 129.636993   6.42606688   0.04524806
 130.155533   6.42396736   0.04500831
 130.676163   6.42194605   0.04477733
 131.198837   6.41991615   0.04454546
 131.723633   6.41787863   0.04431263
 132.250519   6.41585636   0.04408104
 132.779510   6.41391134   0.04385625
 133.310623   6.41195869   0.04363056
 133.843842   6.40999842   0.04340397
 134.379211   6.40804529   0.04317790
 134.916733   6.40617323   0.04295925
 135.456390   6.40429449   0.04273973
 135.998199   6.40240765   0.04251934
 136.542175   6.40051413   0.04229815
 137.088348   6.39871502   0.04208562
 137.636688   6.39690828   0.04187225
 138.187225   6.39509439   0.04165803
 138.739960   6.39327335   0.04144294
 139.294922   6.39152575   0.04123648
 139.852081   6.38979053   0.04103155
 140.411484   6.38804913   0.04082581
 140.973114   6.38630009   0.04061924
 141.537018   6.38459444   0.04041550
 142.103149   6.38292789   0.04021433
 142.671539   6.38125467   0.04001236
 143.242218   6.37957478   0.03980958
 143.815186   6.37790442   0.03960753
 144.390427   6.37630749   0.03941241
 144.967987   6.37470436   0.03921651
 145.547852   6.37309456   0.03901982
 146.130035   6.37147856   0.03882235
 146.714539   6.36992359   0.03863245
 147.301392   6.36838722   0.03844479
 147.890579   6.36684418   0.03825638
 148.482162   6.36529541   0.03806721
 149.076050   6.36376047   0.03787931
 149.672348   6.36228943   0.03769759
 150.271027   6.36081266   0.03751516
 150.872101   6.35932970   0.03733199
 151.475586   6.35784101   0.03714809
 152.081467   6.35640240   0.03696769
 152.689774   6.35499001   0.03678906
 153.300552   6.35357237   0.03660970
 153.913712   6.35214901   0.03642964
 154.529358   6.35071993   0.03624885
 155.147461   6.34936523   0.03607769
 155.768051   6.34800959   0.03590637
 156.391113   6.34664822   0.03573438
 157.016663   6.34528160   0.03556169
 157.644714   6.34392405   0.03538951
 158.275299   6.34262896   0.03522200
 158.908386   6.34132862   0.03505382
 159.544006   6.34002352   0.03488497
 160.182159   6.33871269   0.03471545
 160.822891   6.33742332   0.03454799
 161.466171   6.33618498   0.03438568
 162.112015   6.33494139   0.03422272
 162.760452   6.33369303   0.03405911
 163.411499   6.33243990   0.03389484
 164.065125   6.33121395   0.03373417
 164.721375   6.33003902   0.03358028
 165.380249   6.32885981   0.03342579
 166.041763   6.32767582   0.03327068
 166.705902   6.32648754   0.03311495
 167.372726   6.32531118   0.03295993
 168.042191   6.32417870   0.03280801
 168.714371   6.32304144   0.03265548
 169.389191   6.32189989   0.03250236
 170.066757   6.32075357   0.03234861
 170.747009   6.31961012   0.03219489
 171.429977   6.31852818   0.03204624
 172.115707   6.31744146   0.03189698
 172.804138   6.31635094   0.03174714
 173.495346   6.31525612   0.03159669
 174.189331   6.31415653   0.03144564
 174.886063   6.31311417   0.03130230
 175.585587   6.31207943   0.03116007
 176.287918   6.31104136   0.03101728
 176.993073   6.30999851   0.03087391
 177.701019   6.30895185   0.03072998
 178.411819   6.30793285   0.03058821
 179.125443   6.30694962   0.03044929
 179.841949   6.30596209   0.03030981
 180.561295   6.30497122   0.03016978
 181.283524   6.30397606   0.03002918
 182.008636   6.30297661   0.02988803
 182.736679   6.30203629   0.02975377
 183.467621   6.30109596   0.02961943
 184.201462   6.30015182   0.02948456
 184.938263   6.29920387   0.02934915
 185.678009   6.29825211   0.02921319
 186.420700   6.29731846   0.02907916
 187.166382   6.29642773   0.02894993
 187.915024   6.29553318   0.02882018
 188.666687   6.29463530   0.02868990
 189.421310   6.29373360   0.02855911
 190.179001   6.29282856   0.02842780
 190.939697   6.29195499   0.02829932
 191.703476   6.29110575   0.02817296
 192.470230   6.29025364   0.02804611
 193.240112   6.28939772   0.02791874
 194.013062   6.28853798   0.02779086
 194.789093   6.28767538   0.02766248
 195.568237   6.28685045   0.02753869
 196.350494   6.28604269   0.02741694
 197.135880   6.28523159   0.02729469
 197.924438   6.28441715   0.02717196
 198.716095   6.28359938   0.02704874
 199.510956   6.28277874   0.02692502
 200.308975   6.28199387   0.02680560
 201.110214   6.28122807   0.02668843
 201.914642   6.28045940   0.02657079
 202.722275   6.27968788   0.02645269
 203.533157   6.27891302   0.02633411
 204.347290   6.27813530   0.02621505
 205.164642   6.27738142   0.02609889
 205.985306   6.27665710   0.02598630
 206.809219   6.27593040   0.02587325
 207.636444   6.27520037   0.02575976
 208.466980   6.27446795   0.02564581
 209.300827   6.27373219   0.02553140
 210.138016   6.27300024   0.02541703
 210.978561   6.27231550   0.02530595
 211.822449   6.27162790   0.02519443
 212.669724   6.27093744   0.02508246
 213.520401   6.27024460   0.02497003
 214.374481   6.26954889   0.02485716
 215.231934   6.26885033   0.02474384
 216.092850   6.26818180   0.02463547
 216.957214   6.26753187   0.02453006
 217.825043   6.26687860   0.02442423
 218.696304   6.26622343   0.02431799
 219.571091   6.26556540   0.02421131
 220.449356   6.26490450   0.02410421
 221.331146   6.26424122   0.02399667
 222.216461   6.26362705   0.02389404
 223.105286   6.26301384   0.02379135
 223.997696   6.26239777   0.02368825
 224.893707   6.26177979   0.02358473
 225.793228   6.26115894   0.02348080
 226.696396   6.26053619   0.02337646
 227.603165   6.25991488   0.02327232
 228.513550   6.25934362   0.02317504
 229.427597   6.25877047   0.02307737
 230.345306   6.25819445   0.02297932
 231.266663   6.25761652   0.02288087
 232.191727   6.25703621   0.02278202
 233.120468   6.25645351   0.02268278
 234.052917   6.25586843   0.02258315
 234.989105   6.25532436   0.02248645
 235.929077   6.25477934   0.02238947
 236.872772   6.25423193   0.02229210
 237.820236   6.25368261   0.02219434
 238.771515   6.25313139   0.02209620
 239.726593   6.25257730   0.02199765
 240.685471   6.25202131   0.02189872
 241.648209   6.25149822   0.02180530
 242.614761   6.25098705   0.02171392
 243.585220   6.25047350   0.02162217
 244.559540   6.24995852   0.02153005
 245.537766   6.24944067   0.02143757
 246.519897   6.24892139   0.02134472
 247.505981   6.24839973   0.02125149
 248.495941   6.24788761   0.02115920
 249.489929   6.24740934   0.02107075
 250.487869   6.24692917   0.02098195
 251.489822   6.24644756   0.02089279
 252.495743   6.24596357   0.02080328
 253.505707   6.24547768   0.02071341
 254.519714   6.24498987   0.02062318
 255.537811   6.24450016   0.02053259
 256.559906   6.24403238   0.02044522
 257.586121   6.24358368   0.02036068
 258.616455   6.24313307   0.02027580
 259.650909   6.24268055   0.02019058
 260.689484   6.24222612   0.02010502
 261.732239   6.24177027   0.02001912
 262.779144   6.24131250   0.01993287
 263.830261   6.24085236   0.01984628
 264.885559   6.24041605   0.01976250
 265.945068   6.23999643   0.01968067
 267.008820   6.23957443   0.01959851
 268.076843   6.23915100   0.01951602
 269.149139   6.23872614   0.01943320
 270.225708   6.23829937   0.01935005
 271.306580   6.23787117   0.01926657
 272.391815   6.23744059   0.01918275
 273.481354   6.23702478   0.01910063
 274.575256   6.23663425   0.01902159
 275.673553   6.23624229   0.01894223
 276.776245   6.23584843   0.01886255
 277.883301   6.23545313   0.01878256
 278.994812   6.23505640   0.01870225
 280.110748   6.23465776   0.01862162
 281.231232   6.23425817   0.01854065
 282.356079   6.23385620   0.01845938
 283.485535   6.23348856   0.01838357
 284.619446   6.23312426   0.01830823
 285.757904   6.23275852   0.01823258
 286.900909   6.23239136   0.01815662
 288.048462   6.23202276   0.01808037
 289.200653   6.23165226   0.01800381
 290.357483   6.23128033   0.01792694
 291.518860   6.23090744   0.01784976
 292.684906   6.23053646   0.01777281
 293.855621   6.23019934   0.01770038
 295.031036   6.22986078   0.01762766
 296.211121   6.22952080   0.01755465
 297.395966   6.22917938   0.01748134
 298.585541   6.22883654   0.01740775
 299.779877   6.22849226   0.01733385
 300.978943   6.22814703   0.01725967
 302.182861   6.22779989   0.01718518
 303.391541   6.22745180   0.01711040
 304.605133   6.22713947   0.01704169
 305.823517   6.22682619   0.01697273
 307.046753   6.22651148   0.01690350
 308.274902   6.22619534   0.01683399
 309.508026   6.22587824   0.01676421
 310.746033   6.22555971   0.01669414
 311.988983   6.22523975   0.01662380
 313.236938   6.22491884   0.01655317
 314.489899   6.22459650   0.01648226
 315.747772   6.22429276   0.01641340
 317.010773   6.22400379   0.01634621
 318.278778   6.22371387   0.01627875
 319.551941   6.22342253   0.01621102
 320.830048   6.22313070   0.01614303
 322.113373   6.22283697   0.01607476
 323.401794   6.22254229   0.01600621
 324.695374   6.22224665   0.01593740
 325.994141   6.22194958   0.01586830
 327.298065   6.22165155   0.01579894
 328.607239   6.22137642   0.01573458
 329.921692   6.22110939   0.01567196
 331.241333   6.22084141   0.01560909
 332.566254   6.22057247   0.01554596
 333.896515   6.22030258   0.01548258
 335.232086   6.22003126   0.01541895
 336.572968   6.21975899   0.01535507
 337.919250   6.21948576   0.01529093
 339.270905   6.21921158   0.01522653
 340.627991   6.21893597   0.01516187
 341.990448   6.21867657   0.01509913
 343.358368   6.21843290   0.01503825
 344.731781   6.21818829   0.01497712
 346.110718   6.21794319   0.01491574
 347.495117   6.21769667   0.01485412
 348.885071   6.21744919   0.01479226
 350.280579   6.21720076   0.01473015
 351.681702   6.21695137   0.01466778
 353.088379   6.21670055   0.01460517
 354.500732   6.21644926   0.01454231
 355.918701   6.21619701   0.01447920
 357.342377   6.21596956   0.01442110
 358.771698   6.21574593   0.01436366
 360.206757   6.21552181   0.01430599
 361.647552   6.21529627   0.01424809
 363.094177   6.21506977   0.01418996
 364.546478   6.21484280   0.01413160
 366.004639   6.21461487   0.01407301
 367.468628   6.21438599   0.01401418
 368.938477   6.21415567   0.01395511
 370.414246   6.21392488   0.01389581
 371.895844   6.21369314   0.01383627
 373.383392   6.21348381   0.01378062
 374.876953   6.21328259   0.01372628
 376.376373   6.21308041   0.01367173
 377.881866   6.21287727   0.01361696
 379.393341   6.21267319   0.01356197
 380.910950   6.21246862   0.01350676
 382.434509   6.21226311   0.01345134
 383.964233   6.21205664   0.01339568
 385.500061   6.21184969   0.01333981
 387.042084   6.21164179   0.01328371
 388.590210   6.21143293   0.01322739
 390.144531   6.21122313   0.01317085
 391.705048   6.21103954   0.01311955
 393.271912   6.21085548   0.01306812
 394.844971   6.21067095   0.01301649
 396.424286   6.21048546   0.01296466
 398.009949   6.21029902   0.01291262
 399.601990   6.21011209   0.01286037
 401.200348   6.20992422   0.01280791
 402.805145   6.20973587   0.01275524
 404.416351   6.20954657   0.01270236
 406.033997   6.20935678   0.01264927
 407.658051   6.20916605   0.01259597
 409.288696   6.20897436   0.01254245
 410.925812   6.20880270   0.01249265
 412.569550   6.20863676   0.01244384
 414.219696   6.20846939   0.01239484
 415.876587   6.20830202   0.01234564
 417.540039   6.20813370   0.01229624
 419.210205   6.20796490   0.01224665
 420.887024   6.20779514   0.01219685
 422.570496   6.20762491   0.01214686
 424.260742   6.20745373   0.01209667
 425.957825   6.20728207   0.01204627
 427.661560   6.20710993   0.01199568
 429.372162   6.20693684   0.01194488
 431.089630   6.20676327   0.01189388
 432.813995   6.20661211   0.01184741
 434.545227   6.20646238   0.01180114
 436.283386   6.20631218   0.01175468
 438.028473   6.20616150   0.01170804
 439.780548   6.20600986   0.01166121
 441.539673   6.20585775   0.01161420
 443.305786   6.20570517   0.01156699
 445.078949   6.20555210   0.01151960
 446.859253   6.20539808   0.01147202
 448.646667   6.20524359   0.01142425
 450.441193   6.20508862   0.01137628
 452.242920   6.20493269   0.01132813
 454.051910   6.20477629   0.01127978
 455.868073   6.20462894   0.01123321
 457.691498   6.20449591   0.01118961
 459.522247   6.20436239   0.01114582
 461.360321   6.20422888   0.01110187
 463.205688   6.20409441   0.01105774
 465.058472   6.20395899   0.01101343
 466.918671   6.20382357   0.01096894
 468.786377   6.20368767   0.01092427
 470.661438   6.20355082   0.01087943
 472.544067   6.20341396   0.01083441
 474.434204   6.20327616   0.01078921
 476.331909   6.20313787   0.01074382
 478.237274   6.20299911   0.01069826
 480.150085   6.20285940   0.01065251
 482.070648   6.20272112   0.01060696
 483.998993   6.20260429   0.01056597
 485.934875   6.20248652   0.01052481
 487.878632   6.20236826   0.01048349
 489.830109   6.20224953   0.01044200
 491.789368   6.20213032   0.01040035
 493.756500   6.20201111   0.01035853
 495.731506   6.20189095   0.01031655
 497.714386   6.20177031   0.01027439
 499.705261   6.20164919   0.01023207
 501.703979   6.20152807   0.01018958
 503.710785   6.20140600   0.01014692
 505.725525   6.20128345   0.01010409
 507.748474   6.20116043   0.01006108
 509.779419   6.20103693   0.01001790
 511.818451   6.20091295   0.00997456
 513.865723   6.20080709   0.00993615
 515.921204   6.20070267   0.00989820
 517.984802   6.20059824   0.00986009
 520.056763   6.20049334   0.00982183
 522.136963   6.20038748   0.00978342
 524.225464   6.20028162   0.00974485
 526.322266   6.20017529   0.00970613
 528.427551   6.20006847   0.00966725
 530.541260   6.19996166   0.00962822
 532.663452   6.19985390   0.00958904
 534.793945   6.19974566   0.00954969
 536.933105   6.19963741   0.00951019
 539.080811   6.19952822   0.00947053
 541.237061   6.19941902   0.00943072
 543.402039   6.19930935   0.00939074
 545.575562   6.19919920   0.00935060
 547.757813   6.19910383   0.00931401
 549.948914   6.19901419   0.00927861
 552.148560   6.19892359   0.00924306
 554.357117   6.19883299   0.00920738
 556.574524   6.19874239   0.00917155
 558.800781   6.19865084   0.00913557
 561.036011   6.19855928   0.00909945
 563.280029   6.19846678   0.00906319
 565.533142   6.19837475   0.00902678
 567.795227   6.19828176   0.00899023
 570.066345   6.19818830   0.00895353
 572.346680   6.19809484   0.00891669
 574.635925   6.19800091   0.00887969
 576.934509   6.19790649   0.00884255
 579.242188   6.19781208   0.00880526
 581.559082   6.19771671   0.00876782
 583.885254   6.19762135   0.00873023
 586.220764   6.19753408   0.00869483
 588.565674   6.19745588   0.00866199
 590.919800   6.19737720   0.00862902
 593.283508   6.19729853   0.00859591
 595.656616   6.19721937   0.00856267
 598.039124   6.19713974   0.00852931
 600.431274   6.19706011   0.00849580
 602.833008   6.19698000   0.00846217
 605.244263   6.19689941   0.00842839
 607.665222   6.19681883   0.00839449
 610.095825   6.19673777   0.00836045
 612.536133   6.19665623   0.00832627
 614.986267   6.19657469   0.00829195
 617.446228   6.19649267   0.00825750
 619.915894   6.19641018   0.00822291
 622.395508   6.19632769   0.00818818
 624.885132   6.19624472   0.00815331
 627.384521   6.19616127   0.00811831
 629.894043   6.19607735   0.00808316
 632.413574   6.19600916   0.00805246
 634.943176   6.19594240   0.00802209
 637.482910   6.19587517   0.00799160
 640.032837   6.19580746   0.00796098
 642.592896   6.19573975   0.00793025
 645.163208   6.19567156   0.00789939
 647.743896   6.19560337   0.00786841
 650.334778   6.19553471   0.00783730
 652.935974   6.19546556   0.00780607
 655.547791   6.19539642   0.00777471
 658.169922   6.19532681   0.00774323
 660.802551   6.19525719   0.00771162
 663.445679   6.19518709   0.00767989
 666.099487   6.19511700   0.00764803
 668.763855   6.19504642   0.00761604
 671.438843   6.19497538   0.00758393
 674.124512   6.19490433   0.00755168
 676.821045   6.19483280   0.00751931
 679.528259   6.19476128   0.00748681
 682.246338   6.19468927   0.00745417
 684.975281   6.19463110   0.00742580
 687.715210   6.19457531   0.00739797
 690.465881   6.19451857   0.00737002
 693.227722   6.19446230   0.00734196
 696.000549   6.19440556   0.00731379
 698.784607   6.19434834   0.00728550
 701.579590   6.19429111   0.00725710
 704.385864   6.19423389   0.00722859
 707.203369   6.19417620   0.00719997
 710.032227   6.19411802   0.00717123
 712.872192   6.19405985   0.00714237
 715.723633   6.19400167   0.00711340
 718.586487   6.19394302   0.00708431
 721.460754   6.19388390   0.00705511
 724.346558   6.19382477   0.00702579
 727.243896   6.19376564   0.00699636
 730.152832   6.19370604   0.00696680
 733.073486   6.19364595   0.00693713
 736.005676   6.19358587   0.00690734
 738.949646   6.19352579   0.00687742
 741.905396   6.19346523   0.00684739
 744.872986   6.19340563   0.00681774
 747.852478   6.19335938   0.00679291
 750.843750   6.19331264   0.00676798
 753.847046   6.19326591   0.00674295
 756.862427   6.19321871   0.00671783
 759.889832   6.19317150   0.00669260
 762.929321   6.19312429   0.00666727
 765.981018   6.19307661   0.00664184
 769.044861   6.19302893   0.00661630
 772.120911   6.19298077   0.00659067
 775.209351   6.19293261   0.00656493
 778.310120   6.19288445   0.00653909
 781.423462   6.19283581   0.00651315
 784.548950   6.19278717   0.00648710
 787.687195   6.19273806   0.00646095
 790.837830   6.19268894   0.00643469
 794.001160   6.19263983   0.00640833
 797.177124   6.19259024   0.00638187
 800.365662   6.19254065   0.00635529
 803.567139   6.19249058   0.00632862
 806.781494   6.19244051   0.00630183
 810.008484   6.19239044   0.00627494
 813.248474   6.19233990   0.00624794
 816.501343   6.19228888   0.00622083
 819.767395   6.19224119   0.00619477
 823.046265   6.19220304   0.00617241
 826.338501   6.19216537   0.00614996
 829.643799   6.19212723   0.00612742
 832.962341   6.19208860   0.00610479
 836.294067   6.19205046   0.00608207
 839.639221   6.19201183   0.00605926
 842.997681   6.19197273   0.00603636
 846.369629   6.19193411   0.00601336
 849.755066   6.19189501   0.00599027
 853.153931   6.19185543   0.00596710
 856.566528   6.19181633   0.00594383
 859.992798   6.19177675   0.00592046
 863.432678   6.19173670   0.00589700
 866.886353   6.19169712   0.00587345
 870.353882   6.19165707   0.00584980
 873.835327   6.19161654   0.00582606
 877.330444   6.19157648   0.00580223
 880.839722   6.19153595   0.00577830
 884.362976   6.19149494   0.00575427
 887.900574   6.19145441   0.00573015
 891.451965   6.19141340   0.00570593
 895.017700   6.19137192   0.00568161
 898.597778   6.19133091   0.00565720
 902.192078   6.19128942   0.00563269
 905.800720   6.19124746   0.00560808
 909.423889   6.19120550   0.00558337
 913.061462   6.19117403   0.00556257
 916.713745   6.19114399   0.00554232
 920.380493   6.19111347   0.00552199
 924.061951   6.19108295   0.00550158
 927.758179   6.19105244   0.00548108
 931.469116   6.19102192   0.00546051
 935.194885   6.19099092   0.00543985
 938.935669   6.19095993   0.00541911
 942.691284   6.19092894   0.00539828
 946.462097   6.19089746   0.00537738
 950.247803   6.19086647   0.00535639
 954.048706   6.19083500   0.00533531
 957.864868   6.19080353   0.00531415
 961.696289   6.19077158   0.00529291
 965.542969   6.19073963   0.00527158
 969.405029   6.19070768   0.00525017
 973.282654   6.19067574   0.00522867
 977.175720   6.19064379   0.00520708
 981.084412   6.19061136   0.00518541
 985.008606   6.19057894   0.00516365
 988.948547   6.19054604   0.00514180
 992.904419   6.19051361   0.00511987
 996.875793   6.19048071   0.00509785
1000.863281   6.19044781   0.00507574
1004.866699   6.19041443   0.00505354
1008.886230   6.19038105   0.00503126
1012.921509   6.19034767   0.00500888
1016.973206   6.19031429   0.00498642
1021.040955   6.19028091   0.00496386
1025.125122   6.19025087   0.00494334
1029.225586   6.19022799   0.00492609
1033.342285   6.19020462   0.00490878
1037.475586   6.19018173   0.00489140
1041.625610   6.19015837   0.00487394
1045.791870   6.19013453   0.00485642
1049.974976   6.19011116   0.00483883
1054.174805   6.19008732   0.00482116
1058.391479   6.19006395   0.00480343
1062.624878   6.19004011   0.00478563
1066.875488   6.19001579   0.00476775
1071.142822   6.18999195   0.00474980
1075.427368   6.18996811   0.00473178
1079.729004   6.18994379   0.00471369
1084.047852   6.18991947   0.00469553
1088.383911   6.18989515   0.00467729
1092.737549   6.18987036   0.00465898
1097.108276   6.18984604   0.00464060
1101.496582   6.18982124   0.00462214
1105.902588   6.18979645   0.00460361
1110.326172   6.18977118   0.00458501
1114.767334   6.18974638   0.00456633
1119.226318   6.18972111   0.00454758
1123.703125   6.18969584   0.00452875
1128.197876   6.18967056   0.00450985
1132.710449   6.18964529   0.00449087
1137.241333   6.18962002   0.00447181
1141.790283   6.18959427   0.00445268
1146.357544   6.18956852   0.00443347
1150.942627   6.18954277   0.00441419
1155.546387   6.18951702   0.00439483
1160.168457   6.18949080   0.00437539
1164.808960   6.18946457   0.00435587
1169.468262   6.18943834   0.00433627
1174.145874   6.18941832   0.00431988
1178.842407   6.18940115   0.00430496
1183.557861   6.18938398   0.00428998
1188.291870   6.18936682   0.00427494
1193.044922   6.18934965   0.00425984
1197.817017   6.18933249   0.00424468
1202.608276   6.18931484   0.00422946
1207.418701   6.18929720   0.00421418
1212.248291   6.18927956   0.00419883
1217.097168   6.18926239   0.00418343
1221.965576   6.18924427   0.00416796
1226.853149   6.18922663   0.00415243
1231.760620   6.18920898   0.00413684
1236.687500   6.18919086   0.00412119
1241.634277   6.18917274   0.00410548
1246.600708   6.18915462   0.00408970
1251.586914   6.18913651   0.00407386
1256.593140   6.18911839   0.00405795
1261.619507   6.18910027   0.00404199
1266.665894   6.18908167   0.00402595
1271.732544   6.18906355   0.00400986
1276.819336   6.18904495   0.00399370
1281.926636   6.18902636   0.00397747
1287.054077   6.18900776   0.00396118
1292.202271   6.18898869   0.00394483
1297.370972   6.18897009   0.00392841
1302.560425   6.18895102   0.00391192
1307.770386   6.18893242   0.00389537
1313.001587   6.18891335   0.00387875
1318.253418   6.18889427   0.00386207
1323.526245   6.18887472   0.00384532
1328.820435   6.18885565   0.00382850
1334.135498   6.18883657   0.00381161
1339.471924   6.18881702   0.00379466
1344.829956   6.18879747   0.00377764
1350.208984   6.18877792   0.00376055
1355.609741   6.18875837   0.00374339
1361.032104   6.18873835   0.00372616
1366.476196   6.18871927   0.00370919
1371.941895   6.18870687   0.00369679
1377.429565   6.18869495   0.00368434
1382.939209   6.18868256   0.00367183
1388.470947   6.18867016   0.00365928
1394.024658   6.18865776   0.00364668
1399.600586   6.18864536   0.00363403
1405.198975   6.18863297   0.00362132
1410.819702   6.18862009   0.00360857
1416.463013   6.18860769   0.00359576
1422.128540   6.18859482   0.00358291
1427.817017   6.18858242   0.00357000
1433.528320   6.18856955   0.00355704
1439.262207   6.18855667   0.00354403
1445.019287   6.18854380   0.00353096
1450.799194   6.18853092   0.00351785
1456.602417   6.18851805   0.00350468
1462.428589   6.18850517   0.00349146
1468.278320   6.18849182   0.00347818
1474.151245   6.18847895   0.00346486
1480.047852   6.18846560   0.00345148
1485.967773   6.18845224   0.00343804
1491.911621   6.18843937   0.00342455
1497.879150   6.18842602   0.00341101
1503.870605   6.18841267   0.00339742
1509.885864   6.18839884   0.00338377
1515.925293   6.18838549   0.00337006
1521.988892   6.18837214   0.00335630
1528.076904   6.18835831   0.00334249
1534.188965   6.18834496   0.00332862
1540.325562   6.18833113   0.00331469
1546.486816   6.18831730   0.00330071
1552.672729   6.18830347   0.00328668
1558.883301   6.18828964   0.00327258
1565.118652   6.18827581   0.00325843
1571.379028   6.18826151   0.00324423
1577.664551   6.18824768   0.00322996
1583.974976   6.18823385   0.00321564
1590.310913   6.18821955   0.00320127
1596.671875   6.18820524   0.00318683
1603.058594   6.18819094   0.00317234
1609.470703   6.18817663   0.00315779
1615.908447   6.18816233   0.00314318
1622.371948   6.18814802   0.00312851
1628.861450   6.18813324   0.00311379
1635.376709   6.18811893   0.00309900
1641.917969   6.18810701   0.00308611
1648.485718   6.18809891   0.00307617
1655.079590   6.18809128   0.00306620
1661.699585   6.18808317   0.00305618
1668.346313   6.18807554   0.00304613
1675.019653   6.18806744   0.00303603
1681.719727   6.18805933   0.00302589
1688.446289   6.18805122   0.00301572
1695.200073   6.18804312   0.00300550
1701.980713   6.18803501   0.00299524
1708.788574   6.18802691   0.00298494
1715.623779   6.18801880   0.00297460
1722.485840   6.18801069   0.00296422
1729.375732   6.18800259   0.00295380
1736.293335   6.18799400   0.00294334
1743.238037   6.18798590   0.00293283
1750.211060   6.18797731   0.00292228
1757.211670   6.18796921   0.00291169
1764.240479   6.18796062   0.00290106
1771.297241   6.18795204   0.00289038
1778.382446   6.18794394   0.00287966
1785.495850   6.18793535   0.00286890
1792.637817   6.18792677   0.00285810
1799.808105   6.18791819   0.00284725
1807.007202   6.18790960   0.00283636
1814.234863   6.18790102   0.00282543
1821.492065   6.18789244   0.00281445
1828.777832   6.18788338   0.00280342
1836.092651   6.18787479   0.00279236
1843.437012   6.18786621   0.00278125
1850.810669   6.18785715   0.00277009
1858.213867   6.18784809   0.00275889
1865.646606   6.18783951   0.00274765
1873.108887   6.18783045   0.00273636
1880.601318   6.18782139   0.00272503
1888.123657   6.18781233   0.00271365
1895.675903   6.18780375   0.00270222
1903.258423   6.18779469   0.00269075
1910.871704   6.18778515   0.00267923
1918.514648   6.18777609   0.00266767
1926.188721   6.18776703   0.00265606
1933.893188   6.18775797   0.00264441
1941.628906   6.18774843   0.00263270
1949.395020   6.18773937   0.00262096
1957.192627   6.18772984   0.00260916
1965.020996   6.18772078   0.00259732
1972.881348   6.18771124   0.00258543
1980.772583   6.18770170   0.00257349
1988.695313   6.18769217   0.00256150
1996.650024   6.18768263   0.00254947
2004.636475   6.18767309   0.00253739
2012.655029   6.18766356   0.00252526
2020.705444   6.18765402   0.00251308
2028.788086   6.18764448   0.00250085
2036.903320   6.18763447   0.00248857
2045.050781   6.18762493   0.00247625
2053.230469   6.18761778   0.00246632
2061.443359   6.18761301   0.00245887
2069.689209   6.18760824   0.00245138
2077.967773   6.18760347   0.00244387
2086.279541   6.18759871   0.00243633
2094.624268   6.18759394   0.00242875
2103.002686   6.18758917   0.00242115
2111.414795   6.18758440   0.00241351
2119.860107   6.18757963   0.00240585
2128.339355   6.18757486   0.00239815
2136.852783   6.18757010   0.00239042
2145.399658   6.18756485   0.00238266
2153.981201   6.18756008   0.00237487
2162.596924   6.18755531   0.00236705
2171.247559   6.18755007   0.00235920
2179.931885   6.18754530   0.00235132
2188.651855   6.18754053   0.00234340
2197.406250   6.18753529   0.00233546
2206.195801   6.18753052   0.00232748
2215.020508   6.18752527   0.00231947
2223.880127   6.18752003   0.00231143
2232.775635   6.18751526   0.00230335
2241.706787   6.18751001   0.00229525
2250.673096   6.18750477   0.00228711
2259.675781   6.18750000   0.00227894
2268.714355   6.18749475   0.00227073
2277.789063   6.18748951   0.00226250
2286.899902   6.18748426   0.00225423
2296.047363   6.18747902   0.00224592
2305.231445   6.18747377   0.00223759
2314.452393   6.18746853   0.00222922
2323.709961   6.18746328   0.00222082
2333.004639   6.18745804   0.00221238
2342.336426   6.18745279   0.00220391
2351.705811   6.18744707   0.00219540
2361.112305   6.18744183   0.00218687
2370.556641   6.18743658   0.00217829
2380.038574   6.18743086   0.00216969
2389.558838   6.18742561   0.00216105
2399.116699   6.18742037   0.00215237
2408.713135   6.18741465   0.00214366
2418.347900   6.18740940   0.00213491
2428.021484   6.18740368   0.00212613
2437.732666   6.18739796   0.00211732
2447.483643   6.18739271   0.00210847
2457.273438   6.18738699   0.00209958
2467.102783   6.18738127   0.00209066
2476.970459   6.18737555   0.00208170
2486.878418   6.18737030   0.00207271
2496.825684   6.18736458   0.00206368
2506.812744   6.18735886   0.00205462
2516.840088   6.18735313   0.00204551
2526.906982   6.18734741   0.00203638
2537.014404   6.18734169   0.00202720
2547.162598   6.18733549   0.00201799
2557.350830   6.18732977   0.00200874
2567.580078   6.18732405   0.00199946
2577.850342   6.18731833   0.00199014
2588.161377   6.18731213   0.00198078
2598.513916   6.18730640   0.00197138
2608.907715   6.18730021   0.00196195
2619.343262   6.18729448   0.00195247
2629.820557   6.18728828   0.00194296
2640.339355   6.18728256   0.00193342
2650.900879   6.18727636   0.00192383
2661.503906   6.18727016   0.00191421
2672.150146   6.18726444   0.00190454
2682.838623   6.18725824   0.00189484
2693.569580   6.18725204   0.00188510
2704.343750   6.18724585   0.00187532
2715.160889   6.18723965   0.00186550
2726.021240   6.18723345   0.00185565
2736.925293   6.18722916   0.00184791
2747.872803   6.18722677   0.00184302
2758.864258   6.18722486   0.00183811
2769.899170   6.18722248   0.00183318
2780.978760   6.18722057   0.00182824
2792.102539   6.18721819   0.00182327
2803.270996   6.18721581   0.00181828
2814.483398   6.18721390   0.00181328
2825.741211   6.18721151   0.00180825
2837.043701   6.18720913   0.00180320
2848.392090   6.18720722   0.00179814
2859.785645   6.18720484   0.00179305
2871.224365   6.18720245   0.00178794
2882.708984   6.18720007   0.00178281
2894.239990   6.18719816   0.00177766
2905.816406   6.18719578   0.00177249
2917.439697   6.18719339   0.00176730
2929.108887   6.18719101   0.00176209
2940.825439   6.18718863   0.00175686
2952.588379   6.18718624   0.00175161
2964.398438   6.18718433   0.00174634
2976.255615   6.18718195   0.00174104
2988.161133   6.18717957   0.00173573
3000.113281   6.18717718   0.00173039
3012.113525   6.18717480   0.00172503
3024.161377   6.18717241   0.00171965
3036.258545   6.18717003   0.00171425
3048.403320   6.18716764   0.00170883
3060.596191   6.18716526   0.00170338
3072.838379   6.18716288   0.00169792
3085.129883   6.18716049   0.00169243
3097.469971   6.18715763   0.00168692
3109.859863   6.18715525   0.00168139
3122.299072   6.18715286   0.00167583
3134.788086   6.18715048   0.00167025
3147.326904   6.18714809   0.00166466
3159.916260   6.18714571   0.00165903
3172.555420   6.18714285   0.00165339
3185.246094   6.18714046   0.00164772
3197.985840   6.18713808   0.00164204
3210.778076   6.18713522   0.00163632
3223.620605   6.18713284   0.00163059
3236.515137   6.18713045   0.00162483
3249.460938   6.18712759   0.00161905
3262.458496   6.18712521   0.00161325
3275.507813   6.18712282   0.00160742
3288.610107   6.18711996   0.00160157
3301.763916   6.18711758   0.00159570
3314.970703   6.18711472   0.00158980
3328.230225   6.18711233   0.00158388
3341.543213   6.18710947   0.00157793
3354.909180   6.18710709   0.00157197
3368.328857   6.18710423   0.00156597
3381.801758   6.18710184   0.00155996
3395.328613   6.18709898   0.00155392
3408.909912   6.18709612   0.00154785
3422.545166   6.18709373   0.00154177
3436.234863   6.18709087   0.00153565
3449.979980   6.18708801   0.00152951
3463.779541   6.18708563   0.00152335
3477.634277   6.18708277   0.00151717
3491.544678   6.18707991   0.00151096
3505.510742   6.18707705   0.00150472
3519.532715   6.18707418   0.00149846
3533.610107   6.18707180   0.00149217
3547.744629   6.18706894   0.00148586
3561.935547   6.18706608   0.00147952
3576.182373   6.18706322   0.00147316
3590.487061   6.18706036   0.00146678
3604.848633   6.18705750   0.00146036
3619.268066   6.18705463   0.00145392
3633.744873   6.18705177   0.00144746
3648.279785   6.18704891   0.00144097
3662.872314   6.18704605   0.00143445
3677.523682   6.18704319   0.00142791
3692.234131   6.18704033   0.00142134
3707.001953   6.18703747   0.00141475
3721.829834   6.18703461   0.00140813
3736.717529   6.18703127   0.00140148
3751.663330   6.18702841   0.00139481
3766.669922   6.18702555   0.00138811
3781.736572   6.18702269   0.00138138
3796.863037   6.18701982   0.00137462
3812.050293   6.18701649   0.00136784
3827.298340   6.18701363   0.00136103
3842.607422   6.18701077   0.00135420
3857.977783   6.18700743   0.00134734
3873.409180   6.18700457   0.00134045
3888.902344   6.18700123   0.00133353
3904.457275   6.18699837   0.00132658
3920.075684   6.18699503   0.00131961
3935.755615   6.18699217   0.00131261
3951.497559   6.18698883   0.00130558
3967.303711   6.18698597   0.00129852
3983.173096   6.18698263   0.00129143
3999.105469   6.18697977   0.00128432
4015.101563   6.18697643   0.00127718
4031.161865   6.18697309   0.00127001
4047.286377   6.18697023   0.00126281
4063.474365   6.18696690   0.00125558
4079.728516   6.18696356   0.00124832
4096.046875   6.18696022   0.00124103
4112.431641   6.18695927   0.00123786
4128.880371   6.18695879   0.00123537
4145.395508   6.18695784   0.00123286
4161.977051   6.18695736   0.00123035
4178.624512   6.18695688   0.00122782
4195.338867   6.18695593   0.00122528
4212.119141   6.18695545   0.00122274
4228.967773   6.18695450   0.00122018
4245.884277   6.18695402   0.00121761
4262.866699   6.18695307   0.00121503
4279.917480   6.18695259   0.00121245
4297.037109   6.18695164   0.00120985
4314.225098   6.18695116   0.00120724
4331.481934   6.18695021   0.00120462
4348.807129   6.18694973   0.00120199
4366.202637   6.18694878   0.00119935
4383.666992   6.18694830   0.00119670
4401.201172   6.18694735   0.00119404
4418.806152   6.18694687   0.00119137
4436.480469   6.18694592   0.00118868
4454.226563   6.18694544   0.00118599
4472.042969   6.18694448   0.00118329
4489.930664   6.18694353   0.00118057
4507.889648   6.18694305   0.00117785
4525.921387   6.18694210   0.00117511
4544.024902   6.18694162   0.00117236
4562.200195   6.18694067   0.00116960
4580.449219   6.18694019   0.00116683
4598.770996   6.18693924   0.00116405
4617.165527   6.18693829   0.00116126
4635.633789   6.18693781   0.00115846
4654.175781   6.18693686   0.00115565
4672.792480   6.18693638   0.00115282
4691.482910   6.18693542   0.00114998
4710.249023   6.18693447   0.00114713
4729.089355   6.18693399   0.00114428
4748.005371   6.18693304   0.00114140
4766.997559   6.18693209   0.00113852
4786.064941   6.18693161   0.00113563
4805.208496   6.18693066   0.00113272
4824.429688   6.18692970   0.00112981
4843.726563   6.18692923   0.00112688
4863.101563   6.18692827   0.00112394
4882.552734   6.18692732   0.00112098
4902.083008   6.18692684   0.00111802
4921.691406   6.18692589   0.00111504
4941.377441   6.18692493   0.00111206
4961.142578   6.18692398   0.00110906
4980.986816   6.18692350   0.00110605
5000.911133   6.18692255   0.00110302
5020.914063   6.18692160   0.00109999
5040.996582   6.18692112   0.00109694
5061.161133   6.18692017   0.00109388
5081.405273   6.18691921   0.00109081
5101.729980   6.18691826   0.00108772
5122.137207   6.18691730   0.00108462
5142.625977   6.18691683   0.00108151
5163.195313   6.18691587   0.00107839
5183.847656   6.18691492   0.00107526
5204.583008   6.18691397   0.00107211
5225.400879   6.18691301   0.00106895
5246.302734   6.18691254   0.00106578
5267.287109   6.18691158   0.00106259
5288.355957   6.18691063   0.00105940
5309.509766   6.18690968   0.00105619
5330.746094   6.18690872   0.00105296
5352.069336   6.18690777   0.00104973
5373.477051   6.18690729   0.00104648
5394.971191   6.18690634   0.00104322
5416.550293   6.18690538   0.00103994
5438.215820   6.18690443   0.00103665
5459.968750   6.18690348   0.00103335
5481.808594   6.18690252   0.00103004
5503.734863   6.18690157   0.00102671
5525.749023   6.18690062   0.00102337
5547.852051   6.18689966   0.00102001
5570.042969   6.18689919   0.00101665
5592.322266   6.18689823   0.00101326
5614.691406   6.18689728   0.00100987
5637.149902   6.18689632   0.00100646
5659.698730   6.18689537   0.00100304
5682.336914   6.18689442   0.00099960
5705.065430   6.18689346   0.00099615
5727.885742   6.18689251   0.00099269
5750.796875   6.18689156   0.00098921
5773.799805   6.18689060   0.00098572
5796.894043   6.18688965   0.00098222
5820.081055   6.18688869   0.00097870
5843.361328   6.18688774   0.00097516
