3.704000 0.000458 
3.704312 0.000459 
3.704624 0.000457 
3.704936 0.000454 
3.705248 0.000448 
3.705560 0.000442 
3.705872 0.000433 
3.706184 0.000424 
3.706496 0.000415 
3.706809 0.000404 
3.707121 0.000394 
3.707433 0.000384 
3.707745 0.000374 
3.708057 0.000365 
3.708369 0.000357 
3.708681 0.000350 
3.708993 0.000344 
3.709305 0.000340 
3.709617 0.000338 
3.709929 0.000338 
3.710241 0.000338 
3.710553 0.000340 
3.710865 0.000343 
3.711177 0.000347 
3.711489 0.000351 
3.711802 0.000356 
3.712114 0.000362 
3.712426 0.000368 
3.712738 0.000373 
3.713050 0.000378 
3.713362 0.000382 
3.713674 0.000385 
3.713986 0.000385 
3.714298 0.000384 
3.714610 0.000380 
3.714922 0.000372 
3.715234 0.000362 
3.715546 0.000348 
3.715858 0.000333 
3.716170 0.000317 
3.716482 0.000302 
3.716795 0.000288 
3.717107 0.000276 
3.717419 0.000268 
3.717731 0.000262 
3.718043 0.000259 
3.718355 0.000259 
3.718667 0.000260 
3.718979 0.000264 
3.719291 0.000270 
3.719603 0.000277 
3.719915 0.000285 
3.720227 0.000295 
3.720539 0.000306 
3.720851 0.000317 
3.721163 0.000329 
3.721475 0.000342 
3.721788 0.000354 
3.722100 0.000367 
3.722412 0.000379 
3.722724 0.000390 
3.723036 0.000401 
3.723348 0.000411 
3.723660 0.000420 
3.723972 0.000429 
3.724284 0.000437 
3.724596 0.000444 
3.724908 0.000450 
3.725220 0.000456 
3.725532 0.000462 
3.725844 0.000467 
3.726156 0.000472 
3.726468 0.000476 
3.726781 0.000481 
3.727093 0.000485 
3.727405 0.000490 
3.727717 0.000495 
3.728029 0.000499 
3.728341 0.000505 
3.728653 0.000510 
3.728965 0.000516 
3.729277 0.000522 
3.729589 0.000527 
3.729901 0.000534 
3.730213 0.000540 
3.730525 0.000546 
3.730837 0.000552 
3.731149 0.000558 
3.731461 0.000564 
3.731774 0.000570 
3.732086 0.000576 
3.732398 0.000582 
3.732710 0.000587 
3.733022 0.000593 
3.733334 0.000599 
3.733646 0.000605 
3.733958 0.000612 
3.734270 0.000618 
3.734582 0.000624 
3.734894 0.000631 
3.735206 0.000637 
3.735518 0.000644 
3.735830 0.000651 
3.736142 0.000658 
3.736454 0.000666 
3.736767 0.000673 
3.737079 0.000679 
3.737391 0.000684 
3.737703 0.000687 
3.738015 0.000689 
3.738327 0.000688 
3.738639 0.000684 
3.738951 0.000677 
3.739263 0.000667 
3.739575 0.000654 
3.739887 0.000639 
3.740199 0.000622 
3.740511 0.000605 
3.740823 0.000589 
3.741135 0.000574 
3.741447 0.000560 
3.741760 0.000549 
3.742072 0.000538 
3.742384 0.000530 
3.742696 0.000523 
3.743008 0.000517 
3.743320 0.000512 
3.743632 0.000509 
3.743944 0.000506 
3.744256 0.000505 
3.744568 0.000504 
3.744880 0.000505 
3.745192 0.000505 
3.745504 0.000506 
3.745816 0.000507 
3.746128 0.000509 
3.746440 0.000510 
3.746753 0.000511 
3.747065 0.000511 
3.747377 0.000511 
3.747689 0.000511 
3.748001 0.000510 
3.748313 0.000510 
3.748625 0.000511 
3.748937 0.000513 
3.749249 0.000515 
3.749561 0.000519 
3.749873 0.000524 
3.750185 0.000531 
3.750497 0.000538 
3.750809 0.000546 
3.751121 0.000555 
3.751433 0.000565 
3.751746 0.000576 
3.752058 0.000588 
3.752370 0.000601 
3.752682 0.000614 
3.752994 0.000627 
3.753306 0.000640 
3.753618 0.000654 
3.753930 0.000666 
3.754242 0.000679 
3.754554 0.000690 
3.754866 0.000701 
3.755178 0.000710 
3.755490 0.000718 
3.755802 0.000724 
3.756114 0.000727 
3.756426 0.000728 
3.756739 0.000726 
3.757051 0.000720 
3.757363 0.000710 
3.757675 0.000697 
3.757987 0.000678 
3.758299 0.000654 
3.758611 0.000627 
3.758923 0.000596 
3.759235 0.000563 
3.759547 0.000529 
3.759859 0.000494 
3.760171 0.000461 
3.760483 0.000428 
3.760795 0.000398 
3.761107 0.000369 
3.761419 0.000342 
3.761732 0.000317 
3.762044 0.000295 
3.762356 0.000275 
3.762668 0.000258 
3.762980 0.000245 
3.763292 0.000235 
3.763604 0.000228 
3.763916 0.000224 
3.764228 0.000223 
3.764540 0.000224 
3.764852 0.000228 
3.765164 0.000235 
3.765476 0.000244 
3.765788 0.000255 
3.766100 0.000267 
3.766412 0.000282 
3.766725 0.000297 
3.767037 0.000313 
3.767349 0.000329 
3.767661 0.000345 
3.767973 0.000360 
3.768285 0.000373 
3.768597 0.000385 
3.768909 0.000395 
3.769221 0.000402 
3.769533 0.000405 
3.769845 0.000405 
3.770157 0.000401 
3.770469 0.000392 
3.770781 0.000379 
3.771093 0.000360 
3.771405 0.000336 
3.771718 0.000308 
3.772030 0.000277 
3.772342 0.000246 
3.772654 0.000214 
3.772966 0.000185 
3.773278 0.000158 
3.773590 0.000135 
3.773902 0.000119 
3.774214 0.000109 
3.774526 0.000106 
3.774838 0.000109 
3.775150 0.000116 
3.775462 0.000127 
3.775774 0.000140 
3.776086 0.000154 
3.776398 0.000169 
3.776711 0.000182 
3.777023 0.000194 
3.777335 0.000202 
3.777647 0.000208 
3.777959 0.000211 
3.778271 0.000213 
3.778583 0.000213 
3.778895 0.000212 
3.779207 0.000210 
3.779519 0.000207 
3.779831 0.000204 
3.780143 0.000200 
3.780455 0.000197 
3.780767 0.000194 
3.781079 0.000191 
3.781391 0.000188 
3.781704 0.000187 
3.782016 0.000186 
3.782328 0.000186 
3.782640 0.000187 
3.782952 0.000190 
3.783264 0.000193 
3.783576 0.000197 
3.783888 0.000201 
3.784200 0.000207 
3.784512 0.000213 
3.784824 0.000220 
3.785136 0.000227 
3.785448 0.000235 
3.785760 0.000244 
3.786072 0.000252 
3.786384 0.000261 
3.786697 0.000270 
3.787009 0.000279 
3.787321 0.000288 
3.787633 0.000296 
3.787945 0.000304 
3.788257 0.000311 
3.788569 0.000317 
3.788881 0.000323 
3.789193 0.000328 
3.789505 0.000332 
3.789817 0.000334 
3.790129 0.000335 
3.790441 0.000335 
3.790753 0.000334 
3.791065 0.000330 
3.791377 0.000325 
3.791690 0.000319 
3.792002 0.000311 
3.792314 0.000302 
3.792626 0.000293 
3.792938 0.000283 
3.793250 0.000273 
3.793562 0.000263 
3.793874 0.000253 
3.794186 0.000243 
3.794498 0.000233 
3.794810 0.000223 
3.795122 0.000213 
3.795434 0.000203 
3.795746 0.000194 
3.796058 0.000184 
3.796370 0.000175 
3.796683 0.000166 
3.796995 0.000158 
3.797307 0.000150 
3.797619 0.000143 
3.797931 0.000136 
3.798243 0.000130 
3.798555 0.000125 
3.798867 0.000121 
3.799179 0.000117 
3.799491 0.000115 
3.799803 0.000114 
3.800115 0.000114 
3.800427 0.000115 
3.800739 0.000119 
3.801051 0.000124 
3.801363 0.000131 
3.801676 0.000140 
3.801988 0.000151 
3.802300 0.000165 
3.802612 0.000181 
3.802924 0.000197 
3.803236 0.000215 
3.803548 0.000232 
3.803860 0.000248 
3.804172 0.000263 
3.804484 0.000276 
3.804796 0.000288 
3.805108 0.000298 
3.805420 0.000306 
3.805732 0.000313 
3.806044 0.000319 
3.806356 0.000322 
3.806669 0.000324 
3.806981 0.000325 
3.807293 0.000324 
3.807605 0.000322 
3.807917 0.000318 
3.808229 0.000313 
3.808541 0.000307 
3.808853 0.000300 
3.809165 0.000292 
3.809477 0.000283 
3.809789 0.000273 
3.810101 0.000262 
3.810413 0.000251 
3.810725 0.000239 
3.811037 0.000225 
3.811349 0.000211 
3.811662 0.000196 
3.811974 0.000179 
3.812286 0.000161 
3.812598 0.000142 
3.812910 0.000121 
3.813222 0.000099 
3.813534 0.000076 
3.813846 0.000054 
3.814158 0.000033 
3.814470 0.000015 
3.814782 0.000001 
3.815094 0.000000 
3.815406 0.000000 
3.815718 0.000000 
3.816030 0.000010 
3.816342 0.000033 
3.816655 0.000065 
3.816967 0.000102 
3.817279 0.000143 
3.817591 0.000186 
3.817903 0.000229 
3.818215 0.000270 
3.818527 0.000308 
3.818839 0.000342 
3.819151 0.000372 
3.819463 0.000397 
3.819775 0.000416 
3.820087 0.000429 
3.820399 0.000436 
3.820711 0.000434 
3.821023 0.000425 
3.821335 0.000407 
3.821648 0.000383 
3.821960 0.000354 
3.822272 0.000323 
3.822584 0.000290 
3.822896 0.000258 
3.823208 0.000229 
3.823520 0.000205 
3.823832 0.000188 
3.824144 0.000179 
3.824456 0.000179 
3.824768 0.000187 
3.825080 0.000201 
3.825392 0.000219 
3.825704 0.000241 
3.826016 0.000265 
3.826328 0.000289 
3.826641 0.000312 
3.826953 0.000333 
3.827265 0.000350 
3.827577 0.000364 
3.827889 0.000375 
3.828201 0.000383 
3.828513 0.000389 
3.828825 0.000394 
3.829137 0.000398 
3.829449 0.000403 
3.829761 0.000407 
3.830073 0.000412 
3.830385 0.000419 
3.830697 0.000425 
3.831009 0.000431 
3.831321 0.000434 
3.831634 0.000434 
3.831946 0.000429 
3.832258 0.000419 
3.832570 0.000403 
3.832882 0.000378 
3.833194 0.000346 
3.833506 0.000306 
3.833818 0.000262 
3.834130 0.000217 
3.834442 0.000174 
3.834754 0.000137 
3.835066 0.000108 
3.835378 0.000089 
3.835690 0.000080 
3.836002 0.000078 
3.836314 0.000083 
3.836627 0.000092 
3.836939 0.000104 
3.837251 0.000117 
3.837563 0.000130 
3.837875 0.000142 
3.838187 0.000151 
3.838499 0.000156 
3.838811 0.000158 
3.839123 0.000158 
3.839435 0.000156 
3.839747 0.000152 
3.840059 0.000148 
3.840371 0.000143 
3.840683 0.000139 
3.840995 0.000135 
3.841307 0.000132 
3.841620 0.000131 
3.841932 0.000130 
3.842244 0.000130 
3.842556 0.000131 
3.842868 0.000132 
3.843180 0.000133 
3.843492 0.000135 
3.843804 0.000136 
3.844116 0.000137 
3.844428 0.000139 
3.844740 0.000140 
3.845052 0.000140 
3.845364 0.000140 
3.845676 0.000140 
3.845988 0.000140 
3.846300 0.000139 
3.846613 0.000137 
3.846925 0.000136 
3.847237 0.000133 
3.847549 0.000130 
3.847861 0.000127 
3.848173 0.000124 
3.848485 0.000120 
3.848797 0.000116 
3.849109 0.000112 
3.849421 0.000108 
3.849733 0.000103 
3.850045 0.000099 
3.850357 0.000096 
3.850669 0.000092 
3.850981 0.000089 
3.851293 0.000087 
3.851606 0.000086 
3.851918 0.000085 
3.852230 0.000086 
3.852542 0.000089 
3.852854 0.000093 
3.853166 0.000098 
3.853478 0.000106 
3.853790 0.000114 
3.854102 0.000124 
3.854414 0.000134 
3.854726 0.000144 
3.855038 0.000153 
3.855350 0.000162 
3.855662 0.000171 
3.855974 0.000179 
3.856286 0.000186 
3.856599 0.000194 
3.856911 0.000201 
3.857223 0.000208 
3.857535 0.000215 
3.857847 0.000222 
3.858159 0.000230 
3.858471 0.000237 
3.858783 0.000245 
3.859095 0.000254 
3.859407 0.000262 
3.859719 0.000271 
3.860031 0.000280 
3.860343 0.000289 
3.860655 0.000298 
3.860967 0.000308 
3.861279 0.000318 
3.861592 0.000328 
3.861904 0.000338 
3.862216 0.000348 
3.862528 0.000358 
3.862840 0.000367 
3.863152 0.000376 
3.863464 0.000384 
3.863776 0.000391 
3.864088 0.000398 
3.864400 0.000403 
3.864712 0.000407 
3.865024 0.000411 
3.865336 0.000413 
3.865648 0.000414 
3.865960 0.000414 
3.866272 0.000414 
3.866585 0.000412 
3.866897 0.000409 
3.867209 0.000405 
3.867521 0.000401 
3.867833 0.000396 
3.868145 0.000390 
3.868457 0.000385 
3.868769 0.000379 
3.869081 0.000373 
3.869393 0.000368 
3.869705 0.000364 
3.870017 0.000360 
3.870329 0.000357 
3.870641 0.000355 
3.870953 0.000355 
3.871265 0.000355 
3.871578 0.000356 
3.871890 0.000358 
3.872202 0.000362 
3.872514 0.000366 
3.872826 0.000372 
3.873138 0.000378 
3.873450 0.000385 
3.873762 0.000394 
3.874074 0.000403 
3.874386 0.000414 
3.874698 0.000425 
3.875010 0.000437 
3.875322 0.000450 
3.875634 0.000464 
3.875946 0.000479 
3.876258 0.000495 
3.876571 0.000511 
3.876883 0.000527 
3.877195 0.000543 
3.877507 0.000557 
3.877819 0.000570 
3.878131 0.000581 
3.878443 0.000590 
3.878755 0.000596 
3.879067 0.000601 
3.879379 0.000605 
3.879691 0.000607 
3.880003 0.000607 
3.880315 0.000608 
3.880627 0.000607 
3.880939 0.000606 
3.881251 0.000605 
3.881564 0.000604 
3.881876 0.000603 
3.882188 0.000603 
3.882500 0.000602 
3.882812 0.000602 
3.883124 0.000602 
3.883436 0.000602 
3.883748 0.000603 
3.884060 0.000604 
3.884372 0.000606 
3.884684 0.000609 
3.884996 0.000612 
3.885308 0.000617 
3.885620 0.000623 
3.885932 0.000629 
3.886244 0.000638 
3.886557 0.000647 
3.886869 0.000659 
3.887181 0.000672 
3.887493 0.000687 
3.887805 0.000703 
3.888117 0.000721 
3.888429 0.000740 
3.888741 0.000760 
3.889053 0.000782 
3.889365 0.000804 
3.889677 0.000827 
3.889989 0.000851 
3.890301 0.000875 
3.890613 0.000900 
3.890925 0.000925 
3.891237 0.000951 
3.891550 0.000976 
3.891862 0.001002 
3.892174 0.001028 
3.892486 0.001054 
3.892798 0.001080 
3.893110 0.001106 
3.893422 0.001132 
3.893734 0.001158 
3.894046 0.001183 
3.894358 0.001209 
3.894670 0.001235 
3.894982 0.001261 
3.895294 0.001287 
3.895606 0.001314 
3.895918 0.001341 
3.896230 0.001368 
3.896543 0.001396 
3.896855 0.001423 
3.897167 0.001451 
3.897479 0.001478 
3.897791 0.001505 
3.898103 0.001532 
3.898415 0.001558 
3.898727 0.001583 
3.899039 0.001607 
3.899351 0.001630 
3.899663 0.001652 
3.899975 0.001673 
3.900287 0.001693 
3.900599 0.001713 
3.900911 0.001731 
3.901223 0.001749 
3.901536 0.001767 
3.901848 0.001784 
3.902160 0.001800 
3.902472 0.001817 
3.902784 0.001833 
3.903096 0.001850 
3.903408 0.001868 
3.903720 0.001886 
3.904032 0.001906 
3.904344 0.001928 
3.904656 0.001951 
3.904968 0.001977 
3.905280 0.002006 
3.905592 0.002037 
3.905904 0.002070 
3.906216 0.002105 
3.906529 0.002143 
3.906841 0.002183 
3.907153 0.002224 
3.907465 0.002268 
3.907777 0.002313 
3.908089 0.002359 
3.908401 0.002407 
3.908713 0.002457 
3.909025 0.002507 
3.909337 0.002559 
3.909649 0.002612 
3.909961 0.002667 
3.910273 0.002722 
3.910585 0.002778 
3.910897 0.002835 
3.911209 0.002893 
3.911522 0.002951 
3.911834 0.003010 
3.912146 0.003069 
3.912458 0.003128 
3.912770 0.003187 
3.913082 0.003245 
3.913394 0.003301 
3.913706 0.003357 
3.914018 0.003411 
3.914330 0.003464 
3.914642 0.003516 
3.914954 0.003568 
3.915266 0.003622 
3.915578 0.003679 
3.915890 0.003740 
3.916202 0.003805 
3.916515 0.003876 
3.916827 0.003954 
3.917139 0.004040 
3.917451 0.004134 
3.917763 0.004232 
3.918075 0.004333 
3.918387 0.004433 
3.918699 0.004531 
3.919011 0.004624 
3.919323 0.004710 
3.919635 0.004789 
3.919947 0.004863 
3.920259 0.004933 
3.920571 0.005001 
3.920883 0.005067 
3.921195 0.005133 
3.921508 0.005201 
3.921820 0.005270 
3.922132 0.005343 
3.922444 0.005421 
3.922756 0.005502 
3.923068 0.005587 
3.923380 0.005676 
3.923692 0.005767 
3.924004 0.005862 
3.924316 0.005959 
3.924628 0.006058 
3.924940 0.006159 
3.925252 0.006262 
3.925564 0.006367 
3.925876 0.006473 
3.926188 0.006581 
3.926501 0.006690 
3.926813 0.006801 
3.927125 0.006913 
3.927437 0.007026 
3.927749 0.007141 
3.928061 0.007258 
3.928373 0.007375 
3.928685 0.007494 
3.928997 0.007614 
3.929309 0.007735 
3.929621 0.007857 
3.929933 0.007980 
3.930245 0.008103 
3.930557 0.008227 
3.930869 0.008351 
3.931181 0.008475 
3.931493 0.008600 
3.931806 0.008726 
3.932118 0.008853 
3.932430 0.008980 
3.932742 0.009109 
3.933054 0.009239 
3.933366 0.009371 
3.933678 0.009505 
3.933990 0.009642 
3.934302 0.009780 
3.934614 0.009921 
3.934926 0.010065 
3.935238 0.010211 
3.935550 0.010360 
3.935862 0.010511 
3.936174 0.010666 
3.936486 0.010824 
3.936799 0.010985 
3.937111 0.011148 
3.937423 0.011316 
3.937735 0.011485 
3.938047 0.011658 
3.938359 0.011832 
3.938671 0.012008 
3.938983 0.012186 
3.939295 0.012364 
3.939607 0.012544 
3.939919 0.012723 
3.940231 0.012903 
3.940543 0.013083 
3.940855 0.013263 
3.941167 0.013445 
3.941479 0.013627 
3.941792 0.013810 
3.942104 0.013996 
3.942416 0.014183 
3.942728 0.014372 
3.943040 0.014565 
3.943352 0.014760 
3.943664 0.014958 
3.943976 0.015160 
3.944288 0.015365 
3.944600 0.015575 
3.944912 0.015788 
3.945224 0.016006 
3.945536 0.016229 
3.945848 0.016457 
3.946160 0.016691 
3.946472 0.016929 
3.946785 0.017173 
3.947097 0.017421 
3.947409 0.017674 
3.947721 0.017930 
3.948033 0.018191 
3.948345 0.018455 
3.948657 0.018723 
3.948969 0.018993 
3.949281 0.019266 
3.949593 0.019542 
3.949905 0.019821 
3.950217 0.020103 
3.950529 0.020389 
3.950841 0.020678 
3.951153 0.020972 
3.951465 0.021270 
3.951778 0.021572 
3.952090 0.021879 
3.952402 0.022190 
3.952714 0.022506 
3.953026 0.022827 
3.953338 0.023153 
3.953650 0.023483 
3.953962 0.023817 
3.954274 0.024156 
3.954586 0.024499 
3.954898 0.024846 
3.955210 0.025197 
3.955522 0.025552 
3.955834 0.025912 
3.956146 0.026277 
3.956458 0.026647 
3.956771 0.027022 
3.957083 0.027403 
3.957395 0.027791 
3.957707 0.028184 
3.958019 0.028584 
3.958331 0.028991 
3.958643 0.029406 
3.958955 0.029828 
3.959267 0.030258 
3.959579 0.030697 
3.959891 0.031144 
3.960203 0.031601 
3.960515 0.032067 
3.960827 0.032542 
3.961139 0.033028 
3.961451 0.033524 
3.961764 0.034030 
3.962076 0.034543 
3.962388 0.035065 
3.962700 0.035594 
3.963012 0.036130 
3.963324 0.036671 
3.963636 0.037217 
3.963948 0.037768 
3.964260 0.038322 
3.964572 0.038882 
3.964884 0.039450 
3.965196 0.040027 
3.965508 0.040616 
3.965820 0.041220 
3.966132 0.041840 
3.966444 0.042479 
3.966757 0.043139 
3.967069 0.043822 
3.967381 0.044529 
3.967693 0.045253 
3.968005 0.045989 
3.968317 0.046732 
3.968629 0.047476 
3.968941 0.048215 
3.969253 0.048944 
3.969565 0.049656 
3.969877 0.050346 
3.970189 0.051008 
3.970501 0.051646 
3.970813 0.052265 
3.971125 0.052872 
3.971437 0.053476 
3.971750 0.054083 
3.972062 0.054700 
3.972374 0.055335 
3.972686 0.055995 
3.972998 0.056686 
3.973310 0.057418 
3.973622 0.058195 
3.973934 0.059027 
3.974246 0.059918 
3.974558 0.060867 
3.974870 0.061869 
3.975182 0.062917 
3.975494 0.064006 
3.975806 0.065131 
3.976118 0.066286 
3.976430 0.067465 
3.976743 0.068662 
3.977055 0.069872 
3.977367 0.071092 
3.977679 0.072323 
3.977991 0.073566 
3.978303 0.074823 
3.978615 0.076098 
3.978927 0.077391 
3.979239 0.078705 
3.979551 0.080042 
3.979863 0.081404 
3.980175 0.082793 
3.980487 0.084210 
3.980799 0.085654 
3.981111 0.087125 
3.981423 0.088624 
3.981736 0.090149 
3.982048 0.091701 
3.982360 0.093280 
3.982672 0.094884 
3.982984 0.096515 
3.983296 0.098171 
3.983608 0.099854 
3.983920 0.101564 
3.984232 0.103301 
3.984544 0.105067 
3.984856 0.106862 
3.985168 0.108687 
3.985480 0.110542 
3.985792 0.112428 
3.986104 0.114345 
3.986416 0.116295 
3.986729 0.118277 
3.987041 0.120292 
3.987353 0.122340 
3.987665 0.124421 
3.987977 0.126534 
3.988289 0.128681 
3.988601 0.130862 
3.988913 0.133076 
3.989225 0.135325 
3.989537 0.137606 
3.989849 0.139919 
3.990161 0.142261 
3.990473 0.144633 
3.990785 0.147031 
3.991097 0.149456 
3.991409 0.151905 
3.991722 0.154376 
3.992034 0.156869 
3.992346 0.159383 
3.992658 0.161918 
3.992970 0.164475 
3.993282 0.167055 
3.993594 0.169658 
3.993906 0.172285 
3.994218 0.174938 
3.994530 0.177616 
3.994842 0.180321 
3.995154 0.183054 
3.995466 0.185814 
3.995778 0.188600 
3.996090 0.191412 
3.996402 0.194248 
3.996715 0.197106 
3.997027 0.199987 
3.997339 0.202888 
3.997651 0.205809 
3.997963 0.208748 
3.998275 0.211705 
3.998587 0.214677 
3.998899 0.217662 
3.999211 0.220656 
3.999523 0.223659 
3.999835 0.226667 
4.000147 0.229678 
4.000459 0.232689 
4.000771 0.235698 
4.001083 0.238703 
4.001395 0.241701 
4.001708 0.244692 
4.002020 0.247676 
4.002332 0.250651 
4.002644 0.253618 
4.002956 0.256576 
4.003268 0.259524 
4.003580 0.262462 
4.003892 0.265389 
4.004204 0.268305 
4.004516 0.271211 
4.004828 0.274108 
4.005140 0.276999 
4.005452 0.279886 
4.005764 0.282769 
4.006076 0.285653 
4.006388 0.288537 
4.006701 0.291424 
4.007013 0.294317 
4.007325 0.297213 
4.007637 0.300099 
4.007949 0.302957 
4.008261 0.305773 
4.008573 0.308528 
4.008885 0.311207 
4.009197 0.313792 
4.009509 0.316268 
4.009821 0.318617 
4.010133 0.320824 
4.010445 0.322887 
4.010757 0.324825 
4.011069 0.326656 
4.011381 0.328399 
4.011694 0.330072 
4.012006 0.331695 
4.012318 0.333285 
4.012630 0.334862 
4.012942 0.336444 
4.013254 0.338051 
4.013566 0.339700 
4.013878 0.341410 
4.014190 0.343200 
4.014502 0.345065 
4.014814 0.346986 
4.015126 0.348944 
4.015438 0.350920 
4.015750 0.352895 
4.016062 0.354849 
4.016374 0.356763 
4.016687 0.358617 
4.016999 0.360392 
4.017311 0.362074 
4.017623 0.363666 
4.017935 0.365176 
4.018247 0.366612 
4.018559 0.367983 
4.018871 0.369296 
4.019183 0.370561 
4.019495 0.371785 
4.019807 0.372976 
4.020119 0.374143 
4.020431 0.375290 
4.020743 0.376416 
4.021055 0.377519 
4.021367 0.378598 
4.021680 0.379652 
4.021992 0.380680 
4.022304 0.381679 
4.022616 0.382648 
4.022928 0.383587 
4.023240 0.384494 
4.023552 0.385367 
4.023864 0.386205 
4.024176 0.387007 
4.024488 0.387771 
4.024800 0.388497 
4.025112 0.389182 
4.025424 0.389826 
4.025736 0.390427 
4.026048 0.390983 
4.026360 0.391496 
4.026673 0.391965 
4.026985 0.392393 
4.027297 0.392782 
4.027609 0.393134 
4.027921 0.393450 
4.028233 0.393733 
4.028545 0.393985 
4.028857 0.394207 
4.029169 0.394402 
4.029481 0.394571 
4.029793 0.394715 
4.030105 0.394834 
4.030417 0.394931 
4.030729 0.395005 
4.031041 0.395058 
4.031353 0.395091 
4.031666 0.395105 
4.031978 0.395101 
4.032290 0.395080 
4.032602 0.395045 
4.032914 0.395000 
4.033226 0.394948 
4.033538 0.394893 
4.033850 0.394839 
4.034162 0.394788 
4.034474 0.394745 
4.034786 0.394714 
4.035098 0.394696 
4.035410 0.394695 
4.035722 0.394705 
4.036034 0.394722 
4.036346 0.394744 
4.036659 0.394765 
4.036971 0.394781 
4.037283 0.394789 
4.037595 0.394785 
4.037907 0.394764 
4.038219 0.394722 
4.038531 0.394655 
4.038843 0.394560 
4.039155 0.394432 
4.039467 0.394270 
4.039779 0.394077 
4.040091 0.393855 
4.040403 0.393606 
4.040715 0.393333 
4.041027 0.393037 
4.041339 0.392722 
4.041652 0.392389 
4.041964 0.392041 
4.042276 0.391681 
4.042588 0.391309 
4.042900 0.390929 
4.043212 0.390542 
4.043524 0.390151 
4.043836 0.389757 
4.044148 0.389362 
4.044460 0.388970 
4.044772 0.388581 
4.045084 0.388197 
4.045396 0.387820 
4.045708 0.387447 
4.046020 0.387076 
4.046332 0.386704 
4.046645 0.386328 
4.046957 0.385947 
4.047269 0.385558 
4.047581 0.385158 
4.047893 0.384745 
4.048205 0.384317 
4.048517 0.383874 
4.048829 0.383421 
4.049141 0.382958 
4.049453 0.382491 
4.049765 0.382021 
4.050077 0.381552 
4.050389 0.381087 
4.050701 0.380629 
4.051013 0.380181 
4.051325 0.379745 
4.051638 0.379320 
4.051950 0.378905 
4.052262 0.378498 
4.052574 0.378097 
4.052886 0.377701 
4.053198 0.377308 
4.053510 0.376916 
4.053822 0.376524 
4.054134 0.376131 
4.054446 0.375735 
4.054758 0.375339 
4.055070 0.374943 
4.055382 0.374550 
4.055694 0.374160 
4.056006 0.373775 
4.056318 0.373397 
4.056631 0.373026 
4.056943 0.372665 
4.057255 0.372315 
4.057567 0.371973 
4.057879 0.371638 
4.058191 0.371307 
4.058503 0.370977 
4.058815 0.370647 
4.059127 0.370313 
4.059439 0.369973 
4.059751 0.369625 
4.060063 0.369267 
4.060375 0.368895 
4.060687 0.368507 
4.060999 0.368101 
4.061311 0.367675 
4.061624 0.367231 
4.061936 0.366771 
4.062248 0.366297 
4.062560 0.365813 
4.062872 0.365319 
4.063184 0.364819 
4.063496 0.364316 
4.063808 0.363811 
4.064120 0.363306 
4.064432 0.362804 
4.064744 0.362305 
4.065056 0.361809 
4.065368 0.361316 
4.065680 0.360826 
4.065992 0.360340 
4.066304 0.359858 
4.066617 0.359381 
4.066929 0.358908 
4.067241 0.358439 
4.067553 0.357976 
4.067865 0.357517 
4.068177 0.357063 
4.068489 0.356614 
4.068801 0.356169 
4.069113 0.355728 
4.069425 0.355292 
4.069737 0.354860 
4.070049 0.354433 
4.070361 0.354010 
4.070673 0.353593 
4.070985 0.353183 
4.071297 0.352781 
4.071610 0.352390 
4.071922 0.352009 
4.072234 0.351641 
4.072546 0.351288 
4.072858 0.350949 
4.073170 0.350627 
4.073482 0.350320 
4.073794 0.350025 
4.074106 0.349739 
4.074418 0.349459 
4.074730 0.349180 
4.075042 0.348900 
4.075354 0.348615 
4.075666 0.348322 
4.075978 0.348018 
4.076290 0.347699 
4.076603 0.347361 
4.076915 0.347002 
4.077227 0.346619 
4.077539 0.346213 
4.077851 0.345789 
4.078163 0.345350 
4.078475 0.344901 
4.078787 0.344446 
4.079099 0.343989 
4.079411 0.343535 
4.079723 0.343088 
4.080035 0.342651 
4.080347 0.342229 
4.080659 0.341822 
4.080971 0.341428 
4.081283 0.341048 
4.081596 0.340683 
4.081908 0.340330 
4.082220 0.339991 
4.082532 0.339665 
4.082844 0.339352 
4.083156 0.339051 
4.083468 0.338762 
4.083780 0.338482 
4.084092 0.338210 
4.084404 0.337944 
4.084716 0.337681 
4.085028 0.337421 
4.085340 0.337160 
4.085652 0.336897 
4.085964 0.336631 
4.086276 0.336359 
4.086589 0.336083 
4.086901 0.335806 
4.087213 0.335530 
4.087525 0.335258 
4.087837 0.334993 
4.088149 0.334736 
4.088461 0.334490 
4.088773 0.334258 
4.089085 0.334043 
4.089397 0.333845 
4.089709 0.333663 
4.090021 0.333494 
4.090333 0.333338 
4.090645 0.333191 
4.090957 0.333052 
4.091269 0.332919 
4.091582 0.332790 
4.091894 0.332663 
4.092206 0.332536 
4.092518 0.332407 
4.092830 0.332275 
4.093142 0.332136 
4.093454 0.331992 
4.093766 0.331842 
4.094078 0.331687 
4.094390 0.331529 
4.094702 0.331369 
4.095014 0.331208 
4.095326 0.331046 
4.095638 0.330885 
4.095950 0.330725 
4.096262 0.330568 
4.096575 0.330417 
4.096887 0.330273 
4.097199 0.330139 
4.097511 0.330018 
4.097823 0.329912 
4.098135 0.329825 
4.098447 0.329759 
4.098759 0.329716 
4.099071 0.329699 
4.099383 0.329708 
4.099695 0.329741 
4.100007 0.329792 
4.100319 0.329859 
4.100631 0.329936 
4.100943 0.330020 
4.101255 0.330107 
4.101568 0.330192 
4.101880 0.330272 
4.102192 0.330342 
4.102504 0.330402 
4.102816 0.330453 
4.103128 0.330495 
4.103440 0.330531 
4.103752 0.330560 
4.104064 0.330585 
4.104376 0.330606 
4.104688 0.330624 
4.105000 0.330641 
4.105312 0.330658 
4.105624 0.330676 
4.105936 0.330696 
4.106248 0.330718 
4.106561 0.330745 
4.106873 0.330775 
4.107185 0.330809 
4.107497 0.330847 
4.107809 0.330890 
4.108121 0.330938 
4.108433 0.330991 
4.108745 0.331049 
4.109057 0.331112 
4.109369 0.331181 
4.109681 0.331256 
4.109993 0.331337 
4.110305 0.331423 
4.110617 0.331516 
4.110929 0.331615 
4.111241 0.331720 
4.111554 0.331830 
4.111866 0.331948 
4.112178 0.332071 
4.112490 0.332201 
4.112802 0.332339 
4.113114 0.332486 
4.113426 0.332642 
4.113738 0.332807 
4.114050 0.332984 
4.114362 0.333173 
4.114674 0.333375 
4.114986 0.333590 
4.115298 0.333820 
4.115610 0.334064 
4.115922 0.334323 
4.116234 0.334596 
4.116547 0.334885 
4.116859 0.335189 
4.117171 0.335509 
4.117483 0.335844 
4.117795 0.336195 
4.118107 0.336561 
4.118419 0.336944 
4.118731 0.337343 
4.119043 0.337758 
4.119355 0.338189 
4.119667 0.338630 
4.119979 0.339078 
4.120291 0.339527 
4.120603 0.339973 
4.120915 0.340411 
4.121227 0.340835 
4.121540 0.341242 
4.121852 0.341627 
4.122164 0.341984 
4.122476 0.342313 
4.122788 0.342620 
4.123100 0.342908 
4.123412 0.343181 
4.123724 0.343443 
4.124036 0.343700 
4.124348 0.343955 
4.124660 0.344212 
4.124972 0.344476 
4.125284 0.344751 
4.125596 0.345037 
4.125908 0.345336 
4.126220 0.345648 
4.126533 0.345974 
4.126845 0.346314 
4.127157 0.346669 
4.127469 0.347039 
4.127781 0.347426 
4.128093 0.347829 
4.128405 0.348249 
4.128717 0.348687 
4.129029 0.349143 
4.129341 0.349618 
4.129653 0.350109 
4.129965 0.350615 
4.130277 0.351132 
4.130589 0.351659 
4.130901 0.352193 
4.131213 0.352733 
4.131526 0.353275 
4.131838 0.353818 
4.132150 0.354359 
4.132462 0.354899 
4.132774 0.355439 
4.133086 0.355982 
4.133398 0.356529 
4.133710 0.357084 
4.134022 0.357648 
4.134334 0.358223 
4.134646 0.358813 
4.134958 0.359418 
4.135270 0.360040 
4.135582 0.360676 
4.135894 0.361321 
4.136206 0.361970 
4.136519 0.362616 
4.136831 0.363256 
4.137143 0.363883 
4.137455 0.364493 
4.137767 0.365079 
4.138079 0.365638 
4.138391 0.366167 
4.138703 0.366671 
4.139015 0.367154 
4.139327 0.367623 
4.139639 0.368082 
4.139951 0.368537 
4.140263 0.368994 
4.140575 0.369457 
4.140887 0.369931 
4.141199 0.370423 
4.141512 0.370937 
4.141824 0.371479 
4.142136 0.372054 
4.142448 0.372664 
4.142760 0.373306 
4.143072 0.373980 
4.143384 0.374682 
4.143696 0.375411 
4.144008 0.376165 
4.144320 0.376941 
4.144632 0.377738 
4.144944 0.378553 
4.145256 0.379383 
4.145568 0.380225 
4.145880 0.381072 
4.146192 0.381917 
4.146505 0.382757 
4.146817 0.383583 
4.147129 0.384391 
4.147441 0.385175 
4.147753 0.385928 
4.148065 0.386646 
4.148377 0.387325 
4.148689 0.387971 
4.149001 0.388591 
4.149313 0.389193 
4.149625 0.389783 
4.149937 0.390368 
4.150249 0.390954 
4.150561 0.391549 
4.150873 0.392160 
4.151185 0.392793 
4.151497 0.393455 
4.151810 0.394153 
4.152122 0.394894 
4.152434 0.395680 
4.152746 0.396503 
4.153058 0.397358 
4.153370 0.398239 
4.153682 0.399139 
4.153994 0.400051 
4.154306 0.400969 
4.154618 0.401887 
4.154930 0.402798 
4.155242 0.403696 
4.155554 0.404577 
4.155866 0.405437 
4.156178 0.406273 
4.156490 0.407082 
4.156803 0.407860 
4.157115 0.408604 
4.157427 0.409310 
4.157739 0.409976 
4.158051 0.410598 
4.158363 0.411175 
4.158675 0.411713 
4.158987 0.412217 
4.159299 0.412696 
4.159611 0.413154 
4.159923 0.413600 
4.160235 0.414038 
4.160547 0.414476 
4.160859 0.414920 
4.161171 0.415377 
4.161483 0.415853 
4.161796 0.416354 
4.162108 0.416888 
4.162420 0.417457 
4.162732 0.418059 
4.163044 0.418691 
4.163356 0.419352 
4.163668 0.420039 
4.163980 0.420748 
4.164292 0.421479 
4.164604 0.422228 
4.164916 0.422992 
4.165228 0.423770 
4.165540 0.424556 
4.165852 0.425346 
4.166164 0.426132 
4.166476 0.426910 
4.166789 0.427674 
4.167101 0.428418 
4.167413 0.429137 
4.167725 0.429824 
4.168037 0.430475 
4.168349 0.431085 
4.168661 0.431660 
4.168973 0.432204 
4.169285 0.432723 
4.169597 0.433223 
4.169909 0.433708 
4.170221 0.434185 
4.170533 0.434658 
4.170845 0.435134 
4.171157 0.435616 
4.171469 0.436112 
4.171782 0.436626 
4.172094 0.437164 
4.172406 0.437728 
4.172718 0.438314 
4.173030 0.438918 
4.173342 0.439536 
4.173654 0.440165 
4.173966 0.440800 
4.174278 0.441438 
4.174590 0.442074 
4.174902 0.442704 
4.175214 0.443325 
4.175526 0.443934 
4.175838 0.444530 
4.176150 0.445112 
4.176462 0.445678 
4.176775 0.446228 
4.177087 0.446759 
4.177399 0.447272 
4.177711 0.447763 
4.178023 0.448234 
4.178335 0.448682 
4.178647 0.449111 
4.178959 0.449526 
4.179271 0.449930 
4.179583 0.450327 
4.179895 0.450722 
4.180207 0.451117 
4.180519 0.451517 
4.180831 0.451925 
4.181143 0.452347 
4.181455 0.452784 
4.181768 0.453243 
4.182080 0.453726 
4.182392 0.454233 
4.182704 0.454760 
4.183016 0.455300 
4.183328 0.455846 
4.183640 0.456391 
4.183952 0.456929 
4.184264 0.457454 
4.184576 0.457958 
4.184888 0.458436 
4.185200 0.458882 
4.185512 0.459296 
4.185824 0.459685 
4.186136 0.460054 
4.186448 0.460410 
4.186761 0.460759 
4.187073 0.461107 
4.187385 0.461460 
4.187697 0.461824 
4.188009 0.462205 
4.188321 0.462609 
4.188633 0.463044 
4.188945 0.463513 
4.189257 0.464023 
4.189569 0.464568 
4.189881 0.465139 
4.190193 0.465727 
4.190505 0.466323 
4.190817 0.466917 
4.191129 0.467502 
4.191441 0.468066 
4.191754 0.468603 
4.192066 0.469101 
4.192378 0.469556 
4.192690 0.469970 
4.193002 0.470345 
4.193314 0.470683 
4.193626 0.470988 
4.193938 0.471262 
4.194250 0.471508 
4.194562 0.471728 
4.194874 0.471926 
4.195186 0.472104 
4.195498 0.472265 
4.195810 0.472414 
4.196122 0.472556 
4.196434 0.472695 
4.196747 0.472836 
4.197059 0.472982 
4.197371 0.473139 
4.197683 0.473311 
4.197995 0.473501 
4.198307 0.473716 
4.198619 0.473959 
4.198931 0.474234 
4.199243 0.474546 
4.199555 0.474890 
4.199867 0.475259 
4.200179 0.475647 
4.200491 0.476046 
4.200803 0.476448 
4.201115 0.476848 
4.201427 0.477237 
4.201740 0.477608 
4.202052 0.477955 
4.202364 0.478273 
4.202676 0.478564 
4.202988 0.478829 
4.203300 0.479074 
4.203612 0.479299 
4.203924 0.479508 
4.204236 0.479705 
4.204548 0.479890 
4.204860 0.480068 
4.205172 0.480242 
4.205484 0.480413 
4.205796 0.480586 
4.206108 0.480762 
4.206420 0.480943 
4.206733 0.481130 
4.207045 0.481321 
4.207357 0.481516 
4.207669 0.481715 
4.207981 0.481918 
4.208293 0.482124 
4.208605 0.482332 
4.208917 0.482544 
4.209229 0.482756 
4.209541 0.482970 
4.209853 0.483181 
4.210165 0.483388 
4.210477 0.483588 
4.210789 0.483780 
4.211101 0.483961 
4.211413 0.484128 
4.211726 0.484281 
4.212038 0.484415 
4.212350 0.484531 
4.212662 0.484631 
4.212974 0.484718 
4.213286 0.484794 
4.213598 0.484864 
4.213910 0.484930 
4.214222 0.484995 
4.214534 0.485062 
4.214846 0.485135 
4.215158 0.485216 
4.215470 0.485308 
4.215782 0.485415 
4.216094 0.485540 
4.216406 0.485683 
4.216719 0.485841 
4.217031 0.486010 
4.217343 0.486186 
4.217655 0.486367 
4.217967 0.486548 
4.218279 0.486725 
4.218591 0.486895 
4.218903 0.487053 
4.219215 0.487198 
4.219527 0.487327 
4.219839 0.487440 
4.220151 0.487539 
4.220463 0.487623 
4.220775 0.487692 
4.221087 0.487748 
4.221399 0.487790 
4.221712 0.487818 
4.222024 0.487833 
4.222336 0.487836 
4.222648 0.487826 
4.222960 0.487804 
4.223272 0.487770 
4.223584 0.487726 
4.223896 0.487675 
4.224208 0.487618 
4.224520 0.487559 
4.224832 0.487498 
4.225144 0.487438 
4.225456 0.487382 
4.225768 0.487332 
4.226080 0.487290 
4.226392 0.487257 
4.226705 0.487232 
4.227017 0.487213 
4.227329 0.487199 
4.227641 0.487190 
4.227953 0.487182 
4.228265 0.487176 
4.228577 0.487170 
4.228889 0.487162 
4.229201 0.487151 
4.229513 0.487136 
4.229825 0.487115 
4.230137 0.487087 
4.230449 0.487051 
4.230761 0.487008 
4.231073 0.486957 
4.231385 0.486900 
4.231698 0.486836 
4.232010 0.486765 
4.232322 0.486688 
4.232634 0.486605 
4.232946 0.486516 
4.233258 0.486422 
4.233570 0.486325 
4.233882 0.486227 
4.234194 0.486133 
4.234506 0.486045 
4.234818 0.485965 
4.235130 0.485898 
4.235442 0.485846 
4.235754 0.485812 
4.236066 0.485799 
4.236378 0.485808 
4.236691 0.485836 
4.237003 0.485878 
4.237315 0.485930 
4.237627 0.485989 
4.237939 0.486049 
4.238251 0.486107 
4.238563 0.486159 
4.238875 0.486201 
4.239187 0.486228 
4.239499 0.486236 
4.239811 0.486222 
4.240123 0.486180 
4.240435 0.486111 
4.240747 0.486016 
4.241059 0.485897 
4.241371 0.485758 
4.241684 0.485602 
4.241996 0.485429 
4.242308 0.485244 
4.242620 0.485048 
4.242932 0.484845 
4.243244 0.484637 
4.243556 0.484423 
4.243868 0.484204 
4.244180 0.483980 
4.244492 0.483749 
4.244804 0.483511 
4.245116 0.483265 
4.245428 0.483012 
4.245740 0.482751 
4.246052 0.482480 
4.246364 0.482201 
4.246677 0.481911 
4.246989 0.481611 
4.247301 0.481301 
4.247613 0.480984 
4.247925 0.480663 
4.248237 0.480341 
4.248549 0.480024 
4.248861 0.479713 
4.249173 0.479414 
4.249485 0.479129 
4.249797 0.478862 
4.250109 0.478617 
4.250421 0.478394 
4.250733 0.478192 
4.251045 0.478007 
4.251357 0.477835 
4.251670 0.477674 
4.251982 0.477520 
4.252294 0.477371 
4.252606 0.477224 
4.252918 0.477074 
4.253230 0.476920 
4.253542 0.476758 
4.253854 0.476586 
4.254166 0.476399 
4.254478 0.476198 
4.254790 0.475986 
4.255102 0.475766 
4.255414 0.475539 
4.255726 0.475310 
4.256038 0.475080 
4.256350 0.474853 
4.256663 0.474631 
4.256975 0.474417 
4.257287 0.474213 
4.257599 0.474018 
4.257911 0.473829 
4.258223 0.473644 
4.258535 0.473461 
4.258847 0.473277 
4.259159 0.473091 
4.259471 0.472898 
4.259783 0.472698 
4.260095 0.472488 
4.260407 0.472266 
4.260719 0.472028 
4.261031 0.471774 
4.261343 0.471501 
4.261656 0.471215 
4.261968 0.470922 
4.262280 0.470626 
4.262592 0.470333 
4.262904 0.470049 
4.263216 0.469779 
4.263528 0.469529 
4.263840 0.469304 
4.264152 0.469109 
4.264464 0.468946 
4.264776 0.468809 
4.265088 0.468693 
4.265400 0.468595 
4.265712 0.468509 
4.266024 0.468430 
4.266336 0.468354 
4.266649 0.468276 
4.266961 0.468191 
4.267273 0.468095 
4.267585 0.467983 
4.267897 0.467850 
4.268209 0.467691 
4.268521 0.467507 
4.268833 0.467301 
4.269145 0.467075 
4.269457 0.466834 
4.269769 0.466579 
4.270081 0.466313 
4.270393 0.466040 
4.270705 0.465763 
4.271017 0.465484 
4.271329 0.465207 
4.271642 0.464933 
4.271954 0.464665 
4.272266 0.464403 
4.272578 0.464151 
4.272890 0.463909 
4.273202 0.463680 
4.273514 0.463465 
4.273826 0.463267 
4.274138 0.463087 
4.274450 0.462927 
4.274762 0.462789 
4.275074 0.462675 
4.275386 0.462585 
4.275698 0.462517 
4.276010 0.462467 
4.276322 0.462433 
4.276635 0.462412 
4.276947 0.462401 
4.277259 0.462397 
4.277571 0.462398 
4.277883 0.462400 
4.278195 0.462400 
4.278507 0.462397 
4.278819 0.462391 
4.279131 0.462381 
4.279443 0.462366 
4.279755 0.462346 
4.280067 0.462321 
4.280379 0.462289 
4.280691 0.462250 
4.281003 0.462204 
4.281315 0.462149 
4.281628 0.462087 
4.281940 0.462015 
4.282252 0.461934 
4.282564 0.461844 
4.282876 0.461748 
4.283188 0.461647 
4.283500 0.461543 
4.283812 0.461437 
4.284124 0.461332 
4.284436 0.461228 
4.284748 0.461128 
4.285060 0.461034 
4.285372 0.460947 
4.285684 0.460869 
4.285996 0.460801 
4.286308 0.460745 
4.286621 0.460699 
4.286933 0.460662 
4.287245 0.460632 
4.287557 0.460607 
4.287869 0.460584 
4.288181 0.460563 
4.288493 0.460541 
4.288805 0.460517 
4.289117 0.460489 
4.289429 0.460456 
4.289741 0.460423 
4.290053 0.460392 
4.290365 0.460368 
4.290677 0.460354 
4.290989 0.460353 
4.291301 0.460368 
4.291614 0.460404 
4.291926 0.460464 
4.292238 0.460551 
4.292550 0.460669 
4.292862 0.460821 
4.293174 0.461010 
4.293486 0.461235 
4.293798 0.461489 
4.294110 0.461764 
4.294422 0.462054 
4.294734 0.462352 
4.295046 0.462651 
4.295358 0.462945 
4.295670 0.463225 
4.295982 0.463486 
4.296294 0.463722 
4.296607 0.463934 
4.296919 0.464126 
4.297231 0.464302 
4.297543 0.464465 
4.297855 0.464618 
4.298167 0.464766 
4.298479 0.464911 
4.298791 0.465057 
4.299103 0.465208 
4.299415 0.465367 
4.299727 0.465538 
4.300039 0.465724 
4.300351 0.465928 
4.300663 0.466147 
4.300975 0.466379 
4.301287 0.466620 
4.301600 0.466869 
4.301912 0.467122 
4.302224 0.467377 
4.302536 0.467630 
4.302848 0.467880 
4.303160 0.468124 
4.303472 0.468360 
4.303784 0.468589 
4.304096 0.468812 
4.304408 0.469029 
4.304720 0.469241 
4.305032 0.469449 
4.305344 0.469653 
4.305656 0.469854 
4.305968 0.470053 
4.306280 0.470250 
4.306593 0.470445 
4.306905 0.470640 
4.307217 0.470835 
4.307529 0.471031 
4.307841 0.471227 
4.308153 0.471423 
4.308465 0.471620 
4.308777 0.471817 
4.309089 0.472016 
4.309401 0.472215 
4.309713 0.472415 
4.310025 0.472616 
4.310337 0.472819 
4.310649 0.473022 
4.310961 0.473227 
4.311273 0.473433 
4.311586 0.473641 
4.311898 0.473850 
4.312210 0.474060 
4.312522 0.474272 
4.312834 0.474486 
4.313146 0.474701 
4.313458 0.474919 
4.313770 0.475137 
4.314082 0.475358 
4.314394 0.475581 
4.314706 0.475806 
4.315018 0.476034 
4.315330 0.476264 
4.315642 0.476498 
4.315954 0.476735 
4.316266 0.476977 
4.316579 0.477222 
4.316891 0.477472 
4.317203 0.477726 
4.317515 0.477986 
4.317827 0.478251 
4.318139 0.478521 
4.318451 0.478797 
4.318763 0.479075 
4.319075 0.479355 
4.319387 0.479635 
4.319699 0.479912 
4.320011 0.480184 
4.320323 0.480451 
4.320635 0.480710 
4.320947 0.480959 
4.321259 0.481197 
4.321572 0.481424 
4.321884 0.481644 
4.322196 0.481856 
4.322508 0.482065 
4.322820 0.482270 
4.323132 0.482476 
4.323444 0.482682 
4.323756 0.482892 
4.324068 0.483107 
4.324380 0.483329 
4.324692 0.483561 
4.325004 0.483803 
4.325316 0.484058 
4.325628 0.484323 
4.325940 0.484596 
4.326252 0.484874 
4.326565 0.485154 
4.326877 0.485434 
4.327189 0.485712 
4.327501 0.485983 
4.327813 0.486247 
4.328125 0.486500 
4.328437 0.486741 
4.328749 0.486972 
4.329061 0.487193 
4.329373 0.487407 
4.329685 0.487615 
4.329997 0.487818 
4.330309 0.488018 
4.330621 0.488216 
4.330933 0.488413 
4.331245 0.488610 
4.331558 0.488810 
4.331870 0.489014 
4.332182 0.489222 
4.332494 0.489435 
4.332806 0.489653 
4.333118 0.489875 
4.333430 0.490101 
4.333742 0.490328 
4.334054 0.490558 
4.334366 0.490790 
4.334678 0.491022 
4.334990 0.491254 
4.335302 0.491486 
4.335614 0.491717 
4.335926 0.491946 
4.336238 0.492173 
4.336551 0.492397 
4.336863 0.492618 
4.337175 0.492835 
4.337487 0.493047 
4.337799 0.493255 
4.338111 0.493457 
4.338423 0.493654 
4.338735 0.493844 
4.339047 0.494027 
4.339359 0.494203 
4.339671 0.494373 
4.339983 0.494537 
4.340295 0.494694 
4.340607 0.494847 
4.340919 0.494995 
4.341231 0.495139 
4.341544 0.495279 
4.341856 0.495416 
4.342168 0.495551 
4.342480 0.495683 
4.342792 0.495813 
4.343104 0.495943 
4.343416 0.496072 
4.343728 0.496200 
4.344040 0.496328 
4.344352 0.496457 
4.344664 0.496586 
4.344976 0.496716 
4.345288 0.496847 
4.345600 0.496979 
4.345912 0.497114 
4.346224 0.497250 
4.346537 0.497389 
4.346849 0.497530 
4.347161 0.497675 
4.347473 0.497822 
4.347785 0.497971 
4.348097 0.498120 
4.348409 0.498270 
4.348721 0.498419 
4.349033 0.498566 
4.349345 0.498710 
4.349657 0.498851 
4.349969 0.498987 
4.350281 0.499118 
4.350593 0.499243 
4.350905 0.499362 
4.351217 0.499475 
4.351530 0.499582 
4.351842 0.499683 
4.352154 0.499778 
4.352466 0.499866 
4.352778 0.499947 
4.353090 0.500022 
4.353402 0.500090 
4.353714 0.500151 
4.354026 0.500204 
4.354338 0.500251 
4.354650 0.500290 
4.354962 0.500324 
4.355274 0.500353 
4.355586 0.500378 
4.355898 0.500399 
4.356210 0.500417 
4.356523 0.500433 
4.356835 0.500447 
4.357147 0.500461 
4.357459 0.500474 
4.357771 0.500489 
4.358083 0.500504 
4.358395 0.500523 
4.358707 0.500545 
4.359019 0.500573 
4.359331 0.500609 
4.359643 0.500654 
4.359955 0.500710 
4.360267 0.500779 
4.360579 0.500862 
4.360891 0.500961 
4.361203 0.501078 
4.361516 0.501212 
4.361828 0.501363 
4.362140 0.501528 
4.362452 0.501707 
4.362764 0.501898 
4.363076 0.502099 
4.363388 0.502310 
4.363700 0.502529 
4.364012 0.502755 
4.364324 0.502987 
4.364636 0.503222 
4.364948 0.503460 
4.365260 0.503700 
4.365572 0.503939 
4.365884 0.504177 
4.366196 0.504411 
4.366509 0.504640 
4.366821 0.504863 
4.367133 0.505077 
4.367445 0.505282 
4.367757 0.505475 
4.368069 0.505655 
4.368381 0.505821 
4.368693 0.505970 
4.369005 0.506102 
4.369317 0.506215 
4.369629 0.506310 
4.369941 0.506391 
4.370253 0.506459 
4.370565 0.506515 
4.370877 0.506564 
4.371189 0.506606 
4.371502 0.506643 
4.371814 0.506679 
4.372126 0.506714 
4.372438 0.506752 
4.372750 0.506791 
4.373062 0.506833 
4.373374 0.506879 
4.373686 0.506929 
4.373998 0.506985 
4.374310 0.507045 
4.374622 0.507112 
4.374934 0.507186 
4.375246 0.507268 
4.375558 0.507358 
4.375870 0.507456 
4.376182 0.507564 
4.376494 0.507682 
4.376807 0.507808 
4.377119 0.507942 
4.377431 0.508083 
4.377743 0.508230 
4.378055 0.508382 
4.378367 0.508539 
4.378679 0.508699 
4.378991 0.508863 
4.379303 0.509028 
4.379615 0.509194 
4.379927 0.509361 
4.380239 0.509527 
4.380551 0.509692 
4.380863 0.509855 
4.381175 0.510013 
4.381487 0.510166 
4.381800 0.510313 
4.382112 0.510453 
4.382424 0.510584 
4.382736 0.510706 
4.383048 0.510816 
4.383360 0.510915 
4.383672 0.511005 
4.383984 0.511086 
4.384296 0.511161 
4.384608 0.511231 
4.384920 0.511298 
4.385232 0.511364 
4.385544 0.511431 
4.385856 0.511500 
4.386168 0.511573 
4.386480 0.511652 
4.386793 0.511738 
4.387105 0.511833 
4.387417 0.511939 
4.387729 0.512056 
4.388041 0.512183 
4.388353 0.512322 
4.388665 0.512473 
4.388977 0.512636 
4.389289 0.512810 
4.389601 0.512998 
4.389913 0.513198 
4.390225 0.513412 
4.390537 0.513638 
4.390849 0.513879 
4.391161 0.514133 
4.391473 0.514400 
4.391786 0.514676 
4.392098 0.514958 
4.392410 0.515241 
4.392722 0.515524 
4.393034 0.515803 
4.393346 0.516073 
4.393658 0.516333 
4.393970 0.516577 
4.394282 0.516805 
4.394594 0.517016 
4.394906 0.517212 
4.395218 0.517394 
4.395530 0.517565 
4.395842 0.517725 
4.396154 0.517878 
4.396466 0.518024 
4.396779 0.518165 
4.397091 0.518302 
4.397403 0.518438 
4.397715 0.518574 
4.398027 0.518712 
4.398339 0.518853 
4.398651 0.518996 
4.398963 0.519141 
4.399275 0.519287 
4.399587 0.519434 
4.399899 0.519580 
4.400211 0.519725 
4.400523 0.519868 
4.400835 0.520009 
4.401147 0.520146 
4.401459 0.520280 
4.401772 0.520409 
4.402084 0.520533 
4.402396 0.520651 
4.402708 0.520765 
4.403020 0.520876 
4.403332 0.520987 
4.403644 0.521098 
4.403956 0.521211 
4.404268 0.521327 
4.404580 0.521448 
4.404892 0.521575 
4.405204 0.521710 
4.405516 0.521854 
4.405828 0.522010 
4.406140 0.522177 
4.406452 0.522356 
4.406765 0.522547 
4.407077 0.522747 
4.407389 0.522955 
4.407701 0.523169 
4.408013 0.523389 
4.408325 0.523612 
4.408637 0.523837 
4.408949 0.524063 
4.409261 0.524288 
4.409573 0.524512 
4.409885 0.524734 
4.410197 0.524955 
4.410509 0.525173 
4.410821 0.525389 
4.411133 0.525602 
4.411445 0.525811 
4.411758 0.526018 
4.412070 0.526221 
4.412382 0.526419 
4.412694 0.526614 
4.413006 0.526803 
4.413318 0.526988 
4.413630 0.527167 
4.413942 0.527340 
4.414254 0.527505 
4.414566 0.527661 
4.414878 0.527809 
4.415190 0.527946 
4.415502 0.528072 
4.415814 0.528187 
4.416126 0.528289 
4.416438 0.528378 
4.416751 0.528452 
4.417063 0.528511 
4.417375 0.528554 
4.417687 0.528585 
4.417999 0.528606 
4.418311 0.528620 
4.418623 0.528628 
4.418935 0.528634 
4.419247 0.528640 
4.419559 0.528649 
4.419871 0.528663 
4.420183 0.528685 
4.420495 0.528718 
4.420807 0.528764 
4.421119 0.528826 
4.421431 0.528904 
4.421744 0.528996 
4.422056 0.529101 
4.422368 0.529216 
4.422680 0.529339 
4.422992 0.529468 
4.423304 0.529601 
4.423616 0.529735 
4.423928 0.529869 
4.424240 0.530001 
4.424552 0.530129 
4.424864 0.530254 
4.425176 0.530376 
4.425488 0.530494 
4.425800 0.530609 
4.426112 0.530719 
4.426424 0.530826 
4.426737 0.530929 
4.427049 0.531027 
4.427361 0.531121 
4.427673 0.531211 
4.427985 0.531296 
4.428297 0.531376 
4.428609 0.531453 
4.428921 0.531526 
4.429233 0.531596 
4.429545 0.531664 
4.429857 0.531731 
4.430169 0.531796 
4.430481 0.531862 
4.430793 0.531928 
4.431105 0.531995 
4.431417 0.532064 
4.431730 0.532136 
4.432042 0.532210 
4.432354 0.532288 
4.432666 0.532370 
4.432978 0.532454 
4.433290 0.532542 
4.433602 0.532633 
4.433914 0.532726 
4.434226 0.532821 
4.434538 0.532919 
4.434850 0.533019 
4.435162 0.533120 
4.435474 0.533223 
4.435786 0.533328 
4.436098 0.533433 
4.436410 0.533539 
4.436723 0.533644 
4.437035 0.533746 
4.437347 0.533842 
4.437659 0.533932 
4.437971 0.534012 
4.438283 0.534083 
4.438595 0.534141 
4.438907 0.534185 
4.439219 0.534212 
4.439531 0.534223 
4.439843 0.534213 
4.440155 0.534182 
4.440467 0.534131 
4.440779 0.534064 
4.441091 0.533985 
4.441403 0.533898 
4.441716 0.533809 
4.442028 0.533721 
4.442340 0.533638 
4.442652 0.533565 
4.442964 0.533506 
4.443276 0.533464 
4.443588 0.533441 
4.443900 0.533435 
4.444212 0.533445 
4.444524 0.533470 
4.444836 0.533509 
4.445148 0.533562 
4.445460 0.533627 
4.445772 0.533704 
4.446084 0.533791 
4.446396 0.533888 
4.446709 0.533994 
4.447021 0.534108 
4.447333 0.534228 
4.447645 0.534353 
4.447957 0.534479 
4.448269 0.534605 
4.448581 0.534728 
4.448893 0.534845 
4.449205 0.534954 
4.449517 0.535053 
4.449829 0.535138 
4.450141 0.535208 
4.450453 0.535260 
4.450765 0.535292 
4.451077 0.535300 
4.451389 0.535284 
4.451702 0.535246 
4.452014 0.535187 
4.452326 0.535111 
4.452638 0.535018 
4.452950 0.534911 
4.453262 0.534791 
4.453574 0.534662 
4.453886 0.534525 
4.454198 0.534381 
4.454510 0.534234 
4.454822 0.534085 
4.455134 0.533936 
4.455446 0.533789 
4.455758 0.533645 
4.456070 0.533504 
4.456382 0.533370 
4.456695 0.533241 
4.457007 0.533120 
4.457319 0.533008 
4.457631 0.532905 
4.457943 0.532814 
4.458255 0.532734 
4.458567 0.532668 
4.458879 0.532616 
4.459191 0.532580 
4.459503 0.532558 
4.459815 0.532552 
4.460127 0.532559 
4.460439 0.532579 
4.460751 0.532610 
4.461063 0.532652 
4.461375 0.532704 
4.461688 0.532765 
4.462000 0.532834 
4.462312 0.532911 
4.462624 0.532993 
4.462936 0.533081 
4.463248 0.533174 
4.463560 0.533268 
4.463872 0.533362 
4.464184 0.533453 
4.464496 0.533540 
4.464808 0.533618 
4.465120 0.533686 
4.465432 0.533741 
4.465744 0.533781 
4.466056 0.533803 
4.466368 0.533805 
4.466681 0.533789 
4.466993 0.533756 
4.467305 0.533707 
4.467617 0.533643 
4.467929 0.533566 
4.468241 0.533476 
4.468553 0.533375 
4.468865 0.533265 
4.469177 0.533146 
4.469489 0.533020 
4.469801 0.532887 
4.470113 0.532750 
4.470425 0.532609 
4.470737 0.532466 
4.471049 0.532322 
4.471361 0.532179 
4.471674 0.532038 
4.471986 0.531901 
4.472298 0.531769 
4.472610 0.531643 
4.472922 0.531526 
4.473234 0.531417 
4.473546 0.531320 
4.473858 0.531234 
4.474170 0.531163 
4.474482 0.531104 
4.474794 0.531058 
4.475106 0.531022 
4.475418 0.530994 
4.475730 0.530974 
4.476042 0.530960 
4.476354 0.530949 
4.476667 0.530942 
4.476979 0.530935 
4.477291 0.530927 
4.477603 0.530918 
4.477915 0.530904 
4.478227 0.530886 
4.478539 0.530862 
4.478851 0.530831 
4.479163 0.530794 
4.479475 0.530750 
4.479787 0.530698 
4.480099 0.530640 
4.480411 0.530573 
4.480723 0.530498 
4.481035 0.530415 
4.481347 0.530323 
4.481660 0.530221 
4.481972 0.530111 
4.482284 0.529990 
4.482596 0.529862 
4.482908 0.529727 
4.483220 0.529587 
4.483532 0.529444 
4.483844 0.529299 
4.484156 0.529155 
4.484468 0.529013 
4.484780 0.528874 
4.485092 0.528741 
4.485404 0.528615 
4.485716 0.528498 
4.486028 0.528391 
4.486340 0.528295 
4.486653 0.528211 
4.486965 0.528135 
4.487277 0.528067 
4.487589 0.528006 
4.487901 0.527949 
4.488213 0.527897 
4.488525 0.527846 
4.488837 0.527797 
4.489149 0.527748 
4.489461 0.527697 
4.489773 0.527642 
4.490085 0.527583 
4.490397 0.527519 
4.490709 0.527448 
4.491021 0.527368 
4.491333 0.527279 
4.491646 0.527180 
4.491958 0.527069 
4.492270 0.526946 
4.492582 0.526808 
4.492894 0.526656 
4.493206 0.526487 
4.493518 0.526302 
4.493830 0.526104 
4.494142 0.525894 
4.494454 0.525673 
4.494766 0.525444 
4.495078 0.525207 
4.495390 0.524965 
4.495702 0.524720 
4.496014 0.524473 
4.496326 0.524226 
4.496639 0.523980 
4.496951 0.523738 
4.497263 0.523501 
4.497575 0.523269 
4.497887 0.523043 
4.498199 0.522824 
4.498511 0.522611 
4.498823 0.522406 
4.499135 0.522208 
4.499447 0.522017 
4.499759 0.521835 
4.500071 0.521662 
4.500383 0.521497 
4.500695 0.521342 
4.501007 0.521197 
4.501319 0.521061 
4.501632 0.520933 
4.501944 0.520812 
4.502256 0.520696 
4.502568 0.520582 
4.502880 0.520470 
4.503192 0.520357 
4.503504 0.520241 
4.503816 0.520122 
4.504128 0.519996 
4.504440 0.519863 
4.504752 0.519721 
4.505064 0.519567 
4.505376 0.519402 
4.505688 0.519224 
4.506000 0.519037 
4.506312 0.518840 
4.506625 0.518635 
4.506937 0.518422 
4.507249 0.518203 
4.507561 0.517978 
4.507873 0.517749 
4.508185 0.517516 
4.508497 0.517281 
4.508809 0.517045 
4.509121 0.516808 
4.509433 0.516572 
4.509745 0.516338 
4.510057 0.516106 
4.510369 0.515879 
4.510681 0.515657 
4.510993 0.515443 
4.511305 0.515235 
4.511618 0.515037 
4.511930 0.514850 
4.512242 0.514673 
4.512554 0.514510 
4.512866 0.514360 
4.513178 0.514225 
4.513490 0.514105 
4.513802 0.513996 
4.514114 0.513897 
4.514426 0.513804 
4.514738 0.513717 
4.515050 0.513631 
4.515362 0.513546 
4.515674 0.513458 
4.515986 0.513365 
4.516298 0.513265 
4.516611 0.513155 
4.516923 0.513032 
4.517235 0.512896 
4.517547 0.512745 
4.517859 0.512581 
4.518171 0.512404 
4.518483 0.512216 
4.518795 0.512017 
4.519107 0.511809 
4.519419 0.511592 
4.519731 0.511368 
4.520043 0.511137 
4.520355 0.510901 
4.520667 0.510661 
4.520979 0.510416 
4.521291 0.510169 
4.521604 0.509921 
4.521916 0.509673 
4.522228 0.509426 
4.522540 0.509182 
4.522852 0.508942 
4.523164 0.508707 
4.523476 0.508479 
4.523788 0.508258 
4.524100 0.508047 
4.524412 0.507846 
4.524724 0.507656 
4.525036 0.507480 
4.525348 0.507318 
4.525660 0.507167 
4.525972 0.507027 
4.526284 0.506895 
4.526597 0.506769 
4.526909 0.506647 
4.527221 0.506528 
4.527533 0.506410 
4.527845 0.506289 
4.528157 0.506166 
4.528469 0.506037 
4.528781 0.505901 
4.529093 0.505756 
4.529405 0.505600 
4.529717 0.505436 
4.530029 0.505263 
4.530341 0.505083 
4.530653 0.504897 
4.530965 0.504705 
4.531277 0.504510 
4.531590 0.504311 
4.531902 0.504110 
4.532214 0.503908 
4.532526 0.503705 
4.532838 0.503504 
4.533150 0.503304 
4.533462 0.503108 
4.533774 0.502915 
4.534086 0.502727 
4.534398 0.502546 
4.534710 0.502371 
4.535022 0.502204 
4.535334 0.502046 
4.535646 0.501899 
4.535958 0.501762 
4.536270 0.501638 
4.536583 0.501526 
4.536895 0.501429 
4.537207 0.501347 
4.537519 0.501280 
4.537831 0.501225 
4.538143 0.501181 
4.538455 0.501147 
4.538767 0.501120 
4.539079 0.501099 
4.539391 0.501083 
4.539703 0.501069 
4.540015 0.501056 
4.540327 0.501041 
4.540639 0.501025 
4.540951 0.501004 
4.541263 0.500977 
4.541576 0.500943 
4.541888 0.500903 
4.542200 0.500855 
4.542512 0.500798 
4.542824 0.500733 
4.543136 0.500659 
4.543448 0.500576 
4.543760 0.500482 
4.544072 0.500377 
4.544384 0.500262 
4.544696 0.500135 
4.545008 0.499996 
4.545320 0.499845 
4.545632 0.499683 
4.545944 0.499512 
4.546256 0.499334 
4.546569 0.499149 
4.546881 0.498961 
4.547193 0.498770 
4.547505 0.498578 
4.547817 0.498387 
4.548129 0.498199 
4.548441 0.498014 
4.548753 0.497836 
4.549065 0.497665 
4.549377 0.497503 
4.549689 0.497349 
4.550001 0.497202 
4.550313 0.497063 
4.550625 0.496931 
4.550937 0.496805 
4.551249 0.496686 
4.551562 0.496571 
4.551874 0.496462 
4.552186 0.496357 
4.552498 0.496255 
4.552810 0.496158 
4.553122 0.496063 
4.553434 0.495972 
4.553746 0.495882 
4.554058 0.495794 
4.554370 0.495708 
4.554682 0.495624 
4.554994 0.495540 
4.555306 0.495457 
4.555618 0.495374 
4.555930 0.495290 
4.556242 0.495207 
4.556555 0.495123 
4.556867 0.495037 
4.557179 0.494950 
4.557491 0.494862 
4.557803 0.494774 
4.558115 0.494687 
4.558427 0.494602 
4.558739 0.494519 
4.559051 0.494441 
4.559363 0.494367 
4.559675 0.494299 
4.559987 0.494238 
4.560299 0.494185 
4.560611 0.494141 
4.560923 0.494107 
4.561235 0.494083 
4.561548 0.494069 
4.561860 0.494064 
4.562172 0.494067 
4.562484 0.494075 
4.562796 0.494088 
4.563108 0.494105 
4.563420 0.494123 
4.563732 0.494142 
4.564044 0.494161 
4.564356 0.494178 
4.564668 0.494191 
4.564980 0.494200 
4.565292 0.494202 
4.565604 0.494199 
4.565916 0.494189 
4.566228 0.494173 
4.566541 0.494149 
4.566853 0.494119 
4.567165 0.494081 
4.567477 0.494036 
4.567789 0.493983 
4.568101 0.493922 
4.568413 0.493853 
4.568725 0.493775 
4.569037 0.493689 
4.569349 0.493595 
4.569661 0.493493 
4.569973 0.493384 
4.570285 0.493270 
4.570597 0.493152 
4.570909 0.493030 
4.571221 0.492905 
4.571534 0.492779 
4.571846 0.492653 
4.572158 0.492527 
4.572470 0.492404 
4.572782 0.492283 
4.573094 0.492165 
4.573406 0.492052 
4.573718 0.491944 
4.574030 0.491840 
4.574342 0.491741 
4.574654 0.491647 
4.574966 0.491558 
4.575278 0.491474 
4.575590 0.491394 
4.575902 0.491320 
4.576214 0.491251 
4.576527 0.491187 
4.576839 0.491128 
4.577151 0.491075 
4.577463 0.491026 
4.577775 0.490982 
4.578087 0.490940 
4.578399 0.490900 
4.578711 0.490861 
4.579023 0.490822 
4.579335 0.490781 
4.579647 0.490738 
4.579959 0.490692 
4.580271 0.490641 
4.580583 0.490585 
4.580895 0.490523 
4.581207 0.490453 
4.581520 0.490375 
4.581832 0.490290 
4.582144 0.490197 
4.582456 0.490096 
4.582768 0.489988 
4.583080 0.489873 
4.583392 0.489750 
4.583704 0.489619 
4.584016 0.489482 
4.584328 0.489337 
4.584640 0.489184 
4.584952 0.489025 
4.585264 0.488859 
4.585576 0.488686 
4.585888 0.488510 
4.586200 0.488330 
4.586513 0.488148 
4.586825 0.487966 
4.587137 0.487785 
4.587449 0.487606 
4.587761 0.487431 
4.588073 0.487261 
4.588385 0.487098 
4.588697 0.486942 
4.589009 0.486796 
4.589321 0.486660 
4.589633 0.486534 
4.589945 0.486417 
4.590257 0.486308 
4.590569 0.486207 
4.590881 0.486113 
4.591193 0.486025 
4.591506 0.485943 
4.591818 0.485865 
4.592130 0.485791 
4.592442 0.485721 
4.592754 0.485652 
4.593066 0.485586 
4.593378 0.485521 
4.593690 0.485456 
4.594002 0.485392 
4.594314 0.485327 
4.594626 0.485262 
4.594938 0.485196 
4.595250 0.485128 
4.595562 0.485058 
4.595874 0.484986 
4.596186 0.484911 
4.596498 0.484833 
4.596811 0.484752 
4.597123 0.484666 
4.597435 0.484576 
4.597747 0.484481 
4.598059 0.484382 
4.598371 0.484278 
4.598683 0.484170 
4.598995 0.484056 
4.599307 0.483937 
4.599619 0.483814 
4.599931 0.483684 
4.600243 0.483550 
4.600555 0.483410 
4.600867 0.483264 
4.601179 0.483112 
4.601491 0.482955 
4.601804 0.482792 
4.602116 0.482625 
4.602428 0.482452 
4.602740 0.482276 
4.603052 0.482095 
4.603364 0.481911 
4.603676 0.481724 
4.603988 0.481533 
4.604300 0.481341 
4.604612 0.481145 
4.604924 0.480948 
4.605236 0.480749 
4.605548 0.480549 
4.605860 0.480348 
4.606172 0.480146 
4.606484 0.479943 
4.606797 0.479739 
4.607109 0.479535 
4.607421 0.479331 
4.607733 0.479126 
4.608045 0.478922 
4.608357 0.478718 
4.608669 0.478515 
4.608981 0.478312 
4.609293 0.478111 
4.609605 0.477910 
4.609917 0.477712 
4.610229 0.477515 
4.610541 0.477320 
4.610853 0.477128 
4.611165 0.476938 
4.611477 0.476752 
4.611790 0.476569 
4.612102 0.476391 
4.612414 0.476216 
4.612726 0.476046 
4.613038 0.475880 
4.613350 0.475719 
4.613662 0.475562 
4.613974 0.475407 
4.614286 0.475253 
4.614598 0.475098 
4.614910 0.474942 
4.615222 0.474782 
4.615534 0.474618 
4.615846 0.474447 
4.616158 0.474270 
4.616470 0.474083 
4.616783 0.473887 
4.617095 0.473679 
4.617407 0.473459 
4.617719 0.473225 
4.618031 0.472975 
4.618343 0.472709 
4.618655 0.472429 
4.618967 0.472137 
4.619279 0.471837 
4.619591 0.471530 
4.619903 0.471218 
4.620215 0.470905 
4.620527 0.470593 
4.620839 0.470283 
4.621151 0.469979 
4.621463 0.469683 
4.621776 0.469398 
4.622088 0.469125 
4.622400 0.468866 
4.622712 0.468619 
4.623024 0.468383 
4.623336 0.468155 
4.623648 0.467934 
4.623960 0.467719 
4.624272 0.467506 
4.624584 0.467294 
4.624896 0.467082 
4.625208 0.466867 
4.625520 0.466649 
4.625832 0.466424 
4.626144 0.466191 
4.626456 0.465950 
4.626769 0.465700 
4.627081 0.465443 
4.627393 0.465177 
4.627705 0.464904 
4.628017 0.464624 
4.628329 0.464337 
4.628641 0.464044 
4.628953 0.463745 
4.629265 0.463440 
4.629577 0.463129 
4.629889 0.462813 
4.630201 0.462493 
4.630513 0.462170 
4.630825 0.461847 
4.631137 0.461528 
4.631449 0.461215 
4.631762 0.460912 
4.632074 0.460622 
4.632386 0.460347 
4.632698 0.460092 
4.633010 0.459859 
4.633322 0.459651 
4.633634 0.459471 
4.633946 0.459322 
4.634258 0.459208 
4.634570 0.459125 
4.634882 0.459072 
4.635194 0.459044 
4.635506 0.459038 
4.635818 0.459052 
4.636130 0.459081 
4.636442 0.459123 
4.636755 0.459173 
4.637067 0.459230 
4.637379 0.459289 
4.637691 0.459347 
4.638003 0.459400 
4.638315 0.459447 
4.638627 0.459487 
4.638939 0.459521 
4.639251 0.459548 
4.639563 0.459570 
4.639875 0.459587 
4.640187 0.459599 
4.640499 0.459607 
4.640811 0.459611 
4.641123 0.459611 
4.641435 0.459609 
4.641748 0.459605 
4.642060 0.459599 
4.642372 0.459591 
4.642684 0.459583 
4.642996 0.459575 
4.643308 0.459569 
4.643620 0.459565 
4.643932 0.459564 
4.644244 0.459567 
4.644556 0.459575 
4.644868 0.459588 
4.645180 0.459609 
4.645492 0.459636 
4.645804 0.459673 
4.646116 0.459718 
4.646428 0.459773 
4.646741 0.459836 
4.647053 0.459905 
4.647365 0.459980 
4.647677 0.460059 
4.647989 0.460140 
4.648301 0.460223 
4.648613 0.460306 
4.648925 0.460388 
4.649237 0.460467 
4.649549 0.460542 
4.649861 0.460612 
4.650173 0.460675 
4.650485 0.460730 
4.650797 0.460776 
4.651109 0.460811 
4.651421 0.460836 
4.651734 0.460851 
4.652046 0.460857 
4.652358 0.460858 
4.652670 0.460853 
4.652982 0.460844 
4.653294 0.460834 
4.653606 0.460822 
4.653918 0.460811 
4.654230 0.460803 
4.654542 0.460798 
4.654854 0.460798 
4.655166 0.460804 
4.655478 0.460818 
4.655790 0.460840 
4.656102 0.460870 
4.656414 0.460908 
4.656727 0.460955 
4.657039 0.461012 
4.657351 0.461078 
4.657663 0.461154 
4.657975 0.461240 
4.658287 0.461337 
4.658599 0.461445 
4.658911 0.461564 
4.659223 0.461695 
4.659535 0.461837 
4.659847 0.461988 
4.660159 0.462149 
4.660471 0.462316 
4.660783 0.462490 
4.661095 0.462669 
4.661407 0.462852 
4.661720 0.463037 
4.662032 0.463224 
4.662344 0.463411 
4.662656 0.463597 
4.662968 0.463781 
4.663280 0.463962 
4.663592 0.464139 
4.663904 0.464313 
4.664216 0.464482 
4.664528 0.464648 
4.664840 0.464809 
4.665152 0.464966 
4.665464 0.465119 
4.665776 0.465267 
4.666088 0.465410 
4.666400 0.465548 
4.666713 0.465682 
4.667025 0.465810 
4.667337 0.465933 
4.667649 0.466051 
4.667961 0.466164 
4.668273 0.466274 
4.668585 0.466380 
4.668897 0.466482 
4.669209 0.466581 
4.669521 0.466678 
4.669833 0.466772 
4.670145 0.466865 
4.670457 0.466957 
4.670769 0.467047 
4.671081 0.467136 
4.671393 0.467226 
4.671706 0.467315 
4.672018 0.467405 
4.672330 0.467496 
4.672642 0.467589 
4.672954 0.467684 
4.673266 0.467782 
4.673578 0.467884 
4.673890 0.467991 
4.674202 0.468104 
4.674514 0.468223 
4.674826 0.468349 
4.675138 0.468483 
4.675450 0.468625 
4.675762 0.468777 
4.676074 0.468940 
4.676386 0.469112 
4.676699 0.469294 
4.677011 0.469483 
4.677323 0.469678 
4.677635 0.469878 
4.677947 0.470082 
4.678259 0.470287 
4.678571 0.470493 
4.678883 0.470697 
4.679195 0.470900 
4.679507 0.471098 
4.679819 0.471291 
4.680131 0.471477 
4.680443 0.471656 
4.680755 0.471828 
4.681067 0.471994 
4.681379 0.472153 
4.681692 0.472306 
4.682004 0.472454 
4.682316 0.472597 
4.682628 0.472736 
4.682940 0.472870 
4.683252 0.473000 
4.683564 0.473127 
4.683876 0.473251 
4.684188 0.473373 
4.684500 0.473492 
4.684812 0.473610 
4.685124 0.473726 
4.685436 0.473841 
4.685748 0.473955 
4.686060 0.474070 
4.686372 0.474184 
4.686685 0.474299 
4.686997 0.474415 
4.687309 0.474533 
4.687621 0.474652 
4.687933 0.474774 
4.688245 0.474898 
4.688557 0.475024 
4.688869 0.475153 
4.689181 0.475284 
4.689493 0.475417 
4.689805 0.475552 
4.690117 0.475689 
4.690429 0.475827 
4.690741 0.475966 
4.691053 0.476107 
4.691365 0.476249 
4.691678 0.476391 
4.691990 0.476534 
4.692302 0.476678 
4.692614 0.476822 
4.692926 0.476966 
4.693238 0.477110 
4.693550 0.477254 
4.693862 0.477398 
4.694174 0.477543 
4.694486 0.477688 
4.694798 0.477834 
4.695110 0.477981 
4.695422 0.478129 
4.695734 0.478278 
4.696046 0.478429 
4.696358 0.478581 
4.696671 0.478735 
4.696983 0.478891 
4.697295 0.479049 
4.697607 0.479210 
4.697919 0.479371 
4.698231 0.479534 
4.698543 0.479699 
4.698855 0.479864 
4.699167 0.480029 
4.699479 0.480195 
4.699791 0.480361 
4.700103 0.480527 
4.700415 0.480692 
4.700727 0.480857 
4.701039 0.481021 
4.701351 0.481183 
4.701664 0.481344 
4.701976 0.481503 
4.702288 0.481660 
4.702600 0.481815 
4.702912 0.481967 
4.703224 0.482117 
4.703536 0.482264 
4.703848 0.482408 
4.704160 0.482549 
4.704472 0.482686 
4.704784 0.482820 
4.705096 0.482949 
4.705408 0.483075 
4.705720 0.483196 
4.706032 0.483312 
4.706344 0.483423 
4.706657 0.483530 
4.706969 0.483632 
4.707281 0.483730 
4.707593 0.483823 
4.707905 0.483912 
4.708217 0.483996 
4.708529 0.484076 
4.708841 0.484152 
4.709153 0.484224 
4.709465 0.484292 
4.709777 0.484356 
4.710089 0.484417 
4.710401 0.484474 
4.710713 0.484526 
4.711025 0.484575 
4.711337 0.484619 
4.711650 0.484659 
4.711962 0.484694 
4.712274 0.484725 
4.712586 0.484751 
4.712898 0.484771 
4.713210 0.484786 
4.713522 0.484796 
4.713834 0.484800 
4.714146 0.484799 
4.714458 0.484791 
4.714770 0.484778 
4.715082 0.484761 
4.715394 0.484738 
4.715706 0.484711 
4.716018 0.484679 
4.716330 0.484644 
4.716643 0.484605 
4.716955 0.484562 
4.717267 0.484517 
4.717579 0.484469 
4.717891 0.484418 
4.718203 0.484366 
4.718515 0.484311 
4.718827 0.484256 
4.719139 0.484200 
4.719451 0.484144 
4.719763 0.484089 
4.720075 0.484035 
4.720387 0.483984 
4.720699 0.483934 
4.721011 0.483887 
4.721323 0.483845 
4.721636 0.483806 
4.721948 0.483772 
4.722260 0.483743 
4.722572 0.483720 
4.722884 0.483704 
4.723196 0.483695 
4.723508 0.483692 
4.723820 0.483695 
4.724132 0.483703 
4.724444 0.483714 
4.724756 0.483727 
4.725068 0.483742 
4.725380 0.483757 
4.725692 0.483772 
4.726004 0.483784 
4.726316 0.483794 
4.726629 0.483800 
4.726941 0.483800 
4.727253 0.483795 
4.727565 0.483784 
4.727877 0.483766 
4.728189 0.483742 
4.728501 0.483710 
4.728813 0.483672 
4.729125 0.483627 
4.729437 0.483575 
4.729749 0.483515 
4.730061 0.483448 
4.730373 0.483373 
4.730685 0.483291 
4.730997 0.483201 
4.731309 0.483103 
4.731622 0.482997 
4.731934 0.482883 
4.732246 0.482762 
4.732558 0.482634 
4.732870 0.482499 
4.733182 0.482357 
4.733494 0.482209 
4.733806 0.482054 
4.734118 0.481893 
4.734430 0.481725 
4.734742 0.481552 
4.735054 0.481374 
4.735366 0.481190 
4.735678 0.481000 
4.735990 0.480806 
4.736302 0.480607 
4.736615 0.480405 
4.736927 0.480200 
4.737239 0.479996 
4.737551 0.479792 
4.737863 0.479591 
4.738175 0.479394 
4.738487 0.479202 
4.738799 0.479018 
4.739111 0.478842 
4.739423 0.478676 
4.739735 0.478521 
4.740047 0.478379 
4.740359 0.478252 
4.740671 0.478137 
4.740983 0.478033 
4.741295 0.477941 
4.741608 0.477857 
4.741920 0.477782 
4.742232 0.477713 
4.742544 0.477651 
4.742856 0.477593 
4.743168 0.477538 
4.743480 0.477486 
4.743792 0.477434 
4.744104 0.477383 
4.744416 0.477330 
4.744728 0.477275 
4.745040 0.477218 
4.745352 0.477157 
4.745664 0.477091 
4.745976 0.477020 
4.746288 0.476943 
4.746601 0.476860 
4.746913 0.476768 
4.747225 0.476668 
4.747537 0.476559 
4.747849 0.476440 
4.748161 0.476310 
4.748473 0.476168 
4.748785 0.476014 
4.749097 0.475846 
4.749409 0.475666 
4.749721 0.475473 
4.750033 0.475270 
4.750345 0.475057 
4.750657 0.474838 
4.750969 0.474612 
4.751281 0.474382 
4.751594 0.474149 
4.751906 0.473914 
4.752218 0.473679 
4.752530 0.473446 
4.752842 0.473215 
4.753154 0.472989 
4.753466 0.472768 
4.753778 0.472552 
4.754090 0.472341 
4.754402 0.472135 
4.754714 0.471934 
4.755026 0.471737 
4.755338 0.471545 
4.755650 0.471358 
4.755962 0.471175 
4.756274 0.470997 
4.756587 0.470823 
4.756899 0.470654 
4.757211 0.470489 
4.757523 0.470328 
4.757835 0.470169 
4.758147 0.470012 
4.758459 0.469857 
4.758771 0.469701 
4.759083 0.469546 
4.759395 0.469388 
4.759707 0.469228 
4.760019 0.469065 
4.760331 0.468898 
4.760643 0.468726 
4.760955 0.468549 
4.761267 0.468364 
4.761580 0.468172 
4.761892 0.467972 
4.762204 0.467762 
4.762516 0.467544 
4.762828 0.467319 
4.763140 0.467089 
4.763452 0.466855 
4.763764 0.466618 
4.764076 0.466381 
4.764388 0.466145 
4.764700 0.465912 
4.765012 0.465682 
4.765324 0.465458 
4.765636 0.465241 
4.765948 0.465033 
4.766260 0.464836 
4.766573 0.464648 
4.766885 0.464470 
4.767197 0.464301 
4.767509 0.464141 
4.767821 0.463988 
4.768133 0.463843 
4.768445 0.463705 
4.768757 0.463573 
4.769069 0.463447 
4.769381 0.463326 
4.769693 0.463210 
4.770005 0.463098 
4.770317 0.462990 
4.770629 0.462883 
4.770941 0.462777 
4.771253 0.462670 
4.771566 0.462562 
4.771878 0.462449 
4.772190 0.462331 
4.772502 0.462207 
4.772814 0.462075 
4.773126 0.461933 
4.773438 0.461780 
4.773750 0.461615 
4.774062 0.461436 
4.774374 0.461242 
4.774686 0.461031 
4.774998 0.460801 
4.775310 0.460553 
4.775622 0.460288 
4.775934 0.460008 
4.776246 0.459716 
4.776559 0.459414 
4.776871 0.459105 
4.777183 0.458791 
4.777495 0.458475 
4.777807 0.458160 
4.778119 0.457847 
4.778431 0.457539 
4.778743 0.457239 
4.779055 0.456950 
4.779367 0.456672 
4.779679 0.456406 
4.779991 0.456149 
4.780303 0.455902 
4.780615 0.455662 
4.780927 0.455430 
4.781239 0.455204 
4.781552 0.454982 
4.781864 0.454765 
4.782176 0.454550 
4.782488 0.454337 
4.782800 0.454125 
4.783112 0.453913 
4.783424 0.453700 
4.783736 0.453485 
4.784048 0.453266 
4.784360 0.453044 
4.784672 0.452818 
4.784984 0.452591 
4.785296 0.452363 
4.785608 0.452135 
4.785920 0.451908 
4.786232 0.451683 
4.786545 0.451461 
4.786857 0.451244 
4.787169 0.451032 
4.787481 0.450826 
4.787793 0.450627 
4.788105 0.450437 
4.788417 0.450256 
4.788729 0.450083 
4.789041 0.449918 
4.789353 0.449761 
4.789665 0.449611 
4.789977 0.449469 
4.790289 0.449334 
4.790601 0.449205 
4.790913 0.449083 
4.791225 0.448966 
4.791538 0.448855 
4.791850 0.448749 
4.792162 0.448648 
4.792474 0.448552 
4.792786 0.448458 
4.793098 0.448368 
4.793410 0.448279 
4.793722 0.448191 
4.794034 0.448103 
4.794346 0.448014 
4.794658 0.447923 
4.794970 0.447830 
4.795282 0.447733 
4.795594 0.447632 
4.795906 0.447526 
4.796218 0.447413 
4.796531 0.447294 
4.796843 0.447167 
4.797155 0.447032 
4.797467 0.446888 
4.797779 0.446737 
4.798091 0.446580 
4.798403 0.446420 
4.798715 0.446256 
4.799027 0.446091 
4.799339 0.445925 
4.799651 0.445761 
4.799963 0.445600 
4.800275 0.445442 
4.800587 0.445290 
4.800899 0.445145 
4.801211 0.445008 
4.801524 0.444878 
4.801836 0.444756 
4.802148 0.444638 
4.802460 0.444526 
4.802772 0.444416 
4.803084 0.444309 
4.803396 0.444202 
4.803708 0.444095 
4.804020 0.443988 
4.804332 0.443877 
4.804644 0.443764 
4.804956 0.443645 
4.805268 0.443521 
4.805580 0.443389 
4.805892 0.443250 
4.806204 0.443102 
4.806517 0.442945 
4.806829 0.442780 
4.807141 0.442609 
4.807453 0.442434 
4.807765 0.442256 
4.808077 0.442075 
4.808389 0.441894 
4.808701 0.441714 
4.809013 0.441535 
4.809325 0.441360 
4.809637 0.441190 
4.809949 0.441026 
4.810261 0.440869 
4.810573 0.440720 
4.810885 0.440578 
4.811197 0.440444 
4.811510 0.440316 
4.811822 0.440195 
4.812134 0.440080 
4.812446 0.439972 
4.812758 0.439870 
4.813070 0.439774 
4.813382 0.439684 
4.813694 0.439599 
4.814006 0.439520 
4.814318 0.439445 
4.814630 0.439376 
4.814942 0.439311 
4.815254 0.439251 
4.815566 0.439196 
4.815878 0.439144 
4.816190 0.439096 
4.816503 0.439052 
4.816815 0.439011 
4.817127 0.438974 
4.817439 0.438939 
4.817751 0.438907 
4.818063 0.438877 
4.818375 0.438849 
4.818687 0.438824 
4.818999 0.438800 
4.819311 0.438778 
4.819623 0.438756 
4.819935 0.438733 
4.820247 0.438710 
4.820559 0.438684 
4.820871 0.438656 
4.821183 0.438623 
4.821495 0.438586 
4.821808 0.438542 
4.822120 0.438493 
4.822432 0.438435 
4.822744 0.438369 
4.823056 0.438294 
4.823368 0.438208 
4.823680 0.438112 
4.823992 0.438003 
4.824304 0.437882 
4.824616 0.437749 
4.824928 0.437607 
4.825240 0.437458 
4.825552 0.437303 
4.825864 0.437144 
4.826176 0.436983 
4.826488 0.436822 
4.826801 0.436663 
4.827113 0.436507 
4.827425 0.436357 
4.827737 0.436214 
4.828049 0.436080 
4.828361 0.435956 
4.828673 0.435844 
4.828985 0.435742 
4.829297 0.435650 
4.829609 0.435570 
4.829921 0.435500 
4.830233 0.435442 
4.830545 0.435394 
4.830857 0.435357 
4.831169 0.435331 
4.831481 0.435316 
4.831794 0.435312 
4.832106 0.435319 
4.832418 0.435337 
4.832730 0.435366 
4.833042 0.435406 
4.833354 0.435457 
4.833666 0.435517 
4.833978 0.435585 
4.834290 0.435659 
4.834602 0.435737 
4.834914 0.435818 
4.835226 0.435899 
4.835538 0.435980 
4.835850 0.436059 
4.836162 0.436133 
4.836474 0.436202 
4.836787 0.436263 
4.837099 0.436315 
4.837411 0.436358 
4.837723 0.436391 
4.838035 0.436414 
4.838347 0.436429 
4.838659 0.436436 
4.838971 0.436435 
4.839283 0.436426 
4.839595 0.436410 
4.839907 0.436388 
4.840219 0.436359 
4.840531 0.436325 
4.840843 0.436286 
4.841155 0.436241 
4.841467 0.436192 
4.841780 0.436139 
4.842092 0.436083 
4.842404 0.436024 
4.842716 0.435963 
4.843028 0.435901 
4.843340 0.435840 
4.843652 0.435780 
4.843964 0.435723 
4.844276 0.435670 
4.844588 0.435623 
4.844900 0.435581 
4.845212 0.435546 
4.845524 0.435521 
4.845836 0.435504 
4.846148 0.435499 
4.846460 0.435504 
4.846773 0.435518 
4.847085 0.435541 
4.847397 0.435571 
4.847709 0.435606 
4.848021 0.435646 
4.848333 0.435689 
4.848645 0.435734 
4.848957 0.435779 
4.849269 0.435824 
4.849581 0.435866 
4.849893 0.435906 
4.850205 0.435940 
4.850517 0.435969 
4.850829 0.435991 
4.851141 0.436005 
4.851453 0.436010 
4.851766 0.436006 
4.852078 0.435995 
4.852390 0.435977 
4.852702 0.435951 
4.853014 0.435919 
4.853326 0.435882 
4.853638 0.435839 
4.853950 0.435791 
4.854262 0.435738 
4.854574 0.435682 
4.854886 0.435622 
4.855198 0.435560 
4.855510 0.435495 
4.855822 0.435429 
4.856134 0.435362 
4.856446 0.435296 
4.856759 0.435230 
4.857071 0.435166 
4.857383 0.435105 
4.857695 0.435047 
4.858007 0.434993 
4.858319 0.434944 
4.858631 0.434901 
4.858943 0.434865 
4.859255 0.434835 
4.859567 0.434814 
4.859879 0.434802 
4.860191 0.434800 
4.860503 0.434806 
4.860815 0.434821 
4.861127 0.434842 
4.861439 0.434868 
4.861752 0.434898 
4.862064 0.434930 
4.862376 0.434963 
4.862688 0.434996 
4.863000 0.435027 
4.863312 0.435056 
4.863624 0.435079 
4.863936 0.435097 
4.864248 0.435108 
4.864560 0.435112 
4.864872 0.435110 
4.865184 0.435102 
4.865496 0.435089 
4.865808 0.435072 
4.866120 0.435051 
4.866432 0.435027 
4.866745 0.435001 
4.867057 0.434973 
4.867369 0.434944 
4.867681 0.434915 
4.867993 0.434885 
4.868305 0.434857 
4.868617 0.434830 
4.868929 0.434805 
4.869241 0.434783 
4.869553 0.434764 
4.869865 0.434747 
4.870177 0.434732 
4.870489 0.434719 
4.870801 0.434708 
4.871113 0.434698 
4.871425 0.434688 
4.871738 0.434679 
4.872050 0.434670 
4.872362 0.434661 
4.872674 0.434652 
4.872986 0.434642 
4.873298 0.434631 
4.873610 0.434618 
4.873922 0.434604 
4.874234 0.434588 
4.874546 0.434569 
4.874858 0.434549 
4.875170 0.434526 
4.875482 0.434501 
4.875794 0.434473 
4.876106 0.434443 
4.876418 0.434410 
4.876731 0.434374 
4.877043 0.434336 
4.877355 0.434295 
4.877667 0.434251 
4.877979 0.434203 
4.878291 0.434153 
4.878603 0.434101 
4.878915 0.434047 
4.879227 0.433994 
4.879539 0.433941 
4.879851 0.433890 
4.880163 0.433841 
4.880475 0.433797 
4.880787 0.433757 
4.881099 0.433723 
4.881411 0.433696 
4.881724 0.433677 
4.882036 0.433666 
4.882348 0.433665 
4.882660 0.433676 
4.882972 0.433697 
4.883284 0.433732 
4.883596 0.433777 
4.883908 0.433832 
4.884220 0.433895 
4.884532 0.433963 
4.884844 0.434036 
4.885156 0.434110 
4.885468 0.434185 
4.885780 0.434259 
4.886092 0.434330 
4.886404 0.434395 
4.886717 0.434454 
4.887029 0.434504 
4.887341 0.434545 
4.887653 0.434575 
4.887965 0.434598 
4.888277 0.434611 
4.888589 0.434618 
4.888901 0.434618 
4.889213 0.434612 
4.889525 0.434600 
4.889837 0.434584 
4.890149 0.434564 
4.890461 0.434540 
4.890773 0.434514 
4.891085 0.434486 
4.891397 0.434457 
4.891710 0.434428 
4.892022 0.434398 
4.892334 0.434369 
4.892646 0.434341 
4.892958 0.434315 
4.893270 0.434290 
4.893582 0.434267 
4.893894 0.434246 
4.894206 0.434227 
4.894518 0.434211 
4.894830 0.434197 
4.895142 0.434187 
4.895454 0.434179 
4.895766 0.434176 
4.896078 0.434176 
4.896390 0.434180 
4.896703 0.434188 
4.897015 0.434201 
4.897327 0.434218 
4.897639 0.434240 
4.897951 0.434266 
4.898263 0.434296 
4.898575 0.434331 
4.898887 0.434368 
4.899199 0.434409 
4.899511 0.434453 
4.899823 0.434500 
4.900135 0.434550 
4.900447 0.434602 
4.900759 0.434657 
4.901071 0.434713 
4.901383 0.434771 
4.901696 0.434830 
4.902008 0.434891 
4.902320 0.434951 
4.902632 0.435011 
4.902944 0.435070 
4.903256 0.435127 
4.903568 0.435183 
4.903880 0.435237 
4.904192 0.435288 
4.904504 0.435335 
4.904816 0.435379 
4.905128 0.435418 
4.905440 0.435452 
4.905752 0.435481 
4.906064 0.435504 
4.906376 0.435521 
4.906689 0.435531 
4.907001 0.435535 
4.907313 0.435532 
4.907625 0.435522 
4.907937 0.435505 
4.908249 0.435480 
4.908561 0.435448 
4.908873 0.435409 
4.909185 0.435361 
4.909497 0.435306 
4.909809 0.435243 
4.910121 0.435171 
4.910433 0.435092 
4.910745 0.435005 
4.911057 0.434913 
4.911369 0.434816 
4.911682 0.434716 
4.911994 0.434613 
4.912306 0.434508 
4.912618 0.434403 
4.912930 0.434298 
4.913242 0.434196 
4.913554 0.434096 
4.913866 0.434000 
4.914178 0.433909 
4.914490 0.433823 
4.914802 0.433745 
4.915114 0.433675 
4.915426 0.433614 
4.915738 0.433560 
4.916050 0.433512 
4.916362 0.433469 
4.916675 0.433431 
4.916987 0.433395 
4.917299 0.433362 
4.917611 0.433329 
4.917923 0.433297 
4.918235 0.433263 
4.918547 0.433228 
4.918859 0.433188 
4.919171 0.433145 
4.919483 0.433096 
4.919795 0.433040 
4.920107 0.432977 
4.920419 0.432906 
4.920731 0.432828 
4.921043 0.432743 
4.921355 0.432651 
4.921668 0.432553 
4.921980 0.432451 
4.922292 0.432343 
4.922604 0.432232 
4.922916 0.432117 
4.923228 0.432000 
4.923540 0.431880 
4.923852 0.431758 
4.924164 0.431635 
4.924476 0.431511 
4.924788 0.431385 
4.925100 0.431256 
4.925412 0.431124 
4.925724 0.430987 
4.926036 0.430845 
4.926348 0.430697 
4.926661 0.430543 
4.926973 0.430382 
4.927285 0.430212 
4.927597 0.430033 
4.927909 0.429845 
4.928221 0.429646 
4.928533 0.429437 
4.928845 0.429215 
4.929157 0.428980 
4.929469 0.428733 
4.929781 0.428474 
4.930093 0.428203 
4.930405 0.427922 
4.930717 0.427630 
4.931029 0.427329 
4.931341 0.427018 
4.931654 0.426700 
4.931966 0.426373 
4.932278 0.426040 
4.932590 0.425700 
4.932902 0.425354 
4.933214 0.425003 
4.933526 0.424647 
4.933838 0.424288 
4.934150 0.423925 
4.934462 0.423559 
4.934774 0.423189 
4.935086 0.422816 
4.935398 0.422437 
4.935710 0.422054 
4.936022 0.421666 
4.936334 0.421271 
4.936647 0.420870 
4.936959 0.420463 
4.937271 0.420048 
4.937583 0.419626 
4.937895 0.419195 
4.938207 0.418757 
4.938519 0.418309 
4.938831 0.417852 
4.939143 0.417385 
4.939455 0.416908 
4.939767 0.416424 
4.940079 0.415932 
4.940391 0.415434 
4.940703 0.414931 
4.941015 0.414425 
4.941327 0.413917 
4.941640 0.413407 
4.941952 0.412897 
4.942264 0.412389 
4.942576 0.411882 
4.942888 0.411380 
4.943200 0.410882 
4.943512 0.410388 
4.943824 0.409899 
4.944136 0.409413 
4.944448 0.408930 
4.944760 0.408449 
4.945072 0.407969 
4.945384 0.407489 
4.945696 0.407010 
4.946008 0.406529 
4.946320 0.406047 
4.946633 0.405563 
4.946945 0.405077 
4.947257 0.404586 
4.947569 0.404092 
4.947881 0.403592 
4.948193 0.403087 
4.948505 0.402576 
4.948817 0.402058 
4.949129 0.401533 
4.949441 0.401000 
4.949753 0.400458 
4.950065 0.399908 
4.950377 0.399348 
4.950689 0.398779 
4.951001 0.398199 
4.951313 0.397607 
4.951626 0.397005 
4.951938 0.396390 
4.952250 0.395763 
4.952562 0.395123 
4.952874 0.394469 
4.953186 0.393800 
4.953498 0.393119 
4.953810 0.392428 
4.954122 0.391730 
4.954434 0.391026 
4.954746 0.390320 
4.955058 0.389615 
4.955370 0.388913 
4.955682 0.388217 
4.955994 0.387529 
4.956306 0.386852 
4.956619 0.386188 
4.956931 0.385541 
4.957243 0.384913 
4.957555 0.384304 
4.957867 0.383711 
4.958179 0.383135 
4.958491 0.382574 
4.958803 0.382026 
4.959115 0.381491 
4.959427 0.380967 
4.959739 0.380452 
4.960051 0.379946 
4.960363 0.379447 
4.960675 0.378955 
4.960987 0.378466 
4.961299 0.377982 
4.961612 0.377499 
4.961924 0.377018 
4.962236 0.376536 
4.962548 0.376055 
4.962860 0.375574 
4.963172 0.375095 
4.963484 0.374618 
4.963796 0.374145 
4.964108 0.373677 
4.964420 0.373214 
4.964732 0.372757 
4.965044 0.372307 
4.965356 0.371864 
4.965668 0.371431 
4.965980 0.371007 
4.966292 0.370594 
4.966605 0.370192 
4.966917 0.369802 
4.967229 0.369425 
4.967541 0.369061 
4.967853 0.368709 
4.968165 0.368368 
4.968477 0.368036 
4.968789 0.367714 
4.969101 0.367399 
4.969413 0.367092 
4.969725 0.366791 
4.970037 0.366495 
4.970349 0.366204 
4.970661 0.365916 
4.970973 0.365631 
4.971285 0.365348 
4.971598 0.365065 
4.971910 0.364782 
4.972222 0.364498 
4.972534 0.364214 
4.972846 0.363932 
4.973158 0.363654 
4.973470 0.363381 
4.973782 0.363115 
4.974094 0.362859 
4.974406 0.362614 
4.974718 0.362381 
4.975030 0.362163 
4.975342 0.361962 
4.975654 0.361779 
4.975966 0.361616 
4.976278 0.361475 
4.976591 0.361356 
4.976903 0.361257 
4.977215 0.361178 
4.977527 0.361119 
4.977839 0.361077 
4.978151 0.361053 
4.978463 0.361046 
4.978775 0.361054 
4.979087 0.361078 
4.979399 0.361115 
4.979711 0.361166 
4.980023 0.361229 
4.980335 0.361305 
4.980647 0.361391 
4.980959 0.361487 
4.981271 0.361592 
4.981584 0.361707 
4.981896 0.361831 
4.982208 0.361965 
4.982520 0.362108 
4.982832 0.362261 
4.983144 0.362424 
4.983456 0.362598 
4.983768 0.362781 
4.984080 0.362974 
4.984392 0.363178 
4.984704 0.363393 
4.985016 0.363618 
4.985328 0.363854 
4.985640 0.364101 
4.985952 0.364360 
4.986264 0.364629 
4.986577 0.364909 
4.986889 0.365199 
4.987201 0.365498 
4.987513 0.365805 
4.987825 0.366120 
4.988137 0.366443 
4.988449 0.366771 
4.988761 0.367105 
4.989073 0.367444 
4.989385 0.367787 
4.989697 0.368133 
4.990009 0.368482 
4.990321 0.368833 
4.990633 0.369186 
4.990945 0.369538 
4.991257 0.369891 
4.991570 0.370241 
4.991882 0.370588 
4.992194 0.370930 
4.992506 0.371264 
4.992818 0.371590 
4.993130 0.371905 
4.993442 0.372208 
4.993754 0.372497 
4.994066 0.372770 
4.994378 0.373025 
4.994690 0.373261 
4.995002 0.373476 
4.995314 0.373667 
4.995626 0.373835 
4.995938 0.373975 
4.996250 0.374088 
4.996563 0.374171 
4.996875 0.374223 
4.997187 0.374242 
4.997499 0.374227 
4.997811 0.374177 
4.998123 0.374090 
4.998435 0.373964 
4.998747 0.373798 
4.999059 0.373591 
4.999371 0.373340 
4.999683 0.373046 
4.999995 0.372706 
5.000307 0.372318 
5.000619 0.371881 
5.000931 0.371394 
5.001243 0.370855 
5.001556 0.370263 
5.001868 0.369615 
5.002180 0.368910 
5.002492 0.368147 
5.002804 0.367324 
5.003116 0.366440 
5.003428 0.365492 
5.003740 0.364479 
5.004052 0.363400 
5.004364 0.362254 
5.004676 0.361037 
5.004988 0.359750 
5.005300 0.358390 
5.005612 0.356958 
5.005924 0.355452 
5.006236 0.353873 
5.006549 0.352221 
5.006861 0.350495 
5.007173 0.348695 
5.007485 0.346821 
5.007797 0.344874 
5.008109 0.342852 
5.008421 0.340755 
5.008733 0.338584 
5.009045 0.336339 
5.009357 0.334018 
5.009669 0.331622 
5.009981 0.329151 
5.010293 0.326605 
5.010605 0.323986 
5.010917 0.321295 
5.011229 0.318534 
5.011542 0.315707 
5.011854 0.312815 
5.012166 0.309860 
5.012478 0.306844 
5.012790 0.303770 
5.013102 0.300639 
5.013414 0.297453 
5.013726 0.294216 
5.014038 0.290928 
5.014350 0.287592 
5.014662 0.284211 
5.014974 0.280785 
5.015286 0.277318 
5.015598 0.273812 
5.015910 0.270268 
5.016222 0.266689 
5.016535 0.263077 
5.016847 0.259434 
5.017159 0.255763 
5.017471 0.252066 
5.017783 0.248345 
5.018095 0.244601 
5.018407 0.240838 
5.018719 0.237057 
5.019031 0.233261 
5.019343 0.229452 
5.019655 0.225632 
5.019967 0.221803 
5.020279 0.217968 
5.020591 0.214130 
5.020903 0.210293 
5.021215 0.206462 
5.021528 0.202641 
5.021840 0.198834 
5.022152 0.195045 
5.022464 0.191278 
5.022776 0.187537 
5.023088 0.183826 
5.023400 0.180151 
5.023712 0.176513 
5.024024 0.172919 
5.024336 0.169372 
5.024648 0.165876 
5.024960 0.162435 
5.025272 0.159052 
5.025584 0.155724 
5.025896 0.152446 
5.026208 0.149212 
5.026521 0.146016 
5.026833 0.142852 
5.027145 0.139715 
5.027457 0.136600 
5.027769 0.133500 
5.028081 0.130411 
5.028393 0.127326 
5.028705 0.124240 
5.029017 0.121148 
5.029329 0.118043 
5.029641 0.114920 
5.029953 0.111774 
5.030265 0.108601 
5.030577 0.105410 
5.030889 0.102213 
5.031201 0.099026 
5.031514 0.095862 
5.031826 0.092734 
5.032138 0.089657 
5.032450 0.086643 
5.032762 0.083707 
5.033074 0.080862 
5.033386 0.078122 
5.033698 0.075501 
5.034010 0.073012 
5.034322 0.070666 
5.034634 0.068456 
5.034946 0.066374 
5.035258 0.064412 
5.035570 0.062561 
5.035882 0.060814 
5.036194 0.059160 
5.036507 0.057592 
5.036819 0.056102 
5.037131 0.054680 
5.037443 0.053319 
5.037755 0.052009 
5.038067 0.050743 
5.038379 0.049512 
5.038691 0.048306 
5.039003 0.047119 
5.039315 0.045942 
5.039627 0.044776 
5.039939 0.043622 
5.040251 0.042481 
5.040563 0.041355 
5.040875 0.040244 
5.041187 0.039151 
5.041499 0.038075 
5.041812 0.037020 
5.042124 0.035985 
5.042436 0.034973 
5.042748 0.033985 
5.043060 0.033021 
5.043372 0.032083 
5.043684 0.031173 
5.043996 0.030291 
5.044308 0.029439 
5.044620 0.028616 
5.044932 0.027821 
5.045244 0.027053 
5.045556 0.026311 
5.045868 0.025594 
5.046180 0.024900 
5.046492 0.024229 
5.046805 0.023580 
5.047117 0.022952 
5.047429 0.022343 
5.047741 0.021753 
5.048053 0.021181 
5.048365 0.020625 
5.048677 0.020084 
5.048989 0.019558 
5.049301 0.019046 
5.049613 0.018547 
5.049925 0.018060 
5.050237 0.017587 
5.050549 0.017125 
5.050861 0.016676 
5.051173 0.016239 
5.051485 0.015814 
5.051798 0.015401 
5.052110 0.014998 
5.052422 0.014607 
5.052734 0.014227 
5.053046 0.013857 
5.053358 0.013498 
5.053670 0.013149 
5.053982 0.012809 
5.054294 0.012480 
5.054606 0.012160 
5.054918 0.011849 
5.055230 0.011547 
5.055542 0.011253 
5.055854 0.010968 
5.056166 0.010691 
5.056478 0.010422 
5.056791 0.010160 
5.057103 0.009906 
5.057415 0.009658 
5.057727 0.009417 
5.058039 0.009183 
5.058351 0.008955 
5.058663 0.008733 
5.058975 0.008516 
5.059287 0.008305 
5.059599 0.008099 
5.059911 0.007898 
5.060223 0.007702 
5.060535 0.007512 
5.060847 0.007326 
5.061159 0.007144 
5.061471 0.006968 
5.061784 0.006796 
5.062096 0.006629 
5.062408 0.006466 
5.062720 0.006307 
5.063032 0.006153 
5.063344 0.006002 
5.063656 0.005856 
5.063968 0.005713 
5.064280 0.005575 
5.064592 0.005440 
5.064904 0.005309 
5.065216 0.005181 
5.065528 0.005057 
5.065840 0.004936 
5.066152 0.004818 
5.066464 0.004704 
5.066777 0.004592 
5.067089 0.004484 
5.067401 0.004378 
5.067713 0.004275 
5.068025 0.004175 
5.068337 0.004077 
5.068649 0.003982 
5.068961 0.003889 
5.069273 0.003799 
5.069585 0.003711 
5.069897 0.003624 
5.070209 0.003540 
5.070521 0.003458 
5.070833 0.003378 
5.071145 0.003300 
5.071457 0.003224 
5.071770 0.003149 
5.072082 0.003076 
5.072394 0.003005 
5.072706 0.002936 
5.073018 0.002868 
5.073330 0.002802 
5.073642 0.002737 
5.073954 0.002673 
5.074266 0.002611 
5.074578 0.002550 
5.074890 0.002491 
5.075202 0.002433 
5.075514 0.002376 
5.075826 0.002320 
5.076138 0.002266 
5.076450 0.002212 
5.076763 0.002160 
5.077075 0.002110 
5.077387 0.002060 
5.077699 0.002012 
5.078011 0.001964 
5.078323 0.001918 
5.078635 0.001873 
5.078947 0.001829 
5.079259 0.001787 
5.079571 0.001745 
5.079883 0.001704 
5.080195 0.001664 
5.080507 0.001626 
5.080819 0.001588 
5.081131 0.001551 
5.081443 0.001516 
5.081756 0.001481 
5.082068 0.001447 
5.082380 0.001414 
5.082692 0.001382 
5.083004 0.001351 
5.083316 0.001321 
5.083628 0.001292 
5.083940 0.001263 
5.084252 0.001236 
5.084564 0.001209 
5.084876 0.001183 
5.085188 0.001157 
5.085500 0.001133 
5.085812 0.001109 
5.086124 0.001086 
5.086436 0.001063 
5.086749 0.001041 
5.087061 0.001020 
5.087373 0.000999 
5.087685 0.000979 
5.087997 0.000959 
5.088309 0.000940 
5.088621 0.000921 
5.088933 0.000903 
5.089245 0.000885 
5.089557 0.000867 
5.089869 0.000850 
5.090181 0.000834 
5.090493 0.000817 
5.090805 0.000801 
5.091117 0.000785 
5.091429 0.000770 
5.091742 0.000755 
5.092054 0.000740 
5.092366 0.000726 
5.092678 0.000712 
5.092990 0.000698 
5.093302 0.000684 
5.093614 0.000670 
5.093926 0.000657 
5.094238 0.000644 
5.094550 0.000631 
5.094862 0.000618 
5.095174 0.000606 
5.095486 0.000593 
5.095798 0.000580 
5.096110 0.000568 
5.096422 0.000555 
5.096735 0.000542 
5.097047 0.000529 
5.097359 0.000516 
5.097671 0.000503 
5.097983 0.000489 
5.098295 0.000475 
5.098607 0.000461 
5.098919 0.000446 
5.099231 0.000431 
5.099543 0.000415 
5.099855 0.000400 
5.100167 0.000384 
5.100479 0.000369 
5.100791 0.000354 
5.101103 0.000340 
5.101415 0.000327 
5.101728 0.000315 
5.102040 0.000304 
5.102352 0.000294 
5.102664 0.000286 
5.102976 0.000280 
5.103288 0.000276 
5.103600 0.000275 
5.103912 0.000275 
5.104224 0.000279 
5.104536 0.000284 
5.104848 0.000292 
5.105160 0.000302 
5.105472 0.000313 
5.105784 0.000325 
5.106096 0.000338 
5.106408 0.000352 
5.106721 0.000366 
5.107033 0.000380 
5.107345 0.000394 
5.107657 0.000407 
5.107969 0.000418 
5.108281 0.000429 
5.108593 0.000438 
5.108905 0.000445 
5.109217 0.000450 
5.109529 0.000453 
5.109841 0.000454 
5.110153 0.000453 
5.110465 0.000450 
5.110777 0.000446 
5.111089 0.000440 
5.111401 0.000434 
5.111714 0.000427 
5.112026 0.000419 
5.112338 0.000411 
5.112650 0.000402 
5.112962 0.000394 
5.113274 0.000385 
5.113586 0.000377 
5.113898 0.000369 
5.114210 0.000362 
5.114522 0.000356 
5.114834 0.000351 
5.115146 0.000346 
5.115458 0.000341 
5.115770 0.000338 
5.116082 0.000334 
5.116394 0.000332 
5.116707 0.000329 
5.117019 0.000327 
5.117331 0.000325 
5.117643 0.000323 
5.117955 0.000322 
5.118267 0.000321 
5.118579 0.000320 
5.118891 0.000318 
5.119203 0.000317 
5.119515 0.000316 
5.119827 0.000315 
5.120139 0.000313 
5.120451 0.000312 
5.120763 0.000311 
5.121075 0.000309 
5.121387 0.000307 
5.121700 0.000306 
5.122012 0.000304 
5.122324 0.000302 
5.122636 0.000300 
5.122948 0.000298 
5.123260 0.000296 
5.123572 0.000293 
5.123884 0.000291 
5.124196 0.000288 
5.124508 0.000286 
5.124820 0.000283 
5.125132 0.000280 
5.125444 0.000276 
5.125756 0.000273 
5.126068 0.000270 
5.126380 0.000266 
5.126693 0.000263 
5.127005 0.000259 
5.127317 0.000256 
5.127629 0.000252 
5.127941 0.000248 
5.128253 0.000244 
5.128565 0.000240 
5.128877 0.000237 
5.129189 0.000233 
5.129501 0.000229 
5.129813 0.000225 
5.130125 0.000221 
5.130437 0.000217 
5.130749 0.000213 
5.131061 0.000209 
5.131373 0.000205 
5.131686 0.000200 
5.131998 0.000196 
5.132310 0.000192 
5.132622 0.000187 
5.132934 0.000183 
5.133246 0.000178 
5.133558 0.000173 
5.133870 0.000168 
5.134182 0.000163 
5.134494 0.000158 
5.134806 0.000153 
5.135118 0.000148 
5.135430 0.000143 
5.135742 0.000138 
5.136054 0.000133 
5.136366 0.000129 
5.136679 0.000125 
5.136991 0.000122 
5.137303 0.000119 
5.137615 0.000117 
5.137927 0.000116 
5.138239 0.000115 
5.138551 0.000115 
5.138863 0.000116 
5.139175 0.000118 
5.139487 0.000121 
5.139799 0.000125 
5.140111 0.000129 
5.140423 0.000134 
5.140735 0.000140 
5.141047 0.000145 
5.141359 0.000151 
5.141672 0.000156 
5.141984 0.000162 
5.142296 0.000167 
5.142608 0.000171 
5.142920 0.000175 
5.143232 0.000178 
5.143544 0.000181 
5.143856 0.000182 
5.144168 0.000182 
5.144480 0.000181 
5.144792 0.000178 
5.145104 0.000175 
5.145416 0.000171 
5.145728 0.000166 
5.146040 0.000161 
5.146352 0.000155 
5.146665 0.000149 
5.146977 0.000142 
5.147289 0.000136 
5.147601 0.000129 
5.147913 0.000122 
5.148225 0.000116 
5.148537 0.000109 
5.148849 0.000104 
5.149161 0.000098 
5.149473 0.000094 
5.149785 0.000090 
5.150097 0.000086 
5.150409 0.000083 
5.150721 0.000080 
5.151033 0.000078 
5.151345 0.000076 
5.151658 0.000074 
5.151970 0.000073 
5.152282 0.000072 
5.152594 0.000071 
5.152906 0.000070 
5.153218 0.000070 
5.153530 0.000069 
5.153842 0.000069 
5.154154 0.000069 
5.154466 0.000068 
5.154778 0.000068 
5.155090 0.000068 
5.155402 0.000068 
5.155714 0.000067 
5.156026 0.000067 
5.156338 0.000066 
5.156651 0.000066 
5.156963 0.000065 
5.157275 0.000064 
5.157587 0.000064 
5.157899 0.000063 
5.158211 0.000063 
5.158523 0.000062 
5.158835 0.000062 
5.159147 0.000062 
5.159459 0.000061 
5.159771 0.000061 
5.160083 0.000061 
5.160395 0.000061 
5.160707 0.000061 
5.161019 0.000061 
5.161331 0.000062 
5.161644 0.000062 
5.161956 0.000063 
5.162268 0.000063 
5.162580 0.000064 
5.162892 0.000065 
5.163204 0.000066 
5.163516 0.000067 
5.163828 0.000068 
5.164140 0.000069 
5.164452 0.000070 
5.164764 0.000071 
5.165076 0.000072 
5.165388 0.000074 
5.165700 0.000075 
5.166012 0.000076 
5.166324 0.000078 
5.166637 0.000079 
5.166949 0.000081 
5.167261 0.000082 
5.167573 0.000083 
5.167885 0.000085 
5.168197 0.000086 
5.168509 0.000088 
5.168821 0.000089 
5.169133 0.000091 
5.169445 0.000092 
5.169757 0.000093 
5.170069 0.000094 
5.170381 0.000095 
5.170693 0.000096 
5.171005 0.000097 
5.171317 0.000098 
5.171630 0.000099 
5.171942 0.000100 
5.172254 0.000101 
5.172566 0.000101 
5.172878 0.000102 
5.173190 0.000103 
5.173502 0.000103 
5.173814 0.000103 
5.174126 0.000104 
5.174438 0.000104 
5.174750 0.000104 
5.175062 0.000104 
5.175374 0.000104 
5.175686 0.000104 
5.175998 0.000104 
5.176310 0.000103 
5.176623 0.000103 
5.176935 0.000103 
5.177247 0.000102 
5.177559 0.000102 
5.177871 0.000101 
5.178183 0.000101 
5.178495 0.000100 
5.178807 0.000099 
5.179119 0.000099 
5.179431 0.000098 
5.179743 0.000098 
5.180055 0.000097 
5.180367 0.000096 
5.180679 0.000096 
5.180991 0.000095 
5.181303 0.000094 
5.181616 0.000094 
5.181928 0.000093 
5.182240 0.000092 
5.182552 0.000092 
5.182864 0.000091 
5.183176 0.000090 
5.183488 0.000090 
5.183800 0.000089 
5.184112 0.000088 
5.184424 0.000088 
5.184736 0.000087 
5.185048 0.000086 
5.185360 0.000085 
5.185672 0.000084 
5.185984 0.000083 
5.186296 0.000082 
5.186609 0.000081 
5.186921 0.000080 
5.187233 0.000079 
5.187545 0.000079 
5.187857 0.000078 
5.188169 0.000077 
5.188481 0.000076 
5.188793 0.000075 
5.189105 0.000074 
5.189417 0.000074 
5.189729 0.000073 
5.190041 0.000072 
5.190353 0.000072 
5.190665 0.000071 
5.190977 0.000071 
5.191289 0.000071 
5.191602 0.000071 
5.191914 0.000070 
5.192226 0.000070 
5.192538 0.000070 
5.192850 0.000071 
5.193162 0.000071 
5.193474 0.000071 
5.193786 0.000071 
5.194098 0.000072 
5.194410 0.000072 
5.194722 0.000073 
5.195034 0.000073 
5.195346 0.000074 
5.195658 0.000074 
5.195970 0.000075 
5.196282 0.000076 
5.196595 0.000076 
5.196907 0.000077 
5.197219 0.000078 
5.197531 0.000078 
5.197843 0.000079 
5.198155 0.000080 
5.198467 0.000081 
5.198779 0.000081 
5.199091 0.000082 
5.199403 0.000083 
5.199715 0.000083 
5.200027 0.000084 
5.200339 0.000084 
5.200651 0.000085 
5.200963 0.000085 
5.201275 0.000085 
5.201588 0.000085 
5.201900 0.000086 
5.202212 0.000086 
5.202524 0.000086 
5.202836 0.000086 
5.203148 0.000086 
5.203460 0.000086 
5.203772 0.000086 
5.204084 0.000086 
5.204396 0.000086 
5.204708 0.000086 
5.205020 0.000086 
5.205332 0.000086 
5.205644 0.000086 
5.205956 0.000086 
5.206268 0.000086 
5.206581 0.000086 
5.206893 0.000087 
5.207205 0.000087 
5.207517 0.000088 
5.207829 0.000088 
5.208141 0.000088 
5.208453 0.000089 
5.208765 0.000090 
5.209077 0.000090 
5.209389 0.000091 
5.209701 0.000091 
5.210013 0.000092 
5.210325 0.000093 
5.210637 0.000093 
5.210949 0.000094 
5.211261 0.000095 
5.211574 0.000095 
5.211886 0.000096 
5.212198 0.000096 
5.212510 0.000097 
5.212822 0.000098 
5.213134 0.000098 
5.213446 0.000099 
5.213758 0.000099 
5.214070 0.000099 
5.214382 0.000100 
5.214694 0.000100 
5.215006 0.000101 
5.215318 0.000101 
5.215630 0.000101 
5.215942 0.000101 
5.216254 0.000102 
5.216567 0.000102 
5.216879 0.000102 
5.217191 0.000102 
5.217503 0.000102 
5.217815 0.000102 
5.218127 0.000102 
5.218439 0.000102 
5.218751 0.000102 
5.219063 0.000102 
5.219375 0.000102 
5.219687 0.000102 
5.219999 0.000102 
5.220311 0.000102 
5.220623 0.000102 
5.220935 0.000102 
5.221247 0.000102 
5.221560 0.000102 
5.221872 0.000102 
5.222184 0.000102 
5.222496 0.000102 
5.222808 0.000103 
5.223120 0.000103 
5.223432 0.000104 
5.223744 0.000104 
5.224056 0.000105 
5.224368 0.000106 
5.224680 0.000106 
5.224992 0.000107 
5.225304 0.000108 
5.225616 0.000108 
5.225928 0.000109 
5.226240 0.000110 
5.226553 0.000111 
5.226865 0.000112 
5.227177 0.000112 
5.227489 0.000113 
5.227801 0.000114 
5.228113 0.000115 
5.228425 0.000116 
5.228737 0.000117 
5.229049 0.000118 
5.229361 0.000118 
5.229673 0.000119 
5.229985 0.000120 
5.230297 0.000120 
5.230609 0.000121 
5.230921 0.000122 
5.231233 0.000122 
5.231546 0.000123 
5.231858 0.000123 
5.232170 0.000123 
5.232482 0.000124 
5.232794 0.000124 
5.233106 0.000124 
5.233418 0.000124 
5.233730 0.000124 
5.234042 0.000124 
5.234354 0.000124 
5.234666 0.000123 
5.234978 0.000123 
5.235290 0.000123 
5.235602 0.000122 
5.235914 0.000122 
5.236226 0.000121 
5.236539 0.000120 
5.236851 0.000119 
5.237163 0.000119 
5.237475 0.000118 
5.237787 0.000117 
5.238099 0.000116 
5.238411 0.000115 
5.238723 0.000113 
5.239035 0.000112 
5.239347 0.000111 
5.239659 0.000110 
5.239971 0.000108 
5.240283 0.000107 
5.240595 0.000106 
5.240907 0.000104 
5.241219 0.000103 
5.241532 0.000101 
5.241844 0.000099 
5.242156 0.000098 
5.242468 0.000096 
5.242780 0.000094 
5.243092 0.000092 
5.243404 0.000091 
5.243716 0.000089 
5.244028 0.000087 
5.244340 0.000085 
5.244652 0.000083 
5.244964 0.000081 
5.245276 0.000079 
5.245588 0.000077 
5.245900 0.000075 
5.246212 0.000073 
5.246525 0.000071 
5.246837 0.000069 
5.247149 0.000067 
5.247461 0.000065 
5.247773 0.000063 
5.248085 0.000062 
5.248397 0.000060 
5.248709 0.000058 
5.249021 0.000056 
5.249333 0.000054 
5.249645 0.000053 
5.249957 0.000051 
5.250269 0.000050 
5.250581 0.000048 
5.250893 0.000047 
5.251205 0.000045 
5.251518 0.000044 
5.251830 0.000043 
5.252142 0.000041 
5.252454 0.000040 
5.252766 0.000039 
5.253078 0.000038 
5.253390 0.000037 
5.253702 0.000036 
5.254014 0.000035 
5.254326 0.000034 
5.254638 0.000033 
5.254950 0.000033 
5.255262 0.000032 
5.255574 0.000031 
5.255886 0.000031 
5.256198 0.000030 
5.256511 0.000029 
5.256823 0.000029 
5.257135 0.000028 
5.257447 0.000028 
5.257759 0.000027 
5.258071 0.000027 
5.258383 0.000026 
5.258695 0.000026 
5.259007 0.000025 
5.259319 0.000024 
5.259631 0.000024 
5.259943 0.000023 
5.260255 0.000022 
5.260567 0.000022 
5.260879 0.000021 
5.261191 0.000020 
5.261504 0.000019 
5.261816 0.000018 
5.262128 0.000017 
5.262440 0.000016 
5.262752 0.000015 
5.263064 0.000013 
5.263376 0.000012 
5.263688 0.000011 
5.264000 0.000009 
