# Marine Intertidal Microbial Mat
# Guerrero Negro hypersaline microbial mat maintained in the greenhouse on the roof of NASA Ames August 2015
# Data provided by Mary Niki Parenteau
0.3500      0.045550
0.3520      0.046630
0.3540      0.049550
0.3560      0.047410
0.3580      0.046620
0.3600      0.045770
0.3620      0.048420
0.3640      0.047610
0.3660      0.045420
0.3680      0.047000
0.3700      0.045160
0.3720      0.045870
0.3740      0.048010
0.3760      0.047290
0.3780      0.047910
0.3800      0.048590
0.3820      0.048320
0.3840      0.048880
0.3860      0.050960
0.3880      0.053020
0.3900      0.053300
0.3920      0.054620
0.3940      0.056120
0.3960      0.056680
0.3980      0.057470
0.4000      0.058570
0.4020      0.058900
0.4040      0.059510
0.4060      0.059790
0.4080      0.059830
0.4100      0.059930
0.4120      0.059880
0.4140      0.059950
0.4160      0.059810
0.4180      0.059850
0.4200      0.059130
0.4220      0.059400
0.4240      0.058930
0.4260      0.058570
0.4280      0.058620
0.4300      0.058660
0.4320      0.058210
0.4340      0.058440
0.4360      0.058060
0.4380      0.058100
0.4400      0.058170
0.4420      0.058080
0.4440      0.058020
0.4460      0.058070
0.4480      0.058190
0.4500      0.058290
0.4520      0.058440
0.4540      0.058480
0.4560      0.058650
0.4580      0.058810
0.4600      0.058910
0.4620      0.059180
0.4640      0.059230
0.4660      0.059500
0.4680      0.059530
0.4700      0.059640
0.4720      0.059640
0.4740      0.059800
0.4760      0.059770
0.4780      0.059820
0.4800      0.060070
0.4820      0.060000
0.4840      0.060150
0.4860      0.060180
0.4880      0.060340
0.4900      0.060200
0.4920      0.060450
0.4940      0.060640
0.4960      0.061030
0.4980      0.061480
0.5000      0.061860
0.5020      0.062200
0.5040      0.062610
0.5060      0.062990
0.5080      0.063390
0.5100      0.063690
0.5120      0.064280
0.5140      0.064550
0.5160      0.065050
0.5180      0.065550
0.5200      0.066230
0.5220      0.066570
0.5240      0.067420
0.5260      0.068360
0.5280      0.069170
0.5300      0.070400
0.5320      0.071320
0.5340      0.072780
0.5360      0.074320
0.5380      0.076120
0.5400      0.077920
0.5420      0.080160
0.5440      0.082180
0.5460      0.084370
0.5480      0.086650
0.5500      0.088770
0.5520      0.090930
0.5540      0.092990
0.5560      0.094980
0.5580      0.097160
0.5600      0.099590
0.5620      0.101080
0.5640      0.102460
0.5660      0.103470
0.5680      0.104280
0.5700      0.105260
0.5720      0.105560
0.5740      0.105830
0.5760      0.105890
0.5780      0.105980
0.5800      0.106140
0.5820      0.105790
0.5840      0.105620
0.5860      0.105530
0.5880      0.105590
0.5900      0.105510
0.5920      0.105450
0.5940      0.105400
0.5960      0.105540
0.5980      0.105610
0.6000      0.105230
0.6020      0.104740
0.6040      0.104390
0.6060      0.103520
0.6080      0.102730
0.6100      0.101670
0.6120      0.100390
0.6140      0.099560
0.6160      0.098730
0.6180      0.098060
0.6200      0.097250
0.6220      0.096460
0.6240      0.096280
0.6260      0.095860
0.6280      0.095250
0.6300      0.095070
0.6320      0.094900
0.6340      0.094280
0.6360      0.094140
0.6380      0.093310
0.6400      0.092900
0.6420      0.092080
0.6440      0.091280
0.6460      0.090650
0.6480      0.089600
0.6500      0.088650
0.6520      0.087700
0.6540      0.086880
0.6560      0.085620
0.6580      0.083720
0.6600      0.081580
0.6620      0.079350
0.6640      0.077320
0.6660      0.075760
0.6680      0.074270
0.6700      0.073350
0.6720      0.072620
0.6740      0.072120
0.6760      0.072060
0.6780      0.072240
0.6800      0.072820
0.6820      0.074150
0.6840      0.076270
0.6860      0.078880
0.6880      0.082870
0.6900      0.087890
0.6920      0.093880
0.6940      0.100640
0.6960      0.107620
0.6980      0.115140
0.7000      0.122760
0.7020      0.130250
0.7040      0.137240
0.7060      0.144150
0.7080      0.150500
0.7100      0.157920
0.7120      0.163730
0.7140      0.170150
0.7160      0.176920
0.7180      0.182920
0.7200      0.188880
0.7220      0.194310
0.7240      0.199260
0.7260      0.204480
0.7280      0.209060
0.7300      0.212670
0.7320      0.216820
0.7340      0.220240
0.7360      0.223130
0.7380      0.225100
0.7400      0.228150
0.7420      0.230180
0.7440      0.232390
0.7460      0.233360
0.7480      0.235050
0.7500      0.236210
0.7520      0.236910
0.7540      0.237110
0.7560      0.236980
0.7580      0.237570
0.7600      0.237890
0.7620      0.237840
0.7640      0.238300
0.7660      0.238330
0.7680      0.238680
0.7700      0.238300
0.7720      0.237180
0.7740      0.236160
0.7760      0.234710
0.7780      0.232710
0.7800      0.230720
0.7820      0.228460
0.7840      0.225850
0.7860      0.223230
0.7880      0.221030
0.7900      0.218180
0.7920      0.216180
0.7940      0.214310
0.7960      0.213220
0.7980      0.211890
0.8000      0.210640
0.8020      0.209720
0.8040      0.210420
0.8060      0.210860
0.8080      0.211990
0.8100      0.213540
0.8120      0.214450
0.8140      0.216680
0.8160      0.218570
0.8180      0.220480
0.8200      0.221340
0.8220      0.222440
0.8240      0.222820
0.8260      0.222220
0.8280      0.221120
0.8300      0.220250
0.8320      0.217970
0.8340      0.215320
0.8360      0.212880
0.8380      0.210350
0.8400      0.207380
0.8420      0.204010
0.8440      0.200650
0.8460      0.198020
0.8480      0.194040
0.8500      0.191320
0.8520      0.188020
0.8540      0.184910
0.8560      0.182250
0.8580      0.179880
0.8600      0.178120
0.8620      0.176400
0.8640      0.175780
0.8660      0.174770
0.8680      0.174700
0.8700      0.174900
0.8720      0.175850
0.8740      0.177680
0.8760      0.178760
0.8780      0.180960
0.8800      0.183530
0.8820      0.186750
0.8840      0.189620
0.8860      0.193070
0.8880      0.196430
0.8900      0.200520
0.8920      0.204840
0.8940      0.208630
0.8960      0.213380
0.8980      0.217880
0.9000      0.221830
0.9020      0.225410
0.9040      0.228010
0.9060      0.232050
0.9080      0.235360
0.9100      0.238440
0.9120      0.241750
0.9140      0.244450
0.9160      0.246680
0.9180      0.249730
0.9200      0.251830
0.9220      0.254140
0.9240      0.255800
0.9260      0.258260
0.9280      0.258850
0.9300      0.265570
0.9320      0.272570
0.9340      0.275160
0.9360      0.274460
0.9380      0.273420
0.9400      0.271530
0.9420      0.270950
0.9440      0.269410
0.9460      0.268420
0.9480      0.266840
0.9500      0.263010
0.9520      0.259520
0.9540      0.255160
0.9560      0.252120
0.9580      0.249470
0.9600      0.246970
0.9620      0.244800
0.9640      0.243810
0.9660      0.242940
0.9680      0.241790
0.9700      0.241490
0.9720      0.241940
0.9740      0.241580
0.9760      0.241920
0.9780      0.241530
0.9800      0.241820
0.9820      0.243110
0.9840      0.243740
0.9860      0.245070
0.9880      0.246560
0.9900      0.247260
0.9920      0.248070
0.9940      0.249140
0.9960      0.250400
0.9980      0.252990
1.0000      0.253980
1.0020      0.255630
1.0040      0.257600
1.0060      0.259310
1.0080      0.261970
1.0100      0.262580
1.0120      0.264720
1.0140      0.267290
1.0160      0.268590
1.0180      0.270200
1.0200      0.271860
1.0220      0.273920
1.0240      0.275710
1.0260      0.277600
1.0280      0.280050
1.0300      0.280920
1.0320      0.283640
1.0340      0.284790
1.0360      0.287430
1.0380      0.288860
1.0400      0.290160
1.0420      0.291280
1.0440      0.293230
1.0460      0.294640
1.0480      0.296270
1.0500      0.296730
1.0520      0.299300
1.0540      0.300160
1.0560      0.301570
1.0580      0.303370
1.0600      0.304410
1.0620      0.304540
1.0640      0.305770
1.0660      0.308650
1.0680      0.309040
1.0700      0.309350
1.0720      0.309700
1.0740      0.310590
1.0760      0.311680
1.0780      0.312790
1.0800      0.312770
1.0820      0.313400
1.0840      0.312520
1.0860      0.313820
1.0880      0.314210
1.0900      0.315010
1.0920      0.314900
1.0940      0.315220
1.0960      0.315640
1.0980      0.314740
1.1000      0.313490
