# Weathered Basalt Albedo
# From the USGS Spectral Library
0.2971  0.0425
0.3011  0.0425
0.3051  0.0445
0.3091  0.0465
0.3131  0.0489
0.3171  0.0496
0.3211  0.0518
0.3251  0.0529
0.3291  0.0544
0.3331  0.0556
0.3371  0.0562
0.3411  0.0577
0.3451  0.0594
0.3491  0.0596
0.3531  0.0609
0.3571  0.0613
0.3606  0.0623
0.3636  0.0629
0.3666  0.0634
0.3696  0.0642
0.3726  0.0644
0.3756  0.0658
0.3786  0.0651
0.3811  0.0655
0.3831  0.0664
0.3851  0.0661
0.3871  0.0666
0.3891  0.0675
0.3911  0.0676
0.3931  0.0678
0.3951  0.0681
0.3971  0.0685
0.3991  0.0685
0.4011  0.0694
0.4031  0.0697
0.4051  0.0696
0.4071  0.0700
0.4091  0.0703
0.4111  0.0712
0.4128  0.0719
0.4158  0.0719
0.4188  0.0727
0.4218  0.0738
0.4248  0.0735
0.4278  0.0735
0.4308  0.0754
0.4338  0.0748
0.4368  0.0751
0.4398  0.0760
0.4428  0.0761
0.4458  0.0761
0.4488  0.0766
0.4513  0.0775
0.4533  0.0779
0.4553  0.0774
0.4573  0.0780
0.4593  0.0794
0.4613  0.0789
0.4633  0.0780
0.4653  0.0802
0.4673  0.0802
0.4693  0.0794
0.4713  0.0797
0.4733  0.0810
0.4753  0.0797
0.4773  0.0805
0.4793  0.0809
0.4813  0.0808
0.4833  0.0810
0.4853  0.0824
0.4873  0.0826
0.4893  0.0818
0.4913  0.0821
0.4933  0.0832
0.4953  0.0825
0.4973  0.0835
0.4993  0.0834
0.5013  0.0833
0.5033  0.0833
0.5053  0.0851
0.5073  0.0839
0.5093  0.0847
0.5113  0.0858
0.5133  0.0847
0.5153  0.0865
0.5173  0.0854
0.5193  0.0866
0.5213  0.0872
0.5233  0.0862
0.5253  0.0875
0.5273  0.0869
0.5293  0.0883
0.5313  0.0874
0.5333  0.0881
0.5353  0.0889
0.5373  0.0874
0.5393  0.0906
0.5413  0.0909
0.5433  0.0885
0.5453  0.0906
0.5473  0.0906
0.5493  0.0917
0.5513  0.0911
0.5533  0.0912
0.5553  0.0919
0.5573  0.0920
0.5593  0.0926
0.5613  0.0932
0.5633  0.0951
0.5653  0.0939
0.5673  0.0951
0.5693  0.0949
0.5713  0.0968
0.5733  0.0961
0.5753  0.0969
0.5773  0.0967
0.5793  0.0971
0.5813  0.0980
0.5833  0.0987
0.5853  0.0988
0.5873  0.0996
0.5893  0.1007
0.5913  0.1005
0.5933  0.1012
0.5953  0.1010
0.5973  0.1023
0.5993  0.1017
0.6011  0.1020
0.6027  0.1021
0.6043  0.1020
0.6059  0.1033
0.6075  0.1026
0.6091  0.1037
0.6107  0.1027
0.6123  0.1031
0.6139  0.1026
0.6155  0.1054
0.6171  0.1045
0.6187  0.1044
0.6203  0.1052
0.6219  0.1042
0.6235  0.1051
0.6251  0.1045
0.6267  0.1059
0.6283  0.1045
0.6299  0.1055
0.6317  0.1052
0.6337  0.1062
0.6357  0.1068
0.6377  0.1063
0.6397  0.1068
0.6417  0.1059
0.6437  0.1072
0.6457  0.1079
0.6477  0.1067
0.6497  0.1070
0.6517  0.1074
0.6537  0.1071
0.6557  0.1076
0.6577  0.1074
0.6597  0.1080
0.6617  0.1078
0.6637  0.1082
0.6657  0.1089
0.6677  0.1094
0.6702  0.1097
0.6732  0.1085
0.6762  0.1100
0.6792  0.1095
0.6822  0.1099
0.6852  0.1103
0.6882  0.1106
0.6912  0.1113
0.6942  0.1106
0.6972  0.1116
0.7002  0.1116
0.7020  0.1106
0.7040  0.1114
0.7060  0.1108
0.7080  0.1118
0.7100  0.1112
0.7120  0.1119
0.7140  0.1120
0.7160  0.1117
0.7180  0.1124
0.7200  0.1121
0.7220  0.1121
0.7240  0.1126
0.7260  0.1126
0.7280  0.1136
0.7300  0.1126
0.7320  0.1136
0.7340  0.1136
0.7360  0.1135
0.7380  0.1133
0.7400  0.1133
0.7420  0.1136
0.7440  0.1133
0.7460  0.1134
0.7480  0.1142
0.7505  0.1139
0.7535  0.1139
0.7565  0.1144
0.7595  0.1141
0.7625  0.1143
0.7655  0.1145
0.7685  0.1145
0.7715  0.1141
0.7745  0.1152
0.7775  0.1150
0.7810  0.1151
0.7850  0.1147
0.7890  0.1146
0.7930  0.1154
0.7970  0.1147
0.8015  0.1155
0.8065  0.1145
0.8115  0.1143
0.8165  0.1143
0.8220  0.1147
0.8280  0.1150
0.8350  0.1141
0.8430  0.1133
0.8510  0.1128
0.8590  0.1118
0.8710  0.1095
0.8830  0.1088
0.8940  0.1098
0.9040  0.1087
0.9140  0.1055
0.9240  0.1061
0.9330  0.1062
0.9410  0.1048
0.9490  0.1035
0.9570  0.1013
0.9640  0.1048
0.9700  0.1033
0.9760  0.1031
0.9820  0.1026
0.9880  0.1020
0.9940  0.1024
1.0000  0.1013
1.0060  0.1021
1.0120  0.1019
1.0180  0.1008
1.0235  0.1020
1.0285  0.1022
1.0335  0.1027
1.0385  0.1031
1.0435  0.1019
1.0485  0.1034
1.0535  0.1028
1.0585  0.1037
1.0635  0.1041
1.0685  0.1044
1.0735  0.1057
1.0785  0.1051
1.0835  0.1058
1.0885  0.1071
1.0935  0.1081
1.0985  0.1089
1.1035  0.1094
1.1085  0.1095
1.1135  0.1099
1.1185  0.1116
1.1235  0.1111
1.1285  0.1114
1.1335  0.1120
1.1385  0.1122
1.1435  0.1126
1.1485  0.1134
1.1535  0.1136
1.1585  0.1137
1.1635  0.1133
1.1685  0.1137
1.1735  0.1145
1.1785  0.1134
1.1835  0.1148
1.1885  0.1152
1.1935  0.1160
1.1985  0.1149
1.2035  0.1142
1.2085  0.1146
1.2135  0.1156
1.2185  0.1152
1.2235  0.1150
1.2285  0.1153
1.2335  0.1145
1.2385  0.1155
1.2435  0.1151
1.2485  0.1158
1.2535  0.1150
1.2585  0.1142
1.2635  0.1153
1.2685  0.1148
1.2735  0.1151
1.2785  0.1151
1.2835  0.1155
1.2885  0.1150
1.2935  0.1155
1.2985  0.1149
1.3035  0.1157
1.3085  0.1145
1.3135  0.1145
1.3185  0.1151
1.3235  0.1150
1.3285  0.1158
1.3335  0.1153
1.3385  0.1144
1.3435  0.1147
1.3485  0.1150
1.3535  0.1153
1.3585  0.1150
1.3635  0.1146
1.3685  0.1146
1.3735  0.1148
1.3785  0.1145
1.3835  0.1136
1.3885  0.1130
1.3935  0.1132
1.3985  0.1125
1.4035  0.1127
1.4085  0.1136
1.4135  0.1122
1.4185  0.1126
1.4235  0.1128
1.4285  0.1133
1.4335  0.1132
1.4385  0.1146
1.4435  0.1131
1.4485  0.1125
1.4535  0.1144
1.4585  0.1128
1.4635  0.1138
1.4685  0.1129
1.4735  0.1125
1.4785  0.1144
1.4835  0.1133
1.4885  0.1144
1.4935  0.1149
1.4985  0.1134
1.5035  0.1150
1.5085  0.1153
1.5135  0.1141
1.5185  0.1140
1.5235  0.1148
1.5285  0.1154
1.5340  0.1146
1.5400  0.1145
1.5460  0.1141
1.5520  0.1145
1.5580  0.1153
1.5640  0.1149
1.5705  0.1149
1.5775  0.1138
1.5845  0.1146
1.5915  0.1144
1.5985  0.1139
1.6055  0.1149
1.6125  0.1143
1.6195  0.1132
1.6265  0.1139
1.6335  0.1142
1.6405  0.1139
1.6475  0.1140
1.6545  0.1161
1.6615  0.1141
1.6685  0.1136
1.6760  0.1121
1.6840  0.1114
1.6920  0.1139
1.7000  0.1144
1.7080  0.1147
1.7160  0.1130
1.7240  0.1122
1.7320  0.1120
1.7400  0.1144
1.7480  0.1135
1.7560  0.1135
1.7640  0.1132
1.7720  0.1095
1.7800  0.1112
1.7880  0.1144
1.7960  0.1126
1.8050  0.1102
1.8150  0.1098
1.8250  0.1094
1.8350  0.1104
1.8450  0.1098
1.8550  0.1088
1.8650  0.1091
1.8750  0.1083
1.8850  0.1061
1.8950  0.1017
1.9050  0.1011
1.9150  0.1014
1.9250  0.1008
1.9350  0.1008
1.9450  0.0999
1.9550  0.1018
1.9650  0.1016
1.9750  0.1015
1.9850  0.1024
1.9950  0.1030
2.0050  0.1008
2.0150  0.1044
2.0250  0.1036
2.0350  0.1059
2.0450  0.1032
2.0550  0.1028
2.0650  0.1026
2.0750  0.1065
2.0850  0.1018
2.0950  0.1015
2.1050  0.1026
2.1150  0.0995
2.1250  0.1025
2.1350  0.1035
2.1450  0.1028
2.1550  0.1005
2.1650  0.0980
2.1750  0.0997
2.1850  0.0993
2.1950  0.0968
2.2050  0.0955
2.2150  0.0969
2.2250  0.0945
2.2350  0.0966
2.2450  0.0950
2.2550  0.0990
2.2650  0.0950
2.2750  0.0969
2.2850  0.0982
2.2950  0.0920
2.3050  0.0947
2.3150  0.0916
2.3250  0.0961
2.3350  0.0975
2.3450  0.0952
2.3550  0.0947
2.3650  0.0949
2.3750  0.1000
2.3860  0.0963
2.4000  0.0947
2.4180  0.0932
2.4400  0.0939
2.4660  0.0920
2.4960  0.0899
2.5280  0.0913
2.5600  0.0932
2.5920  0.0941
2.6240  0.0929
2.6560  0.0879
2.6880  0.0668
