3.000000e-01 2.025172e-01
3.026708e-01 2.071653e-01
3.053655e-01 2.119184e-01
3.080841e-01 2.203342e-01
3.108269e-01 2.243350e-01
3.135941e-01 2.281345e-01
3.163860e-01 2.403781e-01
3.192027e-01 2.493533e-01
3.220445e-01 2.558178e-01
3.249116e-01 2.602764e-01
3.278043e-01 2.679065e-01
3.307227e-01 2.716743e-01
3.336670e-01 2.735664e-01
3.366376e-01 2.820091e-01
3.396346e-01 2.923895e-01
3.426583e-01 2.962043e-01
3.457090e-01 2.956988e-01
3.487867e-01 3.043777e-01
3.518919e-01 3.109165e-01
3.550248e-01 3.183090e-01
3.581855e-01 3.255467e-01
3.613743e-01 3.303723e-01
3.645916e-01 3.338630e-01
3.678375e-01 3.398212e-01
3.711123e-01 3.469883e-01
3.744162e-01 3.536409e-01
3.777496e-01 3.578974e-01
3.811126e-01 3.625742e-01
3.845056e-01 3.662484e-01
3.879288e-01 3.706572e-01
3.913824e-01 3.770971e-01
3.948669e-01 3.839624e-01
3.983823e-01 3.913138e-01
4.019290e-01 3.929253e-01
4.055073e-01 3.946245e-01
4.091175e-01 3.956593e-01
4.127598e-01 3.962194e-01
4.164345e-01 3.968383e-01
4.201419e-01 3.977642e-01
4.238824e-01 3.989405e-01
4.276561e-01 3.986303e-01
4.314635e-01 3.982313e-01
4.353047e-01 3.998688e-01
4.391802e-01 4.015442e-01
4.430901e-01 4.051677e-01
4.470349e-01 4.070094e-01
4.510147e-01 4.111083e-01
4.550300e-01 4.115108e-01
4.590811e-01 4.137636e-01
4.631682e-01 4.148484e-01
4.672917e-01 4.265857e-01
4.714519e-01 4.386141e-01
4.756492e-01 4.500349e-01
4.798838e-01 4.585078e-01
4.841561e-01 4.624253e-01
4.884665e-01 4.669117e-01
4.928152e-01 4.713530e-01
4.972026e-01 4.776203e-01
5.016291e-01 4.818359e-01
5.060950e-01 4.869326e-01
5.106007e-01 4.946690e-01
5.151465e-01 4.989890e-01
5.197328e-01 5.060841e-01
5.243599e-01 5.137202e-01
5.290281e-01 5.164670e-01
5.337380e-01 5.199135e-01
5.384898e-01 5.210854e-01
5.432838e-01 5.286884e-01
5.481206e-01 5.327867e-01
5.530004e-01 5.366662e-01
5.579237e-01 5.390516e-01
5.628908e-01 5.418751e-01
5.679021e-01 5.444093e-01
5.729580e-01 5.490170e-01
5.780590e-01 5.517140e-01
5.832053e-01 5.513119e-01
5.883975e-01 5.555836e-01
5.936359e-01 5.577385e-01
5.989209e-01 5.609665e-01
6.042530e-01 5.626190e-01
6.096326e-01 5.647793e-01
6.150600e-01 5.661907e-01
6.205358e-01 5.681139e-01
6.260603e-01 5.681765e-01
6.316340e-01 5.683095e-01
6.372573e-01 5.709334e-01
6.429307e-01 5.721630e-01
6.486546e-01 5.709597e-01
6.544295e-01 5.734504e-01
6.602557e-01 5.727381e-01
6.661339e-01 5.773378e-01
6.720643e-01 5.769524e-01
6.780476e-01 5.778397e-01
6.840841e-01 5.825270e-01
6.901744e-01 5.842272e-01
6.963189e-01 5.862163e-01
7.025181e-01 5.872595e-01
7.087725e-01 5.889123e-01
7.150826e-01 5.924868e-01
7.214488e-01 5.927129e-01
7.278718e-01 5.953439e-01
7.343519e-01 5.949046e-01
7.408897e-01 5.958182e-01
7.474857e-01 5.985750e-01
7.541404e-01 5.991837e-01
7.608544e-01 5.990514e-01
7.676281e-01 6.023111e-01
7.744622e-01 6.066361e-01
7.813571e-01 6.073781e-01
7.883134e-01 6.081643e-01
7.953316e-01 6.104768e-01
8.024123e-01 6.105404e-01
8.095560e-01 6.098127e-01
8.167634e-01 6.106939e-01
8.240349e-01 6.121507e-01
8.313711e-01 6.131520e-01
8.387726e-01 6.131591e-01
8.462401e-01 6.111043e-01
8.537740e-01 6.090914e-01
8.613750e-01 6.071182e-01
8.690437e-01 6.051829e-01
8.767806e-01 6.040576e-01
8.845864e-01 6.028733e-01
8.924617e-01 6.023786e-01
9.004072e-01 6.022784e-01
9.084233e-01 6.013790e-01
9.165109e-01 5.984386e-01
9.246704e-01 5.933869e-01
9.329026e-01 5.937937e-01
9.412080e-01 5.942341e-01
9.495874e-01 5.910650e-01
9.580414e-01 5.890679e-01
9.665707e-01 5.913865e-01
9.751759e-01 5.930944e-01
9.838577e-01 5.917497e-01
9.926168e-01 5.924011e-01
1.001454e+00 5.909381e-01
1.010370e+00 5.886554e-01
1.019365e+00 5.863705e-01
1.028440e+00 5.871047e-01
1.037596e+00 5.898230e-01
1.046834e+00 5.872740e-01
1.056153e+00 5.863554e-01
1.065556e+00 5.870263e-01
1.075043e+00 5.877111e-01
1.084613e+00 5.870587e-01
1.094270e+00 5.871880e-01
1.104012e+00 5.868470e-01
1.113841e+00 5.851945e-01
1.123757e+00 5.865743e-01
1.133761e+00 5.875469e-01
1.143855e+00 5.828622e-01
1.154039e+00 5.838942e-01
1.164313e+00 5.878336e-01
1.174679e+00 5.900853e-01
1.185136e+00 5.903229e-01
1.195688e+00 5.913376e-01
1.206333e+00 5.955578e-01
1.217072e+00 5.971765e-01
1.227908e+00 5.982548e-01
1.238839e+00 6.011213e-01
1.249869e+00 6.027521e-01
1.260996e+00 6.033435e-01
1.272222e+00 6.008423e-01
1.283549e+00 6.011400e-01
1.294976e+00 6.065904e-01
1.306505e+00 6.080866e-01
1.318137e+00 6.101089e-01
1.329872e+00 6.090554e-01
1.341711e+00 6.076819e-01
1.353656e+00 5.939815e-01
1.365708e+00 5.864896e-01
1.377866e+00 5.511512e-01
1.390133e+00 4.611495e-01
1.402509e+00 4.856721e-01
1.414996e+00 5.244488e-01
1.427593e+00 5.435651e-01
1.440303e+00 5.640117e-01
1.453125e+00 5.732805e-01
1.466062e+00 5.763127e-01
1.479114e+00 5.924950e-01
1.492283e+00 6.017328e-01
1.505568e+00 6.091253e-01
1.518972e+00 6.115699e-01
1.532495e+00 6.186778e-01
1.546139e+00 6.205962e-01
1.559904e+00 6.251246e-01
1.573791e+00 6.302834e-01
1.587802e+00 6.303104e-01
1.601938e+00 6.320724e-01
1.616200e+00 6.345608e-01
1.630589e+00 6.336143e-01
1.645106e+00 6.352292e-01
1.659752e+00 6.355297e-01
1.674528e+00 6.357661e-01
1.689436e+00 6.376072e-01
1.704477e+00 6.340071e-01
1.719652e+00 6.288713e-01
1.734961e+00 6.271996e-01
1.750407e+00 6.209774e-01
1.765991e+00 6.143813e-01
1.781713e+00 6.102418e-01
1.797576e+00 6.044960e-01
1.813579e+00 5.989190e-01
1.829725e+00 5.961295e-01
1.846015e+00 5.877010e-01
1.862450e+00 5.666378e-01
1.879031e+00 5.054459e-01
1.895759e+00 3.956279e-01
1.912637e+00 3.878711e-01
1.929665e+00 4.326075e-01
1.946844e+00 4.522974e-01
1.964177e+00 4.606322e-01
1.981663e+00 4.745856e-01
1.999306e+00 4.916657e-01
2.017105e+00 5.069678e-01
2.035063e+00 5.202500e-01
2.053181e+00 5.381234e-01
2.071460e+00 5.395092e-01
2.089902e+00 5.264059e-01
2.108508e+00 5.190743e-01
2.127279e+00 5.146681e-01
2.146218e+00 5.221766e-01
2.165326e+00 5.343231e-01
2.184603e+00 5.367130e-01
2.204052e+00 5.308809e-01
2.223675e+00 5.123721e-01
2.243472e+00 4.633629e-01
2.263445e+00 4.307485e-01
2.283596e+00 4.042236e-01
2.303926e+00 3.753945e-01
2.324438e+00 3.613898e-01
2.345132e+00 3.932207e-01
2.366010e+00 3.980431e-01
2.387074e+00 3.773710e-01
2.408326e+00 3.800544e-01
2.429767e+00 3.724458e-01
2.451399e+00 3.667935e-01
2.473223e+00 3.606571e-01
2.495242e+00 3.483365e-01
2.517456e+00 3.390678e-01
2.539869e+00 3.418308e-01
2.562481e+00 3.319099e-01
2.585294e+00 3.334699e-01
2.608310e+00 3.324151e-01
2.631532e+00 3.261129e-01
2.654960e+00 3.019696e-01
2.678596e+00 2.496991e-01
2.702444e+00 1.201981e-01
2.726503e+00 8.461686e-02
2.750776e+00 9.967083e-02
2.775266e+00 1.025169e-01
2.799974e+00 1.010368e-01
2.824901e+00 1.001099e-01
2.850051e+00 1.108486e-01
2.875425e+00 1.163155e-01
2.901024e+00 1.118904e-01
2.926851e+00 1.089900e-01
2.952908e+00 1.131258e-01
2.979198e+00 1.253234e-01
3.005721e+00 1.379325e-01
3.032480e+00 1.463385e-01
3.059478e+00 1.530169e-01
3.086716e+00 1.583785e-01
3.114196e+00 1.652657e-01
3.141922e+00 1.751961e-01
3.169894e+00 1.870652e-01
3.198115e+00 1.977252e-01
3.226587e+00 2.046766e-01
3.255313e+00 2.113522e-01
3.284294e+00 2.161390e-01
3.313533e+00 2.237195e-01
3.343033e+00 2.282017e-01
3.372796e+00 2.281939e-01
3.402823e+00 2.322283e-01
3.433118e+00 2.431424e-01
3.463682e+00 2.519976e-01
3.494519e+00 2.566593e-01
3.525630e+00 2.696823e-01
3.557018e+00 2.779982e-01
3.588685e+00 2.829371e-01
3.620635e+00 2.863780e-01
3.652869e+00 2.890832e-01
3.685389e+00 2.905957e-01
3.718200e+00 2.923677e-01
3.751302e+00 2.942668e-01
3.784699e+00 2.951097e-01
3.818394e+00 2.959973e-01
3.852388e+00 2.983734e-01
3.886686e+00 3.007061e-01
3.921288e+00 3.018748e-01
3.956199e+00 3.022772e-01
3.991420e+00 3.026780e-01
4.026955e+00 3.026689e-01
4.062806e+00 3.019689e-01
4.098976e+00 3.006203e-01
4.135469e+00 2.991434e-01
4.172286e+00 2.975686e-01
4.209431e+00 2.953958e-01
4.246907e+00 2.927780e-01
4.284717e+00 2.903844e-01
4.322863e+00 2.885319e-01
4.361348e+00 2.858482e-01
4.400177e+00 2.825058e-01
4.439351e+00 2.792364e-01
4.478873e+00 2.754576e-01
4.518748e+00 2.709444e-01
4.558978e+00 2.651940e-01
4.599565e+00 2.591580e-01
4.640515e+00 2.527184e-01
4.681828e+00 2.462571e-01
4.723510e+00 2.388704e-01
4.765562e+00 2.286226e-01
4.807989e+00 2.197149e-01
4.850794e+00 2.180318e-01
4.893980e+00 2.137159e-01
4.937550e+00 2.072354e-01
4.981508e+00 2.016888e-01
5.025857e+00 1.977887e-01
5.070602e+00 1.963142e-01
5.115744e+00 1.943102e-01
5.161289e+00 1.906550e-01
5.207239e+00 1.839721e-01
5.253598e+00 1.748221e-01
5.300370e+00 1.661502e-01
5.347558e+00 1.562902e-01
5.395166e+00 1.507962e-01
5.443199e+00 1.474708e-01
5.491658e+00 1.419987e-01
5.540550e+00 1.351080e-01
5.589876e+00 1.293990e-01
5.639642e+00 1.212581e-01
5.689851e+00 1.136013e-01
5.740506e+00 1.051745e-01
5.791613e+00 9.768785e-02
5.843175e+00 9.429821e-02
5.895195e+00 8.589288e-02
5.947679e+00 7.731463e-02
6.000630e+00 6.731900e-02
6.054053e+00 5.632354e-02
6.107951e+00 4.653540e-02
6.162329e+00 4.226525e-02
6.217191e+00 4.929975e-02
6.272542e+00 6.332594e-02
6.328385e+00 7.151935e-02
6.384726e+00 7.449589e-02
6.441568e+00 7.814503e-02
6.498916e+00 8.495198e-02
6.556774e+00 9.128410e-02
6.615148e+00 9.338202e-02
6.674042e+00 9.245925e-02
6.733460e+00 8.884044e-02
6.793406e+00 8.279856e-02
6.853887e+00 7.621124e-02
6.914906e+00 6.937480e-02
6.976468e+00 6.332409e-02
7.038578e+00 5.936732e-02
7.101241e+00 5.727265e-02
7.164462e+00 5.465009e-02
7.228246e+00 5.180633e-02
7.292598e+00 4.892354e-02
7.357523e+00 4.563228e-02
7.423025e+00 4.170734e-02
7.489111e+00 3.793526e-02
7.555786e+00 3.415483e-02
7.623053e+00 3.102218e-02
7.690920e+00 2.792594e-02
7.759391e+00 2.472889e-02
7.828471e+00 2.131996e-02
7.898167e+00 1.839189e-02
7.968483e+00 1.601957e-02
8.039425e+00 1.431808e-02
8.110998e+00 1.292696e-02
8.183209e+00 1.209431e-02
8.256063e+00 1.123964e-02
8.329565e+00 1.161301e-02
8.403722e+00 1.237862e-02
8.478538e+00 1.445050e-02
8.554021e+00 1.830004e-02
8.630176e+00 2.389457e-02
8.707009e+00 3.129965e-02
8.784526e+00 3.746481e-02
8.862733e+00 4.156044e-02
8.941637e+00 4.544009e-02
9.021242e+00 5.334803e-02
9.101557e+00 6.005616e-02
9.182586e+00 6.117251e-02
9.264337e+00 6.172216e-02
9.346816e+00 6.835527e-02
9.430029e+00 7.892629e-02
9.513983e+00 8.544291e-02
9.598684e+00 9.023395e-02
9.684140e+00 9.505751e-02
9.770356e+00 1.012355e-01
9.857339e+00 1.019909e-01
9.945098e+00 1.015753e-01
1.003364e+01 1.021224e-01
1.012296e+01 1.021188e-01
1.021309e+01 9.993309e-02
1.030401e+01 9.760777e-02
1.039575e+01 9.348828e-02
1.048830e+01 8.578205e-02
1.058167e+01 7.765960e-02
1.067588e+01 7.147381e-02
1.077093e+01 6.469719e-02
1.086682e+01 5.979198e-02
1.096356e+01 5.861017e-02
1.106117e+01 6.063725e-02
1.115965e+01 6.304663e-02
1.125900e+01 6.485694e-02
1.135924e+01 6.577627e-02
1.146036e+01 6.585293e-02
1.156239e+01 6.440758e-02
1.166533e+01 6.219949e-02
1.176919e+01 5.961545e-02
1.187397e+01 5.721695e-02
1.197968e+01 5.419818e-02
1.208633e+01 4.823451e-02
1.219393e+01 4.100117e-02
1.230249e+01 3.721894e-02
1.241202e+01 3.580420e-02
1.252252e+01 3.485537e-02
1.263401e+01 3.244532e-02
1.274649e+01 3.100691e-02
1.285997e+01 2.876271e-02
1.297446e+01 2.751271e-02
1.308996e+01 2.666085e-02
1.320650e+01 2.512273e-02
1.332408e+01 2.265417e-02
1.344270e+01 2.020091e-02
1.356238e+01 1.870157e-02
1.368312e+01 1.716118e-02
1.380494e+01 1.533976e-02
1.392784e+01 1.350611e-02
1.405184e+01 1.165361e-02
1.417694e+01 1.087190e-02
1.430315e+01 1.092819e-02
1.443049e+01 1.226063e-02
1.455896e+01 1.574291e-02
1.468858e+01 1.986633e-02
1.481935e+01 2.726023e-02
1.495128e+01 3.831484e-02
1.508439e+01 4.981367e-02
1.521869e+01 5.766578e-02
1.535418e+01 6.152623e-02
1.549087e+01 6.422622e-02
1.562878e+01 6.573939e-02
1.576792e+01 6.716338e-02
1.590830e+01 6.603949e-02
1.604993e+01 6.355638e-02
1.619282e+01 5.942313e-02
1.633698e+01 5.330704e-02
1.648243e+01 4.597657e-02
1.662917e+01 3.879494e-02
1.677722e+01 3.394435e-02
1.692658e+01 3.213052e-02
1.707727e+01 3.151043e-02
1.722931e+01 3.394574e-02
1.738270e+01 3.774099e-02
1.753745e+01 4.353765e-02
1.769359e+01 5.062951e-02
1.785111e+01 5.681963e-02
1.801004e+01 6.271722e-02
1.817038e+01 6.696713e-02
1.833214e+01 6.983002e-02
1.849535e+01 7.154988e-02
1.866001e+01 7.513910e-02
1.882614e+01 8.017813e-02
1.899374e+01 8.464372e-02
1.916284e+01 9.049579e-02
1.933345e+01 9.831079e-02
1.950557e+01 1.087956e-01
1.967922e+01 1.190511e-01
1.985442e+01 1.255660e-01
2.003118e+01 1.315056e-01
2.020952e+01 1.400136e-01
2.038944e+01 1.503400e-01
2.057096e+01 1.571805e-01
2.075410e+01 1.622293e-01
2.093887e+01 1.670436e-01
2.112529e+01 1.707466e-01
2.131336e+01 1.717098e-01
2.150311e+01 1.693830e-01
2.169455e+01 1.648625e-01
2.188769e+01 1.588149e-01
2.208255e+01 1.581926e-01
2.227915e+01 1.621898e-01
2.247750e+01 1.644483e-01
2.267761e+01 1.602854e-01
2.287951e+01 1.511332e-01
2.308320e+01 1.357769e-01
2.328870e+01 1.208463e-01
2.349604e+01 1.190221e-01
2.370522e+01 1.188678e-01
2.391626e+01 1.126435e-01
2.412919e+01 1.088924e-01
2.434400e+01 1.112050e-01
2.456073e+01 1.122339e-01
2.477939e+01 9.667149e-02
2.500000e+01 4.401931e-02
