3.000000e-01 1.047863e-01
3.026708e-01 1.079277e-01
3.053655e-01 1.110950e-01
3.080841e-01 1.144631e-01
3.108269e-01 1.179505e-01
3.135941e-01 1.213672e-01
3.163860e-01 1.244228e-01
3.192027e-01 1.267252e-01
3.220445e-01 1.283372e-01
3.249116e-01 1.290848e-01
3.278043e-01 1.300699e-01
3.307227e-01 1.308724e-01
3.336670e-01 1.314793e-01
3.366376e-01 1.319810e-01
3.396346e-01 1.328410e-01
3.426583e-01 1.343523e-01
3.457090e-01 1.361842e-01
3.487867e-01 1.370743e-01
3.518919e-01 1.379903e-01
3.550248e-01 1.390560e-01
3.581855e-01 1.402994e-01
3.613743e-01 1.417513e-01
3.645916e-01 1.432483e-01
3.678375e-01 1.445274e-01
3.711123e-01 1.458378e-01
3.744162e-01 1.473081e-01
3.777496e-01 1.484873e-01
3.811126e-01 1.495851e-01
3.845056e-01 1.507795e-01
3.879288e-01 1.520939e-01
3.913824e-01 1.534747e-01
3.948669e-01 1.548185e-01
3.983823e-01 1.557525e-01
4.019290e-01 1.567012e-01
4.055073e-01 1.579704e-01
4.091175e-01 1.597065e-01
4.127598e-01 1.599885e-01
4.164345e-01 1.597806e-01
4.201419e-01 1.602029e-01
4.238824e-01 1.607619e-01
4.276561e-01 1.609991e-01
4.314635e-01 1.610932e-01
4.353047e-01 1.613264e-01
4.391802e-01 1.616964e-01
4.430901e-01 1.611293e-01
4.470349e-01 1.604441e-01
4.510147e-01 1.601501e-01
4.550300e-01 1.599159e-01
4.590811e-01 1.594213e-01
4.631682e-01 1.593125e-01
4.672917e-01 1.593189e-01
4.714519e-01 1.592451e-01
4.756492e-01 1.592089e-01
4.798838e-01 1.593568e-01
4.841561e-01 1.592631e-01
4.884665e-01 1.591102e-01
4.928152e-01 1.600591e-01
4.972026e-01 1.603383e-01
5.016291e-01 1.594305e-01
5.060950e-01 1.592382e-01
5.106007e-01 1.597655e-01
5.151465e-01 1.610691e-01
5.197328e-01 1.612034e-01
5.243599e-01 1.611539e-01
5.290281e-01 1.614106e-01
5.337380e-01 1.617156e-01
5.384898e-01 1.620520e-01
5.432838e-01 1.624000e-01
5.481206e-01 1.630609e-01
5.530004e-01 1.636962e-01
5.579237e-01 1.634631e-01
5.628908e-01 1.633502e-01
5.679021e-01 1.637085e-01
5.729580e-01 1.640837e-01
5.780590e-01 1.650730e-01
5.832053e-01 1.664397e-01
5.883975e-01 1.664918e-01
5.936359e-01 1.667865e-01
5.989209e-01 1.674905e-01
6.042530e-01 1.681877e-01
6.096326e-01 1.696312e-01
6.150600e-01 1.705611e-01
6.205358e-01 1.706516e-01
6.260603e-01 1.700093e-01
6.316340e-01 1.693788e-01
6.372573e-01 1.703062e-01
6.429307e-01 1.704430e-01
6.486546e-01 1.701287e-01
6.544295e-01 1.712477e-01
6.602557e-01 1.709140e-01
6.661339e-01 1.712926e-01
6.720643e-01 1.715524e-01
6.780476e-01 1.719804e-01
6.840841e-01 1.725652e-01
6.901744e-01 1.727521e-01
6.963189e-01 1.734685e-01
7.025181e-01 1.741893e-01
7.087725e-01 1.751705e-01
7.150826e-01 1.755845e-01
7.214488e-01 1.763467e-01
7.278718e-01 1.765608e-01
7.343519e-01 1.767165e-01
7.408897e-01 1.771876e-01
7.474857e-01 1.771456e-01
7.541404e-01 1.768426e-01
7.608544e-01 1.768944e-01
7.676281e-01 1.762334e-01
7.744622e-01 1.761058e-01
7.813571e-01 1.762473e-01
7.883134e-01 1.755417e-01
7.953316e-01 1.742356e-01
8.024123e-01 1.739665e-01
8.095560e-01 1.725868e-01
8.167634e-01 1.720665e-01
8.240349e-01 1.713612e-01
8.313711e-01 1.705496e-01
8.387726e-01 1.699984e-01
8.462401e-01 1.699010e-01
8.537740e-01 1.698035e-01
8.613750e-01 1.697062e-01
8.690437e-01 1.696088e-01
8.767806e-01 1.697101e-01
8.845864e-01 1.694878e-01
8.924617e-01 1.664781e-01
9.004072e-01 1.662559e-01
9.084233e-01 1.656015e-01
9.165109e-01 1.642954e-01
9.246704e-01 1.637040e-01
9.329026e-01 1.639639e-01
9.412080e-01 1.644951e-01
9.495874e-01 1.652425e-01
9.580414e-01 1.645822e-01
9.665707e-01 1.660112e-01
9.751759e-01 1.649630e-01
9.838577e-01 1.661461e-01
9.926168e-01 1.677006e-01
1.001454e+00 1.685504e-01
1.010370e+00 1.701134e-01
1.019365e+00 1.716401e-01
1.028440e+00 1.753522e-01
1.037596e+00 1.748924e-01
1.046834e+00 1.770066e-01
1.056153e+00 1.785540e-01
1.065556e+00 1.807323e-01
1.075043e+00 1.818846e-01
1.084613e+00 1.828964e-01
1.094270e+00 1.852818e-01
1.104012e+00 1.870273e-01
1.113841e+00 1.885116e-01
1.123757e+00 1.899489e-01
1.133761e+00 1.916070e-01
1.143855e+00 1.934921e-01
1.154039e+00 1.946417e-01
1.164313e+00 1.953105e-01
1.174679e+00 1.965082e-01
1.185136e+00 1.968915e-01
1.195688e+00 1.978357e-01
1.206333e+00 1.979979e-01
1.217072e+00 1.981089e-01
1.227908e+00 1.984049e-01
1.238839e+00 1.988400e-01
1.249869e+00 1.983390e-01
1.260996e+00 1.979665e-01
1.272222e+00 1.976738e-01
1.283549e+00 1.977814e-01
1.294976e+00 1.978873e-01
1.306505e+00 1.972528e-01
1.318137e+00 1.969617e-01
1.329872e+00 1.973870e-01
1.341711e+00 1.966560e-01
1.353656e+00 1.972620e-01
1.365708e+00 1.967230e-01
1.377866e+00 1.962723e-01
1.390133e+00 1.967814e-01
1.402509e+00 1.965507e-01
1.414996e+00 1.971147e-01
1.427593e+00 1.958667e-01
1.440303e+00 1.966651e-01
1.453125e+00 1.961183e-01
1.466062e+00 1.966459e-01
1.479114e+00 1.965856e-01
1.492283e+00 1.958159e-01
1.505568e+00 1.964652e-01
1.518972e+00 1.967195e-01
1.532495e+00 1.961464e-01
1.546139e+00 1.964212e-01
1.559904e+00 1.962323e-01
1.573791e+00 1.961687e-01
1.587802e+00 1.954427e-01
1.601938e+00 1.957103e-01
1.616200e+00 1.959359e-01
1.630589e+00 1.959672e-01
1.645106e+00 1.964217e-01
1.659752e+00 1.960640e-01
1.674528e+00 1.967693e-01
1.689436e+00 1.968226e-01
1.704477e+00 1.970321e-01
1.719652e+00 1.957014e-01
1.734961e+00 1.963265e-01
1.750407e+00 1.965787e-01
1.765991e+00 1.966716e-01
1.781713e+00 1.963615e-01
1.797576e+00 1.966541e-01
1.813579e+00 1.961397e-01
1.829725e+00 1.962890e-01
1.846015e+00 1.967678e-01
1.862450e+00 1.959195e-01
1.879031e+00 1.954846e-01
1.895759e+00 1.966475e-01
1.912637e+00 1.956059e-01
1.929665e+00 1.962332e-01
1.946844e+00 1.961343e-01
1.964177e+00 1.963723e-01
1.981663e+00 1.970430e-01
1.999306e+00 1.967504e-01
2.017105e+00 1.974602e-01
2.035063e+00 1.981117e-01
2.053181e+00 1.985517e-01
2.071460e+00 1.987412e-01
2.089902e+00 1.988091e-01
2.108508e+00 2.005777e-01
2.127279e+00 1.993176e-01
2.146218e+00 1.992181e-01
2.165326e+00 1.995083e-01
2.184603e+00 1.995401e-01
2.204052e+00 2.000332e-01
2.223675e+00 2.021098e-01
2.243472e+00 2.012191e-01
2.263445e+00 2.013648e-01
2.283596e+00 2.008719e-01
2.303926e+00 2.003523e-01
2.324438e+00 1.997048e-01
2.345132e+00 1.993899e-01
2.366010e+00 1.990474e-01
2.387074e+00 1.986641e-01
2.408326e+00 1.985267e-01
2.429767e+00 1.982382e-01
2.451399e+00 1.980837e-01
2.473223e+00 1.978321e-01
2.495242e+00 1.975797e-01
2.517456e+00 1.972477e-01
2.539869e+00 1.972635e-01
2.562481e+00 1.973698e-01
2.585294e+00 1.971626e-01
2.608310e+00 1.969427e-01
2.631532e+00 1.965213e-01
2.654960e+00 1.959572e-01
2.678596e+00 1.942341e-01
2.702444e+00 1.886561e-01
2.726503e+00 1.803653e-01
2.750776e+00 1.710246e-01
2.775266e+00 1.658777e-01
2.799974e+00 1.645311e-01
2.824901e+00 1.630080e-01
2.850051e+00 1.614170e-01
2.875425e+00 1.598637e-01
2.901024e+00 1.588638e-01
2.926851e+00 1.585511e-01
2.952908e+00 1.587312e-01
2.979198e+00 1.592533e-01
3.005721e+00 1.601723e-01
3.032480e+00 1.610529e-01
3.059478e+00 1.616965e-01
3.086716e+00 1.624076e-01
3.114196e+00 1.635559e-01
3.141922e+00 1.650421e-01
3.169894e+00 1.666533e-01
3.198115e+00 1.683103e-01
3.226587e+00 1.698820e-01
3.255313e+00 1.714730e-01
3.284294e+00 1.730011e-01
3.313533e+00 1.744206e-01
3.343033e+00 1.755900e-01
3.372796e+00 1.761110e-01
3.402823e+00 1.772814e-01
3.433118e+00 1.790702e-01
3.463682e+00 1.802881e-01
3.494519e+00 1.814434e-01
3.525630e+00 1.832607e-01
3.557018e+00 1.846469e-01
3.588685e+00 1.856640e-01
3.620635e+00 1.866473e-01
3.652869e+00 1.875224e-01
3.685389e+00 1.884763e-01
3.718200e+00 1.893363e-01
3.751302e+00 1.901435e-01
3.784699e+00 1.907701e-01
3.818394e+00 1.911518e-01
3.852388e+00 1.914356e-01
3.886686e+00 1.916197e-01
3.921288e+00 1.916841e-01
3.956199e+00 1.915543e-01
3.991420e+00 1.916386e-01
4.026955e+00 1.919307e-01
4.062806e+00 1.922094e-01
4.098976e+00 1.921853e-01
4.135469e+00 1.920311e-01
4.172286e+00 1.917155e-01
4.209431e+00 1.913878e-01
4.246907e+00 1.906976e-01
4.284717e+00 1.900033e-01
4.322863e+00 1.891421e-01
4.361348e+00 1.879785e-01
4.400177e+00 1.861970e-01
4.439351e+00 1.836877e-01
4.478873e+00 1.801563e-01
4.518748e+00 1.759213e-01
4.558978e+00 1.718931e-01
4.599565e+00 1.685018e-01
4.640515e+00 1.656248e-01
4.681828e+00 1.641057e-01
4.723510e+00 1.630733e-01
4.765562e+00 1.617583e-01
4.807989e+00 1.605648e-01
4.850794e+00 1.610848e-01
4.893980e+00 1.608087e-01
4.937550e+00 1.597392e-01
4.981508e+00 1.571492e-01
5.025857e+00 1.575823e-01
5.070602e+00 1.589044e-01
5.115744e+00 1.584860e-01
5.161289e+00 1.577227e-01
5.207239e+00 1.571360e-01
5.253598e+00 1.566064e-01
5.300370e+00 1.561553e-01
5.347558e+00 1.560385e-01
5.395166e+00 1.561682e-01
5.443199e+00 1.560456e-01
5.491658e+00 1.555986e-01
5.540550e+00 1.551299e-01
5.589876e+00 1.543281e-01
5.639642e+00 1.535535e-01
5.689851e+00 1.521830e-01
5.740506e+00 1.503336e-01
5.791613e+00 1.469656e-01
5.843175e+00 1.434369e-01
5.895195e+00 1.392389e-01
5.947679e+00 1.343738e-01
6.000630e+00 1.292099e-01
6.054053e+00 1.245363e-01
6.107951e+00 1.216954e-01
6.162329e+00 1.220623e-01
6.217191e+00 1.235685e-01
6.272542e+00 1.221844e-01
6.328385e+00 1.170159e-01
6.384726e+00 1.099565e-01
6.441568e+00 1.036133e-01
6.498916e+00 9.944811e-02
6.556774e+00 9.757254e-02
6.615148e+00 9.785630e-02
6.674042e+00 9.971121e-02
6.733460e+00 1.022823e-01
6.793406e+00 1.039711e-01
6.853887e+00 1.035236e-01
6.914906e+00 1.049664e-01
6.976468e+00 1.042577e-01
7.038578e+00 1.055943e-01
7.101241e+00 1.114136e-01
7.164462e+00 1.160904e-01
7.228246e+00 1.191775e-01
7.292598e+00 1.208409e-01
7.357523e+00 1.203597e-01
7.423025e+00 1.189086e-01
7.489111e+00 1.163152e-01
7.555786e+00 1.129904e-01
7.623053e+00 1.087692e-01
7.690920e+00 1.041725e-01
7.759391e+00 9.884051e-02
7.828471e+00 9.334725e-02
7.898167e+00 8.889948e-02
7.968483e+00 8.563788e-02
8.039425e+00 8.297863e-02
8.110998e+00 8.091447e-02
8.183209e+00 7.995304e-02
8.256063e+00 8.047053e-02
8.329565e+00 8.008476e-02
8.403722e+00 7.825161e-02
8.478538e+00 7.623123e-02
8.554021e+00 7.482380e-02
8.630176e+00 7.397430e-02
8.707009e+00 7.411112e-02
8.784526e+00 7.412984e-02
8.862733e+00 7.476529e-02
8.941637e+00 7.467373e-02
9.021242e+00 7.228485e-02
9.101557e+00 6.930570e-02
9.182586e+00 6.582494e-02
9.264337e+00 6.579064e-02
9.346816e+00 6.654298e-02
9.430029e+00 6.759864e-02
9.513983e+00 6.892883e-02
9.598684e+00 7.059196e-02
9.684140e+00 7.005338e-02
9.770356e+00 6.934412e-02
9.857339e+00 6.931445e-02
9.945098e+00 6.947790e-02
1.003364e+01 6.916707e-02
1.012296e+01 6.846886e-02
1.021309e+01 6.748579e-02
1.030401e+01 6.721640e-02
1.039575e+01 6.758496e-02
1.048830e+01 6.781870e-02
1.058167e+01 6.755134e-02
1.067588e+01 6.687013e-02
1.077093e+01 6.598473e-02
1.086682e+01 6.432552e-02
1.096356e+01 6.238815e-02
1.106117e+01 6.013876e-02
1.115965e+01 5.816971e-02
1.125900e+01 5.602892e-02
1.135924e+01 5.402578e-02
1.146036e+01 5.193726e-02
1.156239e+01 5.006402e-02
1.166533e+01 4.841165e-02
1.176919e+01 4.693937e-02
1.187397e+01 4.643220e-02
1.197968e+01 4.595446e-02
1.208633e+01 4.545576e-02
1.219393e+01 4.446620e-02
1.230249e+01 4.270622e-02
1.241202e+01 3.972649e-02
1.252252e+01 3.678240e-02
1.263401e+01 3.462806e-02
1.274649e+01 3.276208e-02
1.285997e+01 3.129563e-02
1.297446e+01 2.990481e-02
1.308996e+01 2.913398e-02
1.320650e+01 2.770873e-02
1.332408e+01 2.640073e-02
1.344270e+01 2.482928e-02
1.356238e+01 2.354286e-02
1.368312e+01 2.267665e-02
1.380494e+01 2.172192e-02
1.392784e+01 2.040936e-02
1.405184e+01 1.917138e-02
1.417694e+01 1.801542e-02
1.430315e+01 1.746381e-02
1.443049e+01 1.781529e-02
1.455896e+01 1.927706e-02
1.468858e+01 2.290825e-02
1.481935e+01 3.150480e-02
1.495128e+01 4.651250e-02
1.508439e+01 6.848536e-02
1.521869e+01 9.384698e-02
1.535418e+01 1.147086e-01
1.549087e+01 1.291260e-01
1.562878e+01 1.365244e-01
1.576792e+01 1.417192e-01
1.590830e+01 1.461514e-01
1.604993e+01 1.510318e-01
1.619282e+01 1.558985e-01
1.633698e+01 1.601489e-01
1.648243e+01 1.641687e-01
1.662917e+01 1.679213e-01
1.677722e+01 1.702096e-01
1.692658e+01 1.724542e-01
1.707727e+01 1.749274e-01
1.722931e+01 1.782451e-01
1.738270e+01 1.817397e-01
1.753745e+01 1.838619e-01
1.769359e+01 1.848872e-01
1.785111e+01 1.858641e-01
1.801004e+01 1.873779e-01
1.817038e+01 1.894100e-01
1.833214e+01 1.908339e-01
1.849535e+01 1.904660e-01
1.866001e+01 1.874140e-01
1.882614e+01 1.801960e-01
1.899374e+01 1.714000e-01
1.916284e+01 1.594271e-01
1.933345e+01 1.439430e-01
1.950557e+01 1.253119e-01
1.967922e+01 1.083363e-01
1.985442e+01 9.448594e-02
2.003118e+01 8.710303e-02
2.020952e+01 9.659316e-02
2.038944e+01 1.178211e-01
2.057096e+01 1.375545e-01
2.075410e+01 1.503215e-01
2.093887e+01 1.569132e-01
2.112529e+01 1.606397e-01
2.131336e+01 1.620227e-01
2.150311e+01 1.609906e-01
2.169455e+01 1.584491e-01
2.188769e+01 1.557586e-01
2.208255e+01 1.526702e-01
2.227915e+01 1.504361e-01
2.247750e+01 1.477547e-01
2.267761e+01 1.460546e-01
2.287951e+01 1.433863e-01
2.308320e+01 1.370156e-01
2.328870e+01 1.295876e-01
2.349604e+01 1.219457e-01
2.370522e+01 1.154593e-01
2.391626e+01 1.088397e-01
2.412919e+01 1.050465e-01
2.434400e+01 1.019398e-01
2.456073e+01 1.031768e-01
2.477939e+01 1.093157e-01
2.500000e+01 1.136546e-01
