3.000000e-01 3.678677e-01
3.026708e-01 3.760601e-01
3.053655e-01 3.847155e-01
3.080841e-01 3.928682e-01
3.108269e-01 3.999390e-01
3.135941e-01 4.065644e-01
3.163860e-01 4.138448e-01
3.192027e-01 4.186886e-01
3.220445e-01 4.227826e-01
3.249116e-01 4.271565e-01
3.278043e-01 4.311823e-01
3.307227e-01 4.345244e-01
3.336670e-01 4.373170e-01
3.366376e-01 4.399670e-01
3.396346e-01 4.423284e-01
3.426583e-01 4.450668e-01
3.457090e-01 4.477153e-01
3.487867e-01 4.483323e-01
3.518919e-01 4.547612e-01
3.550248e-01 4.582528e-01
3.581855e-01 4.595079e-01
3.613743e-01 4.608357e-01
3.645916e-01 4.621013e-01
3.678375e-01 4.631722e-01
3.711123e-01 4.635693e-01
3.744162e-01 4.685789e-01
3.777496e-01 4.663683e-01
3.811126e-01 4.648641e-01
3.845056e-01 4.670176e-01
3.879288e-01 4.694846e-01
3.913824e-01 4.714170e-01
3.948669e-01 4.729626e-01
3.983823e-01 4.737742e-01
4.019290e-01 4.746165e-01
4.055073e-01 4.757426e-01
4.091175e-01 4.768779e-01
4.127598e-01 4.780660e-01
4.164345e-01 4.788917e-01
4.201419e-01 4.796679e-01
4.238824e-01 4.804499e-01
4.276561e-01 4.812396e-01
4.314635e-01 4.820363e-01
4.353047e-01 4.828367e-01
4.391802e-01 4.836459e-01
4.430901e-01 4.843650e-01
4.470349e-01 4.846631e-01
4.510147e-01 4.845559e-01
4.550300e-01 4.853531e-01
4.590811e-01 4.863983e-01
4.631682e-01 4.867411e-01
4.672917e-01 4.878734e-01
4.714519e-01 4.883347e-01
4.756492e-01 4.895204e-01
4.798838e-01 4.904027e-01
4.841561e-01 4.910674e-01
4.884665e-01 4.920074e-01
4.928152e-01 4.928681e-01
4.972026e-01 4.942063e-01
5.016291e-01 4.947422e-01
5.060950e-01 4.954602e-01
5.106007e-01 4.966351e-01
5.151465e-01 4.970973e-01
5.197328e-01 4.980377e-01
5.243599e-01 4.991164e-01
5.290281e-01 4.998453e-01
5.337380e-01 5.001817e-01
5.384898e-01 5.010848e-01
5.432838e-01 5.022826e-01
5.481206e-01 5.029952e-01
5.530004e-01 5.027623e-01
5.579237e-01 5.034607e-01
5.628908e-01 5.044518e-01
5.679021e-01 5.050453e-01
5.729580e-01 5.056436e-01
5.780590e-01 5.066379e-01
5.832053e-01 5.073988e-01
5.883975e-01 5.075900e-01
5.936359e-01 5.078507e-01
5.989209e-01 5.081221e-01
6.042530e-01 5.083719e-01
6.096326e-01 5.084632e-01
6.150600e-01 5.090036e-01
6.205358e-01 5.085982e-01
6.260603e-01 5.087148e-01
6.316340e-01 5.091872e-01
6.372573e-01 5.088068e-01
6.429307e-01 5.088647e-01
6.486546e-01 5.088352e-01
6.544295e-01 5.088631e-01
6.602557e-01 5.088557e-01
6.661339e-01 5.092935e-01
6.720643e-01 5.084909e-01
6.780476e-01 5.082995e-01
6.840841e-01 5.086922e-01
6.901744e-01 5.080412e-01
6.963189e-01 5.086517e-01
7.025181e-01 5.087352e-01
7.087725e-01 5.082697e-01
7.150826e-01 5.089415e-01
7.214488e-01 5.086001e-01
7.278718e-01 5.092500e-01
7.343519e-01 5.090868e-01
7.408897e-01 5.092806e-01
7.474857e-01 5.102986e-01
7.541404e-01 5.110685e-01
7.608544e-01 5.111008e-01
7.676281e-01 5.126679e-01
7.744622e-01 5.123438e-01
7.813571e-01 5.131342e-01
7.883134e-01 5.141623e-01
7.953316e-01 5.155395e-01
8.024123e-01 5.158516e-01
8.095560e-01 5.161923e-01
8.167634e-01 5.162887e-01
8.240349e-01 5.167784e-01
8.313711e-01 5.169385e-01
8.387726e-01 5.171381e-01
8.462401e-01 5.175041e-01
8.537740e-01 5.178712e-01
8.613750e-01 5.182394e-01
8.690437e-01 5.186085e-01
8.767806e-01 5.173236e-01
8.845864e-01 5.162610e-01
8.924617e-01 5.169708e-01
9.004072e-01 5.175349e-01
9.084233e-01 5.176282e-01
9.165109e-01 5.179486e-01
9.246704e-01 5.192001e-01
9.329026e-01 5.179777e-01
9.412080e-01 5.177228e-01
9.495874e-01 5.174184e-01
9.580414e-01 5.174292e-01
9.665707e-01 5.191959e-01
9.751759e-01 5.193086e-01
9.838577e-01 5.179811e-01
9.926168e-01 5.189594e-01
1.001454e+00 5.192314e-01
1.010370e+00 5.196118e-01
1.019365e+00 5.192828e-01
1.028440e+00 5.200989e-01
1.037596e+00 5.194993e-01
1.046834e+00 5.204705e-01
1.056153e+00 5.195847e-01
1.065556e+00 5.192143e-01
1.075043e+00 5.192045e-01
1.084613e+00 5.193775e-01
1.094270e+00 5.195059e-01
1.104012e+00 5.184776e-01
1.113841e+00 5.188654e-01
1.123757e+00 5.190757e-01
1.133761e+00 5.190163e-01
1.143855e+00 5.184647e-01
1.154039e+00 5.186853e-01
1.164313e+00 5.188421e-01
1.174679e+00 5.195160e-01
1.185136e+00 5.196731e-01
1.195688e+00 5.201879e-01
1.206333e+00 5.201303e-01
1.217072e+00 5.207122e-01
1.227908e+00 5.212255e-01
1.238839e+00 5.220569e-01
1.249869e+00 5.227344e-01
1.260996e+00 5.233953e-01
1.272222e+00 5.240094e-01
1.283549e+00 5.250183e-01
1.294976e+00 5.260054e-01
1.306505e+00 5.272195e-01
1.318137e+00 5.284559e-01
1.329872e+00 5.297314e-01
1.341711e+00 5.300068e-01
1.353656e+00 5.314670e-01
1.365708e+00 5.330009e-01
1.377866e+00 5.340876e-01
1.390133e+00 5.351687e-01
1.402509e+00 5.361409e-01
1.414996e+00 5.382371e-01
1.427593e+00 5.401870e-01
1.440303e+00 5.416399e-01
1.453125e+00 5.428064e-01
1.466062e+00 5.448770e-01
1.479114e+00 5.462007e-01
1.492283e+00 5.479259e-01
1.505568e+00 5.492704e-01
1.518972e+00 5.502488e-01
1.532495e+00 5.529958e-01
1.546139e+00 5.541112e-01
1.559904e+00 5.561051e-01
1.573791e+00 5.570668e-01
1.587802e+00 5.591932e-01
1.601938e+00 5.602331e-01
1.616200e+00 5.618109e-01
1.630589e+00 5.630797e-01
1.645106e+00 5.647708e-01
1.659752e+00 5.667694e-01
1.674528e+00 5.677686e-01
1.689436e+00 5.692811e-01
1.704477e+00 5.722726e-01
1.719652e+00 5.730768e-01
1.734961e+00 5.749944e-01
1.750407e+00 5.765313e-01
1.765991e+00 5.779926e-01
1.781713e+00 5.797449e-01
1.797576e+00 5.808132e-01
1.813579e+00 5.817533e-01
1.829725e+00 5.836682e-01
1.846015e+00 5.848823e-01
1.862450e+00 5.866127e-01
1.879031e+00 5.873419e-01
1.895759e+00 5.876563e-01
1.912637e+00 5.896926e-01
1.929665e+00 5.909202e-01
1.946844e+00 5.916227e-01
1.964177e+00 5.946272e-01
1.981663e+00 5.969643e-01
1.999306e+00 5.982422e-01
2.017105e+00 6.001280e-01
2.035063e+00 6.015970e-01
2.053181e+00 6.033068e-01
2.071460e+00 6.048351e-01
2.089902e+00 6.065717e-01
2.108508e+00 6.084728e-01
2.127279e+00 6.116958e-01
2.146218e+00 6.123926e-01
2.165326e+00 6.116115e-01
2.184603e+00 6.109900e-01
2.204052e+00 6.116318e-01
2.223675e+00 6.123926e-01
2.243472e+00 6.132049e-01
2.263445e+00 6.121092e-01
2.283596e+00 6.099962e-01
2.303926e+00 6.079719e-01
2.324438e+00 6.055851e-01
2.345132e+00 6.031499e-01
2.366010e+00 6.010884e-01
2.387074e+00 5.989937e-01
2.408326e+00 5.975093e-01
2.429767e+00 5.960707e-01
2.451399e+00 5.935981e-01
2.473223e+00 5.910302e-01
2.495242e+00 5.885487e-01
2.517456e+00 5.864533e-01
2.539869e+00 5.847591e-01
2.562481e+00 5.802104e-01
2.585294e+00 5.794988e-01
2.608310e+00 5.769222e-01
2.631532e+00 5.777419e-01
2.654960e+00 5.730096e-01
2.678596e+00 5.601648e-01
2.702444e+00 5.097142e-01
2.726503e+00 5.013818e-01
2.750776e+00 4.981251e-01
2.775266e+00 4.838259e-01
2.799974e+00 4.745307e-01
2.824901e+00 4.655617e-01
2.850051e+00 4.574759e-01
2.875425e+00 4.505436e-01
2.901024e+00 4.459782e-01
2.926851e+00 4.428340e-01
2.952908e+00 4.386063e-01
2.979198e+00 4.423886e-01
3.005721e+00 4.441804e-01
3.032480e+00 4.458444e-01
3.059478e+00 4.493731e-01
3.086716e+00 4.527926e-01
3.114196e+00 4.566646e-01
3.141922e+00 4.622702e-01
3.169894e+00 4.695673e-01
3.198115e+00 4.754086e-01
3.226587e+00 4.804309e-01
3.255313e+00 4.847494e-01
3.284294e+00 4.890880e-01
3.313533e+00 4.930904e-01
3.343033e+00 4.945367e-01
3.372796e+00 4.872744e-01
3.402823e+00 4.844790e-01
3.433118e+00 4.908685e-01
3.463682e+00 4.992485e-01
3.494519e+00 4.962463e-01
3.525630e+00 5.050686e-01
3.557018e+00 5.070119e-01
3.588685e+00 5.059625e-01
3.620635e+00 5.054338e-01
3.652869e+00 5.043944e-01
3.685389e+00 4.999655e-01
3.718200e+00 4.942146e-01
3.751302e+00 4.928127e-01
3.784699e+00 4.954400e-01
3.818394e+00 4.946341e-01
3.852388e+00 4.916466e-01
3.886686e+00 4.922311e-01
3.921288e+00 4.923172e-01
3.956199e+00 4.881410e-01
3.991420e+00 4.837751e-01
4.026955e+00 4.829314e-01
4.062806e+00 4.820695e-01
4.098976e+00 4.759561e-01
4.135469e+00 4.681259e-01
4.172286e+00 4.611030e-01
4.209431e+00 4.537685e-01
4.246907e+00 4.486168e-01
4.284717e+00 4.390328e-01
4.322863e+00 4.334002e-01
4.361348e+00 4.207362e-01
4.400177e+00 4.036228e-01
4.439351e+00 3.919102e-01
4.478873e+00 3.830731e-01
4.518748e+00 3.839693e-01
4.558978e+00 3.878135e-01
4.599565e+00 3.794421e-01
4.640515e+00 3.612126e-01
4.681828e+00 3.438105e-01
4.723510e+00 3.460661e-01
4.765562e+00 3.399804e-01
4.807989e+00 3.305564e-01
4.850794e+00 3.202139e-01
4.893980e+00 3.118442e-01
4.937550e+00 3.080237e-01
4.981508e+00 3.049815e-01
5.025857e+00 2.979093e-01
5.070602e+00 2.873502e-01
5.115744e+00 2.746197e-01
5.161289e+00 2.604315e-01
5.207239e+00 2.461875e-01
5.253598e+00 2.335490e-01
5.300370e+00 2.234583e-01
5.347558e+00 2.145875e-01
5.395166e+00 2.064946e-01
5.443199e+00 1.984722e-01
5.491658e+00 1.911050e-01
5.540550e+00 1.837805e-01
5.589876e+00 1.771724e-01
5.639642e+00 1.714250e-01
5.689851e+00 1.696934e-01
5.740506e+00 1.679368e-01
5.791613e+00 1.646869e-01
5.843175e+00 1.626521e-01
5.895195e+00 1.576942e-01
5.947679e+00 1.540558e-01
6.000630e+00 1.465833e-01
6.054053e+00 1.406018e-01
6.107951e+00 1.391012e-01
6.162329e+00 1.368596e-01
6.217191e+00 1.354487e-01
6.272542e+00 1.342210e-01
6.328385e+00 1.347455e-01
6.384726e+00 1.358804e-01
6.441568e+00 1.367210e-01
6.498916e+00 1.359994e-01
6.556774e+00 1.342823e-01
6.615148e+00 1.303622e-01
6.674042e+00 1.282994e-01
6.733460e+00 1.241878e-01
6.793406e+00 1.181187e-01
6.853887e+00 1.142612e-01
6.914906e+00 1.120334e-01
6.976468e+00 1.073042e-01
7.038578e+00 1.013472e-01
7.101241e+00 9.542293e-02
7.164462e+00 8.743829e-02
7.228246e+00 7.972203e-02
7.292598e+00 7.197039e-02
7.357523e+00 6.421856e-02
7.423025e+00 5.700636e-02
7.489111e+00 5.050338e-02
7.555786e+00 4.632021e-02
7.623053e+00 4.944811e-02
7.690920e+00 6.165615e-02
7.759391e+00 8.098657e-02
7.828471e+00 1.020746e-01
7.898167e+00 1.366718e-01
7.968483e+00 1.813949e-01
8.039425e+00 2.209845e-01
8.110998e+00 2.657516e-01
8.183209e+00 3.060042e-01
8.256063e+00 3.173329e-01
8.329565e+00 3.163610e-01
8.403722e+00 3.121868e-01
8.478538e+00 3.059237e-01
8.554021e+00 2.856543e-01
8.630176e+00 2.377158e-01
8.707009e+00 2.851655e-01
8.784526e+00 3.005493e-01
8.862733e+00 3.155780e-01
8.941637e+00 3.292803e-01
9.021242e+00 3.406211e-01
9.101557e+00 3.522078e-01
9.182586e+00 3.611222e-01
9.264337e+00 3.645175e-01
9.346816e+00 3.236584e-01
9.430029e+00 2.537355e-01
9.513983e+00 2.161492e-01
9.598684e+00 1.971162e-01
9.684140e+00 1.858455e-01
9.770356e+00 1.765093e-01
9.857339e+00 1.679913e-01
9.945098e+00 1.598202e-01
1.003364e+01 1.518588e-01
1.012296e+01 1.448649e-01
1.021309e+01 1.405890e-01
1.030401e+01 1.392688e-01
1.039575e+01 1.380687e-01
1.048830e+01 1.379637e-01
1.058167e+01 1.370613e-01
1.067588e+01 1.373805e-01
1.077093e+01 1.373722e-01
1.086682e+01 1.366318e-01
1.096356e+01 1.351008e-01
1.106117e+01 1.338070e-01
1.115965e+01 1.323744e-01
1.125900e+01 1.315579e-01
1.135924e+01 1.310154e-01
1.146036e+01 1.303471e-01
1.156239e+01 1.290072e-01
1.166533e+01 1.278639e-01
1.176919e+01 1.274370e-01
1.187397e+01 1.264877e-01
1.197968e+01 1.264306e-01
1.208633e+01 1.230921e-01
1.219393e+01 1.160608e-01
1.230249e+01 1.152569e-01
1.241202e+01 1.527879e-01
1.252252e+01 1.598229e-01
1.263401e+01 1.441593e-01
1.274649e+01 1.552505e-01
1.285997e+01 1.486368e-01
1.297446e+01 1.332891e-01
1.308996e+01 1.257211e-01
1.320650e+01 1.225655e-01
1.332408e+01 1.212496e-01
1.344270e+01 1.201745e-01
1.356238e+01 1.198561e-01
1.368312e+01 1.192487e-01
1.380494e+01 1.179608e-01
1.392784e+01 1.177705e-01
1.405184e+01 1.167697e-01
1.417694e+01 1.151320e-01
1.430315e+01 1.168785e-01
1.443049e+01 1.273559e-01
1.455896e+01 1.243482e-01
1.468858e+01 1.220638e-01
1.481935e+01 1.206532e-01
1.495128e+01 1.201829e-01
1.508439e+01 1.191420e-01
1.521869e+01 1.196516e-01
1.535418e+01 1.223750e-01
1.549087e+01 1.251454e-01
1.562878e+01 1.276427e-01
1.576792e+01 1.291169e-01
1.590830e+01 1.316201e-01
1.604993e+01 1.338987e-01
1.619282e+01 1.341693e-01
1.633698e+01 1.388376e-01
1.648243e+01 1.418875e-01
1.662917e+01 1.435737e-01
1.677722e+01 1.448628e-01
1.692658e+01 1.460659e-01
1.707727e+01 1.460905e-01
1.722931e+01 1.459274e-01
1.738270e+01 1.473984e-01
1.753745e+01 1.499005e-01
1.769359e+01 1.538915e-01
1.785111e+01 1.625309e-01
1.801004e+01 1.863251e-01
1.817038e+01 2.132860e-01
1.833214e+01 2.198422e-01
1.849535e+01 2.143240e-01
1.866001e+01 2.064039e-01
1.882614e+01 2.005805e-01
1.899374e+01 1.986671e-01
1.916284e+01 2.061699e-01
1.933345e+01 2.248872e-01
1.950557e+01 2.639240e-01
1.967922e+01 3.248926e-01
1.985442e+01 3.659378e-01
2.003118e+01 3.835643e-01
2.020952e+01 3.951116e-01
2.038944e+01 4.024030e-01
2.057096e+01 4.060692e-01
2.075410e+01 4.055882e-01
2.093887e+01 4.041303e-01
2.112529e+01 3.979334e-01
2.131336e+01 3.882525e-01
2.150311e+01 3.768300e-01
2.169455e+01 3.629511e-01
2.188769e+01 3.536276e-01
2.208255e+01 3.439148e-01
2.227915e+01 3.179785e-01
2.247750e+01 2.909137e-01
2.267761e+01 2.760788e-01
2.287951e+01 2.664977e-01
2.308320e+01 2.616546e-01
2.328870e+01 2.568887e-01
2.349604e+01 2.557683e-01
2.370522e+01 2.500740e-01
2.391626e+01 2.487522e-01
2.412919e+01 2.494884e-01
2.434400e+01 2.424396e-01
2.456073e+01 2.247738e-01
2.477939e+01 1.757802e-01
2.500000e+01 7.946974e-03
