3.000000e-01 2.076205e-01
3.026708e-01 2.128871e-01
3.053655e-01 2.182923e-01
3.080841e-01 2.238467e-01
3.108269e-01 2.292090e-01
3.135941e-01 2.342661e-01
3.163860e-01 2.388966e-01
3.192027e-01 2.430784e-01
3.220445e-01 2.469992e-01
3.249116e-01 2.506610e-01
3.278043e-01 2.537852e-01
3.307227e-01 2.567568e-01
3.336670e-01 2.596073e-01
3.366376e-01 2.622306e-01
3.396346e-01 2.647139e-01
3.426583e-01 2.672324e-01
3.457090e-01 2.697563e-01
3.487867e-01 2.720637e-01
3.518919e-01 2.742533e-01
3.550248e-01 2.762940e-01
3.581855e-01 2.782002e-01
3.613743e-01 2.800459e-01
3.645916e-01 2.819286e-01
3.678375e-01 2.836601e-01
3.711123e-01 2.851018e-01
3.744162e-01 2.862445e-01
3.777496e-01 2.871801e-01
3.811126e-01 2.880738e-01
3.845056e-01 2.890819e-01
3.879288e-01 2.907865e-01
3.913824e-01 2.924752e-01
3.948669e-01 2.938955e-01
3.983823e-01 2.951699e-01
4.019290e-01 2.964871e-01
4.055073e-01 2.977852e-01
4.091175e-01 2.988013e-01
4.127598e-01 2.996880e-01
4.164345e-01 3.004764e-01
4.201419e-01 3.012112e-01
4.238824e-01 3.020077e-01
4.276561e-01 3.024269e-01
4.314635e-01 3.027762e-01
4.353047e-01 3.032972e-01
4.391802e-01 3.036850e-01
4.430901e-01 3.038458e-01
4.470349e-01 3.039921e-01
4.510147e-01 3.042743e-01
4.550300e-01 3.047187e-01
4.590811e-01 3.053580e-01
4.631682e-01 3.061562e-01
4.672917e-01 3.068028e-01
4.714519e-01 3.072766e-01
4.756492e-01 3.077727e-01
4.798838e-01 3.084017e-01
4.841561e-01 3.090350e-01
4.884665e-01 3.096467e-01
4.928152e-01 3.103303e-01
4.972026e-01 3.110347e-01
5.016291e-01 3.116031e-01
5.060950e-01 3.120283e-01
5.106007e-01 3.125406e-01
5.151465e-01 3.133068e-01
5.197328e-01 3.141308e-01
5.243599e-01 3.147850e-01
5.290281e-01 3.153328e-01
5.337380e-01 3.158863e-01
5.384898e-01 3.163892e-01
5.432838e-01 3.168076e-01
5.481206e-01 3.175021e-01
5.530004e-01 3.182236e-01
5.579237e-01 3.190314e-01
5.628908e-01 3.198227e-01
5.679021e-01 3.205924e-01
5.729580e-01 3.211944e-01
5.780590e-01 3.218734e-01
5.832053e-01 3.224454e-01
5.883975e-01 3.229036e-01
5.936359e-01 3.234121e-01
5.989209e-01 3.236411e-01
6.042530e-01 3.238166e-01
6.096326e-01 3.243136e-01
6.150600e-01 3.246660e-01
6.205358e-01 3.251044e-01
6.260603e-01 3.253051e-01
6.316340e-01 3.255918e-01
6.372573e-01 3.258525e-01
6.429307e-01 3.261995e-01
6.486546e-01 3.266654e-01
6.544295e-01 3.269722e-01
6.602557e-01 3.273032e-01
6.661339e-01 3.274284e-01
6.720643e-01 3.276839e-01
6.780476e-01 3.278313e-01
6.840841e-01 3.280889e-01
6.901744e-01 3.282106e-01
6.963189e-01 3.283672e-01
7.025181e-01 3.287096e-01
7.087725e-01 3.288760e-01
7.150826e-01 3.292277e-01
7.214488e-01 3.294043e-01
7.278718e-01 3.295336e-01
7.343519e-01 3.298318e-01
7.408897e-01 3.298488e-01
7.474857e-01 3.298631e-01
7.541404e-01 3.300815e-01
7.608544e-01 3.301501e-01
7.676281e-01 3.305039e-01
7.744622e-01 3.303879e-01
7.813571e-01 3.301302e-01
7.883134e-01 3.300651e-01
7.953316e-01 3.296604e-01
8.024123e-01 3.290732e-01
8.095560e-01 3.285148e-01
8.167634e-01 3.280625e-01
8.240349e-01 3.275349e-01
8.313711e-01 3.267076e-01
8.387726e-01 3.255862e-01
8.462401e-01 3.244448e-01
8.537740e-01 3.233115e-01
8.613750e-01 3.221860e-01
8.690437e-01 3.210684e-01
8.767806e-01 3.194415e-01
8.845864e-01 3.176994e-01
8.924617e-01 3.158952e-01
9.004072e-01 3.145557e-01
9.084233e-01 3.133169e-01
9.165109e-01 3.120784e-01
9.246704e-01 3.108792e-01
9.329026e-01 3.098344e-01
9.412080e-01 3.090934e-01
9.495874e-01 3.081947e-01
9.580414e-01 3.075403e-01
9.665707e-01 3.069721e-01
9.751759e-01 3.066469e-01
9.838577e-01 3.065372e-01
9.926168e-01 3.065801e-01
1.001454e+00 3.068414e-01
1.010370e+00 3.072611e-01
1.019365e+00 3.076993e-01
1.028440e+00 3.085574e-01
1.037596e+00 3.095615e-01
1.046834e+00 3.109004e-01
1.056153e+00 3.124342e-01
1.065556e+00 3.143431e-01
1.075043e+00 3.160855e-01
1.084613e+00 3.178871e-01
1.094270e+00 3.195874e-01
1.104012e+00 3.209277e-01
1.113841e+00 3.222374e-01
1.123757e+00 3.233802e-01
1.133761e+00 3.244191e-01
1.143855e+00 3.252101e-01
1.154039e+00 3.256848e-01
1.164313e+00 3.260085e-01
1.174679e+00 3.259638e-01
1.185136e+00 3.256075e-01
1.195688e+00 3.239801e-01
1.206333e+00 3.220840e-01
1.217072e+00 3.206308e-01
1.227908e+00 3.190780e-01
1.238839e+00 3.181249e-01
1.249869e+00 3.178526e-01
1.260996e+00 3.178589e-01
1.272222e+00 3.179115e-01
1.283549e+00 3.181075e-01
1.294976e+00 3.181605e-01
1.306505e+00 3.184198e-01
1.318137e+00 3.194106e-01
1.329872e+00 3.203762e-01
1.341711e+00 3.210027e-01
1.353656e+00 3.211917e-01
1.365708e+00 3.211297e-01
1.377866e+00 3.206033e-01
1.390133e+00 3.200013e-01
1.402509e+00 3.172884e-01
1.414996e+00 3.087999e-01
1.427593e+00 2.954177e-01
1.440303e+00 2.659118e-01
1.453125e+00 2.358472e-01
1.466062e+00 2.095897e-01
1.479114e+00 1.875955e-01
1.492283e+00 1.763032e-01
1.505568e+00 1.758360e-01
1.518972e+00 1.766994e-01
1.532495e+00 1.782376e-01
1.546139e+00 1.806779e-01
1.559904e+00 1.829712e-01
1.573791e+00 1.888114e-01
1.587802e+00 1.956683e-01
1.601938e+00 2.019026e-01
1.616200e+00 2.060595e-01
1.630589e+00 2.049378e-01
1.645106e+00 2.036101e-01
1.659752e+00 2.095991e-01
1.674528e+00 2.186162e-01
1.689436e+00 2.271425e-01
1.704477e+00 2.349567e-01
1.719652e+00 2.418048e-01
1.734961e+00 2.475488e-01
1.750407e+00 2.518259e-01
1.765991e+00 2.550195e-01
1.781713e+00 2.567092e-01
1.797576e+00 2.582399e-01
1.813579e+00 2.591464e-01
1.829725e+00 2.595024e-01
1.846015e+00 2.577627e-01
1.862450e+00 2.510877e-01
1.879031e+00 2.364030e-01
1.895759e+00 2.134441e-01
1.912637e+00 1.853913e-01
1.929665e+00 1.646091e-01
1.946844e+00 1.522038e-01
1.964177e+00 1.426617e-01
1.981663e+00 1.376801e-01
1.999306e+00 1.366645e-01
2.017105e+00 1.377505e-01
2.035063e+00 1.405669e-01
2.053181e+00 1.450022e-01
2.071460e+00 1.509138e-01
2.089902e+00 1.591953e-01
2.108508e+00 1.713868e-01
2.127279e+00 1.888615e-01
2.146218e+00 2.043679e-01
2.165326e+00 2.174315e-01
2.184603e+00 2.290384e-01
2.204052e+00 2.392687e-01
2.223675e+00 2.473290e-01
2.243472e+00 2.510808e-01
2.263445e+00 2.439722e-01
2.283596e+00 2.334992e-01
2.303926e+00 2.224824e-01
2.324438e+00 2.093257e-01
2.345132e+00 1.987750e-01
2.366010e+00 1.907670e-01
2.387074e+00 1.847808e-01
2.408326e+00 1.802936e-01
2.429767e+00 1.764863e-01
2.451399e+00 1.732729e-01
2.473223e+00 1.705751e-01
2.495242e+00 1.686244e-01
2.517456e+00 1.687392e-01
2.539869e+00 1.700758e-01
2.562481e+00 1.715991e-01
2.585294e+00 1.690418e-01
2.608310e+00 1.576901e-01
2.631532e+00 1.417819e-01
2.654960e+00 1.362338e-01
2.678596e+00 1.307812e-01
2.702444e+00 1.254175e-01
2.726503e+00 1.201368e-01
2.750776e+00 1.149336e-01
2.775266e+00 1.098031e-01
2.799974e+00 1.047408e-01
2.824901e+00 9.974279e-02
2.850051e+00 9.480550e-02
2.875425e+00 8.992571e-02
2.901024e+00 8.510053e-02
2.926851e+00 8.595234e-02
2.952908e+00 8.732059e-02
2.979198e+00 8.911746e-02
3.005721e+00 9.183052e-02
3.032480e+00 9.539288e-02
3.059478e+00 1.009817e-01
3.086716e+00 1.013085e-01
3.114196e+00 1.001347e-01
3.141922e+00 9.900504e-02
3.169894e+00 9.789353e-02
3.198115e+00 9.677681e-02
3.226587e+00 9.588531e-02
3.255313e+00 9.548546e-02
3.284294e+00 9.511273e-02
3.313533e+00 9.472031e-02
3.343033e+00 9.430170e-02
3.372796e+00 9.457371e-02
3.402823e+00 9.525077e-02
3.433118e+00 9.597328e-02
3.463682e+00 9.660289e-02
3.494519e+00 9.724820e-02
3.525630e+00 1.011761e-01
3.557018e+00 1.071385e-01
3.588685e+00 1.114843e-01
3.620635e+00 1.154836e-01
3.652869e+00 1.189617e-01
3.685389e+00 1.224550e-01
3.718200e+00 1.250029e-01
3.751302e+00 1.235577e-01
3.784699e+00 1.217026e-01
3.818394e+00 1.198439e-01
3.852388e+00 1.179444e-01
3.886686e+00 1.151393e-01
3.921288e+00 1.113696e-01
3.956199e+00 1.080508e-01
3.991420e+00 1.056670e-01
4.026955e+00 1.033740e-01
4.062806e+00 1.006663e-01
4.098976e+00 9.822811e-02
4.135469e+00 9.688176e-02
4.172286e+00 9.549758e-02
4.209431e+00 9.405926e-02
4.246907e+00 9.255253e-02
4.284717e+00 9.144305e-02
4.322863e+00 9.056896e-02
4.361348e+00 8.964585e-02
4.400177e+00 8.873105e-02
4.439351e+00 8.781084e-02
4.478873e+00 8.704247e-02
4.518748e+00 8.667283e-02
4.558978e+00 8.619197e-02
4.599565e+00 8.593815e-02
4.640515e+00 8.578178e-02
4.681828e+00 8.639167e-02
4.723510e+00 8.821902e-02
4.765562e+00 8.908895e-02
4.807989e+00 9.002721e-02
4.850794e+00 9.088601e-02
4.893980e+00 9.160385e-02
4.937550e+00 9.194917e-02
4.981508e+00 9.096599e-02
5.025857e+00 8.969757e-02
5.070602e+00 8.833793e-02
5.115744e+00 8.634329e-02
5.161289e+00 8.374326e-02
5.207239e+00 8.110687e-02
5.253598e+00 7.852794e-02
5.300370e+00 7.613476e-02
5.347558e+00 7.393626e-02
5.395166e+00 7.156830e-02
5.443199e+00 6.923298e-02
5.491658e+00 6.716516e-02
5.540550e+00 6.518966e-02
5.589876e+00 6.295946e-02
5.639642e+00 6.059404e-02
5.689851e+00 5.888328e-02
5.740506e+00 5.756200e-02
5.791613e+00 5.606348e-02
5.843175e+00 5.456291e-02
5.895195e+00 5.295718e-02
5.947679e+00 5.132585e-02
6.000630e+00 5.002549e-02
6.054053e+00 4.910295e-02
6.107951e+00 4.854111e-02
6.162329e+00 4.830013e-02
6.217191e+00 4.845266e-02
6.272542e+00 4.870922e-02
6.328385e+00 4.903228e-02
6.384726e+00 4.941077e-02
6.441568e+00 4.963832e-02
6.498916e+00 4.967105e-02
6.556774e+00 4.960324e-02
6.615148e+00 4.943694e-02
6.674042e+00 4.939892e-02
6.733460e+00 4.943163e-02
6.793406e+00 4.925237e-02
6.853887e+00 4.893268e-02
6.914906e+00 4.851247e-02
6.976468e+00 4.783853e-02
7.038578e+00 4.699914e-02
7.101241e+00 4.602915e-02
7.164462e+00 4.491491e-02
7.228246e+00 4.364139e-02
7.292598e+00 4.222185e-02
7.357523e+00 4.061343e-02
7.423025e+00 3.885262e-02
7.489111e+00 3.697397e-02
7.555786e+00 3.503252e-02
7.623053e+00 3.296631e-02
7.690920e+00 3.078366e-02
7.759391e+00 2.874123e-02
7.828471e+00 2.678098e-02
7.898167e+00 2.486933e-02
7.968483e+00 2.329072e-02
8.039425e+00 2.270147e-02
8.110998e+00 2.376706e-02
8.183209e+00 2.718543e-02
8.256063e+00 3.237727e-02
8.329565e+00 3.621577e-02
8.403722e+00 3.750021e-02
8.478538e+00 3.805514e-02
8.554021e+00 3.851183e-02
8.630176e+00 3.904183e-02
8.707009e+00 3.946432e-02
8.784526e+00 3.956051e-02
8.862733e+00 3.968421e-02
8.941637e+00 3.945629e-02
9.021242e+00 3.864673e-02
9.101557e+00 3.729172e-02
9.182586e+00 3.571551e-02
9.264337e+00 3.484612e-02
9.346816e+00 3.494611e-02
9.430029e+00 3.552984e-02
9.513983e+00 3.666337e-02
9.598684e+00 3.801129e-02
9.684140e+00 3.882126e-02
9.770356e+00 3.891719e-02
9.857339e+00 3.895557e-02
9.945098e+00 3.905772e-02
1.003364e+01 3.864758e-02
1.012296e+01 3.783337e-02
1.021309e+01 3.740932e-02
1.030401e+01 3.780682e-02
1.039575e+01 3.868185e-02
1.048830e+01 3.919743e-02
1.058167e+01 3.947665e-02
1.067588e+01 3.940376e-02
1.077093e+01 3.934565e-02
1.086682e+01 3.882485e-02
1.096356e+01 3.765488e-02
1.106117e+01 3.649862e-02
1.115965e+01 3.542438e-02
1.125900e+01 3.438498e-02
1.135924e+01 3.334896e-02
1.146036e+01 3.258184e-02
1.156239e+01 3.162673e-02
1.166533e+01 3.094342e-02
1.176919e+01 3.069245e-02
1.187397e+01 3.083388e-02
1.197968e+01 3.135111e-02
1.208633e+01 3.210358e-02
1.219393e+01 3.243342e-02
1.230249e+01 3.135161e-02
1.241202e+01 2.939166e-02
1.252252e+01 2.740676e-02
1.263401e+01 2.596144e-02
1.274649e+01 2.510528e-02
1.285997e+01 2.489835e-02
1.297446e+01 2.503199e-02
1.308996e+01 2.494795e-02
1.320650e+01 2.497667e-02
1.332408e+01 2.479718e-02
1.344270e+01 2.453799e-02
1.356238e+01 2.453264e-02
1.368312e+01 2.469185e-02
1.380494e+01 2.448046e-02
1.392784e+01 2.426917e-02
1.405184e+01 2.405797e-02
1.417694e+01 2.384687e-02
1.430315e+01 2.363586e-02
1.443049e+01 2.342494e-02
1.455896e+01 2.321412e-02
1.468858e+01 2.300339e-02
1.481935e+01 2.279275e-02
1.495128e+01 2.258220e-02
1.508439e+01 2.237175e-02
1.521869e+01 2.216140e-02
1.535418e+01 2.195113e-02
1.549087e+01 2.174096e-02
1.562878e+01 2.153088e-02
1.576792e+01 2.132090e-02
1.590830e+01 2.111100e-02
1.604993e+01 2.090121e-02
1.619282e+01 2.069150e-02
1.633698e+01 2.048189e-02
1.648243e+01 2.027237e-02
1.662917e+01 2.006294e-02
1.677722e+01 1.985361e-02
1.692658e+01 1.964437e-02
1.707727e+01 1.943523e-02
1.722931e+01 1.922617e-02
1.738270e+01 1.901721e-02
1.753745e+01 1.880835e-02
1.769359e+01 1.859957e-02
1.785111e+01 1.839089e-02
1.801004e+01 1.818231e-02
1.817038e+01 1.797381e-02
1.833214e+01 1.776541e-02
1.849535e+01 1.755710e-02
1.866001e+01 1.734889e-02
1.882614e+01 1.714077e-02
1.899374e+01 1.693274e-02
1.916284e+01 1.672481e-02
1.933345e+01 1.651696e-02
1.950557e+01 1.630922e-02
1.967922e+01 1.610156e-02
1.985442e+01 1.589400e-02
2.003118e+01 1.568653e-02
2.020952e+01 1.547915e-02
2.038944e+01 1.527187e-02
2.057096e+01 1.506468e-02
2.075410e+01 1.485759e-02
2.093887e+01 1.465058e-02
2.112529e+01 1.444367e-02
2.131336e+01 1.423686e-02
2.150311e+01 1.403014e-02
2.169455e+01 1.382351e-02
2.188769e+01 1.361697e-02
2.208255e+01 1.341053e-02
2.227915e+01 1.320418e-02
2.247750e+01 1.299792e-02
2.267761e+01 1.279176e-02
2.287951e+01 1.258569e-02
2.308320e+01 1.237971e-02
2.328870e+01 1.217383e-02
2.349604e+01 1.196804e-02
2.370522e+01 1.176235e-02
2.391626e+01 1.155674e-02
2.412919e+01 1.135123e-02
2.434400e+01 1.114582e-02
2.456073e+01 1.094050e-02
2.477939e+01 1.073527e-02
2.500000e+01 1.053013e-02
