3.000000e-01 4.041302e-02
3.026708e-01 4.096946e-02
3.053655e-01 4.152653e-02
3.080841e-01 4.309471e-02
3.108269e-01 4.362300e-02
3.135941e-01 4.391423e-02
3.163860e-01 4.574694e-02
3.192027e-01 4.884501e-02
3.220445e-01 5.107114e-02
3.249116e-01 5.076372e-02
3.278043e-01 5.123475e-02
3.307227e-01 5.180940e-02
3.336670e-01 5.246078e-02
3.366376e-01 5.341339e-02
3.396346e-01 5.243298e-02
3.426583e-01 5.363153e-02
3.457090e-01 5.620111e-02
3.487867e-01 5.460551e-02
3.518919e-01 5.761099e-02
3.550248e-01 5.888749e-02
3.581855e-01 5.892050e-02
3.613743e-01 5.877121e-02
3.645916e-01 5.797268e-02
3.678375e-01 5.816073e-02
3.711123e-01 5.840109e-02
3.744162e-01 5.865766e-02
3.777496e-01 5.869191e-02
3.811126e-01 5.851213e-02
3.845056e-01 5.889755e-02
3.879288e-01 5.799259e-02
3.913824e-01 5.826026e-02
3.948669e-01 5.793287e-02
3.983823e-01 5.842586e-02
4.019290e-01 5.920239e-02
4.055073e-01 5.925507e-02
4.091175e-01 5.995992e-02
4.127598e-01 6.017898e-02
4.164345e-01 6.044576e-02
4.201419e-01 6.087250e-02
4.238824e-01 6.108965e-02
4.276561e-01 6.155182e-02
4.314635e-01 6.260010e-02
4.353047e-01 6.348000e-02
4.391802e-01 6.370429e-02
4.430901e-01 6.426698e-02
4.470349e-01 6.552101e-02
4.510147e-01 6.545011e-02
4.550300e-01 6.619145e-02
4.590811e-01 6.716016e-02
4.631682e-01 6.825589e-02
4.672917e-01 6.875423e-02
4.714519e-01 7.006236e-02
4.756492e-01 7.143861e-02
4.798838e-01 7.266929e-02
4.841561e-01 7.285308e-02
4.884665e-01 7.440747e-02
4.928152e-01 7.566407e-02
4.972026e-01 7.616624e-02
5.016291e-01 7.663347e-02
5.060950e-01 7.794795e-02
5.106007e-01 7.822596e-02
5.151465e-01 7.974975e-02
5.197328e-01 7.947651e-02
5.243599e-01 7.988287e-02
5.290281e-01 8.036872e-02
5.337380e-01 8.104355e-02
5.384898e-01 8.127691e-02
5.432838e-01 8.207650e-02
5.481206e-01 8.211581e-02
5.530004e-01 8.186396e-02
5.579237e-01 8.264199e-02
5.628908e-01 8.315031e-02
5.679021e-01 8.369677e-02
5.729580e-01 8.417584e-02
5.780590e-01 8.432599e-02
5.832053e-01 8.489675e-02
5.883975e-01 8.552857e-02
5.936359e-01 8.495990e-02
5.989209e-01 8.376001e-02
6.042530e-01 8.469152e-02
6.096326e-01 8.494480e-02
6.150600e-01 8.458555e-02
6.205358e-01 8.475450e-02
6.260603e-01 8.528138e-02
6.316340e-01 8.488623e-02
6.372573e-01 8.547955e-02
6.429307e-01 8.540131e-02
6.486546e-01 8.591353e-02
6.544295e-01 8.706574e-02
6.602557e-01 8.745027e-02
6.661339e-01 8.753730e-02
6.720643e-01 8.849635e-02
6.780476e-01 8.789610e-02
6.840841e-01 8.876859e-02
6.901744e-01 8.982398e-02
6.963189e-01 8.993196e-02
7.025181e-01 8.977845e-02
7.087725e-01 9.119878e-02
7.150826e-01 9.017583e-02
7.214488e-01 9.051522e-02
7.278718e-01 9.070642e-02
7.343519e-01 9.038644e-02
7.408897e-01 8.987292e-02
7.474857e-01 9.043590e-02
7.541404e-01 8.996637e-02
7.608544e-01 9.001121e-02
7.676281e-01 8.947180e-02
7.744622e-01 8.933765e-02
7.813571e-01 8.898316e-02
7.883134e-01 8.919458e-02
7.953316e-01 8.850992e-02
8.024123e-01 8.856145e-02
8.095560e-01 8.852311e-02
8.167634e-01 8.789569e-02
8.240349e-01 8.797486e-02
8.313711e-01 8.784179e-02
8.387726e-01 8.746891e-02
8.462401e-01 8.804458e-02
8.537740e-01 8.862101e-02
8.613750e-01 8.919821e-02
8.690437e-01 8.977618e-02
8.767806e-01 8.845744e-02
8.845864e-01 8.727557e-02
8.924617e-01 8.711096e-02
9.004072e-01 8.850918e-02
9.084233e-01 8.955914e-02
9.165109e-01 8.966545e-02
9.246704e-01 8.887768e-02
9.329026e-01 8.739130e-02
9.412080e-01 8.653281e-02
9.495874e-01 8.706204e-02
9.580414e-01 8.521494e-02
9.665707e-01 8.671220e-02
9.751759e-01 8.807892e-02
9.838577e-01 8.728796e-02
9.926168e-01 8.809185e-02
1.001454e+00 8.918119e-02
1.010370e+00 8.906815e-02
1.019365e+00 8.838264e-02
1.028440e+00 8.763798e-02
1.037596e+00 8.979758e-02
1.046834e+00 9.070503e-02
1.056153e+00 9.153981e-02
1.065556e+00 9.411332e-02
1.075043e+00 9.268625e-02
1.084613e+00 9.416391e-02
1.094270e+00 9.566303e-02
1.104012e+00 9.591789e-02
1.113841e+00 9.749142e-02
1.123757e+00 9.789919e-02
1.133761e+00 1.002455e-01
1.143855e+00 1.003808e-01
1.154039e+00 1.021131e-01
1.164313e+00 1.032991e-01
1.174679e+00 1.052600e-01
1.185136e+00 1.073053e-01
1.195688e+00 1.096867e-01
1.206333e+00 1.108171e-01
1.217072e+00 1.126225e-01
1.227908e+00 1.148123e-01
1.238839e+00 1.171299e-01
1.249869e+00 1.200553e-01
1.260996e+00 1.208952e-01
1.272222e+00 1.235372e-01
1.283549e+00 1.255403e-01
1.294976e+00 1.277466e-01
1.306505e+00 1.297854e-01
1.318137e+00 1.323914e-01
1.329872e+00 1.338993e-01
1.341711e+00 1.362618e-01
1.353656e+00 1.377417e-01
1.365708e+00 1.409521e-01
1.377866e+00 1.427042e-01
1.390133e+00 1.458222e-01
1.402509e+00 1.477080e-01
1.414996e+00 1.489614e-01
1.427593e+00 1.533062e-01
1.440303e+00 1.541859e-01
1.453125e+00 1.580588e-01
1.466062e+00 1.607071e-01
1.479114e+00 1.613906e-01
1.492283e+00 1.627675e-01
1.505568e+00 1.653650e-01
1.518972e+00 1.663230e-01
1.532495e+00 1.679386e-01
1.546139e+00 1.692294e-01
1.559904e+00 1.714504e-01
1.573791e+00 1.720663e-01
1.587802e+00 1.729887e-01
1.601938e+00 1.743672e-01
1.616200e+00 1.747904e-01
1.630589e+00 1.754964e-01
1.645106e+00 1.765704e-01
1.659752e+00 1.766587e-01
1.674528e+00 1.769494e-01
1.689436e+00 1.771218e-01
1.704477e+00 1.791535e-01
1.719652e+00 1.787714e-01
1.734961e+00 1.788593e-01
1.750407e+00 1.802143e-01
1.765991e+00 1.812898e-01
1.781713e+00 1.809733e-01
1.797576e+00 1.799784e-01
1.813579e+00 1.800516e-01
1.829725e+00 1.807524e-01
1.846015e+00 1.813949e-01
1.862450e+00 1.807068e-01
1.879031e+00 1.804849e-01
1.895759e+00 1.808531e-01
1.912637e+00 1.805340e-01
1.929665e+00 1.804903e-01
1.946844e+00 1.793629e-01
1.964177e+00 1.802890e-01
1.981663e+00 1.812867e-01
1.999306e+00 1.821811e-01
2.017105e+00 1.807536e-01
2.035063e+00 1.815664e-01
2.053181e+00 1.824161e-01
2.071460e+00 1.825552e-01
2.089902e+00 1.822058e-01
2.108508e+00 1.826226e-01
2.127279e+00 1.839804e-01
2.146218e+00 1.849996e-01
2.165326e+00 1.848076e-01
2.184603e+00 1.854149e-01
2.204052e+00 1.857305e-01
2.223675e+00 1.861228e-01
2.243472e+00 1.867760e-01
2.263445e+00 1.845043e-01
2.283596e+00 1.818813e-01
2.303926e+00 1.793783e-01
2.324438e+00 1.770751e-01
2.345132e+00 1.749342e-01
2.366010e+00 1.728870e-01
2.387074e+00 1.709881e-01
2.408326e+00 1.694635e-01
2.429767e+00 1.680790e-01
2.451399e+00 1.669294e-01
2.473223e+00 1.659906e-01
2.495242e+00 1.641437e-01
2.517456e+00 1.626267e-01
2.539869e+00 1.617014e-01
2.562481e+00 1.612428e-01
2.585294e+00 1.603173e-01
2.608310e+00 1.593309e-01
2.631532e+00 1.588112e-01
2.654960e+00 1.589297e-01
2.678596e+00 1.592643e-01
2.702444e+00 1.572549e-01
2.726503e+00 1.545753e-01
2.750776e+00 1.491940e-01
2.775266e+00 1.427435e-01
2.799974e+00 1.336307e-01
2.824901e+00 1.218516e-01
2.850051e+00 1.086650e-01
2.875425e+00 9.469840e-02
2.901024e+00 8.236511e-02
2.926851e+00 7.438136e-02
2.952908e+00 6.912043e-02
2.979198e+00 6.544286e-02
3.005721e+00 6.352556e-02
3.032480e+00 6.203378e-02
3.059478e+00 6.120797e-02
3.086716e+00 6.098023e-02
3.114196e+00 6.227967e-02
3.141922e+00 6.382824e-02
3.169894e+00 6.562341e-02
3.198115e+00 6.711223e-02
3.226587e+00 6.894837e-02
3.255313e+00 7.087596e-02
3.284294e+00 7.284983e-02
3.313533e+00 7.511115e-02
3.343033e+00 7.789579e-02
3.372796e+00 8.034217e-02
3.402823e+00 8.298154e-02
3.433118e+00 8.555009e-02
3.463682e+00 8.773825e-02
3.494519e+00 8.982531e-02
3.525630e+00 9.162800e-02
3.557018e+00 9.320290e-02
3.588685e+00 9.487572e-02
3.620635e+00 9.609101e-02
3.652869e+00 9.743456e-02
3.685389e+00 9.862885e-02
3.718200e+00 1.000256e-01
3.751302e+00 1.008696e-01
3.784699e+00 1.013826e-01
3.818394e+00 1.020508e-01
3.852388e+00 1.029078e-01
3.886686e+00 1.045948e-01
3.921288e+00 1.065584e-01
3.956199e+00 1.082324e-01
3.991420e+00 1.097135e-01
4.026955e+00 1.110353e-01
4.062806e+00 1.119753e-01
4.098976e+00 1.123807e-01
4.135469e+00 1.126578e-01
4.172286e+00 1.129653e-01
4.209431e+00 1.132326e-01
4.246907e+00 1.132101e-01
4.284717e+00 1.125821e-01
4.322863e+00 1.126333e-01
4.361348e+00 1.127253e-01
4.400177e+00 1.131196e-01
4.439351e+00 1.129960e-01
4.478873e+00 1.123531e-01
4.518748e+00 1.119337e-01
4.558978e+00 1.116806e-01
4.599565e+00 1.118968e-01
4.640515e+00 1.129642e-01
4.681828e+00 1.138270e-01
4.723510e+00 1.147338e-01
4.765562e+00 1.151309e-01
4.807989e+00 1.150178e-01
4.850794e+00 1.161684e-01
4.893980e+00 1.161437e-01
4.937550e+00 1.171722e-01
4.981508e+00 1.192222e-01
5.025857e+00 1.203645e-01
5.070602e+00 1.214929e-01
5.115744e+00 1.228851e-01
5.161289e+00 1.236818e-01
5.207239e+00 1.240784e-01
5.253598e+00 1.238990e-01
5.300370e+00 1.231114e-01
5.347558e+00 1.222778e-01
5.395166e+00 1.208562e-01
5.443199e+00 1.190973e-01
5.491658e+00 1.171686e-01
5.540550e+00 1.145628e-01
5.589876e+00 1.121357e-01
5.639642e+00 1.096756e-01
5.689851e+00 1.060544e-01
5.740506e+00 1.030703e-01
5.791613e+00 1.007887e-01
5.843175e+00 9.844486e-02
5.895195e+00 9.776215e-02
5.947679e+00 9.472330e-02
6.000630e+00 9.098837e-02
6.054053e+00 8.699412e-02
6.107951e+00 8.817401e-02
6.162329e+00 9.443389e-02
6.217191e+00 1.005134e-01
6.272542e+00 1.061613e-01
6.328385e+00 1.107456e-01
6.384726e+00 1.141715e-01
6.441568e+00 1.164736e-01
6.498916e+00 1.160775e-01
6.556774e+00 1.126697e-01
6.615148e+00 1.083364e-01
6.674042e+00 1.025869e-01
6.733460e+00 1.027433e-01
6.793406e+00 1.081155e-01
6.853887e+00 1.138988e-01
6.914906e+00 1.174515e-01
6.976468e+00 1.202859e-01
7.038578e+00 1.221088e-01
7.101241e+00 1.224914e-01
7.164462e+00 1.240004e-01
7.228246e+00 1.242258e-01
7.292598e+00 1.247216e-01
7.357523e+00 1.251566e-01
7.423025e+00 1.259388e-01
7.489111e+00 1.266792e-01
7.555786e+00 1.271460e-01
7.623053e+00 1.285506e-01
7.690920e+00 1.297385e-01
7.759391e+00 1.318540e-01
7.828471e+00 1.344087e-01
7.898167e+00 1.381765e-01
7.968483e+00 1.425998e-01
8.039425e+00 1.472902e-01
8.110998e+00 1.492307e-01
8.183209e+00 1.457616e-01
8.256063e+00 1.432249e-01
8.329565e+00 1.416648e-01
8.403722e+00 1.397333e-01
8.478538e+00 1.358230e-01
8.554021e+00 1.296721e-01
8.630176e+00 1.272024e-01
8.707009e+00 1.277258e-01
8.784526e+00 1.230258e-01
8.862733e+00 1.178097e-01
8.941637e+00 1.141593e-01
9.021242e+00 1.127431e-01
9.101557e+00 1.141592e-01
9.182586e+00 1.166953e-01
9.264337e+00 1.175887e-01
9.346816e+00 1.163258e-01
9.430029e+00 1.195331e-01
9.513983e+00 1.294849e-01
9.598684e+00 1.380626e-01
9.684140e+00 1.208157e-01
9.770356e+00 1.125751e-01
9.857339e+00 1.060157e-01
9.945098e+00 9.696597e-02
1.003364e+01 9.374062e-02
1.012296e+01 9.276170e-02
1.021309e+01 9.256358e-02
1.030401e+01 9.269545e-02
1.039575e+01 9.338117e-02
1.048830e+01 9.387052e-02
1.058167e+01 9.412662e-02
1.067588e+01 9.542497e-02
1.077093e+01 9.646106e-02
1.086682e+01 9.681606e-02
1.096356e+01 9.722094e-02
1.106117e+01 9.823140e-02
1.115965e+01 9.889953e-02
1.125900e+01 9.928524e-02
1.135924e+01 9.943309e-02
1.146036e+01 9.869274e-02
1.156239e+01 9.703412e-02
1.166533e+01 9.484489e-02
1.176919e+01 9.260476e-02
1.187397e+01 9.052825e-02
1.197968e+01 8.763024e-02
1.208633e+01 8.565159e-02
1.219393e+01 8.324710e-02
1.230249e+01 8.191184e-02
1.241202e+01 8.071808e-02
1.252252e+01 7.955232e-02
1.263401e+01 7.892863e-02
1.274649e+01 8.088400e-02
1.285997e+01 8.241321e-02
1.297446e+01 8.242378e-02
1.308996e+01 8.326761e-02
1.320650e+01 8.441479e-02
1.332408e+01 8.570904e-02
1.344270e+01 8.565323e-02
1.356238e+01 8.606291e-02
1.368312e+01 8.652916e-02
1.380494e+01 8.712263e-02
1.392784e+01 8.776453e-02
1.405184e+01 8.862204e-02
1.417694e+01 9.003808e-02
1.430315e+01 9.178886e-02
1.443049e+01 9.385086e-02
1.455896e+01 9.638404e-02
1.468858e+01 9.917634e-02
1.481935e+01 1.033927e-01
1.495128e+01 1.024743e-01
1.508439e+01 9.436985e-02
1.521869e+01 8.882877e-02
1.535418e+01 8.802476e-02
1.549087e+01 9.002375e-02
1.562878e+01 9.314237e-02
1.576792e+01 9.757248e-02
1.590830e+01 9.953283e-02
1.604993e+01 9.665291e-02
1.619282e+01 9.533188e-02
1.633698e+01 9.922867e-02
1.648243e+01 1.033831e-01
1.662917e+01 1.053516e-01
1.677722e+01 1.091704e-01
1.692658e+01 1.118042e-01
1.707727e+01 1.095421e-01
1.722931e+01 1.053181e-01
1.738270e+01 1.031163e-01
1.753745e+01 1.022806e-01
1.769359e+01 1.014273e-01
1.785111e+01 1.011272e-01
1.801004e+01 1.017679e-01
1.817038e+01 1.028211e-01
1.833214e+01 1.028751e-01
1.849535e+01 1.026936e-01
1.866001e+01 1.029254e-01
1.882614e+01 1.030355e-01
1.899374e+01 1.032174e-01
1.916284e+01 1.024275e-01
1.933345e+01 1.009021e-01
1.950557e+01 9.939902e-02
1.967922e+01 9.815081e-02
1.985442e+01 9.683147e-02
2.003118e+01 9.726322e-02
2.020952e+01 9.612251e-02
2.038944e+01 9.534912e-02
2.057096e+01 9.401374e-02
2.075410e+01 9.395397e-02
2.093887e+01 9.198836e-02
2.112529e+01 8.993228e-02
2.131336e+01 8.989273e-02
2.150311e+01 8.711919e-02
2.169455e+01 8.218563e-02
2.188769e+01 8.026556e-02
2.208255e+01 7.408824e-02
2.227915e+01 6.911341e-02
2.247750e+01 5.824014e-02
2.267761e+01 4.801318e-02
2.287951e+01 6.448663e-02
2.308320e+01 1.151456e-01
2.328870e+01 1.471836e-01
2.349604e+01 1.720457e-01
2.370522e+01 1.941515e-01
2.391626e+01 2.122624e-01
2.412919e+01 2.296228e-01
2.434400e+01 2.428110e-01
2.456073e+01 2.572556e-01
2.477939e+01 2.729710e-01
2.500000e+01 2.902597e-01
