0.146581	0.49438587	1.3802475
0.1750042	0.5343623	1.538969
0.1926536	0.5892548	1.6877232
0.207065	0.7033873	2.1137497
0.2247829	0.87197053	2.213072
0.236453	1.0305154	2.237991
0.248161	1.1741973	2.129302
0.259730	1.3079647	1.951299
0.286640	1.4072518	1.3924241
0.326188	1.4422622	0.86822385
0.361639	1.4177849	0.40329897
0.413690	1.2696319	0.101761416
0.459769	1.2005656	0.00312813
0.598939	1.1119353	0.00643299
0.922439	1.0580148	0.00597349
1.725110	1.0386628	0.005531664
3.609400	1.0290309	0.005142857
4.000000	2.614	0.0000001
5.000000	2.605 	0.0000001
6.000000	2.595 	0.0000001
7.000000	2.582 	0.0000001
8.000000	2.570 	0.0000001
9.000000	2.554	0.0000001 
10.000000	2.532 	0.0000001
11.000000	2.508 	0.0000001
12.000000	2.478 	0.0000001
13.000000	2.435	0.0000001
1.316949e+01    2.441505e+00    1.000000e-05
1.338299e+01    2.434129e+00    1.000000e-05
1.359846e+01    2.426326e+00    1.000000e-05
1.381591e+01    2.418300e+00    1.000000e-05
1.403537e+01    2.409916e+00    1.000000e-05
1.425685e+01    2.401195e+00    1.000000e-05
1.448037e+01    2.392150e+00    1.000000e-05
1.470595e+01    2.382693e+00    1.000000e-05
1.493361e+01    2.372821e+00    1.000000e-05
1.516337e+01    2.362489e+00    1.000000e-05
1.539524e+01    2.351432e+00    1.000000e-05
1.562925e+01    2.340341e+00    1.000000e-05
1.586542e+01    2.328534e+00    1.000000e-05
1.610376e+01    2.316165e+00    1.002822e-05
1.634430e+01    2.303239e+00    1.012494e-05
1.658706e+01    2.289594e+00    1.030940e-05
1.683205e+01    2.275262e+00    1.060349e-05
1.707930e+01    2.260010e+00    1.103365e-05
1.732883e+01    2.243923e+00    1.163329e-05
1.758065e+01    2.226953e+00    1.244615e-05
1.783480e+01    2.208922e+00    1.353118e-05
1.809129e+01    2.189687e+00    1.496930e-05
1.835015e+01    2.169397e+00    1.687386e-05
1.861139e+01    2.147295e+00    1.940595e-05
1.887503e+01    2.123741e+00    2.279858e-05
1.914111e+01    2.098211e+00    2.739484e-05
1.940963e+01    2.070424e+00    3.370748e-05
1.968064e+01    2.040004e+00    4.251973e-05
1.995414e+01    2.006175e+00    5.504790e-05
2.023016e+01    1.967858e+00    7.322397e-05
2.050872e+01    1.920577e+00    1.001816e-04
2.067485e+01    1.886932e+00    1.222730e-04
2.076923e+01    1.868499e+00    1.374959e-04
2.086420e+01    1.850977e+00    1.551972e-04
2.095975e+01    1.833711e+00    1.758474e-04
2.105590e+01    1.816599e+00    2.000255e-04
2.115265e+01    1.799336e+00    2.284340e-04
2.125000e+01    1.782039e+00    2.619333e-04
2.134796e+01    1.765314e+00    3.015853e-04
2.144654e+01    1.746407e+00    3.487022e-04
2.154574e+01    1.728123e+00    4.049056e-04
2.164557e+01    1.709310e+00    4.722191e-04
2.174603e+01    1.690186e+00    5.531638e-04
2.184713e+01    1.670475e+00    6.509105e-04
2.194888e+01    1.650423e+00    7.694557e-04
2.205128e+01    1.629776e+00    9.138424e-04
2.215434e+01    1.608885e+00    1.090492e-03
2.225806e+01    1.586464e+00    1.307579e-03
2.236246e+01    1.564332e+00    1.575631e-03
2.246753e+01    1.541187e+00    1.908122e-03
2.257329e+01    1.517773e+00    2.322576e-03
2.267974e+01    1.493775e+00    2.841701e-03
2.278689e+01    1.469767e+00    3.495200e-03
2.289474e+01    1.445752e+00    2.376606e-02
2.300330e+01    1.422497e+00    4.635934e-02
2.311258e+01    1.400528e+00    7.078770e-02
2.322259e+01    1.379187e+00    9.710019e-02
2.333333e+01    1.359756e+00    1.253258e-01
2.344482e+01    1.342004e+00    1.547605e-01
2.355705e+01    1.325731e+00    1.853276e-01
2.367003e+01    1.311431e+00    2.167102e-01
2.378378e+01    1.298459e+00    2.485850e-01
2.389831e+01    1.287047e+00    2.808803e-01
2.401361e+01    1.276719e+00    3.134374e-01
2.412969e+01    1.267516e+00    3.463056e-01
2.424658e+01    1.259125e+00    3.794900e-01
2.436426e+01    1.251279e+00    4.132875e-01
2.448276e+01    1.243410e+00    4.495177e-01
2.460208e+01    1.240676e+00    4.878324e-01
2.472222e+01    1.242047e+00    5.244949e-01
2.484321e+01    1.244376e+00    5.586203e-01
2.496503e+01    1.247043e+00    5.911260e-01
2.508772e+01    1.249943e+00    6.224539e-01
2.521127e+01    1.252987e+00    6.527444e-01
2.533569e+01    1.256213e+00    6.815415e-01
2.546099e+01    1.257335e+00    7.095806e-01
2.558719e+01    1.258005e+00    7.382680e-01
2.571429e+01    1.258464e+00    7.674310e-01
2.584229e+01    1.258770e+00    7.970683e-01
2.597122e+01    1.258889e+00    8.272837e-01
2.610108e+01    1.258800e+00    8.582668e-01
2.623188e+01    1.258360e+00    8.904073e-01
2.636364e+01    1.257268e+00    9.255442e-01
2.649635e+01    1.260712e+00    9.633138e-01
2.663004e+01    1.267685e+00    9.999312e-01
2.676471e+01    1.274678e+00    1.034724e+00
2.690037e+01    1.281480e+00    1.068965e+00
2.703704e+01    1.287877e+00    1.103328e+00
2.717472e+01    1.293632e+00    1.139410e+00
2.731343e+01    1.302758e+00    1.176757e+00
2.745318e+01    1.313120e+00    1.213017e+00
2.759398e+01    1.323146e+00    1.248628e+00
2.773585e+01    1.332408e+00    1.285551e+00
2.787879e+01    1.344571e+00    1.324007e+00
2.802281e+01    1.359375e+00    1.361346e+00
2.816794e+01    1.374003e+00    1.396896e+00
2.831418e+01    1.388212e+00    1.431638e+00
2.846154e+01    1.402037e+00    1.465474e+00
2.861004e+01    1.413234e+00    1.499072e+00
2.875969e+01    1.421674e+00    1.534861e+00
2.891051e+01    1.427012e+00    1.578852e+00
2.906250e+01    1.446880e+00    1.627295e+00
2.921569e+01    1.467124e+00    1.672690e+00
2.937008e+01    1.493378e+00    1.716271e+00
2.952569e+01    1.519737e+00    1.753899e+00
2.968254e+01    1.539916e+00    1.789341e+00
2.984064e+01    1.558662e+00    1.826950e+00
3.000000e+01    1.576106e+00    1.866677e+00
3.016064e+01    1.591448e+00    1.911800e+00
3.032258e+01    1.613478e+00    1.963086e+00
3.048583e+01    1.643416e+00    2.013774e+00
3.065041e+01    1.673058e+00    2.061724e+00
3.081633e+01    1.701751e+00    2.112847e+00
3.098361e+01    1.740875e+00    2.164913e+00
3.115226e+01    1.780316e+00    2.211980e+00
3.132231e+01    1.818949e+00    2.257051e+00
3.149378e+01    1.856301e+00    2.301832e+00
3.166667e+01    1.891711e+00    2.348363e+00
3.184100e+01    1.922561e+00    2.407762e+00
3.201681e+01    1.986187e+00    2.471440e+00
3.219409e+01    2.052320e+00    2.516147e+00
3.237288e+01    2.110347e+00    2.548914e+00
3.255319e+01    2.159036e+00    2.576464e+00
3.273504e+01    2.193733e+00    2.607799e+00
3.291845e+01    2.227713e+00    2.649056e+00
3.310345e+01    2.258262e+00    2.702138e+00
3.329004e+01    2.301658e+00    2.764023e+00
3.347826e+01    2.330866e+00    2.851910e+00
3.366812e+01    2.445055e+00    2.937731e+00
3.385965e+01    2.501165e+00    3.006246e+00
3.405286e+01    2.632739e+00    3.078810e+00
3.424779e+01    2.721906e+00    3.112702e+00
3.444444e+01    2.802953e+00    3.155487e+00
3.464286e+01    2.876748e+00    3.217520e+00
3.484305e+01    2.986237e+00    3.295070e+00
3.504505e+01    3.114280e+00    3.362106e+00
3.524887e+01    3.241750e+00    3.435016e+00
3.545455e+01    3.448833e+00    3.480290e+00
3.566210e+01    3.596571e+00    3.465689e+00
3.587156e+01    3.723701e+00    3.453413e+00
3.608295e+01    3.835384e+00    3.457051e+00
3.629630e+01    3.969768e+00    3.482750e+00
3.651163e+01    4.143296e+00    3.502890e+00
3.672897e+01    4.328778e+00    3.497534e+00
3.694836e+01    4.524653e+00    3.465480e+00
3.716981e+01    4.716422e+00    3.403690e+00
3.739336e+01    4.896543e+00    3.324031e+00
3.761905e+01    5.087321e+00    3.232314e+00
3.784689e+01    5.296181e+00    3.126216e+00
3.807692e+01    5.626306e+00    2.875945e+00
3.830918e+01    5.673892e+00    2.445555e+00
3.854369e+01    5.512258e+00    2.114140e+00
3.878049e+01    5.384518e+00    1.929989e+00
3.901961e+01    5.292688e+00    1.797150e+00
3.926108e+01    5.204921e+00    1.701715e+00
3.950495e+01    5.175688e+00    1.628518e+00
3.975124e+01    5.164395e+00    1.526243e+00
4.000000e+01    5.113154e+00    1.409302e+00
4.025126e+01    5.055797e+00    1.307054e+00
4.050505e+01    4.987950e+00    1.218074e+00
4.076142e+01    4.920551e+00    1.150410e+00
4.102041e+01    4.875677e+00    1.089262e+00
4.128205e+01    4.816936e+00    1.024447e+00
4.154639e+01    4.752548e+00    9.764886e-01
4.181347e+01    4.706392e+00    9.415259e-01
4.208333e+01    4.664385e+00    9.065625e-01
4.235602e+01    4.623613e+00    8.755369e-01
4.263158e+01    4.590357e+00    8.489930e-01
4.291005e+01    4.563629e+00    8.211984e-01
4.319149e+01    4.536382e+00    7.903935e-01
4.347594e+01    4.507145e+00    7.603696e-01
4.376344e+01    4.479763e+00    7.324805e-01
4.405405e+01    4.453215e+00    7.051217e-01
4.434783e+01    4.426295e+00    6.788383e-01
4.464481e+01    4.400497e+00    6.541601e-01
4.494505e+01    4.375472e+00    6.303936e-01
4.524862e+01    4.350932e+00    6.074554e-01
4.555556e+01    4.327167e+00    5.847166e-01
4.586592e+01    4.301586e+00    5.624750e-01
4.617978e+01    4.275245e+00    5.430406e-01
4.649718e+01    4.250932e+00    5.263650e-01
4.681818e+01    4.227675e+00    5.113098e-01
4.714286e+01    4.205999e+00    4.980588e-01
4.747126e+01    4.186684e+00    4.857577e-01
4.780347e+01    4.168271e+00    4.737197e-01
4.813953e+01    4.151014e+00    4.624536e-01
4.847953e+01    4.135650e+00    4.515020e-01
4.882353e+01    4.121531e+00    4.397050e-01
4.917160e+01    4.106826e+00    4.271006e-01
4.952381e+01    4.091695e+00    4.149992e-01
4.988024e+01    4.077509e+00    4.036094e-01
5.024096e+01    4.063954e+00    3.922618e-01
5.060606e+01    4.050979e+00    3.806270e-01
5.097561e+01    4.038011e+00    3.683307e-01
5.134969e+01    4.024447e+00    3.551588e-01
5.172840e+01    4.008639e+00    3.418203e-01
5.211180e+01    3.990779e+00    3.308276e-01
5.250000e+01    3.974457e+00    3.236026e-01
5.289308e+01    3.961867e+00    3.184173e-01
5.329114e+01    3.952820e+00    3.121520e-01
5.369427e+01    3.944210e+00    3.022677e-01
5.410256e+01    3.931146e+00    2.903805e-01
5.451613e+01    3.915892e+00    2.808174e-01
5.493506e+01    3.902136e+00    2.741246e-01
5.535948e+01    3.890250e+00    2.684796e-01
5.578947e+01    3.879425e+00    2.628679e-01
5.622517e+01    3.869194e+00    2.570838e-01
5.666667e+01    3.859201e+00    2.511867e-01
5.711409e+01    3.849479e+00    2.452959e-01
5.756757e+01    3.839935e+00    2.393557e-01
5.802721e+01    3.830270e+00    2.334814e-01
5.849315e+01    3.820547e+00    2.281190e-01
5.896552e+01    3.811437e+00    2.234879e-01
5.944444e+01    3.803222e+00    2.193388e-01
5.993007e+01    3.796201e+00    2.152487e-01
6.042254e+01    3.790407e+00    2.102314e-01
6.092199e+01    3.784292e+00    2.034590e-01
6.142857e+01    3.776693e+00    1.954667e-01
6.194245e+01    3.767685e+00    1.870963e-01
6.246377e+01    3.756654e+00    1.795081e-01
6.299270e+01    3.745683e+00    1.740433e-01
6.352941e+01    3.736164e+00    1.699358e-01
6.407407e+01    3.727354e+00    1.660942e-01
6.462687e+01    3.718997e+00    1.623917e-01
6.518797e+01    3.710958e+00    1.587699e-01
6.575758e+01    3.703059e+00    1.552428e-01
6.633588e+01    3.695277e+00    1.519687e-01
6.692308e+01    3.687833e+00    1.490358e-01
6.751938e+01    3.680818e+00    1.463098e-01
6.812500e+01    3.674107e+00    1.436612e-01
6.874016e+01    3.667654e+00    1.410821e-01
6.936508e+01    3.661444e+00    1.385673e-01
7.000000e+01    3.655455e+00    1.361144e-01
7.064516e+01    3.649697e+00    1.337312e-01
7.130081e+01    3.644211e+00    1.313931e-01
7.196721e+01    3.638996e+00    1.290038e-01
7.264463e+01    3.633914e+00    1.264723e-01
7.333333e+01    3.628840e+00    1.238384e-01
7.403361e+01    3.623808e+00    1.211938e-01
7.474576e+01    3.618858e+00    1.185452e-01
7.547009e+01    3.613948e+00    1.158781e-01
7.620690e+01    3.609088e+00    1.131855e-01
7.695652e+01    3.604146e+00    1.104948e-01
7.771930e+01    3.599190e+00    1.079821e-01
7.849558e+01    3.594492e+00    1.056594e-01
7.928571e+01    3.589933e+00    1.033713e-01
8.009009e+01    3.585505e+00    1.011172e-01
8.090909e+01    3.581192e+00    9.888326e-02
8.174312e+01    3.576979e+00    9.666992e-02
8.259259e+01    3.572871e+00    9.449347e-02
8.345794e+01    3.568909e+00    9.236720e-02
8.433962e+01    3.565171e+00    9.022725e-02
8.523810e+01    3.561564e+00    8.792281e-02
8.615385e+01    3.557885e+00    8.543361e-02
8.708738e+01    3.554182e+00    8.285743e-02
8.803922e+01    3.550431e+00    8.020312e-02
8.900990e+01    3.546641e+00    7.749990e-02
9.000000e+01    3.542839e+00    7.473728e-02
9.101010e+01    3.538954e+00    7.188233e-02
9.204080e+01    3.534939e+00    6.898451e-02
9.309280e+01    3.530843e+00    6.613727e-02
9.416670e+01    3.526822e+00    6.332576e-02
9.526320e+01    3.522756e+00    6.040512e-02
9.638300e+01    3.518580e+00    5.734396e-02
9.752690e+01    3.514280e+00    5.391674e-02
9.869570e+01    3.508789e+00    5.023821e-02
9.989010e+01    3.502867e+00    4.756223e-02
1.011111e+02    3.497963e+00    4.595648e-02
1.023596e+02    3.493412e+00    4.447670e-02
1.036364e+02    3.489121e+00    4.311041e-02
1.049425e+02    3.485014e+00    4.181885e-02
1.062791e+02    3.481057e+00    4.060123e-02
1.076471e+02    3.477251e+00    3.945803e-02
1.090476e+02    3.473586e+00    3.836851e-02
1.104819e+02    3.470030e+00    3.732156e-02
1.119512e+02    3.466609e+00    3.630474e-02
1.134568e+02    3.463214e+00    3.530595e-02
1.150000e+02    3.459980e+00    3.438530e-02
1.165823e+02    3.456802e+00    3.346066e-02
1.182051e+02    3.453694e+00    3.258638e-02
1.198701e+02    3.450721e+00    3.175908e-02
1.215789e+02    3.447789e+00    3.092315e-02
1.233333e+02    3.444935e+00    3.012866e-02
1.251351e+02    3.442176e+00    2.935466e-02
1.269863e+02    3.439443e+00    2.858314e-02
1.288889e+02    3.436808e+00    2.785997e-02
1.308451e+02    3.434229e+00    2.714493e-02
1.328571e+02    3.431722e+00    2.645044e-02
1.349275e+02    3.429271e+00    2.575388e-02
1.370588e+02    3.426824e+00    2.507746e-02
1.392537e+02    3.424532e+00    2.447551e-02
1.415152e+02    3.422245e+00    2.382422e-02
1.438462e+02    3.420007e+00    2.320115e-02
1.462500e+02    3.417838e+00    2.260060e-02
1.487302e+02    3.415702e+00    2.200266e-02
1.512903e+02    3.413635e+00    2.143154e-02
1.539344e+02    3.411602e+00    2.086132e-02
1.566667e+02    3.409632e+00    2.031427e-02
1.594915e+02    3.407697e+00    1.976806e-02
1.624138e+02    3.405821e+00    1.923956e-02
1.654386e+02    3.403971e+00    1.869946e-02
1.685714e+02    3.402143e+00    1.818175e-02
1.718182e+02    3.400436e+00    1.773235e-02
1.751852e+02    3.398707e+00    1.721694e-02
1.786792e+02    3.397063e+00    1.675741e-02
1.823077e+02    3.395408e+00    1.625050e-02
1.860784e+02    3.393836e+00    1.581587e-02
1.900000e+02    3.392292e+00    1.535857e-02