3.000e-01 4.675e-01
3.050e-01 4.808e-01
3.100e-01 4.999e-01
3.150e-01 5.123e-01
3.200e-01 5.301e-01
3.250e-01 5.471e-01
3.300e-01 5.633e-01
3.350e-01 5.789e-01
3.400e-01 5.939e-01
3.450e-01 6.128e-01
3.500e-01 6.263e-01
3.550e-01 6.393e-01
3.600e-01 6.558e-01
3.650e-01 6.676e-01
3.700e-01 6.789e-01
3.750e-01 6.862e-01
3.800e-01 6.933e-01
3.850e-01 7.036e-01
3.900e-01 7.103e-01
3.950e-01 7.168e-01
4.000e-01 7.231e-01
4.050e-01 7.323e-01
4.100e-01 7.382e-01
4.150e-01 7.440e-01
4.200e-01 7.497e-01
4.250e-01 7.525e-01
4.300e-01 7.552e-01
4.350e-01 7.606e-01
4.400e-01 7.632e-01
4.450e-01 7.632e-01
4.500e-01 7.658e-01
4.550e-01 7.684e-01
4.600e-01 7.709e-01
4.650e-01 7.734e-01
4.700e-01 7.759e-01
4.750e-01 7.784e-01
4.800e-01 7.808e-01
4.850e-01 7.855e-01
4.900e-01 7.879e-01
4.950e-01 7.902e-01
5.000e-01 7.947e-01
5.050e-01 7.969e-01
5.100e-01 8.013e-01
5.150e-01 8.035e-01
5.200e-01 8.077e-01
5.250e-01 8.098e-01
5.300e-01 8.118e-01
5.350e-01 8.159e-01
5.400e-01 8.159e-01
5.450e-01 8.198e-01
5.500e-01 8.198e-01
5.550e-01 8.236e-01
5.600e-01 8.236e-01
5.650e-01 8.255e-01
5.700e-01 8.274e-01
5.750e-01 8.292e-01
5.800e-01 8.292e-01
5.850e-01 8.311e-01
5.900e-01 8.311e-01
5.950e-01 8.311e-01
6.000e-01 8.329e-01
6.050e-01 8.329e-01
6.100e-01 8.329e-01
6.150e-01 8.347e-01
6.200e-01 8.347e-01
6.250e-01 8.347e-01
6.300e-01 8.347e-01
6.350e-01 8.364e-01
6.400e-01 8.364e-01
6.450e-01 8.382e-01
6.500e-01 8.382e-01
6.550e-01 8.399e-01
6.600e-01 8.399e-01
6.650e-01 8.416e-01
6.700e-01 8.416e-01
6.750e-01 8.433e-01
6.800e-01 8.433e-01
6.850e-01 8.450e-01
6.900e-01 8.450e-01
6.950e-01 8.450e-01
7.000e-01 8.466e-01
7.050e-01 8.466e-01
7.100e-01 8.483e-01
7.150e-01 8.483e-01
7.200e-01 8.483e-01
7.250e-01 8.499e-01
7.300e-01 8.499e-01
7.350e-01 8.499e-01
7.400e-01 8.483e-01
7.450e-01 8.483e-01
7.500e-01 8.483e-01
7.550e-01 8.483e-01
7.600e-01 8.466e-01
7.650e-01 8.450e-01
7.700e-01 8.450e-01
7.750e-01 8.433e-01
7.800e-01 8.416e-01
7.850e-01 8.399e-01
7.900e-01 8.382e-01
7.950e-01 8.364e-01
8.000e-01 8.347e-01
8.050e-01 8.329e-01
8.100e-01 8.292e-01
8.150e-01 8.274e-01
8.200e-01 8.255e-01
8.250e-01 8.217e-01
8.300e-01 8.198e-01
8.350e-01 8.159e-01
8.400e-01 8.138e-01
8.450e-01 8.118e-01
8.500e-01 8.077e-01
8.550e-01 8.056e-01
8.600e-01 8.035e-01
8.650e-01 8.013e-01
8.700e-01 7.991e-01
8.750e-01 7.969e-01
8.800e-01 7.925e-01
8.850e-01 7.925e-01
8.900e-01 7.902e-01
8.950e-01 7.879e-01
9.000e-01 7.855e-01
9.050e-01 7.832e-01
9.100e-01 7.808e-01
9.150e-01 7.808e-01
9.200e-01 7.784e-01
9.250e-01 7.759e-01
9.300e-01 7.759e-01
9.350e-01 7.734e-01
9.400e-01 7.734e-01
9.450e-01 7.709e-01
9.500e-01 7.684e-01
9.550e-01 7.684e-01
9.600e-01 7.684e-01
9.650e-01 7.658e-01
9.700e-01 7.658e-01
9.750e-01 7.658e-01
9.800e-01 7.658e-01
9.850e-01 7.658e-01
9.900e-01 7.658e-01
9.950e-01 7.658e-01
1.000e+00 7.658e-01
1.005e+00 7.658e-01
1.010e+00 7.658e-01
1.015e+00 7.684e-01
1.020e+00 7.684e-01
1.025e+00 7.684e-01
1.030e+00 7.684e-01
1.035e+00 7.709e-01
1.040e+00 7.734e-01
1.045e+00 7.734e-01
1.050e+00 7.759e-01
1.055e+00 7.759e-01
1.060e+00 7.784e-01
1.065e+00 7.808e-01
1.070e+00 7.832e-01
1.075e+00 7.855e-01
1.080e+00 7.879e-01
1.085e+00 7.925e-01
1.090e+00 7.947e-01
1.095e+00 7.969e-01
1.100e+00 7.991e-01
1.105e+00 8.035e-01
1.110e+00 8.056e-01
1.115e+00 8.098e-01
1.120e+00 8.118e-01
1.125e+00 8.159e-01
1.130e+00 8.178e-01
1.135e+00 8.217e-01
1.140e+00 8.236e-01
1.145e+00 8.255e-01
1.150e+00 8.274e-01
1.155e+00 8.311e-01
1.160e+00 8.329e-01
1.165e+00 8.347e-01
1.170e+00 8.364e-01
1.175e+00 8.382e-01
1.180e+00 8.399e-01
1.185e+00 8.416e-01
1.190e+00 8.416e-01
1.195e+00 8.433e-01
1.200e+00 8.450e-01
1.205e+00 8.466e-01
1.210e+00 8.466e-01
1.215e+00 8.483e-01
1.220e+00 8.499e-01
1.225e+00 8.515e-01
1.230e+00 8.515e-01
1.235e+00 8.530e-01
1.240e+00 8.546e-01
1.245e+00 8.546e-01
1.250e+00 8.562e-01
1.255e+00 8.577e-01
1.260e+00 8.592e-01
1.265e+00 8.592e-01
1.270e+00 8.607e-01
1.275e+00 8.607e-01
1.280e+00 8.622e-01
1.285e+00 8.622e-01
1.290e+00 8.636e-01
1.295e+00 8.651e-01
1.300e+00 8.665e-01
1.305e+00 8.665e-01
1.310e+00 8.665e-01
1.315e+00 8.693e-01
1.320e+00 8.693e-01
1.325e+00 8.707e-01
1.330e+00 8.707e-01
1.335e+00 8.721e-01
1.340e+00 8.734e-01
1.345e+00 8.734e-01
1.350e+00 8.748e-01
1.355e+00 8.748e-01
1.360e+00 8.761e-01
1.365e+00 8.774e-01
1.370e+00 8.774e-01
1.375e+00 8.774e-01
1.380e+00 8.774e-01
1.385e+00 8.774e-01
1.390e+00 8.761e-01
1.395e+00 8.774e-01
1.400e+00 8.787e-01
1.405e+00 8.800e-01
1.410e+00 8.812e-01
1.415e+00 8.812e-01
1.420e+00 8.825e-01
1.425e+00 8.825e-01
1.430e+00 8.837e-01
1.435e+00 8.837e-01
1.440e+00 8.850e-01
1.445e+00 8.850e-01
1.450e+00 8.850e-01
1.455e+00 8.862e-01
1.460e+00 8.862e-01
1.465e+00 8.862e-01
1.470e+00 8.862e-01
1.475e+00 8.886e-01
1.480e+00 8.874e-01
1.485e+00 8.874e-01
1.490e+00 8.874e-01
1.495e+00 8.874e-01
1.500e+00 8.874e-01
1.505e+00 8.886e-01
1.510e+00 8.886e-01
1.515e+00 8.886e-01
1.520e+00 8.886e-01
1.525e+00 8.886e-01
1.530e+00 8.874e-01
1.535e+00 8.886e-01
1.540e+00 8.886e-01
1.545e+00 8.874e-01
1.550e+00 8.874e-01
1.555e+00 8.874e-01
1.560e+00 8.862e-01
1.565e+00 8.862e-01
1.570e+00 8.862e-01
1.575e+00 8.862e-01
1.580e+00 8.850e-01
1.585e+00 8.850e-01
1.590e+00 8.850e-01
1.595e+00 8.850e-01
1.600e+00 8.837e-01
1.605e+00 8.825e-01
1.610e+00 8.825e-01
1.615e+00 8.825e-01
1.620e+00 8.825e-01
1.625e+00 8.825e-01
1.630e+00 8.825e-01
1.635e+00 8.812e-01
1.640e+00 8.812e-01
1.645e+00 8.812e-01
1.650e+00 8.800e-01
1.655e+00 8.800e-01
1.660e+00 8.774e-01
1.665e+00 8.787e-01
1.670e+00 8.774e-01
1.675e+00 8.774e-01
1.680e+00 8.774e-01
1.685e+00 8.774e-01
1.690e+00 8.774e-01
1.695e+00 8.761e-01
1.700e+00 8.761e-01
1.705e+00 8.748e-01
1.710e+00 8.748e-01
1.715e+00 8.748e-01
1.720e+00 8.748e-01
1.725e+00 8.734e-01
1.730e+00 8.734e-01
1.735e+00 8.721e-01
1.740e+00 8.721e-01
1.745e+00 8.721e-01
1.750e+00 8.707e-01
1.755e+00 8.707e-01
1.760e+00 8.693e-01
1.765e+00 8.693e-01
1.770e+00 8.693e-01
1.775e+00 8.693e-01
1.780e+00 8.693e-01
1.785e+00 8.679e-01
1.790e+00 8.679e-01
1.795e+00 8.679e-01
1.800e+00 8.679e-01
1.805e+00 8.693e-01
1.810e+00 8.679e-01
1.815e+00 8.679e-01
1.820e+00 8.679e-01
1.825e+00 8.679e-01
1.830e+00 8.679e-01
1.835e+00 8.679e-01
1.840e+00 8.679e-01
1.845e+00 8.665e-01
1.850e+00 8.665e-01
1.855e+00 8.665e-01
1.860e+00 8.665e-01
1.865e+00 8.665e-01
1.870e+00 8.665e-01
1.875e+00 8.665e-01
1.880e+00 8.651e-01
1.885e+00 8.636e-01
1.890e+00 8.636e-01
1.895e+00 8.622e-01
1.900e+00 8.622e-01
1.905e+00 8.622e-01
1.910e+00 8.607e-01
1.915e+00 8.607e-01
1.920e+00 8.592e-01
1.925e+00 8.592e-01
1.930e+00 8.592e-01
1.935e+00 8.592e-01
1.940e+00 8.592e-01
1.945e+00 8.592e-01
1.950e+00 8.592e-01
1.955e+00 8.577e-01
1.960e+00 8.592e-01
1.965e+00 8.592e-01
1.970e+00 8.592e-01
1.975e+00 8.607e-01
1.980e+00 8.607e-01
1.985e+00 8.607e-01
1.990e+00 8.622e-01
1.995e+00 8.636e-01
2.000e+00 8.636e-01
2.005e+00 8.636e-01
2.010e+00 8.636e-01
2.015e+00 8.651e-01
2.020e+00 8.651e-01
2.025e+00 8.665e-01
2.030e+00 8.665e-01
2.035e+00 8.665e-01
2.040e+00 8.665e-01
2.045e+00 8.679e-01
2.050e+00 8.693e-01
2.055e+00 8.693e-01
2.060e+00 8.693e-01
2.065e+00 8.693e-01
2.070e+00 8.693e-01
2.075e+00 8.707e-01
2.080e+00 8.707e-01
2.085e+00 8.707e-01
2.090e+00 8.707e-01
2.095e+00 8.707e-01
2.100e+00 8.707e-01
2.105e+00 8.721e-01
2.110e+00 8.721e-01
2.115e+00 8.721e-01
2.120e+00 8.721e-01
2.125e+00 8.734e-01
2.130e+00 8.734e-01
2.135e+00 8.734e-01
2.140e+00 8.734e-01
2.145e+00 8.734e-01
2.150e+00 8.734e-01
2.155e+00 8.734e-01
2.160e+00 8.734e-01
2.165e+00 8.734e-01
2.170e+00 8.748e-01
2.175e+00 8.748e-01
2.180e+00 8.748e-01
2.185e+00 8.748e-01
2.190e+00 8.748e-01
2.195e+00 8.748e-01
2.200e+00 8.748e-01
2.205e+00 8.748e-01
2.210e+00 8.748e-01
2.215e+00 8.748e-01
2.220e+00 8.748e-01
2.225e+00 8.748e-01
2.230e+00 8.734e-01
2.235e+00 8.734e-01
2.240e+00 8.734e-01
2.245e+00 8.721e-01
2.250e+00 8.721e-01
2.255e+00 8.721e-01
2.260e+00 8.734e-01
2.265e+00 8.734e-01
2.270e+00 8.721e-01
2.275e+00 8.721e-01
2.280e+00 8.721e-01
2.285e+00 8.721e-01
2.290e+00 8.721e-01
2.295e+00 8.721e-01
2.300e+00 8.721e-01
2.305e+00 8.707e-01
2.310e+00 8.707e-01
2.315e+00 8.693e-01
2.320e+00 8.679e-01
2.325e+00 8.679e-01
2.330e+00 8.679e-01
2.335e+00 8.693e-01
2.340e+00 8.693e-01
2.345e+00 8.707e-01
2.350e+00 8.721e-01
2.355e+00 8.721e-01
2.360e+00 8.734e-01
2.365e+00 8.734e-01
2.370e+00 8.721e-01
2.375e+00 8.721e-01
2.380e+00 8.721e-01
2.385e+00 8.721e-01
2.390e+00 8.734e-01
2.395e+00 8.734e-01
2.400e+00 8.734e-01
2.405e+00 8.734e-01
2.410e+00 8.734e-01
2.415e+00 8.734e-01
2.420e+00 8.734e-01
2.425e+00 8.734e-01
2.430e+00 8.734e-01
2.435e+00 8.721e-01
2.440e+00 8.734e-01
2.445e+00 8.748e-01
2.450e+00 8.748e-01
2.455e+00 8.761e-01
2.460e+00 8.761e-01
2.465e+00 8.761e-01
2.470e+00 8.748e-01
2.475e+00 8.761e-01
2.480e+00 8.748e-01
2.485e+00 8.748e-01
2.490e+00 8.748e-01
2.495e+00 8.748e-01
2.500e+00 8.748e-01
2.505e+00 8.748e-01
2.510e+00 8.748e-01
2.515e+00 8.748e-01
2.520e+00 8.761e-01
2.525e+00 8.761e-01
2.530e+00 8.748e-01
2.531e+00 8.748e-01
2.534e+00 8.748e-01
2.536e+00 8.748e-01
2.539e+00 8.748e-01
2.541e+00 8.748e-01
2.544e+00 8.748e-01
2.546e+00 8.748e-01
2.549e+00 8.748e-01
2.551e+00 8.748e-01
2.554e+00 8.748e-01
2.556e+00 8.748e-01
2.559e+00 8.748e-01
2.561e+00 8.748e-01
2.564e+00 8.774e-01
2.566e+00 8.761e-01
2.569e+00 8.761e-01
2.571e+00 8.761e-01
2.574e+00 8.761e-01
2.577e+00 8.761e-01
2.579e+00 8.761e-01
2.582e+00 8.761e-01
2.584e+00 8.774e-01
2.587e+00 8.774e-01
2.590e+00 8.774e-01
2.592e+00 8.774e-01
2.595e+00 8.787e-01
2.597e+00 8.787e-01
2.600e+00 8.774e-01
2.603e+00 8.761e-01
2.605e+00 8.774e-01
2.608e+00 8.774e-01
2.610e+00 8.761e-01
2.613e+00 8.761e-01
2.616e+00 8.761e-01
2.618e+00 8.774e-01
2.621e+00 8.774e-01
2.624e+00 8.761e-01
2.626e+00 8.748e-01
2.629e+00 8.748e-01
2.631e+00 8.748e-01
2.634e+00 8.748e-01
2.637e+00 8.734e-01
2.640e+00 8.721e-01
2.642e+00 8.707e-01
2.645e+00 8.707e-01
2.648e+00 8.707e-01
2.650e+00 8.693e-01
2.653e+00 8.679e-01
2.656e+00 8.679e-01
2.659e+00 8.665e-01
2.661e+00 8.665e-01
2.664e+00 8.651e-01
2.667e+00 8.651e-01
2.670e+00 8.636e-01
2.672e+00 8.622e-01
2.675e+00 8.577e-01
2.678e+00 8.546e-01
2.680e+00 8.483e-01
2.683e+00 8.399e-01
2.686e+00 8.292e-01
2.689e+00 8.159e-01
2.692e+00 7.969e-01
2.695e+00 7.784e-01
2.697e+00 7.552e-01
2.700e+00 7.293e-01
2.703e+00 7.070e-01
2.706e+00 6.933e-01
2.708e+00 6.676e-01
2.710e+00 6.598e-01
2.711e+00 6.558e-01
2.713e+00 6.393e-01
2.714e+00 6.263e-01
2.716e+00 6.174e-01
2.717e+00 6.174e-01
2.719e+00 6.174e-01
2.720e+00 6.174e-01
2.721e+00 6.219e-01
2.723e+00 6.174e-01
2.724e+00 6.128e-01
2.726e+00 6.174e-01
2.727e+00 6.082e-01
2.728e+00 5.987e-01
2.730e+00 5.939e-01
2.731e+00 5.939e-01
2.733e+00 5.890e-01
2.734e+00 5.890e-01
2.736e+00 5.890e-01
2.737e+00 5.840e-01
2.739e+00 5.840e-01
2.740e+00 5.890e-01
2.742e+00 5.840e-01
2.743e+00 5.738e-01
2.744e+00 5.633e-01
2.746e+00 5.580e-01
2.747e+00 5.526e-01
2.749e+00 5.471e-01
2.750e+00 5.471e-01
2.752e+00 5.415e-01
2.753e+00 5.415e-01
2.755e+00 5.358e-01
2.756e+00 5.415e-01
2.757e+00 5.358e-01
2.759e+00 5.242e-01
2.760e+00 5.242e-01
2.762e+00 5.242e-01
2.763e+00 5.301e-01
2.765e+00 5.301e-01
2.766e+00 5.242e-01
2.768e+00 5.242e-01
2.769e+00 5.242e-01
2.771e+00 5.183e-01
2.772e+00 5.183e-01
2.774e+00 5.123e-01
2.775e+00 5.061e-01
2.777e+00 5.061e-01
2.778e+00 5.061e-01
2.780e+00 5.061e-01
2.781e+00 4.999e-01
2.783e+00 4.999e-01
2.784e+00 4.999e-01
2.786e+00 4.999e-01
2.787e+00 4.999e-01
2.789e+00 4.999e-01
2.790e+00 4.936e-01
2.792e+00 4.872e-01
2.793e+00 4.872e-01
2.795e+00 4.872e-01
2.796e+00 4.872e-01
2.798e+00 4.808e-01
2.799e+00 4.808e-01
2.801e+00 4.808e-01
2.802e+00 4.808e-01
2.804e+00 4.872e-01
2.805e+00 4.808e-01
2.807e+00 4.808e-01
2.808e+00 4.742e-01
2.810e+00 4.742e-01
2.811e+00 4.742e-01
2.813e+00 4.742e-01
2.814e+00 4.742e-01
2.816e+00 4.742e-01
2.817e+00 4.742e-01
2.819e+00 4.742e-01
2.821e+00 4.742e-01
2.822e+00 4.742e-01
2.824e+00 4.675e-01
2.825e+00 4.675e-01
2.827e+00 4.675e-01
2.828e+00 4.675e-01
2.830e+00 4.675e-01
2.831e+00 4.675e-01
2.833e+00 4.675e-01
2.834e+00 4.675e-01
2.836e+00 4.675e-01
2.837e+00 4.675e-01
2.839e+00 4.675e-01
2.841e+00 4.675e-01
2.842e+00 4.675e-01
2.844e+00 4.675e-01
2.845e+00 4.675e-01
2.847e+00 4.675e-01
2.848e+00 4.675e-01
2.850e+00 4.675e-01
2.852e+00 4.675e-01
2.853e+00 4.675e-01
2.855e+00 4.675e-01
2.856e+00 4.675e-01
2.858e+00 4.675e-01
2.859e+00 4.675e-01
2.861e+00 4.675e-01
2.863e+00 4.675e-01
2.864e+00 4.675e-01
2.866e+00 4.675e-01
2.867e+00 4.675e-01
2.869e+00 4.675e-01
2.871e+00 4.675e-01
2.872e+00 4.675e-01
2.874e+00 4.675e-01
2.875e+00 4.675e-01
2.877e+00 4.675e-01
2.879e+00 4.675e-01
2.880e+00 4.675e-01
2.882e+00 4.675e-01
2.883e+00 4.675e-01
2.885e+00 4.675e-01
2.886e+00 4.675e-01
2.888e+00 4.675e-01
2.890e+00 4.675e-01
2.891e+00 4.675e-01
2.893e+00 4.675e-01
2.894e+00 4.675e-01
2.896e+00 4.675e-01
2.898e+00 4.675e-01
2.899e+00 4.675e-01
2.901e+00 4.675e-01
2.903e+00 4.675e-01
2.904e+00 4.675e-01
2.906e+00 4.675e-01
2.908e+00 4.675e-01
2.909e+00 4.675e-01
2.911e+00 4.675e-01
2.912e+00 4.675e-01
2.914e+00 4.675e-01
2.916e+00 4.675e-01
2.917e+00 4.675e-01
2.919e+00 4.675e-01
2.921e+00 4.675e-01
2.922e+00 4.675e-01
2.924e+00 4.675e-01
2.926e+00 4.675e-01
2.927e+00 4.675e-01
2.929e+00 4.675e-01
2.930e+00 4.675e-01
2.932e+00 4.742e-01
2.934e+00 4.742e-01
2.936e+00 4.742e-01
2.937e+00 4.742e-01
2.939e+00 4.742e-01
2.941e+00 4.742e-01
2.942e+00 4.742e-01
2.944e+00 4.742e-01
2.946e+00 4.742e-01
2.947e+00 4.742e-01
2.949e+00 4.742e-01
2.951e+00 4.742e-01
2.952e+00 4.808e-01
2.954e+00 4.808e-01
2.956e+00 4.808e-01
2.957e+00 4.808e-01
2.959e+00 4.808e-01
2.961e+00 4.808e-01
2.962e+00 4.808e-01
2.964e+00 4.872e-01
2.966e+00 4.872e-01
2.967e+00 4.872e-01
2.969e+00 4.872e-01
2.971e+00 4.872e-01
2.973e+00 4.872e-01
2.974e+00 4.872e-01
2.976e+00 4.936e-01
2.978e+00 4.936e-01
2.979e+00 4.936e-01
2.981e+00 4.936e-01
2.983e+00 4.936e-01
2.985e+00 4.936e-01
2.986e+00 4.999e-01
2.988e+00 4.999e-01
2.990e+00 4.999e-01
2.991e+00 4.999e-01
2.993e+00 4.999e-01
2.995e+00 4.999e-01
2.997e+00 5.061e-01
2.998e+00 5.061e-01
3.000e+00 5.061e-01
3.002e+00 5.061e-01
3.004e+00 5.061e-01
3.005e+00 5.061e-01
3.007e+00 5.123e-01
3.009e+00 5.123e-01
3.010e+00 5.123e-01
3.012e+00 5.123e-01
3.014e+00 5.123e-01
3.016e+00 5.123e-01
3.018e+00 5.183e-01
3.019e+00 5.183e-01
3.021e+00 5.183e-01
3.023e+00 5.183e-01
3.025e+00 5.183e-01
3.026e+00 5.183e-01
3.028e+00 5.183e-01
3.030e+00 5.183e-01
3.032e+00 5.183e-01
3.033e+00 5.242e-01
3.035e+00 5.242e-01
3.037e+00 5.242e-01
3.039e+00 5.242e-01
3.041e+00 5.242e-01
3.042e+00 5.242e-01
3.044e+00 5.242e-01
3.046e+00 5.242e-01
3.048e+00 5.242e-01
3.050e+00 5.242e-01
3.051e+00 5.301e-01
3.053e+00 5.301e-01
3.055e+00 5.301e-01
3.057e+00 5.301e-01
3.058e+00 5.301e-01
3.060e+00 5.301e-01
3.062e+00 5.301e-01
3.064e+00 5.358e-01
3.066e+00 5.358e-01
3.067e+00 5.358e-01
3.069e+00 5.358e-01
3.071e+00 5.358e-01
3.073e+00 5.358e-01
3.075e+00 5.415e-01
3.077e+00 5.415e-01
3.079e+00 5.415e-01
3.080e+00 5.415e-01
3.082e+00 5.415e-01
3.084e+00 5.471e-01
3.086e+00 5.471e-01
3.088e+00 5.471e-01
3.090e+00 5.471e-01
3.091e+00 5.471e-01
3.093e+00 5.526e-01
3.095e+00 5.526e-01
3.097e+00 5.526e-01
3.099e+00 5.526e-01
3.101e+00 5.526e-01
3.102e+00 5.580e-01
3.104e+00 5.580e-01
3.106e+00 5.580e-01
3.108e+00 5.633e-01
3.110e+00 5.633e-01
3.112e+00 5.633e-01
3.114e+00 5.633e-01
3.115e+00 5.633e-01
3.117e+00 5.686e-01
3.119e+00 5.686e-01
3.121e+00 5.686e-01
3.123e+00 5.686e-01
3.125e+00 5.738e-01
3.127e+00 5.738e-01
3.129e+00 5.738e-01
3.131e+00 5.738e-01
3.132e+00 5.789e-01
3.134e+00 5.789e-01
3.136e+00 5.789e-01
3.138e+00 5.840e-01
3.140e+00 5.840e-01
3.142e+00 5.840e-01
3.144e+00 5.840e-01
3.146e+00 5.890e-01
3.148e+00 5.890e-01
3.150e+00 5.890e-01
3.151e+00 5.939e-01
3.153e+00 5.939e-01
3.155e+00 5.939e-01
3.157e+00 5.987e-01
3.159e+00 5.987e-01
3.161e+00 5.987e-01
3.163e+00 6.035e-01
3.165e+00 6.035e-01
3.167e+00 6.035e-01
3.169e+00 6.035e-01
3.171e+00 6.082e-01
3.173e+00 6.082e-01
3.175e+00 6.082e-01
3.177e+00 6.128e-01
3.179e+00 6.128e-01
3.180e+00 6.174e-01
3.182e+00 6.174e-01
3.184e+00 6.174e-01
3.186e+00 6.174e-01
3.188e+00 6.219e-01
3.190e+00 6.219e-01
3.192e+00 6.263e-01
3.194e+00 6.263e-01
3.196e+00 6.263e-01
3.198e+00 6.307e-01
3.200e+00 6.307e-01
3.202e+00 6.307e-01
3.204e+00 6.350e-01
3.206e+00 6.350e-01
3.208e+00 6.350e-01
3.210e+00 6.393e-01
3.212e+00 6.393e-01
3.214e+00 6.393e-01
3.216e+00 6.435e-01
3.218e+00 6.435e-01
3.220e+00 6.435e-01
3.222e+00 6.476e-01
3.224e+00 6.476e-01
3.226e+00 6.517e-01
3.228e+00 6.517e-01
3.230e+00 6.517e-01
3.232e+00 6.558e-01
3.234e+00 6.558e-01
3.236e+00 6.558e-01
3.238e+00 6.598e-01
3.240e+00 6.598e-01
3.242e+00 6.598e-01
3.244e+00 6.637e-01
3.246e+00 6.637e-01
3.248e+00 6.676e-01
3.250e+00 6.676e-01
3.252e+00 6.676e-01
3.254e+00 6.714e-01
3.256e+00 6.714e-01
3.258e+00 6.714e-01
3.260e+00 6.752e-01
3.263e+00 6.752e-01
3.265e+00 6.789e-01
3.267e+00 6.789e-01
3.269e+00 6.789e-01
3.271e+00 6.826e-01
3.273e+00 6.826e-01
3.275e+00 6.826e-01
3.277e+00 6.862e-01
3.279e+00 6.862e-01
3.281e+00 6.898e-01
3.283e+00 6.898e-01
3.285e+00 6.898e-01
3.287e+00 6.933e-01
3.289e+00 6.933e-01
3.292e+00 6.933e-01
3.294e+00 6.968e-01
3.296e+00 6.968e-01
3.298e+00 7.002e-01
3.300e+00 7.002e-01
3.302e+00 7.002e-01
3.304e+00 7.036e-01
3.306e+00 7.036e-01
3.308e+00 7.036e-01
3.310e+00 7.070e-01
3.312e+00 7.070e-01
3.315e+00 7.103e-01
3.317e+00 7.103e-01
3.319e+00 7.103e-01
3.321e+00 7.136e-01
3.323e+00 7.136e-01
3.325e+00 7.136e-01
3.327e+00 7.168e-01
3.330e+00 7.168e-01
3.332e+00 7.200e-01
3.334e+00 7.200e-01
3.336e+00 7.200e-01
3.338e+00 7.231e-01
3.340e+00 7.231e-01
3.342e+00 7.231e-01
3.345e+00 7.262e-01
3.347e+00 7.262e-01
3.349e+00 7.293e-01
3.351e+00 7.293e-01
3.353e+00 7.293e-01
3.355e+00 7.323e-01
3.358e+00 7.323e-01
3.360e+00 7.323e-01
3.362e+00 7.353e-01
3.364e+00 7.353e-01
3.366e+00 7.353e-01
3.369e+00 7.382e-01
3.371e+00 7.382e-01
3.373e+00 7.382e-01
3.375e+00 7.412e-01
3.377e+00 7.412e-01
3.380e+00 7.440e-01
3.382e+00 7.440e-01
3.384e+00 7.440e-01
3.386e+00 7.469e-01
3.388e+00 7.469e-01
3.391e+00 7.469e-01
3.393e+00 7.497e-01
3.395e+00 7.497e-01
3.397e+00 7.497e-01
3.399e+00 7.525e-01
3.402e+00 7.525e-01
3.404e+00 7.525e-01
3.406e+00 7.552e-01
3.408e+00 7.552e-01
3.411e+00 7.552e-01
3.413e+00 7.579e-01
3.415e+00 7.579e-01
3.417e+00 7.579e-01
3.420e+00 7.606e-01
3.422e+00 7.606e-01
3.424e+00 7.606e-01
3.426e+00 7.632e-01
3.429e+00 7.632e-01
3.431e+00 7.632e-01
3.433e+00 7.658e-01
3.436e+00 7.658e-01
3.438e+00 7.658e-01
3.440e+00 7.684e-01
3.442e+00 7.684e-01
3.445e+00 7.684e-01
3.447e+00 7.709e-01
3.449e+00 7.709e-01
3.452e+00 7.709e-01
3.454e+00 7.734e-01
3.456e+00 7.734e-01
3.458e+00 7.734e-01
3.461e+00 7.759e-01
3.463e+00 7.759e-01
3.465e+00 7.759e-01
3.468e+00 7.784e-01
3.470e+00 7.784e-01
3.472e+00 7.784e-01
3.475e+00 7.808e-01
3.477e+00 7.808e-01
3.479e+00 7.808e-01
3.482e+00 7.832e-01
3.484e+00 7.832e-01
3.486e+00 7.832e-01
3.489e+00 7.855e-01
3.491e+00 7.855e-01
3.493e+00 7.855e-01
3.496e+00 7.879e-01
3.498e+00 7.879e-01
3.500e+00 7.879e-01
3.503e+00 7.879e-01
3.505e+00 7.902e-01
3.508e+00 7.902e-01
3.510e+00 7.902e-01
3.512e+00 7.902e-01
3.515e+00 7.925e-01
3.517e+00 7.925e-01
3.519e+00 7.925e-01
3.522e+00 7.947e-01
3.524e+00 7.947e-01
3.527e+00 7.947e-01
3.529e+00 7.969e-01
3.531e+00 7.969e-01
3.534e+00 7.969e-01
3.536e+00 7.991e-01
3.539e+00 7.991e-01
3.541e+00 7.991e-01
3.543e+00 8.013e-01
3.546e+00 8.013e-01
3.548e+00 8.013e-01
3.551e+00 8.013e-01
3.553e+00 8.035e-01
3.556e+00 8.035e-01
3.558e+00 8.035e-01
3.561e+00 8.056e-01
3.563e+00 8.056e-01
3.565e+00 8.056e-01
3.568e+00 8.056e-01
3.570e+00 8.077e-01
3.573e+00 8.077e-01
3.575e+00 8.077e-01
3.578e+00 8.077e-01
3.580e+00 8.098e-01
3.583e+00 8.098e-01
3.585e+00 8.098e-01
3.588e+00 8.098e-01
3.590e+00 8.118e-01
3.593e+00 8.118e-01
3.595e+00 8.118e-01
3.598e+00 8.118e-01
3.600e+00 8.138e-01
3.603e+00 8.138e-01
3.605e+00 8.138e-01
3.608e+00 8.138e-01
3.610e+00 8.159e-01
3.613e+00 8.159e-01
3.615e+00 8.159e-01
3.618e+00 8.159e-01
3.620e+00 8.178e-01
3.623e+00 8.178e-01
3.625e+00 8.178e-01
3.628e+00 8.178e-01
3.630e+00 8.178e-01
3.633e+00 8.198e-01
3.635e+00 8.198e-01
3.638e+00 8.198e-01
3.641e+00 8.198e-01
3.643e+00 8.198e-01
3.646e+00 8.217e-01
3.648e+00 8.217e-01
3.651e+00 8.217e-01
3.653e+00 8.217e-01
3.656e+00 8.217e-01
3.659e+00 8.236e-01
3.661e+00 8.236e-01
3.664e+00 8.236e-01
3.666e+00 8.236e-01
3.669e+00 8.236e-01
3.671e+00 8.255e-01
3.674e+00 8.255e-01
3.677e+00 8.255e-01
3.679e+00 8.255e-01
3.682e+00 8.255e-01
3.684e+00 8.274e-01
3.687e+00 8.274e-01
3.690e+00 8.274e-01
3.692e+00 8.274e-01
3.695e+00 8.274e-01
3.698e+00 8.274e-01
3.700e+00 8.292e-01
3.703e+00 8.292e-01
3.706e+00 8.292e-01
3.708e+00 8.292e-01
3.711e+00 8.292e-01
3.714e+00 8.292e-01
3.716e+00 8.311e-01
3.719e+00 8.311e-01
3.722e+00 8.311e-01
3.724e+00 8.311e-01
3.727e+00 8.311e-01
3.730e+00 8.311e-01
3.732e+00 8.329e-01
3.735e+00 8.329e-01
3.738e+00 8.329e-01
3.740e+00 8.329e-01
3.743e+00 8.329e-01
3.746e+00 8.329e-01
3.748e+00 8.329e-01
3.751e+00 8.347e-01
3.754e+00 8.347e-01
3.757e+00 8.347e-01
3.759e+00 8.347e-01
3.762e+00 8.347e-01
3.765e+00 8.347e-01
3.768e+00 8.347e-01
3.770e+00 8.364e-01
3.773e+00 8.364e-01
3.776e+00 8.364e-01
3.779e+00 8.364e-01
3.781e+00 8.364e-01
3.784e+00 8.364e-01
3.787e+00 8.364e-01
3.790e+00 8.364e-01
3.792e+00 8.382e-01
3.795e+00 8.382e-01
3.798e+00 8.382e-01
3.801e+00 8.382e-01
3.804e+00 8.382e-01
3.806e+00 8.382e-01
3.809e+00 8.382e-01
3.812e+00 8.382e-01
3.815e+00 8.399e-01
3.817e+00 8.399e-01
3.820e+00 8.399e-01
3.823e+00 8.399e-01
3.826e+00 8.399e-01
3.829e+00 8.399e-01
3.832e+00 8.399e-01
3.834e+00 8.399e-01
3.837e+00 8.399e-01
3.840e+00 8.399e-01
3.843e+00 8.416e-01
3.846e+00 8.416e-01
3.849e+00 8.416e-01
3.852e+00 8.416e-01
3.854e+00 8.416e-01
3.857e+00 8.416e-01
3.860e+00 8.416e-01
3.863e+00 8.416e-01
3.866e+00 8.416e-01
3.869e+00 8.416e-01
3.872e+00 8.433e-01
3.875e+00 8.433e-01
3.877e+00 8.433e-01
3.880e+00 8.433e-01
3.883e+00 8.433e-01
3.886e+00 8.433e-01
3.889e+00 8.433e-01
3.892e+00 8.433e-01
3.895e+00 8.433e-01
3.898e+00 8.433e-01
3.901e+00 8.433e-01
3.904e+00 8.433e-01
3.907e+00 8.433e-01
3.910e+00 8.450e-01
3.913e+00 8.450e-01
3.916e+00 8.450e-01
3.918e+00 8.450e-01
3.921e+00 8.450e-01
3.924e+00 8.450e-01
3.927e+00 8.450e-01
3.930e+00 8.450e-01
3.933e+00 8.450e-01
3.936e+00 8.450e-01
3.939e+00 8.450e-01
3.942e+00 8.450e-01
3.945e+00 8.450e-01
3.948e+00 8.450e-01
3.951e+00 8.450e-01
3.954e+00 8.450e-01
3.957e+00 8.450e-01
3.960e+00 8.450e-01
3.963e+00 8.450e-01
3.966e+00 8.450e-01
3.970e+00 8.450e-01
3.973e+00 8.466e-01
3.976e+00 8.466e-01
3.979e+00 8.466e-01
3.982e+00 8.466e-01
3.985e+00 8.466e-01
3.988e+00 8.466e-01
3.991e+00 8.466e-01
3.994e+00 8.466e-01
3.997e+00 8.466e-01
4.000e+00 8.466e-01
4.003e+00 8.466e-01
4.006e+00 8.466e-01
4.009e+00 8.466e-01
4.013e+00 8.466e-01
4.016e+00 8.466e-01
4.019e+00 8.450e-01
4.022e+00 8.450e-01
4.025e+00 8.450e-01
4.028e+00 8.450e-01
4.031e+00 8.450e-01
4.034e+00 8.450e-01
4.037e+00 8.450e-01
4.041e+00 8.450e-01
4.044e+00 8.450e-01
4.047e+00 8.450e-01
4.050e+00 8.450e-01
4.053e+00 8.450e-01
4.056e+00 8.450e-01
4.060e+00 8.450e-01
4.063e+00 8.450e-01
4.066e+00 8.450e-01
4.069e+00 8.450e-01
4.072e+00 8.433e-01
4.076e+00 8.433e-01
4.079e+00 8.433e-01
4.082e+00 8.433e-01
4.085e+00 8.433e-01
4.088e+00 8.416e-01
4.092e+00 8.416e-01
4.095e+00 8.416e-01
4.098e+00 8.416e-01
4.101e+00 8.399e-01
4.105e+00 8.399e-01
4.108e+00 8.399e-01
4.111e+00 8.399e-01
4.114e+00 8.382e-01
4.118e+00 8.382e-01
4.121e+00 8.382e-01
4.124e+00 8.382e-01
4.128e+00 8.364e-01
4.131e+00 8.364e-01
4.134e+00 8.364e-01
4.137e+00 8.364e-01
4.141e+00 8.364e-01
4.144e+00 8.364e-01
4.147e+00 8.347e-01
4.151e+00 8.347e-01
4.154e+00 8.347e-01
4.157e+00 8.347e-01
4.161e+00 8.347e-01
4.164e+00 8.347e-01
4.167e+00 8.329e-01
4.171e+00 8.329e-01
4.174e+00 8.329e-01
4.177e+00 8.329e-01
4.181e+00 8.329e-01
4.184e+00 8.311e-01
4.188e+00 8.311e-01
4.191e+00 8.311e-01
4.194e+00 8.311e-01
4.198e+00 8.311e-01
4.201e+00 8.292e-01
4.205e+00 8.292e-01
4.208e+00 8.292e-01
4.211e+00 8.292e-01
4.215e+00 8.292e-01
4.218e+00 8.292e-01
4.222e+00 8.292e-01
4.225e+00 8.274e-01
4.229e+00 8.274e-01
4.232e+00 8.274e-01
4.235e+00 8.274e-01
4.239e+00 8.255e-01
4.242e+00 8.255e-01
4.246e+00 8.255e-01
4.249e+00 8.236e-01
4.253e+00 8.236e-01
4.256e+00 8.217e-01
4.260e+00 8.217e-01
4.263e+00 8.217e-01
4.267e+00 8.217e-01
4.270e+00 8.217e-01
4.274e+00 8.198e-01
4.277e+00 8.198e-01
4.281e+00 8.178e-01
4.284e+00 8.178e-01
4.288e+00 8.178e-01
4.292e+00 8.159e-01
4.295e+00 8.159e-01
4.299e+00 8.138e-01
4.302e+00 8.138e-01
4.306e+00 8.118e-01
4.309e+00 8.118e-01
4.313e+00 8.098e-01
4.317e+00 8.098e-01
4.320e+00 8.077e-01
4.324e+00 8.077e-01
4.327e+00 8.056e-01
4.331e+00 8.056e-01
4.335e+00 8.056e-01
4.338e+00 8.035e-01
4.342e+00 8.035e-01
4.346e+00 8.013e-01
4.349e+00 8.013e-01
4.353e+00 8.013e-01
4.356e+00 7.991e-01
4.360e+00 7.991e-01
4.364e+00 7.991e-01
4.367e+00 7.991e-01
4.371e+00 7.969e-01
4.375e+00 7.969e-01
4.378e+00 7.969e-01
4.382e+00 7.969e-01
4.386e+00 7.947e-01
4.390e+00 7.947e-01
4.393e+00 7.947e-01
4.397e+00 7.947e-01
4.401e+00 7.947e-01
4.405e+00 7.925e-01
4.408e+00 7.925e-01
4.412e+00 7.925e-01
4.416e+00 7.925e-01
4.420e+00 7.925e-01
4.423e+00 7.925e-01
4.427e+00 7.902e-01
4.431e+00 7.902e-01
4.435e+00 7.902e-01
4.439e+00 7.902e-01
4.442e+00 7.902e-01
4.446e+00 7.902e-01
4.450e+00 7.879e-01
4.454e+00 7.879e-01
4.458e+00 7.879e-01
4.461e+00 7.879e-01
4.465e+00 7.879e-01
4.469e+00 7.879e-01
4.473e+00 7.855e-01
4.477e+00 7.855e-01
4.481e+00 7.855e-01
4.484e+00 7.855e-01
4.488e+00 7.855e-01
4.492e+00 7.832e-01
4.496e+00 7.832e-01
4.500e+00 7.832e-01
4.504e+00 7.808e-01
4.508e+00 7.808e-01
4.512e+00 7.808e-01
4.516e+00 7.784e-01
4.520e+00 7.784e-01
4.524e+00 7.759e-01
4.528e+00 7.759e-01
4.532e+00 7.759e-01
4.536e+00 7.734e-01
4.540e+00 7.734e-01
4.543e+00 7.709e-01
4.548e+00 7.684e-01
4.551e+00 7.684e-01
4.556e+00 7.658e-01
4.559e+00 7.658e-01
4.564e+00 7.632e-01
4.567e+00 7.606e-01
4.572e+00 7.606e-01
4.576e+00 7.579e-01
4.580e+00 7.579e-01
4.584e+00 7.552e-01
4.588e+00 7.525e-01
4.592e+00 7.525e-01
4.596e+00 7.497e-01
4.600e+00 7.469e-01
4.604e+00 7.440e-01
4.608e+00 7.440e-01
4.612e+00 7.412e-01
4.616e+00 7.382e-01
4.620e+00 7.382e-01
4.625e+00 7.353e-01
4.629e+00 7.323e-01
4.633e+00 7.293e-01
4.637e+00 7.293e-01
4.641e+00 7.262e-01
4.645e+00 7.231e-01
4.649e+00 7.231e-01
4.654e+00 7.200e-01
4.658e+00 7.168e-01
4.662e+00 7.168e-01
4.666e+00 7.136e-01
4.670e+00 7.103e-01
4.675e+00 7.103e-01
4.679e+00 7.070e-01
4.683e+00 7.036e-01
4.687e+00 7.036e-01
4.692e+00 7.002e-01
4.696e+00 7.002e-01
4.700e+00 6.968e-01
4.704e+00 6.968e-01
4.709e+00 6.933e-01
4.713e+00 6.898e-01
4.717e+00 6.898e-01
4.721e+00 6.862e-01
4.726e+00 6.862e-01
4.730e+00 6.826e-01
4.734e+00 6.789e-01
4.739e+00 6.789e-01
4.743e+00 6.752e-01
4.747e+00 6.752e-01
4.752e+00 6.714e-01
4.756e+00 6.676e-01
4.761e+00 6.676e-01
4.765e+00 6.637e-01
4.769e+00 6.637e-01
4.774e+00 6.598e-01
4.778e+00 6.598e-01
4.782e+00 6.558e-01
4.787e+00 6.558e-01
4.791e+00 6.517e-01
4.796e+00 6.517e-01
4.800e+00 6.476e-01
4.805e+00 6.476e-01
4.809e+00 6.435e-01
4.814e+00 6.435e-01
4.818e+00 6.393e-01
4.822e+00 6.350e-01
4.827e+00 6.350e-01
4.831e+00 6.307e-01
4.836e+00 6.307e-01
4.841e+00 6.263e-01
4.845e+00 6.263e-01
4.849e+00 6.263e-01
4.854e+00 6.219e-01
4.859e+00 6.219e-01
4.863e+00 6.174e-01
4.868e+00 6.174e-01
4.872e+00 6.128e-01
4.877e+00 6.128e-01
4.881e+00 6.082e-01
4.886e+00 6.082e-01
4.891e+00 6.082e-01
4.895e+00 6.035e-01
4.900e+00 6.035e-01
4.905e+00 5.987e-01
4.909e+00 5.987e-01
4.914e+00 5.939e-01
4.918e+00 5.939e-01
4.923e+00 5.890e-01
4.928e+00 5.890e-01
4.933e+00 5.840e-01
4.937e+00 5.840e-01
4.942e+00 5.840e-01
4.947e+00 5.789e-01
4.951e+00 5.789e-01
4.956e+00 5.738e-01
4.961e+00 5.738e-01
4.966e+00 5.738e-01
4.970e+00 5.686e-01
4.975e+00 5.686e-01
4.980e+00 5.686e-01
4.985e+00 5.686e-01
4.990e+00 5.633e-01
4.994e+00 5.633e-01
4.999e+00 5.633e-01
5.004e+00 5.580e-01
5.009e+00 5.580e-01
5.014e+00 5.580e-01
5.019e+00 5.526e-01
5.023e+00 5.526e-01
5.028e+00 5.526e-01
5.033e+00 5.471e-01
5.038e+00 5.471e-01
5.043e+00 5.415e-01
5.048e+00 5.415e-01
5.053e+00 5.358e-01
5.058e+00 5.358e-01
5.063e+00 5.358e-01
5.068e+00 5.301e-01
5.072e+00 5.301e-01
5.077e+00 5.301e-01
5.083e+00 5.242e-01
5.088e+00 5.242e-01
5.093e+00 5.242e-01
5.098e+00 5.183e-01
5.103e+00 5.183e-01
5.107e+00 5.183e-01
5.113e+00 5.183e-01
5.118e+00 5.123e-01
5.123e+00 5.123e-01
5.128e+00 5.123e-01
5.133e+00 5.123e-01
5.138e+00 5.061e-01
5.143e+00 5.061e-01
5.148e+00 5.061e-01
5.153e+00 5.061e-01
5.158e+00 4.999e-01
5.163e+00 4.999e-01
5.169e+00 4.999e-01
5.174e+00 4.999e-01
5.179e+00 4.999e-01
5.184e+00 4.936e-01
5.189e+00 4.936e-01
5.194e+00 4.936e-01
5.200e+00 4.936e-01
5.205e+00 4.936e-01
5.210e+00 4.936e-01
5.215e+00 4.936e-01
5.221e+00 4.936e-01
5.226e+00 4.872e-01
5.231e+00 4.872e-01
5.237e+00 4.872e-01
5.242e+00 4.872e-01
5.247e+00 4.872e-01
5.252e+00 4.872e-01
5.258e+00 4.808e-01
5.263e+00 4.808e-01
5.268e+00 4.808e-01
5.274e+00 4.808e-01
5.279e+00 4.808e-01
5.285e+00 4.808e-01
5.290e+00 4.808e-01
5.295e+00 4.808e-01
5.301e+00 4.808e-01
5.306e+00 4.742e-01
5.312e+00 4.742e-01
5.317e+00 4.742e-01
5.322e+00 4.742e-01
5.328e+00 4.742e-01
5.333e+00 4.742e-01
5.339e+00 4.742e-01
5.345e+00 4.742e-01
5.350e+00 4.742e-01
5.356e+00 4.742e-01
5.361e+00 4.675e-01
5.367e+00 4.675e-01
5.372e+00 4.675e-01
5.378e+00 4.607e-01
5.383e+00 4.607e-01
5.389e+00 4.607e-01
5.394e+00 4.607e-01
5.400e+00 4.537e-01
5.406e+00 4.537e-01
5.411e+00 4.537e-01
5.417e+00 4.537e-01
5.423e+00 4.537e-01
5.428e+00 4.537e-01
5.434e+00 4.467e-01
5.440e+00 4.467e-01
5.446e+00 4.467e-01
5.451e+00 4.467e-01
5.457e+00 4.467e-01
5.463e+00 4.467e-01
5.468e+00 4.467e-01
5.474e+00 4.467e-01
5.480e+00 4.467e-01
5.486e+00 4.467e-01
5.492e+00 4.467e-01
5.498e+00 4.467e-01
5.503e+00 4.467e-01
5.509e+00 4.467e-01
5.515e+00 4.467e-01
5.521e+00 4.467e-01
5.527e+00 4.467e-01
5.533e+00 4.467e-01
5.539e+00 4.467e-01
5.545e+00 4.467e-01
5.551e+00 4.467e-01
5.556e+00 4.537e-01
5.562e+00 4.467e-01
5.568e+00 4.467e-01
5.574e+00 4.467e-01
5.580e+00 4.467e-01
5.586e+00 4.467e-01
5.592e+00 4.396e-01
5.598e+00 4.396e-01
5.604e+00 4.396e-01
5.611e+00 4.324e-01
5.617e+00 4.324e-01
5.623e+00 4.324e-01
5.629e+00 4.324e-01
5.635e+00 4.250e-01
5.641e+00 4.324e-01
5.647e+00 4.324e-01
5.653e+00 4.324e-01
5.660e+00 4.250e-01
5.666e+00 4.250e-01
5.672e+00 4.250e-01
5.678e+00 4.250e-01
5.684e+00 4.250e-01
5.691e+00 4.250e-01
5.697e+00 4.250e-01
5.703e+00 4.175e-01
5.709e+00 4.250e-01
5.716e+00 4.250e-01
5.722e+00 4.250e-01
5.728e+00 4.250e-01
5.735e+00 4.175e-01
5.741e+00 4.175e-01
5.747e+00 4.175e-01
5.754e+00 4.175e-01
5.760e+00 4.099e-01
5.767e+00 4.175e-01
5.773e+00 4.175e-01
5.779e+00 4.099e-01
5.786e+00 4.022e-01
5.792e+00 4.022e-01
5.799e+00 3.944e-01
5.805e+00 3.944e-01
5.812e+00 3.944e-01
5.818e+00 3.944e-01
5.825e+00 4.022e-01
5.831e+00 3.944e-01
5.838e+00 3.864e-01
5.845e+00 3.783e-01
5.851e+00 3.783e-01
5.858e+00 3.783e-01
5.864e+00 3.783e-01
5.871e+00 3.783e-01
5.878e+00 3.700e-01
5.884e+00 3.864e-01
5.891e+00 3.700e-01
5.898e+00 3.700e-01
5.905e+00 3.617e-01
5.911e+00 3.532e-01
5.918e+00 3.445e-01
5.925e+00 3.445e-01
5.931e+00 3.445e-01
5.938e+00 3.445e-01
5.945e+00 3.445e-01
5.952e+00 3.268e-01
5.959e+00 3.268e-01
5.966e+00 3.177e-01
5.973e+00 3.268e-01
5.979e+00 3.177e-01
5.986e+00 3.177e-01
5.993e+00 3.177e-01
6.000e+00 3.084e-01
6.007e+00 3.084e-01
6.014e+00 3.084e-01
6.021e+00 3.084e-01
6.028e+00 2.990e-01
6.035e+00 2.990e-01
6.042e+00 3.084e-01
6.049e+00 3.177e-01
6.056e+00 3.177e-01
6.063e+00 3.084e-01
6.070e+00 3.084e-01
6.078e+00 3.177e-01
6.085e+00 3.084e-01
6.092e+00 2.990e-01
6.099e+00 2.990e-01
6.106e+00 3.084e-01
6.113e+00 3.084e-01
6.121e+00 3.177e-01
6.128e+00 3.084e-01
6.135e+00 2.990e-01
6.142e+00 3.084e-01
6.150e+00 3.084e-01
6.157e+00 3.084e-01
6.164e+00 3.084e-01
6.172e+00 3.084e-01
6.179e+00 3.084e-01
6.186e+00 3.084e-01
6.194e+00 3.177e-01
6.201e+00 3.084e-01
6.208e+00 3.084e-01
6.216e+00 3.084e-01
6.224e+00 3.084e-01
6.231e+00 3.084e-01
6.238e+00 3.084e-01
6.246e+00 3.084e-01
6.253e+00 3.084e-01
6.261e+00 3.084e-01
6.269e+00 3.084e-01
6.276e+00 3.084e-01
6.284e+00 3.084e-01
6.291e+00 3.084e-01
6.299e+00 3.084e-01
6.307e+00 3.084e-01
6.314e+00 3.084e-01
6.322e+00 3.084e-01
6.330e+00 3.084e-01
6.338e+00 3.084e-01
6.345e+00 3.177e-01
6.353e+00 3.177e-01
6.361e+00 3.084e-01
6.369e+00 3.084e-01
6.377e+00 3.177e-01
6.384e+00 3.177e-01
6.392e+00 3.084e-01
6.400e+00 3.084e-01
6.408e+00 3.177e-01
6.416e+00 3.268e-01
6.424e+00 3.268e-01
6.432e+00 3.177e-01
6.440e+00 3.177e-01
6.448e+00 3.084e-01
6.456e+00 3.084e-01
6.464e+00 3.084e-01
6.472e+00 3.084e-01
6.480e+00 3.177e-01
6.488e+00 3.177e-01
6.496e+00 3.268e-01
6.505e+00 3.177e-01
6.513e+00 3.084e-01
6.521e+00 3.177e-01
6.529e+00 3.177e-01
6.537e+00 3.084e-01
6.546e+00 3.084e-01
6.554e+00 3.177e-01
6.562e+00 3.177e-01
6.571e+00 3.177e-01
6.579e+00 3.268e-01
6.587e+00 3.177e-01
6.596e+00 3.177e-01
6.604e+00 3.177e-01
6.612e+00 3.084e-01
6.621e+00 3.177e-01
6.629e+00 3.177e-01
6.638e+00 3.268e-01
6.646e+00 3.268e-01
6.655e+00 3.084e-01
6.663e+00 3.084e-01
6.672e+00 3.084e-01
6.681e+00 3.177e-01
6.689e+00 3.177e-01
6.698e+00 3.084e-01
6.707e+00 3.084e-01
6.715e+00 3.177e-01
6.724e+00 3.177e-01
6.733e+00 3.084e-01
6.741e+00 3.084e-01
6.750e+00 3.084e-01
6.759e+00 3.084e-01
6.768e+00 3.084e-01
6.777e+00 3.084e-01
6.785e+00 3.177e-01
6.794e+00 3.177e-01
6.803e+00 3.084e-01
6.812e+00 3.084e-01
6.821e+00 3.084e-01
6.830e+00 3.084e-01
6.839e+00 3.084e-01
6.848e+00 3.084e-01
6.857e+00 3.084e-01
6.866e+00 3.177e-01
6.875e+00 3.177e-01
6.885e+00 3.084e-01
6.894e+00 3.084e-01
6.903e+00 3.084e-01
6.912e+00 3.084e-01
6.921e+00 2.990e-01
6.931e+00 2.990e-01
6.940e+00 2.990e-01
6.949e+00 2.990e-01
6.959e+00 2.990e-01
6.968e+00 2.990e-01
6.977e+00 2.990e-01
6.987e+00 2.894e-01
6.996e+00 2.894e-01
7.006e+00 2.894e-01
7.015e+00 2.894e-01
7.025e+00 2.894e-01
7.034e+00 2.894e-01
7.044e+00 2.894e-01
7.053e+00 2.894e-01
7.063e+00 2.797e-01
7.072e+00 2.797e-01
7.082e+00 2.797e-01
7.092e+00 2.797e-01
7.102e+00 2.698e-01
7.111e+00 2.698e-01
7.121e+00 2.698e-01
7.131e+00 2.698e-01
7.141e+00 2.698e-01
7.151e+00 2.698e-01
7.160e+00 2.698e-01
7.170e+00 2.698e-01
7.180e+00 2.698e-01
7.190e+00 2.597e-01
7.200e+00 2.597e-01
7.210e+00 2.597e-01
7.220e+00 2.597e-01
7.230e+00 2.494e-01
7.240e+00 2.494e-01
7.250e+00 2.494e-01
7.261e+00 2.494e-01
7.271e+00 2.494e-01
7.281e+00 2.494e-01
7.291e+00 2.494e-01
7.302e+00 2.390e-01
7.312e+00 2.390e-01
7.322e+00 2.390e-01
7.333e+00 2.390e-01
7.343e+00 2.390e-01
7.353e+00 2.390e-01
7.364e+00 2.284e-01
7.374e+00 2.284e-01
7.385e+00 2.284e-01
7.395e+00 2.284e-01
7.406e+00 2.284e-01
7.417e+00 2.284e-01
7.427e+00 2.175e-01
7.438e+00 2.175e-01
7.449e+00 2.175e-01
7.459e+00 2.175e-01
7.470e+00 2.175e-01
7.481e+00 2.175e-01
7.492e+00 2.065e-01
7.502e+00 2.065e-01
7.513e+00 2.065e-01
7.524e+00 2.065e-01
7.535e+00 2.065e-01
7.546e+00 1.953e-01
7.557e+00 1.953e-01
7.568e+00 1.953e-01
7.579e+00 1.953e-01
7.590e+00 1.953e-01
7.601e+00 1.953e-01
7.612e+00 1.839e-01
7.624e+00 1.839e-01
7.635e+00 1.839e-01
7.646e+00 1.839e-01
7.657e+00 1.839e-01
7.669e+00 1.839e-01
7.680e+00 1.839e-01
7.692e+00 1.723e-01
7.703e+00 1.723e-01
7.715e+00 1.723e-01
7.726e+00 1.723e-01
7.737e+00 1.723e-01
7.749e+00 1.605e-01
7.761e+00 1.605e-01
7.772e+00 1.605e-01
7.784e+00 1.605e-01
7.796e+00 1.605e-01
7.807e+00 1.605e-01
7.819e+00 1.484e-01
7.831e+00 1.484e-01
7.843e+00 1.484e-01
7.855e+00 1.484e-01
7.867e+00 1.484e-01
7.879e+00 1.484e-01
7.891e+00 1.362e-01
7.903e+00 1.362e-01
7.915e+00 1.362e-01
7.927e+00 1.362e-01
7.939e+00 1.362e-01
7.951e+00 1.362e-01
7.963e+00 1.237e-01
7.976e+00 1.237e-01
7.988e+00 1.237e-01
8.000e+00 1.237e-01
8.013e+00 1.237e-01
8.025e+00 1.237e-01
8.037e+00 1.237e-01
8.050e+00 1.109e-01
8.062e+00 1.109e-01
8.075e+00 1.109e-01
8.088e+00 1.109e-01
8.100e+00 1.109e-01
8.113e+00 1.109e-01
8.126e+00 1.109e-01
8.138e+00 1.237e-01
8.151e+00 1.237e-01
8.164e+00 1.237e-01
8.177e+00 1.362e-01
8.190e+00 1.362e-01
8.203e+00 1.484e-01
8.216e+00 1.605e-01
8.229e+00 1.605e-01
8.242e+00 1.723e-01
8.255e+00 1.839e-01
8.268e+00 2.065e-01
8.281e+00 2.175e-01
8.295e+00 2.284e-01
8.308e+00 2.494e-01
8.321e+00 2.597e-01
8.335e+00 2.698e-01
8.348e+00 2.797e-01
8.361e+00 2.894e-01
8.375e+00 2.990e-01
8.389e+00 3.084e-01
8.402e+00 3.084e-01
8.416e+00 3.177e-01
8.430e+00 3.177e-01
8.443e+00 3.268e-01
8.457e+00 3.268e-01
8.471e+00 3.268e-01
8.485e+00 3.357e-01
8.499e+00 3.357e-01
8.512e+00 3.445e-01
8.527e+00 3.445e-01
8.541e+00 3.445e-01
8.555e+00 3.532e-01
8.569e+00 3.532e-01
8.583e+00 3.532e-01
8.597e+00 3.617e-01
8.611e+00 3.617e-01
8.626e+00 3.700e-01
8.640e+00 3.783e-01
8.655e+00 3.783e-01
8.669e+00 3.864e-01
8.684e+00 3.864e-01
8.698e+00 3.944e-01
8.713e+00 3.944e-01
8.728e+00 4.022e-01
8.742e+00 4.022e-01
8.757e+00 4.099e-01
8.772e+00 4.099e-01
8.787e+00 4.099e-01
8.802e+00 4.099e-01
8.817e+00 4.175e-01
8.832e+00 4.175e-01
8.847e+00 4.250e-01
8.862e+00 4.250e-01
8.877e+00 4.250e-01
8.892e+00 4.324e-01
8.907e+00 4.324e-01
8.923e+00 4.250e-01
8.938e+00 4.250e-01
8.954e+00 4.250e-01
8.969e+00 4.250e-01
8.985e+00 4.250e-01
9.000e+00 4.175e-01
9.016e+00 4.175e-01
9.032e+00 4.175e-01
9.047e+00 4.099e-01
9.063e+00 4.099e-01
9.079e+00 4.099e-01
9.095e+00 4.022e-01
9.111e+00 4.022e-01
9.127e+00 4.022e-01
9.143e+00 3.944e-01
9.159e+00 3.944e-01
9.175e+00 3.944e-01
9.192e+00 3.944e-01
9.208e+00 3.944e-01
9.224e+00 3.944e-01
9.241e+00 4.022e-01
9.257e+00 4.022e-01
9.274e+00 4.022e-01
9.291e+00 4.099e-01
9.307e+00 4.099e-01
9.324e+00 4.175e-01
9.341e+00 4.175e-01
9.358e+00 4.250e-01
9.375e+00 4.250e-01
9.392e+00 4.250e-01
9.409e+00 4.250e-01
9.426e+00 4.324e-01
9.443e+00 4.324e-01
9.460e+00 4.324e-01
9.477e+00 4.324e-01
9.495e+00 4.396e-01
9.512e+00 4.396e-01
9.530e+00 4.467e-01
9.547e+00 4.467e-01
9.565e+00 4.537e-01
9.582e+00 4.537e-01
9.600e+00 4.607e-01
9.618e+00 4.675e-01
9.636e+00 4.675e-01
9.654e+00 4.742e-01
9.672e+00 4.742e-01
9.690e+00 4.808e-01
9.708e+00 4.808e-01
9.726e+00 4.808e-01
9.745e+00 4.872e-01
9.763e+00 4.872e-01
9.781e+00 4.872e-01
9.800e+00 4.872e-01
9.818e+00 4.872e-01
9.837e+00 4.872e-01
9.856e+00 4.872e-01
9.874e+00 4.808e-01
9.893e+00 4.808e-01
9.912e+00 4.808e-01
9.931e+00 4.808e-01
9.950e+00 4.808e-01
9.970e+00 4.808e-01
9.989e+00 4.808e-01
1.001e+01 4.742e-01
1.003e+01 4.742e-01
1.005e+01 4.742e-01
1.007e+01 4.742e-01
1.009e+01 4.742e-01
1.011e+01 4.742e-01
1.013e+01 4.742e-01
1.015e+01 4.808e-01
1.017e+01 4.808e-01
1.018e+01 4.808e-01
1.021e+01 4.808e-01
1.023e+01 4.872e-01
1.025e+01 4.872e-01
1.027e+01 4.872e-01
1.029e+01 4.872e-01
1.031e+01 4.936e-01
1.033e+01 4.936e-01
1.035e+01 4.999e-01
1.037e+01 5.061e-01
1.039e+01 5.061e-01
1.041e+01 5.123e-01
1.043e+01 5.123e-01
1.045e+01 5.183e-01
1.047e+01 5.183e-01
1.049e+01 5.242e-01
1.052e+01 5.242e-01
1.054e+01 5.301e-01
1.056e+01 5.301e-01
1.058e+01 5.301e-01
1.060e+01 5.301e-01
1.062e+01 5.301e-01
1.064e+01 5.301e-01
1.067e+01 5.301e-01
1.069e+01 5.301e-01
1.071e+01 5.301e-01
1.073e+01 5.301e-01
1.076e+01 5.301e-01
1.078e+01 5.301e-01
1.080e+01 5.301e-01
1.082e+01 5.301e-01
1.085e+01 5.301e-01
1.087e+01 5.242e-01
1.089e+01 5.242e-01
1.091e+01 5.242e-01
1.094e+01 5.183e-01
1.096e+01 5.123e-01
1.098e+01 5.123e-01
1.101e+01 5.061e-01
1.103e+01 4.999e-01
1.105e+01 4.999e-01
1.108e+01 4.999e-01
1.110e+01 4.936e-01
1.112e+01 4.936e-01
1.115e+01 4.936e-01
1.117e+01 4.872e-01
1.120e+01 4.872e-01
1.122e+01 4.808e-01
1.125e+01 4.742e-01
1.127e+01 4.742e-01
1.129e+01 4.675e-01
1.132e+01 4.607e-01
1.134e+01 4.537e-01
1.137e+01 4.537e-01
1.139e+01 4.467e-01
1.142e+01 4.467e-01
1.144e+01 4.396e-01
1.147e+01 4.324e-01
1.149e+01 4.250e-01
1.152e+01 4.175e-01
1.155e+01 4.099e-01
1.157e+01 4.022e-01
1.160e+01 3.944e-01
1.162e+01 3.944e-01
1.165e+01 3.864e-01
1.168e+01 3.783e-01
1.170e+01 3.783e-01
1.173e+01 3.700e-01
1.176e+01 3.617e-01
1.178e+01 3.617e-01
1.181e+01 3.532e-01
1.184e+01 3.532e-01
1.186e+01 3.445e-01
1.189e+01 3.445e-01
1.192e+01 3.445e-01
1.195e+01 3.445e-01
1.197e+01 3.357e-01
1.200e+01 3.357e-01
1.203e+01 3.357e-01
1.206e+01 3.357e-01
1.208e+01 3.268e-01
1.211e+01 3.268e-01
1.214e+01 3.268e-01
1.217e+01 3.268e-01
1.220e+01 3.177e-01
1.223e+01 3.177e-01
1.226e+01 3.177e-01
1.228e+01 3.084e-01
1.231e+01 3.084e-01
1.234e+01 3.084e-01
1.237e+01 3.084e-01
1.240e+01 2.990e-01
1.243e+01 2.990e-01
1.246e+01 2.894e-01
1.249e+01 2.894e-01
1.252e+01 2.797e-01
1.255e+01 2.797e-01
1.258e+01 2.797e-01
1.261e+01 2.698e-01
1.264e+01 2.698e-01
1.268e+01 2.698e-01
1.271e+01 2.597e-01
1.274e+01 2.597e-01
1.277e+01 2.597e-01
1.280e+01 2.597e-01
1.283e+01 2.597e-01
1.286e+01 2.597e-01
1.290e+01 2.597e-01
1.293e+01 2.597e-01
1.296e+01 2.597e-01
1.299e+01 2.597e-01
1.303e+01 2.597e-01
1.306e+01 2.597e-01
1.309e+01 2.597e-01
1.312e+01 2.597e-01
1.316e+01 2.597e-01
1.319e+01 2.597e-01
1.322e+01 2.698e-01
1.326e+01 2.698e-01
1.329e+01 2.698e-01
1.333e+01 2.698e-01
1.336e+01 2.698e-01
1.340e+01 2.698e-01
1.343e+01 2.597e-01
1.347e+01 2.597e-01
1.350e+01 2.597e-01
1.354e+01 2.597e-01
1.357e+01 2.597e-01
1.361e+01 2.597e-01
1.364e+01 2.597e-01
1.368e+01 2.597e-01
1.371e+01 2.597e-01
1.375e+01 2.597e-01
1.379e+01 2.597e-01
1.382e+01 2.597e-01
1.386e+01 2.597e-01
1.390e+01 2.597e-01
1.394e+01 2.597e-01
1.397e+01 2.597e-01
1.401e+01 2.494e-01
1.405e+01 2.494e-01
1.409e+01 2.494e-01
1.413e+01 2.390e-01
1.416e+01 2.390e-01
1.420e+01 2.390e-01
1.424e+01 2.390e-01
1.428e+01 2.390e-01
1.432e+01 2.284e-01
1.436e+01 2.284e-01
1.440e+01 2.284e-01
1.444e+01 2.284e-01
1.448e+01 2.284e-01
1.452e+01 2.284e-01
1.456e+01 2.284e-01
1.460e+01 2.284e-01
1.464e+01 2.284e-01
1.469e+01 2.284e-01
1.473e+01 2.284e-01
1.477e+01 2.284e-01
1.481e+01 2.284e-01
1.485e+01 2.284e-01
1.490e+01 2.284e-01
1.494e+01 2.284e-01
1.498e+01 2.284e-01
1.503e+01 2.284e-01
1.507e+01 2.284e-01
1.511e+01 2.284e-01
1.516e+01 2.284e-01
1.520e+01 2.284e-01
1.525e+01 2.284e-01
1.529e+01 2.390e-01
1.534e+01 2.494e-01
1.538e+01 2.597e-01
1.543e+01 2.797e-01
1.547e+01 2.990e-01
1.552e+01 3.177e-01
1.557e+01 3.357e-01
1.561e+01 3.445e-01
1.566e+01 3.617e-01
1.571e+01 3.700e-01
1.576e+01 3.700e-01
1.581e+01 3.783e-01
1.585e+01 3.864e-01
1.590e+01 3.864e-01
1.595e+01 3.864e-01
1.600e+01 3.944e-01
1.605e+01 3.864e-01
1.610e+01 3.864e-01
1.615e+01 3.783e-01
1.620e+01 3.700e-01
1.625e+01 3.617e-01
1.630e+01 3.617e-01
1.635e+01 3.617e-01
1.641e+01 3.700e-01
1.646e+01 3.700e-01
1.651e+01 3.783e-01
1.656e+01 3.864e-01
1.662e+01 3.944e-01
1.667e+01 4.022e-01
1.672e+01 4.099e-01
1.678e+01 4.175e-01
1.683e+01 4.250e-01
1.689e+01 4.324e-01
1.694e+01 4.396e-01
1.700e+01 4.467e-01
1.705e+01 4.537e-01
1.711e+01 4.537e-01
1.717e+01 4.537e-01
1.722e+01 4.537e-01
1.728e+01 4.607e-01
1.734e+01 4.607e-01
1.740e+01 4.607e-01
1.746e+01 4.607e-01
1.751e+01 4.675e-01
1.757e+01 4.675e-01
1.763e+01 4.742e-01
1.769e+01 4.742e-01
1.775e+01 4.742e-01
1.781e+01 4.675e-01
1.788e+01 4.607e-01
1.794e+01 4.607e-01
1.800e+01 4.537e-01
1.806e+01 4.537e-01
1.813e+01 4.537e-01
1.819e+01 4.607e-01
1.825e+01 4.675e-01
1.832e+01 4.742e-01
1.838e+01 4.808e-01
1.845e+01 4.872e-01
1.851e+01 4.872e-01
1.858e+01 4.872e-01
1.865e+01 4.808e-01
1.872e+01 4.808e-01
1.878e+01 4.742e-01
1.885e+01 4.742e-01
1.892e+01 4.675e-01
1.899e+01 4.675e-01
1.906e+01 4.675e-01
1.913e+01 4.675e-01
1.920e+01 4.675e-01
1.927e+01 4.675e-01
1.934e+01 4.675e-01
1.942e+01 4.675e-01
1.949e+01 4.675e-01
1.956e+01 4.675e-01
1.964e+01 4.607e-01
1.971e+01 4.607e-01
1.979e+01 4.607e-01
1.986e+01 4.537e-01
1.994e+01 4.467e-01
2.002e+01 4.396e-01
2.009e+01 4.396e-01
2.017e+01 4.324e-01
2.025e+01 4.250e-01
2.033e+01 4.175e-01
2.041e+01 4.175e-01
2.049e+01 4.175e-01
2.057e+01 4.175e-01
2.065e+01 4.175e-01
2.074e+01 4.175e-01
2.082e+01 4.250e-01
2.090e+01 4.175e-01
2.099e+01 4.175e-01
2.107e+01 4.175e-01
2.116e+01 4.175e-01
2.125e+01 4.250e-01
2.133e+01 4.250e-01
2.142e+01 4.250e-01
2.151e+01 4.324e-01
2.160e+01 4.324e-01
2.169e+01 4.250e-01
2.178e+01 4.250e-01
2.187e+01 4.250e-01
2.197e+01 4.175e-01
2.206e+01 4.022e-01
2.215e+01 3.944e-01
2.225e+01 3.944e-01
2.235e+01 3.864e-01
2.244e+01 3.864e-01
2.254e+01 3.864e-01
2.264e+01 3.864e-01
2.274e+01 3.944e-01
2.284e+01 3.944e-01
2.294e+01 4.022e-01
2.304e+01 4.099e-01
2.314e+01 4.250e-01
2.325e+01 4.396e-01
2.335e+01 4.537e-01
2.346e+01 4.675e-01
2.356e+01 4.675e-01
2.367e+01 4.675e-01
2.378e+01 4.742e-01
2.389e+01 4.808e-01
2.400e+01 4.872e-01
2.411e+01 4.742e-01
2.422e+01 4.742e-01
2.434e+01 4.675e-01
2.445e+01 4.675e-01
2.457e+01 4.675e-01
2.469e+01 4.607e-01
2.480e+01 4.537e-01
2.492e+01 4.607e-01
2.504e+01 4.675e-01
2.517e+01 4.675e-01
2.529e+01 4.675e-01
2.541e+01 4.742e-01
2.554e+01 4.808e-01
2.566e+01 4.872e-01
2.579e+01 4.872e-01
2.592e+01 4.742e-01
