3.500e-01 4.175e-01
3.550e-01 4.250e-01
3.600e-01 4.324e-01
3.650e-01 4.250e-01
3.700e-01 4.396e-01
3.750e-01 4.467e-01
3.800e-01 4.537e-01
3.850e-01 4.607e-01
3.900e-01 4.742e-01
3.950e-01 4.808e-01
4.000e-01 4.872e-01
4.050e-01 4.936e-01
4.100e-01 5.061e-01
4.150e-01 5.123e-01
4.200e-01 5.183e-01
4.250e-01 5.242e-01
4.300e-01 5.242e-01
4.350e-01 5.301e-01
4.400e-01 5.358e-01
4.450e-01 5.358e-01
4.500e-01 5.358e-01
4.550e-01 5.415e-01
4.600e-01 5.471e-01
4.650e-01 5.471e-01
4.700e-01 5.526e-01
4.750e-01 5.580e-01
4.800e-01 5.633e-01
4.850e-01 5.686e-01
4.900e-01 5.738e-01
4.950e-01 5.738e-01
5.000e-01 5.738e-01
5.050e-01 5.738e-01
5.100e-01 5.789e-01
5.150e-01 5.939e-01
5.200e-01 6.035e-01
5.250e-01 6.082e-01
5.300e-01 6.128e-01
5.350e-01 6.174e-01
5.400e-01 6.174e-01
5.450e-01 6.219e-01
5.500e-01 6.219e-01
5.550e-01 6.307e-01
5.600e-01 6.350e-01
5.650e-01 6.393e-01
5.700e-01 6.435e-01
5.750e-01 6.435e-01
5.800e-01 6.476e-01
5.850e-01 6.476e-01
5.900e-01 6.517e-01
5.950e-01 6.517e-01
6.000e-01 6.558e-01
6.050e-01 6.558e-01
6.100e-01 6.598e-01
6.150e-01 6.598e-01
6.200e-01 6.637e-01
6.250e-01 6.637e-01
6.300e-01 6.676e-01
6.350e-01 6.676e-01
6.400e-01 6.714e-01
6.450e-01 6.752e-01
6.500e-01 6.789e-01
6.550e-01 6.789e-01
6.600e-01 6.826e-01
6.650e-01 6.862e-01
6.700e-01 6.898e-01
6.750e-01 6.933e-01
6.800e-01 6.968e-01
6.850e-01 7.002e-01
6.900e-01 7.036e-01
6.950e-01 7.036e-01
7.000e-01 7.070e-01
7.050e-01 7.103e-01
7.100e-01 7.136e-01
7.150e-01 7.168e-01
7.200e-01 7.168e-01
7.250e-01 7.200e-01
7.300e-01 7.200e-01
7.350e-01 7.200e-01
7.400e-01 7.200e-01
7.450e-01 7.168e-01
7.500e-01 7.136e-01
7.550e-01 7.136e-01
7.600e-01 7.070e-01
7.650e-01 7.036e-01
7.700e-01 6.933e-01
7.750e-01 6.862e-01
7.800e-01 6.789e-01
7.850e-01 6.676e-01
7.900e-01 6.598e-01
7.950e-01 6.476e-01
8.000e-01 6.350e-01
8.050e-01 6.219e-01
8.100e-01 6.128e-01
8.150e-01 5.987e-01
8.200e-01 5.890e-01
8.250e-01 5.738e-01
8.300e-01 5.633e-01
8.350e-01 5.526e-01
8.400e-01 5.415e-01
8.450e-01 5.301e-01
8.500e-01 5.242e-01
8.550e-01 5.123e-01
8.600e-01 5.061e-01
8.650e-01 4.936e-01
8.700e-01 4.872e-01
8.750e-01 4.808e-01
8.800e-01 4.808e-01
8.850e-01 4.742e-01
8.900e-01 4.675e-01
8.950e-01 4.675e-01
9.000e-01 4.607e-01
9.050e-01 4.537e-01
9.100e-01 4.537e-01
9.150e-01 4.467e-01
9.200e-01 4.467e-01
9.250e-01 4.396e-01
9.300e-01 4.396e-01
9.350e-01 4.324e-01
9.400e-01 4.324e-01
9.450e-01 4.324e-01
9.500e-01 4.324e-01
9.550e-01 4.250e-01
9.600e-01 4.250e-01
9.650e-01 4.250e-01
9.700e-01 4.250e-01
9.750e-01 4.250e-01
9.800e-01 4.250e-01
9.850e-01 4.250e-01
9.900e-01 4.250e-01
9.950e-01 4.250e-01
1.000e+00 4.250e-01
1.005e+00 4.250e-01
1.010e+00 4.250e-01
1.015e+00 4.250e-01
1.020e+00 4.250e-01
1.025e+00 4.324e-01
1.030e+00 4.324e-01
1.035e+00 4.324e-01
1.040e+00 4.324e-01
1.045e+00 4.396e-01
1.050e+00 4.396e-01
1.055e+00 4.396e-01
1.060e+00 4.467e-01
1.065e+00 4.537e-01
1.070e+00 4.537e-01
1.075e+00 4.607e-01
1.080e+00 4.675e-01
1.085e+00 4.675e-01
1.090e+00 4.742e-01
1.095e+00 4.808e-01
1.100e+00 4.872e-01
1.105e+00 4.936e-01
1.110e+00 4.999e-01
1.115e+00 5.061e-01
1.120e+00 5.123e-01
1.125e+00 5.183e-01
1.130e+00 5.242e-01
1.135e+00 5.301e-01
1.140e+00 5.358e-01
1.145e+00 5.415e-01
1.150e+00 5.471e-01
1.155e+00 5.526e-01
1.160e+00 5.580e-01
1.165e+00 5.633e-01
1.170e+00 5.686e-01
1.175e+00 5.686e-01
1.180e+00 5.738e-01
1.185e+00 5.789e-01
1.190e+00 5.789e-01
1.195e+00 5.840e-01
1.200e+00 5.840e-01
1.205e+00 5.890e-01
1.210e+00 5.890e-01
1.215e+00 5.939e-01
1.220e+00 5.939e-01
1.225e+00 5.987e-01
1.230e+00 5.987e-01
1.235e+00 6.035e-01
1.240e+00 6.035e-01
1.245e+00 6.082e-01
1.250e+00 6.082e-01
1.255e+00 6.128e-01
1.260e+00 6.174e-01
1.265e+00 6.174e-01
1.270e+00 6.219e-01
1.275e+00 6.219e-01
1.280e+00 6.263e-01
1.285e+00 6.263e-01
1.290e+00 6.307e-01
1.295e+00 6.307e-01
1.300e+00 6.350e-01
1.305e+00 6.350e-01
1.310e+00 6.393e-01
1.315e+00 6.435e-01
1.320e+00 6.435e-01
1.325e+00 6.476e-01
1.330e+00 6.476e-01
1.335e+00 6.517e-01
1.340e+00 6.517e-01
1.345e+00 6.558e-01
1.350e+00 6.558e-01
1.355e+00 6.598e-01
1.360e+00 6.637e-01
1.365e+00 6.637e-01
1.370e+00 6.676e-01
1.375e+00 6.676e-01
1.380e+00 6.714e-01
1.385e+00 6.752e-01
1.390e+00 6.752e-01
1.395e+00 6.789e-01
1.400e+00 6.826e-01
1.405e+00 6.826e-01
1.410e+00 6.862e-01
1.415e+00 6.862e-01
1.420e+00 6.898e-01
1.425e+00 6.898e-01
1.430e+00 6.933e-01
1.435e+00 6.933e-01
1.440e+00 6.933e-01
1.445e+00 6.968e-01
1.450e+00 6.968e-01
1.455e+00 7.002e-01
1.460e+00 7.002e-01
1.465e+00 7.002e-01
1.470e+00 7.002e-01
1.475e+00 7.002e-01
1.480e+00 7.036e-01
1.485e+00 7.036e-01
1.490e+00 7.036e-01
1.495e+00 7.036e-01
1.500e+00 7.036e-01
1.505e+00 7.036e-01
1.510e+00 7.036e-01
1.515e+00 7.036e-01
1.520e+00 7.036e-01
1.525e+00 7.036e-01
1.530e+00 7.036e-01
1.535e+00 7.002e-01
1.540e+00 7.002e-01
1.545e+00 7.002e-01
1.550e+00 7.002e-01
1.555e+00 6.968e-01
1.560e+00 6.968e-01
1.565e+00 6.968e-01
1.570e+00 6.933e-01
1.575e+00 6.933e-01
1.580e+00 6.933e-01
1.585e+00 6.898e-01
1.590e+00 6.898e-01
1.595e+00 6.898e-01
1.600e+00 6.862e-01
1.605e+00 6.862e-01
1.610e+00 6.826e-01
1.615e+00 6.826e-01
1.620e+00 6.789e-01
1.625e+00 6.752e-01
1.630e+00 6.752e-01
1.635e+00 6.714e-01
1.640e+00 6.714e-01
1.645e+00 6.676e-01
1.650e+00 6.676e-01
1.655e+00 6.637e-01
1.660e+00 6.598e-01
1.665e+00 6.598e-01
1.670e+00 6.558e-01
1.675e+00 6.517e-01
1.680e+00 6.517e-01
1.685e+00 6.476e-01
1.690e+00 6.435e-01
1.695e+00 6.435e-01
1.700e+00 6.393e-01
1.705e+00 6.393e-01
1.710e+00 6.350e-01
1.715e+00 6.307e-01
1.720e+00 6.307e-01
1.725e+00 6.263e-01
1.730e+00 6.219e-01
1.735e+00 6.219e-01
1.740e+00 6.174e-01
1.745e+00 6.174e-01
1.750e+00 6.128e-01
1.755e+00 6.082e-01
1.760e+00 6.082e-01
1.765e+00 6.035e-01
1.770e+00 6.035e-01
1.775e+00 5.987e-01
1.780e+00 5.987e-01
1.785e+00 5.939e-01
1.790e+00 5.939e-01
1.795e+00 5.890e-01
1.800e+00 5.840e-01
1.805e+00 5.840e-01
1.810e+00 5.789e-01
1.815e+00 5.789e-01
1.820e+00 5.738e-01
1.825e+00 5.738e-01
1.830e+00 5.686e-01
1.835e+00 5.686e-01
1.840e+00 5.633e-01
1.845e+00 5.633e-01
1.850e+00 5.580e-01
1.855e+00 5.580e-01
1.860e+00 5.580e-01
1.865e+00 5.526e-01
1.870e+00 5.526e-01
1.875e+00 5.471e-01
1.880e+00 5.471e-01
1.885e+00 5.415e-01
1.890e+00 5.415e-01
1.895e+00 5.358e-01
1.900e+00 5.358e-01
1.905e+00 5.301e-01
1.910e+00 5.301e-01
1.915e+00 5.301e-01
1.920e+00 5.242e-01
1.925e+00 5.242e-01
1.930e+00 5.242e-01
1.935e+00 5.183e-01
1.940e+00 5.183e-01
1.945e+00 5.123e-01
1.950e+00 5.123e-01
1.955e+00 5.123e-01
1.960e+00 5.061e-01
1.965e+00 5.061e-01
1.970e+00 5.061e-01
1.975e+00 4.999e-01
1.980e+00 4.999e-01
1.985e+00 4.999e-01
1.990e+00 4.999e-01
1.995e+00 4.999e-01
2.000e+00 4.936e-01
2.005e+00 4.936e-01
2.010e+00 4.936e-01
2.015e+00 4.936e-01
2.020e+00 4.936e-01
2.025e+00 4.936e-01
2.030e+00 4.936e-01
2.035e+00 4.936e-01
2.040e+00 4.936e-01
2.045e+00 4.936e-01
2.050e+00 4.936e-01
2.055e+00 4.936e-01
2.060e+00 4.936e-01
2.065e+00 4.936e-01
2.070e+00 4.936e-01
2.075e+00 4.936e-01
2.080e+00 4.936e-01
2.085e+00 4.936e-01
2.090e+00 4.936e-01
2.095e+00 4.872e-01
2.100e+00 4.872e-01
2.105e+00 4.872e-01
2.110e+00 4.872e-01
2.115e+00 4.936e-01
2.120e+00 4.936e-01
2.125e+00 4.936e-01
2.130e+00 4.936e-01
2.135e+00 4.936e-01
2.140e+00 4.936e-01
2.145e+00 4.936e-01
2.150e+00 4.936e-01
2.155e+00 4.936e-01
2.160e+00 4.936e-01
2.165e+00 4.936e-01
2.170e+00 4.936e-01
2.175e+00 4.936e-01
2.180e+00 4.936e-01
2.185e+00 4.936e-01
2.190e+00 4.936e-01
2.195e+00 4.936e-01
2.200e+00 4.936e-01
2.205e+00 4.999e-01
2.210e+00 4.999e-01
2.215e+00 4.999e-01
2.220e+00 4.999e-01
2.225e+00 4.999e-01
2.230e+00 4.999e-01
2.235e+00 4.999e-01
2.240e+00 4.999e-01
2.245e+00 4.999e-01
2.250e+00 5.061e-01
2.255e+00 5.061e-01
2.260e+00 5.061e-01
2.265e+00 5.061e-01
2.270e+00 5.061e-01
2.275e+00 5.061e-01
2.280e+00 5.061e-01
2.285e+00 5.123e-01
2.290e+00 5.123e-01
2.295e+00 5.123e-01
2.300e+00 5.123e-01
2.305e+00 5.123e-01
2.310e+00 5.183e-01
2.315e+00 5.183e-01
2.320e+00 5.183e-01
2.325e+00 5.183e-01
2.330e+00 5.242e-01
2.335e+00 5.242e-01
2.340e+00 5.242e-01
2.345e+00 5.242e-01
2.350e+00 5.301e-01
2.355e+00 5.301e-01
2.360e+00 5.301e-01
2.365e+00 5.301e-01
2.370e+00 5.358e-01
2.375e+00 5.358e-01
2.380e+00 5.358e-01
2.385e+00 5.358e-01
2.390e+00 5.415e-01
2.395e+00 5.415e-01
2.400e+00 5.415e-01
2.405e+00 5.471e-01
2.410e+00 5.471e-01
2.415e+00 5.471e-01
2.420e+00 5.526e-01
2.425e+00 5.526e-01
2.430e+00 5.580e-01
2.435e+00 5.580e-01
2.440e+00 5.580e-01
2.445e+00 5.633e-01
2.450e+00 5.633e-01
2.455e+00 5.686e-01
2.460e+00 5.686e-01
2.465e+00 5.738e-01
2.470e+00 5.738e-01
2.475e+00 5.789e-01
2.480e+00 5.789e-01
2.485e+00 5.840e-01
2.490e+00 5.840e-01
2.495e+00 5.890e-01
2.500e+00 5.890e-01
2.505e+00 5.939e-01
2.510e+00 5.939e-01
2.515e+00 5.987e-01
2.520e+00 5.987e-01
2.525e+00 6.035e-01
2.530e+00 6.035e-01
2.535e+00 6.082e-01
2.535e+00 6.082e-01
2.536e+00 6.082e-01
2.537e+00 6.082e-01
2.537e+00 6.082e-01
2.538e+00 6.082e-01
2.538e+00 6.082e-01
2.539e+00 6.082e-01
2.540e+00 6.082e-01
2.540e+00 6.082e-01
2.541e+00 6.082e-01
2.542e+00 6.082e-01
2.542e+00 6.082e-01
2.543e+00 6.082e-01
2.543e+00 6.082e-01
2.544e+00 6.082e-01
2.545e+00 6.082e-01
2.545e+00 6.128e-01
2.546e+00 6.128e-01
2.546e+00 6.128e-01
2.547e+00 6.128e-01
2.548e+00 6.128e-01
2.548e+00 6.128e-01
2.549e+00 6.128e-01
2.550e+00 6.128e-01
2.550e+00 6.128e-01
2.551e+00 6.128e-01
2.552e+00 6.128e-01
2.552e+00 6.128e-01
2.553e+00 6.128e-01
2.553e+00 6.128e-01
2.554e+00 6.128e-01
2.555e+00 6.128e-01
2.555e+00 6.128e-01
2.556e+00 6.128e-01
2.557e+00 6.128e-01
2.557e+00 6.128e-01
2.558e+00 6.128e-01
2.558e+00 6.128e-01
2.559e+00 6.128e-01
2.560e+00 6.128e-01
2.560e+00 6.128e-01
2.561e+00 6.128e-01
2.562e+00 6.128e-01
2.562e+00 6.174e-01
2.563e+00 6.174e-01
2.563e+00 6.174e-01
2.564e+00 6.174e-01
2.565e+00 6.174e-01
2.565e+00 6.128e-01
2.566e+00 6.128e-01
2.567e+00 6.174e-01
2.567e+00 6.174e-01
2.568e+00 6.174e-01
2.569e+00 6.174e-01
2.569e+00 6.174e-01
2.570e+00 6.174e-01
2.571e+00 6.174e-01
2.571e+00 6.174e-01
2.572e+00 6.174e-01
2.572e+00 6.174e-01
2.573e+00 6.174e-01
2.574e+00 6.174e-01
2.574e+00 6.174e-01
2.575e+00 6.174e-01
2.576e+00 6.174e-01
2.576e+00 6.174e-01
2.577e+00 6.174e-01
2.578e+00 6.174e-01
2.578e+00 6.174e-01
2.579e+00 6.174e-01
2.579e+00 6.174e-01
2.580e+00 6.174e-01
2.581e+00 6.174e-01
2.581e+00 6.219e-01
2.582e+00 6.219e-01
2.583e+00 6.219e-01
2.583e+00 6.219e-01
2.584e+00 6.219e-01
2.585e+00 6.219e-01
2.585e+00 6.219e-01
2.586e+00 6.219e-01
2.587e+00 6.219e-01
2.587e+00 6.219e-01
2.588e+00 6.219e-01
2.589e+00 6.219e-01
2.589e+00 6.219e-01
2.590e+00 6.219e-01
2.590e+00 6.219e-01
2.591e+00 6.219e-01
2.592e+00 6.219e-01
2.592e+00 6.219e-01
2.593e+00 6.219e-01
2.594e+00 6.219e-01
2.594e+00 6.219e-01
2.595e+00 6.219e-01
2.596e+00 6.219e-01
2.596e+00 6.219e-01
2.597e+00 6.219e-01
2.598e+00 6.219e-01
2.598e+00 6.219e-01
2.599e+00 6.219e-01
2.599e+00 6.219e-01
2.600e+00 6.263e-01
2.601e+00 6.263e-01
2.602e+00 6.263e-01
2.602e+00 6.263e-01
2.603e+00 6.263e-01
2.603e+00 6.263e-01
2.604e+00 6.263e-01
2.605e+00 6.263e-01
2.605e+00 6.263e-01
2.606e+00 6.263e-01
2.607e+00 6.263e-01
2.607e+00 6.263e-01
2.608e+00 6.263e-01
2.609e+00 6.263e-01
2.609e+00 6.263e-01
2.610e+00 6.263e-01
2.611e+00 6.263e-01
2.611e+00 6.263e-01
2.612e+00 6.263e-01
2.613e+00 6.263e-01
2.613e+00 6.307e-01
2.614e+00 6.307e-01
2.615e+00 6.307e-01
2.615e+00 6.307e-01
2.616e+00 6.307e-01
2.617e+00 6.307e-01
2.617e+00 6.307e-01
2.618e+00 6.307e-01
2.619e+00 6.307e-01
2.619e+00 6.307e-01
2.620e+00 6.307e-01
2.621e+00 6.307e-01
2.621e+00 6.307e-01
2.622e+00 6.307e-01
2.623e+00 6.307e-01
2.623e+00 6.307e-01
2.624e+00 6.307e-01
2.624e+00 6.307e-01
2.625e+00 6.307e-01
2.626e+00 6.307e-01
2.627e+00 6.307e-01
2.627e+00 6.307e-01
2.628e+00 6.307e-01
2.628e+00 6.307e-01
2.629e+00 6.307e-01
2.630e+00 6.350e-01
2.631e+00 6.350e-01
2.631e+00 6.307e-01
2.632e+00 6.307e-01
2.632e+00 6.307e-01
2.633e+00 6.307e-01
2.634e+00 6.350e-01
2.635e+00 6.350e-01
2.635e+00 6.350e-01
2.636e+00 6.350e-01
2.636e+00 6.350e-01
2.637e+00 6.350e-01
2.638e+00 6.350e-01
2.639e+00 6.350e-01
2.639e+00 6.350e-01
2.640e+00 6.350e-01
2.641e+00 6.350e-01
2.641e+00 6.350e-01
2.642e+00 6.350e-01
2.643e+00 6.350e-01
2.643e+00 6.350e-01
2.644e+00 6.350e-01
2.645e+00 6.350e-01
2.645e+00 6.350e-01
2.646e+00 6.350e-01
2.647e+00 6.350e-01
2.647e+00 6.393e-01
2.648e+00 6.393e-01
2.649e+00 6.393e-01
2.649e+00 6.393e-01
2.650e+00 6.393e-01
2.651e+00 6.393e-01
2.651e+00 6.393e-01
2.652e+00 6.393e-01
2.653e+00 6.350e-01
2.653e+00 6.350e-01
2.654e+00 6.393e-01
2.655e+00 6.393e-01
2.655e+00 6.393e-01
2.656e+00 6.393e-01
2.657e+00 6.393e-01
2.658e+00 6.393e-01
2.658e+00 6.393e-01
2.659e+00 6.393e-01
2.659e+00 6.393e-01
2.660e+00 6.393e-01
2.661e+00 6.393e-01
2.662e+00 6.393e-01
2.662e+00 6.393e-01
2.663e+00 6.393e-01
2.664e+00 6.393e-01
2.664e+00 6.393e-01
2.665e+00 6.393e-01
2.666e+00 6.393e-01
2.666e+00 6.393e-01
2.667e+00 6.393e-01
2.668e+00 6.393e-01
2.668e+00 6.393e-01
2.669e+00 6.393e-01
2.670e+00 6.393e-01
2.671e+00 6.393e-01
2.671e+00 6.393e-01
2.672e+00 6.393e-01
2.673e+00 6.393e-01
2.673e+00 6.393e-01
2.674e+00 6.435e-01
2.675e+00 6.435e-01
2.675e+00 6.435e-01
2.676e+00 6.435e-01
2.677e+00 6.435e-01
2.677e+00 6.435e-01
2.678e+00 6.435e-01
2.679e+00 6.435e-01
2.679e+00 6.435e-01
2.680e+00 6.435e-01
2.681e+00 6.435e-01
2.682e+00 6.435e-01
2.682e+00 6.435e-01
2.683e+00 6.435e-01
2.684e+00 6.435e-01
2.684e+00 6.435e-01
2.685e+00 6.435e-01
2.686e+00 6.435e-01
2.686e+00 6.435e-01
2.687e+00 6.435e-01
2.688e+00 6.435e-01
2.688e+00 6.435e-01
2.689e+00 6.435e-01
2.690e+00 6.435e-01
2.691e+00 6.435e-01
2.691e+00 6.435e-01
2.692e+00 6.435e-01
2.693e+00 6.435e-01
2.693e+00 6.435e-01
2.694e+00 6.435e-01
2.695e+00 6.435e-01
2.696e+00 6.435e-01
2.696e+00 6.435e-01
2.697e+00 6.435e-01
2.698e+00 6.435e-01
2.698e+00 6.435e-01
2.699e+00 6.435e-01
2.700e+00 6.435e-01
2.700e+00 6.476e-01
2.701e+00 6.476e-01
2.702e+00 6.476e-01
2.703e+00 6.476e-01
2.703e+00 6.476e-01
2.704e+00 6.476e-01
2.705e+00 6.476e-01
2.705e+00 6.476e-01
2.706e+00 6.476e-01
2.707e+00 6.476e-01
2.708e+00 6.476e-01
2.708e+00 6.476e-01
2.709e+00 6.476e-01
2.710e+00 6.476e-01
2.710e+00 6.476e-01
2.711e+00 6.476e-01
2.712e+00 6.476e-01
2.712e+00 6.476e-01
2.713e+00 6.476e-01
2.714e+00 6.476e-01
2.715e+00 6.476e-01
2.715e+00 6.476e-01
2.716e+00 6.476e-01
2.717e+00 6.476e-01
2.717e+00 6.476e-01
2.718e+00 6.476e-01
2.719e+00 6.476e-01
2.720e+00 6.476e-01
2.720e+00 6.476e-01
2.721e+00 6.476e-01
2.722e+00 6.476e-01
2.722e+00 6.476e-01
2.723e+00 6.476e-01
2.724e+00 6.476e-01
2.724e+00 6.476e-01
2.725e+00 6.476e-01
2.726e+00 6.476e-01
2.727e+00 6.476e-01
2.727e+00 6.476e-01
2.728e+00 6.476e-01
2.729e+00 6.476e-01
2.730e+00 6.476e-01
2.730e+00 6.476e-01
2.731e+00 6.476e-01
2.732e+00 6.476e-01
2.732e+00 6.476e-01
2.733e+00 6.476e-01
2.734e+00 6.476e-01
2.735e+00 6.476e-01
2.735e+00 6.476e-01
2.736e+00 6.476e-01
2.737e+00 6.476e-01
2.738e+00 6.476e-01
2.738e+00 6.476e-01
2.739e+00 6.476e-01
2.740e+00 6.476e-01
2.740e+00 6.476e-01
2.741e+00 6.476e-01
2.742e+00 6.476e-01
2.743e+00 6.476e-01
2.743e+00 6.476e-01
2.744e+00 6.476e-01
2.745e+00 6.476e-01
2.745e+00 6.476e-01
2.746e+00 6.476e-01
2.747e+00 6.476e-01
2.748e+00 6.476e-01
2.748e+00 6.476e-01
2.749e+00 6.476e-01
2.750e+00 6.476e-01
2.751e+00 6.476e-01
2.751e+00 6.476e-01
2.752e+00 6.476e-01
2.753e+00 6.476e-01
2.753e+00 6.476e-01
2.754e+00 6.476e-01
2.755e+00 6.476e-01
2.756e+00 6.476e-01
2.756e+00 6.476e-01
2.757e+00 6.476e-01
2.758e+00 6.476e-01
2.759e+00 6.476e-01
2.759e+00 6.476e-01
2.760e+00 6.476e-01
2.761e+00 6.476e-01
2.761e+00 6.476e-01
2.762e+00 6.476e-01
2.763e+00 6.476e-01
2.764e+00 6.476e-01
2.764e+00 6.476e-01
2.765e+00 6.476e-01
2.766e+00 6.517e-01
2.767e+00 6.476e-01
2.767e+00 6.476e-01
2.768e+00 6.476e-01
2.769e+00 6.476e-01
2.770e+00 6.476e-01
2.770e+00 6.476e-01
2.771e+00 6.476e-01
2.772e+00 6.476e-01
2.773e+00 6.476e-01
2.773e+00 6.476e-01
2.774e+00 6.476e-01
2.775e+00 6.476e-01
2.776e+00 6.476e-01
2.776e+00 6.476e-01
2.777e+00 6.476e-01
2.778e+00 6.476e-01
2.779e+00 6.476e-01
2.779e+00 6.476e-01
2.780e+00 6.476e-01
2.781e+00 6.476e-01
2.781e+00 6.476e-01
2.782e+00 6.476e-01
2.783e+00 6.476e-01
2.784e+00 6.517e-01
2.784e+00 6.517e-01
2.785e+00 6.517e-01
2.786e+00 6.517e-01
2.787e+00 6.517e-01
2.788e+00 6.476e-01
2.788e+00 6.476e-01
2.789e+00 6.476e-01
2.790e+00 6.476e-01
2.791e+00 6.476e-01
2.791e+00 6.476e-01
2.792e+00 6.476e-01
2.793e+00 6.476e-01
2.793e+00 6.476e-01
2.794e+00 6.517e-01
2.795e+00 6.517e-01
2.796e+00 6.517e-01
2.796e+00 6.517e-01
2.797e+00 6.476e-01
2.798e+00 6.476e-01
2.799e+00 6.476e-01
2.800e+00 6.476e-01
2.800e+00 6.476e-01
2.801e+00 6.476e-01
2.802e+00 6.476e-01
2.803e+00 6.476e-01
2.803e+00 6.476e-01
2.804e+00 6.476e-01
2.805e+00 6.476e-01
2.806e+00 6.476e-01
2.806e+00 6.476e-01
2.807e+00 6.476e-01
2.808e+00 6.476e-01
2.809e+00 6.476e-01
2.809e+00 6.476e-01
2.810e+00 6.517e-01
2.811e+00 6.517e-01
2.812e+00 6.517e-01
2.812e+00 6.517e-01
2.813e+00 6.517e-01
2.814e+00 6.517e-01
2.815e+00 6.517e-01
2.816e+00 6.517e-01
2.816e+00 6.517e-01
2.817e+00 6.517e-01
2.818e+00 6.517e-01
2.819e+00 6.517e-01
2.819e+00 6.476e-01
2.820e+00 6.476e-01
2.821e+00 6.517e-01
2.822e+00 6.476e-01
2.822e+00 6.476e-01
2.823e+00 6.476e-01
2.824e+00 6.476e-01
2.825e+00 6.476e-01
2.825e+00 6.476e-01
2.826e+00 6.476e-01
2.827e+00 6.476e-01
2.828e+00 6.476e-01
2.829e+00 6.476e-01
2.829e+00 6.476e-01
2.830e+00 6.476e-01
2.831e+00 6.476e-01
2.832e+00 6.517e-01
2.832e+00 6.476e-01
2.833e+00 6.476e-01
2.834e+00 6.476e-01
2.835e+00 6.476e-01
2.836e+00 6.476e-01
2.836e+00 6.476e-01
2.837e+00 6.476e-01
2.838e+00 6.476e-01
2.839e+00 6.476e-01
2.839e+00 6.476e-01
2.840e+00 6.476e-01
2.841e+00 6.476e-01
2.842e+00 6.476e-01
2.843e+00 6.476e-01
2.843e+00 6.476e-01
2.844e+00 6.476e-01
2.845e+00 6.476e-01
2.846e+00 6.476e-01
2.846e+00 6.476e-01
2.847e+00 6.476e-01
2.848e+00 6.476e-01
2.849e+00 6.476e-01
2.850e+00 6.476e-01
2.850e+00 6.476e-01
2.851e+00 6.476e-01
2.852e+00 6.517e-01
2.853e+00 6.476e-01
2.853e+00 6.476e-01
2.854e+00 6.476e-01
2.855e+00 6.476e-01
2.856e+00 6.476e-01
2.857e+00 6.476e-01
2.857e+00 6.476e-01
2.858e+00 6.476e-01
2.859e+00 6.476e-01
2.860e+00 6.476e-01
2.861e+00 6.476e-01
2.861e+00 6.476e-01
2.862e+00 6.476e-01
2.863e+00 6.476e-01
2.864e+00 6.476e-01
2.865e+00 6.476e-01
2.865e+00 6.476e-01
2.866e+00 6.476e-01
2.867e+00 6.476e-01
2.868e+00 6.476e-01
2.869e+00 6.476e-01
2.869e+00 6.476e-01
2.870e+00 6.476e-01
2.871e+00 6.476e-01
2.872e+00 6.476e-01
2.872e+00 6.476e-01
2.873e+00 6.476e-01
2.874e+00 6.476e-01
2.875e+00 6.476e-01
2.876e+00 6.476e-01
2.876e+00 6.476e-01
2.877e+00 6.476e-01
2.878e+00 6.476e-01
2.879e+00 6.476e-01
2.880e+00 6.476e-01
2.880e+00 6.476e-01
2.881e+00 6.476e-01
2.882e+00 6.476e-01
2.883e+00 6.476e-01
2.884e+00 6.476e-01
2.884e+00 6.476e-01
2.885e+00 6.476e-01
2.886e+00 6.476e-01
2.887e+00 6.476e-01
2.888e+00 6.476e-01
2.889e+00 6.476e-01
2.889e+00 6.476e-01
2.890e+00 6.476e-01
2.891e+00 6.476e-01
2.892e+00 6.476e-01
2.893e+00 6.476e-01
2.893e+00 6.476e-01
2.894e+00 6.476e-01
2.895e+00 6.476e-01
2.896e+00 6.476e-01
2.897e+00 6.476e-01
2.897e+00 6.476e-01
2.898e+00 6.476e-01
2.899e+00 6.476e-01
2.900e+00 6.476e-01
2.901e+00 6.476e-01
2.901e+00 6.476e-01
2.902e+00 6.476e-01
2.903e+00 6.476e-01
2.904e+00 6.476e-01
2.905e+00 6.476e-01
2.905e+00 6.476e-01
2.906e+00 6.476e-01
2.907e+00 6.476e-01
2.908e+00 6.476e-01
2.909e+00 6.476e-01
2.909e+00 6.476e-01
2.910e+00 6.476e-01
2.911e+00 6.476e-01
2.912e+00 6.476e-01
2.913e+00 6.476e-01
2.914e+00 6.476e-01
2.914e+00 6.476e-01
2.915e+00 6.476e-01
2.916e+00 6.476e-01
2.917e+00 6.476e-01
2.918e+00 6.476e-01
2.918e+00 6.476e-01
2.919e+00 6.476e-01
2.920e+00 6.476e-01
2.921e+00 6.476e-01
2.922e+00 6.476e-01
2.923e+00 6.476e-01
2.924e+00 6.476e-01
2.924e+00 6.476e-01
2.925e+00 6.476e-01
2.926e+00 6.476e-01
2.927e+00 6.476e-01
2.928e+00 6.476e-01
2.928e+00 6.476e-01
2.929e+00 6.476e-01
2.930e+00 6.476e-01
2.931e+00 6.476e-01
2.932e+00 6.476e-01
2.933e+00 6.476e-01
2.933e+00 6.476e-01
2.934e+00 6.476e-01
2.935e+00 6.476e-01
2.936e+00 6.476e-01
2.937e+00 6.476e-01
2.938e+00 6.476e-01
2.938e+00 6.476e-01
2.939e+00 6.476e-01
2.940e+00 6.476e-01
2.941e+00 6.476e-01
2.942e+00 6.476e-01
2.942e+00 6.476e-01
2.943e+00 6.476e-01
2.944e+00 6.476e-01
2.945e+00 6.476e-01
2.946e+00 6.476e-01
2.947e+00 6.476e-01
2.948e+00 6.476e-01
2.948e+00 6.476e-01
2.949e+00 6.476e-01
2.950e+00 6.476e-01
2.951e+00 6.476e-01
2.952e+00 6.476e-01
2.953e+00 6.476e-01
2.953e+00 6.476e-01
2.954e+00 6.476e-01
2.955e+00 6.476e-01
2.956e+00 6.476e-01
2.957e+00 6.476e-01
2.958e+00 6.476e-01
2.958e+00 6.476e-01
2.959e+00 6.476e-01
2.960e+00 6.476e-01
2.961e+00 6.476e-01
2.962e+00 6.476e-01
2.963e+00 6.476e-01
2.964e+00 6.476e-01
2.964e+00 6.476e-01
2.965e+00 6.476e-01
2.966e+00 6.476e-01
2.967e+00 6.476e-01
2.968e+00 6.476e-01
2.969e+00 6.476e-01
2.970e+00 6.476e-01
2.970e+00 6.476e-01
2.971e+00 6.476e-01
2.972e+00 6.476e-01
2.973e+00 6.476e-01
2.974e+00 6.476e-01
2.975e+00 6.476e-01
2.976e+00 6.476e-01
2.976e+00 6.476e-01
2.977e+00 6.476e-01
2.978e+00 6.476e-01
2.979e+00 6.476e-01
2.980e+00 6.476e-01
2.981e+00 6.476e-01
2.982e+00 6.476e-01
2.982e+00 6.476e-01
2.983e+00 6.476e-01
2.984e+00 6.476e-01
2.985e+00 6.476e-01
2.986e+00 6.476e-01
2.987e+00 6.476e-01
2.988e+00 6.476e-01
2.988e+00 6.476e-01
2.989e+00 6.476e-01
2.990e+00 6.476e-01
2.991e+00 6.476e-01
2.992e+00 6.476e-01
2.993e+00 6.435e-01
2.994e+00 6.435e-01
2.994e+00 6.435e-01
2.995e+00 6.476e-01
2.996e+00 6.476e-01
2.997e+00 6.476e-01
2.998e+00 6.476e-01
2.999e+00 6.476e-01
3.000e+00 6.476e-01
3.000e+00 6.476e-01
3.001e+00 6.476e-01
3.002e+00 6.476e-01
3.003e+00 6.476e-01
3.004e+00 6.476e-01
3.005e+00 6.476e-01
3.006e+00 6.476e-01
3.006e+00 6.435e-01
3.007e+00 6.435e-01
3.008e+00 6.435e-01
3.009e+00 6.435e-01
3.010e+00 6.435e-01
3.011e+00 6.435e-01
3.012e+00 6.435e-01
3.013e+00 6.435e-01
3.014e+00 6.435e-01
3.014e+00 6.435e-01
3.015e+00 6.435e-01
3.016e+00 6.435e-01
3.017e+00 6.435e-01
3.018e+00 6.435e-01
3.019e+00 6.435e-01
3.020e+00 6.435e-01
3.021e+00 6.435e-01
3.021e+00 6.435e-01
3.022e+00 6.435e-01
3.023e+00 6.435e-01
3.024e+00 6.435e-01
3.025e+00 6.435e-01
3.026e+00 6.435e-01
3.027e+00 6.435e-01
3.028e+00 6.435e-01
3.029e+00 6.435e-01
3.029e+00 6.435e-01
3.030e+00 6.435e-01
3.031e+00 6.435e-01
3.032e+00 6.435e-01
3.033e+00 6.435e-01
3.034e+00 6.435e-01
3.035e+00 6.435e-01
3.036e+00 6.435e-01
3.037e+00 6.435e-01
3.037e+00 6.435e-01
3.038e+00 6.435e-01
3.039e+00 6.435e-01
3.040e+00 6.435e-01
3.041e+00 6.435e-01
3.042e+00 6.435e-01
3.043e+00 6.435e-01
3.044e+00 6.435e-01
3.045e+00 6.435e-01
3.045e+00 6.435e-01
3.046e+00 6.435e-01
3.047e+00 6.435e-01
3.048e+00 6.435e-01
3.049e+00 6.435e-01
3.050e+00 6.435e-01
3.051e+00 6.435e-01
3.052e+00 6.435e-01
3.053e+00 6.435e-01
3.054e+00 6.435e-01
3.054e+00 6.435e-01
3.055e+00 6.435e-01
3.056e+00 6.435e-01
3.057e+00 6.435e-01
3.058e+00 6.435e-01
3.059e+00 6.435e-01
3.060e+00 6.435e-01
3.061e+00 6.435e-01
3.062e+00 6.435e-01
3.062e+00 6.435e-01
3.063e+00 6.435e-01
3.064e+00 6.435e-01
3.065e+00 6.435e-01
3.066e+00 6.435e-01
3.067e+00 6.435e-01
3.068e+00 6.435e-01
3.069e+00 6.435e-01
3.070e+00 6.435e-01
3.071e+00 6.435e-01
3.071e+00 6.435e-01
3.073e+00 6.435e-01
3.073e+00 6.435e-01
3.074e+00 6.435e-01
3.075e+00 6.435e-01
3.076e+00 6.435e-01
3.077e+00 6.435e-01
3.078e+00 6.435e-01
3.079e+00 6.435e-01
3.080e+00 6.435e-01
3.081e+00 6.435e-01
3.082e+00 6.435e-01
3.083e+00 6.435e-01
3.083e+00 6.435e-01
3.084e+00 6.435e-01
3.085e+00 6.435e-01
3.086e+00 6.435e-01
3.087e+00 6.435e-01
3.088e+00 6.435e-01
3.089e+00 6.435e-01
3.090e+00 6.435e-01
3.091e+00 6.435e-01
3.092e+00 6.435e-01
3.093e+00 6.435e-01
3.094e+00 6.393e-01
3.095e+00 6.393e-01
3.095e+00 6.393e-01
3.096e+00 6.393e-01
3.097e+00 6.393e-01
3.098e+00 6.393e-01
3.099e+00 6.393e-01
3.100e+00 6.393e-01
3.101e+00 6.393e-01
3.102e+00 6.393e-01
3.103e+00 6.393e-01
3.104e+00 6.393e-01
3.105e+00 6.393e-01
3.106e+00 6.393e-01
3.107e+00 6.393e-01
3.107e+00 6.393e-01
3.108e+00 6.393e-01
3.109e+00 6.393e-01
3.110e+00 6.393e-01
3.111e+00 6.393e-01
3.112e+00 6.393e-01
3.113e+00 6.393e-01
3.114e+00 6.393e-01
3.115e+00 6.393e-01
3.116e+00 6.393e-01
3.117e+00 6.393e-01
3.118e+00 6.393e-01
3.119e+00 6.393e-01
3.120e+00 6.393e-01
3.121e+00 6.393e-01
3.122e+00 6.393e-01
3.122e+00 6.393e-01
3.123e+00 6.393e-01
3.124e+00 6.393e-01
3.125e+00 6.393e-01
3.126e+00 6.393e-01
3.127e+00 6.393e-01
3.128e+00 6.393e-01
3.129e+00 6.393e-01
3.130e+00 6.393e-01
3.131e+00 6.393e-01
3.132e+00 6.393e-01
3.133e+00 6.393e-01
3.134e+00 6.393e-01
3.135e+00 6.393e-01
3.136e+00 6.393e-01
3.137e+00 6.393e-01
3.138e+00 6.393e-01
3.139e+00 6.393e-01
3.139e+00 6.393e-01
3.140e+00 6.393e-01
3.141e+00 6.393e-01
3.142e+00 6.393e-01
3.143e+00 6.393e-01
3.144e+00 6.393e-01
3.145e+00 6.393e-01
3.146e+00 6.393e-01
3.147e+00 6.393e-01
3.148e+00 6.393e-01
3.149e+00 6.393e-01
3.150e+00 6.393e-01
3.151e+00 6.393e-01
3.152e+00 6.393e-01
3.153e+00 6.393e-01
3.154e+00 6.393e-01
3.155e+00 6.393e-01
3.156e+00 6.350e-01
3.157e+00 6.350e-01
3.158e+00 6.350e-01
3.159e+00 6.393e-01
3.159e+00 6.393e-01
3.160e+00 6.393e-01
3.161e+00 6.393e-01
3.162e+00 6.350e-01
3.163e+00 6.350e-01
3.164e+00 6.350e-01
3.165e+00 6.350e-01
3.166e+00 6.350e-01
3.167e+00 6.350e-01
3.168e+00 6.350e-01
3.169e+00 6.350e-01
3.170e+00 6.350e-01
3.171e+00 6.350e-01
3.172e+00 6.350e-01
3.173e+00 6.350e-01
3.174e+00 6.350e-01
3.175e+00 6.350e-01
3.176e+00 6.350e-01
3.177e+00 6.350e-01
3.178e+00 6.350e-01
3.179e+00 6.350e-01
3.180e+00 6.350e-01
3.181e+00 6.350e-01
3.182e+00 6.350e-01
3.183e+00 6.350e-01
3.184e+00 6.350e-01
3.185e+00 6.350e-01
3.186e+00 6.350e-01
3.187e+00 6.350e-01
3.188e+00 6.350e-01
3.189e+00 6.350e-01
3.190e+00 6.350e-01
3.191e+00 6.350e-01
3.192e+00 6.350e-01
3.193e+00 6.350e-01
3.194e+00 6.350e-01
3.195e+00 6.350e-01
3.196e+00 6.350e-01
3.196e+00 6.350e-01
3.198e+00 6.350e-01
3.199e+00 6.350e-01
3.200e+00 6.350e-01
3.200e+00 6.350e-01
3.202e+00 6.350e-01
3.203e+00 6.350e-01
3.203e+00 6.350e-01
3.204e+00 6.350e-01
3.205e+00 6.350e-01
3.206e+00 6.350e-01
3.207e+00 6.350e-01
3.208e+00 6.350e-01
3.209e+00 6.350e-01
3.210e+00 6.350e-01
3.211e+00 6.307e-01
3.212e+00 6.307e-01
3.213e+00 6.350e-01
3.214e+00 6.350e-01
3.215e+00 6.350e-01
3.216e+00 6.307e-01
3.217e+00 6.307e-01
3.218e+00 6.307e-01
3.219e+00 6.307e-01
3.220e+00 6.307e-01
3.221e+00 6.307e-01
3.222e+00 6.307e-01
3.223e+00 6.307e-01
3.224e+00 6.307e-01
3.225e+00 6.307e-01
3.226e+00 6.307e-01
3.227e+00 6.307e-01
3.228e+00 6.307e-01
3.229e+00 6.307e-01
3.230e+00 6.307e-01
3.231e+00 6.307e-01
3.232e+00 6.307e-01
3.233e+00 6.307e-01
3.234e+00 6.307e-01
3.235e+00 6.307e-01
3.236e+00 6.307e-01
3.237e+00 6.307e-01
3.239e+00 6.307e-01
3.240e+00 6.307e-01
3.240e+00 6.307e-01
3.242e+00 6.307e-01
3.243e+00 6.307e-01
3.244e+00 6.307e-01
3.244e+00 6.307e-01
3.246e+00 6.307e-01
3.247e+00 6.307e-01
3.248e+00 6.307e-01
3.249e+00 6.307e-01
3.250e+00 6.307e-01
3.251e+00 6.307e-01
3.252e+00 6.307e-01
3.253e+00 6.307e-01
3.254e+00 6.307e-01
3.255e+00 6.307e-01
3.256e+00 6.307e-01
3.257e+00 6.307e-01
3.258e+00 6.307e-01
3.259e+00 6.263e-01
3.260e+00 6.263e-01
3.261e+00 6.263e-01
3.262e+00 6.263e-01
3.263e+00 6.263e-01
3.264e+00 6.263e-01
3.265e+00 6.263e-01
3.266e+00 6.263e-01
3.267e+00 6.263e-01
3.268e+00 6.263e-01
3.269e+00 6.263e-01
3.270e+00 6.263e-01
3.271e+00 6.263e-01
3.272e+00 6.263e-01
3.273e+00 6.263e-01
3.274e+00 6.263e-01
3.275e+00 6.263e-01
3.276e+00 6.263e-01
3.277e+00 6.263e-01
3.278e+00 6.263e-01
3.279e+00 6.263e-01
3.280e+00 6.263e-01
3.281e+00 6.263e-01
3.283e+00 6.263e-01
3.284e+00 6.263e-01
3.285e+00 6.263e-01
3.286e+00 6.263e-01
3.287e+00 6.263e-01
3.288e+00 6.263e-01
3.289e+00 6.263e-01
3.290e+00 6.263e-01
3.291e+00 6.263e-01
3.292e+00 6.263e-01
3.293e+00 6.263e-01
3.294e+00 6.263e-01
3.295e+00 6.263e-01
3.296e+00 6.263e-01
3.297e+00 6.263e-01
3.298e+00 6.263e-01
3.299e+00 6.263e-01
3.300e+00 6.263e-01
3.301e+00 6.263e-01
3.302e+00 6.263e-01
3.304e+00 6.263e-01
3.304e+00 6.219e-01
3.306e+00 6.219e-01
3.307e+00 6.219e-01
3.308e+00 6.219e-01
3.309e+00 6.219e-01
3.310e+00 6.219e-01
3.311e+00 6.219e-01
3.312e+00 6.219e-01
3.313e+00 6.219e-01
3.314e+00 6.219e-01
3.315e+00 6.219e-01
3.316e+00 6.219e-01
3.317e+00 6.219e-01
3.318e+00 6.219e-01
3.319e+00 6.219e-01
3.320e+00 6.219e-01
3.321e+00 6.219e-01
3.323e+00 6.219e-01
3.324e+00 6.219e-01
3.325e+00 6.219e-01
3.326e+00 6.219e-01
3.327e+00 6.219e-01
3.328e+00 6.219e-01
3.329e+00 6.219e-01
3.330e+00 6.219e-01
3.331e+00 6.219e-01
3.332e+00 6.219e-01
3.333e+00 6.219e-01
3.334e+00 6.219e-01
3.335e+00 6.219e-01
3.336e+00 6.219e-01
3.337e+00 6.219e-01
3.339e+00 6.219e-01
3.340e+00 6.174e-01
3.341e+00 6.174e-01
3.342e+00 6.174e-01
3.343e+00 6.174e-01
3.344e+00 6.174e-01
3.345e+00 6.174e-01
3.346e+00 6.174e-01
3.347e+00 6.174e-01
3.348e+00 6.174e-01
3.349e+00 6.174e-01
3.350e+00 6.174e-01
3.352e+00 6.174e-01
3.353e+00 6.174e-01
3.354e+00 6.174e-01
3.355e+00 6.174e-01
3.356e+00 6.174e-01
3.357e+00 6.174e-01
3.358e+00 6.174e-01
3.359e+00 6.174e-01
3.360e+00 6.174e-01
3.361e+00 6.174e-01
3.362e+00 6.174e-01
3.364e+00 6.174e-01
3.365e+00 6.174e-01
3.366e+00 6.174e-01
3.367e+00 6.128e-01
3.368e+00 6.128e-01
3.369e+00 6.128e-01
3.370e+00 6.128e-01
3.371e+00 6.128e-01
3.372e+00 6.128e-01
3.373e+00 6.128e-01
3.374e+00 6.128e-01
3.376e+00 6.128e-01
3.377e+00 6.128e-01
3.378e+00 6.128e-01
3.379e+00 6.128e-01
3.380e+00 6.128e-01
3.381e+00 6.128e-01
3.382e+00 6.128e-01
3.383e+00 6.128e-01
3.384e+00 6.128e-01
3.385e+00 6.128e-01
3.387e+00 6.128e-01
3.388e+00 6.128e-01
3.389e+00 6.128e-01
3.390e+00 6.128e-01
3.391e+00 6.128e-01
3.392e+00 6.128e-01
3.393e+00 6.128e-01
3.394e+00 6.128e-01
3.395e+00 6.128e-01
3.397e+00 6.128e-01
3.398e+00 6.128e-01
3.399e+00 6.128e-01
3.400e+00 6.128e-01
3.401e+00 6.128e-01
3.402e+00 6.128e-01
3.403e+00 6.128e-01
3.404e+00 6.128e-01
3.405e+00 6.128e-01
3.406e+00 6.128e-01
3.408e+00 6.128e-01
3.409e+00 6.128e-01
3.410e+00 6.082e-01
3.411e+00 6.082e-01
3.412e+00 6.082e-01
3.413e+00 6.082e-01
3.414e+00 6.082e-01
3.416e+00 6.082e-01
3.417e+00 6.082e-01
3.418e+00 6.082e-01
3.419e+00 6.082e-01
3.420e+00 6.082e-01
3.421e+00 6.082e-01
3.422e+00 6.082e-01
3.423e+00 6.082e-01
3.425e+00 6.082e-01
3.426e+00 6.082e-01
3.427e+00 6.082e-01
3.428e+00 6.082e-01
3.429e+00 6.082e-01
3.430e+00 6.082e-01
3.431e+00 6.082e-01
3.433e+00 6.082e-01
3.434e+00 6.082e-01
3.435e+00 6.082e-01
3.436e+00 6.082e-01
3.437e+00 6.082e-01
3.438e+00 6.082e-01
3.439e+00 6.082e-01
3.441e+00 6.082e-01
3.442e+00 6.082e-01
3.443e+00 6.082e-01
3.444e+00 6.082e-01
3.445e+00 6.082e-01
3.446e+00 6.082e-01
3.447e+00 6.082e-01
3.449e+00 6.082e-01
3.450e+00 6.082e-01
3.451e+00 6.082e-01
3.452e+00 6.082e-01
3.453e+00 6.082e-01
3.454e+00 6.082e-01
3.455e+00 6.082e-01
3.457e+00 6.082e-01
3.458e+00 6.082e-01
3.459e+00 6.082e-01
3.460e+00 6.082e-01
3.461e+00 6.082e-01
3.462e+00 6.082e-01
3.463e+00 6.082e-01
3.465e+00 6.082e-01
3.466e+00 6.082e-01
3.467e+00 6.082e-01
3.468e+00 6.082e-01
3.469e+00 6.035e-01
3.470e+00 6.035e-01
3.472e+00 6.035e-01
3.473e+00 6.035e-01
3.474e+00 6.035e-01
3.475e+00 6.035e-01
3.476e+00 6.035e-01
3.477e+00 6.035e-01
3.478e+00 6.035e-01
3.480e+00 6.035e-01
3.481e+00 6.035e-01
3.482e+00 6.035e-01
3.483e+00 6.035e-01
3.484e+00 6.035e-01
3.486e+00 6.035e-01
3.487e+00 6.035e-01
3.488e+00 6.035e-01
3.489e+00 6.035e-01
3.490e+00 6.035e-01
3.491e+00 6.035e-01
3.493e+00 6.035e-01
3.494e+00 6.035e-01
3.495e+00 6.035e-01
3.496e+00 6.035e-01
3.497e+00 6.035e-01
3.498e+00 6.035e-01
3.500e+00 6.035e-01
3.501e+00 6.035e-01
3.502e+00 6.035e-01
3.503e+00 6.035e-01
3.504e+00 6.035e-01
3.506e+00 6.035e-01
3.507e+00 5.987e-01
3.508e+00 5.987e-01
3.509e+00 5.987e-01
3.510e+00 5.987e-01
3.512e+00 5.987e-01
3.513e+00 5.987e-01
3.514e+00 5.987e-01
3.515e+00 5.987e-01
3.516e+00 5.987e-01
3.518e+00 5.987e-01
3.519e+00 5.987e-01
3.520e+00 5.987e-01
3.521e+00 5.987e-01
3.522e+00 5.987e-01
3.523e+00 5.987e-01
3.525e+00 5.987e-01
3.526e+00 5.987e-01
3.527e+00 5.987e-01
3.528e+00 5.987e-01
3.530e+00 5.987e-01
3.531e+00 5.987e-01
3.532e+00 5.987e-01
3.533e+00 5.987e-01
3.534e+00 5.987e-01
3.535e+00 5.939e-01
3.537e+00 5.939e-01
3.538e+00 5.939e-01
3.539e+00 5.939e-01
3.540e+00 5.939e-01
3.542e+00 5.939e-01
3.543e+00 5.939e-01
3.544e+00 5.939e-01
3.545e+00 5.939e-01
3.546e+00 5.939e-01
3.548e+00 5.939e-01
3.549e+00 5.939e-01
3.550e+00 5.939e-01
3.551e+00 5.939e-01
3.552e+00 5.939e-01
3.554e+00 5.939e-01
3.555e+00 5.939e-01
3.556e+00 5.939e-01
3.557e+00 5.939e-01
3.558e+00 5.939e-01
3.560e+00 5.939e-01
3.561e+00 5.939e-01
3.562e+00 5.939e-01
3.563e+00 5.939e-01
3.565e+00 5.939e-01
3.566e+00 5.939e-01
3.567e+00 5.939e-01
3.568e+00 5.939e-01
3.570e+00 5.939e-01
3.571e+00 5.939e-01
3.572e+00 5.939e-01
3.573e+00 5.939e-01
3.575e+00 5.939e-01
3.576e+00 5.890e-01
3.577e+00 5.890e-01
3.578e+00 5.890e-01
3.579e+00 5.890e-01
3.581e+00 5.890e-01
3.582e+00 5.890e-01
3.583e+00 5.890e-01
3.584e+00 5.890e-01
3.586e+00 5.890e-01
3.587e+00 5.890e-01
3.588e+00 5.890e-01
3.589e+00 5.890e-01
3.591e+00 5.890e-01
3.592e+00 5.890e-01
3.593e+00 5.890e-01
3.594e+00 5.890e-01
3.595e+00 5.890e-01
3.597e+00 5.890e-01
3.598e+00 5.890e-01
3.599e+00 5.890e-01
3.601e+00 5.890e-01
3.602e+00 5.890e-01
3.603e+00 5.890e-01
3.604e+00 5.890e-01
3.606e+00 5.890e-01
3.607e+00 5.890e-01
3.608e+00 5.890e-01
3.609e+00 5.890e-01
3.611e+00 5.840e-01
3.612e+00 5.840e-01
3.613e+00 5.840e-01
3.614e+00 5.840e-01
3.616e+00 5.840e-01
3.617e+00 5.840e-01
3.618e+00 5.840e-01
3.619e+00 5.840e-01
3.621e+00 5.840e-01
3.622e+00 5.840e-01
3.623e+00 5.840e-01
3.624e+00 5.840e-01
3.626e+00 5.840e-01
3.627e+00 5.840e-01
3.628e+00 5.840e-01
3.630e+00 5.840e-01
3.631e+00 5.840e-01
3.632e+00 5.840e-01
3.633e+00 5.840e-01
3.635e+00 5.840e-01
3.636e+00 5.840e-01
3.637e+00 5.840e-01
3.638e+00 5.840e-01
3.640e+00 5.840e-01
3.641e+00 5.840e-01
3.642e+00 5.840e-01
3.643e+00 5.840e-01
3.645e+00 5.840e-01
3.646e+00 5.840e-01
3.647e+00 5.789e-01
3.649e+00 5.789e-01
3.650e+00 5.789e-01
3.651e+00 5.789e-01
3.652e+00 5.789e-01
3.654e+00 5.789e-01
3.655e+00 5.789e-01
3.656e+00 5.789e-01
3.658e+00 5.789e-01
3.659e+00 5.789e-01
3.660e+00 5.789e-01
3.662e+00 5.789e-01
3.663e+00 5.789e-01
3.664e+00 5.789e-01
3.665e+00 5.789e-01
3.667e+00 5.789e-01
3.668e+00 5.789e-01
3.669e+00 5.789e-01
3.671e+00 5.789e-01
3.672e+00 5.789e-01
3.673e+00 5.789e-01
3.675e+00 5.789e-01
3.676e+00 5.789e-01
3.677e+00 5.789e-01
3.678e+00 5.789e-01
3.680e+00 5.789e-01
3.681e+00 5.789e-01
3.682e+00 5.789e-01
3.684e+00 5.789e-01
3.685e+00 5.789e-01
3.686e+00 5.789e-01
3.688e+00 5.789e-01
3.689e+00 5.789e-01
3.690e+00 5.789e-01
3.692e+00 5.738e-01
3.693e+00 5.738e-01
3.694e+00 5.738e-01
3.696e+00 5.738e-01
3.697e+00 5.738e-01
3.698e+00 5.738e-01
3.699e+00 5.738e-01
3.701e+00 5.738e-01
3.702e+00 5.738e-01
3.703e+00 5.738e-01
3.705e+00 5.738e-01
3.706e+00 5.738e-01
3.707e+00 5.738e-01
3.709e+00 5.738e-01
3.710e+00 5.738e-01
3.711e+00 5.738e-01
3.713e+00 5.738e-01
3.714e+00 5.738e-01
3.715e+00 5.738e-01
3.717e+00 5.738e-01
3.718e+00 5.738e-01
3.719e+00 5.738e-01
3.721e+00 5.738e-01
3.722e+00 5.738e-01
3.723e+00 5.738e-01
3.725e+00 5.738e-01
3.726e+00 5.738e-01
3.727e+00 5.738e-01
3.729e+00 5.738e-01
3.730e+00 5.686e-01
3.731e+00 5.686e-01
3.733e+00 5.686e-01
3.734e+00 5.686e-01
3.735e+00 5.686e-01
3.737e+00 5.686e-01
3.738e+00 5.686e-01
3.740e+00 5.686e-01
3.741e+00 5.686e-01
3.742e+00 5.686e-01
3.744e+00 5.686e-01
3.745e+00 5.686e-01
3.746e+00 5.686e-01
3.748e+00 5.686e-01
3.749e+00 5.686e-01
3.750e+00 5.686e-01
3.752e+00 5.686e-01
3.753e+00 5.686e-01
3.754e+00 5.686e-01
3.756e+00 5.686e-01
3.757e+00 5.686e-01
3.758e+00 5.686e-01
3.760e+00 5.686e-01
3.761e+00 5.686e-01
3.763e+00 5.686e-01
3.764e+00 5.686e-01
3.765e+00 5.686e-01
3.767e+00 5.686e-01
3.768e+00 5.633e-01
3.769e+00 5.633e-01
3.771e+00 5.633e-01
3.772e+00 5.633e-01
3.774e+00 5.633e-01
3.775e+00 5.633e-01
3.776e+00 5.633e-01
3.778e+00 5.633e-01
3.779e+00 5.633e-01
3.780e+00 5.633e-01
3.782e+00 5.633e-01
3.783e+00 5.633e-01
3.784e+00 5.633e-01
3.786e+00 5.633e-01
3.787e+00 5.633e-01
3.789e+00 5.633e-01
3.790e+00 5.633e-01
3.791e+00 5.633e-01
3.793e+00 5.633e-01
3.794e+00 5.633e-01
3.796e+00 5.633e-01
3.797e+00 5.633e-01
3.798e+00 5.633e-01
3.800e+00 5.633e-01
3.801e+00 5.633e-01
3.803e+00 5.633e-01
3.804e+00 5.633e-01
3.805e+00 5.633e-01
3.807e+00 5.633e-01
3.808e+00 5.633e-01
3.809e+00 5.633e-01
3.811e+00 5.633e-01
3.812e+00 5.580e-01
3.814e+00 5.580e-01
3.815e+00 5.580e-01
3.817e+00 5.580e-01
3.818e+00 5.580e-01
3.819e+00 5.580e-01
3.821e+00 5.580e-01
3.822e+00 5.580e-01
3.824e+00 5.580e-01
3.825e+00 5.580e-01
3.826e+00 5.580e-01
3.828e+00 5.580e-01
3.829e+00 5.580e-01
3.831e+00 5.580e-01
3.832e+00 5.580e-01
3.833e+00 5.580e-01
3.835e+00 5.580e-01
3.836e+00 5.580e-01
3.838e+00 5.580e-01
3.839e+00 5.580e-01
3.841e+00 5.580e-01
3.842e+00 5.580e-01
3.843e+00 5.526e-01
3.845e+00 5.526e-01
3.846e+00 5.526e-01
3.848e+00 5.526e-01
3.849e+00 5.526e-01
3.851e+00 5.526e-01
3.852e+00 5.526e-01
3.853e+00 5.526e-01
3.855e+00 5.526e-01
3.856e+00 5.526e-01
3.858e+00 5.526e-01
3.859e+00 5.526e-01
3.861e+00 5.526e-01
3.862e+00 5.526e-01
3.864e+00 5.526e-01
3.865e+00 5.526e-01
3.866e+00 5.526e-01
3.868e+00 5.526e-01
3.869e+00 5.526e-01
3.871e+00 5.526e-01
3.872e+00 5.526e-01
3.874e+00 5.526e-01
3.875e+00 5.526e-01
3.877e+00 5.526e-01
3.878e+00 5.526e-01
3.879e+00 5.526e-01
3.881e+00 5.526e-01
3.882e+00 5.526e-01
3.884e+00 5.526e-01
3.885e+00 5.526e-01
3.887e+00 5.526e-01
3.888e+00 5.471e-01
3.889e+00 5.471e-01
3.891e+00 5.471e-01
3.893e+00 5.471e-01
3.894e+00 5.471e-01
3.895e+00 5.471e-01
3.897e+00 5.471e-01
3.898e+00 5.471e-01
3.900e+00 5.471e-01
3.901e+00 5.471e-01
3.903e+00 5.471e-01
3.904e+00 5.471e-01
3.906e+00 5.471e-01
3.907e+00 5.471e-01
3.909e+00 5.471e-01
3.910e+00 5.471e-01
3.912e+00 5.471e-01
3.913e+00 5.471e-01
3.914e+00 5.471e-01
3.916e+00 5.471e-01
3.917e+00 5.471e-01
3.919e+00 5.471e-01
3.920e+00 5.471e-01
3.922e+00 5.471e-01
3.923e+00 5.471e-01
3.925e+00 5.471e-01
3.926e+00 5.471e-01
3.928e+00 5.471e-01
3.929e+00 5.471e-01
3.931e+00 5.471e-01
3.932e+00 5.415e-01
3.934e+00 5.415e-01
3.935e+00 5.415e-01
3.937e+00 5.415e-01
3.938e+00 5.415e-01
3.940e+00 5.415e-01
3.941e+00 5.415e-01
3.943e+00 5.415e-01
3.944e+00 5.415e-01
3.946e+00 5.415e-01
3.947e+00 5.415e-01
3.949e+00 5.415e-01
3.950e+00 5.415e-01
3.952e+00 5.415e-01
3.953e+00 5.415e-01
3.955e+00 5.415e-01
3.956e+00 5.415e-01
3.958e+00 5.415e-01
3.959e+00 5.415e-01
3.961e+00 5.415e-01
3.962e+00 5.415e-01
3.964e+00 5.415e-01
3.965e+00 5.415e-01
3.967e+00 5.415e-01
3.968e+00 5.415e-01
3.970e+00 5.415e-01
3.972e+00 5.415e-01
3.973e+00 5.415e-01
3.974e+00 5.415e-01
3.976e+00 5.415e-01
3.978e+00 5.358e-01
3.979e+00 5.358e-01
3.981e+00 5.358e-01
3.982e+00 5.358e-01
3.984e+00 5.358e-01
3.985e+00 5.358e-01
3.987e+00 5.358e-01
3.988e+00 5.358e-01
3.990e+00 5.358e-01
3.991e+00 5.358e-01
3.993e+00 5.358e-01
3.994e+00 5.358e-01
3.996e+00 5.358e-01
3.998e+00 5.358e-01
3.999e+00 5.358e-01
4.001e+00 5.358e-01
4.002e+00 5.358e-01
4.004e+00 5.358e-01
4.005e+00 5.358e-01
4.007e+00 5.358e-01
4.008e+00 5.358e-01
4.010e+00 5.358e-01
4.011e+00 5.358e-01
4.013e+00 5.358e-01
4.014e+00 5.358e-01
4.016e+00 5.358e-01
4.018e+00 5.358e-01
4.019e+00 5.358e-01
4.021e+00 5.301e-01
4.022e+00 5.301e-01
4.024e+00 5.301e-01
4.025e+00 5.301e-01
4.027e+00 5.301e-01
4.029e+00 5.301e-01
4.030e+00 5.301e-01
4.032e+00 5.301e-01
4.033e+00 5.301e-01
4.035e+00 5.301e-01
4.036e+00 5.301e-01
4.038e+00 5.301e-01
4.040e+00 5.301e-01
4.041e+00 5.301e-01
4.043e+00 5.301e-01
4.044e+00 5.301e-01
4.046e+00 5.301e-01
4.047e+00 5.301e-01
4.049e+00 5.301e-01
4.051e+00 5.301e-01
4.052e+00 5.301e-01
4.054e+00 5.301e-01
4.055e+00 5.301e-01
4.057e+00 5.301e-01
4.059e+00 5.301e-01
4.060e+00 5.301e-01
4.062e+00 5.301e-01
4.063e+00 5.301e-01
4.065e+00 5.301e-01
4.067e+00 5.242e-01
4.068e+00 5.242e-01
4.070e+00 5.242e-01
4.071e+00 5.242e-01
4.073e+00 5.242e-01
4.075e+00 5.242e-01
4.076e+00 5.242e-01
4.078e+00 5.242e-01
4.079e+00 5.242e-01
4.081e+00 5.242e-01
4.083e+00 5.242e-01
4.084e+00 5.242e-01
4.086e+00 5.242e-01
4.087e+00 5.242e-01
4.089e+00 5.242e-01
4.091e+00 5.242e-01
4.092e+00 5.242e-01
4.094e+00 5.242e-01
4.095e+00 5.242e-01
4.097e+00 5.242e-01
4.099e+00 5.242e-01
4.100e+00 5.242e-01
4.102e+00 5.242e-01
4.104e+00 5.242e-01
4.105e+00 5.242e-01
4.107e+00 5.242e-01
4.108e+00 5.242e-01
4.110e+00 5.242e-01
4.112e+00 5.242e-01
4.113e+00 5.242e-01
4.115e+00 5.242e-01
4.117e+00 5.242e-01
4.118e+00 5.242e-01
4.120e+00 5.242e-01
4.121e+00 5.183e-01
4.123e+00 5.183e-01
4.125e+00 5.183e-01
4.126e+00 5.183e-01
4.128e+00 5.183e-01
4.130e+00 5.183e-01
4.131e+00 5.183e-01
4.133e+00 5.183e-01
4.135e+00 5.183e-01
4.136e+00 5.183e-01
4.138e+00 5.183e-01
4.139e+00 5.183e-01
4.141e+00 5.183e-01
4.143e+00 5.183e-01
4.144e+00 5.183e-01
4.146e+00 5.183e-01
4.148e+00 5.183e-01
4.149e+00 5.183e-01
4.151e+00 5.183e-01
4.153e+00 5.183e-01
4.155e+00 5.183e-01
4.156e+00 5.183e-01
4.158e+00 5.183e-01
4.160e+00 5.183e-01
4.161e+00 5.183e-01
4.163e+00 5.183e-01
4.165e+00 5.123e-01
4.166e+00 5.123e-01
4.168e+00 5.123e-01
4.170e+00 5.123e-01
4.171e+00 5.123e-01
4.173e+00 5.123e-01
4.175e+00 5.123e-01
4.176e+00 5.123e-01
4.178e+00 5.123e-01
4.180e+00 5.123e-01
4.181e+00 5.123e-01
4.183e+00 5.123e-01
4.185e+00 5.123e-01
4.186e+00 5.123e-01
4.188e+00 5.123e-01
4.190e+00 5.123e-01
4.191e+00 5.123e-01
4.193e+00 5.123e-01
4.195e+00 5.123e-01
4.197e+00 5.123e-01
4.198e+00 5.123e-01
4.200e+00 5.123e-01
4.202e+00 5.123e-01
4.203e+00 5.123e-01
4.205e+00 5.061e-01
4.207e+00 5.061e-01
4.208e+00 5.061e-01
4.210e+00 5.061e-01
4.212e+00 5.061e-01
4.213e+00 5.061e-01
4.215e+00 5.061e-01
4.217e+00 5.061e-01
4.219e+00 5.061e-01
4.220e+00 5.061e-01
4.222e+00 5.061e-01
4.224e+00 4.999e-01
4.226e+00 4.999e-01
4.227e+00 4.999e-01
4.229e+00 4.999e-01
4.231e+00 4.999e-01
4.232e+00 4.999e-01
4.234e+00 4.999e-01
4.236e+00 4.999e-01
4.238e+00 4.999e-01
4.239e+00 4.999e-01
4.241e+00 4.999e-01
4.243e+00 4.999e-01
4.245e+00 4.999e-01
4.246e+00 4.999e-01
4.248e+00 4.999e-01
4.250e+00 4.999e-01
4.252e+00 4.999e-01
4.253e+00 4.999e-01
4.255e+00 4.999e-01
4.257e+00 4.999e-01
4.258e+00 4.999e-01
4.260e+00 4.999e-01
4.262e+00 4.999e-01
4.264e+00 4.999e-01
4.266e+00 4.999e-01
4.267e+00 4.936e-01
4.269e+00 4.936e-01
4.271e+00 4.936e-01
4.273e+00 4.936e-01
4.274e+00 4.936e-01
4.276e+00 4.936e-01
4.278e+00 4.936e-01
4.280e+00 4.936e-01
4.281e+00 4.936e-01
4.283e+00 4.936e-01
4.285e+00 4.936e-01
4.287e+00 4.936e-01
4.288e+00 4.936e-01
4.290e+00 4.936e-01
4.292e+00 4.936e-01
4.294e+00 4.936e-01
4.296e+00 4.936e-01
4.297e+00 4.936e-01
4.299e+00 4.936e-01
4.301e+00 4.936e-01
4.303e+00 4.936e-01
4.304e+00 4.872e-01
4.306e+00 4.872e-01
4.308e+00 4.872e-01
4.310e+00 4.872e-01
4.312e+00 4.872e-01
4.314e+00 4.872e-01
4.315e+00 4.872e-01
4.317e+00 4.872e-01
4.319e+00 4.872e-01
4.321e+00 4.872e-01
4.322e+00 4.872e-01
4.324e+00 4.872e-01
4.326e+00 4.872e-01
4.328e+00 4.872e-01
4.330e+00 4.872e-01
4.332e+00 4.872e-01
4.333e+00 4.872e-01
4.335e+00 4.872e-01
4.337e+00 4.872e-01
4.339e+00 4.872e-01
4.341e+00 4.872e-01
4.342e+00 4.872e-01
4.344e+00 4.872e-01
4.346e+00 4.872e-01
4.348e+00 4.872e-01
4.350e+00 4.872e-01
4.351e+00 4.872e-01
4.353e+00 4.872e-01
4.355e+00 4.808e-01
4.357e+00 4.808e-01
4.359e+00 4.808e-01
4.361e+00 4.808e-01
4.362e+00 4.808e-01
4.364e+00 4.808e-01
4.366e+00 4.808e-01
4.368e+00 4.808e-01
4.370e+00 4.808e-01
4.372e+00 4.808e-01
4.373e+00 4.808e-01
4.375e+00 4.808e-01
4.377e+00 4.808e-01
4.379e+00 4.808e-01
4.381e+00 4.808e-01
4.383e+00 4.808e-01
4.385e+00 4.808e-01
4.386e+00 4.808e-01
4.388e+00 4.808e-01
4.390e+00 4.808e-01
4.392e+00 4.808e-01
4.394e+00 4.808e-01
4.396e+00 4.808e-01
4.398e+00 4.808e-01
4.399e+00 4.742e-01
4.401e+00 4.742e-01
4.403e+00 4.742e-01
4.405e+00 4.742e-01
4.407e+00 4.742e-01
4.409e+00 4.742e-01
4.411e+00 4.742e-01
4.413e+00 4.742e-01
4.414e+00 4.742e-01
4.416e+00 4.742e-01
4.418e+00 4.742e-01
4.420e+00 4.742e-01
4.422e+00 4.742e-01
4.424e+00 4.742e-01
4.426e+00 4.742e-01
4.428e+00 4.742e-01
4.429e+00 4.742e-01
4.431e+00 4.742e-01
4.433e+00 4.742e-01
4.435e+00 4.742e-01
4.437e+00 4.742e-01
4.439e+00 4.742e-01
4.441e+00 4.742e-01
4.443e+00 4.742e-01
4.445e+00 4.742e-01
4.447e+00 4.675e-01
4.449e+00 4.675e-01
4.450e+00 4.675e-01
4.452e+00 4.675e-01
4.454e+00 4.675e-01
4.456e+00 4.675e-01
4.458e+00 4.675e-01
4.460e+00 4.675e-01
4.462e+00 4.675e-01
4.464e+00 4.675e-01
4.466e+00 4.675e-01
4.468e+00 4.675e-01
4.470e+00 4.675e-01
4.472e+00 4.675e-01
4.474e+00 4.675e-01
4.475e+00 4.675e-01
4.477e+00 4.675e-01
4.479e+00 4.675e-01
4.481e+00 4.675e-01
4.483e+00 4.675e-01
4.485e+00 4.675e-01
4.487e+00 4.675e-01
4.489e+00 4.675e-01
4.491e+00 4.607e-01
4.493e+00 4.607e-01
4.495e+00 4.607e-01
4.497e+00 4.607e-01
4.499e+00 4.607e-01
4.501e+00 4.607e-01
4.503e+00 4.607e-01
4.505e+00 4.607e-01
4.506e+00 4.607e-01
4.508e+00 4.607e-01
4.511e+00 4.607e-01
4.512e+00 4.607e-01
4.514e+00 4.607e-01
4.516e+00 4.607e-01
4.518e+00 4.607e-01
4.520e+00 4.607e-01
4.522e+00 4.607e-01
4.524e+00 4.607e-01
4.526e+00 4.607e-01
4.528e+00 4.537e-01
4.530e+00 4.537e-01
4.532e+00 4.537e-01
4.534e+00 4.537e-01
4.536e+00 4.537e-01
4.538e+00 4.537e-01
4.540e+00 4.537e-01
4.542e+00 4.537e-01
4.544e+00 4.537e-01
4.546e+00 4.537e-01
4.548e+00 4.537e-01
4.550e+00 4.537e-01
4.552e+00 4.537e-01
4.554e+00 4.537e-01
4.556e+00 4.537e-01
4.558e+00 4.467e-01
4.560e+00 4.467e-01
4.562e+00 4.467e-01
4.564e+00 4.467e-01
4.566e+00 4.467e-01
4.568e+00 4.467e-01
4.570e+00 4.467e-01
4.572e+00 4.467e-01
4.574e+00 4.467e-01
4.576e+00 4.467e-01
4.578e+00 4.467e-01
4.580e+00 4.467e-01
4.582e+00 4.396e-01
4.584e+00 4.396e-01
4.586e+00 4.396e-01
4.588e+00 4.396e-01
4.590e+00 4.396e-01
4.592e+00 4.396e-01
4.594e+00 4.396e-01
4.596e+00 4.396e-01
4.599e+00 4.396e-01
4.601e+00 4.396e-01
4.603e+00 4.324e-01
4.605e+00 4.324e-01
4.607e+00 4.324e-01
4.609e+00 4.324e-01
4.611e+00 4.324e-01
4.613e+00 4.324e-01
4.615e+00 4.324e-01
4.617e+00 4.324e-01
4.619e+00 4.324e-01
4.621e+00 4.324e-01
4.623e+00 4.324e-01
4.625e+00 4.324e-01
4.627e+00 4.250e-01
4.629e+00 4.250e-01
4.631e+00 4.250e-01
4.633e+00 4.250e-01
4.636e+00 4.250e-01
4.638e+00 4.250e-01
4.640e+00 4.250e-01
4.642e+00 4.250e-01
4.644e+00 4.250e-01
4.646e+00 4.175e-01
4.648e+00 4.175e-01
4.650e+00 4.175e-01
4.652e+00 4.175e-01
4.654e+00 4.175e-01
4.656e+00 4.175e-01
4.658e+00 4.175e-01
4.660e+00 4.175e-01
4.663e+00 4.175e-01
4.665e+00 4.099e-01
4.667e+00 4.099e-01
4.669e+00 4.099e-01
4.671e+00 4.099e-01
4.673e+00 4.099e-01
4.675e+00 4.099e-01
4.677e+00 4.099e-01
4.679e+00 4.099e-01
4.681e+00 4.099e-01
4.684e+00 4.022e-01
4.686e+00 4.022e-01
4.688e+00 4.022e-01
4.690e+00 4.022e-01
4.692e+00 4.022e-01
4.694e+00 4.022e-01
4.696e+00 4.022e-01
4.699e+00 4.022e-01
4.701e+00 4.022e-01
4.703e+00 3.944e-01
4.705e+00 3.944e-01
4.707e+00 3.944e-01
4.709e+00 3.944e-01
4.711e+00 3.944e-01
4.713e+00 3.944e-01
4.716e+00 3.944e-01
4.718e+00 3.944e-01
4.720e+00 3.944e-01
4.722e+00 3.944e-01
4.724e+00 3.864e-01
4.726e+00 3.864e-01
4.729e+00 3.864e-01
4.731e+00 3.864e-01
4.733e+00 3.864e-01
4.735e+00 3.864e-01
4.737e+00 3.864e-01
4.739e+00 3.864e-01
4.741e+00 3.864e-01
4.744e+00 3.864e-01
4.746e+00 3.783e-01
4.748e+00 3.783e-01
4.750e+00 3.783e-01
4.752e+00 3.783e-01
4.755e+00 3.783e-01
4.757e+00 3.783e-01
4.759e+00 3.783e-01
4.761e+00 3.783e-01
4.763e+00 3.783e-01
4.765e+00 3.700e-01
4.768e+00 3.700e-01
4.770e+00 3.700e-01
4.772e+00 3.700e-01
4.774e+00 3.700e-01
4.776e+00 3.700e-01
4.779e+00 3.700e-01
4.781e+00 3.700e-01
4.783e+00 3.700e-01
4.785e+00 3.700e-01
4.787e+00 3.700e-01
4.790e+00 3.700e-01
4.792e+00 3.700e-01
4.794e+00 3.700e-01
4.796e+00 3.617e-01
4.798e+00 3.617e-01
4.801e+00 3.617e-01
4.803e+00 3.617e-01
4.805e+00 3.617e-01
4.807e+00 3.617e-01
4.810e+00 3.617e-01
4.812e+00 3.617e-01
4.814e+00 3.617e-01
4.816e+00 3.617e-01
4.819e+00 3.617e-01
4.821e+00 3.617e-01
4.823e+00 3.617e-01
4.825e+00 3.617e-01
4.827e+00 3.532e-01
4.830e+00 3.532e-01
4.832e+00 3.532e-01
4.834e+00 3.532e-01
4.837e+00 3.532e-01
4.839e+00 3.532e-01
4.841e+00 3.532e-01
4.843e+00 3.532e-01
4.846e+00 3.532e-01
4.848e+00 3.532e-01
4.850e+00 3.532e-01
4.852e+00 3.532e-01
4.855e+00 3.445e-01
4.857e+00 3.445e-01
4.859e+00 3.445e-01
4.862e+00 3.445e-01
4.864e+00 3.445e-01
4.866e+00 3.445e-01
4.868e+00 3.445e-01
4.871e+00 3.445e-01
4.873e+00 3.445e-01
4.875e+00 3.445e-01
4.878e+00 3.445e-01
4.880e+00 3.445e-01
4.882e+00 3.445e-01
4.884e+00 3.445e-01
4.887e+00 3.445e-01
4.889e+00 3.357e-01
4.891e+00 3.357e-01
4.894e+00 3.357e-01
4.896e+00 3.357e-01
4.898e+00 3.357e-01
4.901e+00 3.357e-01
4.903e+00 3.357e-01
4.905e+00 3.357e-01
4.907e+00 3.357e-01
4.910e+00 3.357e-01
4.912e+00 3.357e-01
4.915e+00 3.357e-01
4.917e+00 3.357e-01
4.919e+00 3.357e-01
4.921e+00 3.268e-01
4.924e+00 3.268e-01
4.926e+00 3.268e-01
4.928e+00 3.268e-01
4.931e+00 3.268e-01
4.933e+00 3.268e-01
4.936e+00 3.268e-01
4.938e+00 3.268e-01
4.940e+00 3.268e-01
4.943e+00 3.268e-01
4.945e+00 3.268e-01
4.947e+00 3.268e-01
4.950e+00 3.268e-01
4.952e+00 3.177e-01
4.954e+00 3.177e-01
4.957e+00 3.177e-01
4.959e+00 3.177e-01
4.962e+00 3.177e-01
4.964e+00 3.177e-01
4.966e+00 3.177e-01
4.969e+00 3.177e-01
4.971e+00 3.177e-01
4.973e+00 3.177e-01
4.976e+00 3.177e-01
4.978e+00 3.177e-01
4.981e+00 3.084e-01
4.983e+00 3.084e-01
4.985e+00 3.084e-01
4.988e+00 3.084e-01
4.990e+00 3.084e-01
4.993e+00 3.084e-01
4.995e+00 3.084e-01
4.997e+00 3.084e-01
5.000e+00 3.084e-01
5.002e+00 3.084e-01
5.005e+00 3.084e-01
5.007e+00 3.084e-01
5.009e+00 2.990e-01
5.012e+00 2.990e-01
5.014e+00 2.990e-01
5.017e+00 2.990e-01
5.019e+00 2.990e-01
5.022e+00 2.990e-01
5.024e+00 2.990e-01
5.026e+00 2.990e-01
5.029e+00 2.990e-01
5.031e+00 2.990e-01
5.034e+00 2.990e-01
5.036e+00 2.990e-01
5.039e+00 2.990e-01
5.041e+00 2.990e-01
5.043e+00 2.894e-01
5.046e+00 2.894e-01
5.048e+00 2.894e-01
5.051e+00 2.894e-01
5.053e+00 2.894e-01
5.056e+00 2.894e-01
5.058e+00 2.894e-01
5.061e+00 2.894e-01
5.063e+00 2.894e-01
5.066e+00 2.894e-01
5.068e+00 2.894e-01
5.071e+00 2.894e-01
5.073e+00 2.894e-01
5.076e+00 2.894e-01
5.078e+00 2.894e-01
5.081e+00 2.894e-01
5.083e+00 2.894e-01
5.086e+00 2.894e-01
5.088e+00 2.894e-01
5.091e+00 2.797e-01
5.093e+00 2.797e-01
5.096e+00 2.797e-01
5.098e+00 2.797e-01
5.101e+00 2.797e-01
5.103e+00 2.797e-01
5.106e+00 2.797e-01
5.108e+00 2.797e-01
5.111e+00 2.797e-01
5.113e+00 2.797e-01
5.116e+00 2.797e-01
5.118e+00 2.797e-01
5.121e+00 2.797e-01
5.123e+00 2.797e-01
5.126e+00 2.797e-01
5.128e+00 2.797e-01
5.131e+00 2.797e-01
5.133e+00 2.797e-01
5.136e+00 2.797e-01
5.139e+00 2.797e-01
5.141e+00 2.797e-01
5.144e+00 2.797e-01
5.146e+00 2.698e-01
5.149e+00 2.698e-01
5.151e+00 2.698e-01
5.154e+00 2.698e-01
5.156e+00 2.698e-01
5.159e+00 2.698e-01
5.162e+00 2.698e-01
5.164e+00 2.698e-01
5.167e+00 2.698e-01
5.169e+00 2.698e-01
5.172e+00 2.698e-01
5.174e+00 2.698e-01
5.177e+00 2.698e-01
5.180e+00 2.698e-01
5.182e+00 2.698e-01
5.185e+00 2.698e-01
5.187e+00 2.698e-01
5.190e+00 2.698e-01
5.193e+00 2.698e-01
5.195e+00 2.698e-01
5.198e+00 2.698e-01
5.200e+00 2.698e-01
5.203e+00 2.698e-01
5.206e+00 2.698e-01
5.208e+00 2.698e-01
5.211e+00 2.597e-01
5.213e+00 2.597e-01
5.216e+00 2.597e-01
5.219e+00 2.597e-01
5.221e+00 2.597e-01
5.224e+00 2.597e-01
5.227e+00 2.597e-01
5.229e+00 2.597e-01
5.232e+00 2.597e-01
5.234e+00 2.597e-01
5.237e+00 2.597e-01
5.240e+00 2.597e-01
5.242e+00 2.597e-01
5.245e+00 2.597e-01
5.248e+00 2.597e-01
5.250e+00 2.597e-01
5.253e+00 2.597e-01
5.256e+00 2.597e-01
5.258e+00 2.597e-01
5.261e+00 2.597e-01
5.264e+00 2.597e-01
5.266e+00 2.597e-01
5.269e+00 2.597e-01
5.272e+00 2.597e-01
5.274e+00 2.597e-01
5.277e+00 2.597e-01
5.280e+00 2.597e-01
5.282e+00 2.597e-01
5.285e+00 2.597e-01
5.288e+00 2.597e-01
5.291e+00 2.597e-01
5.293e+00 2.494e-01
5.296e+00 2.494e-01
5.299e+00 2.494e-01
5.301e+00 2.494e-01
5.304e+00 2.494e-01
5.307e+00 2.494e-01
5.309e+00 2.494e-01
5.312e+00 2.494e-01
5.315e+00 2.597e-01
5.318e+00 2.597e-01
5.320e+00 2.597e-01
5.323e+00 2.597e-01
5.326e+00 2.597e-01
5.329e+00 2.597e-01
5.331e+00 2.597e-01
5.334e+00 2.597e-01
5.337e+00 2.597e-01
5.340e+00 2.597e-01
5.342e+00 2.597e-01
5.345e+00 2.597e-01
5.348e+00 2.597e-01
5.351e+00 2.597e-01
5.353e+00 2.597e-01
5.356e+00 2.597e-01
5.359e+00 2.597e-01
5.362e+00 2.597e-01
5.365e+00 2.597e-01
5.367e+00 2.597e-01
5.370e+00 2.597e-01
5.373e+00 2.597e-01
5.376e+00 2.597e-01
5.378e+00 2.597e-01
5.381e+00 2.597e-01
5.384e+00 2.597e-01
5.387e+00 2.597e-01
5.390e+00 2.597e-01
5.392e+00 2.597e-01
5.395e+00 2.597e-01
5.398e+00 2.597e-01
5.401e+00 2.597e-01
5.404e+00 2.597e-01
5.406e+00 2.597e-01
5.409e+00 2.597e-01
5.412e+00 2.597e-01
5.415e+00 2.597e-01
5.418e+00 2.597e-01
5.421e+00 2.597e-01
5.423e+00 2.597e-01
5.426e+00 2.597e-01
5.429e+00 2.597e-01
5.432e+00 2.597e-01
5.435e+00 2.597e-01
5.438e+00 2.597e-01
5.441e+00 2.597e-01
5.443e+00 2.597e-01
5.446e+00 2.597e-01
5.449e+00 2.597e-01
5.452e+00 2.597e-01
5.455e+00 2.597e-01
5.458e+00 2.597e-01
5.460e+00 2.597e-01
5.463e+00 2.597e-01
5.466e+00 2.597e-01
5.469e+00 2.597e-01
5.472e+00 2.597e-01
5.475e+00 2.597e-01
5.478e+00 2.597e-01
5.481e+00 2.597e-01
5.484e+00 2.597e-01
5.487e+00 2.597e-01
5.489e+00 2.597e-01
5.492e+00 2.597e-01
5.495e+00 2.597e-01
5.498e+00 2.597e-01
5.501e+00 2.597e-01
5.504e+00 2.597e-01
5.507e+00 2.597e-01
5.510e+00 2.597e-01
5.513e+00 2.597e-01
5.516e+00 2.597e-01
5.519e+00 2.597e-01
5.522e+00 2.597e-01
5.524e+00 2.597e-01
5.527e+00 2.597e-01
5.530e+00 2.597e-01
5.533e+00 2.597e-01
5.536e+00 2.597e-01
5.539e+00 2.597e-01
5.542e+00 2.597e-01
5.545e+00 2.597e-01
5.548e+00 2.597e-01
5.551e+00 2.597e-01
5.554e+00 2.597e-01
5.557e+00 2.597e-01
5.560e+00 2.597e-01
5.563e+00 2.597e-01
5.566e+00 2.597e-01
5.569e+00 2.597e-01
5.572e+00 2.597e-01
5.575e+00 2.597e-01
5.578e+00 2.597e-01
5.581e+00 2.597e-01
5.584e+00 2.597e-01
5.587e+00 2.597e-01
5.590e+00 2.597e-01
5.593e+00 2.597e-01
5.596e+00 2.597e-01
5.599e+00 2.597e-01
5.602e+00 2.494e-01
5.605e+00 2.494e-01
5.608e+00 2.494e-01
5.611e+00 2.494e-01
5.614e+00 2.494e-01
5.617e+00 2.494e-01
5.620e+00 2.494e-01
5.623e+00 2.494e-01
5.626e+00 2.494e-01
5.630e+00 2.494e-01
5.633e+00 2.494e-01
5.636e+00 2.494e-01
5.639e+00 2.494e-01
5.642e+00 2.494e-01
5.645e+00 2.494e-01
5.648e+00 2.494e-01
5.651e+00 2.494e-01
5.654e+00 2.494e-01
5.657e+00 2.494e-01
5.660e+00 2.494e-01
5.663e+00 2.494e-01
5.666e+00 2.494e-01
5.670e+00 2.494e-01
5.673e+00 2.494e-01
5.676e+00 2.390e-01
5.679e+00 2.390e-01
5.682e+00 2.390e-01
5.685e+00 2.390e-01
5.688e+00 2.390e-01
5.691e+00 2.390e-01
5.694e+00 2.390e-01
5.697e+00 2.390e-01
5.701e+00 2.390e-01
5.704e+00 2.390e-01
5.707e+00 2.390e-01
5.710e+00 2.390e-01
5.713e+00 2.390e-01
5.716e+00 2.390e-01
5.720e+00 2.390e-01
5.723e+00 2.390e-01
5.726e+00 2.390e-01
5.729e+00 2.390e-01
5.732e+00 2.390e-01
5.735e+00 2.390e-01
5.739e+00 2.390e-01
5.742e+00 2.390e-01
5.745e+00 2.390e-01
5.748e+00 2.390e-01
5.751e+00 2.390e-01
5.755e+00 2.390e-01
5.758e+00 2.390e-01
5.761e+00 2.390e-01
5.764e+00 2.390e-01
5.767e+00 2.390e-01
5.771e+00 2.390e-01
5.774e+00 2.390e-01
5.777e+00 2.390e-01
5.780e+00 2.390e-01
5.783e+00 2.390e-01
5.787e+00 2.390e-01
5.790e+00 2.390e-01
5.793e+00 2.390e-01
5.796e+00 2.390e-01
5.800e+00 2.284e-01
5.803e+00 2.284e-01
5.806e+00 2.284e-01
5.809e+00 2.284e-01
5.812e+00 2.284e-01
5.816e+00 2.284e-01
5.819e+00 2.284e-01
5.822e+00 2.284e-01
5.826e+00 2.284e-01
5.829e+00 2.284e-01
5.832e+00 2.284e-01
5.835e+00 2.284e-01
5.839e+00 2.284e-01
5.842e+00 2.284e-01
5.845e+00 2.284e-01
5.849e+00 2.284e-01
5.852e+00 2.284e-01
5.855e+00 2.284e-01
5.859e+00 2.284e-01
5.862e+00 2.284e-01
5.865e+00 2.284e-01
5.868e+00 2.284e-01
5.872e+00 2.175e-01
5.875e+00 2.175e-01
5.878e+00 2.175e-01
5.882e+00 2.175e-01
5.885e+00 2.175e-01
5.888e+00 2.175e-01
5.892e+00 2.175e-01
5.895e+00 2.175e-01
5.899e+00 2.175e-01
5.902e+00 2.175e-01
5.905e+00 2.175e-01
5.909e+00 2.175e-01
5.912e+00 2.175e-01
5.915e+00 2.175e-01
5.919e+00 2.175e-01
5.922e+00 2.175e-01
5.925e+00 2.175e-01
5.929e+00 2.175e-01
5.932e+00 2.175e-01
5.936e+00 2.175e-01
5.939e+00 2.175e-01
5.942e+00 2.065e-01
5.946e+00 2.065e-01
5.949e+00 2.065e-01
5.953e+00 2.065e-01
5.956e+00 2.065e-01
5.960e+00 2.065e-01
5.963e+00 2.065e-01
5.966e+00 2.065e-01
5.970e+00 2.065e-01
5.973e+00 2.065e-01
5.977e+00 2.065e-01
5.980e+00 2.065e-01
5.984e+00 2.065e-01
5.987e+00 2.065e-01
5.990e+00 2.065e-01
5.994e+00 2.065e-01
5.997e+00 2.065e-01
6.001e+00 2.065e-01
6.004e+00 2.065e-01
6.008e+00 2.065e-01
6.011e+00 2.065e-01
6.015e+00 2.065e-01
6.018e+00 2.065e-01
6.022e+00 2.065e-01
6.025e+00 2.065e-01
6.029e+00 2.065e-01
6.032e+00 2.065e-01
6.036e+00 2.065e-01
6.039e+00 2.065e-01
6.043e+00 2.065e-01
6.046e+00 2.065e-01
6.050e+00 2.065e-01
6.053e+00 2.065e-01
6.057e+00 2.065e-01
6.061e+00 2.065e-01
6.064e+00 2.065e-01
6.068e+00 2.065e-01
6.071e+00 2.065e-01
6.075e+00 2.065e-01
6.078e+00 2.065e-01
6.082e+00 2.065e-01
6.085e+00 2.065e-01
6.089e+00 2.065e-01
6.093e+00 2.065e-01
6.096e+00 2.065e-01
6.100e+00 2.065e-01
6.103e+00 2.065e-01
6.107e+00 2.065e-01
6.111e+00 2.065e-01
6.114e+00 2.065e-01
6.118e+00 2.065e-01
6.121e+00 2.065e-01
6.125e+00 2.065e-01
6.129e+00 2.065e-01
6.132e+00 2.065e-01
6.136e+00 2.065e-01
6.139e+00 2.065e-01
6.143e+00 2.065e-01
6.147e+00 2.065e-01
6.150e+00 2.065e-01
6.154e+00 2.065e-01
6.158e+00 2.065e-01
6.161e+00 2.065e-01
6.165e+00 2.065e-01
6.169e+00 2.065e-01
6.172e+00 2.065e-01
6.176e+00 2.065e-01
6.180e+00 2.065e-01
6.183e+00 2.065e-01
6.187e+00 2.065e-01
6.191e+00 2.065e-01
6.195e+00 2.065e-01
6.198e+00 2.065e-01
6.202e+00 2.065e-01
6.206e+00 2.065e-01
6.209e+00 2.065e-01
6.213e+00 2.065e-01
6.217e+00 2.065e-01
6.221e+00 2.065e-01
6.224e+00 2.065e-01
6.228e+00 2.065e-01
6.232e+00 2.065e-01
6.235e+00 2.065e-01
6.239e+00 2.065e-01
6.243e+00 2.065e-01
6.247e+00 2.065e-01
6.250e+00 2.065e-01
6.254e+00 2.065e-01
6.258e+00 2.065e-01
6.262e+00 2.065e-01
6.266e+00 2.065e-01
6.269e+00 2.065e-01
6.273e+00 2.065e-01
6.277e+00 2.065e-01
6.281e+00 2.065e-01
6.285e+00 2.065e-01
6.288e+00 2.065e-01
6.292e+00 2.065e-01
6.296e+00 2.065e-01
6.300e+00 2.065e-01
6.304e+00 2.065e-01
6.308e+00 2.065e-01
6.311e+00 2.065e-01
6.315e+00 2.065e-01
6.319e+00 2.065e-01
6.323e+00 2.065e-01
6.327e+00 2.065e-01
6.331e+00 2.065e-01
6.335e+00 2.065e-01
6.338e+00 2.065e-01
6.342e+00 2.065e-01
6.346e+00 2.065e-01
6.350e+00 2.065e-01
6.354e+00 2.065e-01
6.358e+00 2.065e-01
6.362e+00 2.065e-01
6.366e+00 2.065e-01
6.370e+00 2.065e-01
6.373e+00 2.065e-01
6.377e+00 2.065e-01
6.381e+00 2.065e-01
6.385e+00 2.065e-01
6.389e+00 2.065e-01
6.393e+00 2.065e-01
6.397e+00 2.065e-01
6.401e+00 2.065e-01
6.405e+00 2.065e-01
6.409e+00 2.065e-01
6.413e+00 2.065e-01
6.417e+00 2.065e-01
6.421e+00 2.065e-01
6.425e+00 2.065e-01
6.429e+00 2.065e-01
6.433e+00 2.065e-01
6.437e+00 2.065e-01
6.441e+00 2.065e-01
6.445e+00 2.065e-01
6.449e+00 2.065e-01
6.453e+00 2.065e-01
6.457e+00 2.065e-01
6.461e+00 2.065e-01
6.465e+00 2.065e-01
6.469e+00 2.065e-01
6.473e+00 2.065e-01
6.477e+00 2.065e-01
6.481e+00 2.065e-01
6.485e+00 2.065e-01
6.489e+00 2.065e-01
6.493e+00 2.065e-01
6.497e+00 2.065e-01
6.501e+00 2.065e-01
6.505e+00 2.065e-01
6.509e+00 2.065e-01
6.514e+00 2.065e-01
6.518e+00 2.065e-01
6.522e+00 2.065e-01
6.526e+00 2.065e-01
6.530e+00 2.065e-01
6.534e+00 2.065e-01
6.538e+00 2.065e-01
6.542e+00 2.065e-01
6.546e+00 2.065e-01
6.551e+00 2.065e-01
6.555e+00 2.065e-01
6.559e+00 2.065e-01
6.563e+00 2.065e-01
6.567e+00 2.065e-01
6.571e+00 2.065e-01
6.575e+00 2.065e-01
6.580e+00 2.065e-01
6.584e+00 2.065e-01
6.588e+00 2.065e-01
6.592e+00 2.065e-01
6.596e+00 2.065e-01
6.601e+00 2.065e-01
6.605e+00 2.065e-01
6.609e+00 2.065e-01
6.613e+00 2.065e-01
6.617e+00 2.065e-01
6.622e+00 2.065e-01
6.626e+00 2.065e-01
6.630e+00 2.065e-01
6.634e+00 2.065e-01
6.639e+00 2.065e-01
6.643e+00 2.065e-01
6.647e+00 2.065e-01
6.651e+00 2.065e-01
6.656e+00 2.065e-01
6.660e+00 2.065e-01
6.664e+00 2.065e-01
6.668e+00 2.065e-01
6.673e+00 2.065e-01
6.677e+00 2.065e-01
6.681e+00 2.065e-01
6.686e+00 2.065e-01
6.690e+00 2.065e-01
6.694e+00 2.065e-01
6.699e+00 2.065e-01
6.703e+00 2.065e-01
6.707e+00 2.065e-01
6.712e+00 2.065e-01
6.716e+00 2.065e-01
6.720e+00 2.065e-01
6.725e+00 2.065e-01
6.729e+00 2.065e-01
6.734e+00 2.065e-01
6.738e+00 2.065e-01
6.742e+00 2.065e-01
6.747e+00 2.065e-01
6.751e+00 2.065e-01
6.755e+00 2.065e-01
6.760e+00 2.065e-01
6.764e+00 2.065e-01
6.769e+00 2.065e-01
6.773e+00 2.065e-01
6.777e+00 2.065e-01
6.782e+00 2.065e-01
6.786e+00 2.065e-01
6.791e+00 2.065e-01
6.795e+00 2.065e-01
6.800e+00 2.065e-01
6.804e+00 2.065e-01
6.809e+00 2.065e-01
6.813e+00 2.065e-01
6.818e+00 2.065e-01
6.822e+00 2.065e-01
6.827e+00 2.065e-01
6.831e+00 2.065e-01
6.836e+00 2.065e-01
6.840e+00 2.065e-01
6.845e+00 2.065e-01
6.849e+00 2.065e-01
6.854e+00 2.065e-01
6.858e+00 2.065e-01
6.863e+00 1.953e-01
6.867e+00 1.953e-01
6.872e+00 1.953e-01
6.876e+00 1.953e-01
6.881e+00 1.953e-01
6.886e+00 1.953e-01
6.890e+00 1.953e-01
6.895e+00 1.953e-01
6.899e+00 1.953e-01
6.904e+00 1.953e-01
6.908e+00 1.953e-01
6.913e+00 1.953e-01
6.918e+00 1.953e-01
6.922e+00 1.953e-01
6.927e+00 1.953e-01
6.931e+00 1.953e-01
6.936e+00 1.953e-01
6.941e+00 1.953e-01
6.945e+00 1.953e-01
6.950e+00 1.953e-01
6.955e+00 1.953e-01
6.959e+00 1.953e-01
6.964e+00 1.953e-01
6.969e+00 1.953e-01
6.974e+00 1.953e-01
6.978e+00 1.953e-01
6.983e+00 1.953e-01
6.988e+00 1.953e-01
6.992e+00 1.953e-01
6.997e+00 1.953e-01
7.002e+00 1.953e-01
7.006e+00 1.953e-01
7.011e+00 1.953e-01
7.016e+00 1.953e-01
7.021e+00 1.839e-01
7.025e+00 1.839e-01
7.030e+00 1.839e-01
7.035e+00 1.839e-01
7.040e+00 1.839e-01
7.045e+00 1.839e-01
7.049e+00 1.839e-01
7.054e+00 1.839e-01
7.059e+00 1.839e-01
7.064e+00 1.839e-01
7.069e+00 1.839e-01
7.073e+00 1.839e-01
7.078e+00 1.839e-01
7.083e+00 1.839e-01
7.088e+00 1.839e-01
7.093e+00 1.839e-01
7.098e+00 1.839e-01
7.102e+00 1.839e-01
7.107e+00 1.839e-01
7.112e+00 1.839e-01
7.117e+00 1.839e-01
7.122e+00 1.839e-01
7.127e+00 1.839e-01
7.132e+00 1.839e-01
7.137e+00 1.839e-01
7.142e+00 1.839e-01
7.147e+00 1.723e-01
7.151e+00 1.723e-01
7.156e+00 1.723e-01
7.161e+00 1.723e-01
7.166e+00 1.723e-01
7.171e+00 1.723e-01
7.176e+00 1.723e-01
7.181e+00 1.723e-01
7.186e+00 1.723e-01
7.191e+00 1.723e-01
7.196e+00 1.723e-01
7.201e+00 1.723e-01
7.206e+00 1.723e-01
7.211e+00 1.723e-01
7.216e+00 1.723e-01
7.221e+00 1.723e-01
7.226e+00 1.723e-01
7.231e+00 1.723e-01
7.236e+00 1.723e-01
7.241e+00 1.723e-01
7.246e+00 1.723e-01
7.251e+00 1.723e-01
7.256e+00 1.723e-01
7.262e+00 1.723e-01
7.267e+00 1.723e-01
7.272e+00 1.723e-01
7.277e+00 1.605e-01
7.282e+00 1.605e-01
7.287e+00 1.605e-01
7.292e+00 1.605e-01
7.297e+00 1.605e-01
7.303e+00 1.605e-01
7.308e+00 1.605e-01
7.313e+00 1.605e-01
7.318e+00 1.605e-01
7.323e+00 1.605e-01
7.328e+00 1.605e-01
7.333e+00 1.605e-01
7.339e+00 1.605e-01
7.344e+00 1.605e-01
7.349e+00 1.605e-01
7.354e+00 1.605e-01
7.360e+00 1.605e-01
7.365e+00 1.605e-01
7.370e+00 1.605e-01
7.375e+00 1.605e-01
7.381e+00 1.605e-01
7.386e+00 1.605e-01
7.391e+00 1.484e-01
7.396e+00 1.484e-01
7.402e+00 1.484e-01
7.407e+00 1.484e-01
7.412e+00 1.484e-01
7.417e+00 1.484e-01
7.423e+00 1.484e-01
7.428e+00 1.484e-01
7.433e+00 1.484e-01
7.439e+00 1.484e-01
7.444e+00 1.484e-01
7.449e+00 1.484e-01
7.455e+00 1.484e-01
7.460e+00 1.484e-01
7.466e+00 1.484e-01
7.471e+00 1.484e-01
7.476e+00 1.484e-01
7.482e+00 1.484e-01
7.487e+00 1.484e-01
7.492e+00 1.484e-01
7.498e+00 1.484e-01
7.503e+00 1.484e-01
7.509e+00 1.362e-01
7.514e+00 1.362e-01
7.520e+00 1.362e-01
7.525e+00 1.362e-01
7.530e+00 1.362e-01
7.536e+00 1.362e-01
7.542e+00 1.362e-01
7.547e+00 1.362e-01
7.553e+00 1.362e-01
7.558e+00 1.362e-01
7.564e+00 1.362e-01
7.569e+00 1.362e-01
7.575e+00 1.362e-01
7.580e+00 1.362e-01
7.586e+00 1.362e-01
7.591e+00 1.362e-01
7.597e+00 1.362e-01
7.602e+00 1.362e-01
7.608e+00 1.362e-01
7.614e+00 1.362e-01
7.619e+00 1.362e-01
7.625e+00 1.237e-01
7.630e+00 1.237e-01
7.636e+00 1.237e-01
7.641e+00 1.237e-01
7.647e+00 1.237e-01
7.653e+00 1.237e-01
7.658e+00 1.237e-01
7.664e+00 1.237e-01
7.670e+00 1.237e-01
7.676e+00 1.237e-01
7.681e+00 1.237e-01
7.687e+00 1.237e-01
7.692e+00 1.237e-01
7.698e+00 1.237e-01
7.704e+00 1.237e-01
7.710e+00 1.237e-01
7.715e+00 1.237e-01
7.721e+00 1.237e-01
7.727e+00 1.237e-01
7.733e+00 1.237e-01
7.739e+00 1.237e-01
7.744e+00 1.237e-01
7.750e+00 1.237e-01
7.756e+00 1.237e-01
7.762e+00 1.237e-01
7.767e+00 1.237e-01
7.773e+00 1.237e-01
7.779e+00 1.237e-01
7.785e+00 1.237e-01
7.791e+00 1.237e-01
7.797e+00 1.237e-01
7.803e+00 1.237e-01
7.808e+00 1.237e-01
7.814e+00 1.237e-01
7.820e+00 1.109e-01
7.826e+00 1.109e-01
7.832e+00 1.109e-01
7.838e+00 1.109e-01
7.844e+00 1.109e-01
7.850e+00 1.109e-01
7.856e+00 1.109e-01
7.862e+00 1.109e-01
7.868e+00 1.109e-01
7.874e+00 1.109e-01
7.880e+00 1.109e-01
7.886e+00 1.109e-01
7.892e+00 1.109e-01
7.898e+00 1.109e-01
7.904e+00 1.109e-01
7.910e+00 1.109e-01
7.916e+00 1.109e-01
7.922e+00 1.109e-01
7.928e+00 1.109e-01
7.934e+00 1.109e-01
7.940e+00 1.109e-01
7.946e+00 1.109e-01
7.952e+00 1.109e-01
7.958e+00 1.109e-01
7.964e+00 1.109e-01
7.970e+00 1.109e-01
7.977e+00 1.109e-01
7.983e+00 1.109e-01
7.989e+00 1.109e-01
7.995e+00 1.109e-01
8.001e+00 1.109e-01
8.007e+00 1.109e-01
8.014e+00 1.109e-01
8.020e+00 1.109e-01
8.026e+00 9.798e-02
8.032e+00 9.798e-02
8.038e+00 9.798e-02
8.045e+00 9.798e-02
8.051e+00 9.798e-02
8.057e+00 9.798e-02
8.063e+00 9.798e-02
8.070e+00 9.798e-02
8.076e+00 9.798e-02
8.082e+00 9.798e-02
8.089e+00 9.798e-02
8.095e+00 9.798e-02
8.101e+00 9.798e-02
8.107e+00 9.798e-02
8.114e+00 1.109e-01
8.120e+00 1.109e-01
8.127e+00 1.109e-01
8.133e+00 1.109e-01
8.139e+00 1.109e-01
8.146e+00 1.109e-01
8.152e+00 1.109e-01
8.159e+00 1.109e-01
8.165e+00 1.109e-01
8.171e+00 1.109e-01
8.178e+00 1.109e-01
8.184e+00 1.237e-01
8.191e+00 1.237e-01
8.197e+00 1.237e-01
8.204e+00 1.237e-01
8.210e+00 1.237e-01
8.217e+00 1.237e-01
8.223e+00 1.362e-01
8.230e+00 1.362e-01
8.236e+00 1.362e-01
8.243e+00 1.362e-01
8.249e+00 1.362e-01
8.256e+00 1.362e-01
8.263e+00 1.362e-01
8.269e+00 1.484e-01
8.276e+00 1.484e-01
8.282e+00 1.484e-01
8.289e+00 1.484e-01
8.296e+00 1.484e-01
8.302e+00 1.484e-01
8.309e+00 1.484e-01
8.316e+00 1.484e-01
8.322e+00 1.605e-01
8.329e+00 1.605e-01
8.336e+00 1.605e-01
8.342e+00 1.605e-01
8.349e+00 1.605e-01
8.356e+00 1.605e-01
8.363e+00 1.605e-01
8.369e+00 1.605e-01
8.376e+00 1.605e-01
8.383e+00 1.605e-01
8.390e+00 1.605e-01
8.396e+00 1.605e-01
8.403e+00 1.605e-01
8.410e+00 1.605e-01
8.417e+00 1.605e-01
8.424e+00 1.605e-01
8.431e+00 1.605e-01
8.437e+00 1.605e-01
8.444e+00 1.723e-01
8.451e+00 1.723e-01
8.458e+00 1.723e-01
8.465e+00 1.723e-01
8.472e+00 1.723e-01
8.479e+00 1.723e-01
8.486e+00 1.723e-01
8.493e+00 1.723e-01
8.500e+00 1.723e-01
8.507e+00 1.723e-01
8.514e+00 1.723e-01
8.521e+00 1.723e-01
8.528e+00 1.723e-01
8.535e+00 1.723e-01
8.542e+00 1.723e-01
8.549e+00 1.839e-01
8.556e+00 1.839e-01
8.563e+00 1.839e-01
8.570e+00 1.839e-01
8.577e+00 1.839e-01
8.584e+00 1.839e-01
8.591e+00 1.953e-01
8.598e+00 1.953e-01
8.605e+00 1.953e-01
8.613e+00 1.953e-01
8.620e+00 2.065e-01
8.627e+00 2.065e-01
8.634e+00 2.065e-01
8.641e+00 2.175e-01
8.649e+00 2.175e-01
8.656e+00 2.284e-01
8.663e+00 2.284e-01
8.670e+00 2.390e-01
8.677e+00 2.390e-01
8.685e+00 2.494e-01
8.692e+00 2.494e-01
8.699e+00 2.597e-01
8.707e+00 2.698e-01
8.714e+00 2.698e-01
8.721e+00 2.797e-01
8.729e+00 2.894e-01
8.736e+00 2.894e-01
8.743e+00 2.990e-01
8.751e+00 3.084e-01
8.758e+00 3.084e-01
8.765e+00 3.177e-01
8.773e+00 3.177e-01
8.780e+00 3.268e-01
8.788e+00 3.357e-01
8.795e+00 3.357e-01
8.803e+00 3.445e-01
8.810e+00 3.445e-01
8.818e+00 3.532e-01
8.825e+00 3.617e-01
8.833e+00 3.617e-01
8.840e+00 3.700e-01
8.848e+00 3.700e-01
8.855e+00 3.783e-01
8.863e+00 3.864e-01
8.870e+00 3.864e-01
8.878e+00 3.944e-01
8.886e+00 3.944e-01
8.893e+00 3.944e-01
8.901e+00 4.022e-01
8.909e+00 4.022e-01
8.916e+00 4.099e-01
8.924e+00 4.175e-01
8.932e+00 4.175e-01
8.939e+00 4.250e-01
8.947e+00 4.250e-01
8.955e+00 4.250e-01
8.962e+00 4.324e-01
8.970e+00 4.324e-01
8.978e+00 4.324e-01
8.986e+00 4.396e-01
8.994e+00 4.396e-01
9.001e+00 4.396e-01
9.009e+00 4.396e-01
9.017e+00 4.467e-01
9.025e+00 4.467e-01
9.033e+00 4.467e-01
9.041e+00 4.467e-01
9.049e+00 4.467e-01
9.056e+00 4.467e-01
9.064e+00 4.467e-01
9.072e+00 4.467e-01
9.080e+00 4.467e-01
9.088e+00 4.467e-01
9.096e+00 4.396e-01
9.104e+00 4.396e-01
9.112e+00 4.396e-01
9.120e+00 4.396e-01
9.128e+00 4.396e-01
9.136e+00 4.396e-01
9.144e+00 4.324e-01
9.152e+00 4.324e-01
9.160e+00 4.324e-01
9.168e+00 4.324e-01
9.177e+00 4.250e-01
9.185e+00 4.250e-01
9.193e+00 4.250e-01
9.201e+00 4.250e-01
9.209e+00 4.175e-01
9.217e+00 4.175e-01
9.226e+00 4.175e-01
9.234e+00 4.175e-01
9.242e+00 4.175e-01
9.250e+00 4.175e-01
9.258e+00 4.099e-01
9.267e+00 4.099e-01
9.275e+00 4.099e-01
9.283e+00 4.099e-01
9.292e+00 4.099e-01
9.300e+00 4.099e-01
9.308e+00 4.099e-01
9.317e+00 4.099e-01
9.325e+00 4.022e-01
9.334e+00 4.022e-01
9.342e+00 4.022e-01
9.350e+00 4.022e-01
9.359e+00 4.022e-01
9.367e+00 3.944e-01
9.376e+00 3.944e-01
9.384e+00 3.944e-01
9.393e+00 3.944e-01
9.401e+00 3.944e-01
9.410e+00 3.944e-01
9.418e+00 3.944e-01
9.427e+00 3.944e-01
9.435e+00 3.944e-01
9.444e+00 3.944e-01
9.453e+00 3.944e-01
9.461e+00 4.022e-01
9.470e+00 4.022e-01
9.479e+00 4.022e-01
9.487e+00 4.022e-01
9.496e+00 4.022e-01
9.505e+00 4.022e-01
9.513e+00 4.099e-01
9.522e+00 4.099e-01
9.531e+00 4.099e-01
9.540e+00 4.099e-01
9.548e+00 4.099e-01
9.557e+00 4.175e-01
9.566e+00 4.175e-01
9.575e+00 4.175e-01
9.584e+00 4.175e-01
9.592e+00 4.175e-01
9.601e+00 4.175e-01
9.610e+00 4.250e-01
9.619e+00 4.250e-01
9.628e+00 4.250e-01
9.637e+00 4.250e-01
9.646e+00 4.250e-01
9.655e+00 4.250e-01
9.664e+00 4.250e-01
9.673e+00 4.324e-01
9.682e+00 4.324e-01
9.691e+00 4.324e-01
9.700e+00 4.324e-01
9.709e+00 4.324e-01
9.718e+00 4.324e-01
9.728e+00 4.324e-01
9.737e+00 4.324e-01
9.746e+00 4.324e-01
9.755e+00 4.324e-01
9.764e+00 4.324e-01
9.773e+00 4.324e-01
9.783e+00 4.324e-01
9.792e+00 4.324e-01
9.801e+00 4.324e-01
9.810e+00 4.324e-01
9.820e+00 4.324e-01
9.829e+00 4.324e-01
9.838e+00 4.324e-01
9.848e+00 4.324e-01
9.857e+00 4.324e-01
9.866e+00 4.324e-01
9.876e+00 4.324e-01
9.885e+00 4.324e-01
9.895e+00 4.250e-01
9.904e+00 4.250e-01
9.914e+00 4.250e-01
9.923e+00 4.250e-01
9.933e+00 4.250e-01
9.942e+00 4.250e-01
9.952e+00 4.250e-01
9.961e+00 4.250e-01
9.971e+00 4.250e-01
9.980e+00 4.175e-01
9.990e+00 4.175e-01
1.000e+01 4.175e-01
1.001e+01 4.175e-01
1.002e+01 4.175e-01
1.003e+01 4.175e-01
1.004e+01 4.175e-01
1.005e+01 4.175e-01
1.006e+01 4.175e-01
1.007e+01 4.175e-01
1.008e+01 4.099e-01
1.009e+01 4.099e-01
1.010e+01 4.099e-01
1.011e+01 4.099e-01
1.012e+01 4.099e-01
1.013e+01 4.099e-01
1.014e+01 4.099e-01
1.015e+01 4.099e-01
1.016e+01 4.099e-01
1.017e+01 4.099e-01
1.018e+01 4.099e-01
1.019e+01 4.099e-01
1.020e+01 4.099e-01
1.021e+01 4.099e-01
1.022e+01 4.099e-01
1.023e+01 4.099e-01
1.024e+01 4.175e-01
1.025e+01 4.175e-01
1.026e+01 4.250e-01
1.027e+01 4.250e-01
1.028e+01 4.324e-01
1.029e+01 4.324e-01
1.030e+01 4.396e-01
1.031e+01 4.396e-01
1.032e+01 4.467e-01
1.033e+01 4.537e-01
1.034e+01 4.537e-01
1.035e+01 4.607e-01
1.036e+01 4.675e-01
1.037e+01 4.675e-01
1.038e+01 4.675e-01
1.039e+01 4.742e-01
1.040e+01 4.742e-01
1.041e+01 4.742e-01
1.042e+01 4.808e-01
1.043e+01 4.808e-01
1.044e+01 4.808e-01
1.045e+01 4.808e-01
1.046e+01 4.808e-01
1.047e+01 4.808e-01
1.048e+01 4.808e-01
1.050e+01 4.808e-01
1.051e+01 4.808e-01
1.052e+01 4.808e-01
1.053e+01 4.808e-01
1.054e+01 4.808e-01
1.055e+01 4.808e-01
1.056e+01 4.808e-01
1.057e+01 4.808e-01
1.058e+01 4.872e-01
1.059e+01 4.872e-01
1.060e+01 4.872e-01
1.061e+01 4.872e-01
1.062e+01 4.936e-01
1.064e+01 4.936e-01
1.065e+01 4.936e-01
1.066e+01 4.999e-01
1.067e+01 4.999e-01
1.068e+01 4.999e-01
1.069e+01 5.061e-01
1.070e+01 5.061e-01
1.071e+01 5.061e-01
1.072e+01 5.061e-01
1.073e+01 5.123e-01
1.075e+01 5.123e-01
1.076e+01 5.123e-01
1.077e+01 5.123e-01
1.078e+01 5.123e-01
1.079e+01 5.123e-01
1.080e+01 5.123e-01
1.081e+01 5.123e-01
1.082e+01 5.123e-01
1.084e+01 5.183e-01
1.085e+01 5.183e-01
1.086e+01 5.183e-01
1.087e+01 5.123e-01
1.088e+01 5.123e-01
1.089e+01 5.123e-01
1.090e+01 5.123e-01
1.092e+01 5.123e-01
1.093e+01 5.123e-01
1.094e+01 5.061e-01
1.095e+01 5.061e-01
1.096e+01 5.061e-01
1.097e+01 5.061e-01
1.098e+01 5.061e-01
1.100e+01 4.999e-01
1.101e+01 4.999e-01
1.102e+01 4.999e-01
1.103e+01 4.999e-01
1.104e+01 4.999e-01
1.105e+01 4.999e-01
1.107e+01 4.999e-01
1.108e+01 4.999e-01
1.109e+01 4.999e-01
1.110e+01 4.999e-01
1.111e+01 4.999e-01
1.113e+01 4.999e-01
1.114e+01 4.936e-01
1.115e+01 4.936e-01
1.116e+01 4.936e-01
1.117e+01 4.936e-01
1.119e+01 4.936e-01
1.120e+01 4.936e-01
1.121e+01 4.936e-01
1.122e+01 4.872e-01
1.123e+01 4.872e-01
1.125e+01 4.872e-01
1.126e+01 4.872e-01
1.127e+01 4.808e-01
1.128e+01 4.808e-01
1.130e+01 4.808e-01
1.131e+01 4.808e-01
1.132e+01 4.742e-01
1.133e+01 4.742e-01
1.135e+01 4.742e-01
1.136e+01 4.742e-01
1.137e+01 4.675e-01
1.138e+01 4.675e-01
1.140e+01 4.607e-01
1.141e+01 4.607e-01
1.142e+01 4.537e-01
1.143e+01 4.537e-01
1.145e+01 4.467e-01
1.146e+01 4.467e-01
1.147e+01 4.396e-01
1.148e+01 4.324e-01
1.150e+01 4.324e-01
1.151e+01 4.250e-01
1.152e+01 4.250e-01
1.153e+01 4.175e-01
1.155e+01 4.099e-01
1.156e+01 4.099e-01
1.157e+01 4.022e-01
1.159e+01 3.944e-01
1.160e+01 3.944e-01
1.161e+01 3.864e-01
1.162e+01 3.864e-01
1.164e+01 3.783e-01
1.165e+01 3.783e-01
1.166e+01 3.700e-01
1.168e+01 3.617e-01
1.169e+01 3.617e-01
1.170e+01 3.532e-01
1.172e+01 3.532e-01
1.173e+01 3.445e-01
1.174e+01 3.445e-01
1.176e+01 3.357e-01
1.177e+01 3.357e-01
1.178e+01 3.357e-01
1.180e+01 3.268e-01
1.181e+01 3.268e-01
1.182e+01 3.177e-01
1.184e+01 3.177e-01
1.185e+01 3.177e-01
1.186e+01 3.084e-01
1.188e+01 3.084e-01
1.189e+01 3.084e-01
1.191e+01 2.990e-01
1.192e+01 2.990e-01
1.193e+01 2.990e-01
1.195e+01 2.990e-01
1.196e+01 2.990e-01
1.197e+01 2.990e-01
1.199e+01 2.990e-01
1.200e+01 2.990e-01
1.202e+01 2.990e-01
1.203e+01 2.990e-01
1.204e+01 2.990e-01
1.206e+01 2.990e-01
1.207e+01 2.990e-01
1.209e+01 2.990e-01
1.210e+01 2.894e-01
1.211e+01 2.894e-01
1.213e+01 2.894e-01
1.214e+01 2.894e-01
1.216e+01 2.797e-01
1.217e+01 2.797e-01
1.219e+01 2.797e-01
1.220e+01 2.797e-01
1.221e+01 2.698e-01
1.223e+01 2.698e-01
1.224e+01 2.698e-01
1.226e+01 2.698e-01
1.227e+01 2.698e-01
1.229e+01 2.698e-01
1.230e+01 2.597e-01
1.232e+01 2.597e-01
1.233e+01 2.597e-01
1.234e+01 2.597e-01
1.236e+01 2.597e-01
1.237e+01 2.494e-01
1.239e+01 2.494e-01
1.240e+01 2.494e-01
1.242e+01 2.494e-01
1.243e+01 2.494e-01
1.245e+01 2.494e-01
1.246e+01 2.494e-01
1.248e+01 2.390e-01
1.249e+01 2.390e-01
1.251e+01 2.390e-01
1.252e+01 2.390e-01
1.254e+01 2.390e-01
1.255e+01 2.390e-01
1.257e+01 2.284e-01
1.258e+01 2.284e-01
1.260e+01 2.284e-01
1.262e+01 2.284e-01
1.263e+01 2.284e-01
1.265e+01 2.284e-01
1.266e+01 2.284e-01
1.268e+01 2.175e-01
1.269e+01 2.175e-01
1.271e+01 2.175e-01
1.272e+01 2.175e-01
1.274e+01 2.175e-01
1.275e+01 2.175e-01
1.277e+01 2.175e-01
1.279e+01 2.175e-01
1.280e+01 2.175e-01
1.282e+01 2.175e-01
1.283e+01 2.175e-01
1.285e+01 2.175e-01
1.287e+01 2.175e-01
1.288e+01 2.175e-01
1.290e+01 2.175e-01
1.291e+01 2.175e-01
1.293e+01 2.175e-01
1.295e+01 2.065e-01
1.296e+01 2.065e-01
1.298e+01 2.065e-01
1.299e+01 2.065e-01
1.301e+01 2.065e-01
1.303e+01 2.065e-01
1.304e+01 2.065e-01
1.306e+01 2.065e-01
1.308e+01 2.065e-01
1.309e+01 2.065e-01
1.311e+01 2.065e-01
1.313e+01 2.065e-01
1.314e+01 2.065e-01
1.316e+01 2.065e-01
1.318e+01 2.065e-01
1.319e+01 2.065e-01
1.321e+01 2.065e-01
1.323e+01 2.065e-01
1.324e+01 2.065e-01
1.326e+01 2.065e-01
1.328e+01 2.065e-01
1.329e+01 2.065e-01
1.331e+01 2.065e-01
1.333e+01 2.065e-01
1.335e+01 1.953e-01
1.336e+01 1.953e-01
1.338e+01 1.953e-01
1.340e+01 1.953e-01
1.341e+01 1.953e-01
1.343e+01 1.953e-01
1.345e+01 1.953e-01
1.347e+01 1.953e-01
1.348e+01 1.953e-01
1.350e+01 1.953e-01
1.352e+01 1.953e-01
1.354e+01 1.953e-01
1.355e+01 1.953e-01
1.357e+01 1.953e-01
1.359e+01 1.953e-01
1.361e+01 1.953e-01
1.363e+01 1.953e-01
1.364e+01 1.953e-01
1.366e+01 1.953e-01
1.368e+01 1.953e-01
1.370e+01 1.953e-01
1.372e+01 1.953e-01
1.373e+01 1.953e-01
1.375e+01 1.953e-01
1.377e+01 1.953e-01
1.379e+01 1.953e-01
1.381e+01 1.953e-01
1.383e+01 1.953e-01
1.384e+01 2.065e-01
1.386e+01 2.065e-01
1.388e+01 1.953e-01
1.390e+01 1.953e-01
1.392e+01 1.953e-01
1.394e+01 1.953e-01
1.396e+01 1.953e-01
1.398e+01 1.953e-01
1.399e+01 1.953e-01
1.401e+01 1.839e-01
1.403e+01 1.839e-01
1.405e+01 1.839e-01
1.407e+01 1.839e-01
1.409e+01 1.839e-01
1.411e+01 1.839e-01
1.413e+01 1.839e-01
1.415e+01 1.839e-01
1.417e+01 1.839e-01
1.419e+01 1.839e-01
1.420e+01 1.839e-01
1.422e+01 1.839e-01
1.424e+01 1.723e-01
1.426e+01 1.723e-01
1.428e+01 1.723e-01
1.430e+01 1.723e-01
1.432e+01 1.723e-01
1.434e+01 1.723e-01
1.436e+01 1.723e-01
1.438e+01 1.723e-01
1.440e+01 1.723e-01
1.442e+01 1.723e-01
1.444e+01 1.723e-01
1.446e+01 1.723e-01
1.448e+01 1.723e-01
1.450e+01 1.723e-01
1.452e+01 1.723e-01
1.454e+01 1.723e-01
1.456e+01 1.723e-01
1.458e+01 1.605e-01
1.461e+01 1.605e-01
1.463e+01 1.605e-01
1.465e+01 1.605e-01
1.467e+01 1.605e-01
1.469e+01 1.605e-01
1.471e+01 1.605e-01
1.473e+01 1.605e-01
1.475e+01 1.605e-01
1.477e+01 1.605e-01
1.479e+01 1.605e-01
1.481e+01 1.605e-01
1.483e+01 1.605e-01
1.486e+01 1.723e-01
1.488e+01 1.723e-01
1.490e+01 1.723e-01
1.492e+01 1.723e-01
1.494e+01 1.723e-01
1.496e+01 1.723e-01
1.498e+01 1.723e-01
1.501e+01 1.723e-01
1.503e+01 1.723e-01
1.505e+01 1.723e-01
1.507e+01 1.723e-01
1.509e+01 1.605e-01
1.512e+01 1.605e-01
1.514e+01 1.605e-01
1.516e+01 1.605e-01
1.518e+01 1.605e-01
1.520e+01 1.723e-01
1.523e+01 1.723e-01
1.525e+01 1.723e-01
1.527e+01 1.723e-01
1.529e+01 1.723e-01
1.532e+01 1.723e-01
1.534e+01 1.723e-01
1.536e+01 1.723e-01
1.539e+01 1.723e-01
1.541e+01 1.839e-01
1.543e+01 1.839e-01
1.545e+01 1.953e-01
1.548e+01 1.953e-01
1.550e+01 1.953e-01
1.552e+01 2.065e-01
1.555e+01 2.065e-01
1.557e+01 2.065e-01
1.559e+01 2.175e-01
1.562e+01 2.175e-01
1.564e+01 2.175e-01
1.566e+01 2.175e-01
1.569e+01 2.284e-01
1.571e+01 2.284e-01
1.574e+01 2.284e-01
1.576e+01 2.284e-01
1.578e+01 2.284e-01
1.581e+01 2.284e-01
1.583e+01 2.284e-01
1.586e+01 2.284e-01
1.588e+01 2.284e-01
1.590e+01 2.284e-01
1.593e+01 2.284e-01
1.595e+01 2.284e-01
1.598e+01 2.390e-01
1.600e+01 2.390e-01
1.603e+01 2.390e-01
1.605e+01 2.390e-01
1.608e+01 2.390e-01
1.610e+01 2.390e-01
1.613e+01 2.494e-01
1.615e+01 2.494e-01
1.618e+01 2.494e-01
1.620e+01 2.597e-01
1.623e+01 2.597e-01
1.625e+01 2.698e-01
1.628e+01 2.698e-01
1.630e+01 2.698e-01
1.633e+01 2.797e-01
1.636e+01 2.894e-01
1.638e+01 2.894e-01
1.641e+01 2.990e-01
1.643e+01 2.990e-01
1.646e+01 3.084e-01
1.649e+01 3.084e-01
1.651e+01 3.177e-01
1.654e+01 3.177e-01
1.656e+01 3.268e-01
1.659e+01 3.268e-01
1.662e+01 3.268e-01
1.664e+01 3.268e-01
1.667e+01 3.268e-01
1.670e+01 3.268e-01
1.673e+01 3.268e-01
1.675e+01 3.357e-01
1.678e+01 3.357e-01
1.681e+01 3.357e-01
1.683e+01 3.357e-01
1.686e+01 3.357e-01
1.689e+01 3.357e-01
1.692e+01 3.445e-01
1.694e+01 3.445e-01
1.697e+01 3.445e-01
1.700e+01 3.445e-01
1.703e+01 3.532e-01
1.706e+01 3.532e-01
1.708e+01 3.532e-01
1.711e+01 3.617e-01
1.714e+01 3.617e-01
1.717e+01 3.617e-01
1.720e+01 3.617e-01
1.723e+01 3.700e-01
1.725e+01 3.700e-01
1.728e+01 3.783e-01
1.731e+01 3.783e-01
1.734e+01 3.864e-01
1.737e+01 3.864e-01
1.740e+01 3.944e-01
1.743e+01 3.944e-01
1.746e+01 3.944e-01
1.749e+01 4.022e-01
1.752e+01 4.022e-01
1.755e+01 4.099e-01
1.758e+01 4.099e-01
1.761e+01 4.175e-01
1.764e+01 4.175e-01
1.767e+01 4.175e-01
1.770e+01 4.250e-01
1.773e+01 4.250e-01
1.776e+01 4.324e-01
1.779e+01 4.324e-01
1.782e+01 4.396e-01
1.785e+01 4.396e-01
1.788e+01 4.396e-01
1.791e+01 4.396e-01
1.794e+01 4.396e-01
1.797e+01 4.396e-01
1.800e+01 4.467e-01
1.803e+01 4.467e-01
1.807e+01 4.467e-01
1.810e+01 4.537e-01
1.813e+01 4.537e-01
1.816e+01 4.537e-01
1.819e+01 4.537e-01
1.822e+01 4.607e-01
1.826e+01 4.607e-01
1.829e+01 4.607e-01
1.832e+01 4.675e-01
1.835e+01 4.675e-01
1.839e+01 4.742e-01
1.842e+01 4.742e-01
1.845e+01 4.808e-01
1.848e+01 4.808e-01
1.852e+01 4.872e-01
1.855e+01 4.872e-01
1.858e+01 4.872e-01
1.862e+01 4.936e-01
1.865e+01 4.936e-01
1.868e+01 4.936e-01
1.872e+01 4.936e-01
1.875e+01 4.936e-01
1.879e+01 4.936e-01
1.882e+01 4.999e-01
1.885e+01 4.999e-01
1.889e+01 4.999e-01
1.892e+01 4.999e-01
1.896e+01 4.999e-01
1.899e+01 5.061e-01
1.903e+01 5.061e-01
1.906e+01 5.061e-01
1.910e+01 5.061e-01
1.913e+01 5.061e-01
1.917e+01 5.061e-01
1.920e+01 5.061e-01
1.924e+01 5.061e-01
1.927e+01 5.123e-01
1.931e+01 5.123e-01
1.935e+01 5.123e-01
1.938e+01 5.123e-01
1.942e+01 5.123e-01
1.946e+01 5.123e-01
1.949e+01 5.061e-01
1.953e+01 5.061e-01
1.957e+01 5.061e-01
1.960e+01 5.061e-01
1.964e+01 4.999e-01
1.968e+01 4.999e-01
1.971e+01 4.936e-01
1.975e+01 4.936e-01
1.979e+01 4.872e-01
1.983e+01 4.872e-01
1.987e+01 4.872e-01
1.990e+01 4.808e-01
1.994e+01 4.808e-01
1.998e+01 4.742e-01
2.002e+01 4.742e-01
2.006e+01 4.675e-01
2.010e+01 4.675e-01
2.014e+01 4.607e-01
2.017e+01 4.607e-01
2.021e+01 4.607e-01
2.025e+01 4.537e-01
2.029e+01 4.537e-01
2.033e+01 4.537e-01
2.037e+01 4.537e-01
2.041e+01 4.537e-01
2.045e+01 4.537e-01
2.049e+01 4.467e-01
2.053e+01 4.467e-01
2.057e+01 4.467e-01
2.062e+01 4.467e-01
2.066e+01 4.467e-01
2.070e+01 4.467e-01
2.074e+01 4.467e-01
2.078e+01 4.396e-01
2.082e+01 4.396e-01
2.086e+01 4.324e-01
2.091e+01 4.324e-01
2.095e+01 4.250e-01
2.099e+01 4.250e-01
2.103e+01 4.175e-01
2.108e+01 4.175e-01
2.112e+01 4.099e-01
2.116e+01 4.099e-01
2.121e+01 4.099e-01
2.125e+01 4.022e-01
2.129e+01 4.022e-01
2.134e+01 3.944e-01
2.138e+01 3.944e-01
2.142e+01 3.864e-01
2.147e+01 3.864e-01
2.151e+01 3.864e-01
2.156e+01 3.864e-01
2.160e+01 3.864e-01
2.165e+01 3.864e-01
2.169e+01 3.864e-01
2.174e+01 3.783e-01
2.178e+01 3.783e-01
2.183e+01 3.700e-01
2.188e+01 3.617e-01
2.192e+01 3.617e-01
2.197e+01 3.617e-01
2.202e+01 3.532e-01
2.206e+01 3.532e-01
2.211e+01 3.445e-01
2.216e+01 3.445e-01
2.220e+01 3.357e-01
2.225e+01 3.357e-01
2.230e+01 3.357e-01
2.235e+01 3.268e-01
2.240e+01 3.177e-01
2.244e+01 3.177e-01
2.249e+01 3.268e-01
2.254e+01 3.268e-01
2.259e+01 3.268e-01
2.264e+01 3.268e-01
2.269e+01 3.268e-01
2.274e+01 3.268e-01
2.279e+01 3.268e-01
2.284e+01 3.268e-01
2.289e+01 3.268e-01
2.294e+01 3.268e-01
2.299e+01 3.357e-01
2.304e+01 3.357e-01
2.309e+01 3.357e-01
2.315e+01 3.357e-01
2.320e+01 3.357e-01
2.325e+01 3.445e-01
2.330e+01 3.532e-01
2.335e+01 3.532e-01
2.341e+01 3.617e-01
2.346e+01 3.617e-01
2.351e+01 3.700e-01
2.357e+01 3.783e-01
2.362e+01 3.783e-01
2.367e+01 3.783e-01
2.373e+01 3.783e-01
2.378e+01 3.864e-01
2.384e+01 3.864e-01
2.389e+01 3.944e-01
2.395e+01 3.944e-01
2.400e+01 4.022e-01
2.406e+01 4.022e-01
2.412e+01 4.022e-01
2.417e+01 4.022e-01
2.423e+01 4.099e-01
2.428e+01 4.099e-01
2.434e+01 4.099e-01
2.440e+01 4.175e-01
2.446e+01 4.250e-01
2.451e+01 4.324e-01
2.457e+01 4.396e-01
2.463e+01 4.467e-01
2.469e+01 4.537e-01
2.475e+01 4.607e-01
2.481e+01 4.607e-01
2.487e+01 4.675e-01
2.493e+01 4.675e-01
2.499e+01 4.607e-01
2.505e+01 4.537e-01
2.511e+01 4.467e-01
2.517e+01 4.537e-01
2.523e+01 4.675e-01
2.529e+01 4.742e-01
2.535e+01 4.808e-01
2.542e+01 4.872e-01
2.548e+01 4.999e-01
2.554e+01 5.123e-01
2.560e+01 5.183e-01
2.567e+01 5.183e-01
2.573e+01 5.123e-01
2.579e+01 5.061e-01
2.586e+01 5.123e-01
2.592e+01 5.242e-01
2.599e+01 5.358e-01
