3.000e-01 0.000e+00
3.050e-01 5.758e-02
3.100e-01 9.798e-02
3.150e-01 1.605e-01
3.200e-01 1.839e-01
3.250e-01 2.065e-01
3.300e-01 2.390e-01
3.350e-01 2.797e-01
3.400e-01 3.084e-01
3.450e-01 3.445e-01
3.500e-01 3.783e-01
3.550e-01 4.022e-01
3.600e-01 4.324e-01
3.650e-01 4.675e-01
3.700e-01 4.872e-01
3.750e-01 5.061e-01
3.800e-01 5.301e-01
3.850e-01 5.415e-01
3.900e-01 5.633e-01
3.950e-01 5.738e-01
4.000e-01 5.890e-01
4.050e-01 5.987e-01
4.100e-01 6.082e-01
4.150e-01 6.174e-01
4.200e-01 6.263e-01
4.250e-01 6.307e-01
4.300e-01 6.393e-01
4.350e-01 6.435e-01
4.400e-01 6.476e-01
4.450e-01 6.558e-01
4.500e-01 6.598e-01
4.550e-01 6.637e-01
4.600e-01 6.676e-01
4.650e-01 6.714e-01
4.700e-01 6.752e-01
4.750e-01 6.789e-01
4.800e-01 6.862e-01
4.850e-01 6.898e-01
4.900e-01 6.933e-01
4.950e-01 6.968e-01
5.000e-01 7.002e-01
5.050e-01 6.968e-01
5.100e-01 7.002e-01
5.150e-01 7.103e-01
5.200e-01 7.168e-01
5.250e-01 7.200e-01
5.300e-01 7.231e-01
5.350e-01 7.262e-01
5.400e-01 7.293e-01
5.450e-01 7.293e-01
5.500e-01 7.323e-01
5.550e-01 7.353e-01
5.600e-01 7.382e-01
5.650e-01 7.412e-01
5.700e-01 7.412e-01
5.750e-01 7.440e-01
5.800e-01 7.469e-01
5.850e-01 7.469e-01
5.900e-01 7.497e-01
5.950e-01 7.497e-01
6.000e-01 7.525e-01
6.050e-01 7.525e-01
6.100e-01 7.552e-01
6.150e-01 7.552e-01
6.200e-01 7.552e-01
6.250e-01 7.552e-01
6.300e-01 7.579e-01
6.350e-01 7.579e-01
6.400e-01 7.579e-01
6.450e-01 7.579e-01
6.500e-01 7.579e-01
6.550e-01 7.606e-01
6.600e-01 7.606e-01
6.650e-01 7.606e-01
6.700e-01 7.632e-01
6.750e-01 7.632e-01
6.800e-01 7.632e-01
6.850e-01 7.632e-01
6.900e-01 7.632e-01
6.950e-01 7.658e-01
7.000e-01 7.658e-01
7.050e-01 7.658e-01
7.100e-01 7.684e-01
7.150e-01 7.684e-01
7.200e-01 7.684e-01
7.250e-01 7.684e-01
7.300e-01 7.684e-01
7.350e-01 7.684e-01
7.400e-01 7.684e-01
7.450e-01 7.684e-01
7.500e-01 7.684e-01
7.550e-01 7.684e-01
7.600e-01 7.658e-01
7.650e-01 7.684e-01
7.700e-01 7.658e-01
7.750e-01 7.658e-01
7.800e-01 7.658e-01
7.850e-01 7.632e-01
7.900e-01 7.606e-01
7.950e-01 7.579e-01
8.000e-01 7.606e-01
8.050e-01 7.552e-01
8.100e-01 7.525e-01
8.150e-01 7.469e-01
8.200e-01 7.440e-01
8.250e-01 7.412e-01
8.300e-01 7.353e-01
8.350e-01 7.323e-01
8.400e-01 7.262e-01
8.450e-01 7.231e-01
8.500e-01 7.168e-01
8.550e-01 7.103e-01
8.600e-01 7.036e-01
8.650e-01 7.002e-01
8.700e-01 6.933e-01
8.750e-01 6.862e-01
8.800e-01 6.826e-01
8.850e-01 6.789e-01
8.900e-01 6.714e-01
8.950e-01 6.676e-01
9.000e-01 6.637e-01
9.050e-01 6.558e-01
9.100e-01 6.558e-01
9.150e-01 6.517e-01
9.200e-01 6.476e-01
9.250e-01 6.435e-01
9.300e-01 6.393e-01
9.350e-01 6.393e-01
9.400e-01 6.350e-01
9.450e-01 6.350e-01
9.500e-01 6.350e-01
9.550e-01 6.350e-01
9.600e-01 6.350e-01
9.650e-01 6.350e-01
9.700e-01 6.350e-01
9.750e-01 6.307e-01
9.800e-01 6.350e-01
9.850e-01 6.350e-01
9.900e-01 6.350e-01
9.950e-01 6.393e-01
1.000e+00 6.393e-01
1.005e+00 6.393e-01
1.010e+00 6.435e-01
1.015e+00 6.476e-01
1.020e+00 6.476e-01
1.025e+00 6.517e-01
1.030e+00 6.558e-01
1.035e+00 6.598e-01
1.040e+00 6.637e-01
1.045e+00 6.676e-01
1.050e+00 6.714e-01
1.055e+00 6.752e-01
1.060e+00 6.826e-01
1.065e+00 6.862e-01
1.070e+00 6.898e-01
1.075e+00 6.933e-01
1.080e+00 6.968e-01
1.085e+00 7.036e-01
1.090e+00 7.070e-01
1.095e+00 7.103e-01
1.100e+00 7.136e-01
1.105e+00 7.168e-01
1.110e+00 7.200e-01
1.115e+00 7.231e-01
1.120e+00 7.262e-01
1.125e+00 7.293e-01
1.130e+00 7.323e-01
1.135e+00 7.353e-01
1.140e+00 7.382e-01
1.145e+00 7.412e-01
1.150e+00 7.412e-01
1.155e+00 7.440e-01
1.160e+00 7.469e-01
1.165e+00 7.469e-01
1.170e+00 7.497e-01
1.175e+00 7.497e-01
1.180e+00 7.525e-01
1.185e+00 7.525e-01
1.190e+00 7.552e-01
1.195e+00 7.552e-01
1.200e+00 7.552e-01
1.205e+00 7.552e-01
1.210e+00 7.579e-01
1.215e+00 7.579e-01
1.220e+00 7.606e-01
1.225e+00 7.606e-01
1.230e+00 7.632e-01
1.235e+00 7.632e-01
1.240e+00 7.632e-01
1.245e+00 7.658e-01
1.250e+00 7.658e-01
1.255e+00 7.658e-01
1.260e+00 7.684e-01
1.265e+00 7.684e-01
1.270e+00 7.684e-01
1.275e+00 7.709e-01
1.280e+00 7.709e-01
1.285e+00 7.734e-01
1.290e+00 7.734e-01
1.295e+00 7.734e-01
1.300e+00 7.759e-01
1.305e+00 7.759e-01
1.310e+00 7.759e-01
1.315e+00 7.784e-01
1.320e+00 7.784e-01
1.325e+00 7.784e-01
1.330e+00 7.808e-01
1.335e+00 7.808e-01
1.340e+00 7.832e-01
1.345e+00 7.832e-01
1.350e+00 7.832e-01
1.355e+00 7.855e-01
1.360e+00 7.855e-01
1.365e+00 7.855e-01
1.370e+00 7.879e-01
1.375e+00 7.902e-01
1.380e+00 7.902e-01
1.385e+00 7.902e-01
1.390e+00 7.902e-01
1.395e+00 7.925e-01
1.400e+00 7.925e-01
1.405e+00 7.925e-01
1.410e+00 7.925e-01
1.415e+00 7.947e-01
1.420e+00 7.947e-01
1.425e+00 7.969e-01
1.430e+00 7.969e-01
1.435e+00 7.969e-01
1.440e+00 7.969e-01
1.445e+00 7.991e-01
1.450e+00 7.991e-01
1.455e+00 7.991e-01
1.460e+00 7.991e-01
1.465e+00 7.991e-01
1.470e+00 7.991e-01
1.475e+00 8.013e-01
1.480e+00 8.013e-01
1.485e+00 8.013e-01
1.490e+00 8.013e-01
1.495e+00 8.013e-01
1.500e+00 8.013e-01
1.505e+00 8.013e-01
1.510e+00 8.035e-01
1.515e+00 8.035e-01
1.520e+00 8.035e-01
1.525e+00 8.035e-01
1.530e+00 8.035e-01
1.535e+00 8.035e-01
1.540e+00 8.035e-01
1.545e+00 8.035e-01
1.550e+00 8.035e-01
1.555e+00 8.035e-01
1.560e+00 8.035e-01
1.565e+00 8.035e-01
1.570e+00 8.035e-01
1.575e+00 8.035e-01
1.580e+00 8.035e-01
1.585e+00 8.035e-01
1.590e+00 8.035e-01
1.595e+00 8.035e-01
1.600e+00 8.035e-01
1.605e+00 8.035e-01
1.610e+00 8.035e-01
1.615e+00 8.035e-01
1.620e+00 8.035e-01
1.625e+00 8.013e-01
1.630e+00 8.013e-01
1.635e+00 8.013e-01
1.640e+00 8.013e-01
1.645e+00 8.013e-01
1.650e+00 7.991e-01
1.655e+00 7.991e-01
1.660e+00 7.991e-01
1.665e+00 7.991e-01
1.670e+00 7.991e-01
1.675e+00 7.969e-01
1.680e+00 7.969e-01
1.685e+00 7.969e-01
1.690e+00 7.969e-01
1.695e+00 7.969e-01
1.700e+00 7.947e-01
1.705e+00 7.947e-01
1.710e+00 7.925e-01
1.715e+00 7.925e-01
1.720e+00 7.925e-01
1.725e+00 7.925e-01
1.730e+00 7.925e-01
1.735e+00 7.902e-01
1.740e+00 7.902e-01
1.745e+00 7.902e-01
1.750e+00 7.902e-01
1.755e+00 7.902e-01
1.760e+00 7.879e-01
1.765e+00 7.879e-01
1.770e+00 7.879e-01
1.775e+00 7.879e-01
1.780e+00 7.855e-01
1.785e+00 7.855e-01
1.790e+00 7.855e-01
1.795e+00 7.832e-01
1.800e+00 7.832e-01
1.805e+00 7.832e-01
1.810e+00 7.808e-01
1.815e+00 7.808e-01
1.820e+00 7.808e-01
1.825e+00 7.784e-01
1.830e+00 7.784e-01
1.835e+00 7.784e-01
1.840e+00 7.784e-01
1.845e+00 7.784e-01
1.850e+00 7.784e-01
1.855e+00 7.759e-01
1.860e+00 7.759e-01
1.865e+00 7.759e-01
1.870e+00 7.759e-01
1.875e+00 7.759e-01
1.880e+00 7.759e-01
1.885e+00 7.734e-01
1.890e+00 7.734e-01
1.895e+00 7.734e-01
1.900e+00 7.709e-01
1.905e+00 7.709e-01
1.910e+00 7.709e-01
1.915e+00 7.709e-01
1.920e+00 7.709e-01
1.925e+00 7.709e-01
1.930e+00 7.709e-01
1.935e+00 7.709e-01
1.940e+00 7.684e-01
1.945e+00 7.709e-01
1.950e+00 7.709e-01
1.955e+00 7.709e-01
1.960e+00 7.709e-01
1.965e+00 7.709e-01
1.970e+00 7.709e-01
1.975e+00 7.709e-01
1.980e+00 7.684e-01
1.985e+00 7.684e-01
1.990e+00 7.684e-01
1.995e+00 7.684e-01
2.000e+00 7.684e-01
2.005e+00 7.684e-01
2.010e+00 7.684e-01
2.015e+00 7.684e-01
2.020e+00 7.684e-01
2.025e+00 7.684e-01
2.030e+00 7.684e-01
2.035e+00 7.684e-01
2.040e+00 7.658e-01
2.045e+00 7.658e-01
2.050e+00 7.658e-01
2.055e+00 7.658e-01
2.060e+00 7.658e-01
2.065e+00 7.658e-01
2.070e+00 7.658e-01
2.075e+00 7.658e-01
2.080e+00 7.658e-01
2.085e+00 7.658e-01
2.090e+00 7.658e-01
2.095e+00 7.658e-01
2.100e+00 7.684e-01
2.105e+00 7.684e-01
2.110e+00 7.684e-01
2.115e+00 7.684e-01
2.120e+00 7.684e-01
2.125e+00 7.684e-01
2.130e+00 7.684e-01
2.135e+00 7.684e-01
2.140e+00 7.684e-01
2.145e+00 7.684e-01
2.150e+00 7.709e-01
2.155e+00 7.709e-01
2.160e+00 7.709e-01
2.165e+00 7.709e-01
2.170e+00 7.734e-01
2.175e+00 7.734e-01
2.180e+00 7.734e-01
2.185e+00 7.734e-01
2.190e+00 7.759e-01
2.195e+00 7.759e-01
2.200e+00 7.759e-01
2.205e+00 7.784e-01
2.210e+00 7.784e-01
2.215e+00 7.784e-01
2.220e+00 7.808e-01
2.225e+00 7.808e-01
2.230e+00 7.808e-01
2.235e+00 7.808e-01
2.240e+00 7.832e-01
2.245e+00 7.832e-01
2.250e+00 7.832e-01
2.255e+00 7.832e-01
2.260e+00 7.832e-01
2.265e+00 7.832e-01
2.270e+00 7.832e-01
2.275e+00 7.855e-01
2.280e+00 7.855e-01
2.285e+00 7.855e-01
2.290e+00 7.855e-01
2.295e+00 7.879e-01
2.300e+00 7.879e-01
2.305e+00 7.879e-01
2.310e+00 7.879e-01
2.315e+00 7.902e-01
2.320e+00 7.902e-01
2.325e+00 7.902e-01
2.330e+00 7.925e-01
2.335e+00 7.925e-01
2.340e+00 7.925e-01
2.345e+00 7.925e-01
2.350e+00 7.947e-01
2.355e+00 7.947e-01
2.360e+00 7.969e-01
2.365e+00 7.969e-01
2.370e+00 7.969e-01
2.375e+00 7.969e-01
2.380e+00 7.991e-01
2.385e+00 7.991e-01
2.390e+00 7.991e-01
2.395e+00 8.013e-01
2.400e+00 8.013e-01
2.405e+00 8.035e-01
2.410e+00 8.035e-01
2.415e+00 8.035e-01
2.420e+00 8.056e-01
2.425e+00 8.077e-01
2.430e+00 8.077e-01
2.435e+00 8.098e-01
2.440e+00 8.098e-01
2.445e+00 8.098e-01
2.450e+00 8.098e-01
2.455e+00 8.098e-01
2.460e+00 8.098e-01
2.465e+00 8.118e-01
2.470e+00 8.118e-01
2.475e+00 8.118e-01
2.480e+00 8.118e-01
2.485e+00 8.118e-01
2.490e+00 8.118e-01
2.495e+00 8.138e-01
2.500e+00 8.118e-01
2.505e+00 8.138e-01
2.510e+00 8.138e-01
2.515e+00 8.138e-01
2.520e+00 8.159e-01
2.525e+00 8.159e-01
2.530e+00 8.159e-01
2.535e+00 8.159e-01
2.540e+00 8.178e-01
2.545e+00 8.178e-01
2.550e+00 8.178e-01
2.555e+00 8.198e-01
2.560e+00 8.198e-01
2.565e+00 8.217e-01
2.570e+00 8.217e-01
2.575e+00 8.217e-01
2.580e+00 8.217e-01
2.585e+00 8.236e-01
2.590e+00 8.255e-01
2.591e+00 8.255e-01
2.593e+00 8.255e-01
2.594e+00 8.255e-01
2.595e+00 8.255e-01
2.597e+00 8.255e-01
2.598e+00 8.255e-01
2.599e+00 8.255e-01
2.601e+00 8.274e-01
2.602e+00 8.274e-01
2.603e+00 8.274e-01
2.604e+00 8.274e-01
2.606e+00 8.274e-01
2.607e+00 8.274e-01
2.608e+00 8.274e-01
2.610e+00 8.274e-01
2.611e+00 8.292e-01
2.612e+00 8.292e-01
2.614e+00 8.292e-01
2.615e+00 8.292e-01
2.616e+00 8.292e-01
2.618e+00 8.292e-01
2.619e+00 8.292e-01
2.620e+00 8.292e-01
2.622e+00 8.292e-01
2.623e+00 8.311e-01
2.624e+00 8.311e-01
2.626e+00 8.311e-01
2.627e+00 8.311e-01
2.628e+00 8.311e-01
2.630e+00 8.311e-01
2.631e+00 8.311e-01
2.632e+00 8.311e-01
2.634e+00 8.311e-01
2.635e+00 8.329e-01
2.636e+00 8.329e-01
2.638e+00 8.329e-01
2.639e+00 8.329e-01
2.640e+00 8.329e-01
2.642e+00 8.329e-01
2.643e+00 8.329e-01
2.644e+00 8.329e-01
2.646e+00 8.329e-01
2.647e+00 8.329e-01
2.648e+00 8.329e-01
2.650e+00 8.329e-01
2.651e+00 8.329e-01
2.652e+00 8.347e-01
2.654e+00 8.347e-01
2.655e+00 8.347e-01
2.656e+00 8.347e-01
2.658e+00 8.347e-01
2.659e+00 8.347e-01
2.661e+00 8.347e-01
2.662e+00 8.347e-01
2.663e+00 8.347e-01
2.665e+00 8.347e-01
2.666e+00 8.347e-01
2.667e+00 8.347e-01
2.669e+00 8.347e-01
2.670e+00 8.347e-01
2.671e+00 8.347e-01
2.673e+00 8.347e-01
2.674e+00 8.347e-01
2.676e+00 8.347e-01
2.677e+00 8.347e-01
2.678e+00 8.347e-01
2.680e+00 8.347e-01
2.681e+00 8.347e-01
2.683e+00 8.347e-01
2.684e+00 8.347e-01
2.685e+00 8.347e-01
2.687e+00 8.347e-01
2.688e+00 8.329e-01
2.690e+00 8.329e-01
2.691e+00 8.329e-01
2.692e+00 8.329e-01
2.694e+00 8.311e-01
2.695e+00 8.292e-01
2.696e+00 8.292e-01
2.698e+00 8.274e-01
2.699e+00 8.255e-01
2.701e+00 8.255e-01
2.702e+00 8.236e-01
2.704e+00 8.217e-01
2.705e+00 8.198e-01
2.706e+00 8.198e-01
2.708e+00 8.198e-01
2.709e+00 8.198e-01
2.711e+00 8.198e-01
2.712e+00 8.198e-01
2.714e+00 8.198e-01
2.715e+00 8.198e-01
2.716e+00 8.198e-01
2.718e+00 8.198e-01
2.719e+00 8.178e-01
2.721e+00 8.178e-01
2.722e+00 8.159e-01
2.723e+00 8.159e-01
2.725e+00 8.138e-01
2.726e+00 8.138e-01
2.728e+00 8.118e-01
2.729e+00 8.118e-01
2.731e+00 8.118e-01
2.732e+00 8.098e-01
2.734e+00 8.098e-01
2.735e+00 8.077e-01
2.736e+00 8.077e-01
2.738e+00 8.056e-01
2.739e+00 8.056e-01
2.741e+00 8.035e-01
2.742e+00 8.035e-01
2.744e+00 8.035e-01
2.745e+00 8.013e-01
2.747e+00 8.013e-01
2.748e+00 8.013e-01
2.749e+00 7.991e-01
2.751e+00 7.991e-01
2.752e+00 7.969e-01
2.754e+00 7.969e-01
2.755e+00 7.947e-01
2.757e+00 7.947e-01
2.758e+00 7.925e-01
2.760e+00 7.902e-01
2.761e+00 7.879e-01
2.763e+00 7.879e-01
2.764e+00 7.879e-01
2.766e+00 7.879e-01
2.767e+00 7.879e-01
2.768e+00 7.879e-01
2.770e+00 7.855e-01
2.772e+00 7.855e-01
2.773e+00 7.855e-01
2.774e+00 7.832e-01
2.776e+00 7.832e-01
2.777e+00 7.832e-01
2.779e+00 7.808e-01
2.780e+00 7.808e-01
2.782e+00 7.808e-01
2.783e+00 7.784e-01
2.785e+00 7.784e-01
2.786e+00 7.784e-01
2.788e+00 7.759e-01
2.789e+00 7.759e-01
2.791e+00 7.734e-01
2.792e+00 7.734e-01
2.794e+00 7.734e-01
2.795e+00 7.709e-01
2.797e+00 7.709e-01
2.798e+00 7.684e-01
2.800e+00 7.684e-01
2.801e+00 7.684e-01
2.803e+00 7.684e-01
2.804e+00 7.658e-01
2.806e+00 7.658e-01
2.808e+00 7.632e-01
2.809e+00 7.632e-01
2.811e+00 7.632e-01
2.812e+00 7.606e-01
2.814e+00 7.606e-01
2.815e+00 7.606e-01
2.817e+00 7.606e-01
2.818e+00 7.579e-01
2.820e+00 7.579e-01
2.821e+00 7.579e-01
2.823e+00 7.552e-01
2.824e+00 7.552e-01
2.826e+00 7.552e-01
2.827e+00 7.525e-01
2.829e+00 7.525e-01
2.831e+00 7.525e-01
2.832e+00 7.525e-01
2.834e+00 7.497e-01
2.835e+00 7.497e-01
2.837e+00 7.497e-01
2.838e+00 7.497e-01
2.840e+00 7.469e-01
2.841e+00 7.469e-01
2.843e+00 7.469e-01
2.844e+00 7.469e-01
2.846e+00 7.469e-01
2.848e+00 7.469e-01
2.849e+00 7.440e-01
2.851e+00 7.440e-01
2.852e+00 7.440e-01
2.854e+00 7.440e-01
2.855e+00 7.412e-01
2.857e+00 7.412e-01
2.859e+00 7.412e-01
2.860e+00 7.412e-01
2.862e+00 7.412e-01
2.863e+00 7.412e-01
2.865e+00 7.412e-01
2.867e+00 7.382e-01
2.868e+00 7.382e-01
2.870e+00 7.382e-01
2.871e+00 7.382e-01
2.873e+00 7.382e-01
2.874e+00 7.353e-01
2.876e+00 7.353e-01
2.878e+00 7.353e-01
2.879e+00 7.353e-01
2.881e+00 7.353e-01
2.882e+00 7.353e-01
2.884e+00 7.353e-01
2.886e+00 7.323e-01
2.887e+00 7.323e-01
2.889e+00 7.323e-01
2.890e+00 7.323e-01
2.892e+00 7.323e-01
2.894e+00 7.323e-01
2.895e+00 7.323e-01
2.897e+00 7.323e-01
2.898e+00 7.323e-01
2.900e+00 7.323e-01
2.902e+00 7.323e-01
2.903e+00 7.293e-01
2.905e+00 7.293e-01
2.907e+00 7.293e-01
2.908e+00 7.293e-01
2.910e+00 7.293e-01
2.912e+00 7.293e-01
2.913e+00 7.293e-01
2.915e+00 7.293e-01
2.916e+00 7.293e-01
2.918e+00 7.293e-01
2.920e+00 7.293e-01
2.921e+00 7.293e-01
2.923e+00 7.293e-01
2.925e+00 7.293e-01
2.926e+00 7.293e-01
2.928e+00 7.293e-01
2.930e+00 7.293e-01
2.931e+00 7.293e-01
2.933e+00 7.293e-01
2.935e+00 7.262e-01
2.936e+00 7.262e-01
2.938e+00 7.262e-01
2.940e+00 7.262e-01
2.941e+00 7.262e-01
2.943e+00 7.262e-01
2.945e+00 7.262e-01
2.946e+00 7.262e-01
2.948e+00 7.262e-01
2.950e+00 7.262e-01
2.951e+00 7.262e-01
2.953e+00 7.262e-01
2.955e+00 7.262e-01
2.956e+00 7.262e-01
2.958e+00 7.262e-01
2.960e+00 7.262e-01
2.961e+00 7.262e-01
2.963e+00 7.262e-01
2.965e+00 7.262e-01
2.966e+00 7.262e-01
2.968e+00 7.262e-01
2.970e+00 7.262e-01
2.972e+00 7.262e-01
2.973e+00 7.262e-01
2.975e+00 7.262e-01
2.977e+00 7.262e-01
2.978e+00 7.262e-01
2.980e+00 7.262e-01
2.982e+00 7.262e-01
2.984e+00 7.262e-01
2.985e+00 7.262e-01
2.987e+00 7.293e-01
2.989e+00 7.293e-01
2.990e+00 7.293e-01
2.992e+00 7.293e-01
2.994e+00 7.293e-01
2.996e+00 7.293e-01
2.997e+00 7.293e-01
2.999e+00 7.293e-01
3.001e+00 7.293e-01
3.003e+00 7.293e-01
3.004e+00 7.293e-01
3.006e+00 7.293e-01
3.008e+00 7.293e-01
3.010e+00 7.293e-01
3.011e+00 7.293e-01
3.013e+00 7.293e-01
3.015e+00 7.323e-01
3.017e+00 7.323e-01
3.018e+00 7.323e-01
3.020e+00 7.323e-01
3.022e+00 7.323e-01
3.024e+00 7.323e-01
3.025e+00 7.323e-01
3.027e+00 7.323e-01
3.029e+00 7.323e-01
3.031e+00 7.323e-01
3.032e+00 7.323e-01
3.034e+00 7.323e-01
3.036e+00 7.353e-01
3.038e+00 7.353e-01
3.039e+00 7.353e-01
3.041e+00 7.353e-01
3.043e+00 7.353e-01
3.045e+00 7.353e-01
3.047e+00 7.353e-01
3.049e+00 7.353e-01
3.050e+00 7.353e-01
3.052e+00 7.382e-01
3.054e+00 7.382e-01
3.056e+00 7.382e-01
3.057e+00 7.382e-01
3.059e+00 7.382e-01
3.061e+00 7.382e-01
3.063e+00 7.412e-01
3.065e+00 7.412e-01
3.067e+00 7.412e-01
3.068e+00 7.412e-01
3.070e+00 7.412e-01
3.072e+00 7.412e-01
3.074e+00 7.412e-01
3.076e+00 7.440e-01
3.077e+00 7.440e-01
3.079e+00 7.440e-01
3.081e+00 7.440e-01
3.083e+00 7.440e-01
3.085e+00 7.469e-01
3.087e+00 7.469e-01
3.088e+00 7.469e-01
3.090e+00 7.469e-01
3.092e+00 7.469e-01
3.094e+00 7.469e-01
3.096e+00 7.497e-01
3.098e+00 7.497e-01
3.099e+00 7.497e-01
3.101e+00 7.497e-01
3.103e+00 7.497e-01
3.105e+00 7.525e-01
3.107e+00 7.525e-01
3.109e+00 7.525e-01
3.111e+00 7.525e-01
3.113e+00 7.525e-01
3.114e+00 7.525e-01
3.116e+00 7.525e-01
3.118e+00 7.552e-01
3.120e+00 7.552e-01
3.122e+00 7.552e-01
3.124e+00 7.552e-01
3.126e+00 7.552e-01
3.127e+00 7.579e-01
3.129e+00 7.579e-01
3.131e+00 7.579e-01
3.133e+00 7.579e-01
3.135e+00 7.579e-01
3.137e+00 7.606e-01
3.139e+00 7.606e-01
3.141e+00 7.606e-01
3.143e+00 7.606e-01
3.145e+00 7.606e-01
3.147e+00 7.606e-01
3.148e+00 7.632e-01
3.150e+00 7.632e-01
3.152e+00 7.632e-01
3.154e+00 7.632e-01
3.156e+00 7.658e-01
3.158e+00 7.658e-01
3.160e+00 7.658e-01
3.162e+00 7.658e-01
3.164e+00 7.658e-01
3.166e+00 7.658e-01
3.168e+00 7.684e-01
3.170e+00 7.684e-01
3.171e+00 7.684e-01
3.174e+00 7.684e-01
3.175e+00 7.684e-01
3.177e+00 7.709e-01
3.179e+00 7.709e-01
3.181e+00 7.709e-01
3.183e+00 7.709e-01
3.185e+00 7.709e-01
3.187e+00 7.709e-01
3.189e+00 7.734e-01
3.191e+00 7.734e-01
3.193e+00 7.734e-01
3.195e+00 7.734e-01
3.197e+00 7.734e-01
3.199e+00 7.734e-01
3.201e+00 7.759e-01
3.203e+00 7.759e-01
3.205e+00 7.759e-01
3.207e+00 7.759e-01
3.209e+00 7.759e-01
3.211e+00 7.759e-01
3.213e+00 7.759e-01
3.215e+00 7.784e-01
3.217e+00 7.784e-01
3.219e+00 7.784e-01
3.221e+00 7.784e-01
3.223e+00 7.784e-01
3.225e+00 7.784e-01
3.227e+00 7.784e-01
3.229e+00 7.784e-01
3.231e+00 7.784e-01
3.233e+00 7.784e-01
3.235e+00 7.808e-01
3.237e+00 7.808e-01
3.239e+00 7.808e-01
3.241e+00 7.808e-01
3.243e+00 7.808e-01
3.245e+00 7.808e-01
3.247e+00 7.808e-01
3.249e+00 7.808e-01
3.251e+00 7.808e-01
3.253e+00 7.808e-01
3.255e+00 7.808e-01
3.257e+00 7.808e-01
3.259e+00 7.808e-01
3.261e+00 7.832e-01
3.263e+00 7.832e-01
3.265e+00 7.832e-01
3.267e+00 7.832e-01
3.269e+00 7.832e-01
3.272e+00 7.832e-01
3.274e+00 7.832e-01
3.276e+00 7.855e-01
3.278e+00 7.855e-01
3.280e+00 7.855e-01
3.282e+00 7.855e-01
3.284e+00 7.855e-01
3.286e+00 7.855e-01
3.288e+00 7.855e-01
3.290e+00 7.855e-01
3.292e+00 7.855e-01
3.294e+00 7.855e-01
3.296e+00 7.855e-01
3.299e+00 7.855e-01
3.301e+00 7.855e-01
3.303e+00 7.855e-01
3.305e+00 7.855e-01
3.307e+00 7.879e-01
3.309e+00 7.879e-01
3.311e+00 7.879e-01
3.313e+00 7.879e-01
3.316e+00 7.879e-01
3.318e+00 7.855e-01
3.320e+00 7.855e-01
3.322e+00 7.855e-01
3.324e+00 7.855e-01
3.326e+00 7.855e-01
3.328e+00 7.855e-01
3.330e+00 7.832e-01
3.333e+00 7.832e-01
3.335e+00 7.832e-01
3.337e+00 7.808e-01
3.339e+00 7.808e-01
3.341e+00 7.808e-01
3.343e+00 7.784e-01
3.345e+00 7.759e-01
3.348e+00 7.759e-01
3.350e+00 7.734e-01
3.352e+00 7.684e-01
3.354e+00 7.658e-01
3.356e+00 7.632e-01
3.358e+00 7.606e-01
3.361e+00 7.552e-01
3.363e+00 7.497e-01
3.365e+00 7.440e-01
3.367e+00 7.382e-01
3.369e+00 7.323e-01
3.372e+00 7.262e-01
3.374e+00 7.231e-01
3.376e+00 7.168e-01
3.378e+00 7.136e-01
3.380e+00 7.136e-01
3.383e+00 7.136e-01
3.385e+00 7.136e-01
3.387e+00 7.136e-01
3.389e+00 7.168e-01
3.391e+00 7.168e-01
3.394e+00 7.136e-01
3.396e+00 7.103e-01
3.398e+00 7.070e-01
3.400e+00 7.002e-01
3.402e+00 6.933e-01
3.405e+00 6.826e-01
3.407e+00 6.752e-01
3.409e+00 6.676e-01
3.412e+00 6.598e-01
3.414e+00 6.517e-01
3.416e+00 6.476e-01
3.418e+00 6.435e-01
3.421e+00 6.435e-01
3.423e+00 6.435e-01
3.425e+00 6.517e-01
3.427e+00 6.598e-01
3.429e+00 6.676e-01
3.432e+00 6.789e-01
3.434e+00 6.862e-01
3.436e+00 6.968e-01
3.439e+00 7.036e-01
3.441e+00 7.070e-01
3.443e+00 7.136e-01
3.446e+00 7.168e-01
3.448e+00 7.200e-01
3.450e+00 7.231e-01
3.452e+00 7.262e-01
3.455e+00 7.293e-01
3.457e+00 7.323e-01
3.459e+00 7.353e-01
3.462e+00 7.382e-01
3.464e+00 7.412e-01
3.466e+00 7.440e-01
3.469e+00 7.440e-01
3.471e+00 7.440e-01
3.473e+00 7.440e-01
3.476e+00 7.412e-01
3.478e+00 7.412e-01
3.480e+00 7.382e-01
3.482e+00 7.382e-01
3.485e+00 7.382e-01
3.487e+00 7.353e-01
3.490e+00 7.353e-01
3.492e+00 7.323e-01
3.494e+00 7.262e-01
3.497e+00 7.200e-01
3.499e+00 7.103e-01
3.501e+00 7.070e-01
3.504e+00 7.036e-01
3.506e+00 7.036e-01
3.508e+00 7.103e-01
3.511e+00 7.200e-01
3.513e+00 7.323e-01
3.516e+00 7.469e-01
3.518e+00 7.579e-01
3.520e+00 7.658e-01
3.523e+00 7.734e-01
3.525e+00 7.784e-01
3.527e+00 7.808e-01
3.530e+00 7.855e-01
3.532e+00 7.879e-01
3.535e+00 7.902e-01
3.537e+00 7.925e-01
3.539e+00 7.925e-01
3.542e+00 7.947e-01
3.544e+00 7.969e-01
3.547e+00 7.969e-01
3.549e+00 7.991e-01
3.552e+00 7.991e-01
3.554e+00 8.013e-01
3.557e+00 8.013e-01
3.559e+00 8.013e-01
3.561e+00 8.035e-01
3.564e+00 8.035e-01
3.566e+00 8.035e-01
3.569e+00 8.056e-01
3.571e+00 8.056e-01
3.574e+00 8.056e-01
3.576e+00 8.056e-01
3.579e+00 8.077e-01
3.581e+00 8.077e-01
3.584e+00 8.077e-01
3.586e+00 8.077e-01
3.589e+00 8.098e-01
3.591e+00 8.098e-01
3.594e+00 8.098e-01
3.596e+00 8.098e-01
3.599e+00 8.098e-01
3.601e+00 8.118e-01
3.603e+00 8.118e-01
3.606e+00 8.118e-01
3.609e+00 8.118e-01
3.611e+00 8.118e-01
3.614e+00 8.118e-01
3.616e+00 8.118e-01
3.619e+00 8.118e-01
3.621e+00 8.118e-01
3.624e+00 8.138e-01
3.626e+00 8.138e-01
3.629e+00 8.138e-01
3.631e+00 8.138e-01
3.634e+00 8.138e-01
3.636e+00 8.138e-01
3.639e+00 8.138e-01
3.641e+00 8.138e-01
3.644e+00 8.138e-01
3.647e+00 8.138e-01
3.649e+00 8.138e-01
3.652e+00 8.138e-01
3.654e+00 8.138e-01
3.657e+00 8.138e-01
3.659e+00 8.138e-01
3.662e+00 8.138e-01
3.665e+00 8.138e-01
3.667e+00 8.138e-01
3.670e+00 8.138e-01
3.672e+00 8.159e-01
3.675e+00 8.159e-01
3.678e+00 8.159e-01
3.680e+00 8.159e-01
3.683e+00 8.159e-01
3.685e+00 8.159e-01
3.688e+00 8.159e-01
3.691e+00 8.159e-01
3.693e+00 8.178e-01
3.696e+00 8.178e-01
3.699e+00 8.178e-01
3.701e+00 8.178e-01
3.704e+00 8.178e-01
3.707e+00 8.178e-01
3.709e+00 8.178e-01
3.712e+00 8.178e-01
3.715e+00 8.178e-01
3.717e+00 8.178e-01
3.720e+00 8.178e-01
3.723e+00 8.178e-01
3.725e+00 8.178e-01
3.728e+00 8.178e-01
3.731e+00 8.178e-01
3.733e+00 8.178e-01
3.736e+00 8.178e-01
3.739e+00 8.178e-01
3.741e+00 8.198e-01
3.744e+00 8.198e-01
3.747e+00 8.198e-01
3.749e+00 8.198e-01
3.752e+00 8.198e-01
3.755e+00 8.198e-01
3.758e+00 8.198e-01
3.760e+00 8.198e-01
3.763e+00 8.198e-01
3.766e+00 8.198e-01
3.768e+00 8.198e-01
3.771e+00 8.198e-01
3.774e+00 8.217e-01
3.777e+00 8.217e-01
3.780e+00 8.217e-01
3.782e+00 8.217e-01
3.785e+00 8.217e-01
3.788e+00 8.217e-01
3.791e+00 8.217e-01
3.793e+00 8.217e-01
3.796e+00 8.217e-01
3.799e+00 8.217e-01
3.802e+00 8.217e-01
3.804e+00 8.217e-01
3.807e+00 8.217e-01
3.810e+00 8.217e-01
3.813e+00 8.217e-01
3.816e+00 8.217e-01
3.818e+00 8.217e-01
3.821e+00 8.217e-01
3.824e+00 8.217e-01
3.827e+00 8.217e-01
3.830e+00 8.236e-01
3.833e+00 8.236e-01
3.835e+00 8.236e-01
3.838e+00 8.236e-01
3.841e+00 8.236e-01
3.844e+00 8.236e-01
3.847e+00 8.236e-01
3.850e+00 8.236e-01
3.853e+00 8.236e-01
3.855e+00 8.236e-01
3.858e+00 8.236e-01
3.861e+00 8.236e-01
3.864e+00 8.236e-01
3.867e+00 8.236e-01
3.870e+00 8.236e-01
3.873e+00 8.236e-01
3.876e+00 8.236e-01
3.878e+00 8.236e-01
3.881e+00 8.236e-01
3.884e+00 8.236e-01
3.887e+00 8.255e-01
3.890e+00 8.255e-01
3.893e+00 8.255e-01
3.896e+00 8.255e-01
3.899e+00 8.255e-01
3.902e+00 8.255e-01
3.905e+00 8.255e-01
3.908e+00 8.255e-01
3.911e+00 8.255e-01
3.913e+00 8.255e-01
3.917e+00 8.255e-01
3.919e+00 8.255e-01
3.922e+00 8.255e-01
3.925e+00 8.255e-01
3.928e+00 8.255e-01
3.931e+00 8.255e-01
3.934e+00 8.255e-01
3.937e+00 8.255e-01
3.940e+00 8.255e-01
3.943e+00 8.255e-01
3.946e+00 8.255e-01
3.949e+00 8.255e-01
3.952e+00 8.255e-01
3.955e+00 8.255e-01
3.958e+00 8.255e-01
3.961e+00 8.255e-01
3.964e+00 8.255e-01
3.967e+00 8.255e-01
3.970e+00 8.255e-01
3.974e+00 8.255e-01
3.977e+00 8.255e-01
3.980e+00 8.255e-01
3.983e+00 8.255e-01
3.986e+00 8.255e-01
3.989e+00 8.255e-01
3.992e+00 8.255e-01
3.995e+00 8.255e-01
3.998e+00 8.255e-01
4.001e+00 8.255e-01
4.004e+00 8.255e-01
4.007e+00 8.255e-01
4.010e+00 8.255e-01
4.014e+00 8.255e-01
4.017e+00 8.255e-01
4.020e+00 8.255e-01
4.023e+00 8.255e-01
4.026e+00 8.274e-01
4.029e+00 8.274e-01
4.032e+00 8.274e-01
4.035e+00 8.274e-01
4.038e+00 8.274e-01
4.042e+00 8.274e-01
4.045e+00 8.274e-01
4.048e+00 8.274e-01
4.051e+00 8.274e-01
4.054e+00 8.274e-01
4.057e+00 8.274e-01
4.061e+00 8.274e-01
4.064e+00 8.274e-01
4.067e+00 8.274e-01
4.070e+00 8.255e-01
4.073e+00 8.255e-01
4.077e+00 8.255e-01
4.080e+00 8.255e-01
4.083e+00 8.255e-01
4.086e+00 8.255e-01
4.089e+00 8.255e-01
4.093e+00 8.255e-01
4.096e+00 8.255e-01
4.099e+00 8.255e-01
4.102e+00 8.255e-01
4.106e+00 8.255e-01
4.109e+00 8.255e-01
4.112e+00 8.255e-01
4.115e+00 8.255e-01
4.119e+00 8.255e-01
4.122e+00 8.255e-01
4.125e+00 8.255e-01
4.128e+00 8.255e-01
4.132e+00 8.255e-01
4.135e+00 8.255e-01
4.138e+00 8.255e-01
4.142e+00 8.255e-01
4.145e+00 8.255e-01
4.148e+00 8.255e-01
4.152e+00 8.255e-01
4.155e+00 8.255e-01
4.158e+00 8.236e-01
4.162e+00 8.236e-01
4.165e+00 8.236e-01
4.168e+00 8.236e-01
4.172e+00 8.236e-01
4.175e+00 8.236e-01
4.178e+00 8.236e-01
4.182e+00 8.236e-01
4.185e+00 8.236e-01
4.189e+00 8.236e-01
4.192e+00 8.217e-01
4.195e+00 8.217e-01
4.199e+00 8.217e-01
4.202e+00 8.217e-01
4.205e+00 8.217e-01
4.209e+00 8.217e-01
4.212e+00 8.198e-01
4.216e+00 8.198e-01
4.219e+00 8.198e-01
4.223e+00 8.198e-01
4.226e+00 8.198e-01
4.229e+00 8.178e-01
4.233e+00 8.178e-01
4.237e+00 8.178e-01
4.240e+00 8.178e-01
4.243e+00 8.178e-01
4.247e+00 8.178e-01
4.250e+00 8.159e-01
4.254e+00 8.159e-01
4.257e+00 8.159e-01
4.261e+00 8.159e-01
4.264e+00 8.159e-01
4.268e+00 8.138e-01
4.271e+00 8.138e-01
4.275e+00 8.138e-01
4.278e+00 8.138e-01
4.282e+00 8.138e-01
4.285e+00 8.118e-01
4.289e+00 8.118e-01
4.293e+00 8.118e-01
4.296e+00 8.118e-01
4.300e+00 8.118e-01
4.303e+00 8.098e-01
4.307e+00 8.098e-01
4.310e+00 8.098e-01
4.314e+00 8.098e-01
4.318e+00 8.077e-01
4.321e+00 8.077e-01
4.325e+00 8.077e-01
4.328e+00 8.077e-01
4.332e+00 8.056e-01
4.336e+00 8.056e-01
4.339e+00 8.056e-01
4.343e+00 8.056e-01
4.346e+00 8.035e-01
4.350e+00 8.035e-01
4.354e+00 8.035e-01
4.357e+00 8.013e-01
4.361e+00 8.013e-01
4.365e+00 8.013e-01
4.369e+00 7.991e-01
4.372e+00 7.991e-01
4.376e+00 7.991e-01
4.380e+00 7.969e-01
4.383e+00 7.969e-01
4.387e+00 7.969e-01
4.391e+00 7.947e-01
4.394e+00 7.947e-01
4.398e+00 7.947e-01
4.402e+00 7.947e-01
4.406e+00 7.925e-01
4.409e+00 7.925e-01
4.413e+00 7.902e-01
4.417e+00 7.902e-01
4.421e+00 7.902e-01
4.424e+00 7.879e-01
4.428e+00 7.879e-01
4.432e+00 7.879e-01
4.436e+00 7.855e-01
4.440e+00 7.855e-01
4.443e+00 7.855e-01
4.447e+00 7.832e-01
4.451e+00 7.832e-01
4.455e+00 7.832e-01
4.459e+00 7.808e-01
4.463e+00 7.808e-01
4.466e+00 7.808e-01
4.470e+00 7.784e-01
4.474e+00 7.784e-01
4.478e+00 7.759e-01
4.482e+00 7.759e-01
4.486e+00 7.759e-01
4.490e+00 7.734e-01
4.493e+00 7.734e-01
4.497e+00 7.734e-01
4.501e+00 7.709e-01
4.505e+00 7.709e-01
4.509e+00 7.684e-01
4.513e+00 7.684e-01
4.517e+00 7.684e-01
4.521e+00 7.658e-01
4.525e+00 7.658e-01
4.529e+00 7.632e-01
4.533e+00 7.632e-01
4.537e+00 7.632e-01
4.541e+00 7.606e-01
4.545e+00 7.606e-01
4.549e+00 7.579e-01
4.553e+00 7.579e-01
4.557e+00 7.552e-01
4.561e+00 7.552e-01
4.565e+00 7.525e-01
4.569e+00 7.525e-01
4.573e+00 7.497e-01
4.577e+00 7.497e-01
4.581e+00 7.469e-01
4.585e+00 7.469e-01
4.589e+00 7.440e-01
4.593e+00 7.440e-01
4.597e+00 7.440e-01
4.601e+00 7.412e-01
4.605e+00 7.412e-01
4.609e+00 7.382e-01
4.613e+00 7.382e-01
4.617e+00 7.353e-01
4.622e+00 7.353e-01
4.626e+00 7.323e-01
4.630e+00 7.323e-01
4.634e+00 7.293e-01
4.638e+00 7.293e-01
4.642e+00 7.262e-01
4.646e+00 7.262e-01
4.651e+00 7.231e-01
4.655e+00 7.231e-01
4.659e+00 7.200e-01
4.663e+00 7.200e-01
4.667e+00 7.168e-01
4.671e+00 7.168e-01
4.676e+00 7.136e-01
4.680e+00 7.136e-01
4.684e+00 7.103e-01
4.688e+00 7.103e-01
4.693e+00 7.070e-01
4.697e+00 7.070e-01
4.701e+00 7.036e-01
4.705e+00 7.036e-01
4.710e+00 7.002e-01
4.714e+00 7.002e-01
4.718e+00 6.968e-01
4.723e+00 6.968e-01
4.727e+00 6.933e-01
4.731e+00 6.933e-01
4.736e+00 6.898e-01
4.740e+00 6.898e-01
4.744e+00 6.862e-01
4.748e+00 6.862e-01
4.753e+00 6.826e-01
4.757e+00 6.826e-01
4.762e+00 6.789e-01
4.766e+00 6.789e-01
4.770e+00 6.752e-01
4.775e+00 6.752e-01
4.779e+00 6.714e-01
4.784e+00 6.714e-01
4.788e+00 6.714e-01
4.792e+00 6.676e-01
4.797e+00 6.676e-01
4.801e+00 6.637e-01
4.806e+00 6.637e-01
4.810e+00 6.598e-01
4.815e+00 6.598e-01
4.819e+00 6.558e-01
4.824e+00 6.558e-01
4.828e+00 6.517e-01
4.833e+00 6.517e-01
4.837e+00 6.476e-01
4.842e+00 6.476e-01
4.846e+00 6.435e-01
4.851e+00 6.435e-01
4.855e+00 6.393e-01
4.860e+00 6.393e-01
4.864e+00 6.350e-01
4.869e+00 6.350e-01
4.873e+00 6.307e-01
4.878e+00 6.307e-01
4.883e+00 6.263e-01
4.887e+00 6.263e-01
4.892e+00 6.219e-01
4.897e+00 6.219e-01
4.901e+00 6.174e-01
4.906e+00 6.174e-01
4.910e+00 6.128e-01
4.915e+00 6.128e-01
4.920e+00 6.082e-01
4.924e+00 6.082e-01
4.929e+00 6.035e-01
4.934e+00 6.035e-01
4.939e+00 5.987e-01
4.943e+00 5.939e-01
4.948e+00 5.939e-01
4.953e+00 5.890e-01
4.957e+00 5.890e-01
4.962e+00 5.840e-01
4.967e+00 5.840e-01
4.972e+00 5.789e-01
4.976e+00 5.789e-01
4.981e+00 5.738e-01
4.986e+00 5.686e-01
4.991e+00 5.686e-01
4.996e+00 5.633e-01
5.000e+00 5.633e-01
5.005e+00 5.580e-01
5.010e+00 5.526e-01
5.015e+00 5.526e-01
5.020e+00 5.471e-01
5.025e+00 5.471e-01
5.030e+00 5.415e-01
5.034e+00 5.415e-01
5.039e+00 5.358e-01
5.044e+00 5.301e-01
5.049e+00 5.301e-01
5.054e+00 5.242e-01
5.059e+00 5.242e-01
5.064e+00 5.183e-01
5.069e+00 5.183e-01
5.074e+00 5.183e-01
5.079e+00 5.123e-01
5.084e+00 5.123e-01
5.089e+00 5.061e-01
5.094e+00 5.061e-01
5.099e+00 4.999e-01
5.104e+00 4.999e-01
5.109e+00 4.936e-01
5.114e+00 4.936e-01
5.119e+00 4.936e-01
5.124e+00 4.872e-01
5.129e+00 4.872e-01
5.134e+00 4.808e-01
5.139e+00 4.808e-01
5.144e+00 4.808e-01
5.149e+00 4.742e-01
5.155e+00 4.742e-01
5.160e+00 4.675e-01
5.165e+00 4.675e-01
5.170e+00 4.675e-01
5.175e+00 4.607e-01
5.180e+00 4.607e-01
5.185e+00 4.607e-01
5.191e+00 4.537e-01
5.196e+00 4.537e-01
5.201e+00 4.537e-01
5.206e+00 4.467e-01
5.212e+00 4.467e-01
5.217e+00 4.467e-01
5.222e+00 4.396e-01
5.227e+00 4.396e-01
5.232e+00 4.396e-01
5.238e+00 4.324e-01
5.243e+00 4.324e-01
5.248e+00 4.324e-01
5.254e+00 4.250e-01
5.259e+00 4.250e-01
5.264e+00 4.250e-01
5.270e+00 4.175e-01
5.275e+00 4.175e-01
5.280e+00 4.175e-01
5.286e+00 4.175e-01
5.291e+00 4.175e-01
5.297e+00 4.099e-01
5.302e+00 4.099e-01
5.308e+00 4.099e-01
5.313e+00 4.099e-01
5.318e+00 4.099e-01
5.324e+00 4.099e-01
5.329e+00 4.022e-01
5.335e+00 4.022e-01
5.340e+00 4.022e-01
5.346e+00 4.022e-01
5.351e+00 4.022e-01
5.357e+00 4.022e-01
5.362e+00 4.022e-01
5.368e+00 4.022e-01
5.373e+00 4.022e-01
5.379e+00 4.022e-01
5.385e+00 4.022e-01
5.390e+00 4.022e-01
5.396e+00 3.944e-01
5.402e+00 3.944e-01
5.407e+00 3.944e-01
5.413e+00 3.944e-01
5.418e+00 3.944e-01
5.424e+00 3.944e-01
5.430e+00 3.944e-01
5.435e+00 3.944e-01
5.441e+00 3.944e-01
5.447e+00 3.944e-01
5.453e+00 3.944e-01
5.458e+00 3.944e-01
5.464e+00 3.944e-01
5.470e+00 3.944e-01
5.476e+00 3.944e-01
5.481e+00 3.864e-01
5.487e+00 3.864e-01
5.493e+00 3.864e-01
5.499e+00 3.864e-01
5.505e+00 3.864e-01
5.511e+00 3.864e-01
5.516e+00 3.864e-01
5.522e+00 3.783e-01
5.528e+00 3.783e-01
5.534e+00 3.783e-01
5.540e+00 3.783e-01
5.546e+00 3.783e-01
5.552e+00 3.783e-01
5.558e+00 3.700e-01
5.564e+00 3.700e-01
5.570e+00 3.700e-01
5.576e+00 3.700e-01
5.582e+00 3.617e-01
5.588e+00 3.617e-01
5.594e+00 3.617e-01
5.600e+00 3.617e-01
5.606e+00 3.532e-01
5.612e+00 3.532e-01
5.618e+00 3.532e-01
5.624e+00 3.532e-01
5.630e+00 3.445e-01
5.636e+00 3.445e-01
5.642e+00 3.445e-01
5.649e+00 3.445e-01
5.655e+00 3.357e-01
5.661e+00 3.357e-01
5.667e+00 3.357e-01
5.673e+00 3.357e-01
5.679e+00 3.268e-01
5.686e+00 3.268e-01
5.692e+00 3.177e-01
5.698e+00 3.177e-01
5.705e+00 3.084e-01
5.711e+00 3.084e-01
5.717e+00 2.990e-01
5.723e+00 2.990e-01
5.730e+00 2.894e-01
5.736e+00 2.894e-01
5.742e+00 2.894e-01
5.749e+00 2.894e-01
5.755e+00 2.797e-01
5.761e+00 2.797e-01
5.768e+00 2.797e-01
5.774e+00 2.797e-01
5.781e+00 2.797e-01
5.787e+00 2.797e-01
5.794e+00 2.797e-01
5.800e+00 2.797e-01
5.807e+00 2.797e-01
5.813e+00 2.797e-01
5.820e+00 2.797e-01
5.826e+00 2.797e-01
5.833e+00 2.797e-01
5.839e+00 2.797e-01
5.846e+00 2.797e-01
5.853e+00 2.797e-01
5.859e+00 2.797e-01
5.866e+00 2.698e-01
5.873e+00 2.698e-01
5.879e+00 2.698e-01
5.886e+00 2.698e-01
5.893e+00 2.698e-01
5.899e+00 2.698e-01
5.906e+00 2.698e-01
5.913e+00 2.698e-01
5.919e+00 2.597e-01
5.926e+00 2.597e-01
5.933e+00 2.597e-01
5.940e+00 2.597e-01
5.947e+00 2.597e-01
5.953e+00 2.597e-01
5.960e+00 2.597e-01
5.967e+00 2.494e-01
5.974e+00 2.494e-01
5.981e+00 2.494e-01
5.988e+00 2.494e-01
5.995e+00 2.494e-01
6.002e+00 2.494e-01
6.009e+00 2.494e-01
6.016e+00 2.494e-01
6.022e+00 2.494e-01
6.030e+00 2.494e-01
6.037e+00 2.494e-01
6.044e+00 2.494e-01
6.051e+00 2.494e-01
6.058e+00 2.494e-01
6.065e+00 2.494e-01
6.072e+00 2.390e-01
6.079e+00 2.390e-01
6.086e+00 2.390e-01
6.093e+00 2.390e-01
6.101e+00 2.390e-01
6.108e+00 2.390e-01
6.115e+00 2.390e-01
6.122e+00 2.390e-01
6.129e+00 2.390e-01
6.136e+00 2.390e-01
6.144e+00 2.390e-01
6.151e+00 2.390e-01
6.158e+00 2.390e-01
6.166e+00 2.390e-01
6.173e+00 2.390e-01
6.180e+00 2.390e-01
6.188e+00 2.390e-01
6.195e+00 2.284e-01
6.203e+00 2.284e-01
6.210e+00 2.284e-01
6.218e+00 2.284e-01
6.225e+00 2.284e-01
6.232e+00 2.284e-01
6.240e+00 2.284e-01
6.248e+00 2.284e-01
6.255e+00 2.284e-01
6.263e+00 2.284e-01
6.270e+00 2.284e-01
6.278e+00 2.284e-01
6.285e+00 2.284e-01
6.293e+00 2.284e-01
6.301e+00 2.284e-01
6.308e+00 2.284e-01
6.316e+00 2.284e-01
6.324e+00 2.284e-01
6.331e+00 2.284e-01
6.339e+00 2.284e-01
6.347e+00 2.284e-01
6.355e+00 2.284e-01
6.362e+00 2.284e-01
6.370e+00 2.284e-01
6.378e+00 2.284e-01
6.386e+00 2.284e-01
6.394e+00 2.284e-01
6.402e+00 2.284e-01
6.410e+00 2.284e-01
6.418e+00 2.284e-01
6.426e+00 2.284e-01
6.434e+00 2.284e-01
6.442e+00 2.284e-01
6.450e+00 2.284e-01
6.458e+00 2.284e-01
6.466e+00 2.284e-01
6.474e+00 2.284e-01
6.482e+00 2.284e-01
6.490e+00 2.284e-01
6.498e+00 2.284e-01
6.506e+00 2.284e-01
6.514e+00 2.284e-01
6.522e+00 2.284e-01
6.531e+00 2.284e-01
6.539e+00 2.284e-01
6.547e+00 2.284e-01
6.556e+00 2.284e-01
6.564e+00 2.284e-01
6.572e+00 2.284e-01
6.580e+00 2.284e-01
6.589e+00 2.284e-01
6.597e+00 2.284e-01
6.606e+00 2.284e-01
6.614e+00 2.284e-01
6.623e+00 2.284e-01
6.631e+00 2.284e-01
6.639e+00 2.284e-01
6.648e+00 2.284e-01
6.657e+00 2.284e-01
6.665e+00 2.284e-01
6.674e+00 2.284e-01
6.682e+00 2.284e-01
6.691e+00 2.284e-01
6.700e+00 2.284e-01
6.708e+00 2.284e-01
6.717e+00 2.284e-01
6.726e+00 2.284e-01
6.734e+00 2.284e-01
6.743e+00 2.284e-01
6.752e+00 2.175e-01
6.761e+00 2.175e-01
6.769e+00 2.175e-01
6.778e+00 2.175e-01
6.787e+00 2.175e-01
6.796e+00 2.065e-01
6.805e+00 2.065e-01
6.814e+00 1.953e-01
6.823e+00 1.953e-01
6.832e+00 1.953e-01
6.841e+00 1.953e-01
6.850e+00 1.953e-01
6.859e+00 1.953e-01
6.868e+00 1.953e-01
6.877e+00 1.953e-01
6.886e+00 1.953e-01
6.896e+00 1.953e-01
6.905e+00 1.953e-01
6.914e+00 1.953e-01
6.923e+00 1.953e-01
6.932e+00 1.953e-01
6.942e+00 1.953e-01
6.951e+00 1.953e-01
6.960e+00 1.953e-01
6.970e+00 1.953e-01
6.979e+00 1.953e-01
6.988e+00 1.953e-01
6.998e+00 1.953e-01
7.007e+00 1.839e-01
7.017e+00 1.839e-01
7.026e+00 1.839e-01
7.036e+00 1.839e-01
7.045e+00 1.839e-01
7.055e+00 1.839e-01
7.064e+00 1.839e-01
7.074e+00 1.839e-01
7.084e+00 1.839e-01
7.094e+00 1.839e-01
7.103e+00 1.723e-01
7.113e+00 1.723e-01
7.123e+00 1.723e-01
7.133e+00 1.723e-01
7.142e+00 1.723e-01
7.152e+00 1.723e-01
7.162e+00 1.723e-01
7.172e+00 1.723e-01
7.182e+00 1.723e-01
7.192e+00 1.605e-01
7.202e+00 1.605e-01
7.212e+00 1.605e-01
7.222e+00 1.605e-01
7.232e+00 1.605e-01
7.242e+00 1.484e-01
7.252e+00 1.484e-01
7.262e+00 1.484e-01
7.273e+00 1.484e-01
7.283e+00 1.484e-01
7.293e+00 1.484e-01
7.303e+00 1.484e-01
7.314e+00 1.484e-01
7.324e+00 1.484e-01
7.334e+00 1.484e-01
7.345e+00 1.484e-01
7.355e+00 1.362e-01
7.366e+00 1.362e-01
7.376e+00 1.362e-01
7.387e+00 1.362e-01
7.397e+00 1.362e-01
7.408e+00 1.362e-01
7.418e+00 1.362e-01
7.429e+00 1.362e-01
7.440e+00 1.237e-01
7.450e+00 1.237e-01
7.461e+00 1.237e-01
7.472e+00 1.237e-01
7.482e+00 1.237e-01
7.493e+00 1.237e-01
7.504e+00 1.237e-01
7.515e+00 1.109e-01
7.526e+00 1.109e-01
7.537e+00 1.109e-01
7.548e+00 1.109e-01
7.559e+00 1.109e-01
7.570e+00 1.109e-01
7.581e+00 1.109e-01
7.592e+00 9.798e-02
7.603e+00 9.798e-02
7.614e+00 9.798e-02
7.625e+00 9.798e-02
7.637e+00 9.798e-02
7.648e+00 9.798e-02
7.659e+00 9.798e-02
7.671e+00 9.798e-02
7.682e+00 9.798e-02
7.693e+00 8.476e-02
7.705e+00 8.476e-02
7.716e+00 8.476e-02
7.728e+00 8.476e-02
7.739e+00 8.476e-02
7.751e+00 8.476e-02
7.763e+00 8.476e-02
7.774e+00 7.130e-02
7.786e+00 7.130e-02
7.798e+00 7.130e-02
7.809e+00 7.130e-02
7.821e+00 7.130e-02
7.833e+00 7.130e-02
7.845e+00 7.130e-02
7.857e+00 7.130e-02
7.869e+00 7.130e-02
7.881e+00 7.130e-02
7.893e+00 7.130e-02
7.905e+00 7.130e-02
7.917e+00 7.130e-02
7.929e+00 7.130e-02
7.941e+00 7.130e-02
7.953e+00 7.130e-02
7.965e+00 7.130e-02
7.978e+00 7.130e-02
7.990e+00 7.130e-02
8.002e+00 7.130e-02
8.014e+00 7.130e-02
8.027e+00 7.130e-02
8.039e+00 7.130e-02
8.052e+00 7.130e-02
8.064e+00 7.130e-02
8.077e+00 7.130e-02
8.090e+00 7.130e-02
8.102e+00 7.130e-02
8.115e+00 7.130e-02
8.127e+00 8.476e-02
8.140e+00 8.476e-02
8.153e+00 8.476e-02
8.166e+00 8.476e-02
8.179e+00 9.798e-02
8.192e+00 9.798e-02
8.205e+00 9.798e-02
8.218e+00 1.109e-01
8.231e+00 1.109e-01
8.244e+00 1.109e-01
8.257e+00 1.237e-01
8.270e+00 1.237e-01
8.283e+00 1.237e-01
8.297e+00 1.362e-01
8.310e+00 1.362e-01
8.323e+00 1.362e-01
8.337e+00 1.484e-01
8.350e+00 1.484e-01
8.364e+00 1.484e-01
8.377e+00 1.484e-01
8.390e+00 1.605e-01
8.404e+00 1.605e-01
8.418e+00 1.605e-01
8.431e+00 1.605e-01
8.445e+00 1.723e-01
8.459e+00 1.723e-01
8.473e+00 1.723e-01
8.487e+00 1.723e-01
8.501e+00 1.839e-01
8.514e+00 1.839e-01
8.528e+00 1.839e-01
8.543e+00 1.839e-01
8.557e+00 1.839e-01
8.571e+00 1.953e-01
8.585e+00 1.953e-01
8.599e+00 1.953e-01
8.614e+00 2.065e-01
8.628e+00 2.065e-01
8.642e+00 2.065e-01
8.657e+00 2.175e-01
8.671e+00 2.175e-01
8.686e+00 2.175e-01
8.700e+00 2.284e-01
8.715e+00 2.284e-01
8.729e+00 2.284e-01
8.744e+00 2.390e-01
8.759e+00 2.390e-01
8.774e+00 2.390e-01
8.789e+00 2.494e-01
8.804e+00 2.494e-01
8.819e+00 2.597e-01
8.834e+00 2.597e-01
8.849e+00 2.698e-01
8.864e+00 2.698e-01
8.879e+00 2.797e-01
8.894e+00 2.797e-01
8.909e+00 2.894e-01
8.925e+00 2.894e-01
8.940e+00 2.990e-01
8.956e+00 3.084e-01
8.971e+00 3.084e-01
8.987e+00 3.084e-01
9.002e+00 3.177e-01
9.018e+00 3.177e-01
9.034e+00 3.268e-01
9.050e+00 3.268e-01
9.065e+00 3.268e-01
9.081e+00 3.357e-01
9.097e+00 3.357e-01
9.113e+00 3.357e-01
9.129e+00 3.357e-01
9.145e+00 3.357e-01
9.161e+00 3.445e-01
9.178e+00 3.445e-01
9.194e+00 3.445e-01
9.210e+00 3.445e-01
9.227e+00 3.445e-01
9.243e+00 3.445e-01
9.260e+00 3.445e-01
9.276e+00 3.445e-01
9.293e+00 3.445e-01
9.309e+00 3.445e-01
9.326e+00 3.445e-01
9.343e+00 3.445e-01
9.360e+00 3.445e-01
9.377e+00 3.445e-01
9.394e+00 3.445e-01
9.411e+00 3.445e-01
9.428e+00 3.445e-01
9.445e+00 3.445e-01
9.462e+00 3.445e-01
9.480e+00 3.445e-01
9.497e+00 3.445e-01
9.514e+00 3.532e-01
9.532e+00 3.532e-01
9.549e+00 3.532e-01
9.567e+00 3.532e-01
9.585e+00 3.532e-01
9.603e+00 3.532e-01
9.620e+00 3.532e-01
9.638e+00 3.532e-01
9.656e+00 3.532e-01
9.674e+00 3.532e-01
9.692e+00 3.532e-01
9.710e+00 3.532e-01
9.729e+00 3.532e-01
9.747e+00 3.532e-01
9.765e+00 3.617e-01
9.784e+00 3.617e-01
9.802e+00 3.532e-01
9.821e+00 3.532e-01
9.839e+00 3.617e-01
9.858e+00 3.617e-01
9.877e+00 3.617e-01
9.896e+00 3.532e-01
9.915e+00 3.532e-01
9.934e+00 3.532e-01
9.953e+00 3.532e-01
9.972e+00 3.532e-01
9.991e+00 3.532e-01
1.001e+01 3.532e-01
1.003e+01 3.532e-01
1.005e+01 3.532e-01
1.007e+01 3.445e-01
1.009e+01 3.445e-01
1.011e+01 3.445e-01
1.013e+01 3.445e-01
1.015e+01 3.445e-01
1.017e+01 3.445e-01
1.019e+01 3.445e-01
1.021e+01 3.357e-01
1.023e+01 3.357e-01
1.025e+01 3.357e-01
1.027e+01 3.357e-01
1.029e+01 3.357e-01
1.031e+01 3.357e-01
1.033e+01 3.357e-01
1.035e+01 3.357e-01
1.037e+01 3.357e-01
1.039e+01 3.357e-01
1.041e+01 3.357e-01
1.043e+01 3.357e-01
1.045e+01 3.357e-01
1.048e+01 3.357e-01
1.050e+01 3.268e-01
1.052e+01 3.268e-01
1.054e+01 3.268e-01
1.056e+01 3.268e-01
1.058e+01 3.268e-01
1.060e+01 3.268e-01
1.063e+01 3.268e-01
1.065e+01 3.268e-01
1.067e+01 3.268e-01
1.069e+01 3.177e-01
1.071e+01 3.177e-01
1.074e+01 3.177e-01
1.076e+01 3.177e-01
1.078e+01 3.177e-01
1.080e+01 3.084e-01
1.083e+01 3.084e-01
1.085e+01 3.084e-01
1.087e+01 2.990e-01
1.089e+01 2.990e-01
1.092e+01 2.990e-01
1.094e+01 2.990e-01
1.096e+01 2.894e-01
1.099e+01 2.894e-01
1.101e+01 2.894e-01
1.103e+01 2.894e-01
1.106e+01 2.894e-01
1.108e+01 2.894e-01
1.110e+01 2.894e-01
1.113e+01 2.894e-01
1.115e+01 2.894e-01
1.118e+01 2.894e-01
1.120e+01 2.894e-01
1.122e+01 2.797e-01
1.125e+01 2.797e-01
1.127e+01 2.797e-01
1.130e+01 2.797e-01
1.132e+01 2.797e-01
1.135e+01 2.698e-01
1.137e+01 2.698e-01
1.140e+01 2.698e-01
1.142e+01 2.597e-01
1.145e+01 2.597e-01
1.147e+01 2.597e-01
1.150e+01 2.494e-01
1.152e+01 2.494e-01
1.155e+01 2.494e-01
1.157e+01 2.390e-01
1.160e+01 2.390e-01
1.163e+01 2.284e-01
1.165e+01 2.284e-01
1.168e+01 2.284e-01
1.171e+01 2.284e-01
1.173e+01 2.175e-01
1.176e+01 2.175e-01
1.178e+01 2.175e-01
1.181e+01 2.065e-01
1.184e+01 2.065e-01
1.187e+01 2.065e-01
1.189e+01 1.953e-01
1.192e+01 1.953e-01
1.195e+01 1.953e-01
1.198e+01 1.953e-01
1.200e+01 1.953e-01
1.203e+01 1.839e-01
1.206e+01 1.839e-01
1.209e+01 1.839e-01
1.212e+01 1.839e-01
1.214e+01 1.839e-01
1.217e+01 1.839e-01
1.220e+01 1.839e-01
1.223e+01 1.839e-01
1.226e+01 1.723e-01
1.229e+01 1.723e-01
1.232e+01 1.723e-01
1.235e+01 1.723e-01
1.238e+01 1.723e-01
1.241e+01 1.723e-01
1.243e+01 1.723e-01
1.246e+01 1.723e-01
1.249e+01 1.723e-01
1.253e+01 1.723e-01
1.256e+01 1.723e-01
1.259e+01 1.723e-01
1.262e+01 1.723e-01
1.265e+01 1.723e-01
1.268e+01 1.723e-01
1.271e+01 1.723e-01
1.274e+01 1.723e-01
1.277e+01 1.723e-01
1.280e+01 1.723e-01
1.284e+01 1.723e-01
1.287e+01 1.723e-01
1.290e+01 1.723e-01
1.293e+01 1.723e-01
1.296e+01 1.723e-01
1.300e+01 1.723e-01
1.303e+01 1.723e-01
1.306e+01 1.723e-01
1.309e+01 1.723e-01
1.313e+01 1.723e-01
1.316e+01 1.723e-01
1.319e+01 1.723e-01
1.323e+01 1.723e-01
1.326e+01 1.723e-01
1.330e+01 1.723e-01
1.333e+01 1.723e-01
1.336e+01 1.723e-01
1.340e+01 1.723e-01
1.343e+01 1.723e-01
1.347e+01 1.723e-01
1.350e+01 1.723e-01
1.354e+01 1.723e-01
1.357e+01 1.723e-01
1.361e+01 1.723e-01
1.365e+01 1.723e-01
1.368e+01 1.723e-01
1.372e+01 1.723e-01
1.375e+01 1.723e-01
1.379e+01 1.723e-01
1.383e+01 1.723e-01
1.386e+01 1.723e-01
1.390e+01 1.723e-01
1.394e+01 1.723e-01
1.398e+01 1.723e-01
1.401e+01 1.723e-01
1.405e+01 1.723e-01
1.409e+01 1.723e-01
1.413e+01 1.723e-01
1.417e+01 1.723e-01
1.421e+01 1.723e-01
1.425e+01 1.723e-01
1.428e+01 1.723e-01
1.432e+01 1.723e-01
1.436e+01 1.723e-01
1.440e+01 1.723e-01
1.444e+01 1.723e-01
1.448e+01 1.723e-01
1.452e+01 1.723e-01
1.457e+01 1.723e-01
1.461e+01 1.723e-01
1.465e+01 1.723e-01
1.469e+01 1.723e-01
1.473e+01 1.723e-01
1.477e+01 1.723e-01
1.482e+01 1.723e-01
1.486e+01 1.723e-01
1.490e+01 1.723e-01
1.494e+01 1.723e-01
1.499e+01 1.723e-01
1.503e+01 1.723e-01
1.507e+01 1.723e-01
1.512e+01 1.723e-01
1.516e+01 1.723e-01
1.521e+01 1.723e-01
1.525e+01 1.723e-01
1.530e+01 1.723e-01
1.534e+01 1.723e-01
1.539e+01 1.723e-01
1.543e+01 1.723e-01
1.548e+01 1.723e-01
1.553e+01 1.723e-01
1.557e+01 1.723e-01
1.562e+01 1.723e-01
1.567e+01 1.723e-01
1.571e+01 1.723e-01
1.576e+01 1.839e-01
1.581e+01 1.723e-01
1.586e+01 1.723e-01
1.591e+01 1.723e-01
1.596e+01 1.723e-01
1.600e+01 1.723e-01
1.605e+01 1.723e-01
1.610e+01 1.723e-01
1.615e+01 1.723e-01
1.620e+01 1.723e-01
1.626e+01 1.723e-01
1.631e+01 1.723e-01
1.636e+01 1.723e-01
1.641e+01 1.839e-01
1.646e+01 1.839e-01
1.651e+01 1.839e-01
1.657e+01 1.839e-01
1.662e+01 1.839e-01
1.667e+01 1.839e-01
1.673e+01 1.839e-01
1.678e+01 1.839e-01
1.684e+01 1.839e-01
1.689e+01 1.839e-01
1.695e+01 1.953e-01
1.700e+01 1.953e-01
1.706e+01 1.953e-01
1.711e+01 1.953e-01
1.717e+01 2.065e-01
1.723e+01 2.065e-01
1.728e+01 2.065e-01
1.734e+01 2.065e-01
1.740e+01 2.065e-01
1.746e+01 2.065e-01
1.752e+01 2.175e-01
1.758e+01 2.175e-01
1.764e+01 2.175e-01
1.770e+01 2.175e-01
1.776e+01 2.175e-01
1.782e+01 2.175e-01
1.788e+01 2.175e-01
1.794e+01 2.175e-01
1.800e+01 2.175e-01
1.807e+01 2.284e-01
1.813e+01 2.284e-01
1.819e+01 2.175e-01
1.826e+01 2.175e-01
1.832e+01 2.284e-01
1.839e+01 2.175e-01
1.845e+01 2.175e-01
1.852e+01 2.175e-01
1.859e+01 2.175e-01
1.865e+01 2.175e-01
1.872e+01 2.175e-01
1.879e+01 2.175e-01
1.886e+01 2.175e-01
1.892e+01 2.284e-01
1.899e+01 2.284e-01
1.906e+01 2.284e-01
1.913e+01 2.284e-01
1.921e+01 2.390e-01
1.928e+01 2.390e-01
1.935e+01 2.390e-01
1.942e+01 2.494e-01
1.949e+01 2.597e-01
1.957e+01 2.597e-01
1.964e+01 2.597e-01
1.972e+01 2.698e-01
1.979e+01 2.698e-01
1.987e+01 2.797e-01
1.994e+01 2.797e-01
2.002e+01 2.797e-01
2.010e+01 2.894e-01
2.018e+01 2.894e-01
2.026e+01 2.990e-01
2.033e+01 2.990e-01
2.041e+01 3.084e-01
2.050e+01 3.084e-01
2.058e+01 3.177e-01
2.066e+01 3.177e-01
2.074e+01 3.268e-01
2.082e+01 3.268e-01
2.091e+01 3.357e-01
2.099e+01 3.357e-01
2.108e+01 3.357e-01
2.116e+01 3.357e-01
2.125e+01 3.357e-01
2.134e+01 3.357e-01
2.143e+01 3.357e-01
2.152e+01 3.445e-01
2.161e+01 3.445e-01
2.170e+01 3.445e-01
2.179e+01 3.445e-01
2.188e+01 3.445e-01
2.197e+01 3.532e-01
2.207e+01 3.445e-01
2.216e+01 3.445e-01
2.225e+01 3.357e-01
2.235e+01 3.357e-01
2.245e+01 3.357e-01
2.255e+01 3.357e-01
2.264e+01 3.357e-01
2.274e+01 3.357e-01
2.284e+01 3.357e-01
2.294e+01 3.357e-01
2.305e+01 3.357e-01
2.315e+01 3.357e-01
2.325e+01 3.357e-01
2.336e+01 3.357e-01
2.346e+01 3.357e-01
2.357e+01 3.357e-01
2.368e+01 3.357e-01
2.379e+01 3.357e-01
2.390e+01 3.357e-01
2.401e+01 3.357e-01
2.412e+01 3.357e-01
2.423e+01 3.268e-01
2.434e+01 3.268e-01
2.446e+01 3.357e-01
2.458e+01 3.268e-01
2.469e+01 3.357e-01
2.481e+01 3.357e-01
2.493e+01 3.268e-01
2.505e+01 3.268e-01
2.517e+01 3.357e-01
2.529e+01 3.357e-01
2.542e+01 3.357e-01
2.554e+01 3.268e-01
2.567e+01 3.268e-01
2.580e+01 3.268e-01
2.593e+01 3.177e-01
2.606e+01 3.177e-01
2.619e+01 3.177e-01
2.632e+01 3.177e-01
2.646e+01 3.084e-01
2.659e+01 3.084e-01
2.673e+01 3.177e-01
2.687e+01 3.084e-01
2.701e+01 3.084e-01
2.715e+01 3.084e-01
2.729e+01 3.084e-01
2.744e+01 3.084e-01
2.758e+01 2.990e-01
2.773e+01 2.990e-01
2.788e+01 2.990e-01
2.803e+01 2.990e-01
2.818e+01 2.990e-01
2.834e+01 3.084e-01
2.849e+01 3.084e-01
2.865e+01 3.084e-01
2.881e+01 3.084e-01
2.897e+01 2.990e-01
2.913e+01 2.990e-01
2.930e+01 3.084e-01
2.946e+01 3.084e-01
2.963e+01 3.084e-01
2.980e+01 3.084e-01
2.997e+01 3.084e-01
3.015e+01 3.084e-01
3.032e+01 3.084e-01
3.050e+01 3.084e-01
3.068e+01 3.177e-01
3.087e+01 3.084e-01
3.105e+01 3.084e-01
3.124e+01 3.084e-01
3.143e+01 3.084e-01
3.162e+01 3.177e-01
3.181e+01 3.084e-01
3.201e+01 2.990e-01
3.221e+01 2.990e-01
3.241e+01 2.990e-01
3.261e+01 2.990e-01
3.282e+01 2.990e-01
3.303e+01 3.084e-01
3.324e+01 2.990e-01
3.345e+01 2.894e-01
3.367e+01 2.894e-01
3.389e+01 2.894e-01
3.411e+01 2.894e-01
3.434e+01 2.894e-01
3.457e+01 2.990e-01
3.480e+01 2.894e-01
3.504e+01 2.894e-01
3.527e+01 2.894e-01
3.552e+01 2.894e-01
3.576e+01 2.894e-01
3.601e+01 2.894e-01
3.626e+01 2.894e-01
3.652e+01 2.894e-01
3.678e+01 2.894e-01
3.704e+01 2.894e-01
3.730e+01 2.894e-01
3.758e+01 2.894e-01
3.785e+01 2.894e-01
3.813e+01 2.894e-01
3.841e+01 2.797e-01
3.870e+01 2.797e-01
3.899e+01 2.797e-01
3.928e+01 2.698e-01
3.958e+01 2.894e-01
3.989e+01 2.990e-01
4.020e+01 2.894e-01
4.051e+01 2.894e-01
4.083e+01 2.894e-01
4.115e+01 2.990e-01
4.148e+01 2.894e-01
4.182e+01 2.797e-01
4.216e+01 2.698e-01
4.250e+01 2.797e-01
4.285e+01 2.797e-01
4.321e+01 2.894e-01
4.357e+01 2.894e-01
4.394e+01 2.990e-01
4.432e+01 2.990e-01
4.470e+01 2.894e-01
4.509e+01 2.894e-01
4.549e+01 2.894e-01
4.589e+01 2.894e-01
4.630e+01 2.894e-01
4.672e+01 2.894e-01
4.714e+01 2.894e-01
4.757e+01 2.894e-01
4.801e+01 2.894e-01
4.846e+01 2.698e-01
4.892e+01 2.698e-01
4.938e+01 2.698e-01
4.986e+01 2.797e-01
