Chemical species: H2 He Fe
P (bar) | log_H2: -2σ | log_H2: -1σ | log_H2: median | log_H2: +1σ | log_H2: +2σ 
1.00000000e+02 -0.09292580 -0.09183929 -0.09082071 -0.08992865 -0.08909436 
8.49753436e+01 -0.09292580 -0.09183929 -0.09082071 -0.08992865 -0.08909436 
7.22080902e+01 -0.09292580 -0.09183929 -0.09082071 -0.08992865 -0.08909436 
6.13590727e+01 -0.09292580 -0.09183929 -0.09082071 -0.08992865 -0.08909436 
5.21400829e+01 -0.09292580 -0.09183929 -0.09082071 -0.08992865 -0.08909436 
4.43062146e+01 -0.09292580 -0.09183929 -0.09082071 -0.08992865 -0.08909436 
3.76493581e+01 -0.09292580 -0.09183929 -0.09082071 -0.08992865 -0.08909436 
3.19926714e+01 -0.09292580 -0.09183929 -0.09082071 -0.08992865 -0.08909436 
2.71858824e+01 -0.09292580 -0.09183929 -0.09082071 -0.08992865 -0.08909436 
2.31012970e+01 -0.09292580 -0.09183929 -0.09082071 -0.08992865 -0.08909436 
1.96304065e+01 -0.09292580 -0.09183929 -0.09082071 -0.08992865 -0.08909436 
1.66810054e+01 -0.09292580 -0.09183929 -0.09082071 -0.08992865 -0.08909436 
1.41747416e+01 -0.09292580 -0.09183929 -0.09082071 -0.08992865 -0.08909436 
1.20450354e+01 -0.09292580 -0.09183929 -0.09082071 -0.08992865 -0.08909436 
1.02353102e+01 -0.09292580 -0.09183929 -0.09082071 -0.08992865 -0.08909436 
8.69749003e+00 -0.09292580 -0.09183929 -0.09082071 -0.08992865 -0.08909436 
7.39072203e+00 -0.09292580 -0.09183929 -0.09082071 -0.08992865 -0.08909436 
6.28029144e+00 -0.09292580 -0.09183929 -0.09082071 -0.08992865 -0.08909436 
5.33669923e+00 -0.09292580 -0.09183929 -0.09082071 -0.08992865 -0.08909436 
4.53487851e+00 -0.09292580 -0.09183929 -0.09082071 -0.08992865 -0.08909436 
3.85352859e+00 -0.09292580 -0.09183929 -0.09082071 -0.08992865 -0.08909436 
3.27454916e+00 -0.09292580 -0.09183929 -0.09082071 -0.08992865 -0.08909436 
2.78255940e+00 -0.09292580 -0.09183929 -0.09082071 -0.08992865 -0.08909436 
2.36448941e+00 -0.09292580 -0.09183929 -0.09082071 -0.08992865 -0.08909436 
2.00923300e+00 -0.09292580 -0.09183929 -0.09082071 -0.08992865 -0.08909436 
1.70735265e+00 -0.09292580 -0.09183929 -0.09082071 -0.08992865 -0.08909436 
1.45082878e+00 -0.09292580 -0.09183929 -0.09082071 -0.08992865 -0.08909436 
1.23284674e+00 -0.09292580 -0.09183929 -0.09082071 -0.08992865 -0.08909436 
1.04761575e+00 -0.09292580 -0.09183929 -0.09082071 -0.08992865 -0.08909436 
8.90215085e-01 -0.09292580 -0.09183929 -0.09082071 -0.08992865 -0.08909436 
7.56463328e-01 -0.09292580 -0.09183929 -0.09082071 -0.08992865 -0.08909436 
6.42807312e-01 -0.09292580 -0.09183929 -0.09082071 -0.08992865 -0.08909436 
5.46227722e-01 -0.09292580 -0.09183929 -0.09082071 -0.08992865 -0.08909436 
4.64158883e-01 -0.09292580 -0.09183929 -0.09082071 -0.08992865 -0.08909436 
3.94420606e-01 -0.09292580 -0.09183929 -0.09082071 -0.08992865 -0.08909436 
3.35160265e-01 -0.09292580 -0.09183929 -0.09082071 -0.08992865 -0.08909436 
2.84803587e-01 -0.09292580 -0.09183929 -0.09082071 -0.08992865 -0.08909436 
2.42012826e-01 -0.09292580 -0.09183929 -0.09082071 -0.08992865 -0.08909436 
2.05651231e-01 -0.09292580 -0.09183929 -0.09082071 -0.08992865 -0.08909436 
1.74752840e-01 -0.09292580 -0.09183929 -0.09082071 -0.08992865 -0.08909436 
1.48496826e-01 -0.09292580 -0.09183929 -0.09082071 -0.08992865 -0.08909436 
1.26185688e-01 -0.09292580 -0.09183929 -0.09082071 -0.08992865 -0.08909436 
1.07226722e-01 -0.09292580 -0.09183929 -0.09082071 -0.08992865 -0.08909436 
9.11162756e-02 -0.09292580 -0.09183929 -0.09082071 -0.08992865 -0.08909436 
7.74263683e-02 -0.09292580 -0.09183929 -0.09082071 -0.08992865 -0.08909436 
6.57933225e-02 -0.09292580 -0.09183929 -0.09082071 -0.08992865 -0.08909436 
5.59081018e-02 -0.09292580 -0.09183929 -0.09082071 -0.08992865 -0.08909436 
4.75081016e-02 -0.09292580 -0.09183929 -0.09082071 -0.08992865 -0.08909436 
4.03701726e-02 -0.09292580 -0.09183929 -0.09082071 -0.08992865 -0.08909436 
3.43046929e-02 -0.09292580 -0.09183929 -0.09082071 -0.08992865 -0.08909436 
2.91505306e-02 -0.09292580 -0.09183929 -0.09082071 -0.08992865 -0.08909436 
2.47707636e-02 -0.09292580 -0.09183929 -0.09082071 -0.08992865 -0.08909436 
2.10490414e-02 -0.09292580 -0.09183929 -0.09082071 -0.08992865 -0.08909436 
1.78864953e-02 -0.09292580 -0.09183929 -0.09082071 -0.08992865 -0.08909436 
1.51991108e-02 -0.09292580 -0.09183929 -0.09082071 -0.08992865 -0.08909436 
1.29154967e-02 -0.09292580 -0.09183929 -0.09082071 -0.08992865 -0.08909436 
1.09749877e-02 -0.09292580 -0.09183929 -0.09082071 -0.08992865 -0.08909436 
9.32603347e-03 -0.09292580 -0.09183929 -0.09082071 -0.08992865 -0.08909436 
7.92482898e-03 -0.09292580 -0.09183929 -0.09082071 -0.08992865 -0.08909436 
6.73415066e-03 -0.09292580 -0.09183929 -0.09082071 -0.08992865 -0.08909436 
5.72236766e-03 -0.09292580 -0.09183929 -0.09082071 -0.08992865 -0.08909436 
4.86260158e-03 -0.09292580 -0.09183929 -0.09082071 -0.08992865 -0.08909436 
4.13201240e-03 -0.09292580 -0.09183929 -0.09082071 -0.08992865 -0.08909436 
3.51119173e-03 -0.09292580 -0.09183929 -0.09082071 -0.08992865 -0.08909436 
2.98364724e-03 -0.09292580 -0.09183929 -0.09082071 -0.08992865 -0.08909436 
2.53536449e-03 -0.09292580 -0.09183929 -0.09082071 -0.08992865 -0.08909436 
2.15443469e-03 -0.09292580 -0.09183929 -0.09082071 -0.08992865 -0.08909436 
1.83073828e-03 -0.09292580 -0.09183929 -0.09082071 -0.08992865 -0.08909436 
1.55567614e-03 -0.09292580 -0.09183929 -0.09082071 -0.08992865 -0.08909436 
1.32194115e-03 -0.09292580 -0.09183929 -0.09082071 -0.08992865 -0.08909436 
1.12332403e-03 -0.09292580 -0.09183929 -0.09082071 -0.08992865 -0.08909436 
9.54548457e-04 -0.09292580 -0.09183929 -0.09082071 -0.08992865 -0.08909436 
8.11130831e-04 -0.09292580 -0.09183929 -0.09082071 -0.08992865 -0.08909436 
6.89261210e-04 -0.09292580 -0.09183929 -0.09082071 -0.08992865 -0.08909436 
5.85702082e-04 -0.09292580 -0.09183929 -0.09082071 -0.08992865 -0.08909436 
4.97702356e-04 -0.09292580 -0.09183929 -0.09082071 -0.08992865 -0.08909436 
4.22924287e-04 -0.09292580 -0.09183929 -0.09082071 -0.08992865 -0.08909436 
3.59381366e-04 -0.09292580 -0.09183929 -0.09082071 -0.08992865 -0.08909436 
3.05385551e-04 -0.09292580 -0.09183929 -0.09082071 -0.08992865 -0.08909436 
2.59502421e-04 -0.09292580 -0.09183929 -0.09082071 -0.08992865 -0.08909436 
2.20513074e-04 -0.09292580 -0.09183929 -0.09082071 -0.08992865 -0.08909436 
1.87381742e-04 -0.09292580 -0.09183929 -0.09082071 -0.08992865 -0.08909436 
1.59228279e-04 -0.09292580 -0.09183929 -0.09082071 -0.08992865 -0.08909436 
1.35304777e-04 -0.09292580 -0.09183929 -0.09082071 -0.08992865 -0.08909436 
1.14975700e-04 -0.09292580 -0.09183929 -0.09082071 -0.08992865 -0.08909436 
9.77009957e-05 -0.09292580 -0.09183929 -0.09082071 -0.08992865 -0.08909436 
8.30217568e-05 -0.09292580 -0.09183929 -0.09082071 -0.08992865 -0.08909436 
7.05480231e-05 -0.09292580 -0.09183929 -0.09082071 -0.08992865 -0.08909436 
5.99484250e-05 -0.09292580 -0.09183929 -0.09082071 -0.08992865 -0.08909436 
5.09413801e-05 -0.09292580 -0.09183929 -0.09082071 -0.08992865 -0.08909436 
4.32876128e-05 -0.09292580 -0.09183929 -0.09082071 -0.08992865 -0.08909436 
3.67837977e-05 -0.09292580 -0.09183929 -0.09082071 -0.08992865 -0.08909436 
3.12571585e-05 -0.09292580 -0.09183929 -0.09082071 -0.08992865 -0.08909436 
2.65608778e-05 -0.09292580 -0.09183929 -0.09082071 -0.08992865 -0.08909436 
2.25701972e-05 -0.09292580 -0.09183929 -0.09082071 -0.08992865 -0.08909436 
1.91791026e-05 -0.09292580 -0.09183929 -0.09082071 -0.08992865 -0.08909436 
1.62975083e-05 -0.09292580 -0.09183929 -0.09082071 -0.08992865 -0.08909436 
1.38488637e-05 -0.09292580 -0.09183929 -0.09082071 -0.08992865 -0.08909436 
1.17681195e-05 -0.09292580 -0.09183929 -0.09082071 -0.08992865 -0.08909436 
1.00000000e-05 -0.09292580 -0.09183929 -0.09082071 -0.08992865 -0.08909436 
P (bar) | log_He: -2σ | log_He: -1σ | log_He: median | log_He: +1σ | log_He: +2σ 
1.00000000e+02 -0.86247688 -0.86139037 -0.86037179 -0.85947973 -0.85864544 
8.49753436e+01 -0.86247688 -0.86139037 -0.86037179 -0.85947973 -0.85864544 
7.22080902e+01 -0.86247688 -0.86139037 -0.86037179 -0.85947973 -0.85864544 
6.13590727e+01 -0.86247688 -0.86139037 -0.86037179 -0.85947973 -0.85864544 
5.21400829e+01 -0.86247688 -0.86139037 -0.86037179 -0.85947973 -0.85864544 
4.43062146e+01 -0.86247688 -0.86139037 -0.86037179 -0.85947973 -0.85864544 
3.76493581e+01 -0.86247688 -0.86139037 -0.86037179 -0.85947973 -0.85864544 
3.19926714e+01 -0.86247688 -0.86139037 -0.86037179 -0.85947973 -0.85864544 
2.71858824e+01 -0.86247688 -0.86139037 -0.86037179 -0.85947973 -0.85864544 
2.31012970e+01 -0.86247688 -0.86139037 -0.86037179 -0.85947973 -0.85864544 
1.96304065e+01 -0.86247688 -0.86139037 -0.86037179 -0.85947973 -0.85864544 
1.66810054e+01 -0.86247688 -0.86139037 -0.86037179 -0.85947973 -0.85864544 
1.41747416e+01 -0.86247688 -0.86139037 -0.86037179 -0.85947973 -0.85864544 
1.20450354e+01 -0.86247688 -0.86139037 -0.86037179 -0.85947973 -0.85864544 
1.02353102e+01 -0.86247688 -0.86139037 -0.86037179 -0.85947973 -0.85864544 
8.69749003e+00 -0.86247688 -0.86139037 -0.86037179 -0.85947973 -0.85864544 
7.39072203e+00 -0.86247688 -0.86139037 -0.86037179 -0.85947973 -0.85864544 
6.28029144e+00 -0.86247688 -0.86139037 -0.86037179 -0.85947973 -0.85864544 
5.33669923e+00 -0.86247688 -0.86139037 -0.86037179 -0.85947973 -0.85864544 
4.53487851e+00 -0.86247688 -0.86139037 -0.86037179 -0.85947973 -0.85864544 
3.85352859e+00 -0.86247688 -0.86139037 -0.86037179 -0.85947973 -0.85864544 
3.27454916e+00 -0.86247688 -0.86139037 -0.86037179 -0.85947973 -0.85864544 
2.78255940e+00 -0.86247688 -0.86139037 -0.86037179 -0.85947973 -0.85864544 
2.36448941e+00 -0.86247688 -0.86139037 -0.86037179 -0.85947973 -0.85864544 
2.00923300e+00 -0.86247688 -0.86139037 -0.86037179 -0.85947973 -0.85864544 
1.70735265e+00 -0.86247688 -0.86139037 -0.86037179 -0.85947973 -0.85864544 
1.45082878e+00 -0.86247688 -0.86139037 -0.86037179 -0.85947973 -0.85864544 
1.23284674e+00 -0.86247688 -0.86139037 -0.86037179 -0.85947973 -0.85864544 
1.04761575e+00 -0.86247688 -0.86139037 -0.86037179 -0.85947973 -0.85864544 
8.90215085e-01 -0.86247688 -0.86139037 -0.86037179 -0.85947973 -0.85864544 
7.56463328e-01 -0.86247688 -0.86139037 -0.86037179 -0.85947973 -0.85864544 
6.42807312e-01 -0.86247688 -0.86139037 -0.86037179 -0.85947973 -0.85864544 
5.46227722e-01 -0.86247688 -0.86139037 -0.86037179 -0.85947973 -0.85864544 
4.64158883e-01 -0.86247688 -0.86139037 -0.86037179 -0.85947973 -0.85864544 
3.94420606e-01 -0.86247688 -0.86139037 -0.86037179 -0.85947973 -0.85864544 
3.35160265e-01 -0.86247688 -0.86139037 -0.86037179 -0.85947973 -0.85864544 
2.84803587e-01 -0.86247688 -0.86139037 -0.86037179 -0.85947973 -0.85864544 
2.42012826e-01 -0.86247688 -0.86139037 -0.86037179 -0.85947973 -0.85864544 
2.05651231e-01 -0.86247688 -0.86139037 -0.86037179 -0.85947973 -0.85864544 
1.74752840e-01 -0.86247688 -0.86139037 -0.86037179 -0.85947973 -0.85864544 
1.48496826e-01 -0.86247688 -0.86139037 -0.86037179 -0.85947973 -0.85864544 
1.26185688e-01 -0.86247688 -0.86139037 -0.86037179 -0.85947973 -0.85864544 
1.07226722e-01 -0.86247688 -0.86139037 -0.86037179 -0.85947973 -0.85864544 
9.11162756e-02 -0.86247688 -0.86139037 -0.86037179 -0.85947973 -0.85864544 
7.74263683e-02 -0.86247688 -0.86139037 -0.86037179 -0.85947973 -0.85864544 
6.57933225e-02 -0.86247688 -0.86139037 -0.86037179 -0.85947973 -0.85864544 
5.59081018e-02 -0.86247688 -0.86139037 -0.86037179 -0.85947973 -0.85864544 
4.75081016e-02 -0.86247688 -0.86139037 -0.86037179 -0.85947973 -0.85864544 
4.03701726e-02 -0.86247688 -0.86139037 -0.86037179 -0.85947973 -0.85864544 
3.43046929e-02 -0.86247688 -0.86139037 -0.86037179 -0.85947973 -0.85864544 
2.91505306e-02 -0.86247688 -0.86139037 -0.86037179 -0.85947973 -0.85864544 
2.47707636e-02 -0.86247688 -0.86139037 -0.86037179 -0.85947973 -0.85864544 
2.10490414e-02 -0.86247688 -0.86139037 -0.86037179 -0.85947973 -0.85864544 
1.78864953e-02 -0.86247688 -0.86139037 -0.86037179 -0.85947973 -0.85864544 
1.51991108e-02 -0.86247688 -0.86139037 -0.86037179 -0.85947973 -0.85864544 
1.29154967e-02 -0.86247688 -0.86139037 -0.86037179 -0.85947973 -0.85864544 
1.09749877e-02 -0.86247688 -0.86139037 -0.86037179 -0.85947973 -0.85864544 
9.32603347e-03 -0.86247688 -0.86139037 -0.86037179 -0.85947973 -0.85864544 
7.92482898e-03 -0.86247688 -0.86139037 -0.86037179 -0.85947973 -0.85864544 
6.73415066e-03 -0.86247688 -0.86139037 -0.86037179 -0.85947973 -0.85864544 
5.72236766e-03 -0.86247688 -0.86139037 -0.86037179 -0.85947973 -0.85864544 
4.86260158e-03 -0.86247688 -0.86139037 -0.86037179 -0.85947973 -0.85864544 
4.13201240e-03 -0.86247688 -0.86139037 -0.86037179 -0.85947973 -0.85864544 
3.51119173e-03 -0.86247688 -0.86139037 -0.86037179 -0.85947973 -0.85864544 
2.98364724e-03 -0.86247688 -0.86139037 -0.86037179 -0.85947973 -0.85864544 
2.53536449e-03 -0.86247688 -0.86139037 -0.86037179 -0.85947973 -0.85864544 
2.15443469e-03 -0.86247688 -0.86139037 -0.86037179 -0.85947973 -0.85864544 
1.83073828e-03 -0.86247688 -0.86139037 -0.86037179 -0.85947973 -0.85864544 
1.55567614e-03 -0.86247688 -0.86139037 -0.86037179 -0.85947973 -0.85864544 
1.32194115e-03 -0.86247688 -0.86139037 -0.86037179 -0.85947973 -0.85864544 
1.12332403e-03 -0.86247688 -0.86139037 -0.86037179 -0.85947973 -0.85864544 
9.54548457e-04 -0.86247688 -0.86139037 -0.86037179 -0.85947973 -0.85864544 
8.11130831e-04 -0.86247688 -0.86139037 -0.86037179 -0.85947973 -0.85864544 
6.89261210e-04 -0.86247688 -0.86139037 -0.86037179 -0.85947973 -0.85864544 
5.85702082e-04 -0.86247688 -0.86139037 -0.86037179 -0.85947973 -0.85864544 
4.97702356e-04 -0.86247688 -0.86139037 -0.86037179 -0.85947973 -0.85864544 
4.22924287e-04 -0.86247688 -0.86139037 -0.86037179 -0.85947973 -0.85864544 
3.59381366e-04 -0.86247688 -0.86139037 -0.86037179 -0.85947973 -0.85864544 
3.05385551e-04 -0.86247688 -0.86139037 -0.86037179 -0.85947973 -0.85864544 
2.59502421e-04 -0.86247688 -0.86139037 -0.86037179 -0.85947973 -0.85864544 
2.20513074e-04 -0.86247688 -0.86139037 -0.86037179 -0.85947973 -0.85864544 
1.87381742e-04 -0.86247688 -0.86139037 -0.86037179 -0.85947973 -0.85864544 
1.59228279e-04 -0.86247688 -0.86139037 -0.86037179 -0.85947973 -0.85864544 
1.35304777e-04 -0.86247688 -0.86139037 -0.86037179 -0.85947973 -0.85864544 
1.14975700e-04 -0.86247688 -0.86139037 -0.86037179 -0.85947973 -0.85864544 
9.77009957e-05 -0.86247688 -0.86139037 -0.86037179 -0.85947973 -0.85864544 
8.30217568e-05 -0.86247688 -0.86139037 -0.86037179 -0.85947973 -0.85864544 
7.05480231e-05 -0.86247688 -0.86139037 -0.86037179 -0.85947973 -0.85864544 
5.99484250e-05 -0.86247688 -0.86139037 -0.86037179 -0.85947973 -0.85864544 
5.09413801e-05 -0.86247688 -0.86139037 -0.86037179 -0.85947973 -0.85864544 
4.32876128e-05 -0.86247688 -0.86139037 -0.86037179 -0.85947973 -0.85864544 
3.67837977e-05 -0.86247688 -0.86139037 -0.86037179 -0.85947973 -0.85864544 
3.12571585e-05 -0.86247688 -0.86139037 -0.86037179 -0.85947973 -0.85864544 
2.65608778e-05 -0.86247688 -0.86139037 -0.86037179 -0.85947973 -0.85864544 
2.25701972e-05 -0.86247688 -0.86139037 -0.86037179 -0.85947973 -0.85864544 
1.91791026e-05 -0.86247688 -0.86139037 -0.86037179 -0.85947973 -0.85864544 
1.62975083e-05 -0.86247688 -0.86139037 -0.86037179 -0.85947973 -0.85864544 
1.38488637e-05 -0.86247688 -0.86139037 -0.86037179 -0.85947973 -0.85864544 
1.17681195e-05 -0.86247688 -0.86139037 -0.86037179 -0.85947973 -0.85864544 
1.00000000e-05 -0.86247688 -0.86139037 -0.86037179 -0.85947973 -0.85864544 
P (bar) | log_Fe: -2σ | log_Fe: -1σ | log_Fe: median | log_Fe: +1σ | log_Fe: +2σ 
1.00000000e+02 -1.32792977 -1.31138651 -1.29429684 -1.27567030 -1.25729145 
8.49753436e+01 -1.32792977 -1.31138651 -1.29429684 -1.27567030 -1.25729145 
7.22080902e+01 -1.32792977 -1.31138651 -1.29429684 -1.27567030 -1.25729145 
6.13590727e+01 -1.32792977 -1.31138651 -1.29429684 -1.27567030 -1.25729145 
5.21400829e+01 -1.32792977 -1.31138651 -1.29429684 -1.27567030 -1.25729145 
4.43062146e+01 -1.32792977 -1.31138651 -1.29429684 -1.27567030 -1.25729145 
3.76493581e+01 -1.32792977 -1.31138651 -1.29429684 -1.27567030 -1.25729145 
3.19926714e+01 -1.32792977 -1.31138651 -1.29429684 -1.27567030 -1.25729145 
2.71858824e+01 -1.32792977 -1.31138651 -1.29429684 -1.27567030 -1.25729145 
2.31012970e+01 -1.32792977 -1.31138651 -1.29429684 -1.27567030 -1.25729145 
1.96304065e+01 -1.32792977 -1.31138651 -1.29429684 -1.27567030 -1.25729145 
1.66810054e+01 -1.32792977 -1.31138651 -1.29429684 -1.27567030 -1.25729145 
1.41747416e+01 -1.32792977 -1.31138651 -1.29429684 -1.27567030 -1.25729145 
1.20450354e+01 -1.32792977 -1.31138651 -1.29429684 -1.27567030 -1.25729145 
1.02353102e+01 -1.32792977 -1.31138651 -1.29429684 -1.27567030 -1.25729145 
8.69749003e+00 -1.32792977 -1.31138651 -1.29429684 -1.27567030 -1.25729145 
7.39072203e+00 -1.32792977 -1.31138651 -1.29429684 -1.27567030 -1.25729145 
6.28029144e+00 -1.32792977 -1.31138651 -1.29429684 -1.27567030 -1.25729145 
5.33669923e+00 -1.32792977 -1.31138651 -1.29429684 -1.27567030 -1.25729145 
4.53487851e+00 -1.32792977 -1.31138651 -1.29429684 -1.27567030 -1.25729145 
3.85352859e+00 -1.32792977 -1.31138651 -1.29429684 -1.27567030 -1.25729145 
3.27454916e+00 -1.32792977 -1.31138651 -1.29429684 -1.27567030 -1.25729145 
2.78255940e+00 -1.32792977 -1.31138651 -1.29429684 -1.27567030 -1.25729145 
2.36448941e+00 -1.32792977 -1.31138651 -1.29429684 -1.27567030 -1.25729145 
2.00923300e+00 -1.32792977 -1.31138651 -1.29429684 -1.27567030 -1.25729145 
1.70735265e+00 -1.32792977 -1.31138651 -1.29429684 -1.27567030 -1.25729145 
1.45082878e+00 -1.32792977 -1.31138651 -1.29429684 -1.27567030 -1.25729145 
1.23284674e+00 -1.32792977 -1.31138651 -1.29429684 -1.27567030 -1.25729145 
1.04761575e+00 -1.32792977 -1.31138651 -1.29429684 -1.27567030 -1.25729145 
8.90215085e-01 -1.32792977 -1.31138651 -1.29429684 -1.27567030 -1.25729145 
7.56463328e-01 -1.32792977 -1.31138651 -1.29429684 -1.27567030 -1.25729145 
6.42807312e-01 -1.32792977 -1.31138651 -1.29429684 -1.27567030 -1.25729145 
5.46227722e-01 -1.32792977 -1.31138651 -1.29429684 -1.27567030 -1.25729145 
4.64158883e-01 -1.32792977 -1.31138651 -1.29429684 -1.27567030 -1.25729145 
3.94420606e-01 -1.32792977 -1.31138651 -1.29429684 -1.27567030 -1.25729145 
3.35160265e-01 -1.32792977 -1.31138651 -1.29429684 -1.27567030 -1.25729145 
2.84803587e-01 -1.32792977 -1.31138651 -1.29429684 -1.27567030 -1.25729145 
2.42012826e-01 -1.32792977 -1.31138651 -1.29429684 -1.27567030 -1.25729145 
2.05651231e-01 -1.32792977 -1.31138651 -1.29429684 -1.27567030 -1.25729145 
1.74752840e-01 -1.32792977 -1.31138651 -1.29429684 -1.27567030 -1.25729145 
1.48496826e-01 -1.32792977 -1.31138651 -1.29429684 -1.27567030 -1.25729145 
1.26185688e-01 -1.32792977 -1.31138651 -1.29429684 -1.27567030 -1.25729145 
1.07226722e-01 -1.32792977 -1.31138651 -1.29429684 -1.27567030 -1.25729145 
9.11162756e-02 -1.32792977 -1.31138651 -1.29429684 -1.27567030 -1.25729145 
7.74263683e-02 -1.32792977 -1.31138651 -1.29429684 -1.27567030 -1.25729145 
6.57933225e-02 -1.32792977 -1.31138651 -1.29429684 -1.27567030 -1.25729145 
5.59081018e-02 -1.32792977 -1.31138651 -1.29429684 -1.27567030 -1.25729145 
4.75081016e-02 -1.32792977 -1.31138651 -1.29429684 -1.27567030 -1.25729145 
4.03701726e-02 -1.32792977 -1.31138651 -1.29429684 -1.27567030 -1.25729145 
3.43046929e-02 -1.32792977 -1.31138651 -1.29429684 -1.27567030 -1.25729145 
2.91505306e-02 -1.32792977 -1.31138651 -1.29429684 -1.27567030 -1.25729145 
2.47707636e-02 -1.32792977 -1.31138651 -1.29429684 -1.27567030 -1.25729145 
2.10490414e-02 -1.32792977 -1.31138651 -1.29429684 -1.27567030 -1.25729145 
1.78864953e-02 -1.32792977 -1.31138651 -1.29429684 -1.27567030 -1.25729145 
1.51991108e-02 -1.32792977 -1.31138651 -1.29429684 -1.27567030 -1.25729145 
1.29154967e-02 -1.32792977 -1.31138651 -1.29429684 -1.27567030 -1.25729145 
1.09749877e-02 -1.32792977 -1.31138651 -1.29429684 -1.27567030 -1.25729145 
9.32603347e-03 -1.32792977 -1.31138651 -1.29429684 -1.27567030 -1.25729145 
7.92482898e-03 -1.32792977 -1.31138651 -1.29429684 -1.27567030 -1.25729145 
6.73415066e-03 -1.32792977 -1.31138651 -1.29429684 -1.27567030 -1.25729145 
5.72236766e-03 -1.32792977 -1.31138651 -1.29429684 -1.27567030 -1.25729145 
4.86260158e-03 -1.32792977 -1.31138651 -1.29429684 -1.27567030 -1.25729145 
4.13201240e-03 -1.32792977 -1.31138651 -1.29429684 -1.27567030 -1.25729145 
3.51119173e-03 -1.32792977 -1.31138651 -1.29429684 -1.27567030 -1.25729145 
2.98364724e-03 -1.32792977 -1.31138651 -1.29429684 -1.27567030 -1.25729145 
2.53536449e-03 -1.32792977 -1.31138651 -1.29429684 -1.27567030 -1.25729145 
2.15443469e-03 -1.32792977 -1.31138651 -1.29429684 -1.27567030 -1.25729145 
1.83073828e-03 -1.32792977 -1.31138651 -1.29429684 -1.27567030 -1.25729145 
1.55567614e-03 -1.32792977 -1.31138651 -1.29429684 -1.27567030 -1.25729145 
1.32194115e-03 -1.32792977 -1.31138651 -1.29429684 -1.27567030 -1.25729145 
1.12332403e-03 -1.32792977 -1.31138651 -1.29429684 -1.27567030 -1.25729145 
9.54548457e-04 -1.32792977 -1.31138651 -1.29429684 -1.27567030 -1.25729145 
8.11130831e-04 -1.32792977 -1.31138651 -1.29429684 -1.27567030 -1.25729145 
6.89261210e-04 -1.32792977 -1.31138651 -1.29429684 -1.27567030 -1.25729145 
5.85702082e-04 -1.32792977 -1.31138651 -1.29429684 -1.27567030 -1.25729145 
4.97702356e-04 -1.32792977 -1.31138651 -1.29429684 -1.27567030 -1.25729145 
4.22924287e-04 -1.32792977 -1.31138651 -1.29429684 -1.27567030 -1.25729145 
3.59381366e-04 -1.32792977 -1.31138651 -1.29429684 -1.27567030 -1.25729145 
3.05385551e-04 -1.32792977 -1.31138651 -1.29429684 -1.27567030 -1.25729145 
2.59502421e-04 -1.32792977 -1.31138651 -1.29429684 -1.27567030 -1.25729145 
2.20513074e-04 -1.32792977 -1.31138651 -1.29429684 -1.27567030 -1.25729145 
1.87381742e-04 -1.32792977 -1.31138651 -1.29429684 -1.27567030 -1.25729145 
1.59228279e-04 -1.32792977 -1.31138651 -1.29429684 -1.27567030 -1.25729145 
1.35304777e-04 -1.32792977 -1.31138651 -1.29429684 -1.27567030 -1.25729145 
1.14975700e-04 -1.32792977 -1.31138651 -1.29429684 -1.27567030 -1.25729145 
9.77009957e-05 -1.32792977 -1.31138651 -1.29429684 -1.27567030 -1.25729145 
8.30217568e-05 -1.32792977 -1.31138651 -1.29429684 -1.27567030 -1.25729145 
7.05480231e-05 -1.32792977 -1.31138651 -1.29429684 -1.27567030 -1.25729145 
5.99484250e-05 -1.32792977 -1.31138651 -1.29429684 -1.27567030 -1.25729145 
5.09413801e-05 -1.32792977 -1.31138651 -1.29429684 -1.27567030 -1.25729145 
4.32876128e-05 -1.32792977 -1.31138651 -1.29429684 -1.27567030 -1.25729145 
3.67837977e-05 -1.32792977 -1.31138651 -1.29429684 -1.27567030 -1.25729145 
3.12571585e-05 -1.32792977 -1.31138651 -1.29429684 -1.27567030 -1.25729145 
2.65608778e-05 -1.32792977 -1.31138651 -1.29429684 -1.27567030 -1.25729145 
2.25701972e-05 -1.32792977 -1.31138651 -1.29429684 -1.27567030 -1.25729145 
1.91791026e-05 -1.32792977 -1.31138651 -1.29429684 -1.27567030 -1.25729145 
1.62975083e-05 -1.32792977 -1.31138651 -1.29429684 -1.27567030 -1.25729145 
1.38488637e-05 -1.32792977 -1.31138651 -1.29429684 -1.27567030 -1.25729145 
1.17681195e-05 -1.32792977 -1.31138651 -1.29429684 -1.27567030 -1.25729145 
1.00000000e-05 -1.32792977 -1.31138651 -1.29429684 -1.27567030 -1.25729145 
