P (bar) | T: -2σ | T: -1σ  | T: median | T: +1σ | T: +2σ 
1.00000000e+02 4.47695118e+03 4.48870664e+03 4.49566764e+03 4.49873401e+03 4.49980004e+03 
8.49753436e+01 4.47692042e+03 4.48870664e+03 4.49566764e+03 4.49873401e+03 4.49980004e+03 
7.22080902e+01 4.47684985e+03 4.48870664e+03 4.49566764e+03 4.49873401e+03 4.49980004e+03 
6.13590727e+01 4.47677447e+03 4.48870664e+03 4.49566764e+03 4.49873401e+03 4.49980004e+03 
5.21400829e+01 4.47669939e+03 4.48870664e+03 4.49566764e+03 4.49873401e+03 4.49980004e+03 
4.43062146e+01 4.47662940e+03 4.48870664e+03 4.49566764e+03 4.49872750e+03 4.49980004e+03 
3.76493581e+01 4.47656828e+03 4.48870664e+03 4.49565837e+03 4.49872750e+03 4.49980004e+03 
3.19926714e+01 4.47651864e+03 4.48863603e+03 4.49565837e+03 4.49872750e+03 4.49980004e+03 
2.71858824e+01 4.47648204e+03 4.48859611e+03 4.49564996e+03 4.49872365e+03 4.49980004e+03 
2.31012970e+01 4.47645930e+03 4.48853235e+03 4.49564996e+03 4.49870980e+03 4.49980004e+03 
1.96304065e+01 4.47645080e+03 4.48853235e+03 4.49564996e+03 4.49870980e+03 4.49980004e+03 
1.66810054e+01 4.47645671e+03 4.48852148e+03 4.49564996e+03 4.49870980e+03 4.49980004e+03 
1.41747416e+01 4.47647708e+03 4.48850955e+03 4.49564996e+03 4.49868533e+03 4.49980004e+03 
1.20450354e+01 4.47651192e+03 4.48842221e+03 4.49564996e+03 4.49867114e+03 4.49980004e+03 
1.02353102e+01 4.47638731e+03 4.48838437e+03 4.49563830e+03 4.49867114e+03 4.49980004e+03 
8.69749003e+00 4.47638731e+03 4.48828862e+03 4.49563512e+03 4.49866147e+03 4.49980004e+03 
7.39072203e+00 4.47638731e+03 4.48825786e+03 4.49560075e+03 4.49866107e+03 4.49980004e+03 
6.28029144e+00 4.47638731e+03 4.48816449e+03 4.49560075e+03 4.49866107e+03 4.49980004e+03 
5.33669923e+00 4.47638731e+03 4.48812943e+03 4.49557436e+03 4.49866107e+03 4.49980004e+03 
4.53487851e+00 4.47638731e+03 4.48812943e+03 4.49557436e+03 4.49866107e+03 4.49980004e+03 
3.85352859e+00 4.47638731e+03 4.48812943e+03 4.49552869e+03 4.49865177e+03 4.49980001e+03 
3.27454916e+00 4.47638731e+03 4.48803326e+03 4.49551504e+03 4.49865177e+03 4.49979961e+03 
2.78255940e+00 4.47650138e+03 4.48803278e+03 4.49546174e+03 4.49865177e+03 4.49979941e+03 
2.36448941e+00 4.47667949e+03 4.48803278e+03 4.49545147e+03 4.49865177e+03 4.49979844e+03 
2.00923300e+00 4.47687280e+03 4.48802118e+03 4.49545147e+03 4.49864719e+03 4.49979427e+03 
1.70735265e+00 4.47695118e+03 4.48797272e+03 4.49541054e+03 4.49864693e+03 4.49979342e+03 
1.45082878e+00 4.47695118e+03 4.48797272e+03 4.49536051e+03 4.49864693e+03 4.49979342e+03 
1.23284674e+00 4.47695118e+03 4.48797270e+03 4.49534369e+03 4.49864107e+03 4.49979342e+03 
1.04761575e+00 4.47695118e+03 4.48797263e+03 4.49527611e+03 4.49861721e+03 4.49979342e+03 
8.90215085e-01 4.47695118e+03 4.48788751e+03 4.49521846e+03 4.49860117e+03 4.49979342e+03 
7.56463328e-01 4.47709046e+03 4.48776132e+03 4.49516914e+03 4.49855940e+03 4.49979342e+03 
6.42807312e-01 4.47695118e+03 4.48771532e+03 4.49513534e+03 4.49854005e+03 4.49979342e+03 
5.46227722e-01 4.47695115e+03 4.48771532e+03 4.49511478e+03 4.49850621e+03 4.49979131e+03 
4.64158883e-01 4.47691586e+03 4.48764093e+03 4.49503190e+03 4.49849401e+03 4.49979131e+03 
3.94420606e-01 4.47698331e+03 4.48754174e+03 4.49495179e+03 4.49848761e+03 4.49978606e+03 
3.35160265e-01 4.47730654e+03 4.48739058e+03 4.49491568e+03 4.49848761e+03 4.49978606e+03 
2.84803587e-01 4.47764334e+03 4.48723948e+03 4.49485961e+03 4.49848761e+03 4.49978605e+03 
2.42012826e-01 4.47766781e+03 4.48715077e+03 4.49477736e+03 4.49847089e+03 4.49978602e+03 
2.05651231e-01 4.47722850e+03 4.48710506e+03 4.49475562e+03 4.49845572e+03 4.49975145e+03 
1.74752840e-01 4.47684445e+03 4.48691701e+03 4.49467041e+03 4.49842439e+03 4.49971189e+03 
1.48496826e-01 4.47673422e+03 4.48682063e+03 4.49453532e+03 4.49837592e+03 4.49970918e+03 
1.26185688e-01 4.47654503e+03 4.48657623e+03 4.49451261e+03 4.49834946e+03 4.49970918e+03 
1.07226722e-01 4.47638731e+03 4.48660579e+03 4.49439036e+03 4.49830957e+03 4.49967757e+03 
9.11162756e-02 4.47635191e+03 4.48661710e+03 4.49426517e+03 4.49825662e+03 4.49961767e+03 
7.74263683e-02 4.47621513e+03 4.48659758e+03 4.49412111e+03 4.49820473e+03 4.49959446e+03 
6.57933225e-02 4.47598786e+03 4.48650076e+03 4.49397697e+03 4.49816289e+03 4.49956572e+03 
5.59081018e-02 4.47490903e+03 4.48638657e+03 4.49381436e+03 4.49806409e+03 4.49955071e+03 
4.75081016e-02 4.47491526e+03 4.48635866e+03 4.49364274e+03 4.49788573e+03 4.49953351e+03 
4.03701726e-02 4.47516509e+03 4.48638793e+03 4.49350698e+03 4.49771293e+03 4.49951414e+03 
3.43046929e-02 4.47460075e+03 4.48622684e+03 4.49335062e+03 4.49749341e+03 4.49948220e+03 
2.91505306e-02 4.47397062e+03 4.48590604e+03 4.49315684e+03 4.49739348e+03 4.49943536e+03 
2.47707636e-02 4.47335361e+03 4.48560893e+03 4.49294099e+03 4.49724822e+03 4.49933243e+03 
2.10490414e-02 4.47279963e+03 4.48503771e+03 4.49256975e+03 4.49696666e+03 4.49922150e+03 
1.78864953e-02 4.47217069e+03 4.48455671e+03 4.49200601e+03 4.49661453e+03 4.49896826e+03 
1.51991108e-02 4.47028459e+03 4.48281553e+03 4.49131102e+03 4.49629790e+03 4.49866208e+03 
1.29154967e-02 4.46646659e+03 4.48071550e+03 4.49051078e+03 4.49602289e+03 4.49859915e+03 
1.09749877e-02 4.45744004e+03 4.47709565e+03 4.48964421e+03 4.49574137e+03 4.49837644e+03 
9.32603347e-03 4.44233449e+03 4.47312868e+03 4.48869232e+03 4.49546043e+03 4.49829372e+03 
7.92482898e-03 4.41621170e+03 4.46617314e+03 4.48768048e+03 4.49524485e+03 4.49823170e+03 
6.73415066e-03 4.38600055e+03 4.45491212e+03 4.48666093e+03 4.49498679e+03 4.49816358e+03 
5.72236766e-03 4.34987232e+03 4.43302369e+03 4.48586667e+03 4.49477066e+03 4.49807457e+03 
4.86260158e-03 4.30743491e+03 4.40514318e+03 4.48484269e+03 4.49468234e+03 4.49814340e+03 
4.13201240e-03 4.26251410e+03 4.36837399e+03 4.48332149e+03 4.49465633e+03 4.49836053e+03 
3.51119173e-03 4.21402395e+03 4.32668106e+03 4.48192833e+03 4.49441605e+03 4.49847845e+03 
2.98364724e-03 4.16558068e+03 4.27940738e+03 4.48016667e+03 4.49422944e+03 4.49840261e+03 
2.53536449e-03 4.12089392e+03 4.23606829e+03 4.47790437e+03 4.49388247e+03 4.49823213e+03 
2.15443469e-03 4.07543856e+03 4.18883173e+03 4.47369828e+03 4.49284428e+03 4.49820892e+03 
1.83073828e-03 4.02807602e+03 4.14085491e+03 4.46725006e+03 4.49118215e+03 4.49760424e+03 
1.55567614e-03 3.98606669e+03 4.09097081e+03 4.45772180e+03 4.48893601e+03 4.49732678e+03 
1.32194115e-03 3.94130582e+03 4.04469720e+03 4.43846704e+03 4.48432699e+03 4.49599800e+03 
1.12332403e-03 3.89643711e+03 4.00094974e+03 4.40476180e+03 4.47743227e+03 4.49340875e+03 
9.54548457e-04 3.85241019e+03 3.95796208e+03 4.35287986e+03 4.46560178e+03 4.49111671e+03 
8.11130831e-04 3.81005413e+03 3.91340634e+03 4.28720377e+03 4.44407402e+03 4.48503573e+03 
6.89261210e-04 3.76675845e+03 3.87087365e+03 4.19929862e+03 4.41077638e+03 4.47486745e+03 
5.85702082e-04 3.72130269e+03 3.83112866e+03 4.09841437e+03 4.36377695e+03 4.46104036e+03 
4.97702356e-04 3.67541655e+03 3.78039546e+03 3.98178526e+03 4.29105520e+03 4.43409731e+03 
4.22924287e-04 3.62131527e+03 3.72509139e+03 3.88717406e+03 4.20036881e+03 4.39210324e+03 
3.59381366e-04 3.51010733e+03 3.66463955e+03 3.79766717e+03 4.08713714e+03 4.32314785e+03 
3.05385551e-04 3.39669707e+03 3.58660413e+03 3.72394935e+03 3.95438918e+03 4.23916395e+03 
2.59502421e-04 3.27728597e+03 3.48062753e+03 3.65086040e+03 3.82367106e+03 4.12311249e+03 
2.20513074e-04 3.16710734e+03 3.36291596e+03 3.58449001e+03 3.72045761e+03 3.98467435e+03 
1.87381742e-04 3.06194916e+03 3.24296311e+03 3.50548843e+03 3.65396629e+03 3.85264235e+03 
1.59228279e-04 2.95628596e+03 3.12251967e+03 3.40264245e+03 3.60473185e+03 3.72638271e+03 
1.35304777e-04 2.86082776e+03 3.00642927e+03 3.27368274e+03 3.56251933e+03 3.66377480e+03 
1.14975700e-04 2.76544834e+03 2.89807580e+03 3.15364968e+03 3.53124150e+03 3.63943900e+03 
9.77009957e-05 2.67395857e+03 2.79735969e+03 3.03624691e+03 3.50803272e+03 3.61565408e+03 
8.30217568e-05 2.58897686e+03 2.69886029e+03 2.92302336e+03 3.48612620e+03 3.59478885e+03 
7.05480231e-05 2.51110003e+03 2.60818033e+03 2.81370401e+03 3.46611843e+03 3.57123410e+03 
5.99484250e-05 2.43645664e+03 2.52704113e+03 2.72175168e+03 3.44629159e+03 3.55253447e+03 
5.09413801e-05 2.36763341e+03 2.45090199e+03 2.63333254e+03 3.42906467e+03 3.53773449e+03 
4.32876128e-05 2.30498293e+03 2.38026079e+03 2.55603274e+03 3.41396956e+03 3.52636587e+03 
3.67837977e-05 2.24963486e+03 2.31659899e+03 2.48370116e+03 3.39964416e+03 3.51619213e+03 
3.12571585e-05 2.19977210e+03 2.26064427e+03 2.42580643e+03 3.38888070e+03 3.50627880e+03 
2.65608778e-05 2.15413051e+03 2.20845710e+03 2.37743743e+03 3.37934074e+03 3.49748871e+03 
2.25701972e-05 2.11682387e+03 2.16202023e+03 2.33619510e+03 3.36933189e+03 3.49001550e+03 
1.91791026e-05 2.08484814e+03 2.12453728e+03 2.30024062e+03 3.36214024e+03 3.48442651e+03 
1.62975083e-05 2.05819388e+03 2.09297256e+03 2.27254494e+03 3.35721891e+03 3.47885696e+03 
1.38488637e-05 2.03599398e+03 2.06908481e+03 2.24690946e+03 3.35263982e+03 3.47520156e+03 
1.17681195e-05 2.01823083e+03 2.05197430e+03 2.23271206e+03 3.34955099e+03 3.47276227e+03 
1.00000000e-05 2.00668226e+03 2.04119578e+03 2.22235310e+03 3.34715432e+03 3.47110234e+03 
