0.51 362.3142534278529
0.52 366.2005344308077
0.53 369.5212641324006
0.54 373.95875015601973
0.55 378.4446195466535
0.56 382.0808320081569
0.5700000000000001 385.6174154776379
0.5800000000000001 389.9813067491807
0.5900000000000001 394.32356338940326
0.6000000000000001 397.2207499695303
0.6100000000000001 401.58887880504176
0.6200000000000001 405.2167204247769
0.6300000000000001 408.78786023616
0.6400000000000002 413.2155937734194
0.6500000000000002 416.117937908627
0.6600000000000003 420.3993606340216
0.6700000000000003 423.40728961788295
0.6800000000000003 427.40540309909966
0.6900000000000003 432.0060307013514
0.7000000000000003 434.9827177124255
0.7100000000000002 439.0039294044425
0.7200000000000002 442.2462465999906
0.7300000000000002 445.8574308487432
0.7400000000000002 449.5014590388323
0.7500000000000002 452.71697961978066
0.7600000000000002 456.76720487650186
0.7700000000000002 459.7364830563006
0.7800000000000002 464.0628802367146
0.7900000000000003 466.9606983242463
0.8000000000000003 471.38124148974634
0.8100000000000003 474.973888336526
0.8200000000000003 478.66225694958484
0.8300000000000003 482.3310094296828
0.8400000000000003 485.9467559982618
0.8500000000000003 490.3516962691315
0.8600000000000003 493.2549627653782
0.8700000000000003 497.68247202944326
0.8800000000000006 500.58895641636286
0.8900000000000003 504.8756692074596
0.9000000000000006 507.8793791689675
0.9100000000000004 511.88597018834616
0.9200000000000006 516.4818501806003
0.9300000000000004 519.4558541553879
0.9400000000000006 523.4995780637139
0.9500000000000004 527.3995728034788
0.9600000000000006 530.7026590583866
0.9700000000000002 535.1075833534567
0.9800000000000006 538.2991394099083
0.9900000000000002 542.0189580157783
1.0000000000000004 546.7405808894205
1.0100000000000002 550.570442210241
1.0200000000000005 553.9230957646412
1.0300000000000002 558.3704729130761
1.0400000000000005 562.8068755824308
1.0500000000000003 566.4302051047498
1.0600000000000005 569.9903075233337
1.0700000000000003 574.3233907649935
1.0800000000000005 578.525893884281
1.0900000000000003 582.8437799146195
1.1000000000000005 585.741516210257
1.1100000000000003 590.076797172952
1.1200000000000006 594.4684873428203
1.1300000000000003 598.6597846635564
1.1400000000000003 601.5807094919946
1.1500000000000004 606.0910071160608
1.1600000000000004 610.8553461670942
1.1700000000000004 615.6599826821587
1.1800000000000004 620.1896432785736
1.1900000000000004 624.4258595393724
1.2000000000000004 628.7450284861877
1.2100000000000004 631.6463740911629
1.2200000000000004 635.9665631831756
1.2300000000000004 640.2279053653522
1.2400000000000004 644.810763741066
1.2500000000000007 649.6296724120891
1.2600000000000005 654.3638308340105
1.2700000000000007 658.7499876642203
1.2800000000000005 662.9388260508688
1.2900000000000007 667.2537361193097
1.3000000000000005 671.9252431864088
1.3100000000000007 676.753320797071
1.3200000000000005 681.4140811909749
1.3300000000000007 685.7205857036986
1.3400000000000005 689.9275447525008
1.3500000000000008 694.9703024837206
1.3600000000000005 699.3679141705416
1.3700000000000008 704.4014800204102
1.3800000000000006 709.7695269167466
1.3900000000000008 712.1437375199037
1.4000000000000006 715.5049636466103
1.4100000000000006 716.0281422210703
1.4200000000000006 723.0104021381746
1.4300000000000006 732.3828481815033
1.4400000000000006 736.8184600579918
1.4500000000000006 742.196746178314
1.4600000000000006 747.6827773949728
1.4700000000000006 752.3323723592391
1.4800000000000006 757.1474597603319
1.4900000000000007 761.8750045400886
1.5000000000000007 766.4510660679678
1.5100000000000007 772.0426483468452
1.5200000000000007 777.3251267161841
1.5300000000000007 781.674299666925
1.5400000000000007 786.3507902506587
1.5500000000000007 792.1302272738699
1.5600000000000007 797.043281768702
1.5700000000000007 801.2744208126794
1.5800000000000007 806.304195663434
1.5900000000000007 812.0452957304694
1.6000000000000008 816.6572144573217
1.6100000000000008 821.0994767608729
1.620000000000001 826.4445738953084
1.6300000000000008 831.9713640824414
1.640000000000001 836.5834140121658
1.6500000000000008 841.2993272225701
1.660000000000001 846.7075774173716
1.6700000000000008 852.1123306720506
1.6800000000000008 856.7164559390633
1.6900000000000008 862.8314946243111
1.7000000000000008 867.5263847597205
1.7100000000000009 872.1931890267822
1.7200000000000009 878.3111203503315
1.7300000000000009 882.9597664054147
1.7400000000000009 888.3454912276763
1.7500000000000009 893.7925405589037
1.760000000000001 898.4272359489557
1.770000000000001 903.8232006116539
1.780000000000001 909.2572158546502
1.790000000000001 913.902415895192
1.800000000000001 919.3034000995779
1.810000000000001 924.7141035178618
1.820000000000001 930.0125367569528
1.830000000000001 935.5565260223593
1.840000000000001 940.116534014953
1.850000000000001 946.1690067432532
1.860000000000001 951.1077500536351
1.8700000000000012 956.2483335321404
1.8800000000000006 961.9459041990347
1.8900000000000012 966.5445124832606
1.900000000000001 972.3995916128536
1.9100000000000013 977.6922365238759
1.9200000000000006 983.1743119464888
1.9300000000000013 988.8693964287497
1.940000000000001 993.5342909937026
1.9500000000000013 999.2922878698248
1.9600000000000006 1004.4875682113097
1.9700000000000009 1010.1019097735636
1.9800000000000015 1015.3837564787311
1.9900000000000009 1020.8309032305845
2.000000000000001 1026.2222959219425
2.0100000000000007 1030.8446244614936
2.0200000000000005 1036.304969599942
2.0300000000000002 1041.6229441889234
2.04 1046.987456682728
2.05 1052.327554257081
2.0599999999999996 1057.6581694116708
2.0699999999999994 1063.0706158466674
2.079999999999999 1067.7332296887291
2.089999999999999 1073.1373494656475
2.0999999999999988 1078.5192618558253
2.1099999999999985 1083.8316701465772
2.1199999999999983 1089.3342814881346
2.129999999999998 1094.5841540878166
2.139999999999998 1100.2498140201094
2.1499999999999977 1104.8307198758973
2.1599999999999975 1110.7378598172845
2.1699999999999973 1115.958993350017
2.179999999999997 1121.5115057772175
2.189999999999997 1127.1392644843374
2.1999999999999966 1131.8367811528183
2.2099999999999964 1137.6120750012822
2.219999999999996 1142.5629916722728
2.229999999999996 1147.272737816028
2.2399999999999958 1153.060167716549
2.2499999999999956 1158.2330338868048
2.2599999999999953 1163.9046401452404
2.269999999999995 1169.161385950546
2.279999999999995 1174.6569418232975
2.2899999999999947 1180.0279756739956
2.2999999999999945 1184.6235628298984
2.3099999999999943 1190.1275365423771
2.319999999999994 1195.4359527620218
2.329999999999994 1200.8240038199706
2.3399999999999936 1206.2278441033186
2.3499999999999934 1210.8868909048335
2.359999999999993 1216.3026937664313
2.369999999999993 1221.6317113980688
2.379999999999993 1226.9735043259732
2.3899999999999926 1232.3763386464564
2.3999999999999924 1237.0516880809241
2.409999999999992 1242.4545238298388
2.419999999999992 1247.8083269159229
2.4299999999999917 1253.131299768248
2.4399999999999915 1258.56809702813
2.4499999999999913 1263.1565650800928
2.459999999999991 1269.2678778406967
2.469999999999991 1274.0109604971367
2.4799999999999907 1278.6224258261268
2.4899999999999904 1284.7428314957197
2.4999999999999902 1289.4536559405278
2.50999999999999 1294.786838555343
2.51999999999999 1300.322880788975
2.5299999999999896 1304.9057507657706
2.5399999999999894 1310.258963825865
2.549999999999989 1315.7715410701262
2.559999999999989 1320.3653017401223
2.5699999999999887 1325.7329179347098
2.5799999999999885 1331.223361751595
2.5899999999999883 1335.82921125016
2.599999999999988 1341.208217415855
2.609999999999988 1346.678652349438
2.6199999999999877 1351.297004541087
2.6299999999999875 1356.6847312430136
2.6399999999999872 1362.1377323226488
2.649999999999987 1366.7682065211052
2.659999999999987 1372.1623283563868
2.6699999999999866 1377.6008957251902
2.6799999999999864 1382.2423420984537
2.689999999999986 1387.6408776961784
2.699999999999986 1393.0680191304969
2.7099999999999858 1397.718936181373
2.7199999999999855 1403.1202482025915
2.7299999999999853 1408.5386374882582
2.739999999999985 1413.1975136787592
2.749999999999985 1418.6003088238585
2.7599999999999847 1424.0122755447946
2.7699999999999845 1428.6775924782341
2.7799999999999843 1434.0808606663747
2.789999999999984 1439.4906047124086
2.799999999999984 1444.2323249630604
2.8099999999999836 1448.953277837306
2.8199999999999834 1454.375200870898
2.829999999999983 1459.7757158628306
2.839999999999983 1464.4238405890592
2.8499999999999828 1469.8544487697977
2.8599999999999826 1475.2566268456567
2.8699999999999823 1479.8945567503565
2.879999999999982 1484.6646280706377
2.889999999999982 1490.7747006147515
2.8999999999999817 1495.3361685492237
2.9099999999999815 1499.9021054649293
2.9199999999999813 1505.5440994358191
2.929999999999981 1510.7631542678382
2.939999999999981 1515.3382525017782
2.9499999999999806 1521.0068376919357
2.9599999999999804 1526.1880840277845
2.96999999999998 1530.7743491349843
2.97999999999998 1536.4647641491592
2.98999999999998 1541.904768647143
