0.500000000 942.982116699 
0.501399994 945.596618652 
0.502799988 948.211242676 
0.504199982 950.826110840 
0.505599976 953.441162109 
0.507000029 956.056396484 
0.508400023 958.671875000 
0.509800017 961.287475586 
0.511200011 963.903320312 
0.512600005 966.519409180 
0.513999999 969.135620117 
0.515399992 971.752075195 
0.516799986 974.368713379 
0.518199980 976.985595703 
0.519599974 979.602661133 
0.521000028 982.219909668 
0.522400022 984.837402344 
0.523800015 987.455139160 
0.525200009 990.072998047 
0.526600003 992.691162109 
0.527999997 995.309509277 
0.529399991 997.928039551 
0.530799985 1000.546813965 
0.532199979 1003.165832520 
0.533599973 1005.785095215 
0.535000026 1008.404541016 
0.536400020 1011.024169922 
0.537800014 1013.644104004 
0.539200008 1016.264221191 
0.540600002 1018.884582520 
0.541999996 1021.505187988 
0.543399990 1024.125976562 
0.544799984 1026.747070312 
0.546199977 1029.368286133 
0.547599971 1031.989868164 
0.549000025 1034.611572266 
0.550400019 1037.233642578 
0.551800013 1039.855834961 
0.553200006 1042.478271484 
0.554600000 1045.101074219 
0.555999994 1047.723999023 
0.557399988 1050.347167969 
0.558799982 1052.970703125 
0.560199976 1055.594360352 
0.561600029 1058.218261719 
0.563000023 1060.842529297 
0.564400017 1063.466918945 
0.565800011 1066.091674805 
0.567200005 1068.716674805 
0.568599999 1071.341796875 
0.569999993 1073.967285156 
0.571399987 1076.593017578 
0.572799981 1079.218994141 
0.574199975 1081.845214844 
0.575600028 1084.471679688 
0.577000022 1087.098510742 
0.578400016 1089.725463867 
0.579800010 1092.352783203 
0.581200004 1094.980346680 
0.582599998 1097.608154297 
0.583999991 1100.236206055 
0.585399985 1102.864501953 
0.586799979 1105.493164062 
0.588199973 1108.122070312 
0.589600027 1110.751220703 
0.591000021 1113.380615234 
0.592400014 1116.010375977 
0.593800008 1118.640380859 
0.595200002 1121.270629883 
0.596599996 1123.901123047 
0.597999990 1126.531860352 
0.599399984 1129.162963867 
0.600799978 1131.794311523 
0.602199972 1134.426025391 
0.603600025 1137.057983398 
0.605000019 1139.690185547 
0.606400013 1142.322631836 
0.607800007 1144.955444336 
0.609200001 1147.588500977 
0.610599995 1150.221801758 
0.611999989 1152.855468750 
0.613399982 1155.489379883 
0.614799976 1158.123657227 
0.616199970 1160.758178711 
0.617600024 1163.392944336 
0.619000018 1166.028076172 
0.620400012 1168.663452148 
0.621800005 1171.299072266 
0.623199999 1173.935058594 
0.624599993 1176.571411133 
0.625999987 1179.208007812 
0.627399981 1181.844848633 
0.628799975 1184.481933594 
0.630200028 1187.119506836 
0.631600022 1189.757202148 
0.633000016 1192.395263672 
0.634400010 1195.033691406 
0.635800004 1197.672363281 
0.637199998 1200.311401367 
0.638599992 1202.950683594 
0.639999986 1205.590209961 
0.641399980 1208.230102539 
0.642799973 1210.870361328 
0.644200027 1213.510864258 
0.645600021 1216.151733398 
0.647000015 1218.792846680 
0.648400009 1221.434326172 
0.649800003 1224.076171875 
0.651199996 1226.718261719 
0.652599990 1229.360595703 
0.653999984 1232.003295898 
0.655399978 1234.646362305 
0.656799972 1237.289672852 
0.658200026 1239.933349609 
0.659600019 1242.577392578 
0.661000013 1245.221679688 
0.662400007 1247.866333008 
0.663800001 1250.511230469 
0.665199995 1253.156494141 
0.666599989 1255.802124023 
0.667999983 1258.447998047 
0.669399977 1261.094238281 
0.670799971 1263.740844727 
0.672200024 1266.387695312 
0.673600018 1269.034912109 
0.675000012 1271.682495117 
0.676400006 1274.330322266 
0.677800000 1276.978515625 
0.679199994 1279.627075195 
0.680599988 1282.276000977 
0.681999981 1284.925170898 
0.683399975 1287.574707031 
0.684800029 1290.224609375 
0.686200023 1292.874755859 
0.687600017 1295.525268555 
0.689000010 1298.176147461 
0.690400004 1300.827392578 
0.691799998 1303.478881836 
0.693199992 1306.130737305 
0.694599986 1308.782958984 
0.695999980 1311.435546875 
0.697399974 1314.088378906 
0.698800027 1316.741699219 
0.700200021 1319.395263672 
0.701600015 1322.049194336 
0.703000009 1324.703369141 
0.704400003 1327.358032227 
0.705799997 1330.012939453 
0.707199991 1332.668212891 
0.708599985 1335.323852539 
0.709999979 1337.979858398 
0.711399972 1340.636230469 
0.712800026 1343.292846680 
0.714200020 1345.949951172 
0.715600014 1348.607299805 
0.717000008 1351.265014648 
0.718400002 1353.923095703 
0.719799995 1356.581542969 
0.721199989 1359.240356445 
0.722599983 1361.899414062 
0.723999977 1364.558959961 
0.725399971 1367.218750000 
0.726800025 1369.878906250 
0.728200018 1372.539550781 
0.729600012 1375.200439453 
0.731000006 1377.861694336 
0.732400000 1380.523315430 
0.733799994 1383.185302734 
0.735199988 1385.847656250 
0.736599982 1388.510253906 
0.737999976 1391.173339844 
0.739400029 1393.836791992 
0.740800023 1396.500488281 
0.742200017 1399.164672852 
0.743600011 1401.829101562 
0.745000005 1404.494018555 
0.746399999 1407.159179688 
0.747799993 1409.824829102 
0.749199986 1412.490722656 
0.750599980 1415.157104492 
0.751999974 1417.823730469 
0.753400028 1420.490844727 
0.754800022 1423.158203125 
0.756200016 1425.826049805 
0.757600009 1428.494140625 
0.759000003 1431.162719727 
0.760399997 1433.831542969 
0.761799991 1436.500854492 
0.763199985 1439.170410156 
0.764599979 1441.840454102 
0.765999973 1444.510864258 
0.767400026 1447.181518555 
0.768800020 1449.852661133 
0.770200014 1452.524169922 
0.771600008 1455.196044922 
0.773000002 1457.868286133 
0.774399996 1460.540893555 
0.775799990 1463.213867188 
0.777199984 1465.887207031 
0.778599977 1468.561035156 
0.779999971 1471.235107422 
0.781400025 1473.909667969 
0.782800019 1476.584472656 
0.784200013 1479.259765625 
0.785600007 1481.935424805 
0.787000000 1484.611450195 
0.788399994 1487.287841797 
0.789799988 1489.964599609 
0.791199982 1492.641723633 
0.792599976 1495.319335938 
0.794000030 1497.997192383 
0.795400023 1500.675537109 
0.796800017 1503.354248047 
0.798200011 1506.033325195 
0.799600005 1508.712768555 
0.800999999 1511.392700195 
0.802399993 1514.072875977 
0.803799987 1516.753540039 
0.805199981 1519.434570312 
0.806599975 1522.115966797 
0.808000028 1524.797729492 
0.809400022 1527.479858398 
0.810800016 1530.162475586 
0.812200010 1532.845458984 
0.813600004 1535.528808594 
0.814999998 1538.212524414 
0.816399992 1540.896728516 
0.817799985 1543.581176758 
0.819199979 1546.266113281 
0.820599973 1548.951416016 
0.822000027 1551.637207031 
0.823400021 1554.323242188 
0.824800014 1557.009765625 
0.826200008 1559.696655273 
0.827600002 1562.384033203 
0.828999996 1565.071655273 
0.830399990 1567.759765625 
0.831799984 1570.448242188 
0.833199978 1573.137084961 
0.834599972 1575.826416016 
0.836000025 1578.516113281 
0.837400019 1581.206176758 
0.838800013 1583.896606445 
0.840200007 1586.587524414 
0.841600001 1589.278808594 
0.842999995 1591.970458984 
0.844399989 1594.662597656 
0.845799983 1597.355102539 
0.847199976 1600.047973633 
0.848599970 1602.741333008 
0.850000024 1605.435058594 
0.851400018 1608.129150391 
0.852800012 1610.823608398 
0.854200006 1613.518554688 
0.855599999 1616.213867188 
0.856999993 1618.909667969 
0.858399987 1621.605712891 
0.859799981 1624.302368164 
0.861199975 1626.999267578 
0.862600029 1629.696655273 
0.864000022 1632.394409180 
0.865400016 1635.092651367 
0.866800010 1637.791259766 
0.868200004 1640.490234375 
0.869599998 1643.189697266 
0.870999992 1645.889526367 
0.872399986 1648.589721680 
0.873799980 1651.290405273 
0.875199974 1653.991455078 
0.876600027 1656.692993164 
0.878000021 1659.394897461 
0.879400015 1662.097167969 
0.880800009 1664.799926758 
0.882200003 1667.503173828 
0.883599997 1670.206665039 
0.884999990 1672.910644531 
0.886399984 1675.615112305 
0.887799978 1678.319946289 
0.889199972 1681.025146484 
0.890600026 1683.730834961 
0.892000020 1686.436889648 
0.893400013 1689.143432617 
0.894800007 1691.850341797 
0.896200001 1694.557739258 
0.897599995 1697.265502930 
0.898999989 1699.973632812 
0.900399983 1702.682250977 
0.901799977 1705.391357422 
0.903199971 1708.100830078 
0.904600024 1710.810668945 
0.906000018 1713.520996094 
0.907400012 1716.231689453 
0.908800006 1718.942871094 
0.910200000 1721.654541016 
0.911599994 1724.366577148 
0.912999988 1727.078979492 
0.914399981 1729.791870117 
0.915799975 1732.505126953 
0.917200029 1735.218872070 
0.918600023 1737.933105469 
0.920000017 1740.647705078 
0.921400011 1743.362670898 
0.922800004 1746.078125000 
0.924199998 1748.794067383 
0.925599992 1751.510375977 
0.926999986 1754.227172852 
0.928399980 1756.944335938 
0.929799974 1759.661987305 
0.931200027 1762.380004883 
0.932600021 1765.098510742 
0.934000015 1767.817382812 
0.935400009 1770.536743164 
0.936800003 1773.256591797 
0.938199997 1775.976806641 
0.939599991 1778.697509766 
0.940999985 1781.418701172 
0.942399979 1784.140258789 
0.943799973 1786.862182617 
0.945200026 1789.584594727 
0.946600020 1792.307495117 
0.948000014 1795.030883789 
0.949400008 1797.754638672 
0.950800002 1800.478759766 
0.952199996 1803.203491211 
0.953599989 1805.928466797 
0.954999983 1808.654052734 
0.956399977 1811.380004883 
0.957799971 1814.106445312 
0.959200025 1816.833374023 
0.960600019 1819.560668945 
0.962000012 1822.288330078 
0.963400006 1825.016601562 
0.964800000 1827.745239258 
0.966199994 1830.474365234 
0.967599988 1833.203857422 
0.968999982 1835.933959961 
0.970399976 1838.664306641 
0.971800029 1841.395263672 
0.973200023 1844.126586914 
0.974600017 1846.858398438 
0.976000011 1849.590698242 
0.977400005 1852.323364258 
0.978799999 1855.056518555 
0.980199993 1857.790161133 
0.981599987 1860.524169922 
0.982999980 1863.258789062 
0.984399974 1865.993774414 
0.985800028 1868.729125977 
0.987200022 1871.465087891 
0.988600016 1874.201416016 
0.990000010 1876.938232422 
0.991400003 1879.675537109 
0.992799997 1882.413208008 
0.994199991 1885.151367188 
0.995599985 1887.890014648 
0.996999979 1890.629150391 
0.998399973 1893.368774414 
0.999800026 1896.108764648 
1.001199961 1898.849243164 
1.002599955 1901.590209961 
1.003999949 1904.331665039 
1.005399942 1907.073486328 
1.006800056 1909.815917969 
1.008200049 1912.558715820 
1.009600043 1915.302001953 
1.011000037 1918.045776367 
1.012400031 1920.789916992 
1.013800025 1923.534667969 
1.015200019 1926.279785156 
1.016600013 1929.025390625 
1.018000007 1931.771484375 
1.019400001 1934.518066406 
1.020799994 1937.265136719 
1.022199988 1940.012695312 
1.023599982 1942.760620117 
1.024999976 1945.509033203 
1.026399970 1948.258056641 
1.027799964 1951.007446289 
1.029199958 1953.757324219 
1.030599952 1956.507690430 
1.031999946 1959.258544922 
1.033400059 1962.009765625 
1.034800053 1964.761596680 
1.036200047 1967.513916016 
1.037600040 1970.266601562 
1.039000034 1973.019775391 
1.040400028 1975.773559570 
1.041800022 1978.527709961 
1.043200016 1981.282348633 
1.044600010 1984.037597656 
1.046000004 1986.793212891 
1.047399998 1989.549316406 
1.048799992 1992.305908203 
1.050199986 1995.062988281 
1.051599979 1997.820556641 
1.052999973 2000.578613281 
1.054399967 2003.337158203 
1.055799961 2006.096191406 
1.057199955 2008.855712891 
1.058599949 2011.615722656 
1.059999943 2014.376342773 
1.061400056 2017.137329102 
1.062800050 2019.898803711 
1.064200044 2022.660766602 
1.065600038 2025.423217773 
1.067000031 2028.186157227 
1.068400025 2030.949707031 
1.069800019 2033.713623047 
1.071200013 2036.478149414 
1.072600007 2039.243041992 
1.074000001 2042.008544922 
1.075399995 2044.774414062 
1.076799989 2047.540893555 
1.078199983 2050.307861328 
1.079599977 2053.075195312 
1.080999970 2055.843261719 
1.082399964 2058.611572266 
1.083799958 2061.380615234 
1.085199952 2064.150146484 
1.086599946 2066.920166016 
1.088000059 2069.690429688 
1.089400053 2072.461425781 
1.090800047 2075.232910156 
1.092200041 2078.004882812 
1.093600035 2080.777587891 
1.095000029 2083.550537109 
1.096400023 2086.323974609 
1.097800016 2089.098144531 
1.099200010 2091.872558594 
1.100600004 2094.647705078 
1.101999998 2097.423095703 
1.103399992 2100.199218750 
1.104799986 2102.975830078 
1.106199980 2105.752929688 
1.107599974 2108.530517578 
1.108999968 2111.308837891 
1.110399961 2114.087402344 
1.111799955 2116.866699219 
1.113199949 2119.646240234 
1.114599943 2122.426513672 
1.116000056 2125.207275391 
1.117400050 2127.988525391 
1.118800044 2130.770263672 
1.120200038 2133.552734375 
1.121600032 2136.335449219 
1.123000026 2139.118896484 
1.124400020 2141.902832031 
1.125800014 2144.687255859 
1.127200007 2147.472167969 
1.128600001 2150.257568359 
1.129999995 2153.043701172 
1.131399989 2155.830078125 
1.132799983 2158.617187500 
1.134199977 2161.404785156 
1.135599971 2164.192871094 
1.136999965 2166.981689453 
1.138399959 2169.770751953 
1.139799953 2172.560546875 
1.141199946 2175.350830078 
1.142600060 2178.141601562 
1.144000053 2180.933105469 
1.145400047 2183.724853516 
1.146800041 2186.517333984 
1.148200035 2189.310302734 
1.149600029 2192.104003906 
1.151000023 2194.897949219 
1.152400017 2197.692626953 
1.153800011 2200.487792969 
1.155200005 2203.283447266 
1.156599998 2206.079833984 
1.157999992 2208.876708984 
1.159399986 2211.674072266 
1.160799980 2214.471923828 
1.162199974 2217.270263672 
1.163599968 2220.069335938 
1.164999962 2222.868896484 
1.166399956 2225.669189453 
1.167799950 2228.469726562 
1.169199944 2231.270996094 
1.170600057 2234.072753906 
1.172000051 2236.875244141 
1.173400044 2239.678222656 
1.174800038 2242.481689453 
1.176200032 2245.285644531 
1.177600026 2248.090332031 
1.179000020 2250.895507812 
1.180400014 2253.701171875 
1.181800008 2256.507568359 
1.183200002 2259.314453125 
1.184599996 2262.121826172 
1.185999990 2264.929931641 
1.187399983 2267.738525391 
1.188799977 2270.547851562 
1.190199971 2273.357421875 
1.191599965 2276.167724609 
1.192999959 2278.978759766 
1.194399953 2281.790283203 
1.195799947 2284.602294922 
1.197199941 2287.414794922 
1.198600054 2290.228027344 
1.200000048 2293.041992188 
1.201400042 2295.856201172 
1.202800035 2298.671142578 
1.204200029 2301.486816406 
1.205600023 2304.302978516 
1.207000017 2307.119628906 
1.208400011 2309.937011719 
1.209800005 2312.754882812 
1.211199999 2315.573486328 
1.212599993 2318.392578125 
1.213999987 2321.212158203 
1.215399981 2324.032470703 
1.216799974 2326.853271484 
1.218199968 2329.674804688 
1.219599962 2332.496826172 
1.220999956 2335.319580078 
1.222399950 2338.142822266 
1.223799944 2340.966796875 
1.225200057 2343.791259766 
1.226600051 2346.616210938 
1.228000045 2349.441894531 
1.229400039 2352.268310547 
1.230800033 2355.095214844 
1.232200027 2357.922851562 
1.233600020 2360.750976562 
1.235000014 2363.579589844 
1.236400008 2366.408935547 
1.237800002 2369.239013672 
1.239199996 2372.069580078 
1.240599990 2374.900878906 
1.241999984 2377.732666016 
1.243399978 2380.565185547 
1.244799972 2383.398193359 
1.246199965 2386.231933594 
1.247599959 2389.066162109 
1.248999953 2391.901123047 
1.250399947 2394.736816406 
1.251799941 2397.572998047 
1.253200054 2400.409912109 
1.254600048 2403.247314453 
1.256000042 2406.085449219 
1.257400036 2408.924316406 
1.258800030 2411.763671875 
1.260200024 2414.603759766 
1.261600018 2417.444335938 
1.263000011 2420.285644531 
1.264400005 2423.127685547 
1.265799999 2425.970214844 
1.267199993 2428.813476562 
1.268599987 2431.657470703 
1.269999981 2434.501953125 
1.271399975 2437.347167969 
1.272799969 2440.192871094 
1.274199963 2443.039550781 
1.275599957 2445.886718750 
1.276999950 2448.734375000 
1.278399944 2451.583007812 
1.279800057 2454.432128906 
1.281200051 2457.281982422 
1.282600045 2460.132324219 
1.284000039 2462.983398438 
1.285400033 2465.835205078 
1.286800027 2468.687744141 
1.288200021 2471.540771484 
1.289600015 2474.394775391 
1.291000009 2477.249023438 
1.292400002 2480.104248047 
1.293799996 2482.960205078 
1.295199990 2485.816650391 
1.296599984 2488.673828125 
1.297999978 2491.531738281 
1.299399972 2494.390136719 
1.300799966 2497.249511719 
1.302199960 2500.109375000 
1.303599954 2502.969970703 
1.304999948 2505.831298828 
1.306399941 2508.693359375 
1.307800055 2511.555908203 
1.309200048 2514.419433594 
1.310600042 2517.283447266 
1.312000036 2520.148193359 
1.313400030 2523.013671875 
1.314800024 2525.879882812 
1.316200018 2528.746826172 
1.317600012 2531.614501953 
1.319000006 2534.482666016 
1.320400000 2537.351806641 
1.321799994 2540.221435547 
1.323199987 2543.091796875 
1.324599981 2545.963134766 
1.325999975 2548.834960938 
1.327399969 2551.707519531 
1.328799963 2554.580810547 
1.330199957 2557.454833984 
1.331599951 2560.329589844 
1.332999945 2563.205078125 
1.334400058 2566.081298828 
1.335800052 2568.958251953 
1.337200046 2571.835937500 
1.338600039 2574.714355469 
1.340000033 2577.593505859 
1.341400027 2580.473388672 
1.342800021 2583.354003906 
1.344200015 2586.235351562 
1.345600009 2589.117675781 
1.347000003 2592.000488281 
1.348399997 2594.884033203 
1.349799991 2597.768554688 
1.351199985 2600.653564453 
1.352599978 2603.539550781 
1.353999972 2606.426025391 
1.355399966 2609.313476562 
1.356799960 2612.201660156 
1.358199954 2615.090576172 
1.359599948 2617.980224609 
1.360999942 2620.870605469 
1.362400055 2623.761962891 
1.363800049 2626.654052734 
1.365200043 2629.546630859 
1.366600037 2632.440185547 
1.368000031 2635.334472656 
1.369400024 2638.229736328 
1.370800018 2641.125488281 
1.372200012 2644.022216797 
1.373600006 2646.919677734 
1.375000000 2649.817871094 
1.376399994 2652.717041016 
1.377799988 2655.616943359 
1.379199982 2658.517578125 
1.380599976 2661.418945312 
1.381999969 2664.321289062 
1.383399963 2667.224365234 
1.384799957 2670.128173828 
1.386199951 2673.032714844 
1.387599945 2675.938232422 
1.389000058 2678.844482422 
1.390400052 2681.751708984 
1.391800046 2684.659423828 
1.393200040 2687.568359375 
1.394600034 2690.477783203 
1.396000028 2693.388183594 
1.397400022 2696.299560547 
1.398800015 2699.211425781 
1.400200009 2702.124267578 
1.401600003 2705.038085938 
1.402999997 2707.952636719 
1.404399991 2710.868164062 
1.405799985 2713.784179688 
1.407199979 2716.701416016 
1.408599973 2719.619384766 
1.409999967 2722.538085938 
1.411399961 2725.457763672 
1.412799954 2728.378173828 
1.414199948 2731.299560547 
1.415599942 2734.221679688 
1.417000055 2737.144775391 
1.418400049 2740.068847656 
1.419800043 2742.993652344 
1.421200037 2745.919189453 
1.422600031 2748.845947266 
1.424000025 2751.773193359 
1.425400019 2754.701660156 
1.426800013 2757.630859375 
1.428200006 2760.560791016 
1.429600000 2763.491943359 
1.430999994 2766.423828125 
1.432399988 2769.356445312 
1.433799982 2772.290039062 
1.435199976 2775.224609375 
1.436599970 2778.160156250 
1.437999964 2781.096435547 
1.439399958 2784.033691406 
1.440799952 2786.971923828 
1.442199945 2789.911132812 
1.443600059 2792.851074219 
1.445000052 2795.791992188 
1.446400046 2798.733886719 
1.447800040 2801.676757812 
1.449200034 2804.620361328 
1.450600028 2807.564941406 
1.452000022 2810.510498047 
1.453400016 2813.457031250 
1.454800010 2816.404541016 
1.456200004 2819.353027344 
1.457599998 2822.302246094 
1.458999991 2825.252685547 
1.460399985 2828.203857422 
1.461799979 2831.156005859 
1.463199973 2834.109130859 
1.464599967 2837.063232422 
1.465999961 2840.018310547 
1.467399955 2842.974609375 
1.468799949 2845.931640625 
1.470199943 2848.889648438 
1.471600056 2851.848632812 
1.473000050 2854.808593750 
1.474400043 2857.769531250 
1.475800037 2860.731445312 
1.477200031 2863.694335938 
1.478600025 2866.658203125 
1.480000019 2869.623291016 
1.481400013 2872.589111328 
1.482800007 2875.556152344 
1.484200001 2878.523925781 
1.485599995 2881.492919922 
1.486999989 2884.462890625 
1.488399982 2887.433837891 
1.489799976 2890.406005859 
1.491199970 2893.378906250 
1.492599964 2896.353027344 
1.493999958 2899.328125000 
1.495399952 2902.304199219 
1.496799946 2905.281494141 
1.498200059 2908.259765625 
1.499600053 2911.239013672 
1.501000047 2914.219238281 
1.502400041 2917.200683594 
1.503800035 2920.183105469 
1.505200028 2923.166503906 
1.506600022 2926.151123047 
1.508000016 2929.136718750 
1.509400010 2932.123291016 
1.510800004 2935.111083984 
1.512199998 2938.100097656 
1.513599992 2941.089843750 
1.514999986 2944.081054688 
1.516399980 2947.072998047 
1.517799973 2950.066406250 
1.519199967 2953.060546875 
1.520599961 2956.055908203 
1.521999955 2959.052490234 
1.523399949 2962.050048828 
1.524799943 2965.048828125 
1.526200056 2968.048828125 
1.527600050 2971.049804688 
1.529000044 2974.051757812 
1.530400038 2977.055175781 
1.531800032 2980.059570312 
1.533200026 2983.064941406 
1.534600019 2986.071533203 
1.536000013 2989.079345703 
1.537400007 2992.088378906 
1.538800001 2995.098388672 
1.540199995 2998.109863281 
1.541599989 3001.122314453 
1.542999983 3004.135742188 
1.544399977 3007.150634766 
1.545799971 3010.166503906 
1.547199965 3013.183593750 
1.548599958 3016.201904297 
1.549999952 3019.221435547 
1.551399946 3022.242187500 
1.552800059 3025.263916016 
1.554200053 3028.287109375 
1.555600047 3031.311523438 
1.557000041 3034.336914062 
1.558400035 3037.363769531 
1.559800029 3040.391601562 
1.561200023 3043.420654297 
1.562600017 3046.451171875 
1.564000010 3049.482910156 
1.565400004 3052.515625000 
1.566799998 3055.549804688 
1.568199992 3058.585205078 
1.569599986 3061.621826172 
1.570999980 3064.659667969 
1.572399974 3067.698730469 
1.573799968 3070.739013672 
1.575199962 3073.780761719 
1.576599956 3076.823730469 
1.577999949 3079.867919922 
1.579399943 3082.913330078 
1.580800056 3085.960205078 
1.582200050 3089.008300781 
1.583600044 3092.057617188 
1.585000038 3095.108398438 
1.586400032 3098.160400391 
1.587800026 3101.213623047 
1.589200020 3104.268310547 
1.590600014 3107.324218750 
1.592000008 3110.381347656 
1.593400002 3113.439941406 
1.594799995 3116.500000000 
1.596199989 3119.561279297 
1.597599983 3122.624023438 
1.598999977 3125.687988281 
1.600399971 3128.753173828 
1.601799965 3131.820068359 
1.603199959 3134.888183594 
1.604599953 3137.957519531 
1.605999947 3141.028320312 
1.607399940 3144.100585938 
1.608800054 3147.174316406 
1.610200047 3150.249267578 
1.611600041 3153.325683594 
1.613000035 3156.403564453 
1.614400029 3159.482666016 
1.615800023 3162.563232422 
1.617200017 3165.645507812 
1.618600011 3168.729003906 
1.620000005 3171.813720703 
1.621399999 3174.900146484 
1.622799993 3177.988037109 
1.624199986 3181.077148438 
1.625599980 3184.167968750 
1.626999974 3187.260253906 
1.628399968 3190.353759766 
1.629799962 3193.448974609 
1.631199956 3196.545654297 
1.632599950 3199.643554688 
1.633999944 3202.743164062 
1.635400057 3205.844238281 
1.636800051 3208.946777344 
1.638200045 3212.051025391 
1.639600039 3215.156494141 
1.641000032 3218.263671875 
1.642400026 3221.372314453 
1.643800020 3224.482421875 
1.645200014 3227.594238281 
1.646600008 3230.707519531 
1.648000002 3233.822265625 
1.649399996 3236.938720703 
1.650799990 3240.056640625 
1.652199984 3243.176025391 
1.653599977 3246.297119141 
1.654999971 3249.419921875 
1.656399965 3252.543945312 
1.657799959 3255.669921875 
1.659199953 3258.797363281 
1.660599947 3261.926269531 
1.661999941 3265.057128906 
1.663400054 3268.189208984 
1.664800048 3271.323242188 
1.666200042 3274.458740234 
1.667600036 3277.595947266 
1.669000030 3280.734863281 
1.670400023 3283.875244141 
1.671800017 3287.017333984 
1.673200011 3290.161132812 
1.674600005 3293.306640625 
1.675999999 3296.453857422 
1.677399993 3299.602539062 
1.678799987 3302.753173828 
1.680199981 3305.905273438 
1.681599975 3309.059326172 
1.682999969 3312.214843750 
1.684399962 3315.372314453 
1.685799956 3318.531494141 
1.687199950 3321.692138672 
1.688599944 3324.854736328 
1.690000057 3328.019042969 
1.691400051 3331.185302734 
1.692800045 3334.353027344 
1.694200039 3337.522705078 
1.695600033 3340.694091797 
1.697000027 3343.867187500 
1.698400021 3347.042236328 
1.699800014 3350.218994141 
1.701200008 3353.397460938 
1.702600002 3356.577880859 
1.703999996 3359.760009766 
1.705399990 3362.944091797 
1.706799984 3366.130126953 
1.708199978 3369.317626953 
1.709599972 3372.507324219 
1.710999966 3375.698730469 
1.712399960 3378.892089844 
1.713799953 3382.087158203 
1.715199947 3385.284179688 
1.716599941 3388.483154297 
1.718000054 3391.684082031 
1.719400048 3394.886718750 
1.720800042 3398.091308594 
1.722200036 3401.297851562 
1.723600030 3404.506591797 
1.725000024 3407.716796875 
1.726400018 3410.929199219 
1.727800012 3414.143554688 
1.729200006 3417.359863281 
1.730599999 3420.578125000 
1.731999993 3423.798583984 
1.733399987 3427.020751953 
1.734799981 3430.244873047 
1.736199975 3433.471191406 
1.737599969 3436.699462891 
1.738999963 3439.929687500 
1.740399957 3443.162109375 
1.741799951 3446.396484375 
1.743199944 3449.632812500 
1.744600058 3452.871093750 
1.746000051 3456.111816406 
1.747400045 3459.354248047 
1.748800039 3462.598876953 
1.750200033 3465.845703125 
1.751600027 3469.094482422 
1.753000021 3472.345458984 
1.754400015 3475.598632812 
1.755800009 3478.853759766 
1.757200003 3482.111083984 
1.758599997 3485.370605469 
1.759999990 3488.632080078 
1.761399984 3491.895996094 
1.762799978 3495.161865234 
1.764199972 3498.429931641 
1.765599966 3501.700439453 
1.766999960 3504.972900391 
1.768399954 3508.247558594 
1.769799948 3511.524658203 
1.771199942 3514.803710938 
1.772600055 3518.085205078 
1.774000049 3521.368652344 
1.775400043 3524.654785156 
1.776800036 3527.942871094 
1.778200030 3531.233398438 
1.779600024 3534.526123047 
1.781000018 3537.821044922 
1.782400012 3541.118408203 
1.783800006 3544.417968750 
1.785200000 3547.719970703 
1.786599994 3551.024169922 
1.787999988 3554.330810547 
1.789399981 3557.639892578 
1.790799975 3560.951171875 
1.792199969 3564.265136719 
1.793599963 3567.581054688 
1.794999957 3570.899658203 
1.796399951 3574.220458984 
1.797799945 3577.543945312 
1.799200058 3580.869628906 
1.800600052 3584.197753906 
1.802000046 3587.528564453 
1.803400040 3590.861572266 
1.804800034 3594.197265625 
1.806200027 3597.535156250 
1.807600021 3600.875732422 
1.809000015 3604.218750000 
1.810400009 3607.564453125 
1.811800003 3610.912353516 
1.813199997 3614.262939453 
1.814599991 3617.616210938 
1.815999985 3620.971923828 
1.817399979 3624.330078125 
1.818799973 3627.690917969 
1.820199966 3631.054443359 
1.821599960 3634.420410156 
1.822999954 3637.789062500 
1.824399948 3641.160400391 
1.825799942 3644.534423828 
1.827200055 3647.910888672 
1.828600049 3651.290039062 
1.830000043 3654.671875000 
1.831400037 3658.056640625 
1.832800031 3661.443847656 
1.834200025 3664.833740234 
1.835600019 3668.226562500 
1.837000012 3671.621826172 
1.838400006 3675.020019531 
1.839800000 3678.420898438 
1.841199994 3681.824462891 
1.842599988 3685.230957031 
1.843999982 3688.640136719 
1.845399976 3692.052246094 
1.846799970 3695.467041016 
1.848199964 3698.884765625 
1.849599957 3702.305419922 
1.850999951 3705.728759766 
1.852399945 3709.154785156 
1.853800058 3712.583984375 
1.855200052 3716.016113281 
1.856600046 3719.450927734 
1.858000040 3722.888671875 
1.859400034 3726.329345703 
1.860800028 3729.773193359 
1.862200022 3733.219726562 
1.863600016 3736.669433594 
1.865000010 3740.121826172 
1.866400003 3743.577392578 
1.867799997 3747.036132812 
1.869199991 3750.497802734 
1.870599985 3753.962402344 
1.871999979 3757.429931641 
1.873399973 3760.900878906 
1.874799967 3764.374511719 
1.876199961 3767.851562500 
1.877599955 3771.331542969 
1.878999949 3774.814697266 
1.880399942 3778.300781250 
1.881800056 3781.790283203 
1.883200049 3785.282958984 
1.884600043 3788.778564453 
1.886000037 3792.277587891 
1.887400031 3795.779541016 
1.888800025 3799.284912109 
1.890200019 3802.793457031 
1.891600013 3806.305419922 
1.893000007 3809.820312500 
1.894400001 3813.338623047 
1.895799994 3816.860351562 
1.897199988 3820.385253906 
1.898599982 3823.913574219 
1.899999976 3827.445068359 
