     ALT          P          T          FH2O           O3           THEAT        TCOOL        PSATCO2        FCO2
1.1034E+02  1.1376E-07 1.8227E+02    7.9286E-06    4.8519E-07    5.1338E+02   -3.9158E+02    3.4630E-01    3.6000E-02
1.0852E+02  1.4706E-07 1.8009E+02    7.9655E-06    4.8519E-07    3.7431E+02   -2.5744E+02    2.8134E-01    3.6000E-02
1.0672E+02  1.8976E-07 1.8040E+02    7.9999E-06    4.8519E-07    3.5097E+02   -2.1188E+02    2.8986E-01    3.6000E-02
1.0494E+02  2.4436E-07 1.7827E+02    8.0338E-06    4.8519E-07    3.0905E+02   -2.4897E+02    2.3557E-01    3.6000E-02
1.0320E+02  3.1407E-07 1.7542E+02    8.0672E-06    4.8519E-07    2.4671E+02   -2.5415E+02    1.7719E-01    3.6000E-02
1.0151E+02  4.0288E-07 1.7201E+02    8.1001E-06    4.8519E-07    1.8809E+02   -1.8839E+02    1.2438E-01    3.6000E-02
9.9861E+01  5.1579E-07 1.6880E+02    8.1325E-06    4.8519E-07    1.3981E+02   -1.5184E+02    8.7909E-02    3.6000E-02
9.8256E+01  6.5907E-07 1.6614E+02    8.1600E-06    4.8519E-07    1.0534E+02   -1.0488E+02    6.5263E-02    3.6000E-02
9.6688E+01  8.4050E-07 1.6380E+02    8.1348E-06    8.2835E-07    8.0535E+01   -8.0726E+01    4.9845E-02    3.6000E-02
9.5154E+01  1.0698E-06 1.6170E+02    8.1045E-06    1.2911E-06    6.1981E+01   -6.2914E+01    3.8850E-02    3.6000E-02
9.3653E+01  1.3590E-06 1.5979E+02    8.0748E-06    1.8621E-06    4.8207E+01   -4.9145E+01    3.0789E-02    3.6000E-02
9.2181E+01  1.7230E-06 1.5804E+02    8.0456E-06    2.5749E-06    3.8157E+01   -3.9205E+01    2.4752E-02    3.6000E-02
9.0737E+01  2.1803E-06 1.5643E+02    8.0170E-06    3.4279E-06    3.0893E+01   -3.1760E+01    2.0165E-02    3.6000E-02
8.9320E+01  2.7536E-06 1.5496E+02    7.9889E-06    4.4410E-06    2.5658E+01   -2.6348E+01    1.6652E-02    3.6000E-02
8.7928E+01  3.4708E-06 1.5360E+02    7.9613E-06    5.5990E-06    2.1813E+01   -2.2207E+01    1.3896E-02    3.6000E-02
8.6561E+01  4.3663E-06 1.5230E+02    7.9242E-06    6.8689E-06    1.8851E+01   -1.9075E+01    1.1663E-02    3.6000E-02
8.5217E+01  5.4822E-06 1.5101E+02    7.8976E-06    8.1889E-06    1.6417E+01   -1.6408E+01    9.7705E-03    3.6000E-02
8.3896E+01  6.8699E-06 1.4966E+02    7.8714E-06    9.4723E-06    1.4199E+01   -1.3996E+01    8.0939E-03    3.6000E-02
8.2600E+01  8.5921E-06 1.4822E+02    7.8357E-06    1.0614E-05    1.1997E+01   -1.1707E+01    6.5970E-03    3.6000E-02
8.1328E+01  1.0725E-05 1.4674E+02    7.8104E-06    1.1587E-05    1.0204E+01   -9.9499E+00    5.3177E-03    3.6000E-02
8.0080E+01  1.3362E-05 1.4535E+02    7.7813E-06    1.2287E-05    8.9666E+00   -9.0744E+00    4.3249E-03    3.6000E-02
7.8855E+01  1.6614E-05 1.4422E+02    7.7513E-06    1.2787E-05    8.0261E+00   -8.3850E+00    3.6470E-03    3.6000E-02
7.7648E+01  2.0618E-05 1.4349E+02    7.7273E-06    1.3100E-05    7.3381E+00   -7.7884E+00    3.2634E-03    3.6000E-02
7.6457E+01  2.5536E-05 1.4324E+02    7.7036E-06    1.3200E-05    6.8464E+00   -7.2445E+00    3.1388E-03    3.6000E-02
7.5277E+01  3.1567E-05 1.4347E+02    7.6801E-06    1.3200E-05    6.4971E+00   -6.7630E+00    3.2515E-03    3.6000E-02
7.4105E+01  3.8945E-05 1.4415E+02    7.6536E-06    1.3068E-05    6.2480E+00   -6.3840E+00    3.6083E-03    3.6000E-02
7.2937E+01  4.7955E-05 1.4524E+02    7.6300E-06    1.2835E-05    6.0713E+00   -6.1458E+00    4.2551E-03    3.6000E-02
7.1770E+01  5.8935E-05 1.4671E+02    7.6103E-06    1.2603E-05    5.9491E+00   -6.0585E+00    5.2937E-03    3.6000E-02
7.0602E+01  7.2287E-05 1.4856E+02    7.5870E-06    1.2370E-05    5.8638E+00   -6.1231E+00    6.9259E-03    3.6000E-02
6.9429E+01  8.8492E-05 1.5081E+02    7.5636E-06    1.2036E-05    5.8064E+00   -6.2761E+00    9.5085E-03    3.6000E-02
6.8248E+01  1.0812E-04 1.5338E+02    7.5500E-06    1.1701E-05    5.7968E+00   -6.0979E+00    1.3506E-02    3.6000E-02
6.7060E+01  1.3184E-04 1.5611E+02    7.5264E-06    1.1327E-05    5.7940E+00   -5.6904E+00    1.9334E-02    3.6000E-02
6.5863E+01  1.6046E-04 1.5881E+02    7.5125E-06    1.0950E-05    5.7822E+00   -5.5861E+00    2.7247E-02    3.6000E-02
6.4658E+01  1.9490E-04 1.6136E+02    7.4900E-06    1.0569E-05    5.8228E+00   -5.6355E+00    3.7262E-02    3.6000E-02
6.3448E+01  2.3628E-04 1.6367E+02    7.4800E-06    1.0143E-05    5.9091E+00   -5.7264E+00    4.9049E-02    3.6000E-02
6.2235E+01  2.8589E-04 1.6566E+02    7.4601E-06    9.7311E-06    5.9714E+00   -5.7408E+00    6.1802E-02    3.6000E-02
6.1022E+01  3.4524E-04 1.6728E+02    7.4458E-06    9.3186E-06    5.9533E+00   -5.6419E+00    7.4220E-02    3.6000E-02
5.9811E+01  4.1610E-04 1.6847E+02    7.4316E-06    8.9074E-06    5.8436E+00   -5.4678E+00    8.4798E-02    3.6000E-02
5.8606E+01  5.0052E-04 1.6925E+02    7.4200E-06    8.5079E-06    5.6438E+00   -5.2696E+00    9.2394E-02    3.6000E-02
5.7410E+01  6.0090E-04 1.6968E+02    7.4100E-06    8.1013E-06    5.3400E+00   -5.0469E+00    9.6753E-02    3.6000E-02
5.6226E+01  7.2002E-04 1.6984E+02    7.3999E-06    7.7088E-06    4.9097E+00   -4.7660E+00    9.8494E-02    3.6000E-02
5.5054E+01  8.6106E-04 1.6990E+02    7.3865E-06    7.3230E-06    4.3542E+00   -4.4298E+00    9.9195E-02    3.6000E-02
5.3894E+01  1.0277E-03 1.7004E+02    7.3700E-06    6.9513E-06    3.7382E+00   -4.0399E+00    1.0062E-01    3.6000E-02
5.2746E+01  1.2243E-03 1.7035E+02    7.3600E-06    6.5836E-06    3.1901E+00   -3.5633E+00    1.0405E-01    3.6000E-02
5.1608E+01  1.4556E-03 1.7091E+02    5.3440E-06    6.2383E-06    2.7489E+00   -3.0428E+00    1.1053E-01    3.6000E-02
5.0479E+01  1.7272E-03 1.7175E+02    4.0000E-06    5.9011E-06    2.5057E+00   -2.7038E+00    1.2095E-01    3.6000E-02
4.9357E+01  2.0455E-03 1.7286E+02    4.0000E-06    5.5714E-06    2.4480E+00   -2.5518E+00    1.3601E-01    3.6000E-02
4.8240E+01  2.4178E-03 1.7419E+02    4.0000E-06    5.2582E-06    2.4824E+00   -2.4916E+00    1.5610E-01    3.6000E-02
4.7128E+01  2.8522E-03 1.7565E+02    4.0000E-06    4.9578E-06    2.5374E+00   -2.4911E+00    1.8135E-01    3.6000E-02
4.6020E+01  3.3582E-03 1.7719E+02    4.0000E-06    4.6732E-06    2.5743E+00   -2.5201E+00    2.1173E-01    3.6000E-02
4.4915E+01  3.9462E-03 1.7875E+02    4.0000E-06    4.4002E-06    2.5727E+00   -2.5418E+00    2.4705E-01    3.6000E-02
4.3815E+01  4.6282E-03 1.8029E+02    4.0000E-06    4.1411E-06    2.5176E+00   -2.5037E+00    2.8688E-01    3.6000E-02
4.2720E+01  5.4175E-03 1.8177E+02    4.0000E-06    3.8890E-06    2.3962E+00   -2.3614E+00    3.3022E-01    3.6000E-02
4.1630E+01  6.3291E-03 1.8313E+02    4.0000E-06    3.6478E-06    2.2054E+00   -2.1184E+00    3.7536E-01    3.6000E-02
4.0547E+01  7.3796E-03 1.8435E+02    4.0000E-06    3.4180E-06    1.9601E+00   -1.8324E+00    4.2019E-01    3.6000E-02
3.9471E+01  8.5877E-03 1.8541E+02    4.0000E-06    3.1963E-06    1.6997E+00   -1.5821E+00    4.6308E-01    3.6000E-02
3.8403E+01  9.9742E-03 1.8635E+02    4.0000E-06    2.9816E-06    1.4708E+00   -1.4192E+00    5.0389E-01    3.6000E-02
3.7345E+01  1.1562E-02 1.8721E+02    4.0000E-06    2.7778E-06    1.3020E+00   -1.3597E+00    5.4422E-01    3.6000E-02
3.6296E+01  1.3377E-02 1.8804E+02    4.0000E-06    2.5878E-06    1.1995E+00   -1.2870E+00    5.8604E-01    3.6000E-02
3.5257E+01  1.5446E-02 1.8888E+02    4.0000E-06    2.3992E-06    1.1419E+00   -1.1946E+00    6.3045E-01    3.6000E-02
3.4227E+01  1.7800E-02 1.8972E+02    4.0000E-06    2.2225E-06    1.1031E+00   -1.1087E+00    6.7836E-01    3.6000E-02
3.3207E+01  2.0474E-02 1.9089E+02    4.0000E-06    2.0499E-06    1.0647E+00   -1.0586E+00    7.5019E-01    3.6000E-02
3.2195E+01  2.3503E-02 1.9221E+02    4.0000E-06    1.8966E-06    1.0160E+00   -1.0149E+00    8.3948E-01    3.6000E-02
3.1190E+01  2.6928E-02 1.9361E+02    4.0000E-06    1.7476E-06    9.5503E-01   -9.5447E-01    9.4400E-01    3.6000E-02
3.0194E+01  3.0792E-02 1.9479E+02    4.0000E-06    1.6102E-06    8.8689E-01   -8.8620E-01    1.0411E+00    3.6000E-02
2.9206E+01  3.5141E-02 1.9598E+02    4.0000E-06    1.4806E-06    8.2125E-01   -8.2069E-01    1.1473E+00    3.6000E-02
2.8227E+01  4.0028E-02 1.9700E+02    4.0000E-06    1.3620E-06    7.6446E-01   -7.6366E-01    1.2449E+00    3.6000E-02
2.7258E+01  4.5505E-02 1.9825E+02    4.0000E-06    1.2446E-06    7.2138E-01   -7.2073E-01    1.3760E+00    3.6000E-02
2.6298E+01  5.1630E-02 1.9951E+02    4.0000E-06    1.1302E-06    6.9039E-01   -6.8942E-01    1.5198E+00    3.6000E-02
2.5346E+01  5.8467E-02 2.0119E+02    4.0000E-06    1.0243E-06    6.6771E-01   -6.6696E-01    1.7306E+00    3.6000E-02
2.4401E+01  6.6079E-02 2.0277E+02    4.0000E-06    9.2773E-07    6.4828E-01   -6.4714E-01    1.9529E+00    3.6000E-02
2.3464E+01  7.4538E-02 2.0464E+02    4.0000E-06    8.3102E-07    6.2912E-01   -6.2835E-01    2.2465E+00    3.6000E-02
2.2535E+01  8.3915E-02 2.0615E+02    4.0000E-06    7.3681E-07    6.0903E-01   -6.0784E-01    2.5102E+00    3.6000E-02
2.1614E+01  9.4289E-02 2.0785E+02    4.4755E-06    6.4518E-07    5.9633E-01   -5.9571E-01    2.8394E+00    3.6000E-02
2.0703E+01  1.0574E-01 2.0895E+02    4.6619E-06    5.5521E-07    5.7422E-01   -5.7340E-01    3.0721E+00    3.6000E-02
1.9801E+01  1.1835E-01 2.1054E+02    5.2019E-06    4.6994E-07    5.5328E-01   -5.5279E-01    3.4383E+00    3.6000E-02
1.8909E+01  1.3220E-01 2.1202E+02    6.1554E-06    3.8668E-07    5.4002E-01   -5.3913E-01    3.8104E+00    3.6000E-02
1.8027E+01  1.4739E-01 2.1326E+02    7.4187E-06    3.0914E-07    5.3092E-01   -5.3059E-01    4.1490E+00    3.6000E-02
1.7156E+01  1.6401E-01 2.1458E+02    9.0062E-06    2.3828E-07    5.2443E-01   -5.2336E-01    4.5398E+00    3.6000E-02
1.6296E+01  1.8214E-01 2.1580E+02    1.0723E-05    1.7559E-07    5.1738E-01   -5.1727E-01    4.9239E+00    3.6000E-02
1.5447E+01  2.0189E-01 2.1733E+02    1.3258E-05    1.2353E-07    5.1513E-01   -5.1350E-01    5.3543E+00    3.6000E-02
1.4609E+01  2.2333E-01 2.1869E+02    1.5976E-05    8.1794E-08    5.1196E-01   -5.1234E-01    5.6753E+00    3.6000E-02
1.3780E+01  2.4658E-01 2.2086E+02    2.1252E-05    5.1006E-08    5.2354E-01   -5.2173E-01    6.2173E+00    3.6000E-02
1.2960E+01  2.7172E-01 2.2281E+02    2.7302E-05    2.9698E-08    5.3728E-01   -5.3566E-01    6.7343E+00    3.6000E-02
1.2147E+01  2.9884E-01 2.2676E+02    4.4431E-05    1.8729E-08    6.0908E-01   -9.2412E-01    7.8845E+00    3.6000E-02
1.1332E+01  3.2802E-01 2.3258E+02    8.8060E-05    1.2846E-08    7.6523E-01   -1.5307E+00    9.8412E+00    3.6000E-02
1.0515E+01  3.5935E-01 2.3826E+02    1.6588E-04    1.0076E-08    9.3369E-01   -1.8582E+00    1.2071E+01    3.6000E-02
9.6971E+00  3.9291E-01 2.4370E+02    2.9622E-04    8.9531E-09    1.0639E+00   -1.9435E+00    1.4541E+01    3.6000E-02
8.8793E+00  4.2877E-01 2.4885E+02    5.0084E-04    8.1876E-09    1.1358E+00   -1.9244E+00    1.7201E+01    3.6000E-02
8.0637E+00  4.6699E-01 2.5366E+02    8.0251E-04    7.5787E-09    1.1545E+00   -1.8318E+00    1.9994E+01    3.6000E-02
7.2521E+00  5.0763E-01 2.5811E+02    1.2225E-03    7.0909E-09    1.1352E+00   -1.6593E+00    2.2864E+01    3.6000E-02
6.4463E+00  5.5073E-01 2.6222E+02    1.7791E-03    6.7076E-09    1.0985E+00   -1.3697E+00    2.5764E+01    3.6000E-02
5.6478E+00  5.9632E-01 2.6599E+02    2.4871E-03    6.3723E-09    1.0590E+00   -1.0666E+00    2.8664E+01    3.6000E-02
4.8581E+00  6.4444E-01 2.6947E+02    3.3587E-03    6.0509E-09    1.0114E+00   -8.4766E-01    3.1542E+01    3.6000E-02
4.0785E+00  6.9508E-01 2.7269E+02    4.4034E-03    5.7175E-09    9.4211E-01   -7.5996E-01    3.4387E+01    3.6000E-02
3.3098E+00  7.4824E-01 2.7599E+02    5.7055E-03    5.3505E-09    8.5830E-01   -7.9050E-01    3.7503E+01    3.6000E-02
2.5523E+00  8.0390E-01 2.7914E+02    7.0959E-03    4.9644E-09    7.6407E-01   -8.5352E-01    4.0667E+01    3.6000E-02
1.8071E+00  8.6202E-01 2.8211E+02    8.6955E-03    4.5802E-09    6.9430E-01   -9.4463E-01    4.3822E+01    3.6000E-02
1.0749E+00  9.2254E-01 2.8493E+02    1.0552E-02    4.2315E-09    6.5858E-01   -1.0884E+00    4.7000E+01    3.6000E-02
3.5647E-01  9.8539E-01 2.8759E+02    1.2489E-02    3.9415E-09    6.5241E-01   -1.1630E+00    5.0156E+01    3.6000E-02
0.0000E+00  1.0179E+00 2.8890E+02    1.3614E-02    3.9000E-09    2.9465E+00   -1.3768E+00    5.1759E+01    3.6000E-02
