# Cuts through the PSF
# pix to lamda = 0.00430 micron 
#x [pixels]     psf(x,0) 
        -11 0.000000e+00 
        -10 3.455056e-05 
         -9 7.608207e-05 
         -8 1.178372e-04 
         -7 1.388667e-04 
         -6 2.671615e-04 
         -5 1.084322e-03 
         -4 7.332445e-04 
         -3 1.451177e-03 
         -2 1.749078e-02 
         -1 6.614307e-02 
          0 3.716174e-01 
          1 6.649900e-02 
          2 1.802116e-02 
          3 1.944683e-03 
          4 7.743816e-04 
          5 1.099144e-03 
          6 3.487725e-04 
          7 2.088622e-04 
          8 1.653974e-04 
          9 9.623987e-05 
         10 1.787471e-05 
