1.0000000e-01 1.9996170e+00 3.2874909e+00
1.0598698e-01 3.1146435e+00 2.8991166e+00
1.1233240e-01 3.5500046e+00 2.1263435e+00
1.1905772e-01 3.5420949e+00 1.5262033e+00
1.2618569e-01 3.4126580e+00 1.1835152e+00
1.3374040e-01 3.3114694e+00 9.8513934e-01
1.4174742e-01 3.2476354e+00 8.5418380e-01
1.5023381e-01 3.2326820e+00 7.6142258e-01
1.5922828e-01 3.2761919e+00 6.5106210e-01
1.6876125e-01 3.3623957e+00 4.8117881e-01
1.7886495e-01 3.2745998e+00 6.7617727e-02
1.8957357e-01 3.0058346e+00 1.3829784e-02
2.0092330e-01 2.8724526e+00 9.7785635e-03
2.1295254e-01 2.7873477e+00 5.8405514e-03
2.2570197e-01 2.7204928e+00 8.0472663e-04
2.3921471e-01 2.6671597e+00 2.4950279e-04
2.5353645e-01 2.6253016e+00 1.7480431e-04
2.6871563e-01 2.5911543e+00 1.2809493e-04
2.8480359e-01 2.5627948e+00 9.7704170e-05
3.0185473e-01 2.5389477e+00 7.6455837e-05
3.1992671e-01 2.5187087e+00 6.0607739e-05
3.3908067e-01 2.5014040e+00 4.8119888e-05
3.5938137e-01 2.4865214e+00 3.7930774e-05
3.8089746e-01 2.4736596e+00 2.9500706e-05
4.0370173e-01 2.4624990e+00 2.2548461e-05
4.2787128e-01 2.4527826e+00 1.7011838e-05
4.5348785e-01 2.4442990e+00 1.2620551e-05
4.8063809e-01 2.4368859e+00 9.2123092e-06
5.0941380e-01 2.4303906e+00 6.6279600e-06
5.3991231e-01 2.4246809e+00 4.7120296e-06
5.7223677e-01 2.4196544e+00 3.4317849e-06
6.0649648e-01 2.4152233e+00 2.6421315e-06
6.4280731e-01 2.4113127e+00 2.0602399e-06
6.8129207e-01 2.4078579e+00 1.6324025e-06
7.2208090e-01 2.4048029e+00 1.3188595e-06
7.6531175e-01 2.4020995e+00 1.0903958e-06
8.1113083e-01 2.3997055e+00 9.2548411e-07
8.5969309e-01 2.3975843e+00 8.0818709e-07
9.1116276e-01 2.3957035e+00 7.2698263e-07
9.6571391e-01 2.3940353e+00 6.7343309e-07
1.0235310e+00 2.3925549e+00 6.4167326e-07
1.0848096e+00 2.3912406e+00 6.2744038e-07
1.1497570e+00 2.3900734e+00 6.2779703e-07
1.2185927e+00 2.3890378e+00 6.4206993e-07
1.2915497e+00 2.3881188e+00 6.6878765e-07
1.3688745e+00 2.3873013e+00 7.0919247e-07
1.4508288e+00 2.3865741e+00 7.6399114e-07
1.5376896e+00 2.3859270e+00 8.3606912e-07
1.6297508e+00 2.3853507e+00 9.3031289e-07
1.7273237e+00 2.3848373e+00 1.0527102e-06
1.8307383e+00 2.3843795e+00 1.2132961e-06
1.9403442e+00 2.3839709e+00 1.4290693e-06
2.0565123e+00 2.3836057e+00 1.7251616e-06
2.1796353e+00 2.3832785e+00 2.1494763e-06
2.3101297e+00 2.3829842e+00 2.7996387e-06
2.4484367e+00 2.3827169e+00 4.0626972e-06
2.5950242e+00 2.3824676e+00 9.4158356e-06
2.7503878e+00 2.3822580e+00 3.5630088e-05
2.9150531e+00 2.3820611e+00 3.0452540e-05
3.0895768e+00 2.3818548e+00 3.8477711e-05
3.2745492e+00 2.3815771e+00 4.5463399e-05
3.4705958e+00 2.3811468e+00 6.6639211e-04
3.6783798e+00 2.3818234e+00 3.7001710e-05
3.8986037e+00 2.3815382e+00 1.1849857e-04
4.1320124e+00 2.3814354e+00 1.3401137e-04
4.3793952e+00 2.3811706e+00 1.9543874e-04
4.6415888e+00 2.3813277e+00 4.6845128e-04
4.9194799e+00 2.3812600e+00 4.7990235e-04
5.2140083e+00 2.3815198e+00 3.4424011e-04
5.5261700e+00 2.3814410e+00 1.8850477e-04
5.8570208e+00 2.3813410e+00 9.0390194e-05
6.2076796e+00 2.3812274e+00 6.1163059e-05
6.5793322e+00 2.3811041e+00 6.5711836e-05
6.9732357e+00 2.3812227e+00 2.2197807e-04
7.3907220e+00 2.3810418e+00 2.0760001e-04
7.8332032e+00 2.3811801e+00 2.8727470e-04
8.3021757e+00 2.3811798e+00 1.8654752e-04
8.7992254e+00 2.3812531e+00 1.6252401e-04
9.3260335e+00 2.3811993e+00 5.9525283e-05
9.8843814e+00 2.3811441e+00 3.3026174e-05
1.0476158e+01 2.3811057e+00 2.2685582e-05
1.1103363e+01 2.3810767e+00 1.7318213e-05
1.1768120e+01 2.3810538e+00 1.4056975e-05
1.2472675e+01 2.3810345e+00 1.1872629e-05
1.3219411e+01 2.3810193e+00 1.0309032e-05
1.4010855e+01 2.3810064e+00 9.1406635e-06
1.4849683e+01 2.3809957e+00 8.3758583e-06
1.5738730e+01 2.3809844e+00 7.5652644e-06
1.6681005e+01 2.3809762e+00 6.9683113e-06
1.7679694e+01 2.3809695e+00 6.4689945e-06
1.8738174e+01 2.3809632e+00 6.0104651e-06
1.9860025e+01 2.3809581e+00 5.6754846e-06
2.1049041e+01 2.3809527e+00 5.3204488e-06
2.2309244e+01 2.3809475e+00 5.0792714e-06
2.3644894e+01 2.3809421e+00 4.8263291e-06
2.5060510e+01 2.3809372e+00 4.6170638e-06
2.6560878e+01 2.3809326e+00 4.4297663e-06
2.8151073e+01 2.3809297e+00 4.2501041e-06
2.9836472e+01 2.3809314e+00 4.1065107e-06
3.1622777e+01 2.3809332e+00 3.9543205e-06
