1.0000000e-01 1.9996172e+00 3.2874909e+00
1.0598698e-01 3.1146435e+00 2.8991166e+00
1.1233240e-01 3.5500048e+00 2.1263435e+00
1.1905772e-01 3.5420949e+00 1.5262033e+00
1.2618569e-01 3.4126580e+00 1.1835152e+00
1.3374040e-01 3.3114694e+00 9.8513934e-01
1.4174742e-01 3.2476354e+00 8.5418380e-01
1.5023381e-01 3.2326820e+00 7.6142258e-01
1.5922828e-01 3.2761920e+00 6.5106210e-01
1.6876125e-01 3.3623957e+00 4.8117881e-01
1.7886495e-01 3.2745998e+00 6.7617727e-02
1.8957357e-01 3.0058346e+00 1.3829784e-02
2.0092330e-01 2.8724526e+00 9.7785635e-03
2.1295254e-01 2.7873477e+00 5.8405514e-03
2.2570197e-01 2.7204931e+00 8.0472663e-04
2.3921471e-01 2.6671598e+00 2.4950279e-04
2.5353645e-01 2.6253018e+00 1.7480431e-04
2.6871563e-01 2.5911545e+00 1.2809493e-04
2.8480359e-01 2.5627949e+00 9.7704170e-05
3.0185473e-01 2.5389479e+00 7.6455837e-05
3.1992671e-01 2.5187090e+00 6.0607739e-05
3.3908067e-01 2.5014043e+00 4.8119888e-05
3.5938137e-01 2.4865217e+00 3.7930774e-05
3.8089746e-01 2.4736600e+00 2.9500706e-05
4.0370173e-01 2.4624995e+00 2.2548461e-05
4.2787128e-01 2.4527831e+00 1.7011838e-05
4.5348785e-01 2.4442995e+00 1.2620551e-05
4.8063809e-01 2.4368864e+00 9.2122995e-06
5.0941380e-01 2.4303912e+00 6.6279500e-06
5.3991231e-01 2.4246817e+00 4.7120212e-06
5.7223677e-01 2.4196551e+00 3.4317849e-06
6.0649648e-01 2.4152242e+00 2.6421215e-06
6.4280731e-01 2.4113137e+00 2.0602264e-06
6.8129207e-01 2.4078591e+00 1.6323866e-06
7.2208090e-01 2.4048043e+00 1.3188448e-06
7.6531175e-01 2.4021012e+00 1.0903758e-06
8.1113083e-01 2.3997074e+00 9.2545932e-07
8.5969309e-01 2.3975862e+00 8.0815639e-07
9.1116276e-01 2.3957058e+00 7.2694579e-07
9.6571391e-01 2.3940379e+00 6.7338875e-07
1.0235310e+00 2.3925578e+00 6.4161929e-07
1.0848096e+00 2.3912440e+00 6.2737284e-07
1.1497570e+00 2.3900772e+00 6.2771571e-07
1.2185927e+00 2.3890423e+00 6.4196922e-07
1.2915497e+00 2.3881238e+00 6.6866475e-07
1.3688745e+00 2.3873072e+00 7.0903991e-07
1.4508288e+00 2.3865807e+00 7.6380165e-07
1.5376896e+00 2.3859345e+00 8.3583264e-07
1.6297508e+00 2.3853596e+00 9.3001312e-07
1.7273237e+00 2.3848476e+00 1.0523303e-06
1.8307383e+00 2.3843915e+00 1.2128033e-06
1.9403442e+00 2.3839851e+00 1.4284267e-06
2.0565123e+00 2.3836226e+00 1.7242982e-06
2.1796353e+00 2.3832987e+00 2.1483064e-06
2.3101297e+00 2.3830087e+00 2.7979995e-06
2.4484367e+00 2.3827476e+00 3.9969149e-06
2.5950242e+00 2.3825067e+00 9.0436291e-06
2.7503878e+00 2.3823099e+00 3.5007517e-05
2.9150531e+00 2.3821343e+00 2.9264922e-05
3.0895768e+00 2.3819709e+00 3.5570573e-05
3.2745492e+00 2.3818290e+00 3.0959091e-05
3.4705958e+00 2.3816853e+00 2.4104088e-05
3.6783798e+00 2.3815268e+00 2.2612318e-05
3.8986037e+00 2.3813917e+00 1.1498960e-04
4.1320124e+00 2.3813351e+00 1.3234405e-04
4.3793952e+00 2.3810929e+00 1.9440247e-04
4.6415888e+00 2.3812644e+00 4.6768723e-04
4.9194799e+00 2.3812063e+00 4.7924695e-04
5.2140083e+00 2.3814738e+00 3.4358100e-04
5.5261700e+00 2.3814021e+00 1.8770240e-04
5.8570208e+00 2.3813106e+00 8.9137829e-05
6.2076796e+00 2.3812102e+00 5.8361289e-05
6.5793322e+00 2.3811231e+00 5.2197131e-05
6.9732357e+00 2.3810299e+00 7.7830238e-05
7.3907220e+00 2.3809557e+00 2.0036967e-04
7.8332032e+00 2.3811149e+00 2.8491173e-04
8.3021757e+00 2.3811232e+00 1.8532548e-04
8.7992254e+00 2.3812011e+00 1.6174901e-04
9.3260335e+00 2.3811505e+00 5.8975095e-05
9.8843814e+00 2.3810975e+00 3.2606794e-05
1.0476158e+01 2.3810606e+00 2.2350437e-05
1.1103363e+01 2.3810331e+00 1.7041062e-05
1.1768120e+01 2.3810114e+00 1.3822112e-05
1.2472675e+01 2.3809928e+00 1.1669686e-05
1.3219411e+01 2.3809783e+00 1.0131186e-05
1.4010855e+01 2.3809658e+00 8.9828876e-06
1.4849683e+01 2.3809556e+00 8.2323204e-06
1.5738730e+01 2.3809449e+00 7.4368170e-06
1.6681005e+01 2.3809372e+00 6.8515270e-06
1.7679694e+01 2.3809309e+00 6.3623683e-06
1.8738174e+01 2.3809249e+00 5.9133123e-06
1.9860025e+01 2.3809200e+00 5.5856103e-06
2.1049041e+01 2.3809148e+00 5.2382888e-06
2.2309244e+01 2.3809098e+00 5.0026245e-06
2.3644894e+01 2.3809045e+00 4.7554729e-06
2.5060510e+01 2.3808997e+00 4.5511152e-06
2.6560878e+01 2.3808952e+00 4.3682979e-06
2.8151073e+01 2.3808923e+00 4.1929703e-06
2.9836472e+01 2.3808942e+00 4.0529427e-06
3.1622777e+01 2.3808962e+00 3.9045318e-06
