1.0000000e-01 1.9996170e+00 3.2874909e+00
1.0598698e-01 3.1146435e+00 2.8991166e+00
1.1233240e-01 3.5500046e+00 2.1263435e+00
1.1905772e-01 3.5420949e+00 1.5262033e+00
1.2618569e-01 3.4126580e+00 1.1835152e+00
1.3374040e-01 3.3114694e+00 9.8513934e-01
1.4174742e-01 3.2476354e+00 8.5418380e-01
1.5023381e-01 3.2326820e+00 7.6142258e-01
1.5922828e-01 3.2761918e+00 6.5106210e-01
1.6876125e-01 3.3623957e+00 4.8117881e-01
1.7886495e-01 3.2745998e+00 6.7617727e-02
1.8957357e-01 3.0058346e+00 1.3829784e-02
2.0092330e-01 2.8724523e+00 9.7785635e-03
2.1295254e-01 2.7873474e+00 5.8405514e-03
2.2570197e-01 2.7204928e+00 8.0472663e-04
2.3921471e-01 2.6671596e+00 2.4950279e-04
2.5353645e-01 2.6253015e+00 1.7480431e-04
2.6871563e-01 2.5911540e+00 1.2809493e-04
2.8480359e-01 2.5627946e+00 9.7704170e-05
3.0185473e-01 2.5389475e+00 7.6455837e-05
3.1992671e-01 2.5187084e+00 6.0607739e-05
3.3908067e-01 2.5014038e+00 4.8119888e-05
3.5938137e-01 2.4865210e+00 3.7930774e-05
3.8089746e-01 2.4736591e+00 2.9500706e-05
4.0370173e-01 2.4624987e+00 2.2548461e-05
4.2787128e-01 2.4527822e+00 1.7011838e-05
4.5348785e-01 2.4442985e+00 1.2620551e-05
4.8063809e-01 2.4368852e+00 9.2122995e-06
5.0941380e-01 2.4303898e+00 6.6279500e-06
5.3991231e-01 2.4246802e+00 4.7120212e-06
5.7223677e-01 2.4196535e+00 3.4317849e-06
6.0649648e-01 2.4152224e+00 2.6421215e-06
6.4280731e-01 2.4113116e+00 2.0602264e-06
6.8129207e-01 2.4078568e+00 1.6323866e-06
7.2208090e-01 2.4048017e+00 1.3188448e-06
7.6531175e-01 2.4020982e+00 1.0903758e-06
8.1113083e-01 2.3997040e+00 9.2545932e-07
8.5969309e-01 2.3975826e+00 8.0815639e-07
9.1116276e-01 2.3957015e+00 7.2694579e-07
9.6571391e-01 2.3940331e+00 6.7338875e-07
1.0235310e+00 2.3925525e+00 6.4161929e-07
1.0848096e+00 2.3912378e+00 6.2737284e-07
1.1497570e+00 2.3900706e+00 6.2771571e-07
1.2185927e+00 2.3890344e+00 6.4196922e-07
1.2915497e+00 2.3881152e+00 6.6866475e-07
1.3688745e+00 2.3872973e+00 7.0903991e-07
1.4508288e+00 2.3865699e+00 7.6380165e-07
1.5376896e+00 2.3859223e+00 8.3583264e-07
1.6297508e+00 2.3853456e+00 9.3001312e-07
1.7273237e+00 2.3848318e+00 1.0523303e-06
1.8307383e+00 2.3843737e+00 1.2128033e-06
1.9403442e+00 2.3839650e+00 1.4284267e-06
2.0565123e+00 2.3835999e+00 1.7242982e-06
2.1796353e+00 2.3832730e+00 2.1483064e-06
2.3101297e+00 2.3829796e+00 2.7979995e-06
2.4484367e+00 2.3827147e+00 3.9969149e-06
2.5950242e+00 2.3824691e+00 9.0436291e-06
2.7503878e+00 2.3822669e+00 3.5007517e-05
2.9150531e+00 2.3820855e+00 2.9264922e-05
3.0895768e+00 2.3819150e+00 3.5570573e-05
3.2745492e+00 2.3817650e+00 3.0959091e-05
3.4705958e+00 2.3816119e+00 2.4104088e-05
3.6783798e+00 2.3814418e+00 2.2612318e-05
3.8986037e+00 2.3812930e+00 1.1498960e-04
4.1320124e+00 2.3812197e+00 1.3234405e-04
4.3793952e+00 2.3809566e+00 1.9440247e-04
4.6415888e+00 2.3811012e+00 4.6768723e-04
4.9194799e+00 2.3810033e+00 4.7924695e-04
5.2140083e+00 2.3811939e+00 4.0678706e-04
5.5261700e+00 2.3811567e+00 2.1370695e-04
5.8570208e+00 2.3809886e+00 1.5010779e-04
6.2076796e+00 2.3808001e+00 1.4630419e-04
6.5793322e+00 2.3809014e+00 3.1810252e-04
6.9732357e+00 2.3804230e+00 1.7236773e-04
7.3907220e+00 2.3798620e+00 3.6774125e-04
7.8332032e+00 2.3801473e+00 1.4465684e-03
8.3021757e+00 2.3807174e+00 1.8287494e-03
8.7992254e+00 2.3813332e+00 1.7918200e-03
9.3260335e+00 2.3819116e+00 1.0860474e-03
9.8843814e+00 2.3815819e+00 1.3034035e-03
1.0476158e+01 2.3819484e+00 8.8425219e-04
1.1103363e+01 2.3819227e+00 6.1235113e-04
1.1768120e+01 2.3818023e+00 4.4689459e-04
1.2472675e+01 2.3816952e+00 3.8701326e-04
1.3219411e+01 2.3816688e+00 3.8683738e-04
1.4010855e+01 2.3816654e+00 3.2797739e-04
1.4849683e+01 2.3816416e+00 2.7568926e-04
1.5738730e+01 2.3816165e+00 2.2027064e-04
1.6681005e+01 2.3815767e+00 1.8444415e-04
1.7679694e+01 2.3815279e+00 1.5812789e-04
1.8738174e+01 2.3814888e+00 1.4732707e-04
1.9860025e+01 2.3814742e+00 1.7239211e-04
2.1049041e+01 2.3814588e+00 1.9895780e-04
2.2309244e+01 2.3814874e+00 1.8575026e-04
2.3644894e+01 2.3815185e+00 1.7093323e-04
2.5060510e+01 2.3815259e+00 1.3676465e-04
2.6560878e+01 2.3815187e+00 8.9721570e-05
2.8151073e+01 2.3815068e+00 5.1310961e-05
2.9836472e+01 2.3814833e+00 3.9042829e-05
3.1622777e+01 2.3814584e+00 2.6040206e-05
