# From Palmer and Williams 1975
# 84.5% since its the most complete in the shortest wavelengths
# https://web.gps.caltech.edu/~vijay/Papers/Aerosol/palmer-williams-75.pdf
# 0.702 to 0.360 imaginary indices were made with an exponential fit (scipy curve fit)
# 2.564 to 2.770 imaginary indices were made with exponential fit, offset down by 0.005

25.000 1.938 0.099
24.390 1.954 0.144
23.256 1.905 0.219
22.727 1.874 0.231
22.222 1.846 0.229
21.277 1.807 0.199
20.833 1.804 0.169
20.408 1.833 0.145
20.000 1.873 0.146
19.608 1.903 0.161
18.868 1.981 0.216
18.519 2.011 0.291
18.182 2.011 0.391
17.857 1.955 0.520
17.544 1.800 0.575
17.241 1.671 0.549
16.949 1.584 0.468
16.667 1.552 0.400
16.129 1.530 0.290
15.873 1.538 0.244
15.385 1.578 0.175
14.925 1.617 0.151
14.706 1.632 0.144
14.286 1.657 0.134
13.889 1.677 0.125
13.514 1.698 0.116
13.158 1.722 0.108
12.821 1.751 0.100
12.658 1.771 0.099
12.500 1.793 0.100
12.195 1.839 0.112
11.905 1.896 0.130
11.765 1.934 0.158
11.494 1.993 0.247
11.442 1.998 0.277
11.364 2.005 0.321
11.236 1.984 0.416
11.111 1.884 0.483
10.989 1.789 0.466
10.870 1.735 0.402
10.753 1.742 0.348
10.638 1.775 0.323
10.526 1.807 0.328
10.417 1.820 0.346
10.384 1.820 0.349
10.309 1.818 0.347
10.204 1.839 0.341
10.101 1.877 0.353
9.901 1.954 0.443
9.804 1.968 0.528
9.709 1.937 0.630
9.615 1.848 0.707
9.524 1.749 0.724
9.434 1.666 0.693
9.346 1.625 0.639
9.259 1.623 0.594
9.174 1.647 0.574
9.091 1.682 0.603
9.009 1.682 0.634
8.929 1.670 0.686
8.850 1.633 0.731
8.696 1.515 0.777
8.621 1.456 0.773
8.547 1.403 0.764
8.403 1.308 0.726
8.264 1.230 0.666
8.130 1.179 0.590
8.065 1.166 0.557
8.000 1.153 0.527
7.874 1.132 0.471
7.752 1.116 0.412
7.634 1.102 0.351
7.576 1.100 0.318
7.463 1.116 0.242
7.353 1.156 0.201
7.299 1.171 0.187
7.194 1.197 0.161
7.092 1.219 0.138
6.993 1.246 0.116
6.897 1.273 0.102
6.803 1.299 0.094
6.711 1.323 0.088
6.667 1.335 0.087
6.623 1.347 0.087
6.579 1.360 0.088
6.536 1.371 0.093
6.494 1.378 0.098
6.410 1.389 0.105
6.329 1.400 0.111
6.250 1.410 0.116
6.211 1.416 0.120
6.173 1.422 0.126
6.135 1.427 0.133
6.098 1.430 0.143
6.061 1.429 0.153
6.024 1.425 0.161
5.952 1.413 0.169
5.882 1.404 0.173
5.814 1.394 0.173
5.747 1.385 0.169
5.682 1.377 0.162
5.650 1.375 0.158
5.618 1.374 0.154
5.556 1.373 0.146
5.495 1.373 0.140
5.435 1.374 0.134
5.376 1.375 0.127
5.319 1.378 0.119
5.263 1.385 0.113
5.181 1.393 0.110
5.102 1.401 0.108
4.950 1.414 0.110
4.808 1.423 0.116
4.717 1.426 0.122
4.587 1.422 0.131
4.464 1.416 0.127
4.367 1.419 0.122
4.292 1.425 0.122 
4.274 1.428 0.122 
4.219 1.436 0.131 
4.149 1.430 0.142 
4.082 1.425 0.146 
4.000 1.418 0.149 
3.953 1.416 0.150 
3.906 1.414 0.152 
3.861 1.412 0.156 
3.846 1.410 0.157
3.817 1.406 0.157
3.759 1.403 0.156
3.690 1.402 0.159
3.623 1.399 0.168
3.559 1.388 0.178
3.472 1.361 0.189
3.413 1.341 0.181
3.344 1.321 0.171
3.279 1.306 0.159
3.175 1.263 0.131
3.077 1.273 0.098
3.021 1.272 0.079
2.985 1.273 0.067
2.941 1.276 0.053
2.915 1.277 0.045
2.882 1.282 0.034
2.841 1.289 0.022
2.833 1.290 0.019
2.770 1.304 0.018
2.762 1.307 0.017
2.725 1.320 0.014
2.688 1.330 0.011
2.632 1.341 0.008
2.564 1.348 0.004
2.500 1.358 3.38e-3
2.439 1.363 2.79e-3
2.381 1.368 2.43e-3
2.326 1.374 2.13e-3
2.273 1.378 1.94e-3
2.222 1.382 1.69e-3
2.174 1.384 1.56e-3
2.128 1.388 1.44e-3
2.083 1.390 1.34e-3
2.041 1.392 1.28e-3
2.000 1.392 1.19e-3
1.961 1.394 1.10e-3
1.923 1.396 9.61e-4
1.887 1.397 7.58e-4
1.852 1.398 6.26e-4
1.818 1.399 5.66e-4
1.786 1.400 4.99e-4
1.754 1.401 4.44e-4
1.724 1.402 3.76e-4
1.695 1.403 3.21e-4
1.667 1.404 2.76e-4
1.639 1.404 2.32e-4
1.613 1.405 1.95e-4
1.587 1.406 1.67e-4
1.563 1.407 1.41e-4
1.538 1.408 1.22e-4
1.515 1.409 1.09e-4
1.493 1.410 9.41e-5
1.471 1.410 8.13e-5
1.449 1.411 6.95e-5
1.429 1.411 5.62e-5
1.408 1.412 3.80e-5
1.389 1.413 2.61e-5
1.370 1.413 2.01e-5
1.351 1.414 1.53e-5
1.333 1.415 1.36e-5
1.316 1.416 1.12e-5
1.299 1.416 9.50e-6
1.282 1.416 8.06e-6
1.266 1.417 6.88e-6
1.250 1.418 6.00e-6
1.220 1.419 4.72e-6
1.190 1.420 3.85e-6
1.163 1.422 3.01e-6
1.136 1.422 2.17e-6
1.111 1.423 1.77e-6
1.087 1.424 1.60e-6
1.064 1.425 1.52e-6
1.042 1.425 1.46e-6
1.020 1.426 1.37e-6
1.000 1.427 1.19e-6
0.980 1.427 9.67e-7
0.962 1.428 7.51e-7
0.943 1.428 4.97e-7
0.926 1.429 3.49e-7
0.909 1.429 2.73e-7
0.893 1.430 2.15e-7
0.877 1.430 1.70e-7
0.862 1.431 1.48e-7
0.847 1.432 1.29e-7
0.833 1.432 1.07e-7
0.820 1.432 8.94e-8
0.806 1.432 7.51e-8
0.794 1.433 6.57e-8
0.781 1.433 6.09e-8
0.769 1.434 4.90e-8
0.758 1.434 3.92e-8
0.746 1.434 3.09e-8
0.735 1.435 2.34e-8
0.725 1.435 1.73e-8
0.714 1.435 1.14e-8
0.702 1.436 0.80e-8
0.556 1.438 0.14e-8
0.449 1.442 0.02e-8
0.408 1.448 0.01e-8
0.360 1.463 0.01e-8