# Saturn Phosphorus Haze 
# From Noy et al 1981 and Saturn MRS Paper

2.500000000000000000e-01 1.820000000000000062e+00 4.510000000000000120e-02
2.999999999999999889e-01 1.820000000000000062e+00 3.719999999999999696e-02
4.000000000000000222e-01 1.820000000000000062e+00 2.419999999999999929e-02
5.000000000000000000e-01 1.820000000000000062e+00 1.789999999999999925e-02
5.999999999999999778e-01 1.820000000000000062e+00 9.900000000000000813e-03
2.000000000000000000e+00 1.820000000000000062e+00 5.000000000000000104e-03
2.018018018018017834e+00 1.820000000000000062e+00 5.000000000000000104e-03
2.036036036036036112e+00 1.820000000000000062e+00 5.000000000000000104e-03
2.054054054054053946e+00 1.820000000000000062e+00 5.000000000000000104e-03
2.072072072072072224e+00 1.820000000000000062e+00 5.000000000000000104e-03
2.090090090090090058e+00 1.820000000000000062e+00 5.000000000000000104e-03
2.108108108108107892e+00 1.820000000000000062e+00 5.000000000000000104e-03
2.126126126126126170e+00 1.820000000000000062e+00 5.000000000000000104e-03
2.144144144144144004e+00 1.820000000000000062e+00 5.000000000000000104e-03
2.162162162162162282e+00 1.820000000000000062e+00 5.000000000000000104e-03
2.180180180180180116e+00 1.820000000000000062e+00 5.000000000000000104e-03
2.198198198198198394e+00 1.820000000000000062e+00 5.000000000000000104e-03
2.216216216216216228e+00 1.820000000000000062e+00 5.000000000000000104e-03
2.234234234234234062e+00 1.820000000000000062e+00 5.000000000000000104e-03
2.252252252252252340e+00 1.820000000000000062e+00 5.000000000000000104e-03
2.270270270270270174e+00 1.820000000000000062e+00 5.000000000000000104e-03
2.288288288288288452e+00 1.820000000000000062e+00 5.000000000000000104e-03
2.306306306306306286e+00 1.820000000000000062e+00 5.000000000000000104e-03
2.324324324324324564e+00 1.820000000000000062e+00 5.000000000000000104e-03
2.342342342342342398e+00 1.820000000000000062e+00 5.000000000000000104e-03
2.360360360360360232e+00 1.820000000000000062e+00 5.000000000000000104e-03
2.378378378378378510e+00 1.820000000000000062e+00 5.000000000000000104e-03
2.396396396396396344e+00 1.820000000000000062e+00 5.000000000000000104e-03
2.414414414414414622e+00 1.820000000000000062e+00 5.000000000000000104e-03
2.432432432432432456e+00 1.820000000000000062e+00 5.000000000000000104e-03
2.450450450450450290e+00 1.820000000000000062e+00 5.000000000000000104e-03
2.468468468468468568e+00 1.820000000000000062e+00 5.000000000000000104e-03
2.486486486486486402e+00 1.820000000000000062e+00 5.000000000000000104e-03
2.504504504504504681e+00 1.820000000000000062e+00 5.000000000000000104e-03
2.522522522522522515e+00 1.820000000000000062e+00 5.000000000000000104e-03
2.540540540540540349e+00 1.820000000000000062e+00 5.000000000000000104e-03
2.558558558558558627e+00 1.820000000000000062e+00 5.000000000000000104e-03
2.576576576576576461e+00 1.820000000000000062e+00 5.000000000000000104e-03
2.594594594594594739e+00 1.820000000000000062e+00 5.000000000000000104e-03
2.612612612612612573e+00 1.820000000000000062e+00 5.000000000000000104e-03
2.630630630630630407e+00 1.820000000000000062e+00 5.000000000000000104e-03
2.648648648648648685e+00 1.820000000000000062e+00 5.000000000000000104e-03
2.666666666666666519e+00 1.820000000000000062e+00 5.000000000000000104e-03
2.684684684684684797e+00 1.820000000000000062e+00 5.000000000000000104e-03
2.702702702702702631e+00 1.820000000000000062e+00 5.000000000000000104e-03
2.720720720720720465e+00 1.820000000000000062e+00 5.000000000000000104e-03
2.738738738738738743e+00 1.820000000000000062e+00 5.000000000000000104e-03
2.756756756756757021e+00 1.820000000000000062e+00 5.000000000000000104e-03
2.774774774774774855e+00 1.820000000000000062e+00 5.000000000000000104e-03
2.792792792792792689e+00 1.820000000000000062e+00 5.000000000000000104e-03
2.810810810810810967e+00 1.820000000000000062e+00 5.000000000000000104e-03
2.828828828828828801e+00 1.820000000000000062e+00 5.000000000000000104e-03
2.846846846846847079e+00 1.820000000000000062e+00 5.000000000000000104e-03
2.864864864864864913e+00 1.820000000000000062e+00 5.000000000000000104e-03
2.882882882882882747e+00 1.820000000000000062e+00 5.000000000000000104e-03
2.900900900900901025e+00 1.820000000000000062e+00 5.000000000000000104e-03
2.918918918918918859e+00 1.820000000000000062e+00 5.000000000000000104e-03
2.936936936936937137e+00 1.820000000000000062e+00 5.000000000000000104e-03
2.954954954954954971e+00 1.820000000000000062e+00 5.000000000000000104e-03
2.972972972972972805e+00 1.820000000000000062e+00 5.000000000000000104e-03
2.990990990990991083e+00 1.820000000000000062e+00 5.000000000000000104e-03
3.009009009009008917e+00 1.820000000000000062e+00 5.000000000000000104e-03
3.027027027027027195e+00 1.820000000000000062e+00 5.000000000000000104e-03
3.045045045045045029e+00 1.820000000000000062e+00 5.000000000000000104e-03
3.063063063063062863e+00 1.820000000000000062e+00 5.000000000000000104e-03
3.081081081081081141e+00 1.820000000000000062e+00 5.000000000000000104e-03
3.099099099099099419e+00 1.820000000000000062e+00 5.000000000000000104e-03
3.117117117117117253e+00 1.820000000000000062e+00 5.000000000000000104e-03
3.135135135135135087e+00 1.820000000000000062e+00 5.000000000000000104e-03
3.153153153153152921e+00 1.820000000000000062e+00 5.000000000000000104e-03
3.171171171171171199e+00 1.820000000000000062e+00 5.000000000000000104e-03
3.189189189189189477e+00 1.820000000000000062e+00 5.000000000000000104e-03
3.207207207207207311e+00 1.820000000000000062e+00 5.000000000000000104e-03
3.225225225225225145e+00 1.820000000000000062e+00 5.000000000000000104e-03
3.243243243243242979e+00 1.820000000000000062e+00 5.000000000000000104e-03
3.261261261261261257e+00 1.820000000000000062e+00 5.000000000000000104e-03
3.279279279279279535e+00 1.820000000000000062e+00 5.000000000000000104e-03
3.297297297297297369e+00 1.820000000000000062e+00 5.000000000000000104e-03
3.315315315315315203e+00 1.820000000000000062e+00 5.000000000000000104e-03
3.333333333333333037e+00 1.820000000000000062e+00 5.000000000000000104e-03
3.351351351351351315e+00 1.820000000000000062e+00 5.000000000000000104e-03
3.369369369369369593e+00 1.820000000000000062e+00 5.000000000000000104e-03
3.387387387387387427e+00 1.820000000000000062e+00 5.000000000000000104e-03
3.405405405405405261e+00 1.820000000000000062e+00 5.000000000000000104e-03
3.423423423423423095e+00 1.820000000000000062e+00 5.000000000000000104e-03
3.441441441441441373e+00 1.820000000000000062e+00 5.000000000000000104e-03
3.459459459459459651e+00 1.820000000000000062e+00 5.000000000000000104e-03
3.477477477477477485e+00 1.820000000000000062e+00 5.000000000000000104e-03
3.495495495495495319e+00 1.820000000000000062e+00 5.000000000000000104e-03
3.513513513513513598e+00 1.820000000000000062e+00 5.000000000000000104e-03
3.531531531531531432e+00 1.820000000000000062e+00 5.000000000000000104e-03
3.549549549549549710e+00 1.820000000000000062e+00 5.000000000000000104e-03
3.567567567567567544e+00 1.820000000000000062e+00 5.000000000000000104e-03
3.585585585585585378e+00 1.820000000000000062e+00 5.000000000000000104e-03
3.603603603603603656e+00 1.820000000000000062e+00 5.000000000000000104e-03
3.621621621621621934e+00 1.820000000000000062e+00 5.000000000000000104e-03
3.639639639639639768e+00 1.820000000000000062e+00 5.000000000000000104e-03
3.657657657657657602e+00 1.820000000000000062e+00 5.000000000000000104e-03
3.675675675675675436e+00 1.820000000000000062e+00 5.000000000000000104e-03
3.693693693693693714e+00 1.820000000000000062e+00 5.000000000000000104e-03
3.711711711711711992e+00 1.820000000000000062e+00 5.000000000000000104e-03
3.729729729729729826e+00 1.820000000000000062e+00 5.000000000000000104e-03
3.747747747747747660e+00 1.820000000000000062e+00 5.000000000000000104e-03
3.765765765765765494e+00 1.820000000000000062e+00 5.000000000000000104e-03
3.783783783783783772e+00 1.820000000000000062e+00 5.000000000000000104e-03
3.801801801801802050e+00 1.820000000000000062e+00 5.000000000000000104e-03
3.819819819819819884e+00 1.820000000000000062e+00 5.000000000000000104e-03
3.837837837837837718e+00 1.820000000000000062e+00 5.000000000000000104e-03
3.855855855855855552e+00 1.820000000000000062e+00 5.000000000000000104e-03
3.873873873873873830e+00 1.820000000000000062e+00 5.000000000000000104e-03
3.891891891891892108e+00 1.820000000000000062e+00 5.000000000000000104e-03
3.909909909909909942e+00 1.820000000000000062e+00 5.000000000000000104e-03
3.927927927927927776e+00 1.820000000000000062e+00 5.000000000000000104e-03
3.945945945945945610e+00 1.820000000000000062e+00 5.000000000000000104e-03
3.963963963963963888e+00 1.820000000000000062e+00 5.000000000000000104e-03
3.981981981981982166e+00 1.820000000000000062e+00 5.000000000000000104e-03
4.000000000000000000e+00 1.820000000000000062e+00 5.000000000000000104e-03
4.018018018018017834e+00 1.820000000000000062e+00 5.000000000000000104e-03
4.036036036036035668e+00 1.820000000000000062e+00 5.000000000000000104e-03
4.054054054054054390e+00 1.820000000000000062e+00 5.000000000000000104e-03
4.072072072072072224e+00 1.820000000000000062e+00 5.000000000000000104e-03
4.090090090090090058e+00 1.820000000000000062e+00 5.000000000000000104e-03
4.108108108108107892e+00 1.820000000000000062e+00 5.000000000000000104e-03
4.126126126126125726e+00 1.820000000000000062e+00 5.000000000000000104e-03
4.144144144144144448e+00 1.820000000000000062e+00 5.000000000000000104e-03
4.162162162162162282e+00 1.820000000000000062e+00 5.000000000000000104e-03
4.180180180180180116e+00 1.820000000000000062e+00 5.000000000000000104e-03
4.198198198198198838e+00 1.820000000000000062e+00 5.000000000000000104e-03
4.216216216216215784e+00 1.820000000000000062e+00 5.000000000000000104e-03
4.234234234234234506e+00 1.820000000000000062e+00 5.000000000000000104e-03
4.252252252252252340e+00 1.820000000000000062e+00 5.000000000000000104e-03
4.270270270270270174e+00 1.820000000000000062e+00 5.000000000000000104e-03
4.288288288288288896e+00 1.820000000000000062e+00 5.000000000000000104e-03
4.306306306306305842e+00 1.820000000000000062e+00 5.000000000000000104e-03
4.324324324324324564e+00 1.820000000000000062e+00 5.000000000000000104e-03
4.342342342342342398e+00 1.820000000000000062e+00 5.000000000000000104e-03
4.360360360360360232e+00 1.820000000000000062e+00 5.000000000000000104e-03
4.378378378378378954e+00 1.820000000000000062e+00 5.000000000000000104e-03
4.396396396396395900e+00 1.820000000000000062e+00 5.000000000000000104e-03
4.414414414414414622e+00 1.820000000000000062e+00 5.000000000000000104e-03
4.432432432432432456e+00 1.820000000000000062e+00 5.000000000000000104e-03
4.450450450450450290e+00 1.820000000000000062e+00 5.000000000000000104e-03
4.468468468468469013e+00 1.820000000000000062e+00 5.000000000000000104e-03
4.486486486486485958e+00 1.820000000000000062e+00 5.000000000000000104e-03
4.504504504504504681e+00 1.820000000000000062e+00 5.000000000000000104e-03
4.522522522522522515e+00 1.820000000000000062e+00 5.000000000000000104e-03
4.540540540540540349e+00 1.820000000000000062e+00 5.000000000000000104e-03
4.558558558558559071e+00 1.820000000000000062e+00 5.000000000000000104e-03
4.576576576576576016e+00 1.820000000000000062e+00 5.000000000000000104e-03
4.594594594594594739e+00 1.820000000000000062e+00 5.000000000000000104e-03
4.612612612612612573e+00 1.820000000000000062e+00 5.000000000000000104e-03
4.630630630630630407e+00 1.820000000000000062e+00 5.000000000000000104e-03
4.648648648648649129e+00 1.820000000000000062e+00 5.000000000000000104e-03
4.666666666666666075e+00 1.820000000000000062e+00 5.000000000000000104e-03
4.684684684684684797e+00 1.820000000000000062e+00 5.000000000000000104e-03
4.702702702702702631e+00 1.820000000000000062e+00 5.000000000000000104e-03
4.720720720720720465e+00 1.820000000000000062e+00 5.000000000000000104e-03
4.738738738738739187e+00 1.820000000000000062e+00 5.000000000000000104e-03
4.756756756756756133e+00 1.820000000000000062e+00 5.000000000000000104e-03
4.774774774774774855e+00 1.820000000000000062e+00 5.000000000000000104e-03
4.792792792792792689e+00 1.820000000000000062e+00 5.000000000000000104e-03
4.810810810810810523e+00 1.820000000000000062e+00 5.000000000000000104e-03
4.828828828828829245e+00 1.820000000000000062e+00 5.000000000000000104e-03
4.846846846846846191e+00 1.820000000000000062e+00 5.000000000000000104e-03
4.864864864864864913e+00 1.820000000000000062e+00 5.000000000000000104e-03
4.882882882882882747e+00 1.820000000000000062e+00 5.000000000000000104e-03
4.900900900900900581e+00 1.820000000000000062e+00 5.000000000000000104e-03
4.918918918918919303e+00 1.820000000000000062e+00 5.000000000000000104e-03
4.936936936936936249e+00 1.820000000000000062e+00 5.000000000000000104e-03
4.954954954954954971e+00 1.820000000000000062e+00 5.000000000000000104e-03
4.972972972972972805e+00 1.820000000000000062e+00 5.000000000000000104e-03
4.990990990990990639e+00 1.820000000000000062e+00 5.000000000000000104e-03
5.009009009009009361e+00 1.820000000000000062e+00 5.000000000000000104e-03
5.027027027027027195e+00 1.820000000000000062e+00 5.000000000000000104e-03
5.045045045045045029e+00 1.820000000000000062e+00 5.000000000000000104e-03
5.063063063063062863e+00 1.820000000000000062e+00 5.000000000000000104e-03
5.081081081081080697e+00 1.820000000000000062e+00 5.000000000000000104e-03
5.099099099099099419e+00 1.820000000000000062e+00 5.000000000000000104e-03
5.117117117117117253e+00 1.820000000000000062e+00 5.000000000000000104e-03
5.135135135135135087e+00 1.820000000000000062e+00 5.000000000000000104e-03
5.153153153153152921e+00 1.820000000000000062e+00 5.000000000000000104e-03
5.171171171171170755e+00 1.820000000000000062e+00 5.000000000000000104e-03
5.189189189189189477e+00 1.820000000000000062e+00 5.000000000000000104e-03
5.207207207207207311e+00 1.820000000000000062e+00 5.000000000000000104e-03
5.225225225225225145e+00 1.820000000000000062e+00 5.000000000000000104e-03
5.243243243243243867e+00 1.820000000000000062e+00 5.000000000000000104e-03
5.261261261261260813e+00 1.820000000000000062e+00 5.000000000000000104e-03
5.279279279279279535e+00 1.820000000000000062e+00 5.000000000000000104e-03
5.297297297297297369e+00 1.820000000000000062e+00 5.000000000000000104e-03
5.315315315315315203e+00 1.820000000000000062e+00 5.000000000000000104e-03
5.333333333333333925e+00 1.820000000000000062e+00 5.000000000000000104e-03
5.351351351351350871e+00 1.820000000000000062e+00 5.000000000000000104e-03
5.369369369369369593e+00 1.820000000000000062e+00 5.000000000000000104e-03
5.387387387387387427e+00 1.820000000000000062e+00 5.000000000000000104e-03
5.405405405405405261e+00 1.820000000000000062e+00 5.000000000000000104e-03
5.423423423423423984e+00 1.820000000000000062e+00 5.000000000000000104e-03
5.441441441441440929e+00 1.820000000000000062e+00 5.000000000000000104e-03
5.459459459459459651e+00 1.820000000000000062e+00 5.000000000000000104e-03
5.477477477477477485e+00 1.820000000000000062e+00 5.000000000000000104e-03
5.495495495495495319e+00 1.820000000000000062e+00 5.000000000000000104e-03
5.513513513513514042e+00 1.820000000000000062e+00 5.000000000000000104e-03
5.531531531531530987e+00 1.820000000000000062e+00 5.000000000000000104e-03
5.549549549549549710e+00 1.820000000000000062e+00 5.000000000000000104e-03
5.567567567567567544e+00 1.820000000000000062e+00 5.000000000000000104e-03
5.585585585585585378e+00 1.820000000000000062e+00 5.000000000000000104e-03
5.603603603603604100e+00 1.820000000000000062e+00 5.000000000000000104e-03
5.621621621621621046e+00 1.820000000000000062e+00 5.000000000000000104e-03
5.639639639639639768e+00 1.820000000000000062e+00 5.000000000000000104e-03
5.657657657657657602e+00 1.820000000000000062e+00 5.000000000000000104e-03
5.675675675675675436e+00 1.820000000000000062e+00 5.000000000000000104e-03
5.693693693693694158e+00 1.820000000000000062e+00 5.000000000000000104e-03
5.711711711711711104e+00 1.820000000000000062e+00 5.000000000000000104e-03
5.729729729729729826e+00 1.820000000000000062e+00 5.000000000000000104e-03
5.747747747747747660e+00 1.820000000000000062e+00 5.000000000000000104e-03
5.765765765765765494e+00 1.820000000000000062e+00 5.000000000000000104e-03
5.783783783783784216e+00 1.820000000000000062e+00 5.000000000000000104e-03
5.801801801801801162e+00 1.820000000000000062e+00 5.000000000000000104e-03
5.819819819819819884e+00 1.820000000000000062e+00 5.000000000000000104e-03
5.837837837837837718e+00 1.820000000000000062e+00 5.000000000000000104e-03
5.855855855855855552e+00 1.820000000000000062e+00 5.000000000000000104e-03
5.873873873873874274e+00 1.820000000000000062e+00 5.000000000000000104e-03
5.891891891891891220e+00 1.820000000000000062e+00 5.000000000000000104e-03
5.909909909909909942e+00 1.820000000000000062e+00 5.000000000000000104e-03
5.927927927927927776e+00 1.820000000000000062e+00 5.000000000000000104e-03
5.945945945945945610e+00 1.820000000000000062e+00 5.000000000000000104e-03
5.963963963963964332e+00 1.820000000000000062e+00 5.000000000000000104e-03
5.981981981981982166e+00 1.820000000000000062e+00 5.000000000000000104e-03
6.000000000000000000e+00 1.820000000000000062e+00 5.000000000000000104e-03
6.018018018018017834e+00 1.820000000000000062e+00 5.000000000000000104e-03
6.036036036036035668e+00 1.820000000000000062e+00 5.000000000000000104e-03
6.054054054054054390e+00 1.820000000000000062e+00 5.000000000000000104e-03
6.072072072072072224e+00 1.820000000000000062e+00 5.000000000000000104e-03
6.090090090090090058e+00 1.820000000000000062e+00 5.000000000000000104e-03
6.108108108108107892e+00 1.820000000000000062e+00 5.000000000000000104e-03
6.126126126126125726e+00 1.820000000000000062e+00 5.000000000000000104e-03
6.144144144144144448e+00 1.820000000000000062e+00 5.000000000000000104e-03
6.162162162162162282e+00 1.820000000000000062e+00 5.000000000000000104e-03
6.180180180180180116e+00 1.820000000000000062e+00 5.000000000000000104e-03
6.198198198198197950e+00 1.820000000000000062e+00 5.000000000000000104e-03
6.216216216216215784e+00 1.820000000000000062e+00 5.000000000000000104e-03
6.234234234234234506e+00 1.820000000000000062e+00 5.000000000000000104e-03
6.252252252252252340e+00 1.820000000000000062e+00 5.000000000000000104e-03
6.270270270270270174e+00 1.820000000000000062e+00 5.000000000000000104e-03
6.288288288288288008e+00 1.820000000000000062e+00 5.000000000000000104e-03
6.306306306306305842e+00 1.820000000000000062e+00 5.000000000000000104e-03
6.324324324324324564e+00 1.820000000000000062e+00 5.000000000000000104e-03
6.342342342342342398e+00 1.820000000000000062e+00 5.000000000000000104e-03
6.360360360360360232e+00 1.820000000000000062e+00 5.000000000000000104e-03
6.378378378378378066e+00 1.820000000000000062e+00 5.000000000000000104e-03
6.396396396396396788e+00 1.820000000000000062e+00 5.000000000000000104e-03
6.414414414414414622e+00 1.820000000000000062e+00 5.000000000000000104e-03
6.432432432432432456e+00 1.820000000000000062e+00 5.000000000000000104e-03
6.450450450450450290e+00 1.820000000000000062e+00 5.000000000000000104e-03
6.468468468468468124e+00 1.820000000000000062e+00 5.000000000000000104e-03
6.486486486486486847e+00 1.820000000000000062e+00 5.000000000000000104e-03
6.504504504504504681e+00 1.820000000000000062e+00 5.000000000000000104e-03
6.522522522522522515e+00 1.820000000000000062e+00 5.000000000000000104e-03
6.540540540540540349e+00 1.820000000000000062e+00 5.000000000000000104e-03
6.558558558558558182e+00 1.820000000000000062e+00 5.000000000000000104e-03
6.576576576576576905e+00 1.820000000000000062e+00 5.000000000000000104e-03
6.594594594594594739e+00 1.820000000000000062e+00 5.000000000000000104e-03
6.612612612612612573e+00 1.820000000000000062e+00 5.000000000000000104e-03
6.630630630630630407e+00 1.820000000000000062e+00 5.000000000000000104e-03
6.648648648648648241e+00 1.820000000000000062e+00 5.000000000000000104e-03
6.666666666666666963e+00 1.820000000000000062e+00 5.000000000000000104e-03
6.684684684684684797e+00 1.820000000000000062e+00 5.000000000000000104e-03
6.702702702702702631e+00 1.820000000000000062e+00 5.000000000000000104e-03
6.720720720720720465e+00 1.820000000000000062e+00 5.000000000000000104e-03
6.738738738738738299e+00 1.820000000000000062e+00 5.000000000000000104e-03
6.756756756756757021e+00 1.820000000000000062e+00 5.000000000000000104e-03
6.774774774774774855e+00 1.820000000000000062e+00 5.000000000000000104e-03
6.792792792792792689e+00 1.820000000000000062e+00 5.000000000000000104e-03
6.810810810810810523e+00 1.820000000000000062e+00 5.000000000000000104e-03
6.828828828828828357e+00 1.820000000000000062e+00 5.000000000000000104e-03
6.846846846846847079e+00 1.820000000000000062e+00 5.000000000000000104e-03
6.864864864864864913e+00 1.820000000000000062e+00 5.000000000000000104e-03
6.882882882882882747e+00 1.820000000000000062e+00 5.000000000000000104e-03
6.900900900900900581e+00 1.820000000000000062e+00 5.000000000000000104e-03
6.918918918918919303e+00 1.820000000000000062e+00 5.000000000000000104e-03
6.936936936936937137e+00 1.820000000000000062e+00 5.000000000000000104e-03
6.954954954954954971e+00 1.820000000000000062e+00 5.000000000000000104e-03
6.972972972972972805e+00 1.820000000000000062e+00 5.000000000000000104e-03
6.990990990990990639e+00 1.820000000000000062e+00 5.000000000000000104e-03
7.009009009009009361e+00 1.820000000000000062e+00 5.000000000000000104e-03
7.027027027027027195e+00 1.820000000000000062e+00 5.000000000000000104e-03
7.045045045045045029e+00 1.820000000000000062e+00 5.000000000000000104e-03
7.063063063063062863e+00 1.820000000000000062e+00 5.000000000000000104e-03
7.081081081081080697e+00 1.820000000000000062e+00 5.000000000000000104e-03
7.099099099099099419e+00 1.820000000000000062e+00 5.000000000000000104e-03
7.117117117117117253e+00 1.820000000000000062e+00 5.000000000000000104e-03
7.135135135135135087e+00 1.820000000000000062e+00 5.000000000000000104e-03
7.153153153153152921e+00 1.820000000000000062e+00 5.000000000000000104e-03
7.171171171171170755e+00 1.820000000000000062e+00 5.000000000000000104e-03
7.189189189189189477e+00 1.820000000000000062e+00 5.000000000000000104e-03
7.207207207207207311e+00 1.820000000000000062e+00 5.000000000000000104e-03
7.225225225225225145e+00 1.820000000000000062e+00 5.000000000000000104e-03
7.243243243243242979e+00 1.820000000000000062e+00 5.000000000000000104e-03
7.261261261261260813e+00 1.820000000000000062e+00 5.000000000000000104e-03
7.279279279279279535e+00 1.820000000000000062e+00 5.000000000000000104e-03
7.297297297297297369e+00 1.820000000000000062e+00 5.000000000000000104e-03
7.315315315315315203e+00 1.820000000000000062e+00 5.000000000000000104e-03
7.333333333333333037e+00 1.820000000000000062e+00 5.000000000000000104e-03
7.351351351351350871e+00 1.820000000000000062e+00 5.000000000000000104e-03
7.369369369369369593e+00 1.820000000000000062e+00 5.000000000000000104e-03
7.387387387387387427e+00 1.820000000000000062e+00 5.000000000000000104e-03
7.405405405405405261e+00 1.820000000000000062e+00 5.000000000000000104e-03
7.423423423423423095e+00 1.820000000000000062e+00 5.000000000000000104e-03
7.441441441441441818e+00 1.820000000000000062e+00 5.000000000000000104e-03
7.459459459459459651e+00 1.820000000000000062e+00 5.000000000000000104e-03
7.477477477477477485e+00 1.820000000000000062e+00 5.000000000000000104e-03
7.495495495495495319e+00 1.820000000000000062e+00 5.000000000000000104e-03
7.513513513513513153e+00 1.820000000000000062e+00 5.000000000000000104e-03
7.531531531531531876e+00 1.820000000000000062e+00 5.000000000000000104e-03
7.549549549549549710e+00 1.820000000000000062e+00 5.000000000000000104e-03
7.567567567567567544e+00 1.820000000000000062e+00 5.000000000000000104e-03
7.585585585585585378e+00 1.820000000000000062e+00 5.000000000000000104e-03
7.603603603603603212e+00 1.820000000000000062e+00 5.000000000000000104e-03
7.621621621621621934e+00 1.820000000000000062e+00 5.000000000000000104e-03
7.639639639639639768e+00 1.820000000000000062e+00 5.000000000000000104e-03
7.657657657657657602e+00 1.820000000000000062e+00 5.000000000000000104e-03
7.675675675675675436e+00 1.820000000000000062e+00 5.000000000000000104e-03
7.693693693693693270e+00 1.820000000000000062e+00 5.000000000000000104e-03
7.711711711711711992e+00 1.820000000000000062e+00 5.000000000000000104e-03
7.729729729729729826e+00 1.820000000000000062e+00 5.000000000000000104e-03
7.747747747747747660e+00 1.820000000000000062e+00 5.000000000000000104e-03
7.765765765765765494e+00 1.820000000000000062e+00 5.000000000000000104e-03
7.783783783783783328e+00 1.820000000000000062e+00 5.000000000000000104e-03
7.801801801801802050e+00 1.820000000000000062e+00 5.000000000000000104e-03
7.819819819819819884e+00 1.820000000000000062e+00 5.000000000000000104e-03
7.837837837837837718e+00 1.820000000000000062e+00 5.000000000000000104e-03
7.855855855855855552e+00 1.820000000000000062e+00 5.000000000000000104e-03
7.873873873873873386e+00 1.820000000000000062e+00 5.000000000000000104e-03
7.891891891891892108e+00 1.820000000000000062e+00 5.000000000000000104e-03
7.909909909909909942e+00 1.820000000000000062e+00 5.000000000000000104e-03
7.927927927927927776e+00 1.820000000000000062e+00 5.000000000000000104e-03
7.945945945945945610e+00 1.820000000000000062e+00 5.000000000000000104e-03
7.963963963963964332e+00 1.820000000000000062e+00 5.000000000000000104e-03
7.981981981981982166e+00 1.820000000000000062e+00 5.000000000000000104e-03
8.000000000000000000e+00 1.820000000000000062e+00 5.000000000000000104e-03
8.018018018018018722e+00 1.820000000000000062e+00 5.000000000000000104e-03
8.036036036036035668e+00 1.820000000000000062e+00 5.000000000000000104e-03
8.054054054054054390e+00 1.820000000000000062e+00 5.000000000000000104e-03
8.072072072072071336e+00 1.820000000000000062e+00 5.000000000000000104e-03
8.090090090090090058e+00 1.820000000000000062e+00 5.000000000000000104e-03
8.108108108108108780e+00 1.820000000000000062e+00 5.000000000000000104e-03
8.126126126126125726e+00 1.820000000000000062e+00 5.000000000000000104e-03
8.144144144144144448e+00 1.820000000000000062e+00 5.000000000000000104e-03
8.162162162162161394e+00 1.820000000000000062e+00 5.000000000000000104e-03
8.180180180180180116e+00 1.820000000000000062e+00 5.000000000000000104e-03
8.198198198198198838e+00 1.820000000000000062e+00 5.000000000000000104e-03
8.216216216216215784e+00 1.820000000000000062e+00 5.000000000000000104e-03
8.234234234234234506e+00 1.820000000000000062e+00 5.000000000000000104e-03
8.252252252252251452e+00 1.820000000000000062e+00 5.000000000000000104e-03
8.270270270270270174e+00 1.820000000000000062e+00 5.000000000000000104e-03
8.288288288288288896e+00 1.820000000000000062e+00 5.000000000000000104e-03
8.306306306306305842e+00 1.820000000000000062e+00 5.000000000000000104e-03
8.324324324324324564e+00 1.820000000000000062e+00 5.000000000000000104e-03
8.342342342342341510e+00 1.820000000000000062e+00 5.000000000000000104e-03
8.360360360360360232e+00 1.820000000000000062e+00 5.000000000000000104e-03
8.378378378378378954e+00 1.820000000000000062e+00 5.000000000000000104e-03
8.396396396396395900e+00 1.820000000000000062e+00 5.000000000000000104e-03
8.414414414414414622e+00 1.820000000000000062e+00 5.000000000000000104e-03
8.432432432432431568e+00 1.820000000000000062e+00 5.000000000000000104e-03
8.450450450450450290e+00 1.820000000000000062e+00 5.000000000000000104e-03
8.468468468468469013e+00 1.820000000000000062e+00 5.000000000000000104e-03
8.486486486486487735e+00 1.820000000000000062e+00 5.000000000000000104e-03
8.504504504504504681e+00 1.820000000000000062e+00 5.000000000000000104e-03
8.522522522522521626e+00 1.820000000000000062e+00 5.000000000000000104e-03
8.540540540540540349e+00 1.820000000000000062e+00 5.000000000000000104e-03
8.558558558558559071e+00 1.820000000000000062e+00 5.000000000000000104e-03
8.576576576576577793e+00 1.820000000000000062e+00 5.000000000000000104e-03
8.594594594594594739e+00 1.820000000000000062e+00 5.000000000000000104e-03
8.612612612612611684e+00 1.820000000000000062e+00 5.000000000000000104e-03
8.630630630630630407e+00 1.820000000000000062e+00 5.000000000000000104e-03
8.648648648648649129e+00 1.820000000000000062e+00 5.000000000000000104e-03
8.666666666666667851e+00 1.820000000000000062e+00 5.000000000000000104e-03
8.684684684684684797e+00 1.820000000000000062e+00 5.000000000000000104e-03
8.702702702702701743e+00 1.820000000000000062e+00 5.000000000000000104e-03
8.720720720720720465e+00 1.820000000000000062e+00 5.000000000000000104e-03
8.738738738738739187e+00 1.820000000000000062e+00 5.000000000000000104e-03
8.756756756756757909e+00 1.820000000000000062e+00 5.000000000000000104e-03
8.774774774774774855e+00 1.820000000000000062e+00 5.000000000000000104e-03
8.792792792792791801e+00 1.820000000000000062e+00 5.000000000000000104e-03
8.810810810810810523e+00 1.820000000000000062e+00 5.000000000000000104e-03
8.828828828828829245e+00 1.820000000000000062e+00 5.000000000000000104e-03
8.846846846846847967e+00 1.820000000000000062e+00 5.000000000000000104e-03
8.864864864864864913e+00 1.820000000000000062e+00 5.000000000000000104e-03
8.882882882882881859e+00 1.820000000000000062e+00 5.000000000000000104e-03
8.900900900900900581e+00 1.820000000000000062e+00 5.000000000000000104e-03
8.918918918918919303e+00 1.820000000000000062e+00 5.000000000000000104e-03
8.936936936936938025e+00 1.820000000000000062e+00 5.000000000000000104e-03
8.954954954954954971e+00 1.820000000000000062e+00 5.000000000000000104e-03
8.972972972972971917e+00 1.820000000000000062e+00 5.000000000000000104e-03
8.990990990990990639e+00 1.820000000000000062e+00 5.000000000000000104e-03
9.009009009009009361e+00 1.820000000000000062e+00 5.000000000000000104e-03
9.027027027027028083e+00 1.820000000000000062e+00 5.000000000000000104e-03
9.045045045045045029e+00 1.820000000000000062e+00 5.000000000000000104e-03
9.063063063063061975e+00 1.820000000000000062e+00 5.000000000000000104e-03
9.081081081081080697e+00 1.820000000000000062e+00 5.000000000000000104e-03
9.099099099099099419e+00 1.820000000000000062e+00 5.000000000000000104e-03
9.117117117117118141e+00 1.820000000000000062e+00 5.000000000000000104e-03
9.135135135135135087e+00 1.820000000000000062e+00 5.000000000000000104e-03
9.153153153153152033e+00 1.820000000000000062e+00 5.000000000000000104e-03
9.171171171171170755e+00 1.820000000000000062e+00 5.000000000000000104e-03
9.189189189189189477e+00 1.820000000000000062e+00 5.000000000000000104e-03
9.207207207207208199e+00 1.820000000000000062e+00 5.000000000000000104e-03
9.225225225225225145e+00 1.820000000000000062e+00 5.000000000000000104e-03
9.243243243243242091e+00 1.820000000000000062e+00 5.000000000000000104e-03
9.261261261261260813e+00 1.820000000000000062e+00 5.000000000000000104e-03
9.279279279279279535e+00 1.820000000000000062e+00 5.000000000000000104e-03
9.297297297297298257e+00 1.820000000000000062e+00 5.000000000000000104e-03
9.315315315315315203e+00 1.820000000000000062e+00 5.000000000000000104e-03
9.333333333333332149e+00 1.820000000000000062e+00 5.000000000000000104e-03
9.351351351351350871e+00 1.820000000000000062e+00 5.000000000000000104e-03
9.369369369369369593e+00 1.820000000000000062e+00 5.000000000000000104e-03
9.387387387387388316e+00 1.820000000000000062e+00 5.000000000000000104e-03
9.405405405405405261e+00 1.820000000000000062e+00 5.000000000000000104e-03
9.423423423423422207e+00 1.820000000000000062e+00 5.000000000000000104e-03
9.441441441441440929e+00 1.820000000000000062e+00 5.000000000000000104e-03
9.459459459459459651e+00 1.820000000000000062e+00 5.000000000000000104e-03
9.477477477477478374e+00 1.820000000000000062e+00 5.000000000000000104e-03
9.495495495495495319e+00 1.820000000000000062e+00 5.000000000000000104e-03
9.513513513513512265e+00 1.820000000000000062e+00 5.000000000000000104e-03
9.531531531531530987e+00 1.820000000000000062e+00 5.000000000000000104e-03
9.549549549549549710e+00 1.820000000000000062e+00 5.000000000000000104e-03
9.567567567567568432e+00 1.820000000000000062e+00 5.000000000000000104e-03
9.585585585585585378e+00 1.820000000000000062e+00 5.000000000000000104e-03
9.603603603603602323e+00 1.820000000000000062e+00 5.000000000000000104e-03
9.621621621621621046e+00 1.820000000000000062e+00 5.000000000000000104e-03
9.639639639639639768e+00 1.820000000000000062e+00 5.000000000000000104e-03
9.657657657657658490e+00 1.820000000000000062e+00 5.000000000000000104e-03
9.675675675675675436e+00 1.820000000000000062e+00 5.000000000000000104e-03
9.693693693693692381e+00 1.820000000000000062e+00 5.000000000000000104e-03
9.711711711711711104e+00 1.820000000000000062e+00 5.000000000000000104e-03
9.729729729729729826e+00 1.820000000000000062e+00 5.000000000000000104e-03
9.747747747747748548e+00 1.820000000000000062e+00 5.000000000000000104e-03
9.765765765765765494e+00 1.820000000000000062e+00 5.000000000000000104e-03
9.783783783783782440e+00 1.820000000000000062e+00 5.000000000000000104e-03
9.801801801801801162e+00 1.820000000000000062e+00 5.000000000000000104e-03
9.819819819819819884e+00 1.820000000000000062e+00 5.000000000000000104e-03
9.837837837837838606e+00 1.820000000000000062e+00 5.000000000000000104e-03
9.855855855855855552e+00 1.820000000000000062e+00 5.000000000000000104e-03
9.873873873873872498e+00 1.820000000000000062e+00 5.000000000000000104e-03
9.891891891891891220e+00 1.820000000000000062e+00 5.000000000000000104e-03
9.909909909909909942e+00 1.820000000000000062e+00 5.000000000000000104e-03
9.927927927927928664e+00 1.820000000000000062e+00 5.000000000000000104e-03
9.945945945945945610e+00 1.820000000000000062e+00 5.000000000000000104e-03
9.963963963963964332e+00 1.820000000000000062e+00 5.000000000000000104e-03
9.981981981981981278e+00 1.820000000000000062e+00 5.000000000000000104e-03
1.000000000000000000e+01 1.820000000000000062e+00 5.000000000000000104e-03
1.001801801801801872e+01 1.820000000000000062e+00 5.000000000000000104e-03
1.003603603603603567e+01 1.820000000000000062e+00 5.000000000000000104e-03
1.005405405405405439e+01 1.820000000000000062e+00 5.000000000000000104e-03
1.007207207207207134e+01 1.820000000000000062e+00 5.000000000000000104e-03
1.009009009009009006e+01 1.820000000000000062e+00 5.000000000000000104e-03
1.010810810810810878e+01 1.820000000000000062e+00 5.000000000000000104e-03
1.012612612612612573e+01 1.820000000000000062e+00 5.000000000000000104e-03
1.014414414414414445e+01 1.820000000000000062e+00 5.000000000000000104e-03
1.016216216216216139e+01 1.820000000000000062e+00 5.000000000000000104e-03
1.018018018018018012e+01 1.820000000000000062e+00 5.000000000000000104e-03
1.019819819819819884e+01 1.820000000000000062e+00 5.000000000000000104e-03
1.021621621621621578e+01 1.820000000000000062e+00 5.000000000000000104e-03
1.023423423423423451e+01 1.820000000000000062e+00 5.000000000000000104e-03
1.025225225225225145e+01 1.820000000000000062e+00 5.000000000000000104e-03
1.027027027027027017e+01 1.820000000000000062e+00 5.000000000000000104e-03
1.028828828828828890e+01 1.820000000000000062e+00 5.000000000000000104e-03
1.030630630630630584e+01 1.820000000000000062e+00 5.000000000000000104e-03
1.032432432432432456e+01 1.820000000000000062e+00 5.000000000000000104e-03
1.034234234234234151e+01 1.820000000000000062e+00 5.000000000000000104e-03
1.036036036036036023e+01 1.820000000000000062e+00 5.000000000000000104e-03
1.037837837837837895e+01 1.820000000000000062e+00 5.000000000000000104e-03
1.039639639639639590e+01 1.820000000000000062e+00 5.000000000000000104e-03
1.041441441441441462e+01 1.820000000000000062e+00 5.000000000000000104e-03
1.043243243243243157e+01 1.820000000000000062e+00 5.000000000000000104e-03
1.045045045045045029e+01 1.820000000000000062e+00 5.000000000000000104e-03
1.046846846846846901e+01 1.820000000000000062e+00 5.000000000000000104e-03
1.048648648648648596e+01 1.820000000000000062e+00 5.000000000000000104e-03
1.050450450450450468e+01 1.820000000000000062e+00 5.000000000000000104e-03
1.052252252252252163e+01 1.820000000000000062e+00 5.000000000000000104e-03
1.054054054054054035e+01 1.820000000000000062e+00 5.000000000000000104e-03
1.055855855855855907e+01 1.820000000000000062e+00 5.000000000000000104e-03
1.057657657657657602e+01 1.820000000000000062e+00 5.000000000000000104e-03
1.059459459459459474e+01 1.820000000000000062e+00 5.000000000000000104e-03
1.061261261261261168e+01 1.820000000000000062e+00 5.000000000000000104e-03
1.063063063063063041e+01 1.820000000000000062e+00 5.000000000000000104e-03
1.064864864864864913e+01 1.820000000000000062e+00 5.000000000000000104e-03
1.066666666666666607e+01 1.820000000000000062e+00 5.000000000000000104e-03
1.068468468468468480e+01 1.820000000000000062e+00 5.000000000000000104e-03
1.070270270270270174e+01 1.820000000000000062e+00 5.000000000000000104e-03
1.072072072072072046e+01 1.820000000000000062e+00 5.000000000000000104e-03
1.073873873873873919e+01 1.820000000000000062e+00 5.000000000000000104e-03
1.075675675675675613e+01 1.820000000000000062e+00 5.000000000000000104e-03
1.077477477477477485e+01 1.820000000000000062e+00 5.000000000000000104e-03
1.079279279279279358e+01 1.820000000000000062e+00 5.000000000000000104e-03
1.081081081081081052e+01 1.820000000000000062e+00 5.000000000000000104e-03
1.082882882882882924e+01 1.820000000000000062e+00 5.000000000000000104e-03
1.084684684684684619e+01 1.820000000000000062e+00 5.000000000000000104e-03
1.086486486486486491e+01 1.820000000000000062e+00 5.000000000000000104e-03
1.088288288288288364e+01 1.820000000000000062e+00 5.000000000000000104e-03
1.090090090090090058e+01 1.820000000000000062e+00 5.000000000000000104e-03
1.091891891891891930e+01 1.820000000000000062e+00 5.000000000000000104e-03
1.093693693693693625e+01 1.820000000000000062e+00 5.000000000000000104e-03
1.095495495495495497e+01 1.820000000000000062e+00 5.000000000000000104e-03
1.097297297297297369e+01 1.820000000000000062e+00 5.000000000000000104e-03
1.099099099099099064e+01 1.820000000000000062e+00 5.000000000000000104e-03
1.100900900900900936e+01 1.820000000000000062e+00 5.000000000000000104e-03
1.102702702702702631e+01 1.820000000000000062e+00 5.000000000000000104e-03
1.104504504504504503e+01 1.820000000000000062e+00 5.000000000000000104e-03
1.106306306306306375e+01 1.820000000000000062e+00 5.000000000000000104e-03
1.108108108108108070e+01 1.820000000000000062e+00 5.000000000000000104e-03
1.109909909909909942e+01 1.820000000000000062e+00 5.000000000000000104e-03
1.111711711711711636e+01 1.820000000000000062e+00 5.000000000000000104e-03
1.113513513513513509e+01 1.820000000000000062e+00 5.000000000000000104e-03
1.115315315315315381e+01 1.820000000000000062e+00 5.000000000000000104e-03
1.117117117117117076e+01 1.820000000000000062e+00 5.000000000000000104e-03
1.118918918918918948e+01 1.820000000000000062e+00 5.000000000000000104e-03
1.120720720720720642e+01 1.820000000000000062e+00 5.000000000000000104e-03
1.122522522522522515e+01 1.820000000000000062e+00 5.000000000000000104e-03
1.124324324324324387e+01 1.820000000000000062e+00 5.000000000000000104e-03
1.126126126126126081e+01 1.820000000000000062e+00 5.000000000000000104e-03
1.127927927927927954e+01 1.820000000000000062e+00 5.000000000000000104e-03
1.129729729729729648e+01 1.820000000000000062e+00 5.000000000000000104e-03
1.131531531531531520e+01 1.820000000000000062e+00 5.000000000000000104e-03
1.133333333333333393e+01 1.820000000000000062e+00 5.000000000000000104e-03
1.135135135135135087e+01 1.820000000000000062e+00 5.000000000000000104e-03
1.136936936936936959e+01 1.820000000000000062e+00 5.000000000000000104e-03
1.138738738738738654e+01 1.820000000000000062e+00 5.000000000000000104e-03
1.140540540540540526e+01 1.820000000000000062e+00 5.000000000000000104e-03
1.142342342342342398e+01 1.820000000000000062e+00 5.000000000000000104e-03
1.144144144144144093e+01 1.820000000000000062e+00 5.000000000000000104e-03
1.145945945945945965e+01 1.820000000000000062e+00 5.000000000000000104e-03
1.147747747747747660e+01 1.820000000000000062e+00 5.000000000000000104e-03
1.149549549549549532e+01 1.820000000000000062e+00 5.000000000000000104e-03
1.151351351351351404e+01 1.820000000000000062e+00 5.000000000000000104e-03
1.153153153153153099e+01 1.820000000000000062e+00 5.000000000000000104e-03
1.154954954954954971e+01 1.820000000000000062e+00 5.000000000000000104e-03
1.156756756756756666e+01 1.820000000000000062e+00 5.000000000000000104e-03
1.158558558558558538e+01 1.820000000000000062e+00 5.000000000000000104e-03
1.160360360360360410e+01 1.820000000000000062e+00 5.000000000000000104e-03
1.162162162162162105e+01 1.820000000000000062e+00 5.000000000000000104e-03
1.163963963963963977e+01 1.820000000000000062e+00 5.000000000000000104e-03
1.165765765765765671e+01 1.820000000000000062e+00 5.000000000000000104e-03
1.167567567567567544e+01 1.820000000000000062e+00 5.000000000000000104e-03
1.169369369369369416e+01 1.820000000000000062e+00 5.000000000000000104e-03
1.171171171171171110e+01 1.820000000000000062e+00 5.000000000000000104e-03
1.172972972972972983e+01 1.820000000000000062e+00 5.000000000000000104e-03
1.174774774774774855e+01 1.820000000000000062e+00 5.000000000000000104e-03
1.176576576576576549e+01 1.820000000000000062e+00 5.000000000000000104e-03
1.178378378378378422e+01 1.820000000000000062e+00 5.000000000000000104e-03
1.180180180180180116e+01 1.820000000000000062e+00 5.000000000000000104e-03
1.181981981981981988e+01 1.820000000000000062e+00 5.000000000000000104e-03
1.183783783783783861e+01 1.820000000000000062e+00 5.000000000000000104e-03
1.185585585585585555e+01 1.820000000000000062e+00 5.000000000000000104e-03
1.187387387387387427e+01 1.820000000000000062e+00 5.000000000000000104e-03
1.189189189189189122e+01 1.820000000000000062e+00 5.000000000000000104e-03
1.190990990990990994e+01 1.820000000000000062e+00 5.000000000000000104e-03
1.192792792792792866e+01 1.820000000000000062e+00 5.000000000000000104e-03
1.194594594594594561e+01 1.820000000000000062e+00 5.000000000000000104e-03
1.196396396396396433e+01 1.820000000000000062e+00 5.000000000000000104e-03
1.198198198198198128e+01 1.820000000000000062e+00 5.000000000000000104e-03
1.200000000000000000e+01 1.820000000000000062e+00 5.000000000000000104e-03
1.201801801801801872e+01 1.820000000000000062e+00 5.000000000000000104e-03
1.203603603603603567e+01 1.820000000000000062e+00 5.000000000000000104e-03
1.205405405405405439e+01 1.820000000000000062e+00 5.000000000000000104e-03
1.207207207207207134e+01 1.820000000000000062e+00 5.000000000000000104e-03
1.209009009009009006e+01 1.820000000000000062e+00 5.000000000000000104e-03
1.210810810810810878e+01 1.820000000000000062e+00 5.000000000000000104e-03
1.212612612612612573e+01 1.820000000000000062e+00 5.000000000000000104e-03
1.214414414414414445e+01 1.820000000000000062e+00 5.000000000000000104e-03
1.216216216216216139e+01 1.820000000000000062e+00 5.000000000000000104e-03
1.218018018018018012e+01 1.820000000000000062e+00 5.000000000000000104e-03
1.219819819819819884e+01 1.820000000000000062e+00 5.000000000000000104e-03
1.221621621621621578e+01 1.820000000000000062e+00 5.000000000000000104e-03
1.223423423423423451e+01 1.820000000000000062e+00 5.000000000000000104e-03
1.225225225225225145e+01 1.820000000000000062e+00 5.000000000000000104e-03
1.227027027027027017e+01 1.820000000000000062e+00 5.000000000000000104e-03
1.228828828828828890e+01 1.820000000000000062e+00 5.000000000000000104e-03
1.230630630630630584e+01 1.820000000000000062e+00 5.000000000000000104e-03
1.232432432432432456e+01 1.820000000000000062e+00 5.000000000000000104e-03
1.234234234234234151e+01 1.820000000000000062e+00 5.000000000000000104e-03
1.236036036036036023e+01 1.820000000000000062e+00 5.000000000000000104e-03
1.237837837837837895e+01 1.820000000000000062e+00 5.000000000000000104e-03
1.239639639639639590e+01 1.820000000000000062e+00 5.000000000000000104e-03
1.241441441441441462e+01 1.820000000000000062e+00 5.000000000000000104e-03
1.243243243243243157e+01 1.820000000000000062e+00 5.000000000000000104e-03
1.245045045045045029e+01 1.820000000000000062e+00 5.000000000000000104e-03
1.246846846846846901e+01 1.820000000000000062e+00 5.000000000000000104e-03
1.248648648648648596e+01 1.820000000000000062e+00 5.000000000000000104e-03
1.250450450450450468e+01 1.820000000000000062e+00 5.000000000000000104e-03
1.252252252252252163e+01 1.820000000000000062e+00 5.000000000000000104e-03
1.254054054054054035e+01 1.820000000000000062e+00 5.000000000000000104e-03
1.255855855855855907e+01 1.820000000000000062e+00 5.000000000000000104e-03
1.257657657657657602e+01 1.820000000000000062e+00 5.000000000000000104e-03
1.259459459459459474e+01 1.820000000000000062e+00 5.000000000000000104e-03
1.261261261261261168e+01 1.820000000000000062e+00 5.000000000000000104e-03
1.263063063063063041e+01 1.820000000000000062e+00 5.000000000000000104e-03
1.264864864864864913e+01 1.820000000000000062e+00 5.000000000000000104e-03
1.266666666666666607e+01 1.820000000000000062e+00 5.000000000000000104e-03
1.268468468468468480e+01 1.820000000000000062e+00 5.000000000000000104e-03
1.270270270270270174e+01 1.820000000000000062e+00 5.000000000000000104e-03
1.272072072072072046e+01 1.820000000000000062e+00 5.000000000000000104e-03
1.273873873873873919e+01 1.820000000000000062e+00 5.000000000000000104e-03
1.275675675675675613e+01 1.820000000000000062e+00 5.000000000000000104e-03
1.277477477477477485e+01 1.820000000000000062e+00 5.000000000000000104e-03
1.279279279279279358e+01 1.820000000000000062e+00 5.000000000000000104e-03
1.281081081081081052e+01 1.820000000000000062e+00 5.000000000000000104e-03
1.282882882882882924e+01 1.820000000000000062e+00 5.000000000000000104e-03
1.284684684684684619e+01 1.820000000000000062e+00 5.000000000000000104e-03
1.286486486486486491e+01 1.820000000000000062e+00 5.000000000000000104e-03
1.288288288288288364e+01 1.820000000000000062e+00 5.000000000000000104e-03
1.290090090090090058e+01 1.820000000000000062e+00 5.000000000000000104e-03
1.291891891891891930e+01 1.820000000000000062e+00 5.000000000000000104e-03
1.293693693693693625e+01 1.820000000000000062e+00 5.000000000000000104e-03
1.295495495495495497e+01 1.820000000000000062e+00 5.000000000000000104e-03
1.297297297297297369e+01 1.820000000000000062e+00 5.000000000000000104e-03
1.299099099099099064e+01 1.820000000000000062e+00 5.000000000000000104e-03
1.300900900900900936e+01 1.820000000000000062e+00 5.000000000000000104e-03
1.302702702702702631e+01 1.820000000000000062e+00 5.000000000000000104e-03
1.304504504504504503e+01 1.820000000000000062e+00 5.000000000000000104e-03
1.306306306306306375e+01 1.820000000000000062e+00 5.000000000000000104e-03
1.308108108108108070e+01 1.820000000000000062e+00 5.000000000000000104e-03
1.309909909909909942e+01 1.820000000000000062e+00 5.000000000000000104e-03
1.311711711711711636e+01 1.820000000000000062e+00 5.000000000000000104e-03
1.313513513513513509e+01 1.820000000000000062e+00 5.000000000000000104e-03
1.315315315315315381e+01 1.820000000000000062e+00 5.000000000000000104e-03
1.317117117117117076e+01 1.820000000000000062e+00 5.000000000000000104e-03
1.318918918918918948e+01 1.820000000000000062e+00 5.000000000000000104e-03
1.320720720720720642e+01 1.820000000000000062e+00 5.000000000000000104e-03
1.322522522522522515e+01 1.820000000000000062e+00 5.000000000000000104e-03
1.324324324324324387e+01 1.820000000000000062e+00 5.000000000000000104e-03
1.326126126126126081e+01 1.820000000000000062e+00 5.000000000000000104e-03
1.327927927927927954e+01 1.820000000000000062e+00 5.000000000000000104e-03
1.329729729729729648e+01 1.820000000000000062e+00 5.000000000000000104e-03
1.331531531531531520e+01 1.820000000000000062e+00 5.000000000000000104e-03
1.333333333333333393e+01 1.820000000000000062e+00 5.000000000000000104e-03
1.335135135135135087e+01 1.820000000000000062e+00 5.000000000000000104e-03
1.336936936936936959e+01 1.820000000000000062e+00 5.000000000000000104e-03
1.338738738738738654e+01 1.820000000000000062e+00 5.000000000000000104e-03
1.340540540540540526e+01 1.820000000000000062e+00 5.000000000000000104e-03
1.342342342342342398e+01 1.820000000000000062e+00 5.000000000000000104e-03
1.344144144144144093e+01 1.820000000000000062e+00 5.000000000000000104e-03
1.345945945945945965e+01 1.820000000000000062e+00 5.000000000000000104e-03
1.347747747747747660e+01 1.820000000000000062e+00 5.000000000000000104e-03
1.349549549549549532e+01 1.820000000000000062e+00 5.000000000000000104e-03
1.351351351351351404e+01 1.820000000000000062e+00 5.000000000000000104e-03
1.353153153153153099e+01 1.820000000000000062e+00 5.000000000000000104e-03
1.354954954954954971e+01 1.820000000000000062e+00 5.000000000000000104e-03
1.356756756756756666e+01 1.820000000000000062e+00 5.000000000000000104e-03
1.358558558558558538e+01 1.820000000000000062e+00 5.000000000000000104e-03
1.360360360360360410e+01 1.820000000000000062e+00 5.000000000000000104e-03
1.362162162162162105e+01 1.820000000000000062e+00 5.000000000000000104e-03
1.363963963963963977e+01 1.820000000000000062e+00 5.000000000000000104e-03
1.365765765765765671e+01 1.820000000000000062e+00 5.000000000000000104e-03
1.367567567567567544e+01 1.820000000000000062e+00 5.000000000000000104e-03
1.369369369369369416e+01 1.820000000000000062e+00 5.000000000000000104e-03
1.371171171171171110e+01 1.820000000000000062e+00 5.000000000000000104e-03
1.372972972972972983e+01 1.820000000000000062e+00 5.000000000000000104e-03
1.374774774774774677e+01 1.820000000000000062e+00 5.000000000000000104e-03
1.376576576576576549e+01 1.820000000000000062e+00 5.000000000000000104e-03
1.378378378378378422e+01 1.820000000000000062e+00 5.000000000000000104e-03
1.380180180180180116e+01 1.820000000000000062e+00 5.000000000000000104e-03
1.381981981981981988e+01 1.820000000000000062e+00 5.000000000000000104e-03
1.383783783783783861e+01 1.820000000000000062e+00 5.000000000000000104e-03
1.385585585585585555e+01 1.820000000000000062e+00 5.000000000000000104e-03
1.387387387387387427e+01 1.820000000000000062e+00 5.000000000000000104e-03
1.389189189189189122e+01 1.820000000000000062e+00 5.000000000000000104e-03
1.390990990990990994e+01 1.820000000000000062e+00 5.000000000000000104e-03
1.392792792792792866e+01 1.820000000000000062e+00 5.000000000000000104e-03
1.394594594594594561e+01 1.820000000000000062e+00 5.000000000000000104e-03
1.396396396396396433e+01 1.820000000000000062e+00 5.000000000000000104e-03
1.398198198198198128e+01 1.820000000000000062e+00 5.000000000000000104e-03
1.400000000000000000e+01 1.820000000000000062e+00 5.000000000000000104e-03
1.401801801801801872e+01 1.820000000000000062e+00 5.000000000000000104e-03
1.403603603603603567e+01 1.820000000000000062e+00 5.000000000000000104e-03
1.405405405405405439e+01 1.820000000000000062e+00 5.000000000000000104e-03
1.407207207207207134e+01 1.820000000000000062e+00 5.000000000000000104e-03
1.409009009009009006e+01 1.820000000000000062e+00 5.000000000000000104e-03
1.410810810810810878e+01 1.820000000000000062e+00 5.000000000000000104e-03
1.412612612612612573e+01 1.820000000000000062e+00 5.000000000000000104e-03
1.414414414414414445e+01 1.820000000000000062e+00 5.000000000000000104e-03
1.416216216216216139e+01 1.820000000000000062e+00 5.000000000000000104e-03
1.418018018018018012e+01 1.820000000000000062e+00 5.000000000000000104e-03
1.419819819819819884e+01 1.820000000000000062e+00 5.000000000000000104e-03
1.421621621621621578e+01 1.820000000000000062e+00 5.000000000000000104e-03
1.423423423423423451e+01 1.820000000000000062e+00 5.000000000000000104e-03
1.425225225225225145e+01 1.820000000000000062e+00 5.000000000000000104e-03
1.427027027027027017e+01 1.820000000000000062e+00 5.000000000000000104e-03
1.428828828828828890e+01 1.820000000000000062e+00 5.000000000000000104e-03
1.430630630630630584e+01 1.820000000000000062e+00 5.000000000000000104e-03
1.432432432432432456e+01 1.820000000000000062e+00 5.000000000000000104e-03
1.434234234234234151e+01 1.820000000000000062e+00 5.000000000000000104e-03
1.436036036036036023e+01 1.820000000000000062e+00 5.000000000000000104e-03
1.437837837837837895e+01 1.820000000000000062e+00 5.000000000000000104e-03
1.439639639639639590e+01 1.820000000000000062e+00 5.000000000000000104e-03
1.441441441441441462e+01 1.820000000000000062e+00 5.000000000000000104e-03
1.443243243243243157e+01 1.820000000000000062e+00 5.000000000000000104e-03
1.445045045045045029e+01 1.820000000000000062e+00 5.000000000000000104e-03
1.446846846846846901e+01 1.820000000000000062e+00 5.000000000000000104e-03
1.448648648648648596e+01 1.820000000000000062e+00 5.000000000000000104e-03
1.450450450450450468e+01 1.820000000000000062e+00 5.000000000000000104e-03
1.452252252252252163e+01 1.820000000000000062e+00 5.000000000000000104e-03
1.454054054054054035e+01 1.820000000000000062e+00 5.000000000000000104e-03
1.455855855855855907e+01 1.820000000000000062e+00 5.000000000000000104e-03
1.457657657657657602e+01 1.820000000000000062e+00 5.000000000000000104e-03
1.459459459459459474e+01 1.820000000000000062e+00 5.000000000000000104e-03
1.461261261261261168e+01 1.820000000000000062e+00 5.000000000000000104e-03
1.463063063063063041e+01 1.820000000000000062e+00 5.000000000000000104e-03
1.464864864864864913e+01 1.820000000000000062e+00 5.000000000000000104e-03
1.466666666666666607e+01 1.820000000000000062e+00 5.000000000000000104e-03
1.468468468468468480e+01 1.820000000000000062e+00 5.000000000000000104e-03
1.470270270270270174e+01 1.820000000000000062e+00 5.000000000000000104e-03
1.472072072072072046e+01 1.820000000000000062e+00 5.000000000000000104e-03
1.473873873873873919e+01 1.820000000000000062e+00 5.000000000000000104e-03
1.475675675675675613e+01 1.820000000000000062e+00 5.000000000000000104e-03
1.477477477477477485e+01 1.820000000000000062e+00 5.000000000000000104e-03
1.479279279279279180e+01 1.820000000000000062e+00 5.000000000000000104e-03
1.481081081081081052e+01 1.820000000000000062e+00 5.000000000000000104e-03
1.482882882882882924e+01 1.820000000000000062e+00 5.000000000000000104e-03
1.484684684684684619e+01 1.820000000000000062e+00 5.000000000000000104e-03
1.486486486486486491e+01 1.820000000000000062e+00 5.000000000000000104e-03
1.488288288288288364e+01 1.820000000000000062e+00 5.000000000000000104e-03
1.490090090090090058e+01 1.820000000000000062e+00 5.000000000000000104e-03
1.491891891891891930e+01 1.820000000000000062e+00 5.000000000000000104e-03
1.493693693693693625e+01 1.820000000000000062e+00 5.000000000000000104e-03
1.495495495495495497e+01 1.820000000000000062e+00 5.000000000000000104e-03
1.497297297297297369e+01 1.820000000000000062e+00 5.000000000000000104e-03
1.499099099099099064e+01 1.820000000000000062e+00 5.000000000000000104e-03
1.500900900900900936e+01 1.820000000000000062e+00 5.000000000000000104e-03
1.502702702702702631e+01 1.820000000000000062e+00 5.000000000000000104e-03
1.504504504504504503e+01 1.820000000000000062e+00 5.000000000000000104e-03
1.506306306306306375e+01 1.820000000000000062e+00 5.000000000000000104e-03
1.508108108108108070e+01 1.820000000000000062e+00 5.000000000000000104e-03
1.509909909909909942e+01 1.820000000000000062e+00 5.000000000000000104e-03
1.511711711711711636e+01 1.820000000000000062e+00 5.000000000000000104e-03
1.513513513513513509e+01 1.820000000000000062e+00 5.000000000000000104e-03
1.515315315315315381e+01 1.820000000000000062e+00 5.000000000000000104e-03
1.517117117117117076e+01 1.820000000000000062e+00 5.000000000000000104e-03
1.518918918918918948e+01 1.820000000000000062e+00 5.000000000000000104e-03
1.520720720720720642e+01 1.820000000000000062e+00 5.000000000000000104e-03
1.522522522522522515e+01 1.820000000000000062e+00 5.000000000000000104e-03
1.524324324324324387e+01 1.820000000000000062e+00 5.000000000000000104e-03
1.526126126126126081e+01 1.820000000000000062e+00 5.000000000000000104e-03
1.527927927927927954e+01 1.820000000000000062e+00 5.000000000000000104e-03
1.529729729729729648e+01 1.820000000000000062e+00 5.000000000000000104e-03
1.531531531531531520e+01 1.820000000000000062e+00 5.000000000000000104e-03
1.533333333333333393e+01 1.820000000000000062e+00 5.000000000000000104e-03
1.535135135135135087e+01 1.820000000000000062e+00 5.000000000000000104e-03
1.536936936936936959e+01 1.820000000000000062e+00 5.000000000000000104e-03
1.538738738738738654e+01 1.820000000000000062e+00 5.000000000000000104e-03
1.540540540540540526e+01 1.820000000000000062e+00 5.000000000000000104e-03
1.542342342342342398e+01 1.820000000000000062e+00 5.000000000000000104e-03
1.544144144144144093e+01 1.820000000000000062e+00 5.000000000000000104e-03
1.545945945945945965e+01 1.820000000000000062e+00 5.000000000000000104e-03
1.547747747747747660e+01 1.820000000000000062e+00 5.000000000000000104e-03
1.549549549549549532e+01 1.820000000000000062e+00 5.000000000000000104e-03
1.551351351351351404e+01 1.820000000000000062e+00 5.000000000000000104e-03
1.553153153153153099e+01 1.820000000000000062e+00 5.000000000000000104e-03
1.554954954954954971e+01 1.820000000000000062e+00 5.000000000000000104e-03
1.556756756756756666e+01 1.820000000000000062e+00 5.000000000000000104e-03
1.558558558558558538e+01 1.820000000000000062e+00 5.000000000000000104e-03
1.560360360360360410e+01 1.820000000000000062e+00 5.000000000000000104e-03
1.562162162162162105e+01 1.820000000000000062e+00 5.000000000000000104e-03
1.563963963963963977e+01 1.820000000000000062e+00 5.000000000000000104e-03
1.565765765765765671e+01 1.820000000000000062e+00 5.000000000000000104e-03
1.567567567567567544e+01 1.820000000000000062e+00 5.000000000000000104e-03
1.569369369369369416e+01 1.820000000000000062e+00 5.000000000000000104e-03
1.571171171171171110e+01 1.820000000000000062e+00 5.000000000000000104e-03
1.572972972972972983e+01 1.820000000000000062e+00 5.000000000000000104e-03
1.574774774774774677e+01 1.820000000000000062e+00 5.000000000000000104e-03
1.576576576576576549e+01 1.820000000000000062e+00 5.000000000000000104e-03
1.578378378378378422e+01 1.820000000000000062e+00 5.000000000000000104e-03
1.580180180180180116e+01 1.820000000000000062e+00 5.000000000000000104e-03
1.581981981981981988e+01 1.820000000000000062e+00 5.000000000000000104e-03
1.583783783783783861e+01 1.820000000000000062e+00 5.000000000000000104e-03
1.585585585585585555e+01 1.820000000000000062e+00 5.000000000000000104e-03
1.587387387387387427e+01 1.820000000000000062e+00 5.000000000000000104e-03
1.589189189189189122e+01 1.820000000000000062e+00 5.000000000000000104e-03
1.590990990990990994e+01 1.820000000000000062e+00 5.000000000000000104e-03
1.592792792792792866e+01 1.820000000000000062e+00 5.000000000000000104e-03
1.594594594594594561e+01 1.820000000000000062e+00 5.000000000000000104e-03
1.596396396396396433e+01 1.820000000000000062e+00 5.000000000000000104e-03
1.598198198198198128e+01 1.820000000000000062e+00 5.000000000000000104e-03
1.600000000000000000e+01 1.820000000000000062e+00 5.000000000000000104e-03
1.601801801801801872e+01 1.820000000000000062e+00 5.000000000000000104e-03
1.603603603603603744e+01 1.820000000000000062e+00 5.000000000000000104e-03
1.605405405405405617e+01 1.820000000000000062e+00 5.000000000000000104e-03
1.607207207207207134e+01 1.820000000000000062e+00 5.000000000000000104e-03
1.609009009009009006e+01 1.820000000000000062e+00 5.000000000000000104e-03
1.610810810810810878e+01 1.820000000000000062e+00 5.000000000000000104e-03
1.612612612612612395e+01 1.820000000000000062e+00 5.000000000000000104e-03
1.614414414414414267e+01 1.820000000000000062e+00 5.000000000000000104e-03
1.616216216216216139e+01 1.820000000000000062e+00 5.000000000000000104e-03
1.618018018018018012e+01 1.820000000000000062e+00 5.000000000000000104e-03
1.619819819819819884e+01 1.820000000000000062e+00 5.000000000000000104e-03
1.621621621621621756e+01 1.820000000000000062e+00 5.000000000000000104e-03
1.623423423423423628e+01 1.820000000000000062e+00 5.000000000000000104e-03
1.625225225225225145e+01 1.820000000000000062e+00 5.000000000000000104e-03
1.627027027027027017e+01 1.820000000000000062e+00 5.000000000000000104e-03
1.628828828828828890e+01 1.820000000000000062e+00 5.000000000000000104e-03
1.630630630630630407e+01 1.820000000000000062e+00 5.000000000000000104e-03
1.632432432432432279e+01 1.820000000000000062e+00 5.000000000000000104e-03
1.634234234234234151e+01 1.820000000000000062e+00 5.000000000000000104e-03
1.636036036036036023e+01 1.820000000000000062e+00 5.000000000000000104e-03
1.637837837837837895e+01 1.820000000000000062e+00 5.000000000000000104e-03
1.639639639639639768e+01 1.820000000000000062e+00 5.000000000000000104e-03
1.641441441441441640e+01 1.820000000000000062e+00 5.000000000000000104e-03
1.643243243243243157e+01 1.820000000000000062e+00 5.000000000000000104e-03
1.645045045045045029e+01 1.820000000000000062e+00 5.000000000000000104e-03
1.646846846846846901e+01 1.820000000000000062e+00 5.000000000000000104e-03
1.648648648648648418e+01 1.820000000000000062e+00 5.000000000000000104e-03
1.650450450450450290e+01 1.820000000000000062e+00 5.000000000000000104e-03
1.652252252252252163e+01 1.820000000000000062e+00 5.000000000000000104e-03
1.654054054054054035e+01 1.820000000000000062e+00 5.000000000000000104e-03
1.655855855855855907e+01 1.820000000000000062e+00 5.000000000000000104e-03
1.657657657657657779e+01 1.820000000000000062e+00 5.000000000000000104e-03
1.659459459459459651e+01 1.820000000000000062e+00 5.000000000000000104e-03
1.661261261261261168e+01 1.820000000000000062e+00 5.000000000000000104e-03
1.663063063063063041e+01 1.820000000000000062e+00 5.000000000000000104e-03
1.664864864864864913e+01 1.820000000000000062e+00 5.000000000000000104e-03
1.666666666666666430e+01 1.820000000000000062e+00 5.000000000000000104e-03
1.668468468468468302e+01 1.820000000000000062e+00 5.000000000000000104e-03
1.670270270270270174e+01 1.820000000000000062e+00 5.000000000000000104e-03
1.672072072072072046e+01 1.820000000000000062e+00 5.000000000000000104e-03
1.673873873873873919e+01 1.820000000000000062e+00 5.000000000000000104e-03
1.675675675675675791e+01 1.820000000000000062e+00 5.000000000000000104e-03
1.677477477477477663e+01 1.820000000000000062e+00 5.000000000000000104e-03
1.679279279279279180e+01 1.820000000000000062e+00 5.000000000000000104e-03
1.681081081081081052e+01 1.820000000000000062e+00 5.000000000000000104e-03
1.682882882882882924e+01 1.820000000000000062e+00 5.000000000000000104e-03
1.684684684684684441e+01 1.820000000000000062e+00 5.000000000000000104e-03
1.686486486486486314e+01 1.820000000000000062e+00 5.000000000000000104e-03
1.688288288288288186e+01 1.820000000000000062e+00 5.000000000000000104e-03
1.690090090090090058e+01 1.820000000000000062e+00 5.000000000000000104e-03
1.691891891891891930e+01 1.820000000000000062e+00 5.000000000000000104e-03
1.693693693693693803e+01 1.820000000000000062e+00 5.000000000000000104e-03
1.695495495495495675e+01 1.820000000000000062e+00 5.000000000000000104e-03
1.697297297297297547e+01 1.820000000000000062e+00 5.000000000000000104e-03
1.699099099099099064e+01 1.820000000000000062e+00 5.000000000000000104e-03
1.700900900900900936e+01 1.820000000000000062e+00 5.000000000000000104e-03
1.702702702702702453e+01 1.820000000000000062e+00 5.000000000000000104e-03
1.704504504504504325e+01 1.820000000000000062e+00 5.000000000000000104e-03
1.706306306306306197e+01 1.820000000000000062e+00 5.000000000000000104e-03
1.708108108108108070e+01 1.820000000000000062e+00 5.000000000000000104e-03
1.709909909909909942e+01 1.820000000000000062e+00 5.000000000000000104e-03
1.711711711711711814e+01 1.820000000000000062e+00 5.000000000000000104e-03
1.713513513513513686e+01 1.820000000000000062e+00 5.000000000000000104e-03
1.715315315315315559e+01 1.820000000000000062e+00 5.000000000000000104e-03
1.717117117117117076e+01 1.820000000000000062e+00 5.000000000000000104e-03
1.718918918918918948e+01 1.820000000000000062e+00 5.000000000000000104e-03
1.720720720720720465e+01 1.820000000000000062e+00 5.000000000000000104e-03
1.722522522522522337e+01 1.820000000000000062e+00 5.000000000000000104e-03
1.724324324324324209e+01 1.820000000000000062e+00 5.000000000000000104e-03
1.726126126126126081e+01 1.820000000000000062e+00 5.000000000000000104e-03
1.727927927927927954e+01 1.820000000000000062e+00 5.000000000000000104e-03
1.729729729729729826e+01 1.820000000000000062e+00 5.000000000000000104e-03
1.731531531531531698e+01 1.820000000000000062e+00 5.000000000000000104e-03
1.733333333333333570e+01 1.820000000000000062e+00 5.000000000000000104e-03
1.735135135135135087e+01 1.820000000000000062e+00 5.000000000000000104e-03
1.736936936936936959e+01 1.820000000000000062e+00 5.000000000000000104e-03
1.738738738738738476e+01 1.820000000000000062e+00 5.000000000000000104e-03
1.740540540540540349e+01 1.820000000000000062e+00 5.000000000000000104e-03
1.742342342342342221e+01 1.820000000000000062e+00 5.000000000000000104e-03
1.744144144144144093e+01 1.820000000000000062e+00 5.000000000000000104e-03
1.745945945945945965e+01 1.820000000000000062e+00 5.000000000000000104e-03
1.747747747747747837e+01 1.820000000000000062e+00 5.000000000000000104e-03
1.749549549549549710e+01 1.820000000000000062e+00 5.000000000000000104e-03
1.751351351351351582e+01 1.820000000000000062e+00 5.000000000000000104e-03
1.753153153153153099e+01 1.820000000000000062e+00 5.000000000000000104e-03
1.754954954954954971e+01 1.820000000000000062e+00 5.000000000000000104e-03
1.756756756756756488e+01 1.820000000000000062e+00 5.000000000000000104e-03
1.758558558558558360e+01 1.820000000000000062e+00 5.000000000000000104e-03
1.760360360360360232e+01 1.820000000000000062e+00 5.000000000000000104e-03
1.762162162162162105e+01 1.820000000000000062e+00 5.000000000000000104e-03
1.763963963963963977e+01 1.820000000000000062e+00 5.000000000000000104e-03
1.765765765765765849e+01 1.820000000000000062e+00 5.000000000000000104e-03
1.767567567567567721e+01 1.820000000000000062e+00 5.000000000000000104e-03
1.769369369369369593e+01 1.820000000000000062e+00 5.000000000000000104e-03
1.771171171171171110e+01 1.820000000000000062e+00 5.000000000000000104e-03
1.772972972972972983e+01 1.820000000000000062e+00 5.000000000000000104e-03
1.774774774774774500e+01 1.820000000000000062e+00 5.000000000000000104e-03
1.776576576576576372e+01 1.820000000000000062e+00 5.000000000000000104e-03
1.778378378378378244e+01 1.820000000000000062e+00 5.000000000000000104e-03
1.780180180180180116e+01 1.820000000000000062e+00 5.000000000000000104e-03
1.781981981981981988e+01 1.820000000000000062e+00 5.000000000000000104e-03
1.783783783783783861e+01 1.820000000000000062e+00 5.000000000000000104e-03
1.785585585585585733e+01 1.820000000000000062e+00 5.000000000000000104e-03
1.787387387387387605e+01 1.820000000000000062e+00 5.000000000000000104e-03
1.789189189189189122e+01 1.820000000000000062e+00 5.000000000000000104e-03
1.790990990990990994e+01 1.820000000000000062e+00 5.000000000000000104e-03
1.792792792792792866e+01 1.820000000000000062e+00 5.000000000000000104e-03
1.794594594594594383e+01 1.820000000000000062e+00 5.000000000000000104e-03
1.796396396396396256e+01 1.820000000000000062e+00 5.000000000000000104e-03
1.798198198198198128e+01 1.820000000000000062e+00 5.000000000000000104e-03
1.800000000000000000e+01 1.820000000000000062e+00 5.000000000000000104e-03
1.801801801801801872e+01 1.820000000000000062e+00 5.000000000000000104e-03
1.803603603603603744e+01 1.820000000000000062e+00 5.000000000000000104e-03
1.805405405405405261e+01 1.820000000000000062e+00 5.000000000000000104e-03
1.807207207207207134e+01 1.820000000000000062e+00 5.000000000000000104e-03
1.809009009009009006e+01 1.820000000000000062e+00 5.000000000000000104e-03
1.810810810810810878e+01 1.820000000000000062e+00 5.000000000000000104e-03
1.812612612612612750e+01 1.820000000000000062e+00 5.000000000000000104e-03
1.814414414414414267e+01 1.820000000000000062e+00 5.000000000000000104e-03
1.816216216216216139e+01 1.820000000000000062e+00 5.000000000000000104e-03
1.818018018018018012e+01 1.820000000000000062e+00 5.000000000000000104e-03
1.819819819819819884e+01 1.820000000000000062e+00 5.000000000000000104e-03
1.821621621621621756e+01 1.820000000000000062e+00 5.000000000000000104e-03
1.823423423423423273e+01 1.820000000000000062e+00 5.000000000000000104e-03
1.825225225225225145e+01 1.820000000000000062e+00 5.000000000000000104e-03
1.827027027027027017e+01 1.820000000000000062e+00 5.000000000000000104e-03
1.828828828828828890e+01 1.820000000000000062e+00 5.000000000000000104e-03
1.830630630630630762e+01 1.820000000000000062e+00 5.000000000000000104e-03
1.832432432432432279e+01 1.820000000000000062e+00 5.000000000000000104e-03
1.834234234234234151e+01 1.820000000000000062e+00 5.000000000000000104e-03
1.836036036036036023e+01 1.820000000000000062e+00 5.000000000000000104e-03
1.837837837837837895e+01 1.820000000000000062e+00 5.000000000000000104e-03
1.839639639639639768e+01 1.820000000000000062e+00 5.000000000000000104e-03
1.841441441441441285e+01 1.820000000000000062e+00 5.000000000000000104e-03
1.843243243243243157e+01 1.820000000000000062e+00 5.000000000000000104e-03
1.845045045045045029e+01 1.820000000000000062e+00 5.000000000000000104e-03
1.846846846846846901e+01 1.820000000000000062e+00 5.000000000000000104e-03
1.848648648648648773e+01 1.820000000000000062e+00 5.000000000000000104e-03
1.850450450450450290e+01 1.820000000000000062e+00 5.000000000000000104e-03
1.852252252252252163e+01 1.820000000000000062e+00 5.000000000000000104e-03
1.854054054054054035e+01 1.820000000000000062e+00 5.000000000000000104e-03
1.855855855855855907e+01 1.820000000000000062e+00 5.000000000000000104e-03
1.857657657657657779e+01 1.820000000000000062e+00 5.000000000000000104e-03
1.859459459459459296e+01 1.820000000000000062e+00 5.000000000000000104e-03
1.861261261261261168e+01 1.820000000000000062e+00 5.000000000000000104e-03
1.863063063063063041e+01 1.820000000000000062e+00 5.000000000000000104e-03
1.864864864864864913e+01 1.820000000000000062e+00 5.000000000000000104e-03
1.866666666666666785e+01 1.820000000000000062e+00 5.000000000000000104e-03
1.868468468468468302e+01 1.820000000000000062e+00 5.000000000000000104e-03
1.870270270270270174e+01 1.820000000000000062e+00 5.000000000000000104e-03
1.872072072072072046e+01 1.820000000000000062e+00 5.000000000000000104e-03
1.873873873873873919e+01 1.820000000000000062e+00 5.000000000000000104e-03
1.875675675675675791e+01 1.820000000000000062e+00 5.000000000000000104e-03
1.877477477477477308e+01 1.820000000000000062e+00 5.000000000000000104e-03
1.879279279279279180e+01 1.820000000000000062e+00 5.000000000000000104e-03
1.881081081081081052e+01 1.820000000000000062e+00 5.000000000000000104e-03
1.882882882882882924e+01 1.820000000000000062e+00 5.000000000000000104e-03
1.884684684684684797e+01 1.820000000000000062e+00 5.000000000000000104e-03
1.886486486486486314e+01 1.820000000000000062e+00 5.000000000000000104e-03
1.888288288288288186e+01 1.820000000000000062e+00 5.000000000000000104e-03
1.890090090090090058e+01 1.820000000000000062e+00 5.000000000000000104e-03
1.891891891891891930e+01 1.820000000000000062e+00 5.000000000000000104e-03
1.893693693693693803e+01 1.820000000000000062e+00 5.000000000000000104e-03
1.895495495495495319e+01 1.820000000000000062e+00 5.000000000000000104e-03
1.897297297297297192e+01 1.820000000000000062e+00 5.000000000000000104e-03
1.899099099099099064e+01 1.820000000000000062e+00 5.000000000000000104e-03
1.900900900900900936e+01 1.820000000000000062e+00 5.000000000000000104e-03
1.902702702702702808e+01 1.820000000000000062e+00 5.000000000000000104e-03
1.904504504504504325e+01 1.820000000000000062e+00 5.000000000000000104e-03
1.906306306306306197e+01 1.820000000000000062e+00 5.000000000000000104e-03
1.908108108108108070e+01 1.820000000000000062e+00 5.000000000000000104e-03
1.909909909909909942e+01 1.820000000000000062e+00 5.000000000000000104e-03
1.911711711711711814e+01 1.820000000000000062e+00 5.000000000000000104e-03
1.913513513513513331e+01 1.820000000000000062e+00 5.000000000000000104e-03
1.915315315315315203e+01 1.820000000000000062e+00 5.000000000000000104e-03
1.917117117117117076e+01 1.820000000000000062e+00 5.000000000000000104e-03
1.918918918918918948e+01 1.820000000000000062e+00 5.000000000000000104e-03
1.920720720720720820e+01 1.820000000000000062e+00 5.000000000000000104e-03
1.922522522522522337e+01 1.820000000000000062e+00 5.000000000000000104e-03
1.924324324324324209e+01 1.820000000000000062e+00 5.000000000000000104e-03
1.926126126126126081e+01 1.820000000000000062e+00 5.000000000000000104e-03
1.927927927927927954e+01 1.820000000000000062e+00 5.000000000000000104e-03
1.929729729729729826e+01 1.820000000000000062e+00 5.000000000000000104e-03
1.931531531531531343e+01 1.820000000000000062e+00 5.000000000000000104e-03
1.933333333333333215e+01 1.820000000000000062e+00 5.000000000000000104e-03
1.935135135135135087e+01 1.820000000000000062e+00 5.000000000000000104e-03
1.936936936936936959e+01 1.820000000000000062e+00 5.000000000000000104e-03
1.938738738738738832e+01 1.820000000000000062e+00 5.000000000000000104e-03
1.940540540540540349e+01 1.820000000000000062e+00 5.000000000000000104e-03
1.942342342342342221e+01 1.820000000000000062e+00 5.000000000000000104e-03
1.944144144144144093e+01 1.820000000000000062e+00 5.000000000000000104e-03
1.945945945945945965e+01 1.820000000000000062e+00 5.000000000000000104e-03
1.947747747747747837e+01 1.820000000000000062e+00 5.000000000000000104e-03
1.949549549549549710e+01 1.820000000000000062e+00 5.000000000000000104e-03
1.951351351351351227e+01 1.820000000000000062e+00 5.000000000000000104e-03
1.953153153153153099e+01 1.820000000000000062e+00 5.000000000000000104e-03
1.954954954954954971e+01 1.820000000000000062e+00 5.000000000000000104e-03
1.956756756756756843e+01 1.820000000000000062e+00 5.000000000000000104e-03
1.958558558558558715e+01 1.820000000000000062e+00 5.000000000000000104e-03
1.960360360360360232e+01 1.820000000000000062e+00 5.000000000000000104e-03
1.962162162162162105e+01 1.820000000000000062e+00 5.000000000000000104e-03
1.963963963963963977e+01 1.820000000000000062e+00 5.000000000000000104e-03
1.965765765765765849e+01 1.820000000000000062e+00 5.000000000000000104e-03
1.967567567567567721e+01 1.820000000000000062e+00 5.000000000000000104e-03
1.969369369369369238e+01 1.820000000000000062e+00 5.000000000000000104e-03
1.971171171171171110e+01 1.820000000000000062e+00 5.000000000000000104e-03
1.972972972972972983e+01 1.820000000000000062e+00 5.000000000000000104e-03
1.974774774774774855e+01 1.820000000000000062e+00 5.000000000000000104e-03
1.976576576576576727e+01 1.820000000000000062e+00 5.000000000000000104e-03
1.978378378378378244e+01 1.820000000000000062e+00 5.000000000000000104e-03
1.980180180180180116e+01 1.820000000000000062e+00 5.000000000000000104e-03
1.981981981981981988e+01 1.820000000000000062e+00 5.000000000000000104e-03
1.983783783783783861e+01 1.820000000000000062e+00 5.000000000000000104e-03
1.985585585585585733e+01 1.820000000000000062e+00 5.000000000000000104e-03
1.987387387387387250e+01 1.820000000000000062e+00 5.000000000000000104e-03
1.989189189189189122e+01 1.820000000000000062e+00 5.000000000000000104e-03
1.990990990990990994e+01 1.820000000000000062e+00 5.000000000000000104e-03
1.992792792792792866e+01 1.820000000000000062e+00 5.000000000000000104e-03
1.994594594594594739e+01 1.820000000000000062e+00 5.000000000000000104e-03
1.996396396396396256e+01 1.820000000000000062e+00 5.000000000000000104e-03
1.998198198198198128e+01 1.820000000000000062e+00 5.000000000000000104e-03
2.000000000000000000e+01 1.820000000000000062e+00 5.000000000000000104e-03
