#Aerosol Name      : Quartz (alpha)
#Name in POSEIDON  : SiO2_alpha_palik
#Database          : Mullens 2024
#Wavelengths       : 0.185 - 31 um
#
#Chemical Formula  : SiO[2]
#Crystal or Amorph : Crystalline 
#Crystal Shape     : Trigonal
#
#Refractive Index References:
#--------------
#Philipp in Palik (1985) (Volume 1, Section 34)
#
#ADS        : https://ui.adsabs.harvard.edu/abs/1985hocs.book.....P/abstract
#
#Paper Info :
#
#Alpha quartz from a variety of lab sources. Alpha quartz is room temperature crystalline SiO2. Reports both ordinary and extraordinary #indices.
#
#Note that the ordinary, imaginary indices in the wavelength region from 0.1494 um to 5.8 um were generated from the real indices utilizing #the Kramers-Kronig relation from KH18. 
#
#The extraordinary imaginary indices from 0.185 to 5.8 um were generated from real indices using the Kramers-Kronig relation in Mullens 2024. 
#
#I specifically iterated the Kramers-Kronig relation twice using the pyElli package (and code from Dr. Sarah Moran) to get a self consistent #set of real and imaginary indices, and offset them to match the original Palik data. 
#
#The two were then averaged using the (2/3 Ordinary) + (1/3 Extraordinary) weighting of refractive indices. 
#
0.10000 1.51356 0.78654
0.13493 1.99004 0.21220
0.16987 1.71908 0.18384
0.20480 1.65119 0.18365
0.23974 1.61595 0.18346
0.27467 1.59564 0.18328
0.30961 1.58362 0.18308
0.34454 1.57439 0.18290
0.37948 1.56849 0.18271
0.41441 1.56366 0.18253
0.44935 1.56031 0.18233
0.48428 1.55736 0.18215
0.51922 1.55522 0.18196
0.55415 1.55331 0.18178
0.58909 1.55182 0.18158
0.62402 1.55044 0.18140
0.65896 1.54934 0.18121
0.69389 1.54829 0.18103
0.72883 1.54742 0.18084
0.76376 1.54658 0.18065
0.79870 1.54585 0.18046
0.83363 1.54514 0.18028
0.86857 1.54456 0.18009
0.90350 1.54398 0.17990
0.93844 1.54339 0.17972
0.97337 1.54283 0.17953
1.00831 1.54227 0.17935
1.04324 1.54181 0.17915
1.07818 1.54127 0.17898
1.11311 1.54083 0.17878
1.14805 1.54028 0.17861
1.18298 1.53989 0.17840
1.21792 1.53935 0.17824
1.25285 1.53898 0.17803
1.28779 1.53841 0.17787
1.32272 1.53803 0.17765
1.35766 1.53746 0.17750
1.39259 1.53713 0.17728
1.42753 1.53651 0.17713
1.46246 1.53618 0.17690
1.49740 1.53555 0.17676
1.53233 1.53524 0.17652
1.56727 1.53457 0.17639
1.60220 1.53426 0.17615
1.63714 1.53355 0.17602
1.67207 1.53322 0.17577
1.70701 1.53249 0.17565
1.74194 1.53218 0.17540
1.77688 1.53145 0.17529
1.81181 1.53114 0.17502
1.84675 1.53034 0.17492
1.88168 1.53002 0.17464
1.91662 1.52920 0.17455
1.95155 1.52890 0.17427
1.98649 1.52803 0.17419
2.02142 1.52772 0.17389
2.05636 1.52684 0.17382
2.09129 1.52649 0.17352
2.12623 1.52553 0.17346
2.16116 1.52519 0.17314
2.19610 1.52421 0.17309
2.23103 1.52386 0.17277
2.26597 1.52291 0.17272
2.30090 1.52254 0.17240
2.33584 1.52155 0.17235
2.37077 1.52111 0.17204
2.40571 1.52014 0.17198
2.44064 1.51968 0.17167
2.47558 1.51873 0.17160
2.51051 1.51826 0.17130
2.54545 1.51733 0.17123
2.58038 1.51685 0.17094
2.61532 1.51586 0.17086
2.65025 1.51515 0.17058
2.68519 1.51406 0.17049
2.72012 1.51334 0.17021
2.75506 1.51226 0.17012
2.78999 1.51152 0.16985
2.82492 1.51046 0.16975
2.85986 1.50970 0.16949
2.89479 1.50866 0.16938
2.92973 1.50789 0.16912
2.96466 1.50686 0.16901
2.99960 1.50606 0.16876
3.03453 1.50490 0.16864
3.06947 1.50394 0.16840
3.10440 1.50279 0.16827
3.13934 1.50181 0.16804
3.17427 1.50067 0.16791
3.20921 1.49967 0.16768
3.24414 1.49856 0.16754
3.27908 1.49754 0.16733
3.31401 1.49644 0.16717
3.34895 1.49541 0.16697
3.38388 1.49432 0.16680
3.41882 1.49327 0.16661
3.45375 1.49221 0.16643
3.48869 1.49114 0.16625
3.52362 1.48992 0.16606
3.55856 1.48858 0.16590
3.59349 1.48731 0.16570
3.62843 1.48595 0.16555
3.66336 1.48469 0.16533
3.69830 1.48332 0.16520
3.73323 1.48208 0.16497
3.76817 1.48069 0.16484
3.80310 1.47946 0.16460
3.83804 1.47805 0.16449
3.87297 1.47684 0.16423
3.90791 1.47542 0.16414
3.94284 1.47423 0.16387
3.97778 1.47278 0.16379
4.01271 1.47152 0.16350
4.04765 1.46982 0.16344
4.08258 1.46843 0.16314
4.11752 1.46672 0.16309
4.15245 1.46534 0.16278
4.18739 1.46360 0.16275
4.22232 1.46218 0.16241
4.25726 1.46034 0.16240
4.29219 1.45889 0.16205
4.32713 1.45703 0.16206
4.36206 1.45561 0.16169
4.39700 1.45372 0.16172
4.43193 1.45205 0.16133
4.46687 1.44986 0.16138
4.50180 1.44818 0.16097
4.53674 1.44597 0.16104
4.57167 1.44431 0.16061
4.60661 1.44205 0.16070
4.64154 1.44023 0.16026
4.67648 1.43781 0.16036
4.71141 1.43601 0.15990
4.74635 1.43357 0.16002
4.78128 1.43177 0.15956
4.81622 1.42927 0.15967
4.85115 1.42727 0.15922
4.88609 1.42470 0.15932
4.92102 1.42268 0.15888
4.95596 1.42012 0.15897
4.99089 1.41809 0.15855
5.02583 1.41538 0.15863
5.06076 1.41309 0.15821
5.09570 1.41034 0.15828
5.13063 1.40804 0.15788
5.16557 1.40529 0.15793
5.20050 1.40297 0.15755
5.23544 1.39996 0.15759
5.27037 1.39733 0.15722
5.30531 1.39433 0.15725
5.34024 1.39169 0.15690
5.37518 1.38871 0.15690
5.41011 1.38593 0.15657
5.44505 1.38255 0.15656
5.47998 1.37947 0.15625
5.51491 1.37611 0.15622
5.54985 1.37301 0.15593
5.58478 1.36967 0.15588
5.61972 1.36629 0.15561
5.65465 1.36250 0.15555
5.68959 1.35889 0.15529
5.72452 1.35512 0.15521
5.75946 1.35150 0.15497
5.79439 1.34775 0.15488
5.82933 1.34381 0.15466
5.86426 1.33973 0.15455
5.89920 1.33572 0.15435
5.93413 1.33165 0.15422
5.96907 1.32763 0.15404
6.00400 1.32350 0.15389
6.03894 1.31882 0.15381
6.07387 1.31415 0.15371
6.10881 1.30944 0.15364
6.14374 1.30479 0.15354
6.17868 1.30007 0.15351
6.21361 1.29520 0.15339
6.24855 1.28988 0.15340
6.28348 1.28468 0.15327
6.31842 1.27915 0.15332
6.35335 1.27362 0.15318
6.38829 1.26791 0.15326
6.42322 1.26193 0.15313
6.45816 1.25551 0.15326
6.49309 1.24931 0.15311
6.52803 1.24259 0.15329
6.56296 1.23606 0.15315
6.59790 1.22924 0.15336
6.63283 1.22219 0.15324
6.66777 1.21478 0.15352
6.70270 1.20764 0.15338
6.73764 1.19940 0.15374
6.77257 1.19152 0.15362
6.80751 1.18311 0.15402
6.84244 1.17455 0.15395
6.87738 1.16558 0.15443
6.91231 1.15662 0.15436
6.94725 1.14647 0.15497
6.98218 1.13678 0.15493
7.01712 1.12632 0.15560
7.05205 1.11602 0.15563
7.08699 1.10455 0.15644
7.12192 1.09332 0.15656
7.15686 1.08118 0.15750
7.19179 1.06886 0.15772
7.22673 1.05524 0.15885
7.26166 1.04170 0.15920
7.29660 1.02691 0.16052
7.33153 1.01213 0.16108
7.36647 0.99595 0.16266
7.40140 0.97954 0.16346
7.43634 0.96145 0.16535
7.47127 0.94308 0.16657
7.50621 0.92332 0.16880
7.54114 0.90276 0.17051
7.57608 0.88024 0.17333
7.61101 0.85708 0.17568
7.64595 0.83198 0.17916
7.68088 0.80511 0.18254
7.71582 0.77566 0.18713
7.75075 0.74437 0.19162
7.78569 0.71119 0.19793
7.82062 0.67510 0.20469
7.85556 0.63615 0.21319
7.89049 0.59661 0.22337
7.92543 0.54435 0.23734
7.96036 0.48611 0.25460
7.99530 0.42358 0.27852
8.03023 0.35237 0.31902
8.06517 0.28286 0.37618
8.10010 0.21888 0.45100
8.13504 0.18028 0.53796
8.16997 0.15279 0.62229
8.20490 0.13372 0.70429
8.23984 0.12157 0.78169
8.27477 0.11217 0.85767
8.30971 0.10489 0.93264
8.34464 0.09943 1.00772
8.37958 0.09619 1.08436
8.41451 0.09448 1.16372
8.44945 0.09483 1.24632
8.48438 0.10132 1.33889
8.51932 0.12439 1.44741
8.55425 0.18272 1.55502
8.58919 0.40092 1.56483
8.62412 0.33505 1.51015
8.65906 0.17876 1.48440
8.69399 0.12790 1.62368
8.72893 0.11309 1.74723
8.76386 0.10949 1.86710
8.79880 0.11143 1.98686
8.83373 0.11779 2.11376
8.86867 0.12651 2.24890
8.90360 0.13788 2.39265
8.93854 0.15385 2.55609
8.97347 0.17543 2.74020
9.00841 0.20276 2.94593
9.04334 0.24070 3.18613
9.07828 0.29983 3.48649
9.11321 0.38766 3.84876
9.14815 0.51650 4.29432
9.18308 0.82752 4.96622
9.21802 1.62900 5.73258
9.25295 2.89755 6.47113
9.28789 4.36553 6.12865
9.32282 5.94586 4.74342
9.35776 7.00775 2.91851
9.39269 6.04697 1.48765
9.42763 5.31361 0.90286
9.46256 4.73566 0.62036
9.49750 4.32695 0.48076
9.53243 4.04104 0.40402
9.56737 3.80251 0.34828
9.60230 3.60532 0.30733
9.63724 3.45176 0.28115
9.67217 3.31885 0.25923
9.70711 3.20159 0.24242
9.74204 3.10309 0.22857
9.77698 3.01605 0.21838
9.81191 2.93762 0.20855
9.84685 2.86716 0.20140
9.88178 2.80560 0.19447
9.91672 2.74822 0.18948
9.95165 2.69614 0.18392
9.98659 2.64873 0.18039
10.02152 2.60524 0.17609
10.05646 2.56399 0.17329
10.09139 2.52673 0.16981
10.12633 2.49155 0.16772
10.16126 2.45882 0.16479
10.19620 2.42778 0.16311
10.23113 2.39952 0.16068
10.26607 2.37202 0.15934
10.30100 2.34620 0.15721
10.33594 2.32169 0.15615
10.37087 2.29888 0.15433
10.40581 2.27670 0.15341
10.44074 2.25589 0.15183
10.47568 2.23573 0.15109
10.51061 2.21672 0.14968
10.54555 2.19834 0.14904
10.58048 2.18069 0.14782
10.61542 2.16321 0.14726
10.65035 2.14657 0.14617
10.68529 2.13076 0.14570
10.72022 2.12030 0.14475
10.75516 2.11095 0.14431
10.79009 2.08827 0.14348
10.82503 2.07168 0.14309
10.85996 2.05787 0.14237
10.89489 2.04424 0.14201
10.92983 2.03135 0.14140
10.96476 2.01843 0.14108
10.99970 2.00564 0.14056
11.03463 1.99342 0.14026
11.06957 1.98129 0.13985
11.10450 1.96914 0.13958
11.13944 1.95722 0.13927
11.17437 1.94529 0.13902
11.20931 1.93348 0.13881
11.24424 1.92204 0.13858
11.27918 1.91016 0.13850
11.31411 1.89827 0.13831
11.34905 1.88630 0.13832
11.38398 1.87465 0.13818
11.41892 1.86277 0.13834
11.45385 1.85088 0.13825
11.48879 1.83864 0.13856
11.52372 1.82641 0.13856
11.55866 1.81380 0.13904
11.59359 1.80105 0.13914
11.62853 1.78769 0.13986
11.66346 1.77431 0.14012
11.69840 1.76036 0.14107
11.73333 1.74562 0.14160
11.76827 1.72990 0.14294
11.80320 1.71381 0.14373
11.83814 1.69612 0.14560
11.87307 1.67801 0.14698
11.90801 1.65855 0.14952
11.94294 1.63750 0.15166
11.97788 1.61400 0.15548
12.01281 1.58905 0.15900
12.04775 1.56124 0.16442
12.08268 1.52897 0.17070
12.11762 1.49219 0.18001
12.15255 1.45152 0.19033
12.18749 1.39996 0.20763
12.22242 1.33893 0.23171
12.25736 1.26668 0.26781
12.29229 1.17599 0.32593
12.32723 1.07447 0.44322
12.36216 0.99352 0.60837
12.39710 0.95485 0.83672
12.43203 1.02286 1.10824
12.46697 1.20162 1.39389
12.50190 1.50546 1.66691
12.53684 2.09009 1.60594
12.57177 2.38659 1.30762
12.60671 2.45170 0.90871
12.64164 2.28216 0.67744
12.67658 2.14676 0.62248
12.71151 2.05126 0.64545
12.74645 2.01304 0.71914
12.78138 2.07290 0.81166
12.81632 2.20589 0.85366
12.85125 2.40457 0.82340
12.88619 2.48375 0.61424
12.92112 2.47426 0.44875
12.95606 2.40658 0.32817
12.99099 2.33662 0.26811
13.02593 2.27819 0.23110
13.06086 2.22791 0.20479
13.09580 2.18528 0.18817
13.13073 2.15079 0.17624
13.16567 2.11965 0.16741
13.20060 2.09220 0.15980
13.23554 2.06861 0.15485
13.27047 2.04702 0.15007
13.30541 2.02678 0.14660
13.34034 2.00913 0.14332
13.37528 1.99228 0.14104
13.41021 1.97655 0.13859
13.44515 1.96197 0.13692
13.48008 1.94814 0.13517
13.51502 1.93498 0.13395
13.54995 1.92286 0.13261
13.58488 1.91064 0.13177
13.61982 1.89890 0.13084
13.65475 1.88746 0.13021
13.68969 1.87647 0.12965
13.72462 1.86562 0.12932
13.75956 1.85497 0.12910
13.79449 1.84467 0.12903
13.82943 1.83395 0.12930
13.86436 1.82329 0.12966
13.89930 1.81269 0.13044
13.93423 1.80130 0.13152
13.96917 1.78939 0.13338
14.00410 1.77714 0.13547
14.03904 1.76373 0.13916
14.07397 1.74919 0.14413
14.10891 1.73318 0.15155
14.14384 1.71529 0.16195
14.17878 1.69583 0.18090
14.21371 1.67797 0.20878
14.24865 1.66307 0.24998
14.28358 1.68159 0.31400
14.31852 1.73853 0.35908
14.35345 1.82530 0.37607
14.38839 1.88445 0.31660
14.42332 1.90244 0.25945
14.45826 1.89581 0.21096
14.49319 1.87801 0.18092
14.52813 1.86036 0.16320
14.56306 1.84406 0.14954
14.59800 1.82866 0.14132
14.63293 1.81629 0.13494
14.66787 1.80423 0.13106
14.70280 1.79337 0.12679
14.73774 1.78349 0.12495
14.77267 1.77490 0.12206
14.80761 1.76622 0.12105
14.84254 1.75829 0.11878
14.87748 1.75031 0.11841
14.91241 1.74319 0.11646
14.94735 1.73558 0.11643
14.98228 1.72926 0.11470
15.01722 1.72256 0.11493
15.05215 1.71676 0.11330
15.08709 1.71007 0.11367
15.12202 1.70418 0.11221
15.15696 1.69779 0.11261
15.19189 1.69220 0.11128
15.22683 1.68619 0.11171
15.26176 1.68074 0.11049
15.29670 1.67456 0.11092
15.33163 1.66894 0.10980
15.36657 1.66312 0.11022
15.40150 1.65813 0.10918
15.43644 1.65200 0.10959
15.47137 1.64663 0.10864
15.50631 1.64097 0.10901
15.54124 1.63576 0.10814
15.57618 1.63012 0.10849
15.61111 1.62481 0.10769
15.64605 1.61897 0.10801
15.68098 1.61369 0.10729
15.71592 1.60809 0.10757
15.75085 1.60282 0.10692
15.78579 1.59747 0.10717
15.82072 1.59214 0.10658
15.85566 1.58634 0.10679
15.89059 1.58080 0.10627
15.92553 1.57502 0.10645
15.96046 1.56939 0.10600
15.99540 1.56340 0.10613
16.03033 1.55819 0.10576
16.06527 1.55261 0.10585
16.10020 1.54677 0.10554
16.13514 1.54082 0.10560
16.17007 1.53497 0.10536
16.20501 1.52900 0.10537
16.23994 1.52289 0.10521
16.27487 1.51674 0.10518
16.30981 1.51061 0.10509
16.34474 1.50449 0.10501
16.37968 1.49814 0.10500
16.41461 1.49189 0.10489
16.44955 1.48571 0.10495
16.48448 1.47918 0.10480
16.51942 1.47265 0.10495
16.55435 1.46626 0.10475
16.58929 1.45912 0.10498
16.62422 1.45230 0.10475
16.65916 1.44537 0.10506
16.69409 1.43864 0.10479
16.72903 1.43131 0.10519
16.76396 1.42403 0.10490
16.79890 1.41637 0.10539
16.83383 1.40920 0.10506
16.86877 1.40150 0.10564
16.90370 1.39387 0.10528
16.93864 1.38570 0.10597
16.97357 1.37756 0.10560
17.00851 1.36891 0.10639
17.04344 1.36064 0.10600
17.07838 1.35177 0.10691
17.11331 1.34311 0.10651
17.14825 1.33372 0.10754
17.18318 1.32501 0.10715
17.21812 1.31535 0.10832
17.25305 1.30574 0.10793
17.28799 1.29561 0.10926
17.32292 1.28571 0.10891
17.35786 1.27500 0.11041
17.39279 1.26457 0.11011
17.42773 1.25287 0.11183
17.46266 1.24147 0.11162
17.49760 1.22915 0.11355
17.53253 1.21703 0.11350
17.56747 1.20390 0.11575
17.60240 1.19115 0.11586
17.63734 1.17709 0.11848
17.67227 1.16295 0.11904
17.70721 1.14750 0.12201
17.74214 1.13200 0.12317
17.77708 1.11504 0.12687
17.81201 1.09805 0.12895
17.84695 1.07966 0.13354
17.88188 1.06005 0.13738
17.91682 1.03892 0.14414
17.95175 1.01737 0.15034
17.98669 0.99352 0.16128
18.02162 0.97044 0.17359
18.05656 0.94747 0.19023
18.09149 0.92677 0.20917
18.12643 0.90966 0.23095
18.16136 0.89541 0.25155
18.19630 0.88305 0.27310
18.23123 0.87284 0.29219
18.26617 0.86334 0.31176
18.30110 0.85522 0.32939
18.33604 0.84673 0.34708
18.37097 0.83884 0.36312
18.40591 0.83087 0.37962
18.44084 0.82329 0.39458
18.47578 0.81505 0.40997
18.51071 0.80668 0.42435
18.54565 0.79758 0.43922
18.58058 0.78797 0.45364
18.61552 0.77797 0.46889
18.65045 0.76796 0.48394
18.68539 0.75731 0.49991
18.72032 0.74657 0.51595
18.75526 0.73554 0.53274
18.79019 0.72442 0.54992
18.82513 0.71316 0.56785
18.86006 0.70190 0.58609
18.89499 0.69065 0.60494
18.92993 0.67917 0.62449
18.96486 0.66760 0.64442
18.99980 0.65587 0.66499
19.03473 0.64397 0.68634
19.06967 0.63185 0.70876
19.10460 0.61971 0.73154
19.13954 0.60720 0.75574
19.17447 0.59464 0.78042
19.20941 0.58179 0.80661
19.24434 0.56903 0.83357
19.27928 0.55604 0.86314
19.31421 0.54339 0.89335
19.34915 0.53068 0.92605
19.38408 0.51905 0.96045
19.41902 0.50821 0.99759
19.45395 0.49894 1.03526
19.48889 0.49250 1.07618
19.52382 0.48980 1.11533
19.55876 0.48870 1.15351
19.59369 0.48910 1.18440
19.62863 0.47781 1.20989
19.66356 0.45543 1.23784
19.69850 0.41831 1.27645
19.73343 0.37895 1.34311
19.76837 0.34717 1.42620
19.80330 0.32516 1.52041
19.83824 0.31996 1.62912
19.87317 0.32738 1.74321
19.90811 0.34498 1.86620
19.94304 0.37846 1.99741
19.97798 0.43373 2.14500
20.01291 0.51267 2.30209
20.04785 0.62109 2.47564
20.08278 0.81329 2.66003
20.11772 1.09063 2.81942
20.15265 1.45505 2.92805
20.18759 1.92340 2.78941
20.22252 2.23304 2.46809
20.25746 2.39307 2.06836
20.29239 2.32903 1.73313
20.32733 2.21071 1.52298
20.36226 2.08211 1.37579
20.39720 1.96024 1.28867
20.43213 1.85950 1.24207
20.46707 1.76945 1.21339
20.50200 1.69093 1.19610
20.53694 1.62563 1.19437
20.57187 1.56805 1.19651
20.60681 1.51589 1.20515
20.64174 1.47136 1.21685
20.67668 1.43143 1.23357
20.71161 1.39538 1.25080
20.74655 1.36259 1.27204
20.78148 1.33416 1.29389
20.81642 1.30752 1.31879
20.85135 1.28340 1.34386
20.88629 1.26173 1.37170
20.92122 1.24203 1.39968
20.95616 1.22347 1.43007
20.99109 1.20720 1.46107
21.02603 1.19228 1.49418
21.06096 1.17866 1.52757
21.09590 1.16586 1.56374
21.13083 1.15512 1.60064
21.16577 1.14511 1.63967
21.20070 1.13616 1.67961
21.23564 1.12843 1.72250
21.27057 1.12187 1.76647
21.30551 1.11613 1.81245
21.34044 1.11182 1.86095
21.37538 1.10872 1.91254
21.41031 1.10673 1.96629
21.44525 1.10609 2.02319
21.48018 1.10724 2.08377
21.51512 1.10984 2.14756
21.55005 1.11404 2.21521
21.58498 1.12089 2.28879
21.61992 1.12992 2.36717
21.65485 1.14129 2.44980
21.68979 1.15648 2.54135
21.72472 1.17639 2.64099
21.75966 1.20044 2.74867
21.79459 1.23098 2.86581
21.82953 1.27143 2.99912
21.86446 1.32155 3.14426
21.89940 1.38291 3.30502
21.93433 1.47073 3.49213
21.96927 1.58540 3.70269
22.00420 1.73126 3.93455
22.03914 1.94850 4.20663
22.07407 2.27009 4.50081
22.10901 2.70657 4.79247
22.14394 3.34014 5.04081
22.17888 4.21934 4.98427
22.21381 5.07266 4.60466
22.24875 5.79638 3.83180
22.28368 5.91389 2.94190
22.31862 5.82555 2.20923
22.35355 5.58275 1.64124
22.38849 5.30217 1.29672
22.42342 5.04496 1.04214
22.45836 4.80833 0.85316
22.49329 4.60403 0.71912
22.52823 4.42733 0.62240
22.56316 4.26834 0.54131
22.59810 4.12590 0.47929
22.63303 4.00400 0.43025
22.66797 3.89150 0.39082
22.70290 3.78915 0.35462
22.73784 3.69757 0.32860
22.77277 3.61421 0.30322
22.80771 3.53590 0.28375
22.84264 3.46488 0.26455
22.87758 3.39863 0.25075
22.91251 3.33674 0.23567
22.94745 3.27805 0.22485
22.98238 3.22477 0.21321
23.01732 3.17342 0.20504
23.05225 3.12515 0.19526
23.08719 3.07928 0.18900
23.12212 3.03594 0.18106
23.15706 2.99376 0.17590
23.19199 2.95453 0.16930
23.22693 2.91622 0.16532
23.26186 2.87963 0.15972
23.29680 2.84409 0.15644
23.33173 2.81029 0.15180
23.36667 2.77695 0.14919
23.40160 2.74495 0.14519
23.43654 2.71363 0.14316
23.47147 2.68327 0.13986
23.50641 2.65318 0.13815
23.54134 2.62456 0.13540
23.57628 2.59598 0.13411
23.61121 2.56802 0.13183
23.64615 2.54028 0.13081
23.68108 2.51298 0.12908
23.71602 2.48581 0.12838
23.75095 2.45922 0.12703
23.78589 2.43244 0.12667
23.82082 2.40583 0.12583
23.85576 2.37908 0.12567
23.89069 2.35244 0.12527
23.92563 2.35646 0.12545
23.96056 2.34631 0.12551
23.99550 2.27744 0.12594
24.03043 2.24431 0.12660
24.06537 2.21625 0.12748
24.10030 2.18788 0.12865
24.13524 2.15868 0.13001
24.17017 2.12899 0.13193
24.20511 2.09881 0.13379
24.24004 2.06693 0.13659
24.27497 2.03402 0.13938
24.30991 1.99983 0.14321
24.34484 1.96415 0.14689
24.37978 1.92648 0.15236
24.41471 1.88715 0.15768
24.44965 1.84532 0.16484
24.48458 1.80050 0.17265
24.51952 1.75239 0.18317
24.55445 1.70147 0.19404
24.58939 1.64433 0.20953
24.62432 1.58186 0.22754
24.65926 1.51382 0.25132
24.69419 1.43866 0.28026
24.72913 1.35258 0.32444
24.76406 1.26054 0.38112
24.79900 1.16175 0.45777
24.83393 1.06933 0.57185
24.86887 0.99420 0.70716
24.90380 0.93807 0.85603
24.93874 0.91043 1.01691
24.97367 0.89928 1.17860
25.00861 0.89988 1.34067
25.04354 0.91575 1.48887
25.07848 0.94896 1.67186
25.11341 0.99881 1.86841
25.14835 1.06731 2.08272
25.18328 1.18585 2.32645
25.21822 1.35719 2.59554
25.25315 1.59321 2.88039
25.28809 2.00302 3.17110
25.32302 2.60689 3.32117
25.35796 3.30567 3.27311
25.39289 3.99087 2.77884
25.42783 4.22874 2.12279
25.46276 4.24374 1.51460
25.49770 4.06761 1.07156
25.53263 3.86323 0.81539
25.56757 3.67074 0.62815
25.60250 3.49591 0.49410
25.63744 3.34962 0.41159
25.67237 3.21989 0.34531
25.70731 3.10236 0.29564
25.74224 3.00053 0.25693
25.77718 2.90988 0.22886
25.81211 2.82777 0.20321
25.84705 2.75385 0.18432
25.88198 2.69103 0.16767
25.91692 2.63365 0.15504
25.95185 2.58253 0.14231
25.98679 2.53810 0.13366
26.02172 2.49835 0.12439
26.05666 2.46174 0.11770
26.09159 2.42977 0.11054
26.12653 2.40047 0.10566
26.16146 2.37368 0.09994
26.19640 2.34910 0.09606
26.23133 2.32720 0.09157
26.26627 2.30675 0.08848
26.30120 2.28830 0.08472
26.33614 2.27155 0.08225
26.37107 2.25627 0.07922
26.40601 2.24194 0.07707
26.44094 2.22912 0.07459
26.47588 2.21760 0.07278
26.51081 2.20748 0.07073
26.54575 2.19911 0.06912
26.58068 2.19180 0.06749
26.61562 2.18530 0.06604
26.65055 2.17974 0.06471
26.68549 2.17623 0.06340
26.72042 2.17386 0.06240
26.75536 2.17287 0.06115
26.79029 2.17448 0.06043
26.82523 2.17751 0.05926
26.86016 2.18197 0.05879
26.89510 2.18925 0.05765
26.93003 2.19981 0.05745
26.96496 2.21336 0.05636
26.99990 2.22979 0.05638
27.03483 2.25216 0.05533
27.06977 2.27983 0.05561
27.10470 2.31343 0.05456
27.13964 2.35617 0.05507
27.17457 2.41040 0.05405
27.20951 2.47491 0.05476
27.24444 2.55576 0.05370
27.27938 2.66085 0.05452
27.31431 2.78500 0.05325
27.34925 2.92935 0.05399
27.38418 3.10420 0.05211
27.41912 3.28377 0.05219
27.45405 3.46300 0.04946
27.48899 3.60995 0.04869
27.52392 3.71061 0.04504
27.55886 3.77252 0.04409
27.59379 3.78641 0.04033
27.62873 3.76610 0.03982
27.66366 3.73179 0.03639
27.69860 3.68508 0.03639
27.73353 3.63340 0.03332
27.76847 3.58101 0.03381
27.80340 3.53004 0.03086
27.83834 3.48075 0.03173
27.87327 3.43496 0.02888
27.90821 3.39054 0.02997
27.94314 3.35003 0.02722
27.97808 3.31202 0.02837
28.01301 3.27682 0.02581
28.04795 3.24268 0.02692
28.08288 3.21220 0.02454
28.11782 3.18266 0.02560
28.15275 3.15551 0.02336
28.18769 3.12933 0.02436
28.22262 3.10537 0.02226
28.25756 3.08196 0.02319
28.29249 3.06066 0.02122
28.32743 3.03982 0.02207
28.36236 3.02031 0.02023
28.39730 3.00096 0.02099
28.43223 2.98389 0.01928
28.46717 2.96689 0.01995
28.50210 2.95091 0.01836
28.53704 2.93486 0.01893
28.57197 2.92016 0.01746
28.60691 2.90568 0.01795
28.64184 2.89217 0.01659
28.67678 2.87917 0.01698
28.71171 2.86688 0.01575
28.74665 2.85440 0.01603
28.78158 2.84266 0.01492
28.81652 2.83111 0.01510
28.85145 2.82037 0.01411
28.88639 2.81002 0.01419
28.92132 2.79976 0.01331
28.95626 2.78939 0.01328
28.99119 2.77994 0.01252
29.02613 2.77101 0.01239
29.06106 2.76241 0.01176
29.09600 2.75372 0.01152
29.13093 2.74510 0.01100
29.16587 2.73643 0.01064
29.20080 2.72784 0.01048
29.23574 2.72045 0.01508
29.27067 2.71305 0.01998
29.30561 2.70572 0.02460
29.34054 2.69830 0.02962
29.37548 2.69099 0.03412
29.41041 2.68379 0.17013
29.44535 2.67738 0.61372
29.48028 2.67078 1.05818
29.51522 2.66439 1.50165
29.55015 2.65776 1.94622
29.58509 2.65140 2.38957
29.62002 2.64520 2.54631
29.65495 2.63968 2.48707
29.68989 2.63381 2.42940
29.72482 2.62831 2.37004
29.75976 2.62241 2.31249
29.79469 2.61694 2.25300
29.82963 2.61151 2.20546
29.86456 2.60665 2.15751
29.89950 2.60127 2.11185
29.93443 2.59643 2.06377
29.96937 2.59103 2.01824
30.00430 2.58632 1.97170
30.03924 2.58173 1.93973
30.07417 2.57778 1.90486
30.10911 2.57316 1.87301
30.14404 2.56924 1.83801
30.17898 2.56459 1.80629
30.21391 2.56070 1.77116
30.24885 2.55601 1.73957
30.28378 2.55215 1.70432
30.31872 2.54744 1.67284
30.35365 2.54360 1.63746
30.38859 2.53886 1.60612
30.42352 2.53504 1.57061
30.45846 2.53028 1.53939
30.49339 2.52648 1.50380
30.52833 2.52238 1.48201
30.56326 2.51937 1.45817
30.59820 2.51544 1.43847
30.63313 2.51241 1.41474
30.66807 2.50851 1.39493
30.70300 2.50545 1.37131
30.73794 2.50158 1.35138
30.77287 2.49849 1.32788
30.80781 2.49464 1.30783
30.84274 2.49152 1.28445
30.87768 2.48770 1.26428
30.91261 2.48455 1.24101
30.94755 2.48075 1.22073
30.98248 2.47758 1.19758
31.01742 2.47411 1.18048
31.05235 2.47151 1.16410
31.08729 2.46837 1.15022
31.12222 2.46575 1.13395
31.15716 2.46263 1.11994
31.19209 2.45998 1.10380
31.22703 2.45688 1.08967
31.26196 2.45420 1.07365
31.29690 2.45113 1.05940
31.33183 2.44843 1.04349
31.36677 2.44538 1.02912
31.40170 2.44265 1.01334
31.43664 2.43963 0.99884
31.47157 2.43687 0.98318
31.50651 2.43395 0.96932
31.54144 2.43158 0.95789
31.57638 2.42903 0.94724
31.61131 2.42663 0.93594
31.64625 2.42411 0.92516
31.68118 2.42167 0.91399
31.71612 2.41918 0.90308
31.75105 2.41672 0.89203
31.78599 2.41425 0.88100
31.82092 2.41176 0.87007
31.85586 2.40932 0.85891
31.89079 2.40679 0.84811
31.92573 2.40438 0.83682
31.96066 2.40183 0.82615
31.99560 2.39944 0.81473
32.03053 2.39837 0.81210
32.06547 2.39774 0.80960
32.10040 2.39685 0.80824
32.13534 2.39625 0.80560
32.17027 2.39533 0.80437
32.20521 2.39476 0.80160
32.24014 2.39381 0.80051
32.27508 2.39326 0.79760
32.31001 2.39228 0.79664
32.34494 2.39176 0.79360
32.37988 2.39075 0.79277
32.41481 2.39026 0.78959
32.44975 2.38922 0.78890
32.48468 2.38875 0.78558
32.51962 2.38768 0.78502
32.55455 2.38725 0.78157
32.58949 2.38614 0.78114
32.62442 2.38573 0.77755
32.65936 2.38460 0.77727
32.69429 2.38422 0.77353
32.72923 2.38305 0.77339
32.76416 2.38270 0.76951
32.79910 2.38150 0.76950
32.83403 2.38118 0.76549
32.86897 2.37994 0.76562
32.90390 2.37965 0.76146
32.93884 2.37838 0.76173
32.97377 2.37812 0.75743
33.00871 2.37682 0.75784
33.04364 2.37659 0.75340
33.07858 2.37527 0.75388
33.11351 2.37502 0.74950
33.14845 2.37373 0.74985
33.18338 2.37345 0.74559
33.21832 2.37218 0.74582
33.25325 2.37188 0.74169
33.28819 2.37064 0.74178
33.32312 2.37030 0.73778
33.35806 2.36908 0.73774
33.39299 2.36871 0.73387
33.42793 2.36753 0.73370
33.46286 2.36713 0.72996
33.49780 2.36597 0.72965
33.53273 2.36554 0.72604
33.56767 2.36441 0.72560
33.60260 2.36394 0.72213
33.63754 2.36284 0.72155
33.67247 2.36234 0.71821
33.70741 2.36127 0.71749
33.74234 2.36074 0.71428
33.77728 2.35969 0.71343
33.81221 2.35913 0.71036
33.84715 2.35811 0.70937
33.88208 2.35752 0.70643
33.91702 2.35653 0.70530
33.95195 2.35590 0.70250
33.98689 2.35494 0.70123
34.02182 2.35428 0.69857
34.05676 2.35335 0.69716
34.09169 2.35266 0.69464
34.12663 2.35175 0.69308
34.16156 2.35103 0.69070
34.19650 2.35015 0.68900
34.23143 2.34940 0.68676
34.26637 2.34855 0.68492
34.30130 2.34776 0.68282
34.33624 2.34694 0.68083
34.37117 2.34612 0.67887
34.40611 2.34533 0.67674
34.44104 2.34447 0.67492
34.47598 2.34371 0.67265
34.51091 2.34282 0.67097
34.54585 2.34209 0.66855
34.58078 2.34116 0.66702
34.61572 2.34046 0.66445
34.65065 2.33950 0.66306
34.68559 2.33883 0.66034
34.72052 2.33783 0.65910
34.75546 2.33719 0.65623
34.79039 2.33616 0.65514
34.82533 2.33555 0.65212
34.86026 2.33448 0.65117
34.89520 2.33391 0.64800
34.93013 2.33280 0.64721
34.96507 2.33226 0.64388
35.00000 2.33112 0.64323
