Chemical species: H2 He Na K TiO H2O
P (bar) | log_H2: -2σ | log_H2: -1σ | log_H2: median | log_H2: +1σ | log_H2: +2σ 
1.00000000e+02 -0.06832090 -0.06826729 -0.06823934 -0.06822131 -0.06821111 
8.11130831e+01 -0.06832090 -0.06826729 -0.06823934 -0.06822131 -0.06821111 
6.57933225e+01 -0.06832090 -0.06826729 -0.06823934 -0.06822131 -0.06821111 
5.33669923e+01 -0.06832090 -0.06826729 -0.06823934 -0.06822131 -0.06821111 
4.32876128e+01 -0.06832090 -0.06826729 -0.06823934 -0.06822131 -0.06821111 
3.51119173e+01 -0.06832090 -0.06826729 -0.06823934 -0.06822131 -0.06821111 
2.84803587e+01 -0.06832090 -0.06826729 -0.06823934 -0.06822131 -0.06821111 
2.31012970e+01 -0.06832090 -0.06826729 -0.06823934 -0.06822131 -0.06821111 
1.87381742e+01 -0.06832090 -0.06826729 -0.06823934 -0.06822131 -0.06821111 
1.51991108e+01 -0.06832090 -0.06826729 -0.06823934 -0.06822131 -0.06821111 
1.23284674e+01 -0.06832090 -0.06826729 -0.06823934 -0.06822131 -0.06821111 
1.00000000e+01 -0.06832090 -0.06826729 -0.06823934 -0.06822131 -0.06821111 
8.11130831e+00 -0.06832090 -0.06826729 -0.06823934 -0.06822131 -0.06821111 
6.57933225e+00 -0.06832090 -0.06826729 -0.06823934 -0.06822131 -0.06821111 
5.33669923e+00 -0.06832090 -0.06826729 -0.06823934 -0.06822131 -0.06821111 
4.32876128e+00 -0.06832090 -0.06826729 -0.06823934 -0.06822131 -0.06821111 
3.51119173e+00 -0.06832090 -0.06826729 -0.06823934 -0.06822131 -0.06821111 
2.84803587e+00 -0.06832090 -0.06826729 -0.06823934 -0.06822131 -0.06821111 
2.31012970e+00 -0.06832090 -0.06826729 -0.06823934 -0.06822131 -0.06821111 
1.87381742e+00 -0.06832090 -0.06826729 -0.06823934 -0.06822131 -0.06821111 
1.51991108e+00 -0.06832090 -0.06826729 -0.06823934 -0.06822131 -0.06821111 
1.23284674e+00 -0.06832090 -0.06826729 -0.06823934 -0.06822131 -0.06821111 
1.00000000e+00 -0.06832090 -0.06826729 -0.06823934 -0.06822131 -0.06821111 
8.11130831e-01 -0.06832090 -0.06826729 -0.06823934 -0.06822131 -0.06821111 
6.57933225e-01 -0.06832090 -0.06826729 -0.06823934 -0.06822131 -0.06821111 
5.33669923e-01 -0.06832090 -0.06826729 -0.06823934 -0.06822131 -0.06821111 
4.32876128e-01 -0.06832090 -0.06826729 -0.06823934 -0.06822131 -0.06821111 
3.51119173e-01 -0.06832090 -0.06826729 -0.06823934 -0.06822131 -0.06821111 
2.84803587e-01 -0.06832090 -0.06826729 -0.06823934 -0.06822131 -0.06821111 
2.31012970e-01 -0.06832090 -0.06826729 -0.06823934 -0.06822131 -0.06821111 
1.87381742e-01 -0.06832090 -0.06826729 -0.06823934 -0.06822131 -0.06821111 
1.51991108e-01 -0.06832090 -0.06826729 -0.06823934 -0.06822131 -0.06821111 
1.23284674e-01 -0.06832090 -0.06826729 -0.06823934 -0.06822131 -0.06821111 
1.00000000e-01 -0.06832090 -0.06826729 -0.06823934 -0.06822131 -0.06821111 
8.11130831e-02 -0.06832090 -0.06826729 -0.06823934 -0.06822131 -0.06821111 
6.57933225e-02 -0.06832090 -0.06826729 -0.06823934 -0.06822131 -0.06821111 
5.33669923e-02 -0.06832090 -0.06826729 -0.06823934 -0.06822131 -0.06821111 
4.32876128e-02 -0.06832090 -0.06826729 -0.06823934 -0.06822131 -0.06821111 
3.51119173e-02 -0.06832090 -0.06826729 -0.06823934 -0.06822131 -0.06821111 
2.84803587e-02 -0.06832090 -0.06826729 -0.06823934 -0.06822131 -0.06821111 
2.31012970e-02 -0.06832090 -0.06826729 -0.06823934 -0.06822131 -0.06821111 
1.87381742e-02 -0.06832090 -0.06826729 -0.06823934 -0.06822131 -0.06821111 
1.51991108e-02 -0.06832090 -0.06826729 -0.06823934 -0.06822131 -0.06821111 
1.23284674e-02 -0.06832090 -0.06826729 -0.06823934 -0.06822131 -0.06821111 
1.00000000e-02 -0.06832090 -0.06826729 -0.06823934 -0.06822131 -0.06821111 
8.11130831e-03 -0.06832090 -0.06826729 -0.06823934 -0.06822131 -0.06821111 
6.57933225e-03 -0.06832090 -0.06826729 -0.06823934 -0.06822131 -0.06821111 
5.33669923e-03 -0.06832090 -0.06826729 -0.06823934 -0.06822131 -0.06821111 
4.32876128e-03 -0.06832090 -0.06826729 -0.06823934 -0.06822131 -0.06821111 
3.51119173e-03 -0.06832090 -0.06826729 -0.06823934 -0.06822131 -0.06821111 
2.84803587e-03 -0.06832090 -0.06826729 -0.06823934 -0.06822131 -0.06821111 
2.31012970e-03 -0.06832090 -0.06826729 -0.06823934 -0.06822131 -0.06821111 
1.87381742e-03 -0.06832090 -0.06826729 -0.06823934 -0.06822131 -0.06821111 
1.51991108e-03 -0.06832090 -0.06826729 -0.06823934 -0.06822131 -0.06821111 
1.23284674e-03 -0.06832090 -0.06826729 -0.06823934 -0.06822131 -0.06821111 
1.00000000e-03 -0.06832090 -0.06826729 -0.06823934 -0.06822131 -0.06821111 
8.11130831e-04 -0.06832090 -0.06826729 -0.06823934 -0.06822131 -0.06821111 
6.57933225e-04 -0.06832090 -0.06826729 -0.06823934 -0.06822131 -0.06821111 
5.33669923e-04 -0.06832090 -0.06826729 -0.06823934 -0.06822131 -0.06821111 
4.32876128e-04 -0.06832090 -0.06826729 -0.06823934 -0.06822131 -0.06821111 
3.51119173e-04 -0.06832090 -0.06826729 -0.06823934 -0.06822131 -0.06821111 
2.84803587e-04 -0.06832090 -0.06826729 -0.06823934 -0.06822131 -0.06821111 
2.31012970e-04 -0.06832090 -0.06826729 -0.06823934 -0.06822131 -0.06821111 
1.87381742e-04 -0.06832090 -0.06826729 -0.06823934 -0.06822131 -0.06821111 
1.51991108e-04 -0.06832090 -0.06826729 -0.06823934 -0.06822131 -0.06821111 
1.23284674e-04 -0.06832090 -0.06826729 -0.06823934 -0.06822131 -0.06821111 
1.00000000e-04 -0.06832090 -0.06826729 -0.06823934 -0.06822131 -0.06821111 
8.11130831e-05 -0.06832090 -0.06826729 -0.06823934 -0.06822131 -0.06821111 
6.57933225e-05 -0.06832090 -0.06826729 -0.06823934 -0.06822131 -0.06821111 
5.33669923e-05 -0.06832090 -0.06826729 -0.06823934 -0.06822131 -0.06821111 
4.32876128e-05 -0.06832090 -0.06826729 -0.06823934 -0.06822131 -0.06821111 
3.51119173e-05 -0.06832090 -0.06826729 -0.06823934 -0.06822131 -0.06821111 
2.84803587e-05 -0.06832090 -0.06826729 -0.06823934 -0.06822131 -0.06821111 
2.31012970e-05 -0.06832090 -0.06826729 -0.06823934 -0.06822131 -0.06821111 
1.87381742e-05 -0.06832090 -0.06826729 -0.06823934 -0.06822131 -0.06821111 
1.51991108e-05 -0.06832090 -0.06826729 -0.06823934 -0.06822131 -0.06821111 
1.23284674e-05 -0.06832090 -0.06826729 -0.06823934 -0.06822131 -0.06821111 
1.00000000e-05 -0.06832090 -0.06826729 -0.06823934 -0.06822131 -0.06821111 
8.11130831e-06 -0.06832090 -0.06826729 -0.06823934 -0.06822131 -0.06821111 
6.57933225e-06 -0.06832090 -0.06826729 -0.06823934 -0.06822131 -0.06821111 
5.33669923e-06 -0.06832090 -0.06826729 -0.06823934 -0.06822131 -0.06821111 
4.32876128e-06 -0.06832090 -0.06826729 -0.06823934 -0.06822131 -0.06821111 
3.51119173e-06 -0.06832090 -0.06826729 -0.06823934 -0.06822131 -0.06821111 
2.84803587e-06 -0.06832090 -0.06826729 -0.06823934 -0.06822131 -0.06821111 
2.31012970e-06 -0.06832090 -0.06826729 -0.06823934 -0.06822131 -0.06821111 
1.87381742e-06 -0.06832090 -0.06826729 -0.06823934 -0.06822131 -0.06821111 
1.51991108e-06 -0.06832090 -0.06826729 -0.06823934 -0.06822131 -0.06821111 
1.23284674e-06 -0.06832090 -0.06826729 -0.06823934 -0.06822131 -0.06821111 
1.00000000e-06 -0.06832090 -0.06826729 -0.06823934 -0.06822131 -0.06821111 
8.11130831e-07 -0.06832090 -0.06826729 -0.06823934 -0.06822131 -0.06821111 
6.57933225e-07 -0.06832090 -0.06826729 -0.06823934 -0.06822131 -0.06821111 
5.33669923e-07 -0.06832090 -0.06826729 -0.06823934 -0.06822131 -0.06821111 
4.32876128e-07 -0.06832090 -0.06826729 -0.06823934 -0.06822131 -0.06821111 
3.51119173e-07 -0.06832090 -0.06826729 -0.06823934 -0.06822131 -0.06821111 
2.84803587e-07 -0.06832090 -0.06826729 -0.06823934 -0.06822131 -0.06821111 
2.31012970e-07 -0.06832090 -0.06826729 -0.06823934 -0.06822131 -0.06821111 
1.87381742e-07 -0.06832090 -0.06826729 -0.06823934 -0.06822131 -0.06821111 
1.51991108e-07 -0.06832090 -0.06826729 -0.06823934 -0.06822131 -0.06821111 
1.23284674e-07 -0.06832090 -0.06826729 -0.06823934 -0.06822131 -0.06821111 
1.00000000e-07 -0.06832090 -0.06826729 -0.06823934 -0.06822131 -0.06821111 
P (bar) | log_He: -2σ | log_He: -1σ | log_He: median | log_He: +1σ | log_He: +2σ 
1.00000000e+02 -0.83787198 -0.83781837 -0.83779042 -0.83777239 -0.83776219 
8.11130831e+01 -0.83787198 -0.83781837 -0.83779042 -0.83777239 -0.83776219 
6.57933225e+01 -0.83787198 -0.83781837 -0.83779042 -0.83777239 -0.83776219 
5.33669923e+01 -0.83787198 -0.83781837 -0.83779042 -0.83777239 -0.83776219 
4.32876128e+01 -0.83787198 -0.83781837 -0.83779042 -0.83777239 -0.83776219 
3.51119173e+01 -0.83787198 -0.83781837 -0.83779042 -0.83777239 -0.83776219 
2.84803587e+01 -0.83787198 -0.83781837 -0.83779042 -0.83777239 -0.83776219 
2.31012970e+01 -0.83787198 -0.83781837 -0.83779042 -0.83777239 -0.83776219 
1.87381742e+01 -0.83787198 -0.83781837 -0.83779042 -0.83777239 -0.83776219 
1.51991108e+01 -0.83787198 -0.83781837 -0.83779042 -0.83777239 -0.83776219 
1.23284674e+01 -0.83787198 -0.83781837 -0.83779042 -0.83777239 -0.83776219 
1.00000000e+01 -0.83787198 -0.83781837 -0.83779042 -0.83777239 -0.83776219 
8.11130831e+00 -0.83787198 -0.83781837 -0.83779042 -0.83777239 -0.83776219 
6.57933225e+00 -0.83787198 -0.83781837 -0.83779042 -0.83777239 -0.83776219 
5.33669923e+00 -0.83787198 -0.83781837 -0.83779042 -0.83777239 -0.83776219 
4.32876128e+00 -0.83787198 -0.83781837 -0.83779042 -0.83777239 -0.83776219 
3.51119173e+00 -0.83787198 -0.83781837 -0.83779042 -0.83777239 -0.83776219 
2.84803587e+00 -0.83787198 -0.83781837 -0.83779042 -0.83777239 -0.83776219 
2.31012970e+00 -0.83787198 -0.83781837 -0.83779042 -0.83777239 -0.83776219 
1.87381742e+00 -0.83787198 -0.83781837 -0.83779042 -0.83777239 -0.83776219 
1.51991108e+00 -0.83787198 -0.83781837 -0.83779042 -0.83777239 -0.83776219 
1.23284674e+00 -0.83787198 -0.83781837 -0.83779042 -0.83777239 -0.83776219 
1.00000000e+00 -0.83787198 -0.83781837 -0.83779042 -0.83777239 -0.83776219 
8.11130831e-01 -0.83787198 -0.83781837 -0.83779042 -0.83777239 -0.83776219 
6.57933225e-01 -0.83787198 -0.83781837 -0.83779042 -0.83777239 -0.83776219 
5.33669923e-01 -0.83787198 -0.83781837 -0.83779042 -0.83777239 -0.83776219 
4.32876128e-01 -0.83787198 -0.83781837 -0.83779042 -0.83777239 -0.83776219 
3.51119173e-01 -0.83787198 -0.83781837 -0.83779042 -0.83777239 -0.83776219 
2.84803587e-01 -0.83787198 -0.83781837 -0.83779042 -0.83777239 -0.83776219 
2.31012970e-01 -0.83787198 -0.83781837 -0.83779042 -0.83777239 -0.83776219 
1.87381742e-01 -0.83787198 -0.83781837 -0.83779042 -0.83777239 -0.83776219 
1.51991108e-01 -0.83787198 -0.83781837 -0.83779042 -0.83777239 -0.83776219 
1.23284674e-01 -0.83787198 -0.83781837 -0.83779042 -0.83777239 -0.83776219 
1.00000000e-01 -0.83787198 -0.83781837 -0.83779042 -0.83777239 -0.83776219 
8.11130831e-02 -0.83787198 -0.83781837 -0.83779042 -0.83777239 -0.83776219 
6.57933225e-02 -0.83787198 -0.83781837 -0.83779042 -0.83777239 -0.83776219 
5.33669923e-02 -0.83787198 -0.83781837 -0.83779042 -0.83777239 -0.83776219 
4.32876128e-02 -0.83787198 -0.83781837 -0.83779042 -0.83777239 -0.83776219 
3.51119173e-02 -0.83787198 -0.83781837 -0.83779042 -0.83777239 -0.83776219 
2.84803587e-02 -0.83787198 -0.83781837 -0.83779042 -0.83777239 -0.83776219 
2.31012970e-02 -0.83787198 -0.83781837 -0.83779042 -0.83777239 -0.83776219 
1.87381742e-02 -0.83787198 -0.83781837 -0.83779042 -0.83777239 -0.83776219 
1.51991108e-02 -0.83787198 -0.83781837 -0.83779042 -0.83777239 -0.83776219 
1.23284674e-02 -0.83787198 -0.83781837 -0.83779042 -0.83777239 -0.83776219 
1.00000000e-02 -0.83787198 -0.83781837 -0.83779042 -0.83777239 -0.83776219 
8.11130831e-03 -0.83787198 -0.83781837 -0.83779042 -0.83777239 -0.83776219 
6.57933225e-03 -0.83787198 -0.83781837 -0.83779042 -0.83777239 -0.83776219 
5.33669923e-03 -0.83787198 -0.83781837 -0.83779042 -0.83777239 -0.83776219 
4.32876128e-03 -0.83787198 -0.83781837 -0.83779042 -0.83777239 -0.83776219 
3.51119173e-03 -0.83787198 -0.83781837 -0.83779042 -0.83777239 -0.83776219 
2.84803587e-03 -0.83787198 -0.83781837 -0.83779042 -0.83777239 -0.83776219 
2.31012970e-03 -0.83787198 -0.83781837 -0.83779042 -0.83777239 -0.83776219 
1.87381742e-03 -0.83787198 -0.83781837 -0.83779042 -0.83777239 -0.83776219 
1.51991108e-03 -0.83787198 -0.83781837 -0.83779042 -0.83777239 -0.83776219 
1.23284674e-03 -0.83787198 -0.83781837 -0.83779042 -0.83777239 -0.83776219 
1.00000000e-03 -0.83787198 -0.83781837 -0.83779042 -0.83777239 -0.83776219 
8.11130831e-04 -0.83787198 -0.83781837 -0.83779042 -0.83777239 -0.83776219 
6.57933225e-04 -0.83787198 -0.83781837 -0.83779042 -0.83777239 -0.83776219 
5.33669923e-04 -0.83787198 -0.83781837 -0.83779042 -0.83777239 -0.83776219 
4.32876128e-04 -0.83787198 -0.83781837 -0.83779042 -0.83777239 -0.83776219 
3.51119173e-04 -0.83787198 -0.83781837 -0.83779042 -0.83777239 -0.83776219 
2.84803587e-04 -0.83787198 -0.83781837 -0.83779042 -0.83777239 -0.83776219 
2.31012970e-04 -0.83787198 -0.83781837 -0.83779042 -0.83777239 -0.83776219 
1.87381742e-04 -0.83787198 -0.83781837 -0.83779042 -0.83777239 -0.83776219 
1.51991108e-04 -0.83787198 -0.83781837 -0.83779042 -0.83777239 -0.83776219 
1.23284674e-04 -0.83787198 -0.83781837 -0.83779042 -0.83777239 -0.83776219 
1.00000000e-04 -0.83787198 -0.83781837 -0.83779042 -0.83777239 -0.83776219 
8.11130831e-05 -0.83787198 -0.83781837 -0.83779042 -0.83777239 -0.83776219 
6.57933225e-05 -0.83787198 -0.83781837 -0.83779042 -0.83777239 -0.83776219 
5.33669923e-05 -0.83787198 -0.83781837 -0.83779042 -0.83777239 -0.83776219 
4.32876128e-05 -0.83787198 -0.83781837 -0.83779042 -0.83777239 -0.83776219 
3.51119173e-05 -0.83787198 -0.83781837 -0.83779042 -0.83777239 -0.83776219 
2.84803587e-05 -0.83787198 -0.83781837 -0.83779042 -0.83777239 -0.83776219 
2.31012970e-05 -0.83787198 -0.83781837 -0.83779042 -0.83777239 -0.83776219 
1.87381742e-05 -0.83787198 -0.83781837 -0.83779042 -0.83777239 -0.83776219 
1.51991108e-05 -0.83787198 -0.83781837 -0.83779042 -0.83777239 -0.83776219 
1.23284674e-05 -0.83787198 -0.83781837 -0.83779042 -0.83777239 -0.83776219 
1.00000000e-05 -0.83787198 -0.83781837 -0.83779042 -0.83777239 -0.83776219 
8.11130831e-06 -0.83787198 -0.83781837 -0.83779042 -0.83777239 -0.83776219 
6.57933225e-06 -0.83787198 -0.83781837 -0.83779042 -0.83777239 -0.83776219 
5.33669923e-06 -0.83787198 -0.83781837 -0.83779042 -0.83777239 -0.83776219 
4.32876128e-06 -0.83787198 -0.83781837 -0.83779042 -0.83777239 -0.83776219 
3.51119173e-06 -0.83787198 -0.83781837 -0.83779042 -0.83777239 -0.83776219 
2.84803587e-06 -0.83787198 -0.83781837 -0.83779042 -0.83777239 -0.83776219 
2.31012970e-06 -0.83787198 -0.83781837 -0.83779042 -0.83777239 -0.83776219 
1.87381742e-06 -0.83787198 -0.83781837 -0.83779042 -0.83777239 -0.83776219 
1.51991108e-06 -0.83787198 -0.83781837 -0.83779042 -0.83777239 -0.83776219 
1.23284674e-06 -0.83787198 -0.83781837 -0.83779042 -0.83777239 -0.83776219 
1.00000000e-06 -0.83787198 -0.83781837 -0.83779042 -0.83777239 -0.83776219 
8.11130831e-07 -0.83787198 -0.83781837 -0.83779042 -0.83777239 -0.83776219 
6.57933225e-07 -0.83787198 -0.83781837 -0.83779042 -0.83777239 -0.83776219 
5.33669923e-07 -0.83787198 -0.83781837 -0.83779042 -0.83777239 -0.83776219 
4.32876128e-07 -0.83787198 -0.83781837 -0.83779042 -0.83777239 -0.83776219 
3.51119173e-07 -0.83787198 -0.83781837 -0.83779042 -0.83777239 -0.83776219 
2.84803587e-07 -0.83787198 -0.83781837 -0.83779042 -0.83777239 -0.83776219 
2.31012970e-07 -0.83787198 -0.83781837 -0.83779042 -0.83777239 -0.83776219 
1.87381742e-07 -0.83787198 -0.83781837 -0.83779042 -0.83777239 -0.83776219 
1.51991108e-07 -0.83787198 -0.83781837 -0.83779042 -0.83777239 -0.83776219 
1.23284674e-07 -0.83787198 -0.83781837 -0.83779042 -0.83777239 -0.83776219 
1.00000000e-07 -0.83787198 -0.83781837 -0.83779042 -0.83777239 -0.83776219 
P (bar) | log_Na: -2σ | log_Na: -1σ | log_Na: median | log_Na: +1σ | log_Na: +2σ 
1.00000000e+02 -6.16757139 -5.89925198 -5.57225908 -5.27791448 -4.95756937 
8.11130831e+01 -6.16757139 -5.89925198 -5.57225908 -5.27791448 -4.95756937 
6.57933225e+01 -6.16757139 -5.89925198 -5.57225908 -5.27791448 -4.95756937 
5.33669923e+01 -6.16757139 -5.89925198 -5.57225908 -5.27791448 -4.95756937 
4.32876128e+01 -6.16757139 -5.89925198 -5.57225908 -5.27791448 -4.95756937 
3.51119173e+01 -6.16757139 -5.89925198 -5.57225908 -5.27791448 -4.95756937 
2.84803587e+01 -6.16757139 -5.89925198 -5.57225908 -5.27791448 -4.95756937 
2.31012970e+01 -6.16757139 -5.89925198 -5.57225908 -5.27791448 -4.95756937 
1.87381742e+01 -6.16757139 -5.89925198 -5.57225908 -5.27791448 -4.95756937 
1.51991108e+01 -6.16757139 -5.89925198 -5.57225908 -5.27791448 -4.95756937 
1.23284674e+01 -6.16757139 -5.89925198 -5.57225908 -5.27791448 -4.95756937 
1.00000000e+01 -6.16757139 -5.89925198 -5.57225908 -5.27791448 -4.95756937 
8.11130831e+00 -6.16757139 -5.89925198 -5.57225908 -5.27791448 -4.95756937 
6.57933225e+00 -6.16757139 -5.89925198 -5.57225908 -5.27791448 -4.95756937 
5.33669923e+00 -6.16757139 -5.89925198 -5.57225908 -5.27791448 -4.95756937 
4.32876128e+00 -6.16757139 -5.89925198 -5.57225908 -5.27791448 -4.95756937 
3.51119173e+00 -6.16757139 -5.89925198 -5.57225908 -5.27791448 -4.95756937 
2.84803587e+00 -6.16757139 -5.89925198 -5.57225908 -5.27791448 -4.95756937 
2.31012970e+00 -6.16757139 -5.89925198 -5.57225908 -5.27791448 -4.95756937 
1.87381742e+00 -6.16757139 -5.89925198 -5.57225908 -5.27791448 -4.95756937 
1.51991108e+00 -6.16757139 -5.89925198 -5.57225908 -5.27791448 -4.95756937 
1.23284674e+00 -6.16757139 -5.89925198 -5.57225908 -5.27791448 -4.95756937 
1.00000000e+00 -6.16757139 -5.89925198 -5.57225908 -5.27791448 -4.95756937 
8.11130831e-01 -6.16757139 -5.89925198 -5.57225908 -5.27791448 -4.95756937 
6.57933225e-01 -6.16757139 -5.89925198 -5.57225908 -5.27791448 -4.95756937 
5.33669923e-01 -6.16757139 -5.89925198 -5.57225908 -5.27791448 -4.95756937 
4.32876128e-01 -6.16757139 -5.89925198 -5.57225908 -5.27791448 -4.95756937 
3.51119173e-01 -6.16757139 -5.89925198 -5.57225908 -5.27791448 -4.95756937 
2.84803587e-01 -6.16757139 -5.89925198 -5.57225908 -5.27791448 -4.95756937 
2.31012970e-01 -6.16757139 -5.89925198 -5.57225908 -5.27791448 -4.95756937 
1.87381742e-01 -6.16757139 -5.89925198 -5.57225908 -5.27791448 -4.95756937 
1.51991108e-01 -6.16757139 -5.89925198 -5.57225908 -5.27791448 -4.95756937 
1.23284674e-01 -6.16757139 -5.89925198 -5.57225908 -5.27791448 -4.95756937 
1.00000000e-01 -6.16757139 -5.89925198 -5.57225908 -5.27791448 -4.95756937 
8.11130831e-02 -6.16757139 -5.89925198 -5.57225908 -5.27791448 -4.95756937 
6.57933225e-02 -6.16757139 -5.89925198 -5.57225908 -5.27791448 -4.95756937 
5.33669923e-02 -6.16757139 -5.89925198 -5.57225908 -5.27791448 -4.95756937 
4.32876128e-02 -6.16757139 -5.89925198 -5.57225908 -5.27791448 -4.95756937 
3.51119173e-02 -6.16757139 -5.89925198 -5.57225908 -5.27791448 -4.95756937 
2.84803587e-02 -6.16757139 -5.89925198 -5.57225908 -5.27791448 -4.95756937 
2.31012970e-02 -6.16757139 -5.89925198 -5.57225908 -5.27791448 -4.95756937 
1.87381742e-02 -6.16757139 -5.89925198 -5.57225908 -5.27791448 -4.95756937 
1.51991108e-02 -6.16757139 -5.89925198 -5.57225908 -5.27791448 -4.95756937 
1.23284674e-02 -6.16757139 -5.89925198 -5.57225908 -5.27791448 -4.95756937 
1.00000000e-02 -6.16757139 -5.89925198 -5.57225908 -5.27791448 -4.95756937 
8.11130831e-03 -6.16757139 -5.89925198 -5.57225908 -5.27791448 -4.95756937 
6.57933225e-03 -6.16757139 -5.89925198 -5.57225908 -5.27791448 -4.95756937 
5.33669923e-03 -6.16757139 -5.89925198 -5.57225908 -5.27791448 -4.95756937 
4.32876128e-03 -6.16757139 -5.89925198 -5.57225908 -5.27791448 -4.95756937 
3.51119173e-03 -6.16757139 -5.89925198 -5.57225908 -5.27791448 -4.95756937 
2.84803587e-03 -6.16757139 -5.89925198 -5.57225908 -5.27791448 -4.95756937 
2.31012970e-03 -6.16757139 -5.89925198 -5.57225908 -5.27791448 -4.95756937 
1.87381742e-03 -6.16757139 -5.89925198 -5.57225908 -5.27791448 -4.95756937 
1.51991108e-03 -6.16757139 -5.89925198 -5.57225908 -5.27791448 -4.95756937 
1.23284674e-03 -6.16757139 -5.89925198 -5.57225908 -5.27791448 -4.95756937 
1.00000000e-03 -6.16757139 -5.89925198 -5.57225908 -5.27791448 -4.95756937 
8.11130831e-04 -6.16757139 -5.89925198 -5.57225908 -5.27791448 -4.95756937 
6.57933225e-04 -6.16757139 -5.89925198 -5.57225908 -5.27791448 -4.95756937 
5.33669923e-04 -6.16757139 -5.89925198 -5.57225908 -5.27791448 -4.95756937 
4.32876128e-04 -6.16757139 -5.89925198 -5.57225908 -5.27791448 -4.95756937 
3.51119173e-04 -6.16757139 -5.89925198 -5.57225908 -5.27791448 -4.95756937 
2.84803587e-04 -6.16757139 -5.89925198 -5.57225908 -5.27791448 -4.95756937 
2.31012970e-04 -6.16757139 -5.89925198 -5.57225908 -5.27791448 -4.95756937 
1.87381742e-04 -6.16757139 -5.89925198 -5.57225908 -5.27791448 -4.95756937 
1.51991108e-04 -6.16757139 -5.89925198 -5.57225908 -5.27791448 -4.95756937 
1.23284674e-04 -6.16757139 -5.89925198 -5.57225908 -5.27791448 -4.95756937 
1.00000000e-04 -6.16757139 -5.89925198 -5.57225908 -5.27791448 -4.95756937 
8.11130831e-05 -6.16757139 -5.89925198 -5.57225908 -5.27791448 -4.95756937 
6.57933225e-05 -6.16757139 -5.89925198 -5.57225908 -5.27791448 -4.95756937 
5.33669923e-05 -6.16757139 -5.89925198 -5.57225908 -5.27791448 -4.95756937 
4.32876128e-05 -6.16757139 -5.89925198 -5.57225908 -5.27791448 -4.95756937 
3.51119173e-05 -6.16757139 -5.89925198 -5.57225908 -5.27791448 -4.95756937 
2.84803587e-05 -6.16757139 -5.89925198 -5.57225908 -5.27791448 -4.95756937 
2.31012970e-05 -6.16757139 -5.89925198 -5.57225908 -5.27791448 -4.95756937 
1.87381742e-05 -6.16757139 -5.89925198 -5.57225908 -5.27791448 -4.95756937 
1.51991108e-05 -6.16757139 -5.89925198 -5.57225908 -5.27791448 -4.95756937 
1.23284674e-05 -6.16757139 -5.89925198 -5.57225908 -5.27791448 -4.95756937 
1.00000000e-05 -6.16757139 -5.89925198 -5.57225908 -5.27791448 -4.95756937 
8.11130831e-06 -6.16757139 -5.89925198 -5.57225908 -5.27791448 -4.95756937 
6.57933225e-06 -6.16757139 -5.89925198 -5.57225908 -5.27791448 -4.95756937 
5.33669923e-06 -6.16757139 -5.89925198 -5.57225908 -5.27791448 -4.95756937 
4.32876128e-06 -6.16757139 -5.89925198 -5.57225908 -5.27791448 -4.95756937 
3.51119173e-06 -6.16757139 -5.89925198 -5.57225908 -5.27791448 -4.95756937 
2.84803587e-06 -6.16757139 -5.89925198 -5.57225908 -5.27791448 -4.95756937 
2.31012970e-06 -6.16757139 -5.89925198 -5.57225908 -5.27791448 -4.95756937 
1.87381742e-06 -6.16757139 -5.89925198 -5.57225908 -5.27791448 -4.95756937 
1.51991108e-06 -6.16757139 -5.89925198 -5.57225908 -5.27791448 -4.95756937 
1.23284674e-06 -6.16757139 -5.89925198 -5.57225908 -5.27791448 -4.95756937 
1.00000000e-06 -6.16757139 -5.89925198 -5.57225908 -5.27791448 -4.95756937 
8.11130831e-07 -6.16757139 -5.89925198 -5.57225908 -5.27791448 -4.95756937 
6.57933225e-07 -6.16757139 -5.89925198 -5.57225908 -5.27791448 -4.95756937 
5.33669923e-07 -6.16757139 -5.89925198 -5.57225908 -5.27791448 -4.95756937 
4.32876128e-07 -6.16757139 -5.89925198 -5.57225908 -5.27791448 -4.95756937 
3.51119173e-07 -6.16757139 -5.89925198 -5.57225908 -5.27791448 -4.95756937 
2.84803587e-07 -6.16757139 -5.89925198 -5.57225908 -5.27791448 -4.95756937 
2.31012970e-07 -6.16757139 -5.89925198 -5.57225908 -5.27791448 -4.95756937 
1.87381742e-07 -6.16757139 -5.89925198 -5.57225908 -5.27791448 -4.95756937 
1.51991108e-07 -6.16757139 -5.89925198 -5.57225908 -5.27791448 -4.95756937 
1.23284674e-07 -6.16757139 -5.89925198 -5.57225908 -5.27791448 -4.95756937 
1.00000000e-07 -6.16757139 -5.89925198 -5.57225908 -5.27791448 -4.95756937 
P (bar) | log_K: -2σ | log_K: -1σ | log_K: median | log_K: +1σ | log_K: +2σ 
1.00000000e+02 -7.84528407 -7.50844501 -7.19134442 -6.87813109 -6.57806323 
8.11130831e+01 -7.84528407 -7.50844501 -7.19134442 -6.87813109 -6.57806323 
6.57933225e+01 -7.84528407 -7.50844501 -7.19134442 -6.87813109 -6.57806323 
5.33669923e+01 -7.84528407 -7.50844501 -7.19134442 -6.87813109 -6.57806323 
4.32876128e+01 -7.84528407 -7.50844501 -7.19134442 -6.87813109 -6.57806323 
3.51119173e+01 -7.84528407 -7.50844501 -7.19134442 -6.87813109 -6.57806323 
2.84803587e+01 -7.84528407 -7.50844501 -7.19134442 -6.87813109 -6.57806323 
2.31012970e+01 -7.84528407 -7.50844501 -7.19134442 -6.87813109 -6.57806323 
1.87381742e+01 -7.84528407 -7.50844501 -7.19134442 -6.87813109 -6.57806323 
1.51991108e+01 -7.84528407 -7.50844501 -7.19134442 -6.87813109 -6.57806323 
1.23284674e+01 -7.84528407 -7.50844501 -7.19134442 -6.87813109 -6.57806323 
1.00000000e+01 -7.84528407 -7.50844501 -7.19134442 -6.87813109 -6.57806323 
8.11130831e+00 -7.84528407 -7.50844501 -7.19134442 -6.87813109 -6.57806323 
6.57933225e+00 -7.84528407 -7.50844501 -7.19134442 -6.87813109 -6.57806323 
5.33669923e+00 -7.84528407 -7.50844501 -7.19134442 -6.87813109 -6.57806323 
4.32876128e+00 -7.84528407 -7.50844501 -7.19134442 -6.87813109 -6.57806323 
3.51119173e+00 -7.84528407 -7.50844501 -7.19134442 -6.87813109 -6.57806323 
2.84803587e+00 -7.84528407 -7.50844501 -7.19134442 -6.87813109 -6.57806323 
2.31012970e+00 -7.84528407 -7.50844501 -7.19134442 -6.87813109 -6.57806323 
1.87381742e+00 -7.84528407 -7.50844501 -7.19134442 -6.87813109 -6.57806323 
1.51991108e+00 -7.84528407 -7.50844501 -7.19134442 -6.87813109 -6.57806323 
1.23284674e+00 -7.84528407 -7.50844501 -7.19134442 -6.87813109 -6.57806323 
1.00000000e+00 -7.84528407 -7.50844501 -7.19134442 -6.87813109 -6.57806323 
8.11130831e-01 -7.84528407 -7.50844501 -7.19134442 -6.87813109 -6.57806323 
6.57933225e-01 -7.84528407 -7.50844501 -7.19134442 -6.87813109 -6.57806323 
5.33669923e-01 -7.84528407 -7.50844501 -7.19134442 -6.87813109 -6.57806323 
4.32876128e-01 -7.84528407 -7.50844501 -7.19134442 -6.87813109 -6.57806323 
3.51119173e-01 -7.84528407 -7.50844501 -7.19134442 -6.87813109 -6.57806323 
2.84803587e-01 -7.84528407 -7.50844501 -7.19134442 -6.87813109 -6.57806323 
2.31012970e-01 -7.84528407 -7.50844501 -7.19134442 -6.87813109 -6.57806323 
1.87381742e-01 -7.84528407 -7.50844501 -7.19134442 -6.87813109 -6.57806323 
1.51991108e-01 -7.84528407 -7.50844501 -7.19134442 -6.87813109 -6.57806323 
1.23284674e-01 -7.84528407 -7.50844501 -7.19134442 -6.87813109 -6.57806323 
1.00000000e-01 -7.84528407 -7.50844501 -7.19134442 -6.87813109 -6.57806323 
8.11130831e-02 -7.84528407 -7.50844501 -7.19134442 -6.87813109 -6.57806323 
6.57933225e-02 -7.84528407 -7.50844501 -7.19134442 -6.87813109 -6.57806323 
5.33669923e-02 -7.84528407 -7.50844501 -7.19134442 -6.87813109 -6.57806323 
4.32876128e-02 -7.84528407 -7.50844501 -7.19134442 -6.87813109 -6.57806323 
3.51119173e-02 -7.84528407 -7.50844501 -7.19134442 -6.87813109 -6.57806323 
2.84803587e-02 -7.84528407 -7.50844501 -7.19134442 -6.87813109 -6.57806323 
2.31012970e-02 -7.84528407 -7.50844501 -7.19134442 -6.87813109 -6.57806323 
1.87381742e-02 -7.84528407 -7.50844501 -7.19134442 -6.87813109 -6.57806323 
1.51991108e-02 -7.84528407 -7.50844501 -7.19134442 -6.87813109 -6.57806323 
1.23284674e-02 -7.84528407 -7.50844501 -7.19134442 -6.87813109 -6.57806323 
1.00000000e-02 -7.84528407 -7.50844501 -7.19134442 -6.87813109 -6.57806323 
8.11130831e-03 -7.84528407 -7.50844501 -7.19134442 -6.87813109 -6.57806323 
6.57933225e-03 -7.84528407 -7.50844501 -7.19134442 -6.87813109 -6.57806323 
5.33669923e-03 -7.84528407 -7.50844501 -7.19134442 -6.87813109 -6.57806323 
4.32876128e-03 -7.84528407 -7.50844501 -7.19134442 -6.87813109 -6.57806323 
3.51119173e-03 -7.84528407 -7.50844501 -7.19134442 -6.87813109 -6.57806323 
2.84803587e-03 -7.84528407 -7.50844501 -7.19134442 -6.87813109 -6.57806323 
2.31012970e-03 -7.84528407 -7.50844501 -7.19134442 -6.87813109 -6.57806323 
1.87381742e-03 -7.84528407 -7.50844501 -7.19134442 -6.87813109 -6.57806323 
1.51991108e-03 -7.84528407 -7.50844501 -7.19134442 -6.87813109 -6.57806323 
1.23284674e-03 -7.84528407 -7.50844501 -7.19134442 -6.87813109 -6.57806323 
1.00000000e-03 -7.84528407 -7.50844501 -7.19134442 -6.87813109 -6.57806323 
8.11130831e-04 -7.84528407 -7.50844501 -7.19134442 -6.87813109 -6.57806323 
6.57933225e-04 -7.84528407 -7.50844501 -7.19134442 -6.87813109 -6.57806323 
5.33669923e-04 -7.84528407 -7.50844501 -7.19134442 -6.87813109 -6.57806323 
4.32876128e-04 -7.84528407 -7.50844501 -7.19134442 -6.87813109 -6.57806323 
3.51119173e-04 -7.84528407 -7.50844501 -7.19134442 -6.87813109 -6.57806323 
2.84803587e-04 -7.84528407 -7.50844501 -7.19134442 -6.87813109 -6.57806323 
2.31012970e-04 -7.84528407 -7.50844501 -7.19134442 -6.87813109 -6.57806323 
1.87381742e-04 -7.84528407 -7.50844501 -7.19134442 -6.87813109 -6.57806323 
1.51991108e-04 -7.84528407 -7.50844501 -7.19134442 -6.87813109 -6.57806323 
1.23284674e-04 -7.84528407 -7.50844501 -7.19134442 -6.87813109 -6.57806323 
1.00000000e-04 -7.84528407 -7.50844501 -7.19134442 -6.87813109 -6.57806323 
8.11130831e-05 -7.84528407 -7.50844501 -7.19134442 -6.87813109 -6.57806323 
6.57933225e-05 -7.84528407 -7.50844501 -7.19134442 -6.87813109 -6.57806323 
5.33669923e-05 -7.84528407 -7.50844501 -7.19134442 -6.87813109 -6.57806323 
4.32876128e-05 -7.84528407 -7.50844501 -7.19134442 -6.87813109 -6.57806323 
3.51119173e-05 -7.84528407 -7.50844501 -7.19134442 -6.87813109 -6.57806323 
2.84803587e-05 -7.84528407 -7.50844501 -7.19134442 -6.87813109 -6.57806323 
2.31012970e-05 -7.84528407 -7.50844501 -7.19134442 -6.87813109 -6.57806323 
1.87381742e-05 -7.84528407 -7.50844501 -7.19134442 -6.87813109 -6.57806323 
1.51991108e-05 -7.84528407 -7.50844501 -7.19134442 -6.87813109 -6.57806323 
1.23284674e-05 -7.84528407 -7.50844501 -7.19134442 -6.87813109 -6.57806323 
1.00000000e-05 -7.84528407 -7.50844501 -7.19134442 -6.87813109 -6.57806323 
8.11130831e-06 -7.84528407 -7.50844501 -7.19134442 -6.87813109 -6.57806323 
6.57933225e-06 -7.84528407 -7.50844501 -7.19134442 -6.87813109 -6.57806323 
5.33669923e-06 -7.84528407 -7.50844501 -7.19134442 -6.87813109 -6.57806323 
4.32876128e-06 -7.84528407 -7.50844501 -7.19134442 -6.87813109 -6.57806323 
3.51119173e-06 -7.84528407 -7.50844501 -7.19134442 -6.87813109 -6.57806323 
2.84803587e-06 -7.84528407 -7.50844501 -7.19134442 -6.87813109 -6.57806323 
2.31012970e-06 -7.84528407 -7.50844501 -7.19134442 -6.87813109 -6.57806323 
1.87381742e-06 -7.84528407 -7.50844501 -7.19134442 -6.87813109 -6.57806323 
1.51991108e-06 -7.84528407 -7.50844501 -7.19134442 -6.87813109 -6.57806323 
1.23284674e-06 -7.84528407 -7.50844501 -7.19134442 -6.87813109 -6.57806323 
1.00000000e-06 -7.84528407 -7.50844501 -7.19134442 -6.87813109 -6.57806323 
8.11130831e-07 -7.84528407 -7.50844501 -7.19134442 -6.87813109 -6.57806323 
6.57933225e-07 -7.84528407 -7.50844501 -7.19134442 -6.87813109 -6.57806323 
5.33669923e-07 -7.84528407 -7.50844501 -7.19134442 -6.87813109 -6.57806323 
4.32876128e-07 -7.84528407 -7.50844501 -7.19134442 -6.87813109 -6.57806323 
3.51119173e-07 -7.84528407 -7.50844501 -7.19134442 -6.87813109 -6.57806323 
2.84803587e-07 -7.84528407 -7.50844501 -7.19134442 -6.87813109 -6.57806323 
2.31012970e-07 -7.84528407 -7.50844501 -7.19134442 -6.87813109 -6.57806323 
1.87381742e-07 -7.84528407 -7.50844501 -7.19134442 -6.87813109 -6.57806323 
1.51991108e-07 -7.84528407 -7.50844501 -7.19134442 -6.87813109 -6.57806323 
1.23284674e-07 -7.84528407 -7.50844501 -7.19134442 -6.87813109 -6.57806323 
1.00000000e-07 -7.84528407 -7.50844501 -7.19134442 -6.87813109 -6.57806323 
P (bar) | log_TiO: -2σ | log_TiO: -1σ | log_TiO: median | log_TiO: +1σ | log_TiO: +2σ 
1.00000000e+02 -11.95576386 -11.70914374 -11.04702096 -10.30413210 -9.83459865 
8.11130831e+01 -11.95576386 -11.70914374 -11.04702096 -10.30413210 -9.83459865 
6.57933225e+01 -11.95576386 -11.70914374 -11.04702096 -10.30413210 -9.83459865 
5.33669923e+01 -11.95576386 -11.70914374 -11.04702096 -10.30413210 -9.83459865 
4.32876128e+01 -11.95576386 -11.70914374 -11.04702096 -10.30413210 -9.83459865 
3.51119173e+01 -11.95576386 -11.70914374 -11.04702096 -10.30413210 -9.83459865 
2.84803587e+01 -11.95576386 -11.70914374 -11.04702096 -10.30413210 -9.83459865 
2.31012970e+01 -11.95576386 -11.70914374 -11.04702096 -10.30413210 -9.83459865 
1.87381742e+01 -11.95576386 -11.70914374 -11.04702096 -10.30413210 -9.83459865 
1.51991108e+01 -11.95576386 -11.70914374 -11.04702096 -10.30413210 -9.83459865 
1.23284674e+01 -11.95576386 -11.70914374 -11.04702096 -10.30413210 -9.83459865 
1.00000000e+01 -11.95576386 -11.70914374 -11.04702096 -10.30413210 -9.83459865 
8.11130831e+00 -11.95576386 -11.70914374 -11.04702096 -10.30413210 -9.83459865 
6.57933225e+00 -11.95576386 -11.70914374 -11.04702096 -10.30413210 -9.83459865 
5.33669923e+00 -11.95576386 -11.70914374 -11.04702096 -10.30413210 -9.83459865 
4.32876128e+00 -11.95576386 -11.70914374 -11.04702096 -10.30413210 -9.83459865 
3.51119173e+00 -11.95576386 -11.70914374 -11.04702096 -10.30413210 -9.83459865 
2.84803587e+00 -11.95576386 -11.70914374 -11.04702096 -10.30413210 -9.83459865 
2.31012970e+00 -11.95576386 -11.70914374 -11.04702096 -10.30413210 -9.83459865 
1.87381742e+00 -11.95576386 -11.70914374 -11.04702096 -10.30413210 -9.83459865 
1.51991108e+00 -11.95576386 -11.70914374 -11.04702096 -10.30413210 -9.83459865 
1.23284674e+00 -11.95576386 -11.70914374 -11.04702096 -10.30413210 -9.83459865 
1.00000000e+00 -11.95576386 -11.70914374 -11.04702096 -10.30413210 -9.83459865 
8.11130831e-01 -11.95576386 -11.70914374 -11.04702096 -10.30413210 -9.83459865 
6.57933225e-01 -11.95576386 -11.70914374 -11.04702096 -10.30413210 -9.83459865 
5.33669923e-01 -11.95576386 -11.70914374 -11.04702096 -10.30413210 -9.83459865 
4.32876128e-01 -11.95576386 -11.70914374 -11.04702096 -10.30413210 -9.83459865 
3.51119173e-01 -11.95576386 -11.70914374 -11.04702096 -10.30413210 -9.83459865 
2.84803587e-01 -11.95576386 -11.70914374 -11.04702096 -10.30413210 -9.83459865 
2.31012970e-01 -11.95576386 -11.70914374 -11.04702096 -10.30413210 -9.83459865 
1.87381742e-01 -11.95576386 -11.70914374 -11.04702096 -10.30413210 -9.83459865 
1.51991108e-01 -11.95576386 -11.70914374 -11.04702096 -10.30413210 -9.83459865 
1.23284674e-01 -11.95576386 -11.70914374 -11.04702096 -10.30413210 -9.83459865 
1.00000000e-01 -11.95576386 -11.70914374 -11.04702096 -10.30413210 -9.83459865 
8.11130831e-02 -11.95576386 -11.70914374 -11.04702096 -10.30413210 -9.83459865 
6.57933225e-02 -11.95576386 -11.70914374 -11.04702096 -10.30413210 -9.83459865 
5.33669923e-02 -11.95576386 -11.70914374 -11.04702096 -10.30413210 -9.83459865 
4.32876128e-02 -11.95576386 -11.70914374 -11.04702096 -10.30413210 -9.83459865 
3.51119173e-02 -11.95576386 -11.70914374 -11.04702096 -10.30413210 -9.83459865 
2.84803587e-02 -11.95576386 -11.70914374 -11.04702096 -10.30413210 -9.83459865 
2.31012970e-02 -11.95576386 -11.70914374 -11.04702096 -10.30413210 -9.83459865 
1.87381742e-02 -11.95576386 -11.70914374 -11.04702096 -10.30413210 -9.83459865 
1.51991108e-02 -11.95576386 -11.70914374 -11.04702096 -10.30413210 -9.83459865 
1.23284674e-02 -11.95576386 -11.70914374 -11.04702096 -10.30413210 -9.83459865 
1.00000000e-02 -11.95576386 -11.70914374 -11.04702096 -10.30413210 -9.83459865 
8.11130831e-03 -11.95576386 -11.70914374 -11.04702096 -10.30413210 -9.83459865 
6.57933225e-03 -11.95576386 -11.70914374 -11.04702096 -10.30413210 -9.83459865 
5.33669923e-03 -11.95576386 -11.70914374 -11.04702096 -10.30413210 -9.83459865 
4.32876128e-03 -11.95576386 -11.70914374 -11.04702096 -10.30413210 -9.83459865 
3.51119173e-03 -11.95576386 -11.70914374 -11.04702096 -10.30413210 -9.83459865 
2.84803587e-03 -11.95576386 -11.70914374 -11.04702096 -10.30413210 -9.83459865 
2.31012970e-03 -11.95576386 -11.70914374 -11.04702096 -10.30413210 -9.83459865 
1.87381742e-03 -11.95576386 -11.70914374 -11.04702096 -10.30413210 -9.83459865 
1.51991108e-03 -11.95576386 -11.70914374 -11.04702096 -10.30413210 -9.83459865 
1.23284674e-03 -11.95576386 -11.70914374 -11.04702096 -10.30413210 -9.83459865 
1.00000000e-03 -11.95576386 -11.70914374 -11.04702096 -10.30413210 -9.83459865 
8.11130831e-04 -11.95576386 -11.70914374 -11.04702096 -10.30413210 -9.83459865 
6.57933225e-04 -11.95576386 -11.70914374 -11.04702096 -10.30413210 -9.83459865 
5.33669923e-04 -11.95576386 -11.70914374 -11.04702096 -10.30413210 -9.83459865 
4.32876128e-04 -11.95576386 -11.70914374 -11.04702096 -10.30413210 -9.83459865 
3.51119173e-04 -11.95576386 -11.70914374 -11.04702096 -10.30413210 -9.83459865 
2.84803587e-04 -11.95576386 -11.70914374 -11.04702096 -10.30413210 -9.83459865 
2.31012970e-04 -11.95576386 -11.70914374 -11.04702096 -10.30413210 -9.83459865 
1.87381742e-04 -11.95576386 -11.70914374 -11.04702096 -10.30413210 -9.83459865 
1.51991108e-04 -11.95576386 -11.70914374 -11.04702096 -10.30413210 -9.83459865 
1.23284674e-04 -11.95576386 -11.70914374 -11.04702096 -10.30413210 -9.83459865 
1.00000000e-04 -11.95576386 -11.70914374 -11.04702096 -10.30413210 -9.83459865 
8.11130831e-05 -11.95576386 -11.70914374 -11.04702096 -10.30413210 -9.83459865 
6.57933225e-05 -11.95576386 -11.70914374 -11.04702096 -10.30413210 -9.83459865 
5.33669923e-05 -11.95576386 -11.70914374 -11.04702096 -10.30413210 -9.83459865 
4.32876128e-05 -11.95576386 -11.70914374 -11.04702096 -10.30413210 -9.83459865 
3.51119173e-05 -11.95576386 -11.70914374 -11.04702096 -10.30413210 -9.83459865 
2.84803587e-05 -11.95576386 -11.70914374 -11.04702096 -10.30413210 -9.83459865 
2.31012970e-05 -11.95576386 -11.70914374 -11.04702096 -10.30413210 -9.83459865 
1.87381742e-05 -11.95576386 -11.70914374 -11.04702096 -10.30413210 -9.83459865 
1.51991108e-05 -11.95576386 -11.70914374 -11.04702096 -10.30413210 -9.83459865 
1.23284674e-05 -11.95576386 -11.70914374 -11.04702096 -10.30413210 -9.83459865 
1.00000000e-05 -11.95576386 -11.70914374 -11.04702096 -10.30413210 -9.83459865 
8.11130831e-06 -11.95576386 -11.70914374 -11.04702096 -10.30413210 -9.83459865 
6.57933225e-06 -11.95576386 -11.70914374 -11.04702096 -10.30413210 -9.83459865 
5.33669923e-06 -11.95576386 -11.70914374 -11.04702096 -10.30413210 -9.83459865 
4.32876128e-06 -11.95576386 -11.70914374 -11.04702096 -10.30413210 -9.83459865 
3.51119173e-06 -11.95576386 -11.70914374 -11.04702096 -10.30413210 -9.83459865 
2.84803587e-06 -11.95576386 -11.70914374 -11.04702096 -10.30413210 -9.83459865 
2.31012970e-06 -11.95576386 -11.70914374 -11.04702096 -10.30413210 -9.83459865 
1.87381742e-06 -11.95576386 -11.70914374 -11.04702096 -10.30413210 -9.83459865 
1.51991108e-06 -11.95576386 -11.70914374 -11.04702096 -10.30413210 -9.83459865 
1.23284674e-06 -11.95576386 -11.70914374 -11.04702096 -10.30413210 -9.83459865 
1.00000000e-06 -11.95576386 -11.70914374 -11.04702096 -10.30413210 -9.83459865 
8.11130831e-07 -11.95576386 -11.70914374 -11.04702096 -10.30413210 -9.83459865 
6.57933225e-07 -11.95576386 -11.70914374 -11.04702096 -10.30413210 -9.83459865 
5.33669923e-07 -11.95576386 -11.70914374 -11.04702096 -10.30413210 -9.83459865 
4.32876128e-07 -11.95576386 -11.70914374 -11.04702096 -10.30413210 -9.83459865 
3.51119173e-07 -11.95576386 -11.70914374 -11.04702096 -10.30413210 -9.83459865 
2.84803587e-07 -11.95576386 -11.70914374 -11.04702096 -10.30413210 -9.83459865 
2.31012970e-07 -11.95576386 -11.70914374 -11.04702096 -10.30413210 -9.83459865 
1.87381742e-07 -11.95576386 -11.70914374 -11.04702096 -10.30413210 -9.83459865 
1.51991108e-07 -11.95576386 -11.70914374 -11.04702096 -10.30413210 -9.83459865 
1.23284674e-07 -11.95576386 -11.70914374 -11.04702096 -10.30413210 -9.83459865 
1.00000000e-07 -11.95576386 -11.70914374 -11.04702096 -10.30413210 -9.83459865 
P (bar) | log_H2O: -2σ | log_H2O: -1σ | log_H2O: median | log_H2O: +1σ | log_H2O: +2σ 
1.00000000e+02 -4.24617033 -4.09820497 -3.92231799 -3.73808278 -3.52563166 
8.11130831e+01 -4.24617033 -4.09820497 -3.92231799 -3.73808278 -3.52563166 
6.57933225e+01 -4.24617033 -4.09820497 -3.92231799 -3.73808278 -3.52563166 
5.33669923e+01 -4.24617033 -4.09820497 -3.92231799 -3.73808278 -3.52563166 
4.32876128e+01 -4.24617033 -4.09820497 -3.92231799 -3.73808278 -3.52563166 
3.51119173e+01 -4.24617033 -4.09820497 -3.92231799 -3.73808278 -3.52563166 
2.84803587e+01 -4.24617033 -4.09820497 -3.92231799 -3.73808278 -3.52563166 
2.31012970e+01 -4.24617033 -4.09820497 -3.92231799 -3.73808278 -3.52563166 
1.87381742e+01 -4.24617033 -4.09820497 -3.92231799 -3.73808278 -3.52563166 
1.51991108e+01 -4.24617033 -4.09820497 -3.92231799 -3.73808278 -3.52563166 
1.23284674e+01 -4.24617033 -4.09820497 -3.92231799 -3.73808278 -3.52563166 
1.00000000e+01 -4.24617033 -4.09820497 -3.92231799 -3.73808278 -3.52563166 
8.11130831e+00 -4.24617033 -4.09820497 -3.92231799 -3.73808278 -3.52563166 
6.57933225e+00 -4.24617033 -4.09820497 -3.92231799 -3.73808278 -3.52563166 
5.33669923e+00 -4.24617033 -4.09820497 -3.92231799 -3.73808278 -3.52563166 
4.32876128e+00 -4.24617033 -4.09820497 -3.92231799 -3.73808278 -3.52563166 
3.51119173e+00 -4.24617033 -4.09820497 -3.92231799 -3.73808278 -3.52563166 
2.84803587e+00 -4.24617033 -4.09820497 -3.92231799 -3.73808278 -3.52563166 
2.31012970e+00 -4.24617033 -4.09820497 -3.92231799 -3.73808278 -3.52563166 
1.87381742e+00 -4.24617033 -4.09820497 -3.92231799 -3.73808278 -3.52563166 
1.51991108e+00 -4.24617033 -4.09820497 -3.92231799 -3.73808278 -3.52563166 
1.23284674e+00 -4.24617033 -4.09820497 -3.92231799 -3.73808278 -3.52563166 
1.00000000e+00 -4.24617033 -4.09820497 -3.92231799 -3.73808278 -3.52563166 
8.11130831e-01 -4.24617033 -4.09820497 -3.92231799 -3.73808278 -3.52563166 
6.57933225e-01 -4.24617033 -4.09820497 -3.92231799 -3.73808278 -3.52563166 
5.33669923e-01 -4.24617033 -4.09820497 -3.92231799 -3.73808278 -3.52563166 
4.32876128e-01 -4.24617033 -4.09820497 -3.92231799 -3.73808278 -3.52563166 
3.51119173e-01 -4.24617033 -4.09820497 -3.92231799 -3.73808278 -3.52563166 
2.84803587e-01 -4.24617033 -4.09820497 -3.92231799 -3.73808278 -3.52563166 
2.31012970e-01 -4.24617033 -4.09820497 -3.92231799 -3.73808278 -3.52563166 
1.87381742e-01 -4.24617033 -4.09820497 -3.92231799 -3.73808278 -3.52563166 
1.51991108e-01 -4.24617033 -4.09820497 -3.92231799 -3.73808278 -3.52563166 
1.23284674e-01 -4.24617033 -4.09820497 -3.92231799 -3.73808278 -3.52563166 
1.00000000e-01 -4.24617033 -4.09820497 -3.92231799 -3.73808278 -3.52563166 
8.11130831e-02 -4.24617033 -4.09820497 -3.92231799 -3.73808278 -3.52563166 
6.57933225e-02 -4.24617033 -4.09820497 -3.92231799 -3.73808278 -3.52563166 
5.33669923e-02 -4.24617033 -4.09820497 -3.92231799 -3.73808278 -3.52563166 
4.32876128e-02 -4.24617033 -4.09820497 -3.92231799 -3.73808278 -3.52563166 
3.51119173e-02 -4.24617033 -4.09820497 -3.92231799 -3.73808278 -3.52563166 
2.84803587e-02 -4.24617033 -4.09820497 -3.92231799 -3.73808278 -3.52563166 
2.31012970e-02 -4.24617033 -4.09820497 -3.92231799 -3.73808278 -3.52563166 
1.87381742e-02 -4.24617033 -4.09820497 -3.92231799 -3.73808278 -3.52563166 
1.51991108e-02 -4.24617033 -4.09820497 -3.92231799 -3.73808278 -3.52563166 
1.23284674e-02 -4.24617033 -4.09820497 -3.92231799 -3.73808278 -3.52563166 
1.00000000e-02 -4.24617033 -4.09820497 -3.92231799 -3.73808278 -3.52563166 
8.11130831e-03 -4.24617033 -4.09820497 -3.92231799 -3.73808278 -3.52563166 
6.57933225e-03 -4.24617033 -4.09820497 -3.92231799 -3.73808278 -3.52563166 
5.33669923e-03 -4.24617033 -4.09820497 -3.92231799 -3.73808278 -3.52563166 
4.32876128e-03 -4.24617033 -4.09820497 -3.92231799 -3.73808278 -3.52563166 
3.51119173e-03 -4.24617033 -4.09820497 -3.92231799 -3.73808278 -3.52563166 
2.84803587e-03 -4.24617033 -4.09820497 -3.92231799 -3.73808278 -3.52563166 
2.31012970e-03 -4.24617033 -4.09820497 -3.92231799 -3.73808278 -3.52563166 
1.87381742e-03 -4.24617033 -4.09820497 -3.92231799 -3.73808278 -3.52563166 
1.51991108e-03 -4.24617033 -4.09820497 -3.92231799 -3.73808278 -3.52563166 
1.23284674e-03 -4.24617033 -4.09820497 -3.92231799 -3.73808278 -3.52563166 
1.00000000e-03 -4.24617033 -4.09820497 -3.92231799 -3.73808278 -3.52563166 
8.11130831e-04 -4.24617033 -4.09820497 -3.92231799 -3.73808278 -3.52563166 
6.57933225e-04 -4.24617033 -4.09820497 -3.92231799 -3.73808278 -3.52563166 
5.33669923e-04 -4.24617033 -4.09820497 -3.92231799 -3.73808278 -3.52563166 
4.32876128e-04 -4.24617033 -4.09820497 -3.92231799 -3.73808278 -3.52563166 
3.51119173e-04 -4.24617033 -4.09820497 -3.92231799 -3.73808278 -3.52563166 
2.84803587e-04 -4.24617033 -4.09820497 -3.92231799 -3.73808278 -3.52563166 
2.31012970e-04 -4.24617033 -4.09820497 -3.92231799 -3.73808278 -3.52563166 
1.87381742e-04 -4.24617033 -4.09820497 -3.92231799 -3.73808278 -3.52563166 
1.51991108e-04 -4.24617033 -4.09820497 -3.92231799 -3.73808278 -3.52563166 
1.23284674e-04 -4.24617033 -4.09820497 -3.92231799 -3.73808278 -3.52563166 
1.00000000e-04 -4.24617033 -4.09820497 -3.92231799 -3.73808278 -3.52563166 
8.11130831e-05 -4.24617033 -4.09820497 -3.92231799 -3.73808278 -3.52563166 
6.57933225e-05 -4.24617033 -4.09820497 -3.92231799 -3.73808278 -3.52563166 
5.33669923e-05 -4.24617033 -4.09820497 -3.92231799 -3.73808278 -3.52563166 
4.32876128e-05 -4.24617033 -4.09820497 -3.92231799 -3.73808278 -3.52563166 
3.51119173e-05 -4.24617033 -4.09820497 -3.92231799 -3.73808278 -3.52563166 
2.84803587e-05 -4.24617033 -4.09820497 -3.92231799 -3.73808278 -3.52563166 
2.31012970e-05 -4.24617033 -4.09820497 -3.92231799 -3.73808278 -3.52563166 
1.87381742e-05 -4.24617033 -4.09820497 -3.92231799 -3.73808278 -3.52563166 
1.51991108e-05 -4.24617033 -4.09820497 -3.92231799 -3.73808278 -3.52563166 
1.23284674e-05 -4.24617033 -4.09820497 -3.92231799 -3.73808278 -3.52563166 
1.00000000e-05 -4.24617033 -4.09820497 -3.92231799 -3.73808278 -3.52563166 
8.11130831e-06 -4.24617033 -4.09820497 -3.92231799 -3.73808278 -3.52563166 
6.57933225e-06 -4.24617033 -4.09820497 -3.92231799 -3.73808278 -3.52563166 
5.33669923e-06 -4.24617033 -4.09820497 -3.92231799 -3.73808278 -3.52563166 
4.32876128e-06 -4.24617033 -4.09820497 -3.92231799 -3.73808278 -3.52563166 
3.51119173e-06 -4.24617033 -4.09820497 -3.92231799 -3.73808278 -3.52563166 
2.84803587e-06 -4.24617033 -4.09820497 -3.92231799 -3.73808278 -3.52563166 
2.31012970e-06 -4.24617033 -4.09820497 -3.92231799 -3.73808278 -3.52563166 
1.87381742e-06 -4.24617033 -4.09820497 -3.92231799 -3.73808278 -3.52563166 
1.51991108e-06 -4.24617033 -4.09820497 -3.92231799 -3.73808278 -3.52563166 
1.23284674e-06 -4.24617033 -4.09820497 -3.92231799 -3.73808278 -3.52563166 
1.00000000e-06 -4.24617033 -4.09820497 -3.92231799 -3.73808278 -3.52563166 
8.11130831e-07 -4.24617033 -4.09820497 -3.92231799 -3.73808278 -3.52563166 
6.57933225e-07 -4.24617033 -4.09820497 -3.92231799 -3.73808278 -3.52563166 
5.33669923e-07 -4.24617033 -4.09820497 -3.92231799 -3.73808278 -3.52563166 
4.32876128e-07 -4.24617033 -4.09820497 -3.92231799 -3.73808278 -3.52563166 
3.51119173e-07 -4.24617033 -4.09820497 -3.92231799 -3.73808278 -3.52563166 
2.84803587e-07 -4.24617033 -4.09820497 -3.92231799 -3.73808278 -3.52563166 
2.31012970e-07 -4.24617033 -4.09820497 -3.92231799 -3.73808278 -3.52563166 
1.87381742e-07 -4.24617033 -4.09820497 -3.92231799 -3.73808278 -3.52563166 
1.51991108e-07 -4.24617033 -4.09820497 -3.92231799 -3.73808278 -3.52563166 
1.23284674e-07 -4.24617033 -4.09820497 -3.92231799 -3.73808278 -3.52563166 
1.00000000e-07 -4.24617033 -4.09820497 -3.92231799 -3.73808278 -3.52563166 
