Chemical species: H2 He H2O
P (bar) | log_H2: -2σ | log_H2: -1σ | log_H2: median | log_H2: +1σ | log_H2: +2σ 
1.00000000e+02 -0.06820680 -0.06820192 -0.06819752 -0.06819469 -0.06819280 
8.11130831e+01 -0.06820680 -0.06820192 -0.06819752 -0.06819469 -0.06819280 
6.57933225e+01 -0.06820680 -0.06820192 -0.06819752 -0.06819469 -0.06819280 
5.33669923e+01 -0.06820680 -0.06820192 -0.06819752 -0.06819469 -0.06819280 
4.32876128e+01 -0.06820680 -0.06820192 -0.06819752 -0.06819469 -0.06819280 
3.51119173e+01 -0.06820680 -0.06820192 -0.06819752 -0.06819469 -0.06819280 
2.84803587e+01 -0.06820680 -0.06820192 -0.06819752 -0.06819469 -0.06819280 
2.31012970e+01 -0.06820680 -0.06820192 -0.06819752 -0.06819469 -0.06819280 
1.87381742e+01 -0.06820680 -0.06820192 -0.06819752 -0.06819469 -0.06819280 
1.51991108e+01 -0.06820680 -0.06820192 -0.06819752 -0.06819469 -0.06819280 
1.23284674e+01 -0.06820680 -0.06820192 -0.06819752 -0.06819469 -0.06819280 
1.00000000e+01 -0.06820680 -0.06820192 -0.06819752 -0.06819469 -0.06819280 
8.11130831e+00 -0.06820680 -0.06820192 -0.06819752 -0.06819469 -0.06819280 
6.57933225e+00 -0.06820680 -0.06820192 -0.06819752 -0.06819469 -0.06819280 
5.33669923e+00 -0.06820680 -0.06820192 -0.06819752 -0.06819469 -0.06819280 
4.32876128e+00 -0.06820680 -0.06820192 -0.06819752 -0.06819469 -0.06819280 
3.51119173e+00 -0.06820680 -0.06820192 -0.06819752 -0.06819469 -0.06819280 
2.84803587e+00 -0.06820680 -0.06820192 -0.06819752 -0.06819469 -0.06819280 
2.31012970e+00 -0.06820680 -0.06820192 -0.06819752 -0.06819469 -0.06819280 
1.87381742e+00 -0.06820680 -0.06820192 -0.06819752 -0.06819469 -0.06819280 
1.51991108e+00 -0.06820680 -0.06820192 -0.06819752 -0.06819469 -0.06819280 
1.23284674e+00 -0.06820680 -0.06820192 -0.06819752 -0.06819469 -0.06819280 
1.00000000e+00 -0.06820680 -0.06820192 -0.06819752 -0.06819469 -0.06819280 
8.11130831e-01 -0.06820680 -0.06820192 -0.06819752 -0.06819469 -0.06819280 
6.57933225e-01 -0.06820680 -0.06820192 -0.06819752 -0.06819469 -0.06819280 
5.33669923e-01 -0.06820680 -0.06820192 -0.06819752 -0.06819469 -0.06819280 
4.32876128e-01 -0.06820680 -0.06820192 -0.06819752 -0.06819469 -0.06819280 
3.51119173e-01 -0.06820680 -0.06820192 -0.06819752 -0.06819469 -0.06819280 
2.84803587e-01 -0.06820680 -0.06820192 -0.06819752 -0.06819469 -0.06819280 
2.31012970e-01 -0.06820680 -0.06820192 -0.06819752 -0.06819469 -0.06819280 
1.87381742e-01 -0.06820680 -0.06820192 -0.06819752 -0.06819469 -0.06819280 
1.51991108e-01 -0.06820680 -0.06820192 -0.06819752 -0.06819469 -0.06819280 
1.23284674e-01 -0.06820680 -0.06820192 -0.06819752 -0.06819469 -0.06819280 
1.00000000e-01 -0.06820680 -0.06820192 -0.06819752 -0.06819469 -0.06819280 
8.11130831e-02 -0.06820680 -0.06820192 -0.06819752 -0.06819469 -0.06819280 
6.57933225e-02 -0.06820680 -0.06820192 -0.06819752 -0.06819469 -0.06819280 
5.33669923e-02 -0.06820680 -0.06820192 -0.06819752 -0.06819469 -0.06819280 
4.32876128e-02 -0.06820680 -0.06820192 -0.06819752 -0.06819469 -0.06819280 
3.51119173e-02 -0.06820680 -0.06820192 -0.06819752 -0.06819469 -0.06819280 
2.84803587e-02 -0.06820680 -0.06820192 -0.06819752 -0.06819469 -0.06819280 
2.31012970e-02 -0.06820680 -0.06820192 -0.06819752 -0.06819469 -0.06819280 
1.87381742e-02 -0.06820680 -0.06820192 -0.06819752 -0.06819469 -0.06819280 
1.51991108e-02 -0.06820680 -0.06820192 -0.06819752 -0.06819469 -0.06819280 
1.23284674e-02 -0.06820680 -0.06820192 -0.06819752 -0.06819469 -0.06819280 
1.00000000e-02 -0.06820680 -0.06820192 -0.06819752 -0.06819469 -0.06819280 
8.11130831e-03 -0.06820680 -0.06820192 -0.06819752 -0.06819469 -0.06819280 
6.57933225e-03 -0.06820680 -0.06820192 -0.06819752 -0.06819469 -0.06819280 
5.33669923e-03 -0.06820680 -0.06820192 -0.06819752 -0.06819469 -0.06819280 
4.32876128e-03 -0.06820680 -0.06820192 -0.06819752 -0.06819469 -0.06819280 
3.51119173e-03 -0.06820680 -0.06820192 -0.06819752 -0.06819469 -0.06819280 
2.84803587e-03 -0.06820680 -0.06820192 -0.06819752 -0.06819469 -0.06819280 
2.31012970e-03 -0.06820680 -0.06820192 -0.06819752 -0.06819469 -0.06819280 
1.87381742e-03 -0.06820680 -0.06820192 -0.06819752 -0.06819469 -0.06819280 
1.51991108e-03 -0.06820680 -0.06820192 -0.06819752 -0.06819469 -0.06819280 
1.23284674e-03 -0.06820680 -0.06820192 -0.06819752 -0.06819469 -0.06819280 
1.00000000e-03 -0.06820680 -0.06820192 -0.06819752 -0.06819469 -0.06819280 
8.11130831e-04 -0.06820680 -0.06820192 -0.06819752 -0.06819469 -0.06819280 
6.57933225e-04 -0.06820680 -0.06820192 -0.06819752 -0.06819469 -0.06819280 
5.33669923e-04 -0.06820680 -0.06820192 -0.06819752 -0.06819469 -0.06819280 
4.32876128e-04 -0.06820680 -0.06820192 -0.06819752 -0.06819469 -0.06819280 
3.51119173e-04 -0.06820680 -0.06820192 -0.06819752 -0.06819469 -0.06819280 
2.84803587e-04 -0.06820680 -0.06820192 -0.06819752 -0.06819469 -0.06819280 
2.31012970e-04 -0.06820680 -0.06820192 -0.06819752 -0.06819469 -0.06819280 
1.87381742e-04 -0.06820680 -0.06820192 -0.06819752 -0.06819469 -0.06819280 
1.51991108e-04 -0.06820680 -0.06820192 -0.06819752 -0.06819469 -0.06819280 
1.23284674e-04 -0.06820680 -0.06820192 -0.06819752 -0.06819469 -0.06819280 
1.00000000e-04 -0.06820680 -0.06820192 -0.06819752 -0.06819469 -0.06819280 
8.11130831e-05 -0.06820680 -0.06820192 -0.06819752 -0.06819469 -0.06819280 
6.57933225e-05 -0.06820680 -0.06820192 -0.06819752 -0.06819469 -0.06819280 
5.33669923e-05 -0.06820680 -0.06820192 -0.06819752 -0.06819469 -0.06819280 
4.32876128e-05 -0.06820680 -0.06820192 -0.06819752 -0.06819469 -0.06819280 
3.51119173e-05 -0.06820680 -0.06820192 -0.06819752 -0.06819469 -0.06819280 
2.84803587e-05 -0.06820680 -0.06820192 -0.06819752 -0.06819469 -0.06819280 
2.31012970e-05 -0.06820680 -0.06820192 -0.06819752 -0.06819469 -0.06819280 
1.87381742e-05 -0.06820680 -0.06820192 -0.06819752 -0.06819469 -0.06819280 
1.51991108e-05 -0.06820680 -0.06820192 -0.06819752 -0.06819469 -0.06819280 
1.23284674e-05 -0.06820680 -0.06820192 -0.06819752 -0.06819469 -0.06819280 
1.00000000e-05 -0.06820680 -0.06820192 -0.06819752 -0.06819469 -0.06819280 
8.11130831e-06 -0.06820680 -0.06820192 -0.06819752 -0.06819469 -0.06819280 
6.57933225e-06 -0.06820680 -0.06820192 -0.06819752 -0.06819469 -0.06819280 
5.33669923e-06 -0.06820680 -0.06820192 -0.06819752 -0.06819469 -0.06819280 
4.32876128e-06 -0.06820680 -0.06820192 -0.06819752 -0.06819469 -0.06819280 
3.51119173e-06 -0.06820680 -0.06820192 -0.06819752 -0.06819469 -0.06819280 
2.84803587e-06 -0.06820680 -0.06820192 -0.06819752 -0.06819469 -0.06819280 
2.31012970e-06 -0.06820680 -0.06820192 -0.06819752 -0.06819469 -0.06819280 
1.87381742e-06 -0.06820680 -0.06820192 -0.06819752 -0.06819469 -0.06819280 
1.51991108e-06 -0.06820680 -0.06820192 -0.06819752 -0.06819469 -0.06819280 
1.23284674e-06 -0.06820680 -0.06820192 -0.06819752 -0.06819469 -0.06819280 
1.00000000e-06 -0.06820680 -0.06820192 -0.06819752 -0.06819469 -0.06819280 
8.11130831e-07 -0.06820680 -0.06820192 -0.06819752 -0.06819469 -0.06819280 
6.57933225e-07 -0.06820680 -0.06820192 -0.06819752 -0.06819469 -0.06819280 
5.33669923e-07 -0.06820680 -0.06820192 -0.06819752 -0.06819469 -0.06819280 
4.32876128e-07 -0.06820680 -0.06820192 -0.06819752 -0.06819469 -0.06819280 
3.51119173e-07 -0.06820680 -0.06820192 -0.06819752 -0.06819469 -0.06819280 
2.84803587e-07 -0.06820680 -0.06820192 -0.06819752 -0.06819469 -0.06819280 
2.31012970e-07 -0.06820680 -0.06820192 -0.06819752 -0.06819469 -0.06819280 
1.87381742e-07 -0.06820680 -0.06820192 -0.06819752 -0.06819469 -0.06819280 
1.51991108e-07 -0.06820680 -0.06820192 -0.06819752 -0.06819469 -0.06819280 
1.23284674e-07 -0.06820680 -0.06820192 -0.06819752 -0.06819469 -0.06819280 
1.00000000e-07 -0.06820680 -0.06820192 -0.06819752 -0.06819469 -0.06819280 
P (bar) | log_He: -2σ | log_He: -1σ | log_He: median | log_He: +1σ | log_He: +2σ 
1.00000000e+02 -0.83775788 -0.83775300 -0.83774860 -0.83774577 -0.83774387 
8.11130831e+01 -0.83775788 -0.83775300 -0.83774860 -0.83774577 -0.83774387 
6.57933225e+01 -0.83775788 -0.83775300 -0.83774860 -0.83774577 -0.83774387 
5.33669923e+01 -0.83775788 -0.83775300 -0.83774860 -0.83774577 -0.83774387 
4.32876128e+01 -0.83775788 -0.83775300 -0.83774860 -0.83774577 -0.83774387 
3.51119173e+01 -0.83775788 -0.83775300 -0.83774860 -0.83774577 -0.83774387 
2.84803587e+01 -0.83775788 -0.83775300 -0.83774860 -0.83774577 -0.83774387 
2.31012970e+01 -0.83775788 -0.83775300 -0.83774860 -0.83774577 -0.83774387 
1.87381742e+01 -0.83775788 -0.83775300 -0.83774860 -0.83774577 -0.83774387 
1.51991108e+01 -0.83775788 -0.83775300 -0.83774860 -0.83774577 -0.83774387 
1.23284674e+01 -0.83775788 -0.83775300 -0.83774860 -0.83774577 -0.83774387 
1.00000000e+01 -0.83775788 -0.83775300 -0.83774860 -0.83774577 -0.83774387 
8.11130831e+00 -0.83775788 -0.83775300 -0.83774860 -0.83774577 -0.83774387 
6.57933225e+00 -0.83775788 -0.83775300 -0.83774860 -0.83774577 -0.83774387 
5.33669923e+00 -0.83775788 -0.83775300 -0.83774860 -0.83774577 -0.83774387 
4.32876128e+00 -0.83775788 -0.83775300 -0.83774860 -0.83774577 -0.83774387 
3.51119173e+00 -0.83775788 -0.83775300 -0.83774860 -0.83774577 -0.83774387 
2.84803587e+00 -0.83775788 -0.83775300 -0.83774860 -0.83774577 -0.83774387 
2.31012970e+00 -0.83775788 -0.83775300 -0.83774860 -0.83774577 -0.83774387 
1.87381742e+00 -0.83775788 -0.83775300 -0.83774860 -0.83774577 -0.83774387 
1.51991108e+00 -0.83775788 -0.83775300 -0.83774860 -0.83774577 -0.83774387 
1.23284674e+00 -0.83775788 -0.83775300 -0.83774860 -0.83774577 -0.83774387 
1.00000000e+00 -0.83775788 -0.83775300 -0.83774860 -0.83774577 -0.83774387 
8.11130831e-01 -0.83775788 -0.83775300 -0.83774860 -0.83774577 -0.83774387 
6.57933225e-01 -0.83775788 -0.83775300 -0.83774860 -0.83774577 -0.83774387 
5.33669923e-01 -0.83775788 -0.83775300 -0.83774860 -0.83774577 -0.83774387 
4.32876128e-01 -0.83775788 -0.83775300 -0.83774860 -0.83774577 -0.83774387 
3.51119173e-01 -0.83775788 -0.83775300 -0.83774860 -0.83774577 -0.83774387 
2.84803587e-01 -0.83775788 -0.83775300 -0.83774860 -0.83774577 -0.83774387 
2.31012970e-01 -0.83775788 -0.83775300 -0.83774860 -0.83774577 -0.83774387 
1.87381742e-01 -0.83775788 -0.83775300 -0.83774860 -0.83774577 -0.83774387 
1.51991108e-01 -0.83775788 -0.83775300 -0.83774860 -0.83774577 -0.83774387 
1.23284674e-01 -0.83775788 -0.83775300 -0.83774860 -0.83774577 -0.83774387 
1.00000000e-01 -0.83775788 -0.83775300 -0.83774860 -0.83774577 -0.83774387 
8.11130831e-02 -0.83775788 -0.83775300 -0.83774860 -0.83774577 -0.83774387 
6.57933225e-02 -0.83775788 -0.83775300 -0.83774860 -0.83774577 -0.83774387 
5.33669923e-02 -0.83775788 -0.83775300 -0.83774860 -0.83774577 -0.83774387 
4.32876128e-02 -0.83775788 -0.83775300 -0.83774860 -0.83774577 -0.83774387 
3.51119173e-02 -0.83775788 -0.83775300 -0.83774860 -0.83774577 -0.83774387 
2.84803587e-02 -0.83775788 -0.83775300 -0.83774860 -0.83774577 -0.83774387 
2.31012970e-02 -0.83775788 -0.83775300 -0.83774860 -0.83774577 -0.83774387 
1.87381742e-02 -0.83775788 -0.83775300 -0.83774860 -0.83774577 -0.83774387 
1.51991108e-02 -0.83775788 -0.83775300 -0.83774860 -0.83774577 -0.83774387 
1.23284674e-02 -0.83775788 -0.83775300 -0.83774860 -0.83774577 -0.83774387 
1.00000000e-02 -0.83775788 -0.83775300 -0.83774860 -0.83774577 -0.83774387 
8.11130831e-03 -0.83775788 -0.83775300 -0.83774860 -0.83774577 -0.83774387 
6.57933225e-03 -0.83775788 -0.83775300 -0.83774860 -0.83774577 -0.83774387 
5.33669923e-03 -0.83775788 -0.83775300 -0.83774860 -0.83774577 -0.83774387 
4.32876128e-03 -0.83775788 -0.83775300 -0.83774860 -0.83774577 -0.83774387 
3.51119173e-03 -0.83775788 -0.83775300 -0.83774860 -0.83774577 -0.83774387 
2.84803587e-03 -0.83775788 -0.83775300 -0.83774860 -0.83774577 -0.83774387 
2.31012970e-03 -0.83775788 -0.83775300 -0.83774860 -0.83774577 -0.83774387 
1.87381742e-03 -0.83775788 -0.83775300 -0.83774860 -0.83774577 -0.83774387 
1.51991108e-03 -0.83775788 -0.83775300 -0.83774860 -0.83774577 -0.83774387 
1.23284674e-03 -0.83775788 -0.83775300 -0.83774860 -0.83774577 -0.83774387 
1.00000000e-03 -0.83775788 -0.83775300 -0.83774860 -0.83774577 -0.83774387 
8.11130831e-04 -0.83775788 -0.83775300 -0.83774860 -0.83774577 -0.83774387 
6.57933225e-04 -0.83775788 -0.83775300 -0.83774860 -0.83774577 -0.83774387 
5.33669923e-04 -0.83775788 -0.83775300 -0.83774860 -0.83774577 -0.83774387 
4.32876128e-04 -0.83775788 -0.83775300 -0.83774860 -0.83774577 -0.83774387 
3.51119173e-04 -0.83775788 -0.83775300 -0.83774860 -0.83774577 -0.83774387 
2.84803587e-04 -0.83775788 -0.83775300 -0.83774860 -0.83774577 -0.83774387 
2.31012970e-04 -0.83775788 -0.83775300 -0.83774860 -0.83774577 -0.83774387 
1.87381742e-04 -0.83775788 -0.83775300 -0.83774860 -0.83774577 -0.83774387 
1.51991108e-04 -0.83775788 -0.83775300 -0.83774860 -0.83774577 -0.83774387 
1.23284674e-04 -0.83775788 -0.83775300 -0.83774860 -0.83774577 -0.83774387 
1.00000000e-04 -0.83775788 -0.83775300 -0.83774860 -0.83774577 -0.83774387 
8.11130831e-05 -0.83775788 -0.83775300 -0.83774860 -0.83774577 -0.83774387 
6.57933225e-05 -0.83775788 -0.83775300 -0.83774860 -0.83774577 -0.83774387 
5.33669923e-05 -0.83775788 -0.83775300 -0.83774860 -0.83774577 -0.83774387 
4.32876128e-05 -0.83775788 -0.83775300 -0.83774860 -0.83774577 -0.83774387 
3.51119173e-05 -0.83775788 -0.83775300 -0.83774860 -0.83774577 -0.83774387 
2.84803587e-05 -0.83775788 -0.83775300 -0.83774860 -0.83774577 -0.83774387 
2.31012970e-05 -0.83775788 -0.83775300 -0.83774860 -0.83774577 -0.83774387 
1.87381742e-05 -0.83775788 -0.83775300 -0.83774860 -0.83774577 -0.83774387 
1.51991108e-05 -0.83775788 -0.83775300 -0.83774860 -0.83774577 -0.83774387 
1.23284674e-05 -0.83775788 -0.83775300 -0.83774860 -0.83774577 -0.83774387 
1.00000000e-05 -0.83775788 -0.83775300 -0.83774860 -0.83774577 -0.83774387 
8.11130831e-06 -0.83775788 -0.83775300 -0.83774860 -0.83774577 -0.83774387 
6.57933225e-06 -0.83775788 -0.83775300 -0.83774860 -0.83774577 -0.83774387 
5.33669923e-06 -0.83775788 -0.83775300 -0.83774860 -0.83774577 -0.83774387 
4.32876128e-06 -0.83775788 -0.83775300 -0.83774860 -0.83774577 -0.83774387 
3.51119173e-06 -0.83775788 -0.83775300 -0.83774860 -0.83774577 -0.83774387 
2.84803587e-06 -0.83775788 -0.83775300 -0.83774860 -0.83774577 -0.83774387 
2.31012970e-06 -0.83775788 -0.83775300 -0.83774860 -0.83774577 -0.83774387 
1.87381742e-06 -0.83775788 -0.83775300 -0.83774860 -0.83774577 -0.83774387 
1.51991108e-06 -0.83775788 -0.83775300 -0.83774860 -0.83774577 -0.83774387 
1.23284674e-06 -0.83775788 -0.83775300 -0.83774860 -0.83774577 -0.83774387 
1.00000000e-06 -0.83775788 -0.83775300 -0.83774860 -0.83774577 -0.83774387 
8.11130831e-07 -0.83775788 -0.83775300 -0.83774860 -0.83774577 -0.83774387 
6.57933225e-07 -0.83775788 -0.83775300 -0.83774860 -0.83774577 -0.83774387 
5.33669923e-07 -0.83775788 -0.83775300 -0.83774860 -0.83774577 -0.83774387 
4.32876128e-07 -0.83775788 -0.83775300 -0.83774860 -0.83774577 -0.83774387 
3.51119173e-07 -0.83775788 -0.83775300 -0.83774860 -0.83774577 -0.83774387 
2.84803587e-07 -0.83775788 -0.83775300 -0.83774860 -0.83774577 -0.83774387 
2.31012970e-07 -0.83775788 -0.83775300 -0.83774860 -0.83774577 -0.83774387 
1.87381742e-07 -0.83775788 -0.83775300 -0.83774860 -0.83774577 -0.83774387 
1.51991108e-07 -0.83775788 -0.83775300 -0.83774860 -0.83774577 -0.83774387 
1.23284674e-07 -0.83775788 -0.83775300 -0.83774860 -0.83774577 -0.83774387 
1.00000000e-07 -0.83775788 -0.83775300 -0.83774860 -0.83774577 -0.83774387 
P (bar) | log_H2O: -2σ | log_H2O: -1σ | log_H2O: median | log_H2O: +1σ | log_H2O: +2σ 
1.00000000e+02 -4.79941498 -4.69227882 -4.57129572 -4.43330949 -4.31759243 
8.11130831e+01 -4.79941498 -4.69227882 -4.57129572 -4.43330949 -4.31759243 
6.57933225e+01 -4.79941498 -4.69227882 -4.57129572 -4.43330949 -4.31759243 
5.33669923e+01 -4.79941498 -4.69227882 -4.57129572 -4.43330949 -4.31759243 
4.32876128e+01 -4.79941498 -4.69227882 -4.57129572 -4.43330949 -4.31759243 
3.51119173e+01 -4.79941498 -4.69227882 -4.57129572 -4.43330949 -4.31759243 
2.84803587e+01 -4.79941498 -4.69227882 -4.57129572 -4.43330949 -4.31759243 
2.31012970e+01 -4.79941498 -4.69227882 -4.57129572 -4.43330949 -4.31759243 
1.87381742e+01 -4.79941498 -4.69227882 -4.57129572 -4.43330949 -4.31759243 
1.51991108e+01 -4.79941498 -4.69227882 -4.57129572 -4.43330949 -4.31759243 
1.23284674e+01 -4.79941498 -4.69227882 -4.57129572 -4.43330949 -4.31759243 
1.00000000e+01 -4.79941498 -4.69227882 -4.57129572 -4.43330949 -4.31759243 
8.11130831e+00 -4.79941498 -4.69227882 -4.57129572 -4.43330949 -4.31759243 
6.57933225e+00 -4.79941498 -4.69227882 -4.57129572 -4.43330949 -4.31759243 
5.33669923e+00 -4.79941498 -4.69227882 -4.57129572 -4.43330949 -4.31759243 
4.32876128e+00 -4.79941498 -4.69227882 -4.57129572 -4.43330949 -4.31759243 
3.51119173e+00 -4.79941498 -4.69227882 -4.57129572 -4.43330949 -4.31759243 
2.84803587e+00 -4.79941498 -4.69227882 -4.57129572 -4.43330949 -4.31759243 
2.31012970e+00 -4.79941498 -4.69227882 -4.57129572 -4.43330949 -4.31759243 
1.87381742e+00 -4.79941498 -4.69227882 -4.57129572 -4.43330949 -4.31759243 
1.51991108e+00 -4.79941498 -4.69227882 -4.57129572 -4.43330949 -4.31759243 
1.23284674e+00 -4.79941498 -4.69227882 -4.57129572 -4.43330949 -4.31759243 
1.00000000e+00 -4.79941498 -4.69227882 -4.57129572 -4.43330949 -4.31759243 
8.11130831e-01 -4.79941498 -4.69227882 -4.57129572 -4.43330949 -4.31759243 
6.57933225e-01 -4.79941498 -4.69227882 -4.57129572 -4.43330949 -4.31759243 
5.33669923e-01 -4.79941498 -4.69227882 -4.57129572 -4.43330949 -4.31759243 
4.32876128e-01 -4.79941498 -4.69227882 -4.57129572 -4.43330949 -4.31759243 
3.51119173e-01 -4.79941498 -4.69227882 -4.57129572 -4.43330949 -4.31759243 
2.84803587e-01 -4.79941498 -4.69227882 -4.57129572 -4.43330949 -4.31759243 
2.31012970e-01 -4.79941498 -4.69227882 -4.57129572 -4.43330949 -4.31759243 
1.87381742e-01 -4.79941498 -4.69227882 -4.57129572 -4.43330949 -4.31759243 
1.51991108e-01 -4.79941498 -4.69227882 -4.57129572 -4.43330949 -4.31759243 
1.23284674e-01 -4.79941498 -4.69227882 -4.57129572 -4.43330949 -4.31759243 
1.00000000e-01 -4.79941498 -4.69227882 -4.57129572 -4.43330949 -4.31759243 
8.11130831e-02 -4.79941498 -4.69227882 -4.57129572 -4.43330949 -4.31759243 
6.57933225e-02 -4.79941498 -4.69227882 -4.57129572 -4.43330949 -4.31759243 
5.33669923e-02 -4.79941498 -4.69227882 -4.57129572 -4.43330949 -4.31759243 
4.32876128e-02 -4.79941498 -4.69227882 -4.57129572 -4.43330949 -4.31759243 
3.51119173e-02 -4.79941498 -4.69227882 -4.57129572 -4.43330949 -4.31759243 
2.84803587e-02 -4.79941498 -4.69227882 -4.57129572 -4.43330949 -4.31759243 
2.31012970e-02 -4.79941498 -4.69227882 -4.57129572 -4.43330949 -4.31759243 
1.87381742e-02 -4.79941498 -4.69227882 -4.57129572 -4.43330949 -4.31759243 
1.51991108e-02 -4.79941498 -4.69227882 -4.57129572 -4.43330949 -4.31759243 
1.23284674e-02 -4.79941498 -4.69227882 -4.57129572 -4.43330949 -4.31759243 
1.00000000e-02 -4.79941498 -4.69227882 -4.57129572 -4.43330949 -4.31759243 
8.11130831e-03 -4.79941498 -4.69227882 -4.57129572 -4.43330949 -4.31759243 
6.57933225e-03 -4.79941498 -4.69227882 -4.57129572 -4.43330949 -4.31759243 
5.33669923e-03 -4.79941498 -4.69227882 -4.57129572 -4.43330949 -4.31759243 
4.32876128e-03 -4.79941498 -4.69227882 -4.57129572 -4.43330949 -4.31759243 
3.51119173e-03 -4.79941498 -4.69227882 -4.57129572 -4.43330949 -4.31759243 
2.84803587e-03 -4.79941498 -4.69227882 -4.57129572 -4.43330949 -4.31759243 
2.31012970e-03 -4.79941498 -4.69227882 -4.57129572 -4.43330949 -4.31759243 
1.87381742e-03 -4.79941498 -4.69227882 -4.57129572 -4.43330949 -4.31759243 
1.51991108e-03 -4.79941498 -4.69227882 -4.57129572 -4.43330949 -4.31759243 
1.23284674e-03 -4.79941498 -4.69227882 -4.57129572 -4.43330949 -4.31759243 
1.00000000e-03 -4.79941498 -4.69227882 -4.57129572 -4.43330949 -4.31759243 
8.11130831e-04 -4.79941498 -4.69227882 -4.57129572 -4.43330949 -4.31759243 
6.57933225e-04 -4.79941498 -4.69227882 -4.57129572 -4.43330949 -4.31759243 
5.33669923e-04 -4.79941498 -4.69227882 -4.57129572 -4.43330949 -4.31759243 
4.32876128e-04 -4.79941498 -4.69227882 -4.57129572 -4.43330949 -4.31759243 
3.51119173e-04 -4.79941498 -4.69227882 -4.57129572 -4.43330949 -4.31759243 
2.84803587e-04 -4.79941498 -4.69227882 -4.57129572 -4.43330949 -4.31759243 
2.31012970e-04 -4.79941498 -4.69227882 -4.57129572 -4.43330949 -4.31759243 
1.87381742e-04 -4.79941498 -4.69227882 -4.57129572 -4.43330949 -4.31759243 
1.51991108e-04 -4.79941498 -4.69227882 -4.57129572 -4.43330949 -4.31759243 
1.23284674e-04 -4.79941498 -4.69227882 -4.57129572 -4.43330949 -4.31759243 
1.00000000e-04 -4.79941498 -4.69227882 -4.57129572 -4.43330949 -4.31759243 
8.11130831e-05 -4.79941498 -4.69227882 -4.57129572 -4.43330949 -4.31759243 
6.57933225e-05 -4.79941498 -4.69227882 -4.57129572 -4.43330949 -4.31759243 
5.33669923e-05 -4.79941498 -4.69227882 -4.57129572 -4.43330949 -4.31759243 
4.32876128e-05 -4.79941498 -4.69227882 -4.57129572 -4.43330949 -4.31759243 
3.51119173e-05 -4.79941498 -4.69227882 -4.57129572 -4.43330949 -4.31759243 
2.84803587e-05 -4.79941498 -4.69227882 -4.57129572 -4.43330949 -4.31759243 
2.31012970e-05 -4.79941498 -4.69227882 -4.57129572 -4.43330949 -4.31759243 
1.87381742e-05 -4.79941498 -4.69227882 -4.57129572 -4.43330949 -4.31759243 
1.51991108e-05 -4.79941498 -4.69227882 -4.57129572 -4.43330949 -4.31759243 
1.23284674e-05 -4.79941498 -4.69227882 -4.57129572 -4.43330949 -4.31759243 
1.00000000e-05 -4.79941498 -4.69227882 -4.57129572 -4.43330949 -4.31759243 
8.11130831e-06 -4.79941498 -4.69227882 -4.57129572 -4.43330949 -4.31759243 
6.57933225e-06 -4.79941498 -4.69227882 -4.57129572 -4.43330949 -4.31759243 
5.33669923e-06 -4.79941498 -4.69227882 -4.57129572 -4.43330949 -4.31759243 
4.32876128e-06 -4.79941498 -4.69227882 -4.57129572 -4.43330949 -4.31759243 
3.51119173e-06 -4.79941498 -4.69227882 -4.57129572 -4.43330949 -4.31759243 
2.84803587e-06 -4.79941498 -4.69227882 -4.57129572 -4.43330949 -4.31759243 
2.31012970e-06 -4.79941498 -4.69227882 -4.57129572 -4.43330949 -4.31759243 
1.87381742e-06 -4.79941498 -4.69227882 -4.57129572 -4.43330949 -4.31759243 
1.51991108e-06 -4.79941498 -4.69227882 -4.57129572 -4.43330949 -4.31759243 
1.23284674e-06 -4.79941498 -4.69227882 -4.57129572 -4.43330949 -4.31759243 
1.00000000e-06 -4.79941498 -4.69227882 -4.57129572 -4.43330949 -4.31759243 
8.11130831e-07 -4.79941498 -4.69227882 -4.57129572 -4.43330949 -4.31759243 
6.57933225e-07 -4.79941498 -4.69227882 -4.57129572 -4.43330949 -4.31759243 
5.33669923e-07 -4.79941498 -4.69227882 -4.57129572 -4.43330949 -4.31759243 
4.32876128e-07 -4.79941498 -4.69227882 -4.57129572 -4.43330949 -4.31759243 
3.51119173e-07 -4.79941498 -4.69227882 -4.57129572 -4.43330949 -4.31759243 
2.84803587e-07 -4.79941498 -4.69227882 -4.57129572 -4.43330949 -4.31759243 
2.31012970e-07 -4.79941498 -4.69227882 -4.57129572 -4.43330949 -4.31759243 
1.87381742e-07 -4.79941498 -4.69227882 -4.57129572 -4.43330949 -4.31759243 
1.51991108e-07 -4.79941498 -4.69227882 -4.57129572 -4.43330949 -4.31759243 
1.23284674e-07 -4.79941498 -4.69227882 -4.57129572 -4.43330949 -4.31759243 
1.00000000e-07 -4.79941498 -4.69227882 -4.57129572 -4.43330949 -4.31759243 
