R_p_ref | T | log_Na | log_K | log_H2O | delta_rel
1.301457593254538470e+00 1.367732509694826149e+03 -5.337490510207992145e+00 -7.454175747441219357e+00 -3.298650280282492631e+00 3.661114464057341138e+02
1.308572297159483755e+00 1.185146400683341426e+03 -5.191650824819121546e+00 -7.417391103099790328e+00 -3.181573317212780694e+00 3.993010230444765511e+02
1.295728818541228566e+00 1.405732403278648690e+03 -4.407167231193113821e+00 -6.084662643471569154e+00 -3.609387368063579515e+00 5.747277923754622861e+02
1.298932401903304612e+00 1.554179209714759054e+03 -5.544172200531345851e+00 -6.964453027895010528e+00 -3.768118346103857874e+00 3.656473356881283507e+02
1.305529991675056234e+00 1.396856225616855227e+03 -6.196790395984999478e+00 -7.692389785106032996e+00 -4.225042966770136132e+00 5.630882159333882555e+02
1.304972893688161051e+00 1.453338823205865083e+03 -5.852507245669790414e+00 -7.933419965249271399e+00 -3.725723974622276558e+00 3.767136600502658439e+02
1.305981458632713421e+00 1.350178151315893501e+03 -5.139083272559015647e+00 -7.790343155584137591e+00 -3.516032895966104022e+00 3.820801762010953553e+02
1.300307062854272999e+00 1.386686220992894050e+03 -5.197797345602579000e+00 -7.175808738760047767e+00 -3.403774727849587123e+00 4.265809876055927816e+02
1.311134333551988718e+00 1.246617996749054782e+03 -5.398052643211267210e+00 -8.131588145891534225e+00 -3.764940574731900469e+00 4.386616911803619132e+02
1.306970359119848712e+00 1.229870133882824121e+03 -5.469271124221958935e+00 -7.243851831637909910e+00 -3.700873899597471706e+00 5.539508871391496996e+02
1.303575248539837528e+00 1.456735218795386118e+03 -5.825096751698769282e+00 -7.309000617941730837e+00 -4.211603728674165659e+00 5.741483602306864213e+02
1.306376170893603028e+00 1.492764912681130909e+03 -6.745897267714020096e+00 -7.881514434991741425e+00 -4.110000267032398291e+00 4.208352452522346994e+02
1.300273564915043867e+00 1.479526180146253864e+03 -5.003966466858308593e+00 -6.849337645320760615e+00 -3.974659393875500157e+00 4.928062642637976296e+02
1.300483115840922244e+00 1.297425881483532066e+03 -4.572178664027159556e+00 -6.735888831361412699e+00 -3.460624094453383037e+00 5.481912832326327134e+02
1.302839068772571274e+00 1.343956918946408905e+03 -5.318353949779814904e+00 -6.265477418222966222e+00 -3.747330378594144307e+00 5.471304464373145038e+02
1.303816187660364889e+00 1.454308853081255620e+03 -5.615200941462863859e+00 -6.748069490222214917e+00 -4.381529877884636548e+00 5.898500942979933370e+02
1.307358529819481863e+00 1.255829003534626963e+03 -5.097647910581745379e+00 -6.498802178065059998e+00 -3.658644689598830269e+00 5.017382489453700600e+02
1.302242411151313783e+00 1.397318969272864706e+03 -5.488359144299633563e+00 -7.579448143622517620e+00 -3.982963836763538268e+00 5.509277643198799979e+02
1.305681510920338351e+00 1.444131565164753738e+03 -6.234637600257858736e+00 -7.823410370061393948e+00 -4.003891854213768475e+00 4.105591891276669685e+02
1.302752949694621520e+00 1.236400487052224662e+03 -4.488510284189615618e+00 -6.122618434939242960e+00 -3.254106511160308912e+00 4.991979806378526519e+02
1.304178048469859741e+00 1.309934529148834827e+03 -4.819607062217986737e+00 -6.541901747715135329e+00 -3.459448497827365188e+00 4.585668374848221447e+02
1.301779588037406565e+00 1.313135854172586733e+03 -4.563359862258660193e+00 -6.597092384256020736e+00 -3.366370440604111280e+00 4.835346718136727304e+02
1.308540899391536838e+00 1.246257418377809017e+03 -5.503489611056833652e+00 -7.416090419264306455e+00 -3.434220389673122042e+00 4.280314936767713334e+02
1.306456285673393225e+00 1.391949666946964044e+03 -6.292800573347510529e+00 -7.845023678645157261e+00 -3.732122924141593856e+00 3.867659653954794976e+02
1.304370541723228749e+00 1.477059217492303333e+03 -5.910193606623263207e+00 -7.804199018402563581e+00 -3.827257263472750637e+00 3.449021929976347565e+02
1.300773515082234377e+00 1.291332557938799710e+03 -4.534005909601029671e+00 -6.504048360457762357e+00 -3.455969547156939825e+00 5.543692392239245237e+02
1.300657704726309039e+00 1.426907913940117396e+03 -4.871922732194606809e+00 -7.151608230790596821e+00 -3.947720350618347140e+00 5.359210910794824940e+02
1.306030626035823650e+00 1.435842731851510052e+03 -6.367926926905922436e+00 -7.647342455569085651e+00 -3.963644407215157983e+00 4.458192775846671339e+02
1.301172174577657437e+00 1.490813338175374611e+03 -5.425103001162617566e+00 -6.852955831630673345e+00 -4.029214378295915111e+00 5.324057725875002234e+02
1.305204712476675466e+00 1.293814568780024956e+03 -5.463436847005522345e+00 -7.280437187146007183e+00 -3.793501525108421646e+00 5.588818925610578390e+02
1.297657124478116319e+00 1.520495933835552250e+03 -5.100891454611881315e+00 -6.936566197435695358e+00 -4.167854062480164323e+00 5.966150441662384765e+02
1.306709401147448046e+00 1.410220909792570637e+03 -6.059597733070569703e+00 -7.461951169183940635e+00 -3.688886742526918283e+00 3.640748989595467719e+02
1.308042946691822639e+00 1.447795734708297914e+03 -6.007800028410195559e+00 -7.625436055811833924e+00 -3.923483606028764115e+00 3.516815865884905179e+02
1.309138785735790123e+00 1.339618518331194537e+03 -5.700879914380653446e+00 -7.564326692448394951e+00 -4.219856297183180338e+00 5.398870721062719440e+02
1.302126288966569234e+00 1.322232695240018984e+03 -4.982013873861097508e+00 -6.630384593897924894e+00 -3.787089523543688330e+00 6.004131905657147854e+02
1.303939324399233435e+00 1.399067304385052466e+03 -5.816839109385294471e+00 -6.575448194675653113e+00 -4.040566866771190035e+00 5.227823142861236647e+02
1.308599939564094150e+00 1.231796622862169897e+03 -5.338921513945517283e+00 -7.764837877353901519e+00 -3.776711709389456217e+00 5.307345457186597741e+02
1.303105278992372495e+00 1.522489541894417243e+03 -6.053143414592194738e+00 -7.445822456533472078e+00 -3.777319925029326342e+00 3.208234801199932917e+02
1.309107868683114351e+00 1.323925402622958245e+03 -6.101884006475426503e+00 -7.650758751806602476e+00 -3.907558793464886548e+00 4.776009764789218934e+02
1.310145518788618180e+00 1.280809194513526108e+03 -5.377769559325864535e+00 -7.587262350943374756e+00 -3.839754464277220336e+00 4.479711061287796383e+02
1.305376802176917650e+00 1.531951267376362011e+03 -6.144084904775479750e+00 -8.204479275150474038e+00 -4.250414941911740740e+00 4.250886507009684010e+02
1.301051153498099300e+00 1.533462512662697463e+03 -5.622332157010222708e+00 -7.250857280283620199e+00 -3.839647344762692427e+00 4.169369392657622484e+02
1.301341963355294729e+00 1.518896137721798596e+03 -5.644109022155538113e+00 -7.220497857618878079e+00 -3.766081815101241403e+00 3.519363029878725229e+02
1.300948730999683445e+00 1.364581490475281498e+03 -4.872300495717572844e+00 -6.587638763270471820e+00 -3.790411593116814970e+00 5.380321276384668181e+02
1.304551550058760112e+00 1.278298017370491834e+03 -5.342000886452821007e+00 -6.648173399824591101e+00 -3.796857682420908375e+00 5.800391239785972175e+02
1.310071573652358934e+00 1.352724761568742451e+03 -5.865652040030687964e+00 -7.498460955840908326e+00 -4.117525510763618612e+00 4.539997549205227187e+02
1.297974903832784799e+00 1.599813918533311607e+03 -5.421051023869406293e+00 -7.203772032346088317e+00 -3.993593186335083089e+00 4.502155621755061929e+02
1.304519443296783487e+00 1.324310260723639431e+03 -5.158864872054538253e+00 -7.235530819439815353e+00 -3.621035081827576718e+00 4.435671887303992662e+02
1.308806351650699362e+00 1.427350942302946123e+03 -6.344631223622013039e+00 -8.347532160155306968e+00 -4.281468102370110884e+00 4.644783788265795010e+02
1.303397026165673322e+00 1.447074839382807340e+03 -5.178860596193736399e+00 -7.106862531876172007e+00 -4.127293467980961417e+00 5.321003273331220953e+02
1.299446370071243084e+00 1.387056930940532538e+03 -4.985204542722852850e+00 -6.643165152262221262e+00 -3.495117041873321284e+00 4.855370242242890981e+02
1.305958678088132263e+00 1.289468135792749536e+03 -4.847383369181819113e+00 -6.882112583146719587e+00 -3.700291989693869965e+00 4.889329290645266610e+02
1.306720093091534363e+00 1.311035883194181906e+03 -5.402413196031436549e+00 -7.715397613767456697e+00 -3.529370999777215800e+00 3.883250547212294350e+02
1.309771012175267924e+00 1.223113961397134517e+03 -5.520787198996689682e+00 -7.677758104207673462e+00 -3.791481647339891126e+00 4.960872145912856013e+02
1.306517233865381655e+00 1.382221226465830114e+03 -5.415429772917893736e+00 -7.180043537094145556e+00 -3.697460866534463264e+00 3.809427215595230791e+02
1.305315645053945817e+00 1.249418453558175543e+03 -4.743815691477249352e+00 -6.466562100445863770e+00 -3.633938966281746730e+00 5.422278397888637755e+02
1.307911678233678598e+00 1.340264846003584807e+03 -5.420233669099634000e+00 -7.947268744353980452e+00 -4.065154814549806872e+00 4.975437032314903263e+02
1.306558507098589894e+00 1.313599285813598726e+03 -5.326967903978471419e+00 -7.195304821105090731e+00 -3.858139307009587071e+00 4.771439096864912699e+02
1.308300919051900157e+00 1.322541141656842228e+03 -5.463307080749769007e+00 -7.882226256844588441e+00 -3.624990725108339973e+00 3.799698930430618020e+02
1.302930428524688100e+00 1.487679700762329276e+03 -5.473954268874365425e+00 -7.609002253803897275e+00 -3.734254448244449520e+00 3.527451265847998911e+02
1.303974517958126356e+00 1.471139327595868281e+03 -5.545564728815594258e+00 -7.188186601899541728e+00 -4.092577095998690240e+00 4.546300218063709053e+02
1.310385882342265162e+00 1.297808465936624998e+03 -5.960291160612750438e+00 -8.026426914826364722e+00 -3.801622986609960009e+00 4.300784146408461766e+02
1.306992870760784964e+00 1.216223987191719061e+03 -5.161618922155757794e+00 -7.081767480126202940e+00 -3.591328320457558121e+00 5.112804778119482307e+02
1.309837017809353465e+00 1.329493412978867127e+03 -6.009491781564967106e+00 -7.387164004550351493e+00 -4.173450854852693404e+00 4.954110961714948189e+02
1.307235169148412313e+00 1.306761111796247405e+03 -5.591134339639964423e+00 -7.468311449608321162e+00 -4.024871598821301077e+00 5.207592100762999507e+02
1.299670483047690395e+00 1.451452990672286205e+03 -5.058760895583771955e+00 -7.090978683254156145e+00 -3.778255948164790823e+00 5.099850172625749565e+02
1.303480703288766751e+00 1.562841382140175483e+03 -6.083321313418888820e+00 -7.669049433926992343e+00 -3.953577420859673452e+00 3.497947750064633965e+02
1.302989130529787820e+00 1.443632244075671679e+03 -5.177975440111061367e+00 -6.890386623966584523e+00 -3.903526889041110337e+00 4.755423709311112361e+02
1.308147019576655357e+00 1.223755429962796370e+03 -5.400808364883935120e+00 -6.911862845559197055e+00 -3.449374597908835938e+00 4.566519179349372735e+02
1.298797655134401818e+00 1.563066825085076289e+03 -5.439427508661126787e+00 -6.709349606668393307e+00 -4.101368089187204191e+00 5.089751259409677004e+02
1.303432318505878929e+00 1.354032549593603107e+03 -4.844328495847977756e+00 -6.795190564682683565e+00 -3.734696136004616918e+00 4.863601317968934836e+02
1.306437744917775090e+00 1.277042954167127391e+03 -5.350013411892982518e+00 -7.042133751967973865e+00 -3.949634874495156822e+00 5.507276609084724441e+02
1.305051242088616448e+00 1.365838472810392886e+03 -5.780668299355405715e+00 -7.561223888274942517e+00 -3.901777006718285534e+00 4.786534424434305492e+02
1.301547548619798933e+00 1.584033503370277003e+03 -6.062478772765562240e+00 -7.333626344364844840e+00 -4.142952367903517619e+00 4.243216271362216503e+02
1.307867399157646382e+00 1.457964045978857257e+03 -6.294356634061480271e+00 -7.636734607929608565e+00 -4.302154172148304312e+00 4.543409065557173108e+02
1.304903422129203960e+00 1.345183148868239186e+03 -5.243485064991805444e+00 -6.582848543771736338e+00 -4.006753753049637545e+00 5.617875109578553747e+02
1.303085898026216105e+00 1.456070762363016229e+03 -6.061760431090148060e+00 -7.277235419842252639e+00 -3.790341428214006214e+00 4.157523693304208336e+02
1.309999317729486412e+00 1.355783959373971356e+03 -5.902567566078641192e+00 -7.845017891396729226e+00 -4.177586359899729374e+00 4.825910035115371102e+02
1.309229152358223125e+00 1.255036498109525382e+03 -5.647057658139649661e+00 -7.441723673729810251e+00 -3.736647296702317433e+00 4.874399527961381864e+02
1.306170154300756225e+00 1.268581332497841231e+03 -5.250158027363805324e+00 -6.505137215726249700e+00 -3.544171856519648500e+00 4.731984519248733250e+02
1.299976075636843920e+00 1.421347505887598345e+03 -4.972441312737662322e+00 -6.666960712105113984e+00 -3.579081966672474024e+00 4.661092664235948178e+02
1.305913007747255161e+00 1.270801745014346125e+03 -5.230749404833612282e+00 -7.532915409333199364e+00 -3.617976141170048621e+00 4.951068929152388591e+02
1.305016086268255382e+00 1.399008216525252465e+03 -5.823159248832221024e+00 -7.349963787136115201e+00 -3.584146168346503458e+00 3.468137512531670836e+02
1.308423005169463638e+00 1.346143891536078854e+03 -5.644777907834849451e+00 -7.556715334766815673e+00 -3.780766179546269257e+00 4.213655633703524472e+02
1.302467360683071673e+00 1.553833332879259842e+03 -6.048686234365264092e+00 -7.339862609159062856e+00 -4.029155632971256118e+00 4.271047993915631196e+02
1.298984748677879608e+00 1.449943977892331986e+03 -5.241369861352076498e+00 -6.521101147260690567e+00 -3.654937121793686572e+00 4.748786541129818488e+02
1.299089014072832171e+00 1.423730867157548118e+03 -4.915734128577281759e+00 -6.319798916335972017e+00 -3.730938284088249901e+00 5.140674409888554237e+02
1.303329758706658126e+00 1.443345346453334287e+03 -5.272898227646078517e+00 -7.528408336906004195e+00 -4.073628913202790969e+00 5.318646603508545923e+02
1.302207342145431657e+00 1.402265058709180948e+03 -5.266768300712319828e+00 -7.118022893294043918e+00 -3.956617116205839224e+00 5.697049285361895272e+02
1.305609926435999268e+00 1.244853084441938790e+03 -4.816203866289439084e+00 -6.897160486356628262e+00 -3.383562038818480389e+00 4.638945297286820733e+02
1.308417065472675223e+00 1.338211154450938466e+03 -5.556662541515103193e+00 -8.134993528514335992e+00 -3.981611659885157195e+00 4.689685939063226670e+02
1.309465990624434806e+00 1.400769592096607994e+03 -6.218766442915697468e+00 -8.287576963904127680e+00 -4.149158554918526143e+00 4.328175885618245502e+02
1.302831186588371937e+00 1.474906247868573701e+03 -5.613621499210236010e+00 -7.061133040774737246e+00 -4.022568469702162197e+00 5.063431243685347454e+02
1.305953644014215431e+00 1.322832537117214315e+03 -5.099604332044486377e+00 -7.473294409402396532e+00 -3.551099114056038175e+00 4.134008440033055649e+02
1.303020407563731942e+00 1.389027504733284786e+03 -5.332392850374089832e+00 -7.235778735642218962e+00 -3.470095811040419420e+00 3.672031912812753944e+02
1.305162270353297016e+00 1.410290470748380358e+03 -5.663429503516369756e+00 -7.814937746995914480e+00 -3.734083070941430549e+00 4.134869238057335679e+02
1.302809146963838316e+00 1.412610666821618679e+03 -4.990410669120448617e+00 -6.979118912858735868e+00 -3.838502858399431616e+00 4.828156209776516334e+02
1.304664898026455022e+00 1.515238685942334314e+03 -5.795839507409398017e+00 -7.528050278993752897e+00 -4.288928867113176224e+00 4.962354351171431972e+02
1.298955695401075250e+00 1.514423617176959851e+03 -5.429865197808005028e+00 -7.130444635981678658e+00 -4.100820180110438251e+00 5.493781501729858974e+02
1.304135920198785881e+00 1.366781283526924653e+03 -5.278793521286967660e+00 -6.493397574885102941e+00 -3.925221057450496431e+00 5.256218733717989835e+02
1.300495185475528448e+00 1.337580175721783235e+03 -4.686385444427831004e+00 -6.466574161022576206e+00 -3.600271313383004212e+00 5.445404415492769203e+02
1.304314139426913099e+00 1.312315258487059964e+03 -4.897400938523736258e+00 -6.781150142858975549e+00 -3.454019968170397803e+00 4.423405887329229245e+02
1.302447061329537359e+00 1.427824006373668908e+03 -5.494303803697148325e+00 -6.548574578295659698e+00 -3.918072212154347866e+00 4.864352466213404114e+02
1.308526313482952563e+00 1.303332559390504912e+03 -5.471925949839869574e+00 -8.025711215200528770e+00 -3.817589094681972384e+00 4.664119323796148819e+02
1.308105806623906409e+00 1.288410041758340867e+03 -5.654083208764726365e+00 -7.845417955470953331e+00 -3.613694088562514395e+00 4.280100625866466544e+02
1.305237317411341857e+00 1.341059121183763637e+03 -5.282327428695869465e+00 -6.636622280654806083e+00 -3.749424251451685564e+00 4.869671712756482975e+02
1.304846688674935917e+00 1.523295893166557562e+03 -6.027798507001470796e+00 -8.173089350964904298e+00 -4.107362908882011610e+00 4.116042109530551443e+02
1.304022348929542607e+00 1.455816431674468049e+03 -5.865078057451495575e+00 -7.283308887310951718e+00 -3.700991417627470526e+00 3.700655125650487207e+02
1.305147577470859632e+00 1.279385138034795091e+03 -5.075259636954601028e+00 -6.562919437116774724e+00 -3.551114706128331022e+00 4.969165489826093562e+02
1.300372305086950675e+00 1.577199726973964744e+03 -5.623289331830837234e+00 -7.266950521082352843e+00 -4.323563823867004885e+00 5.409185593116119435e+02
1.301383316403048607e+00 1.475658794591943433e+03 -5.347191025054635283e+00 -7.272301885975506863e+00 -4.074247625920413007e+00 5.060505059375602741e+02
1.308302590694354173e+00 1.417954338041660549e+03 -6.469302744159785235e+00 -7.681031608164578195e+00 -3.998165166902426293e+00 4.005627280003250235e+02
1.299079283652789130e+00 1.474715404427440944e+03 -5.117612703292174992e+00 -7.122439353495233050e+00 -3.932858927898587709e+00 5.344884944535851901e+02
1.306179829520969449e+00 1.519260721126215458e+03 -6.429771498948244179e+00 -7.796529875263512821e+00 -4.288902376932790972e+00 4.370437430313288587e+02
1.308748498868618437e+00 1.418061971241362244e+03 -6.167389424526810160e+00 -8.303954665841500216e+00 -4.098208567177657358e+00 4.259826661797346787e+02
1.306708278813731194e+00 1.389381289732770711e+03 -5.937268500841775598e+00 -7.972440453509431535e+00 -4.056634560234291698e+00 4.678575476732917195e+02
1.306314679965066894e+00 1.290653319044920863e+03 -5.264918531760180542e+00 -7.592019222565210335e+00 -3.509274497534702775e+00 4.370017710806662308e+02
1.302609482696689858e+00 1.419330444133155652e+03 -5.385598788783370061e+00 -7.144441122754169982e+00 -4.179589857864138835e+00 6.035787041346975457e+02
1.307959899637514134e+00 1.422493850039208155e+03 -5.913006032721211724e+00 -7.684144682758490497e+00 -3.962337308400680769e+00 3.822709668119869093e+02
1.306831444799336772e+00 1.397711367690421412e+03 -5.877725599458382355e+00 -7.436682455029704819e+00 -4.345116096604113132e+00 5.543565957855917077e+02
1.304518656375698304e+00 1.408689849641273440e+03 -5.755088621057970144e+00 -6.972182591205698721e+00 -4.252092274791546167e+00 5.630246236092925756e+02
1.304518656375698304e+00 1.408689849641273440e+03 -5.755088621057970144e+00 -6.972182591205698721e+00 -4.252092274791546167e+00 5.630246236092925756e+02
1.304959872769557938e+00 1.468448373324316208e+03 -6.118017047935667918e+00 -7.586274787417336185e+00 -3.784198094576725069e+00 3.474158639784136540e+02
1.300898830315038168e+00 1.477612772831279244e+03 -5.720154518012354750e+00 -6.983566142093782680e+00 -3.925958225131502388e+00 4.697754743657465042e+02
1.308262250865914078e+00 1.339394192987562064e+03 -5.508714180648831338e+00 -7.829913612955426316e+00 -4.073109871662679460e+00 5.093973968480374879e+02
1.303556559703578976e+00 1.370352816309894024e+03 -5.426557310692576408e+00 -6.547928555261790073e+00 -4.021413771105359913e+00 5.733890977024514086e+02
1.306169725055957187e+00 1.236748133525876483e+03 -5.039760097167561348e+00 -6.763272647529740667e+00 -3.744895307170393650e+00 5.646649047400621839e+02
1.306169725055957187e+00 1.236748133525876483e+03 -5.039760097167561348e+00 -6.763272647529740667e+00 -3.744895307170393650e+00 5.646649047400621839e+02
1.310359506088314419e+00 1.292300393113554037e+03 -6.142414261965913447e+00 -7.581922904937816732e+00 -3.882960399521682149e+00 4.508595504518893904e+02
1.301287448668594804e+00 1.526721508571899676e+03 -5.875862433244324556e+00 -7.228945748618470724e+00 -4.129710805947757635e+00 4.789396631283138959e+02
1.302905573722786592e+00 1.370906250342384510e+03 -5.415356342374154863e+00 -6.623178040415407253e+00 -4.059287803875303524e+00 5.828113489906754694e+02
1.303516447602516726e+00 1.520466630578402601e+03 -5.594924681181248083e+00 -7.548094957305041319e+00 -4.231559254545325999e+00 4.914989560860835809e+02
1.310254749113815453e+00 1.275239205189899394e+03 -5.670111640359195349e+00 -7.494872838692543837e+00 -3.983068229723334852e+00 4.972054584016932495e+02
1.304499178800443193e+00 1.327979855271312317e+03 -5.406608637312347199e+00 -6.506559193431165511e+00 -3.912591645138801866e+00 5.502423854808582746e+02
1.300040847209642525e+00 1.428377397542317567e+03 -5.271977725946541682e+00 -6.798216616089947095e+00 -3.551783684698269994e+00 4.348909293539359169e+02
1.304774288326559395e+00 1.385787505773844941e+03 -5.778477837598909872e+00 -7.165193770292463959e+00 -4.023214848668951404e+00 4.980900365713007432e+02
1.305161153775602045e+00 1.389300697913530939e+03 -5.489219821350022954e+00 -7.202932460474463561e+00 -4.166414157510160088e+00 5.318514905590100170e+02
1.303145593190687679e+00 1.382403033562396331e+03 -5.004940557832884274e+00 -6.969396191447789768e+00 -3.785529056783483171e+00 5.055240375338728427e+02
1.302956564604937695e+00 1.416202406598464677e+03 -5.112021962949633291e+00 -6.834987482784073087e+00 -3.840371677990908950e+00 4.807096620037673347e+02
1.306912105938746516e+00 1.247260627841639007e+03 -5.102255099754040124e+00 -6.686413311431758544e+00 -3.766557155406191626e+00 5.392963762670037795e+02
1.302601614836009780e+00 1.360129825366388104e+03 -5.444982507916927617e+00 -6.937449754743757246e+00 -3.834652867100869500e+00 5.307502940516433227e+02
1.302601614836009780e+00 1.360129825366388104e+03 -5.444982507916927617e+00 -6.937449754743757246e+00 -3.834652867100869500e+00 5.307502940516433227e+02
1.300851714436533690e+00 1.406518959935248859e+03 -5.374344204187861962e+00 -6.926633614406201289e+00 -3.633263308222414167e+00 4.683804192952013636e+02
1.302662824197704516e+00 1.413602146284229775e+03 -5.673536779004926700e+00 -6.805265603162763632e+00 -4.084385809444168736e+00 5.510901286594764770e+02
1.305571868957646320e+00 1.417676555762763428e+03 -5.476298430863840494e+00 -7.650315900154637916e+00 -4.142101146773651266e+00 4.946302586104307011e+02
1.301861790808160890e+00 1.533011138661400992e+03 -5.937857712020310430e+00 -7.173320950833650400e+00 -4.239149647310767044e+00 5.005879067041823873e+02
1.302797817710104944e+00 1.385219122654261810e+03 -5.289269280182633537e+00 -6.640021767633426997e+00 -3.537051952009461431e+00 4.130273122982721361e+02
1.305351400530534889e+00 1.463649583188932866e+03 -5.929964558902588223e+00 -7.367047067362088697e+00 -4.112270359210441484e+00 4.859190853639126999e+02
1.305336250837082046e+00 1.274284405609399755e+03 -5.354114133316718593e+00 -6.644601702146186284e+00 -3.686443033060060159e+00 5.305355028029823643e+02
1.305855462696163594e+00 1.381510692739229398e+03 -5.833906677964103338e+00 -7.676376786508461336e+00 -3.622764148600033707e+00 3.808110114053863526e+02
1.306427339665903631e+00 1.328286611169705793e+03 -5.829427172605557317e+00 -7.443673748322592765e+00 -3.683181560159493273e+00 4.500880186722522467e+02
1.308738808976001700e+00 1.363769967576569798e+03 -6.007609750045951102e+00 -7.353188659631500812e+00 -4.113085052911211292e+00 4.934099680904027991e+02
1.308738808976001700e+00 1.363769967576569798e+03 -6.007609750045951102e+00 -7.353188659631500812e+00 -4.113085052911211292e+00 4.934099680904027991e+02
1.302517821262610287e+00 1.420948193697309534e+03 -5.244325244833995647e+00 -6.865138862797139474e+00 -3.816429421413410239e+00 4.932649404890803453e+02
1.302812840731025990e+00 1.472460864100796471e+03 -5.494890069947528488e+00 -7.699977553716772505e+00 -4.000257081676543258e+00 4.898984123935447315e+02
1.302878569379671836e+00 1.491372223310366053e+03 -5.591295815837463934e+00 -7.130383919274823512e+00 -3.875960574381069890e+00 4.238207526215230700e+02
1.306009771077428328e+00 1.364987066768882869e+03 -5.817495289978610096e+00 -7.323299355733124294e+00 -3.584594601148692661e+00 3.882369811656205911e+02
1.300835028624023337e+00 1.574630832265206664e+03 -5.753942582335126232e+00 -7.618141185666363668e+00 -4.084567953021388753e+00 4.426323338728975614e+02
1.300307070301137236e+00 1.437869821717579725e+03 -5.148059334426331013e+00 -7.081009899445394495e+00 -3.731125156744516502e+00 4.889960526320712688e+02
1.304827278259139689e+00 1.388327988946863115e+03 -5.551258908575704254e+00 -7.409437983059723010e+00 -4.250895232491608056e+00 5.834500460789877252e+02
1.308810259056200520e+00 1.227985440376337010e+03 -5.393802505774228706e+00 -7.423332630436998869e+00 -3.685126781543850427e+00 4.915115482192015861e+02
1.309552601514447634e+00 1.333661252560136290e+03 -6.227452396215538144e+00 -7.706530335346109872e+00 -3.928585532118825441e+00 4.283924472014082312e+02
1.305085812799370526e+00 1.415341888629229288e+03 -5.847545104901621826e+00 -7.135671356561506862e+00 -4.062930780904121519e+00 4.733624150298126096e+02
1.307388330920572050e+00 1.432393087783709007e+03 -6.314222138767937587e+00 -7.732999532569948542e+00 -3.913148194627922294e+00 3.734960535424017962e+02
1.309103845221414320e+00 1.316637155563312717e+03 -5.892486301175204666e+00 -7.449670325260270509e+00 -3.696369589049478321e+00 3.997157903072304634e+02
1.304244462512766045e+00 1.323806663669692398e+03 -5.031425841847777747e+00 -7.300411327309099363e+00 -3.882945414545387663e+00 5.529629546991211555e+02
1.308712860887020213e+00 1.231362099959394527e+03 -5.525022617746888187e+00 -7.228131471412540421e+00 -3.715667675846040297e+00 5.030164820872405471e+02
1.303723591789037739e+00 1.495506135081121784e+03 -5.660419222951285079e+00 -7.268112149394936772e+00 -3.908659684750631413e+00 4.013004258495054728e+02
1.304798061714357971e+00 1.340004068415598795e+03 -5.310568488865582637e+00 -6.858976342446566399e+00 -3.558442321328621816e+00 4.093045151199312386e+02
1.304798061714357971e+00 1.340004068415598795e+03 -5.310568488865582637e+00 -6.858976342446566399e+00 -3.558442321328621816e+00 4.093045151199312386e+02
1.308523682848306224e+00 1.267711322927955734e+03 -5.462476642326526743e+00 -7.478522640518277420e+00 -3.975200986304423978e+00 5.358456561287387103e+02
1.304086114254155548e+00 1.446473177154435234e+03 -5.440023345868495674e+00 -7.199588972964120259e+00 -4.261227651567736530e+00 5.499043137625028521e+02
1.307888033947086193e+00 1.327328130582995072e+03 -5.927847465305668528e+00 -7.178679746391050998e+00 -4.104411184527503309e+00 5.314585686056352642e+02
1.307980121476812085e+00 1.391410296754531373e+03 -6.011249733191354139e+00 -8.169766386269580849e+00 -3.883123940198135671e+00 4.017965224974880130e+02
1.303711900411768099e+00 1.365780455946362508e+03 -5.096797683809862534e+00 -7.017132605445160820e+00 -4.081961145205171171e+00 5.766709487704476942e+02
1.308334310177245774e+00 1.345442652885424195e+03 -5.606133285461378790e+00 -7.655946785791588383e+00 -4.152058359916368957e+00 5.176037468845311196e+02
1.306548026660078854e+00 1.369768415575912059e+03 -5.765906248062192319e+00 -7.657235411165719263e+00 -4.057666696020644004e+00 4.872578905078589742e+02
1.304762518865054011e+00 1.476313182362273665e+03 -5.750105569209294387e+00 -7.154270470467826826e+00 -4.029755938632189505e+00 4.400734008410549905e+02
1.301196966845425962e+00 1.350565783907230525e+03 -5.039158571286311172e+00 -6.672972408475839501e+00 -3.660769380056619227e+00 5.218465236636598092e+02
1.304148581495508274e+00 1.484570161520063948e+03 -5.793406482018990111e+00 -7.248035734169537392e+00 -4.112773881133764853e+00 4.908258942319625930e+02
1.308869858865465030e+00 1.262467970586215870e+03 -5.354155103635786617e+00 -7.238945295271601132e+00 -3.693205628599768531e+00 4.516364388094480091e+02
1.306682302364974069e+00 1.300655397811492094e+03 -5.266119627286256488e+00 -6.934572002861061790e+00 -4.017441775358707723e+00 5.576366020955906606e+02
1.306688757505631626e+00 1.322000995061976028e+03 -5.531463652416114485e+00 -7.350947029299653046e+00 -3.677829928188085518e+00 4.604413890281821296e+02
1.306688757505631626e+00 1.322000995061976028e+03 -5.531463652416114485e+00 -7.350947029299653046e+00 -3.677829928188085518e+00 4.604413890281821296e+02
1.300141116831223798e+00 1.479780356071933511e+03 -5.337017372155598238e+00 -6.771699083290536159e+00 -4.053265913556518996e+00 5.593273737991103189e+02
1.304251223753254196e+00 1.290525700207238287e+03 -5.245598524283326292e+00 -6.769637029816450102e+00 -3.625006086883338696e+00 5.218043141443936292e+02
1.309110054019168246e+00 1.269272612162206315e+03 -5.451010125899360403e+00 -7.682826938122263805e+00 -3.707384073333200192e+00 4.522232946049134625e+02
1.300636427336728795e+00 1.450506139319454633e+03 -5.177978541948592195e+00 -6.810643004316541571e+00 -3.961913551782163978e+00 5.161350444601332583e+02
1.300636427336728795e+00 1.450506139319454633e+03 -5.177978541948592195e+00 -6.810643004316541571e+00 -3.961913551782163978e+00 5.161350444601332583e+02
1.307223485200857516e+00 1.322659901501328932e+03 -5.724567271828224335e+00 -7.150584301720996017e+00 -3.601607757161486845e+00 4.117722344962239731e+02
1.308790257193100715e+00 1.259185355147924383e+03 -5.479224314885451363e+00 -7.135526055952549740e+00 -3.923003904883289650e+00 5.262284080746785548e+02
1.304002346486103026e+00 1.379485217136650135e+03 -5.600836324865684723e+00 -7.117765487986799755e+00 -3.951238678584036990e+00 5.030926570528474713e+02
1.304002346486103026e+00 1.379485217136650135e+03 -5.600836324865684723e+00 -7.117765487986799755e+00 -3.951238678584036990e+00 5.030926570528474713e+02
1.305445728876196698e+00 1.345400208397687038e+03 -5.599418231914413902e+00 -7.358195253278116965e+00 -3.630996664681193309e+00 4.095729384908745487e+02
1.303192251111046529e+00 1.340541351872225732e+03 -5.269021305879159733e+00 -6.472420707877975410e+00 -3.795380501542082285e+00 5.286746533570023985e+02
1.303192251111046529e+00 1.340541351872225732e+03 -5.269021305879159733e+00 -6.472420707877975410e+00 -3.795380501542082285e+00 5.286746533570023985e+02
1.306435373065136130e+00 1.425359341235862075e+03 -5.943069007793323699e+00 -7.311637237170085513e+00 -3.977482329109069070e+00 4.105331175991443615e+02
1.309285959663579746e+00 1.348845846815922414e+03 -5.997723754879345393e+00 -8.120702515455421988e+00 -3.940147902384305567e+00 4.319826496972991663e+02
1.305175630376676388e+00 1.354066646867912823e+03 -5.464926696335538736e+00 -7.356044895775811554e+00 -3.993829262809294178e+00 5.170225263907650515e+02
1.305175630376676388e+00 1.354066646867912823e+03 -5.464926696335538736e+00 -7.356044895775811554e+00 -3.993829262809294178e+00 5.170225263907650515e+02
1.304129466474851284e+00 1.389372934752070705e+03 -5.594088425457550251e+00 -6.888871962592556741e+00 -3.754341987537246794e+00 4.296858045807086910e+02
1.301908799932016692e+00 1.444502872993435858e+03 -5.220789711860597038e+00 -6.935378830273428719e+00 -3.768520987356106744e+00 4.598969550204651568e+02
1.301908799932016692e+00 1.444502872993435858e+03 -5.220789711860597038e+00 -6.935378830273428719e+00 -3.768520987356106744e+00 4.598969550204651568e+02
1.307122507490730223e+00 1.372129927072825922e+03 -5.726930587732232070e+00 -7.328501876107767821e+00 -3.938205597681189829e+00 4.787031035339771279e+02
1.305989372737692333e+00 1.280861890422585930e+03 -5.008731065151978079e+00 -6.785074104755026703e+00 -3.673690486534436417e+00 4.934080812484191938e+02
1.301915567648476602e+00 1.495678569868373643e+03 -5.502838353226502832e+00 -7.673725658324645593e+00 -4.026490430894574146e+00 4.767900443084299695e+02
1.309051062372456053e+00 1.294571344342901284e+03 -5.602643098995870652e+00 -7.899414823850055001e+00 -3.830602897776850924e+00 4.567448181580982691e+02
1.309051062372456053e+00 1.294571344342901284e+03 -5.602643098995870652e+00 -7.899414823850055001e+00 -3.830602897776850924e+00 4.567448181580982691e+02
1.300479596083128353e+00 1.434075507243245738e+03 -5.186175128520971178e+00 -6.902079756107018405e+00 -3.987648981196619147e+00 5.498016063715820110e+02
1.300479596083128353e+00 1.434075507243245738e+03 -5.186175128520971178e+00 -6.902079756107018405e+00 -3.987648981196619147e+00 5.498016063715820110e+02
1.302361378707977746e+00 1.484389829898602102e+03 -5.566554437116652210e+00 -6.827369410635240499e+00 -3.921835002235333434e+00 4.449170952211036365e+02
1.302361378707977746e+00 1.484389829898602102e+03 -5.566554437116652210e+00 -6.827369410635240499e+00 -3.921835002235333434e+00 4.449170952211036365e+02
1.305172532509823347e+00 1.522054760277996138e+03 -6.088662189944350267e+00 -7.910549491792979282e+00 -4.258714698535744247e+00 4.681058985865749946e+02
1.301558242094419171e+00 1.515998772252533399e+03 -5.696166812221061804e+00 -7.585925909535241374e+00 -3.885082469247356229e+00 4.158494656194686740e+02
1.301558242094419171e+00 1.515998772252533399e+03 -5.696166812221061804e+00 -7.585925909535241374e+00 -3.885082469247356229e+00 4.158494656194686740e+02
1.307777293892166792e+00 1.422772656918658413e+03 -6.054264751171640313e+00 -7.762404966249596860e+00 -3.885388908915986761e+00 3.753184149385103865e+02
1.307777293892166792e+00 1.422772656918658413e+03 -6.054264751171640313e+00 -7.762404966249596860e+00 -3.885388908915986761e+00 3.753184149385103865e+02
1.307684027892274115e+00 1.373056046094148314e+03 -6.053730971026523910e+00 -7.957757671548835177e+00 -3.815165096257079114e+00 4.033346444184062420e+02
1.307808399531718013e+00 1.415391978706801638e+03 -6.219665751830515177e+00 -8.046108160877384563e+00 -4.167299105190142683e+00 4.708486763068594882e+02
1.306575354651120735e+00 1.352840222177509077e+03 -5.969005141525305369e+00 -7.645433238868895032e+00 -3.816576638286655054e+00 4.474607887039999241e+02
1.308342802327850274e+00 1.289836372000766005e+03 -5.445633835423295821e+00 -7.443200349372037117e+00 -4.012061453665767274e+00 5.333723697033763074e+02
1.302075619151535246e+00 1.469383282620408181e+03 -5.574163761016264651e+00 -6.846223627843364135e+00 -3.890928489548567626e+00 4.704552744585701021e+02
1.302075619151535246e+00 1.469383282620408181e+03 -5.574163761016264651e+00 -6.846223627843364135e+00 -3.890928489548567626e+00 4.704552744585701021e+02
1.308801157656150238e+00 1.298150601793175156e+03 -5.687378145194087686e+00 -7.793734780791369943e+00 -3.912155629617005914e+00 4.742062932866488154e+02
1.305902707874919688e+00 1.250688646616994902e+03 -5.031051935908265271e+00 -6.794549524741538171e+00 -3.648007132696257315e+00 5.213147097741859852e+02
1.303385715078380303e+00 1.503886803261590558e+03 -5.559908682474461017e+00 -7.586409255761421555e+00 -4.006042277628034221e+00 4.289074651890834957e+02
1.303385715078380303e+00 1.503886803261590558e+03 -5.559908682474461017e+00 -7.586409255761421555e+00 -4.006042277628034221e+00 4.289074651890834957e+02
1.308402696448136338e+00 1.384959230718186745e+03 -6.227143823612823148e+00 -7.850176399763814317e+00 -3.897852287884635558e+00 3.965491425169270769e+02
1.304715593916592198e+00 1.425729734195489073e+03 -5.474555642994912930e+00 -7.341551834387579412e+00 -4.143821938134701455e+00 5.370603268717763967e+02
1.306909070140122253e+00 1.302355529459289073e+03 -5.464744470512508556e+00 -7.282006161227591257e+00 -3.511124281964756122e+00 3.995584160473938482e+02
1.302541948533459060e+00 1.333863093506858604e+03 -4.995733680748863037e+00 -6.891722998549391299e+00 -3.464618052093950240e+00 4.576257632307981567e+02
1.302852548973949531e+00 1.424621484262075001e+03 -5.486284775204013364e+00 -6.928766310010326279e+00 -3.775469702818384121e+00 4.684199224237670478e+02
1.302852548973949531e+00 1.424621484262075001e+03 -5.486284775204013364e+00 -6.928766310010326279e+00 -3.775469702818384121e+00 4.684199224237670478e+02
1.305342124609349730e+00 1.453383980043988913e+03 -6.191470948237890681e+00 -7.429746586126655394e+00 -3.932775555846260929e+00 4.237670971936483966e+02
1.303261579543059767e+00 1.494308340330390138e+03 -5.473401412485285888e+00 -7.369074929103462956e+00 -4.147343606980633979e+00 4.898301150269310256e+02
1.302961260128431942e+00 1.385644226215107210e+03 -5.186919560174954924e+00 -6.720882376650946455e+00 -3.761672265220353140e+00 4.649573568483860981e+02
1.302961260128431942e+00 1.385644226215107210e+03 -5.186919560174954924e+00 -6.720882376650946455e+00 -3.761672265220353140e+00 4.649573568483860981e+02
1.304467221432925594e+00 1.441624818350675923e+03 -5.404102743809625409e+00 -7.295126359555484719e+00 -3.903408230565492687e+00 4.299484021837615728e+02
1.305273212197028743e+00 1.500867958311629081e+03 -6.085614579414125203e+00 -7.550815156049623944e+00 -4.210913849817089272e+00 4.436752130012732778e+02
1.303051407750496660e+00 1.468944832823440265e+03 -5.482958028648877047e+00 -7.028773167886663842e+00 -4.020440076628934989e+00 4.924700269061031577e+02
1.306456130444864749e+00 1.300975573045874398e+03 -5.303989499138333841e+00 -7.397575276502684538e+00 -3.575685666155839826e+00 4.262874479037507172e+02
1.305025125596107838e+00 1.377055556792296557e+03 -5.558837338788524818e+00 -7.779732033823270498e+00 -3.748186443893564146e+00 4.323390216229838643e+02
1.307845913049622499e+00 1.386382283586671747e+03 -6.033144750011410373e+00 -7.958458953977073591e+00 -3.917014632156659459e+00 4.290725114315112023e+02
1.306523463514484007e+00 1.413803326540389207e+03 -5.660884484384686388e+00 -7.309980661627423437e+00 -4.148930392553519475e+00 5.057739917773653815e+02
1.308636732994565843e+00 1.395047630622009137e+03 -6.192409091630601381e+00 -7.607649650380024831e+00 -3.979226156572112316e+00 4.141872828140324145e+02
1.302908093799321154e+00 1.495270104799513547e+03 -5.976530370084609523e+00 -7.061598425493877507e+00 -4.191959629769107742e+00 5.027736542549873775e+02
1.302908093799321154e+00 1.495270104799513547e+03 -5.976530370084609523e+00 -7.061598425493877507e+00 -4.191959629769107742e+00 5.027736542549873775e+02
1.305596511689690153e+00 1.302577702102870489e+03 -5.058284511513056358e+00 -7.371673656146635167e+00 -3.664686936153408681e+00 4.848691747132759247e+02
1.305596511689690153e+00 1.302577702102870489e+03 -5.058284511513056358e+00 -7.371673656146635167e+00 -3.664686936153408681e+00 4.848691747132759247e+02
1.305696935615754173e+00 1.422024597178480690e+03 -5.831452773861850680e+00 -7.048923608594417800e+00 -4.036385734549556403e+00 4.561021830924748883e+02
1.304519354255420094e+00 1.310677941783298820e+03 -5.025007848681770639e+00 -7.223106310350552839e+00 -3.613057980276431991e+00 4.892523142582349465e+02
1.307686051081021539e+00 1.283752698559832197e+03 -5.197959179126935503e+00 -7.288404859638260014e+00 -3.738054067311576745e+00 4.805817720826448749e+02
1.306883519565727569e+00 1.418442273362630658e+03 -5.717800138461537784e+00 -7.329172531028135928e+00 -4.025264338321210111e+00 4.437439933137407024e+02
1.302443013871305455e+00 1.487896088879499985e+03 -5.980807486796261507e+00 -7.273777294364872859e+00 -3.958804304982630029e+00 4.430609757933909805e+02
1.302443013871305455e+00 1.487896088879499985e+03 -5.980807486796261507e+00 -7.273777294364872859e+00 -3.958804304982630029e+00 4.430609757933909805e+02
1.306000232179045151e+00 1.406866228199864508e+03 -5.734487439950809673e+00 -7.710687555265108628e+00 -3.711651084143616330e+00 3.738540188287777255e+02
1.303519062684086016e+00 1.377035205450901003e+03 -5.235226812070115088e+00 -7.425410549179069619e+00 -3.631275066781366689e+00 4.285287262990727868e+02
1.306254111836094189e+00 1.279445130724402134e+03 -5.117920599330201270e+00 -6.771451146457637016e+00 -3.634977859437658054e+00 4.855473189740882844e+02
1.306254111836094189e+00 1.279445130724402134e+03 -5.117920599330201270e+00 -6.771451146457637016e+00 -3.634977859437658054e+00 4.855473189740882844e+02
1.307095559024840981e+00 1.423302577588895019e+03 -5.694074704391299591e+00 -7.675781774816521796e+00 -4.027845334400662836e+00 4.349717610033958408e+02
1.303130256472399440e+00 1.348233522692794168e+03 -5.429150421302042950e+00 -6.946678825337722962e+00 -3.663651521317683901e+00 4.876295998742548363e+02
1.303130256472399440e+00 1.348233522692794168e+03 -5.429150421302042950e+00 -6.946678825337722962e+00 -3.663651521317683901e+00 4.876295998742548363e+02
1.300298667917676232e+00 1.495603404462402978e+03 -5.240789268724085126e+00 -7.043748398080877493e+00 -4.012588827293124716e+00 5.155866357391009842e+02
1.301967725051690561e+00 1.445070376485407678e+03 -5.165804082071683290e+00 -7.048463950050656734e+00 -4.043941618351623468e+00 5.273595450757982235e+02
1.304388803013583065e+00 1.377602949056190937e+03 -5.359808433409002149e+00 -6.799409509510923932e+00 -3.834933621863232389e+00 4.951664062301749709e+02
1.304388803013583065e+00 1.377602949056190937e+03 -5.359808433409002149e+00 -6.799409509510923932e+00 -3.834933621863232389e+00 4.951664062301749709e+02
1.305315179728199881e+00 1.281443590655089338e+03 -5.095441672667122113e+00 -6.995620510449227503e+00 -3.801645019041396623e+00 5.577664429841167930e+02
1.306175918479306919e+00 1.458327528428156484e+03 -5.977796204588337048e+00 -7.376965885217970254e+00 -4.023790306413869367e+00 4.073676922671213561e+02
1.305924453688289244e+00 1.404763634703082062e+03 -5.779291287547268396e+00 -7.817702063134809976e+00 -3.829131716866447377e+00 4.025777124113380978e+02
1.306816082426561332e+00 1.441670192009013817e+03 -6.257685044896087234e+00 -7.475936248282938124e+00 -3.987412590393589085e+00 4.047352903525443253e+02
1.308938381037717091e+00 1.292612674016275832e+03 -5.604420327125822610e+00 -7.390038256231498792e+00 -4.006787183221556248e+00 5.100505806193566514e+02
1.308938381037717091e+00 1.292612674016275832e+03 -5.604420327125822610e+00 -7.390038256231498792e+00 -4.006787183221556248e+00 5.100505806193566514e+02
1.308084853516037871e+00 1.401025224517711194e+03 -5.883432971598105965e+00 -7.477037351729583392e+00 -4.066349418290625017e+00 4.508453384884924162e+02
1.308084853516037871e+00 1.401025224517711194e+03 -5.883432971598105965e+00 -7.477037351729583392e+00 -4.066349418290625017e+00 4.508453384884924162e+02
1.305595935775361705e+00 1.389687499124340320e+03 -5.899532992190668956e+00 -6.907541507739725972e+00 -3.972151928811676669e+00 4.852924902742879567e+02
1.305595935775361705e+00 1.389687499124340320e+03 -5.899532992190668956e+00 -6.907541507739725972e+00 -3.972151928811676669e+00 4.852924902742879567e+02
1.305183145931979594e+00 1.400248193242061234e+03 -5.619646041525989233e+00 -6.898111517943078752e+00 -4.142826325844510826e+00 5.313585227214584847e+02
1.305183145931979594e+00 1.400248193242061234e+03 -5.619646041525989233e+00 -6.898111517943078752e+00 -4.142826325844510826e+00 5.313585227214584847e+02
1.305981111210763546e+00 1.342832654373790774e+03 -5.726685348136012266e+00 -7.306290263714309674e+00 -4.086202251849799794e+00 5.551814601500641402e+02
1.303912538294904611e+00 1.450896070121120147e+03 -5.843774114617082738e+00 -7.196279453113323399e+00 -3.734857954534598790e+00 3.781866785717463699e+02
1.303912538294904611e+00 1.450896070121120147e+03 -5.843774114617082738e+00 -7.196279453113323399e+00 -3.734857954534598790e+00 3.781866785717463699e+02
1.304874538381826099e+00 1.380274691244173937e+03 -5.525523561860688382e+00 -7.804747590816486280e+00 -3.860211565545977663e+00 4.759207449518548856e+02
1.300576849813904534e+00 1.441500480139372257e+03 -5.168028164482549869e+00 -6.749978088888855865e+00 -3.660408227178265861e+00 4.433620266755319790e+02
1.300576849813904534e+00 1.441500480139372257e+03 -5.168028164482549869e+00 -6.749978088888855865e+00 -3.660408227178265861e+00 4.433620266755319790e+02
1.305321319427101612e+00 1.473102844247561734e+03 -5.983602248184805461e+00 -7.657022485363035535e+00 -4.088392689780978806e+00 4.263649380539916365e+02
1.303973501435797822e+00 1.395854356566898559e+03 -5.491336329170699138e+00 -7.511227207564413533e+00 -3.789803537420919355e+00 4.711688145322482342e+02
1.305425379511871320e+00 1.430504826223892906e+03 -5.501902776990501565e+00 -7.598802609746184267e+00 -4.085647159674129725e+00 4.918094678576303522e+02
1.305826857078759451e+00 1.416320179919901875e+03 -5.852576696327859374e+00 -7.697524242375854975e+00 -3.799816286677494048e+00 4.065113433468902713e+02
1.305983265056199771e+00 1.292512868651148665e+03 -5.426063555345045586e+00 -6.788978140915657988e+00 -3.841262337921282466e+00 5.404443861656895933e+02
1.305983265056199771e+00 1.292512868651148665e+03 -5.426063555345045586e+00 -6.788978140915657988e+00 -3.841262337921282466e+00 5.404443861656895933e+02
1.307238367466895923e+00 1.258126669098770890e+03 -5.373981836861434047e+00 -6.928544619301823637e+00 -3.741289807846403193e+00 5.159635450202422362e+02
1.306081457677211954e+00 1.366445427334737133e+03 -5.346519202613952970e+00 -7.045459116917164089e+00 -3.944522774488614658e+00 4.851321171680988300e+02
1.306081457677211954e+00 1.366445427334737133e+03 -5.346519202613952970e+00 -7.045459116917164089e+00 -3.944522774488614658e+00 4.851321171680988300e+02
1.305677794199401553e+00 1.290849068912207940e+03 -5.372713066470152121e+00 -7.131670121959583497e+00 -3.613773171890413138e+00 4.689507697002682107e+02
1.300661332159195549e+00 1.416798346397598607e+03 -5.191771938545748810e+00 -6.879116333986972087e+00 -3.759342427435374390e+00 4.885208574491261970e+02
1.307006389196673002e+00 1.349313259105942507e+03 -5.484878386918784265e+00 -7.127566402227896170e+00 -4.052857193232989985e+00 5.084656832703319651e+02
1.299138796092513370e+00 1.512511805283620788e+03 -5.362121052506676477e+00 -6.839650055536616868e+00 -3.946046921168786525e+00 4.998206134238303093e+02
1.306839474507371035e+00 1.436760688686816820e+03 -5.845539017274408167e+00 -7.905420379754348303e+00 -4.167139483446147707e+00 4.767662363874799212e+02
1.305463304814718617e+00 1.369050091283101665e+03 -5.716819619790415530e+00 -7.336416593537214759e+00 -4.131364888214680953e+00 5.630032163113257866e+02
1.305019006916001478e+00 1.462073086098678232e+03 -5.795512343141322908e+00 -7.577006334990307401e+00 -4.018218219185237139e+00 4.586848519246907472e+02
1.302614720232196932e+00 1.447708473993660391e+03 -5.575424422320072182e+00 -7.399977069319515266e+00 -3.742357402106687658e+00 4.037432891432549695e+02
1.305094234053839175e+00 1.431289835706012809e+03 -5.581807435928204164e+00 -7.160671507849852624e+00 -4.154680764104210944e+00 5.222807408191549712e+02
1.305094234053839175e+00 1.431289835706012809e+03 -5.581807435928204164e+00 -7.160671507849852624e+00 -4.154680764104210944e+00 5.222807408191549712e+02
1.305572853059111305e+00 1.390234415154032831e+03 -5.999598973850570616e+00 -7.520914041203580425e+00 -4.043492675511674683e+00 5.091764666316619241e+02
1.302415168899881959e+00 1.443324832434735299e+03 -5.643522486794784854e+00 -6.954230300107321128e+00 -3.927878703531966664e+00 4.715300284954009840e+02
1.300685500464682898e+00 1.421321368649909118e+03 -5.079552986470015519e+00 -7.019793073159383390e+00 -3.818503855813464298e+00 5.107308238687951416e+02
1.303932754098366509e+00 1.376937030500377432e+03 -5.150712642466774405e+00 -7.138001822856470113e+00 -3.933763912583330580e+00 5.342398273312649053e+02
1.308279381342481784e+00 1.399551709595214106e+03 -5.936347064201981993e+00 -7.716127019013737431e+00 -4.143448052619808308e+00 4.731910427482293926e+02
1.302209518726028081e+00 1.425003694639349760e+03 -5.129396982858659193e+00 -7.206057759561270259e+00 -3.830263039755108068e+00 4.816482016213353745e+02
1.305405988938922457e+00 1.438289226025115795e+03 -5.636425558433818317e+00 -7.852907366924521071e+00 -4.059541865235987146e+00 4.591755818811323024e+02
1.305405988938922457e+00 1.438289226025115795e+03 -5.636425558433818317e+00 -7.852907366924521071e+00 -4.059541865235987146e+00 4.591755818811323024e+02
1.302260124766411398e+00 1.436825930094280466e+03 -5.341585301881678127e+00 -7.496948229315116841e+00 -3.859877663532053305e+00 4.713213258157531982e+02
1.307989758711754158e+00 1.368677734443686859e+03 -5.861254107830226268e+00 -7.329174235262634340e+00 -3.895338115800333512e+00 4.338619289146208757e+02
1.307989758711754158e+00 1.368677734443686859e+03 -5.861254107830226268e+00 -7.329174235262634340e+00 -3.895338115800333512e+00 4.338619289146208757e+02
1.302213781780984903e+00 1.382073590050116763e+03 -5.291868804310309038e+00 -7.083058594849845235e+00 -3.595329524037378377e+00 4.522425303245540817e+02
1.305098030107553875e+00 1.447432773040698294e+03 -5.881691625026451042e+00 -7.482313831858503406e+00 -3.939277793985707987e+00 4.063044034244837803e+02
1.306472633765790814e+00 1.364049968069764873e+03 -5.810616165222114660e+00 -7.448560719475021408e+00 -3.709680968796934764e+00 3.971060329254428325e+02
1.306038454613132505e+00 1.461364661004110530e+03 -5.868904318512391249e+00 -7.598502639988731211e+00 -4.254271389810020843e+00 4.842116129998123597e+02
1.306529902626141659e+00 1.301653953331168395e+03 -5.255314423704948723e+00 -6.859186053733670185e+00 -3.782105129310208369e+00 5.014561203065779864e+02
1.306537293718453840e+00 1.381402240107983744e+03 -6.034646934197311907e+00 -7.271090493394906318e+00 -3.975825083248526681e+00 4.847758838379472763e+02
1.306537293718453840e+00 1.381402240107983744e+03 -6.034646934197311907e+00 -7.271090493394906318e+00 -3.975825083248526681e+00 4.847758838379472763e+02
1.305865394966954529e+00 1.347861030410373587e+03 -5.456911719556424956e+00 -7.424119600896640137e+00 -3.980728134617578462e+00 5.054686880216045211e+02
1.303005653330701286e+00 1.514600812949681313e+03 -6.048554593162772441e+00 -7.451093653344602608e+00 -4.237779523817980731e+00 5.015574200074727287e+02
1.304648137845949352e+00 1.401184792674707751e+03 -5.638754346890487490e+00 -7.014678513460979481e+00 -4.189152494271458416e+00 5.531409184803044354e+02
1.304648137845949352e+00 1.401184792674707751e+03 -5.638754346890487490e+00 -7.014678513460979481e+00 -4.189152494271458416e+00 5.531409184803044354e+02
1.304975758421234922e+00 1.455944282010840425e+03 -5.623079451395899930e+00 -7.649467612618787271e+00 -4.074463794625930113e+00 4.744248827302303653e+02
1.301161196839825118e+00 1.505340789764460851e+03 -5.517382279642983001e+00 -7.201405758864373396e+00 -4.098032077380913130e+00 4.975924602700019932e+02
1.303391423865281507e+00 1.446323084354324692e+03 -5.687465236607756935e+00 -7.663463243557403715e+00 -3.841580132876829978e+00 4.281108889860806812e+02
1.305891639056625975e+00 1.305659383415839784e+03 -5.125538988048827349e+00 -7.278438112728789378e+00 -3.768504352556323767e+00 5.061099073094651430e+02
1.305891639056625975e+00 1.305659383415839784e+03 -5.125538988048827349e+00 -7.278438112728789378e+00 -3.768504352556323767e+00 5.061099073094651430e+02
1.306011692975433292e+00 1.410659602679739919e+03 -5.876582093311780497e+00 -7.676587674085804558e+00 -4.189299788095627974e+00 5.097288565824808302e+02
1.301534595936104433e+00 1.541258687362603723e+03 -5.760088384511071524e+00 -7.441079209268606220e+00 -4.072996699652725816e+00 4.498948884906169496e+02
1.301534595936104433e+00 1.541258687362603723e+03 -5.760088384511071524e+00 -7.441079209268606220e+00 -4.072996699652725816e+00 4.498948884906169496e+02
1.306997667546178521e+00 1.357747716203798973e+03 -5.676526833177090836e+00 -7.553155484453681900e+00 -3.777219526311217379e+00 4.083741091091246744e+02
1.300838498535778376e+00 1.394644765805630868e+03 -5.034940699380223705e+00 -6.748194310911034499e+00 -3.849218237188200220e+00 5.538937659191453804e+02
1.300838498535778376e+00 1.394644765805630868e+03 -5.034940699380223705e+00 -6.748194310911034499e+00 -3.849218237188200220e+00 5.538937659191453804e+02
1.304285659749766957e+00 1.458453636589654252e+03 -5.526874192241681527e+00 -7.582303723319169464e+00 -4.157478701821622380e+00 5.014188410220299374e+02
1.303254933512732805e+00 1.442331961492465325e+03 -5.547424702045608669e+00 -7.451713793108366346e+00 -4.198400142138583924e+00 5.583376902515294660e+02
1.303254933512732805e+00 1.442331961492465325e+03 -5.547424702045608669e+00 -7.451713793108366346e+00 -4.198400142138583924e+00 5.583376902515294660e+02
1.304422577045219800e+00 1.301459353202207240e+03 -5.151174960610070741e+00 -6.683575805364903921e+00 -3.605822275241257202e+00 4.886129342529272890e+02
1.304422577045219800e+00 1.301459353202207240e+03 -5.151174960610070741e+00 -6.683575805364903921e+00 -3.605822275241257202e+00 4.886129342529272890e+02
1.303756233385011454e+00 1.330266948479233179e+03 -5.166066337000647657e+00 -6.774932156243695047e+00 -3.844179177843901840e+00 5.369249260795561440e+02
1.301743767504573990e+00 1.447248159699821372e+03 -5.424844600100063197e+00 -7.329259533169051544e+00 -3.959159438399851183e+00 5.187339509917294436e+02
1.303030971895980716e+00 1.426375219588971277e+03 -5.305217314321117428e+00 -6.852092317826603107e+00 -3.910282515799487157e+00 4.916945940875034466e+02
1.306061694231241077e+00 1.461189210032654955e+03 -5.822002853132483224e+00 -7.855475408904197820e+00 -4.100412213002416095e+00 4.484150055380691811e+02
1.306061694231241077e+00 1.461189210032654955e+03 -5.822002853132483224e+00 -7.855475408904197820e+00 -4.100412213002416095e+00 4.484150055380691811e+02
1.307997160603314279e+00 1.371254659114667902e+03 -5.931321088869169422e+00 -7.851509818814312425e+00 -4.040664482610710095e+00 4.801706744301984600e+02
1.306495858011168743e+00 1.298745892695154453e+03 -5.487135787551467025e+00 -7.451855609220968901e+00 -3.708881905499206155e+00 4.776450431297403156e+02
1.304969339938820694e+00 1.448913561608740338e+03 -5.678990620776559695e+00 -7.381288483512946641e+00 -3.906250484975320347e+00 4.035965406263326258e+02
1.303825524603061892e+00 1.409825547916173036e+03 -5.253955522671993172e+00 -7.159432286998807626e+00 -4.014741181209330989e+00 5.269602963118879870e+02
1.307990574745107271e+00 1.400126596075176622e+03 -6.025540407398862541e+00 -7.988920574451457313e+00 -3.981539945197791752e+00 4.242295616344267728e+02
1.307457815042726734e+00 1.318649304466312969e+03 -5.430534165853089235e+00 -7.148649361655320611e+00 -3.977867434239183098e+00 5.129993135981333126e+02
1.304712285964923613e+00 1.424004617444688847e+03 -5.639166636350123163e+00 -7.127124250960919838e+00 -3.869064480782155258e+00 4.213475748298969847e+02
1.304712285964923613e+00 1.424004617444688847e+03 -5.639166636350123163e+00 -7.127124250960919838e+00 -3.869064480782155258e+00 4.213475748298969847e+02
1.305541533746273686e+00 1.395795411315013098e+03 -5.781628928167862114e+00 -7.689170826244716928e+00 -3.871444402728256406e+00 4.591450804439305102e+02
1.305806319452495812e+00 1.380335446689223772e+03 -5.549447766149065764e+00 -7.224423422519285154e+00 -4.145744727625364057e+00 5.512775680559811917e+02
1.305548544633011954e+00 1.410396460514406726e+03 -5.633941830960147001e+00 -7.518925719551488029e+00 -4.232654942220024807e+00 5.463786601223073376e+02
1.303650679879047258e+00 1.382689575577611322e+03 -5.325762966048600333e+00 -7.210645859694880144e+00 -4.045593283578552857e+00 5.483787161963414292e+02
1.305169829100609524e+00 1.354842384847250969e+03 -5.436218021607368556e+00 -7.528584370898733447e+00 -3.652638273626530818e+00 4.385807665539075515e+02
1.301970371578431207e+00 1.476607120557786629e+03 -5.568546232239316218e+00 -7.005070581187783141e+00 -4.222548544137753268e+00 5.601727584999762257e+02
1.306177320028724331e+00 1.380038022833695322e+03 -5.883050793571166892e+00 -7.119850940324259803e+00 -3.825676823133635551e+00 4.427570365369579122e+02
1.301428999623482241e+00 1.450948284717525667e+03 -5.577133358646660710e+00 -6.885981902404452626e+00 -4.037026536271396182e+00 5.323205824370536448e+02
1.301428999623482241e+00 1.450948284717525667e+03 -5.577133358646660710e+00 -6.885981902404452626e+00 -4.037026536271396182e+00 5.323205824370536448e+02
1.308361336708409928e+00 1.394622738098026048e+03 -6.146604547034087318e+00 -7.577451439464146787e+00 -4.133431095212607431e+00 4.638355284046826910e+02
1.304628638894248294e+00 1.318883647867811305e+03 -5.122519868315237090e+00 -7.182442862495062030e+00 -3.695315341653296670e+00 5.028501340310888281e+02
1.307557911446166177e+00 1.401312447966829268e+03 -5.938521437956610249e+00 -7.392488818891475688e+00 -3.954215189385523743e+00 4.190169417204069759e+02
1.307188592157753071e+00 1.328944906860145238e+03 -5.412686917545745935e+00 -7.249329764902492812e+00 -3.821187558412468377e+00 4.730508614756233783e+02
1.305732520101468230e+00 1.325557971572844281e+03 -5.230121187763780988e+00 -6.881399715368341496e+00 -3.732551976840488450e+00 4.747222176911498082e+02
1.308767599238429336e+00 1.340633942639533188e+03 -5.741211398431336654e+00 -7.713447298937067487e+00 -3.916999191052488172e+00 4.497991771859180972e+02
1.302638768519768675e+00 1.391800467672656850e+03 -5.235007348000705996e+00 -7.186811397508653165e+00 -3.965604197743607173e+00 5.556294206201903307e+02
1.306005051001532635e+00 1.456811139310824274e+03 -5.848111207402798328e+00 -7.401637882216708597e+00 -4.123853869860614196e+00 4.503750754585641971e+02
1.307278790121977119e+00 1.310750432399088595e+03 -5.423394172337653529e+00 -7.292342213055260203e+00 -3.900534923444254787e+00 5.158324408905325527e+02
1.306701017860539160e+00 1.438571749276507262e+03 -5.876883904817978177e+00 -7.844064557683054772e+00 -4.028872936384673586e+00 4.195197474553438042e+02
1.307440934332511961e+00 1.406414940926287727e+03 -6.174150864318823650e+00 -7.537173515463050144e+00 -4.112567850081812360e+00 4.601106338808551754e+02
1.306901781580400712e+00 1.359759187758099415e+03 -5.587344914287057485e+00 -7.223420142388766507e+00 -4.087120367524208042e+00 5.259535962264321824e+02
1.305163403774524333e+00 1.434026509720505373e+03 -6.061730858619105433e+00 -7.687420904082149065e+00 -3.947843945273120880e+00 4.404190876379625479e+02
1.305163403774524333e+00 1.434026509720505373e+03 -6.061730858619105433e+00 -7.687420904082149065e+00 -3.947843945273120880e+00 4.404190876379625479e+02
1.308073594371351955e+00 1.354151059357630857e+03 -5.907688669004114601e+00 -7.737778533576229911e+00 -3.839829486368994793e+00 4.153812011430711664e+02
1.306784511627488987e+00 1.420164535297251405e+03 -6.172132920894094710e+00 -7.782674881414538781e+00 -4.097534442947248223e+00 4.715092327326558461e+02
1.307308180345648552e+00 1.357045666300996800e+03 -5.569062941950534196e+00 -7.273160920496279047e+00 -3.949775518219473369e+00 4.781513710912083752e+02
1.307189646828333718e+00 1.377686984328933704e+03 -5.889835866291490696e+00 -7.410860735060762039e+00 -3.864097518521543151e+00 4.375528034138335443e+02
1.307189646828333718e+00 1.377686984328933704e+03 -5.889835866291490696e+00 -7.410860735060762039e+00 -3.864097518521543151e+00 4.375528034138335443e+02
1.306957613660505668e+00 1.298261421014041844e+03 -5.357778914411311710e+00 -7.424542792864356144e+00 -3.846962944061486311e+00 5.016176271749175157e+02
1.306502106777189587e+00 1.361414224158239449e+03 -5.768224236003874239e+00 -7.510438412967340938e+00 -3.692931934173801167e+00 4.108473804010368440e+02
1.306273346885232778e+00 1.430103756296835854e+03 -5.936671740522843521e+00 -7.681128587264913321e+00 -3.892031712881482974e+00 4.110140228397347073e+02
1.308946352771583443e+00 1.302033147915890595e+03 -5.832186187440064451e+00 -7.555938767192649230e+00 -3.846306791999143826e+00 4.593114970950036877e+02
1.304689679843923589e+00 1.483976469258712996e+03 -5.817544675725265790e+00 -7.286863760033300608e+00 -4.072598538040257843e+00 4.396186416429691235e+02
1.301350915516823914e+00 1.523135716138336193e+03 -5.656709851758983554e+00 -7.342964145530446629e+00 -4.188975262427748092e+00 5.254820881034017930e+02
1.301350915516823914e+00 1.523135716138336193e+03 -5.656709851758983554e+00 -7.342964145530446629e+00 -4.188975262427748092e+00 5.254820881034017930e+02
1.307695644775438870e+00 1.350418082725021122e+03 -5.788154000199295268e+00 -7.568888722992142881e+00 -4.033460256944728428e+00 4.805097756425204807e+02
1.305839996167240891e+00 1.352020850908711054e+03 -5.610865980628131133e+00 -7.435134520930302138e+00 -3.720045886473288377e+00 4.270716925818808249e+02
1.308103335679374757e+00 1.342945578170208591e+03 -5.605886225584512772e+00 -7.710940307095867752e+00 -3.979997062708735101e+00 4.763738790666923251e+02
1.305361972229283296e+00 1.323569439189015156e+03 -5.333581803626256779e+00 -6.753494555046958503e+00 -3.822138683705192719e+00 5.180251428983237929e+02
1.305361972229283296e+00 1.323569439189015156e+03 -5.333581803626256779e+00 -6.753494555046958503e+00 -3.822138683705192719e+00 5.180251428983237929e+02
1.307684533162007057e+00 1.286755019592832468e+03 -5.534958555097217570e+00 -7.414192815416127402e+00 -3.709639575023304658e+00 4.655977193778917353e+02
1.300657065609491791e+00 1.466057576878547707e+03 -5.311737831924290276e+00 -6.890605942585603216e+00 -3.839520233140703454e+00 4.790682447187655271e+02
1.302722657417089147e+00 1.513966366341433286e+03 -5.986873740092218732e+00 -7.257947021913066621e+00 -4.015271102285177030e+00 4.414084316953199050e+02
1.302722657417089147e+00 1.513966366341433286e+03 -5.986873740092218732e+00 -7.257947021913066621e+00 -4.015271102285177030e+00 4.414084316953199050e+02
1.303806604332260033e+00 1.403451410213080180e+03 -5.281309230038912617e+00 -7.157785803858183193e+00 -4.026619793285816762e+00 5.187450234181981159e+02
1.304089104668900490e+00 1.413529445031965679e+03 -5.850168865047996825e+00 -7.181434066601386057e+00 -3.788697114594555160e+00 4.342709603624391548e+02
1.306624908603688962e+00 1.344273940381182229e+03 -5.447377581378483491e+00 -7.653755156650456470e+00 -3.771974567689142077e+00 4.516438394945346317e+02
1.305983572759594535e+00 1.357795314096890252e+03 -5.555669387946699622e+00 -7.699191194291291396e+00 -3.962015603532091035e+00 5.008988170485740739e+02
1.305877988252464483e+00 1.441209532432903643e+03 -5.764811761383881183e+00 -7.743358593750595986e+00 -4.133477670972981244e+00 4.878832796165370382e+02
1.301937246607568710e+00 1.399080550959286484e+03 -5.360241947503070037e+00 -6.841834084626611023e+00 -3.696037396759006555e+00 4.643306298967258954e+02
1.301854129290139994e+00 1.481059226706916434e+03 -5.685166436655754829e+00 -7.231754639560394438e+00 -3.814246857074168773e+00 4.214896958245244605e+02
1.303733396173954784e+00 1.508012300540540082e+03 -5.965089558750692689e+00 -7.523731147305374733e+00 -3.979856246094275463e+00 4.087977391903311855e+02
1.302369082881171369e+00 1.459674786220735086e+03 -5.641569796345784482e+00 -7.298486333370149737e+00 -4.149911097683890659e+00 5.425541571468729671e+02
1.305701768664450535e+00 1.411343691458832836e+03 -5.899381901902010839e+00 -7.564648070711974981e+00 -3.826345452085007537e+00 4.025473737501411051e+02
1.306101923395796449e+00 1.416197342781408679e+03 -5.949204625145588565e+00 -7.815841907177578207e+00 -3.891476765174298080e+00 4.194596065561215710e+02
1.304481534022677192e+00 1.392345883618978633e+03 -5.654540281033715310e+00 -7.074233919198875675e+00 -3.695589201568061810e+00 4.118447266918747118e+02
1.304864439558707900e+00 1.433809616378730652e+03 -5.807245373966088309e+00 -7.823512027707108629e+00 -4.056715981282517980e+00 4.823198269727843126e+02
1.304762250837519177e+00 1.355320591952470295e+03 -5.182486495054235753e+00 -7.339467566848584923e+00 -3.833290125618312061e+00 4.921428660971837417e+02
1.303396366735281697e+00 1.507573546536711092e+03 -5.977236522550525955e+00 -7.331960877478088889e+00 -4.001853172817786408e+00 4.253957765684183414e+02
1.303590907785971309e+00 1.364202746395455051e+03 -5.295334157757634053e+00 -6.693773970566294196e+00 -3.935016489585210664e+00 5.421018938807371796e+02
1.303841763422864508e+00 1.352872207910039833e+03 -5.140620655037390740e+00 -7.067319925630388688e+00 -3.604747379967445653e+00 4.478787381327010735e+02
1.305978642252554334e+00 1.407163155541622700e+03 -5.996462243244184087e+00 -7.730432270305907849e+00 -4.052916941895045255e+00 4.809454851911359583e+02
1.303325266010048056e+00 1.359412864751449661e+03 -5.186012450733843870e+00 -6.696082968157969439e+00 -3.897827324007979044e+00 5.459037024742076483e+02
1.302988651307640522e+00 1.378212959182575560e+03 -5.436593437897109915e+00 -7.061146570098691733e+00 -3.896009106871311189e+00 5.257029064062191992e+02
1.307556118636793663e+00 1.371713919250502840e+03 -5.698796492405936220e+00 -7.794157399662967833e+00 -3.925195164123866931e+00 4.492386129698547848e+02
1.307936288179597728e+00 1.377874032716285456e+03 -6.052354952314222380e+00 -7.709549641486272975e+00 -4.015578698456650386e+00 4.466014447143970756e+02
1.307243528317192816e+00 1.396400976758977777e+03 -6.067157064743047279e+00 -7.641247355685341525e+00 -4.139777041281679004e+00 4.841698202584329920e+02
1.306912321120373699e+00 1.405018069140508942e+03 -5.722073114406874161e+00 -7.781735628961891749e+00 -3.966055233387386636e+00 4.371607953113698386e+02
1.306912321120373699e+00 1.405018069140508942e+03 -5.722073114406874161e+00 -7.781735628961891749e+00 -3.966055233387386636e+00 4.371607953113698386e+02
1.307504310509305601e+00 1.307519539846759017e+03 -5.732621435325953918e+00 -7.258715085223395924e+00 -3.900704358216991352e+00 5.027123937835028755e+02
1.303939229317257142e+00 1.453528912158052663e+03 -5.830742722343987161e+00 -7.421049042238483828e+00 -3.997489123977246095e+00 4.834018172293101543e+02
1.306131704347741618e+00 1.406819773649036506e+03 -5.676884111291588653e+00 -7.268581333554665846e+00 -3.884580546227553555e+00 4.201219211470270238e+02
1.305539722093463029e+00 1.325295396304069527e+03 -5.260850837607322639e+00 -7.172895098976535877e+00 -3.827778651346163130e+00 5.167191336950393179e+02
1.305395645423240936e+00 1.337761264841621369e+03 -5.577922824031786853e+00 -7.229319043293201297e+00 -3.658694388686516419e+00 4.415654215685590316e+02
1.302801936629974566e+00 1.528407548585825907e+03 -5.946127935625395544e+00 -7.302159469879462961e+00 -4.166121856661090916e+00 4.770784656652028843e+02
1.306317353909893564e+00 1.403995569335484561e+03 -6.111446104791268041e+00 -7.582618610006186088e+00 -3.961748317015185705e+00 4.528612106717964707e+02
1.306304556284296980e+00 1.332291751491054356e+03 -5.635563904730697793e+00 -6.987020989874423549e+00 -3.773795506290367641e+00 4.732353539751870812e+02
1.302502113814728579e+00 1.399226638886837463e+03 -5.417810761611429271e+00 -7.157617224724568850e+00 -3.764298171209418342e+00 4.850762392514561725e+02
1.306415054147463950e+00 1.386724712034132608e+03 -5.596779726138686684e+00 -7.463803721161199611e+00 -3.932368847889794239e+00 4.674480933384700165e+02
1.304507792104753872e+00 1.457956017499884410e+03 -5.767670535105566820e+00 -7.601945954910600101e+00 -3.905534160045590397e+00 4.064280129477367609e+02
1.306127252889210055e+00 1.436384390043900339e+03 -6.034333398521449787e+00 -7.392910833489987787e+00 -4.141908808970545586e+00 4.869789439999831302e+02
1.306127252889210055e+00 1.436384390043900339e+03 -6.034333398521449787e+00 -7.392910833489987787e+00 -4.141908808970545586e+00 4.869789439999831302e+02
1.307649318720395915e+00 1.393454991731992095e+03 -5.845080486996763192e+00 -7.514978679618765867e+00 -4.072884355066912043e+00 4.726918682256332431e+02
1.304914869896435459e+00 1.465024606702613482e+03 -5.873682683213528932e+00 -7.468657130518487008e+00 -3.990557253739156707e+00 4.153621180302895937e+02
1.303630985631089256e+00 1.474374043292730903e+03 -5.729503839271402832e+00 -7.655076530506010002e+00 -4.176321510653647096e+00 5.141554287737308186e+02
1.304958260295130623e+00 1.488298332900849346e+03 -6.005797635943984858e+00 -7.384787715654336893e+00 -4.157733753409123878e+00 4.551731062301628299e+02
1.303627360325081641e+00 1.366598118037504264e+03 -5.331024146627595606e+00 -7.260915187613179000e+00 -3.731695655914855081e+00 4.832862658908566118e+02
1.304043359342472730e+00 1.372395439113151269e+03 -5.422069502482925962e+00 -6.923014099733485693e+00 -3.762249059766043402e+00 4.588379565933250888e+02
1.306403960892186245e+00 1.424298082505568573e+03 -6.131762002164209413e+00 -7.533127298057140209e+00 -3.966760946200251325e+00 4.239713787297846466e+02
1.305164374320417764e+00 1.387702430426847286e+03 -5.410743974657372668e+00 -7.429839012483482996e+00 -3.886711167596681449e+00 4.567332053210534468e+02
1.304461051342144851e+00 1.437310814372171762e+03 -5.745400969355046072e+00 -7.426650489714148762e+00 -4.031419764151320528e+00 4.634373625136868213e+02
1.307685669180008059e+00 1.350541596496577540e+03 -5.853562705079796480e+00 -7.721962782127690161e+00 -3.962369021388546741e+00 4.655259110687409247e+02
1.305200774749575743e+00 1.310277326569833349e+03 -5.174005957303666747e+00 -6.920806593785108873e+00 -3.649207984808549909e+00 4.789478739836797558e+02
1.305266467191543045e+00 1.366240895319097717e+03 -5.396108999682284413e+00 -7.051055294525890638e+00 -3.985143653986558121e+00 5.069694141479128575e+02
1.303142416964643058e+00 1.425268139705203339e+03 -5.303198166136506408e+00 -7.328913895540031476e+00 -3.999437820115684161e+00 5.104014234356809538e+02
1.305768289388200554e+00 1.319533190901884154e+03 -5.579934242665208544e+00 -7.024679583783388637e+00 -3.779317559942791505e+00 4.939059851383672139e+02
1.304730964725255182e+00 1.418706937490876044e+03 -5.686734109355810141e+00 -6.961688326290889073e+00 -4.050564577163746627e+00 5.023550099215158298e+02
1.308293593988855141e+00 1.351184403715318695e+03 -5.902797086937367155e+00 -7.496520632366735271e+00 -4.048768026146749577e+00 4.873626420150112608e+02
1.306172804119911657e+00 1.377665930746380809e+03 -5.472856870785482108e+00 -7.614679066944209040e+00 -3.991837298234255371e+00 4.877323567903172261e+02
1.304934873921225202e+00 1.419160508067843693e+03 -5.598950430740099016e+00 -7.125630588223187623e+00 -3.846308030546753187e+00 4.243920498749246235e+02
1.304627749160408356e+00 1.394051511725904675e+03 -5.841092988935143282e+00 -7.275873772877736734e+00 -3.985918753841527717e+00 5.041146998509191235e+02
1.304651542535561148e+00 1.489140082365814806e+03 -6.023790046264953624e+00 -7.730429390262617773e+00 -4.071020416749568938e+00 4.420723291616027382e+02
1.303515001325054490e+00 1.438286877126458876e+03 -5.469326054103476942e+00 -7.024281550316236356e+00 -3.987444712816820669e+00 4.968944760482529546e+02
1.304488219743246580e+00 1.360360086240419150e+03 -5.349601525217389408e+00 -7.182207194361402536e+00 -3.935647687464911115e+00 5.400118949709692515e+02
1.302040296020418708e+00 1.423389823114137016e+03 -5.304531655354387532e+00 -7.271404008526245022e+00 -3.848949134946511919e+00 4.941664397731451572e+02
1.306487571552774396e+00 1.319569926392370462e+03 -5.332889555544192639e+00 -7.127163831506752700e+00 -3.759664416262065600e+00 4.645437089119704979e+02
1.304387727649574114e+00 1.354701354219527730e+03 -5.373763417896929795e+00 -7.196492547384045757e+00 -3.800991510589499356e+00 5.095650149012822112e+02
1.302124059966347280e+00 1.446090372285048034e+03 -5.327290474260665931e+00 -7.291914940148343405e+00 -3.904705304431038471e+00 4.863023852795454331e+02
1.305358407901411777e+00 1.401780511703488855e+03 -5.976673487629954096e+00 -7.302453595929469188e+00 -4.030026720280009300e+00 4.998461375006670551e+02
1.306668024629253910e+00 1.414560493994978515e+03 -5.843043618808104078e+00 -7.851411878530830890e+00 -4.076837363884458831e+00 4.760869440478827528e+02
1.305297808279937577e+00 1.382598409661000460e+03 -5.644563540278366709e+00 -7.561059083876135567e+00 -3.827185787379242754e+00 4.424836914003151378e+02
1.307955201939891010e+00 1.354076609641337200e+03 -5.819621489916724677e+00 -7.370379659773649728e+00 -3.891512358230748703e+00 4.477140114635626560e+02
1.303501435368123573e+00 1.435717356375484997e+03 -5.402634576545799483e+00 -7.111249629417841334e+00 -3.885867462404398509e+00 4.611060284854020210e+02
1.304088858680368279e+00 1.363561351514249054e+03 -5.261497093307763606e+00 -6.871510981719969102e+00 -3.961492602834509213e+00 5.365387882526174508e+02
1.304341867465385274e+00 1.480660393455418443e+03 -5.965206031049646640e+00 -7.480578936876960405e+00 -3.960043446796575495e+00 4.097637105181358947e+02
1.304467704047068688e+00 1.439789031613663610e+03 -5.704483458468030399e+00 -7.371902114462789868e+00 -4.096905782646572014e+00 4.840995686704159198e+02
1.305473847656442254e+00 1.332466174394816107e+03 -5.599575323101436908e+00 -7.028583835292395499e+00 -3.873708467413177203e+00 5.136066167268534173e+02
1.303958518723711046e+00 1.462552317620446729e+03 -5.860798498389764077e+00 -7.686913081199372222e+00 -3.978457445756500732e+00 4.510917464958272376e+02
1.304304945961860307e+00 1.438938756722630387e+03 -5.931127320116296175e+00 -7.268366435226662148e+00 -3.890245580772738521e+00 4.317667119647198888e+02
1.303237138480056068e+00 1.348477908895687506e+03 -5.113488646716474406e+00 -6.888407329368379628e+00 -3.692120537062701047e+00 4.971279623777099914e+02
1.304908299766772251e+00 1.456926918346422099e+03 -6.056643216818150322e+00 -7.551935143150520169e+00 -4.047417860032989090e+00 4.624107004722968668e+02
1.303529346696147728e+00 1.501845143511870219e+03 -5.883197518084023692e+00 -7.593670979299786516e+00 -4.066670330821660961e+00 4.583387131496174334e+02
1.305484544869594643e+00 1.372440306328728639e+03 -5.501984935136268184e+00 -7.441553371860802457e+00 -3.722682249196662241e+00 4.344859845167052299e+02
1.304764276069952711e+00 1.411414684439363100e+03 -5.410346540524525238e+00 -7.295965747840457816e+00 -4.040375580427841840e+00 4.973652490234530887e+02
1.305473377115633049e+00 1.410737521099232708e+03 -5.768445627214089377e+00 -7.320339008792716484e+00 -4.171055981440888516e+00 5.181585515480176127e+02
1.306247526608135923e+00 1.404548221610659311e+03 -5.793118695686658270e+00 -7.730384441116685323e+00 -4.147792856491625102e+00 5.101749335979536681e+02
1.305073177888528280e+00 1.319769414378022702e+03 -5.239821910311754039e+00 -7.048011942112418105e+00 -3.685672245929044522e+00 4.737342012413787415e+02
1.303808257196880760e+00 1.361826475249280975e+03 -5.340738204860347338e+00 -7.286558784354439489e+00 -3.800022305882354345e+00 4.984897952160442856e+02
1.306406319989858122e+00 1.304831396863984537e+03 -5.444445172357524676e+00 -7.248118809123988093e+00 -3.780758745836475754e+00 5.033910934435493800e+02
1.301275804678704073e+00 1.510474283125874081e+03 -5.651397304424969015e+00 -7.233225444167676876e+00 -4.088012626782926873e+00 4.987248919675621437e+02
1.302136917266130567e+00 1.435301432259429248e+03 -5.323121951977616284e+00 -6.950523552960511608e+00 -3.876429520486059488e+00 4.753457246694024434e+02
1.304148204868486705e+00 1.402140955387331360e+03 -5.772208169991720261e+00 -7.275832384033151357e+00 -3.904208355630478522e+00 4.773306897839927387e+02
1.305725376407198102e+00 1.429364828504004208e+03 -6.063013450655637016e+00 -7.571990124508526598e+00 -4.112657852227243005e+00 4.824632112525023331e+02
1.303640425178079099e+00 1.419780469185165884e+03 -5.447276785143058575e+00 -7.016286735264233521e+00 -4.105009778656013353e+00 5.448879274568732853e+02
1.303295721828746645e+00 1.363114862518799782e+03 -5.203021960675403790e+00 -6.742421044805140262e+00 -3.742362642987046684e+00 4.914353853788372817e+02
1.304823116064476096e+00 1.396376880571390075e+03 -5.776459213813382121e+00 -7.165708893495512655e+00 -3.884161161677244678e+00 4.551461241132797113e+02
1.306855539101928088e+00 1.363845430202336502e+03 -5.799901695843953320e+00 -7.256737988203740386e+00 -3.936130124363382166e+00 4.824866496574775283e+02
1.305769951816353913e+00 1.386790623514810704e+03 -5.914987822716597066e+00 -7.211428073804926342e+00 -3.912720922138118951e+00 4.594797213654569532e+02
1.304019865029824254e+00 1.391948920618146531e+03 -5.563212701840740237e+00 -6.989019919631529909e+00 -3.817518449652043344e+00 4.813781632373879802e+02
1.306870757774685643e+00 1.355549626951940809e+03 -5.647382893613137611e+00 -7.128561603293675830e+00 -3.952149554187931457e+00 4.843854929594820078e+02
1.303942602718352717e+00 1.421751707648453703e+03 -5.439660966089123306e+00 -7.409493828632570889e+00 -3.862943200591233861e+00 4.640537175406414008e+02
1.305637717455266689e+00 1.338839887953004563e+03 -5.340469793400950849e+00 -7.002328301074848049e+00 -3.941135324103221649e+00 5.267094483085695629e+02
1.305739788945643021e+00 1.393263960869356197e+03 -5.560372184419790642e+00 -7.544867514400352526e+00 -4.052518887817814885e+00 4.939475514660998670e+02
1.303040921296609866e+00 1.415011255779420935e+03 -5.292435117854359383e+00 -6.969399556858654421e+00 -3.833010200474472384e+00 4.655793543173219859e+02
1.304537460282046979e+00 1.454930770445600729e+03 -5.938432039811538665e+00 -7.655671037730908957e+00 -3.941762854862240317e+00 4.329943906050405076e+02
1.303435125217615509e+00 1.496184846213289120e+03 -5.739297701010261932e+00 -7.554158646362004070e+00 -4.036756092630633397e+00 4.470929389755008287e+02
1.303638734429905410e+00 1.454339631772886833e+03 -5.810262222808676214e+00 -7.154574312343733311e+00 -4.108272579582108008e+00 5.197054444982040877e+02
1.303791614152970846e+00 1.463075286710135060e+03 -5.921510179100788029e+00 -7.162048028595572546e+00 -4.136756328949586781e+00 5.058928765885364101e+02
1.305093463814319676e+00 1.390503361719531085e+03 -5.473243199739231457e+00 -7.535398697770378185e+00 -3.966702473144245289e+00 5.020104012402582612e+02
1.304916919177785850e+00 1.403273295991557916e+03 -5.587805431959040448e+00 -7.555217754406282182e+00 -3.968510727119213044e+00 4.981975184888010517e+02
1.307684131475788103e+00 1.342545002404224761e+03 -5.683039186074481997e+00 -7.557266818722100155e+00 -3.823874160261983235e+00 4.348931864481037337e+02
1.305794594776726658e+00 1.419557496505733980e+03 -5.983374912100744680e+00 -7.544716845727044152e+00 -3.921464151219037575e+00 4.254803845282212933e+02
1.303689459129636408e+00 1.407781484848619812e+03 -5.457205302408241643e+00 -6.925422159060476979e+00 -4.064737559104265152e+00 5.410277170425836175e+02
1.305528801895643909e+00 1.356230180066273533e+03 -5.476782924322768586e+00 -7.451305069652004676e+00 -3.862034606501682177e+00 4.747508777481716606e+02
1.302825158557165519e+00 1.420044740111604369e+03 -5.487880316910032974e+00 -7.103127298757235586e+00 -3.757492284374780667e+00 4.378989630388489331e+02
1.302784668724631167e+00 1.411441202967316258e+03 -5.352479921879159441e+00 -7.025692213949962905e+00 -4.061473092499666038e+00 5.529243330429117123e+02
1.305359295335184688e+00 1.427193729169494873e+03 -5.634659601941220508e+00 -7.357404685206565098e+00 -4.154133946148397705e+00 5.087080512503882801e+02
1.304098799337348513e+00 1.395307207002794712e+03 -5.670130691838672909e+00 -7.231062749349666419e+00 -3.950682058053271106e+00 5.132352492400227675e+02
1.305848154832771169e+00 1.400007561685894416e+03 -5.713613774797789091e+00 -7.541613474787042470e+00 -3.892199950179861645e+00 4.445662335508104661e+02
1.304986906933328195e+00 1.397355488050523036e+03 -5.568824470002454952e+00 -7.364098100499645305e+00 -3.972190808225285252e+00 4.943801218147236796e+02
1.304986906933328195e+00 1.397355488050523036e+03 -5.568824470002454952e+00 -7.364098100499645305e+00 -3.972190808225285252e+00 4.943801218147236796e+02
1.305908358452903206e+00 1.350154146489819141e+03 -5.432789290066338594e+00 -7.403388966772529223e+00 -3.924427498873948039e+00 5.005367338567216393e+02
1.305908358452903206e+00 1.350154146489819141e+03 -5.432789290066338594e+00 -7.403388966772529223e+00 -3.924427498873948039e+00 5.005367338567216393e+02
1.306637077286522564e+00 1.340654150381587897e+03 -5.589757582778054790e+00 -7.103068870721331862e+00 -3.942258739196551787e+00 5.052919252074123051e+02
1.304718579495621977e+00 1.402517999397682843e+03 -5.437503166010371203e+00 -7.201827003824865514e+00 -3.841423290646451605e+00 4.571412373772072897e+02
1.302633234560896636e+00 1.473724963581059001e+03 -5.491903898194037126e+00 -7.159942131920337793e+00 -4.087830386438899843e+00 5.094166281305442681e+02
1.303276961013218438e+00 1.476817648220212050e+03 -5.702695228540176409e+00 -7.391591263722898653e+00 -4.065215335938843211e+00 4.682219173101048000e+02
1.304831475509674155e+00 1.402095713314819022e+03 -5.737207167129716012e+00 -7.541013857402531606e+00 -3.929597939001190809e+00 4.766909300894387798e+02
1.302719490523824630e+00 1.430732395713035658e+03 -5.621580325788142929e+00 -6.931617970183545197e+00 -3.930075444295304976e+00 5.012659319932486142e+02
1.303496959418036560e+00 1.389271790507805463e+03 -5.467970985400724793e+00 -6.917903161959502611e+00 -3.861185921059142601e+00 5.031210604298323688e+02
1.303473929528189634e+00 1.474569432163457122e+03 -5.869171248389903006e+00 -7.508003184194685709e+00 -4.136669315134716030e+00 5.068430757683649972e+02
1.306042092959718959e+00 1.352485050764649259e+03 -5.570015905205251805e+00 -7.415265714924365703e+00 -3.872176784530090288e+00 4.832620142861899240e+02
1.303576052045015032e+00 1.483254839084783953e+03 -5.931557429864987796e+00 -7.438428192300510666e+00 -4.098470846268083889e+00 4.783324307129673798e+02
1.306168155875108150e+00 1.394109046907500897e+03 -5.675163557989681529e+00 -7.494117751809167061e+00 -3.996818165461801797e+00 4.665085613708033634e+02
1.304894477103451633e+00 1.400581006849274218e+03 -5.730004313513790137e+00 -7.488655884912680527e+00 -3.922039820080822636e+00 4.755214570435516634e+02
1.305259013194762563e+00 1.409739911514049709e+03 -5.794920501018711256e+00 -7.357293971536364552e+00 -4.001620992187812753e+00 4.804087044068969590e+02
1.305259013194762563e+00 1.409739911514049709e+03 -5.794920501018711256e+00 -7.357293971536364552e+00 -4.001620992187812753e+00 4.804087044068969590e+02
1.304521967186925702e+00 1.405243707897531522e+03 -5.588531329732557396e+00 -7.534952775694170768e+00 -3.992162697814652716e+00 5.041405109583358808e+02
1.305311546633333153e+00 1.362366363532349396e+03 -5.452955976609794142e+00 -7.427931222888447316e+00 -3.812248759824573341e+00 4.665776343324837399e+02
1.302955217371204233e+00 1.420782482298538071e+03 -5.386565171148535391e+00 -7.154513035859302761e+00 -3.844167703367078914e+00 4.735947456123062693e+02
1.302955217371204233e+00 1.420782482298538071e+03 -5.386565171148535391e+00 -7.154513035859302761e+00 -3.844167703367078914e+00 4.735947456123062693e+02
1.303960059981786657e+00 1.449674114670780227e+03 -5.681172083170249465e+00 -7.045097554671931661e+00 -4.018136211501595056e+00 4.719951650471789435e+02
1.304322238624626484e+00 1.346251520571039009e+03 -5.310643736868675191e+00 -7.145031100451154416e+00 -3.760191661419291620e+00 4.901651928192145533e+02
1.303772768157140272e+00 1.413397258559363991e+03 -5.488425581509022599e+00 -7.121006818337038524e+00 -3.852238817418768946e+00 4.681488748586309612e+02
1.303772768157140272e+00 1.413397258559363991e+03 -5.488425581509022599e+00 -7.121006818337038524e+00 -3.852238817418768946e+00 4.681488748586309612e+02
1.306697042273028853e+00 1.348842993034120354e+03 -5.672327239929066067e+00 -7.255083756559016273e+00 -3.956262218970522326e+00 4.912649186334563183e+02
1.306880716969609058e+00 1.364766979418089477e+03 -5.816997836100182617e+00 -7.626076895755256935e+00 -3.943901788521369411e+00 4.782454782707773120e+02
1.304762624355070288e+00 1.404957074333139417e+03 -5.609531290507999479e+00 -7.113108437987599508e+00 -4.049502338186300676e+00 5.052842944646079104e+02
1.304762624355070288e+00 1.404957074333139417e+03 -5.609531290507999479e+00 -7.113108437987599508e+00 -4.049502338186300676e+00 5.052842944646079104e+02
1.306095334751418813e+00 1.432515798474488520e+03 -5.964163045272032448e+00 -7.503876470389633901e+00 -3.989860643023675379e+00 4.387656625059662474e+02
1.305450469767571953e+00 1.349766447172815333e+03 -5.422182758421583593e+00 -7.178945621719652337e+00 -3.739354525417301289e+00 4.599149049584182194e+02
1.303911665022608135e+00 1.450297864359876485e+03 -5.637603113309623382e+00 -7.435334077807410402e+00 -4.095628982388622497e+00 5.130353671027405653e+02
1.305296886731700967e+00 1.404783221545483229e+03 -5.616728861917339444e+00 -7.293151776780613993e+00 -4.003282433347065350e+00 4.784951334255945312e+02
1.304587674138967035e+00 1.434965301999563735e+03 -5.699474606494098872e+00 -7.360161503847457709e+00 -4.032410650716642841e+00 4.844298719649311806e+02
1.304587674138967035e+00 1.434965301999563735e+03 -5.699474606494098872e+00 -7.360161503847457709e+00 -4.032410650716642841e+00 4.844298719649311806e+02
1.304699572096758020e+00 1.410602490960369096e+03 -5.594332560145383937e+00 -7.306479069100787704e+00 -4.076514450688308422e+00 5.104534369650837107e+02
1.304699572096758020e+00 1.410602490960369096e+03 -5.594332560145383937e+00 -7.306479069100787704e+00 -4.076514450688308422e+00 5.104534369650837107e+02
1.305711061701204212e+00 1.355477415878494412e+03 -5.563050513617678661e+00 -7.203679484958973589e+00 -3.959961675034110229e+00 5.188493149764399277e+02
1.306378853484212677e+00 1.378203084564712753e+03 -5.769141969546744519e+00 -7.212616445839458379e+00 -4.022723875420910034e+00 4.900096118660324009e+02
1.303710960052461454e+00 1.391840795702380092e+03 -5.418707513201654002e+00 -7.045266391602110545e+00 -3.887338142403226726e+00 4.931215439205655002e+02
1.303710960052461454e+00 1.391840795702380092e+03 -5.418707513201654002e+00 -7.045266391602110545e+00 -3.887338142403226726e+00 4.931215439205655002e+02
1.304564460497203315e+00 1.395048067792927213e+03 -5.403928886768497364e+00 -7.387165863176234915e+00 -3.865411056805726275e+00 4.607458953837781337e+02
1.302454629798814656e+00 1.449132985139131051e+03 -5.539192437177153927e+00 -7.014217178765425942e+00 -3.936890091418746351e+00 4.725296628275998501e+02
1.305661753963087701e+00 1.376610835746378370e+03 -5.811533072784680343e+00 -7.353720940214143909e+00 -3.859637160722316551e+00 4.622351909085552961e+02
1.302379022361478178e+00 1.461233554955151021e+03 -5.625989475454413302e+00 -7.209501828133460855e+00 -4.012628420202158708e+00 5.013688522237403049e+02
1.305228244211470878e+00 1.464976894590818347e+03 -5.971867973927646567e+00 -7.747810261576814739e+00 -4.080845327168256098e+00 4.558370435279016419e+02
1.305060154461913369e+00 1.412391680279389675e+03 -5.639495760459688256e+00 -7.352919992937090754e+00 -3.930081455136345880e+00 4.643236474039058521e+02
1.305060154461913369e+00 1.412391680279389675e+03 -5.639495760459688256e+00 -7.352919992937090754e+00 -3.930081455136345880e+00 4.643236474039058521e+02
1.305060154461913369e+00 1.412391680279389675e+03 -5.639495760459688256e+00 -7.352919992937090754e+00 -3.930081455136345880e+00 4.643236474039058521e+02
1.303268477513319645e+00 1.470113257341134840e+03 -5.796695712199196215e+00 -7.332799829810281445e+00 -4.105316584814006298e+00 4.950539515033492535e+02
1.304584518124914272e+00 1.375921700693575758e+03 -5.380415267489023101e+00 -7.240108967671388562e+00 -3.877976841705242705e+00 4.786409887399470335e+02
1.304453196758201150e+00 1.436056143610668641e+03 -5.685713311147560844e+00 -7.323657109727625070e+00 -3.911297112936120257e+00 4.405859815110479758e+02
1.306603827862184541e+00 1.386730044532589091e+03 -5.764827335957187771e+00 -7.330353684745299248e+00 -4.025615432444793029e+00 4.749300502827188666e+02
1.306603827862184541e+00 1.386730044532589091e+03 -5.764827335957187771e+00 -7.330353684745299248e+00 -4.025615432444793029e+00 4.749300502827188666e+02
1.304714822518134421e+00 1.344046019924436678e+03 -5.409647677527113174e+00 -7.259229072188537302e+00 -3.762759504783998565e+00 4.911113503110168494e+02
1.302803347346676244e+00 1.460927327518435504e+03 -5.531706478821666551e+00 -7.059419800751400409e+00 -3.899420080108917830e+00 4.506492089921500792e+02
1.306100747552271457e+00 1.373037602862332733e+03 -5.751716888329452715e+00 -7.430293249327599270e+00 -3.976318580423674476e+00 4.871396785159865885e+02
1.306100747552271457e+00 1.373037602862332733e+03 -5.751716888329452715e+00 -7.430293249327599270e+00 -3.976318580423674476e+00 4.871396785159865885e+02
1.304284939953242572e+00 1.471203683265408245e+03 -5.822941880753988997e+00 -7.381687272579982029e+00 -4.154060229627868139e+00 4.989147038870705728e+02
1.304796208139578750e+00 1.430997717091661343e+03 -5.683024621438168111e+00 -7.209314057740984438e+00 -3.965325508426403189e+00 4.599227291176787276e+02
1.304406229287606855e+00 1.427207721782195904e+03 -5.629987413437649302e+00 -7.349389339842119284e+00 -3.977786948464968830e+00 4.690534098242219443e+02
1.304406229287606855e+00 1.427207721782195904e+03 -5.629987413437649302e+00 -7.349389339842119284e+00 -3.977786948464968830e+00 4.690534098242219443e+02
1.302161257001924533e+00 1.415061706136972134e+03 -5.360994739344533855e+00 -7.035380841819645070e+00 -3.890399427029652912e+00 5.142616905169061283e+02
1.306511231960643782e+00 1.340567810140987604e+03 -5.517285334016730047e+00 -7.432895027134253318e+00 -3.771580205332602631e+00 4.457462392065147014e+02
1.304914949299045279e+00 1.427990761391567958e+03 -5.878630723792825030e+00 -7.369906384722503034e+00 -4.071338729404376799e+00 5.028330999333595628e+02
1.304625795711513714e+00 1.392168045448041539e+03 -5.469356098699865498e+00 -7.248271360516081785e+00 -3.930902339957713210e+00 4.853938064085139104e+02
1.304625795711513714e+00 1.392168045448041539e+03 -5.469356098699865498e+00 -7.248271360516081785e+00 -3.930902339957713210e+00 4.853938064085139104e+02
1.302327734597213071e+00 1.462534966691154068e+03 -5.427729353402889423e+00 -7.166112163647466282e+00 -3.975454220943220207e+00 4.825515000127975327e+02
1.304704001013194725e+00 1.401776158457767906e+03 -5.564824445796618058e+00 -7.346416307230258624e+00 -3.909360702193202641e+00 4.833398087597847734e+02
1.304704001013194725e+00 1.401776158457767906e+03 -5.564824445796618058e+00 -7.346416307230258624e+00 -3.909360702193202641e+00 4.833398087597847734e+02
1.302486741848781548e+00 1.466817754009625105e+03 -5.664361245321021698e+00 -7.226082630478348534e+00 -3.940132737868820456e+00 4.670186803036476704e+02
1.303662337723123121e+00 1.424798206005102202e+03 -5.607483582364138464e+00 -7.316621201802083974e+00 -4.047640502991528777e+00 5.176795636903254945e+02
1.302078423910130622e+00 1.449969071844308473e+03 -5.498987979804167203e+00 -7.015679651300548159e+00 -3.990992575496074224e+00 5.067382028720901417e+02
1.304716638738540935e+00 1.404162439657252435e+03 -5.760416048797076805e+00 -7.109110050978515893e+00 -4.044533736720183015e+00 5.166452972015520118e+02
1.303019692071607283e+00 1.426029605993649511e+03 -5.398711509660389929e+00 -7.024088929651422397e+00 -3.988220235974210937e+00 5.033492831813291559e+02
1.304480583264278737e+00 1.381564504882268920e+03 -5.318455170228540752e+00 -7.052540810926863024e+00 -3.819222998020874726e+00 4.629153799361083657e+02
1.304304243868056101e+00 1.374178887234176045e+03 -5.302864943375848128e+00 -6.982382608420183878e+00 -3.849148886391178692e+00 4.894750691750837177e+02
1.306836699591978457e+00 1.420671730010684769e+03 -5.936033918546711696e+00 -7.721369004910708433e+00 -4.064273559443335238e+00 4.619401063868515394e+02
1.303620470472035109e+00 1.397952124531376739e+03 -5.453763785321820379e+00 -6.935266144293564139e+00 -3.923069026948885707e+00 5.087097345574345582e+02
1.302347140018183413e+00 1.464982834189884898e+03 -5.638617964391586135e+00 -7.251731227670244806e+00 -4.061067262305297909e+00 5.115483645011001954e+02
1.306153806340973000e+00 1.381956108033308738e+03 -5.722177413288842551e+00 -7.412670752357813697e+00 -3.954261862369056857e+00 4.674082990546662586e+02
1.306153806340973000e+00 1.381956108033308738e+03 -5.722177413288842551e+00 -7.412670752357813697e+00 -3.954261862369056857e+00 4.674082990546662586e+02
1.304534336688548013e+00 1.402973088204041687e+03 -5.701777968852183243e+00 -7.338309778765475855e+00 -4.045649327612030888e+00 5.137608875919613638e+02
1.307164817893244013e+00 1.353993685454557635e+03 -5.725242436574930593e+00 -7.384019886265781096e+00 -3.919750120679395877e+00 4.759437949017356004e+02
1.304565971991088258e+00 1.379346588674945679e+03 -5.457250318762523200e+00 -7.191705216919049626e+00 -3.961819471938690995e+00 5.042099494231090375e+02
1.305852102207063492e+00 1.391553070273459753e+03 -5.531420718983217633e+00 -7.228309150532634675e+00 -3.963550538378868282e+00 4.731422657933155733e+02
1.305259445375062333e+00 1.368117429267603939e+03 -5.377734453872951015e+00 -7.306591998681636113e+00 -3.970886569606969729e+00 5.048054588455934208e+02
1.305215209501212392e+00 1.451787783167504813e+03 -5.802378153704743191e+00 -7.527784696512039631e+00 -3.949252975952516564e+00 4.227819952827619545e+02
1.306819718387442375e+00 1.351931732898455721e+03 -5.656152831891962052e+00 -7.169459703829985209e+00 -3.990055638125003412e+00 5.011576947488622409e+02
1.304476296789736756e+00 1.401449651000353924e+03 -5.662895611672047913e+00 -7.440679981799748433e+00 -3.941703968498257993e+00 4.862722554166834925e+02
1.302609612341951717e+00 1.481437057024756086e+03 -5.628948308370199882e+00 -7.348323605360954858e+00 -4.106922643548552188e+00 5.039395818158639031e+02
1.303857192191822278e+00 1.461497703519891957e+03 -5.601749258400600340e+00 -7.392916584149304526e+00 -3.982250206868000575e+00 4.465526892730135842e+02
1.304835435602372806e+00 1.381832708878565654e+03 -5.375124025584227638e+00 -7.150985805331137257e+00 -4.023767433847563524e+00 5.318006895112139318e+02
1.305167497373218133e+00 1.419558129272478254e+03 -5.768087686830768668e+00 -7.330022757462410610e+00 -3.936343621101460855e+00 4.455676932901412783e+02
1.302224050906599873e+00 1.420500180692487447e+03 -5.287661227072934622e+00 -7.107678246258029908e+00 -3.886188309034956490e+00 5.003450025728545825e+02
1.304774680851007007e+00 1.410797651855387130e+03 -5.785588260630570190e+00 -7.462670336401168392e+00 -3.960294033433761740e+00 4.843667478920392568e+02
1.307001297913663374e+00 1.334911323877945506e+03 -5.606922220857679662e+00 -7.516878621618373835e+00 -3.888227488289842881e+00 4.822106126882688386e+02
1.305108751434015391e+00 1.395204651412291241e+03 -5.643618358280872549e+00 -7.205924618740214171e+00 -4.015724706503418062e+00 4.965107274367308037e+02
1.305108751434015391e+00 1.395204651412291241e+03 -5.643618358280872549e+00 -7.205924618740214171e+00 -4.015724706503418062e+00 4.965107274367308037e+02
1.304241372742162897e+00 1.393463508605249217e+03 -5.626850455389954320e+00 -7.286212558374487891e+00 -3.939369604919871648e+00 5.039273476417247366e+02
1.302640080641425557e+00 1.444597306689552170e+03 -5.422721567720270919e+00 -7.309360688508482085e+00 -3.982447769417023054e+00 5.052438026605757386e+02
1.305226476822303194e+00 1.359485900680182340e+03 -5.435246186114080835e+00 -7.322849001940572755e+00 -3.925179695166097105e+00 5.182787885157003984e+02
1.305054686057123048e+00 1.360122166754788850e+03 -5.536255574785228006e+00 -6.987492590371904733e+00 -3.719783240689169546e+00 4.502084598360386281e+02
1.304342810226230442e+00 1.409506021748330568e+03 -5.423946522470365572e+00 -7.373028590163791307e+00 -3.916086769008717994e+00 4.751023730166232326e+02
1.304342810226230442e+00 1.409506021748330568e+03 -5.423946522470365572e+00 -7.373028590163791307e+00 -3.916086769008717994e+00 4.751023730166232326e+02
1.304338444105873629e+00 1.403823697715405615e+03 -5.728546014461067593e+00 -7.102271538393728711e+00 -4.047016880811735717e+00 5.153576873916260865e+02
1.307174467596658118e+00 1.356283628183961355e+03 -5.829201932104474793e+00 -7.387506517917709736e+00 -3.844847605806645419e+00 4.439368338209794729e+02
1.302884476001910485e+00 1.440347602222772139e+03 -5.388340800297489075e+00 -7.181786988307616859e+00 -3.937750662697352411e+00 4.924341852702373217e+02
1.303654902008096528e+00 1.370404118654538706e+03 -5.159082512745164273e+00 -7.003317329232009669e+00 -3.802984544332941752e+00 4.994224257493699497e+02
1.305378587007942848e+00 1.437649085486861850e+03 -5.848637890438485698e+00 -7.341156105305236323e+00 -4.148604894619953853e+00 4.943681472515083897e+02
