Chemical species: H2 He Na K H2O
P (bar) | log_H2: -2σ | log_H2: -1σ | log_H2: median | log_H2: +1σ | log_H2: +2σ 
1.00000000e+02 -0.06830469 -0.06825783 -0.06823491 -0.06821782 -0.06820840 
8.11130831e+01 -0.06830469 -0.06825783 -0.06823491 -0.06821782 -0.06820840 
6.57933225e+01 -0.06830469 -0.06825783 -0.06823491 -0.06821782 -0.06820840 
5.33669923e+01 -0.06830469 -0.06825783 -0.06823491 -0.06821782 -0.06820840 
4.32876128e+01 -0.06830469 -0.06825783 -0.06823491 -0.06821782 -0.06820840 
3.51119173e+01 -0.06830469 -0.06825783 -0.06823491 -0.06821782 -0.06820840 
2.84803587e+01 -0.06830469 -0.06825783 -0.06823491 -0.06821782 -0.06820840 
2.31012970e+01 -0.06830469 -0.06825783 -0.06823491 -0.06821782 -0.06820840 
1.87381742e+01 -0.06830469 -0.06825783 -0.06823491 -0.06821782 -0.06820840 
1.51991108e+01 -0.06830469 -0.06825783 -0.06823491 -0.06821782 -0.06820840 
1.23284674e+01 -0.06830469 -0.06825783 -0.06823491 -0.06821782 -0.06820840 
1.00000000e+01 -0.06830469 -0.06825783 -0.06823491 -0.06821782 -0.06820840 
8.11130831e+00 -0.06830469 -0.06825783 -0.06823491 -0.06821782 -0.06820840 
6.57933225e+00 -0.06830469 -0.06825783 -0.06823491 -0.06821782 -0.06820840 
5.33669923e+00 -0.06830469 -0.06825783 -0.06823491 -0.06821782 -0.06820840 
4.32876128e+00 -0.06830469 -0.06825783 -0.06823491 -0.06821782 -0.06820840 
3.51119173e+00 -0.06830469 -0.06825783 -0.06823491 -0.06821782 -0.06820840 
2.84803587e+00 -0.06830469 -0.06825783 -0.06823491 -0.06821782 -0.06820840 
2.31012970e+00 -0.06830469 -0.06825783 -0.06823491 -0.06821782 -0.06820840 
1.87381742e+00 -0.06830469 -0.06825783 -0.06823491 -0.06821782 -0.06820840 
1.51991108e+00 -0.06830469 -0.06825783 -0.06823491 -0.06821782 -0.06820840 
1.23284674e+00 -0.06830469 -0.06825783 -0.06823491 -0.06821782 -0.06820840 
1.00000000e+00 -0.06830469 -0.06825783 -0.06823491 -0.06821782 -0.06820840 
8.11130831e-01 -0.06830469 -0.06825783 -0.06823491 -0.06821782 -0.06820840 
6.57933225e-01 -0.06830469 -0.06825783 -0.06823491 -0.06821782 -0.06820840 
5.33669923e-01 -0.06830469 -0.06825783 -0.06823491 -0.06821782 -0.06820840 
4.32876128e-01 -0.06830469 -0.06825783 -0.06823491 -0.06821782 -0.06820840 
3.51119173e-01 -0.06830469 -0.06825783 -0.06823491 -0.06821782 -0.06820840 
2.84803587e-01 -0.06830469 -0.06825783 -0.06823491 -0.06821782 -0.06820840 
2.31012970e-01 -0.06830469 -0.06825783 -0.06823491 -0.06821782 -0.06820840 
1.87381742e-01 -0.06830469 -0.06825783 -0.06823491 -0.06821782 -0.06820840 
1.51991108e-01 -0.06830469 -0.06825783 -0.06823491 -0.06821782 -0.06820840 
1.23284674e-01 -0.06830469 -0.06825783 -0.06823491 -0.06821782 -0.06820840 
1.00000000e-01 -0.06830469 -0.06825783 -0.06823491 -0.06821782 -0.06820840 
8.11130831e-02 -0.06830469 -0.06825783 -0.06823491 -0.06821782 -0.06820840 
6.57933225e-02 -0.06830469 -0.06825783 -0.06823491 -0.06821782 -0.06820840 
5.33669923e-02 -0.06830469 -0.06825783 -0.06823491 -0.06821782 -0.06820840 
4.32876128e-02 -0.06830469 -0.06825783 -0.06823491 -0.06821782 -0.06820840 
3.51119173e-02 -0.06830469 -0.06825783 -0.06823491 -0.06821782 -0.06820840 
2.84803587e-02 -0.06830469 -0.06825783 -0.06823491 -0.06821782 -0.06820840 
2.31012970e-02 -0.06830469 -0.06825783 -0.06823491 -0.06821782 -0.06820840 
1.87381742e-02 -0.06830469 -0.06825783 -0.06823491 -0.06821782 -0.06820840 
1.51991108e-02 -0.06830469 -0.06825783 -0.06823491 -0.06821782 -0.06820840 
1.23284674e-02 -0.06830469 -0.06825783 -0.06823491 -0.06821782 -0.06820840 
1.00000000e-02 -0.06830469 -0.06825783 -0.06823491 -0.06821782 -0.06820840 
8.11130831e-03 -0.06830469 -0.06825783 -0.06823491 -0.06821782 -0.06820840 
6.57933225e-03 -0.06830469 -0.06825783 -0.06823491 -0.06821782 -0.06820840 
5.33669923e-03 -0.06830469 -0.06825783 -0.06823491 -0.06821782 -0.06820840 
4.32876128e-03 -0.06830469 -0.06825783 -0.06823491 -0.06821782 -0.06820840 
3.51119173e-03 -0.06830469 -0.06825783 -0.06823491 -0.06821782 -0.06820840 
2.84803587e-03 -0.06830469 -0.06825783 -0.06823491 -0.06821782 -0.06820840 
2.31012970e-03 -0.06830469 -0.06825783 -0.06823491 -0.06821782 -0.06820840 
1.87381742e-03 -0.06830469 -0.06825783 -0.06823491 -0.06821782 -0.06820840 
1.51991108e-03 -0.06830469 -0.06825783 -0.06823491 -0.06821782 -0.06820840 
1.23284674e-03 -0.06830469 -0.06825783 -0.06823491 -0.06821782 -0.06820840 
1.00000000e-03 -0.06830469 -0.06825783 -0.06823491 -0.06821782 -0.06820840 
8.11130831e-04 -0.06830469 -0.06825783 -0.06823491 -0.06821782 -0.06820840 
6.57933225e-04 -0.06830469 -0.06825783 -0.06823491 -0.06821782 -0.06820840 
5.33669923e-04 -0.06830469 -0.06825783 -0.06823491 -0.06821782 -0.06820840 
4.32876128e-04 -0.06830469 -0.06825783 -0.06823491 -0.06821782 -0.06820840 
3.51119173e-04 -0.06830469 -0.06825783 -0.06823491 -0.06821782 -0.06820840 
2.84803587e-04 -0.06830469 -0.06825783 -0.06823491 -0.06821782 -0.06820840 
2.31012970e-04 -0.06830469 -0.06825783 -0.06823491 -0.06821782 -0.06820840 
1.87381742e-04 -0.06830469 -0.06825783 -0.06823491 -0.06821782 -0.06820840 
1.51991108e-04 -0.06830469 -0.06825783 -0.06823491 -0.06821782 -0.06820840 
1.23284674e-04 -0.06830469 -0.06825783 -0.06823491 -0.06821782 -0.06820840 
1.00000000e-04 -0.06830469 -0.06825783 -0.06823491 -0.06821782 -0.06820840 
8.11130831e-05 -0.06830469 -0.06825783 -0.06823491 -0.06821782 -0.06820840 
6.57933225e-05 -0.06830469 -0.06825783 -0.06823491 -0.06821782 -0.06820840 
5.33669923e-05 -0.06830469 -0.06825783 -0.06823491 -0.06821782 -0.06820840 
4.32876128e-05 -0.06830469 -0.06825783 -0.06823491 -0.06821782 -0.06820840 
3.51119173e-05 -0.06830469 -0.06825783 -0.06823491 -0.06821782 -0.06820840 
2.84803587e-05 -0.06830469 -0.06825783 -0.06823491 -0.06821782 -0.06820840 
2.31012970e-05 -0.06830469 -0.06825783 -0.06823491 -0.06821782 -0.06820840 
1.87381742e-05 -0.06830469 -0.06825783 -0.06823491 -0.06821782 -0.06820840 
1.51991108e-05 -0.06830469 -0.06825783 -0.06823491 -0.06821782 -0.06820840 
1.23284674e-05 -0.06830469 -0.06825783 -0.06823491 -0.06821782 -0.06820840 
1.00000000e-05 -0.06830469 -0.06825783 -0.06823491 -0.06821782 -0.06820840 
8.11130831e-06 -0.06830469 -0.06825783 -0.06823491 -0.06821782 -0.06820840 
6.57933225e-06 -0.06830469 -0.06825783 -0.06823491 -0.06821782 -0.06820840 
5.33669923e-06 -0.06830469 -0.06825783 -0.06823491 -0.06821782 -0.06820840 
4.32876128e-06 -0.06830469 -0.06825783 -0.06823491 -0.06821782 -0.06820840 
3.51119173e-06 -0.06830469 -0.06825783 -0.06823491 -0.06821782 -0.06820840 
2.84803587e-06 -0.06830469 -0.06825783 -0.06823491 -0.06821782 -0.06820840 
2.31012970e-06 -0.06830469 -0.06825783 -0.06823491 -0.06821782 -0.06820840 
1.87381742e-06 -0.06830469 -0.06825783 -0.06823491 -0.06821782 -0.06820840 
1.51991108e-06 -0.06830469 -0.06825783 -0.06823491 -0.06821782 -0.06820840 
1.23284674e-06 -0.06830469 -0.06825783 -0.06823491 -0.06821782 -0.06820840 
1.00000000e-06 -0.06830469 -0.06825783 -0.06823491 -0.06821782 -0.06820840 
8.11130831e-07 -0.06830469 -0.06825783 -0.06823491 -0.06821782 -0.06820840 
6.57933225e-07 -0.06830469 -0.06825783 -0.06823491 -0.06821782 -0.06820840 
5.33669923e-07 -0.06830469 -0.06825783 -0.06823491 -0.06821782 -0.06820840 
4.32876128e-07 -0.06830469 -0.06825783 -0.06823491 -0.06821782 -0.06820840 
3.51119173e-07 -0.06830469 -0.06825783 -0.06823491 -0.06821782 -0.06820840 
2.84803587e-07 -0.06830469 -0.06825783 -0.06823491 -0.06821782 -0.06820840 
2.31012970e-07 -0.06830469 -0.06825783 -0.06823491 -0.06821782 -0.06820840 
1.87381742e-07 -0.06830469 -0.06825783 -0.06823491 -0.06821782 -0.06820840 
1.51991108e-07 -0.06830469 -0.06825783 -0.06823491 -0.06821782 -0.06820840 
1.23284674e-07 -0.06830469 -0.06825783 -0.06823491 -0.06821782 -0.06820840 
1.00000000e-07 -0.06830469 -0.06825783 -0.06823491 -0.06821782 -0.06820840 
P (bar) | log_He: -2σ | log_He: -1σ | log_He: median | log_He: +1σ | log_He: +2σ 
1.00000000e+02 -0.83785577 -0.83780891 -0.83778599 -0.83776890 -0.83775947 
8.11130831e+01 -0.83785577 -0.83780891 -0.83778599 -0.83776890 -0.83775947 
6.57933225e+01 -0.83785577 -0.83780891 -0.83778599 -0.83776890 -0.83775947 
5.33669923e+01 -0.83785577 -0.83780891 -0.83778599 -0.83776890 -0.83775947 
4.32876128e+01 -0.83785577 -0.83780891 -0.83778599 -0.83776890 -0.83775947 
3.51119173e+01 -0.83785577 -0.83780891 -0.83778599 -0.83776890 -0.83775947 
2.84803587e+01 -0.83785577 -0.83780891 -0.83778599 -0.83776890 -0.83775947 
2.31012970e+01 -0.83785577 -0.83780891 -0.83778599 -0.83776890 -0.83775947 
1.87381742e+01 -0.83785577 -0.83780891 -0.83778599 -0.83776890 -0.83775947 
1.51991108e+01 -0.83785577 -0.83780891 -0.83778599 -0.83776890 -0.83775947 
1.23284674e+01 -0.83785577 -0.83780891 -0.83778599 -0.83776890 -0.83775947 
1.00000000e+01 -0.83785577 -0.83780891 -0.83778599 -0.83776890 -0.83775947 
8.11130831e+00 -0.83785577 -0.83780891 -0.83778599 -0.83776890 -0.83775947 
6.57933225e+00 -0.83785577 -0.83780891 -0.83778599 -0.83776890 -0.83775947 
5.33669923e+00 -0.83785577 -0.83780891 -0.83778599 -0.83776890 -0.83775947 
4.32876128e+00 -0.83785577 -0.83780891 -0.83778599 -0.83776890 -0.83775947 
3.51119173e+00 -0.83785577 -0.83780891 -0.83778599 -0.83776890 -0.83775947 
2.84803587e+00 -0.83785577 -0.83780891 -0.83778599 -0.83776890 -0.83775947 
2.31012970e+00 -0.83785577 -0.83780891 -0.83778599 -0.83776890 -0.83775947 
1.87381742e+00 -0.83785577 -0.83780891 -0.83778599 -0.83776890 -0.83775947 
1.51991108e+00 -0.83785577 -0.83780891 -0.83778599 -0.83776890 -0.83775947 
1.23284674e+00 -0.83785577 -0.83780891 -0.83778599 -0.83776890 -0.83775947 
1.00000000e+00 -0.83785577 -0.83780891 -0.83778599 -0.83776890 -0.83775947 
8.11130831e-01 -0.83785577 -0.83780891 -0.83778599 -0.83776890 -0.83775947 
6.57933225e-01 -0.83785577 -0.83780891 -0.83778599 -0.83776890 -0.83775947 
5.33669923e-01 -0.83785577 -0.83780891 -0.83778599 -0.83776890 -0.83775947 
4.32876128e-01 -0.83785577 -0.83780891 -0.83778599 -0.83776890 -0.83775947 
3.51119173e-01 -0.83785577 -0.83780891 -0.83778599 -0.83776890 -0.83775947 
2.84803587e-01 -0.83785577 -0.83780891 -0.83778599 -0.83776890 -0.83775947 
2.31012970e-01 -0.83785577 -0.83780891 -0.83778599 -0.83776890 -0.83775947 
1.87381742e-01 -0.83785577 -0.83780891 -0.83778599 -0.83776890 -0.83775947 
1.51991108e-01 -0.83785577 -0.83780891 -0.83778599 -0.83776890 -0.83775947 
1.23284674e-01 -0.83785577 -0.83780891 -0.83778599 -0.83776890 -0.83775947 
1.00000000e-01 -0.83785577 -0.83780891 -0.83778599 -0.83776890 -0.83775947 
8.11130831e-02 -0.83785577 -0.83780891 -0.83778599 -0.83776890 -0.83775947 
6.57933225e-02 -0.83785577 -0.83780891 -0.83778599 -0.83776890 -0.83775947 
5.33669923e-02 -0.83785577 -0.83780891 -0.83778599 -0.83776890 -0.83775947 
4.32876128e-02 -0.83785577 -0.83780891 -0.83778599 -0.83776890 -0.83775947 
3.51119173e-02 -0.83785577 -0.83780891 -0.83778599 -0.83776890 -0.83775947 
2.84803587e-02 -0.83785577 -0.83780891 -0.83778599 -0.83776890 -0.83775947 
2.31012970e-02 -0.83785577 -0.83780891 -0.83778599 -0.83776890 -0.83775947 
1.87381742e-02 -0.83785577 -0.83780891 -0.83778599 -0.83776890 -0.83775947 
1.51991108e-02 -0.83785577 -0.83780891 -0.83778599 -0.83776890 -0.83775947 
1.23284674e-02 -0.83785577 -0.83780891 -0.83778599 -0.83776890 -0.83775947 
1.00000000e-02 -0.83785577 -0.83780891 -0.83778599 -0.83776890 -0.83775947 
8.11130831e-03 -0.83785577 -0.83780891 -0.83778599 -0.83776890 -0.83775947 
6.57933225e-03 -0.83785577 -0.83780891 -0.83778599 -0.83776890 -0.83775947 
5.33669923e-03 -0.83785577 -0.83780891 -0.83778599 -0.83776890 -0.83775947 
4.32876128e-03 -0.83785577 -0.83780891 -0.83778599 -0.83776890 -0.83775947 
3.51119173e-03 -0.83785577 -0.83780891 -0.83778599 -0.83776890 -0.83775947 
2.84803587e-03 -0.83785577 -0.83780891 -0.83778599 -0.83776890 -0.83775947 
2.31012970e-03 -0.83785577 -0.83780891 -0.83778599 -0.83776890 -0.83775947 
1.87381742e-03 -0.83785577 -0.83780891 -0.83778599 -0.83776890 -0.83775947 
1.51991108e-03 -0.83785577 -0.83780891 -0.83778599 -0.83776890 -0.83775947 
1.23284674e-03 -0.83785577 -0.83780891 -0.83778599 -0.83776890 -0.83775947 
1.00000000e-03 -0.83785577 -0.83780891 -0.83778599 -0.83776890 -0.83775947 
8.11130831e-04 -0.83785577 -0.83780891 -0.83778599 -0.83776890 -0.83775947 
6.57933225e-04 -0.83785577 -0.83780891 -0.83778599 -0.83776890 -0.83775947 
5.33669923e-04 -0.83785577 -0.83780891 -0.83778599 -0.83776890 -0.83775947 
4.32876128e-04 -0.83785577 -0.83780891 -0.83778599 -0.83776890 -0.83775947 
3.51119173e-04 -0.83785577 -0.83780891 -0.83778599 -0.83776890 -0.83775947 
2.84803587e-04 -0.83785577 -0.83780891 -0.83778599 -0.83776890 -0.83775947 
2.31012970e-04 -0.83785577 -0.83780891 -0.83778599 -0.83776890 -0.83775947 
1.87381742e-04 -0.83785577 -0.83780891 -0.83778599 -0.83776890 -0.83775947 
1.51991108e-04 -0.83785577 -0.83780891 -0.83778599 -0.83776890 -0.83775947 
1.23284674e-04 -0.83785577 -0.83780891 -0.83778599 -0.83776890 -0.83775947 
1.00000000e-04 -0.83785577 -0.83780891 -0.83778599 -0.83776890 -0.83775947 
8.11130831e-05 -0.83785577 -0.83780891 -0.83778599 -0.83776890 -0.83775947 
6.57933225e-05 -0.83785577 -0.83780891 -0.83778599 -0.83776890 -0.83775947 
5.33669923e-05 -0.83785577 -0.83780891 -0.83778599 -0.83776890 -0.83775947 
4.32876128e-05 -0.83785577 -0.83780891 -0.83778599 -0.83776890 -0.83775947 
3.51119173e-05 -0.83785577 -0.83780891 -0.83778599 -0.83776890 -0.83775947 
2.84803587e-05 -0.83785577 -0.83780891 -0.83778599 -0.83776890 -0.83775947 
2.31012970e-05 -0.83785577 -0.83780891 -0.83778599 -0.83776890 -0.83775947 
1.87381742e-05 -0.83785577 -0.83780891 -0.83778599 -0.83776890 -0.83775947 
1.51991108e-05 -0.83785577 -0.83780891 -0.83778599 -0.83776890 -0.83775947 
1.23284674e-05 -0.83785577 -0.83780891 -0.83778599 -0.83776890 -0.83775947 
1.00000000e-05 -0.83785577 -0.83780891 -0.83778599 -0.83776890 -0.83775947 
8.11130831e-06 -0.83785577 -0.83780891 -0.83778599 -0.83776890 -0.83775947 
6.57933225e-06 -0.83785577 -0.83780891 -0.83778599 -0.83776890 -0.83775947 
5.33669923e-06 -0.83785577 -0.83780891 -0.83778599 -0.83776890 -0.83775947 
4.32876128e-06 -0.83785577 -0.83780891 -0.83778599 -0.83776890 -0.83775947 
3.51119173e-06 -0.83785577 -0.83780891 -0.83778599 -0.83776890 -0.83775947 
2.84803587e-06 -0.83785577 -0.83780891 -0.83778599 -0.83776890 -0.83775947 
2.31012970e-06 -0.83785577 -0.83780891 -0.83778599 -0.83776890 -0.83775947 
1.87381742e-06 -0.83785577 -0.83780891 -0.83778599 -0.83776890 -0.83775947 
1.51991108e-06 -0.83785577 -0.83780891 -0.83778599 -0.83776890 -0.83775947 
1.23284674e-06 -0.83785577 -0.83780891 -0.83778599 -0.83776890 -0.83775947 
1.00000000e-06 -0.83785577 -0.83780891 -0.83778599 -0.83776890 -0.83775947 
8.11130831e-07 -0.83785577 -0.83780891 -0.83778599 -0.83776890 -0.83775947 
6.57933225e-07 -0.83785577 -0.83780891 -0.83778599 -0.83776890 -0.83775947 
5.33669923e-07 -0.83785577 -0.83780891 -0.83778599 -0.83776890 -0.83775947 
4.32876128e-07 -0.83785577 -0.83780891 -0.83778599 -0.83776890 -0.83775947 
3.51119173e-07 -0.83785577 -0.83780891 -0.83778599 -0.83776890 -0.83775947 
2.84803587e-07 -0.83785577 -0.83780891 -0.83778599 -0.83776890 -0.83775947 
2.31012970e-07 -0.83785577 -0.83780891 -0.83778599 -0.83776890 -0.83775947 
1.87381742e-07 -0.83785577 -0.83780891 -0.83778599 -0.83776890 -0.83775947 
1.51991108e-07 -0.83785577 -0.83780891 -0.83778599 -0.83776890 -0.83775947 
1.23284674e-07 -0.83785577 -0.83780891 -0.83778599 -0.83776890 -0.83775947 
1.00000000e-07 -0.83785577 -0.83780891 -0.83778599 -0.83776890 -0.83775947 
P (bar) | log_Na: -2σ | log_Na: -1σ | log_Na: median | log_Na: +1σ | log_Na: +2σ 
1.00000000e+02 -6.27705898 -5.99995217 -5.69413227 -5.37920171 -5.04669243 
8.11130831e+01 -6.27705898 -5.99995217 -5.69413227 -5.37920171 -5.04669243 
6.57933225e+01 -6.27705898 -5.99995217 -5.69413227 -5.37920171 -5.04669243 
5.33669923e+01 -6.27705898 -5.99995217 -5.69413227 -5.37920171 -5.04669243 
4.32876128e+01 -6.27705898 -5.99995217 -5.69413227 -5.37920171 -5.04669243 
3.51119173e+01 -6.27705898 -5.99995217 -5.69413227 -5.37920171 -5.04669243 
2.84803587e+01 -6.27705898 -5.99995217 -5.69413227 -5.37920171 -5.04669243 
2.31012970e+01 -6.27705898 -5.99995217 -5.69413227 -5.37920171 -5.04669243 
1.87381742e+01 -6.27705898 -5.99995217 -5.69413227 -5.37920171 -5.04669243 
1.51991108e+01 -6.27705898 -5.99995217 -5.69413227 -5.37920171 -5.04669243 
1.23284674e+01 -6.27705898 -5.99995217 -5.69413227 -5.37920171 -5.04669243 
1.00000000e+01 -6.27705898 -5.99995217 -5.69413227 -5.37920171 -5.04669243 
8.11130831e+00 -6.27705898 -5.99995217 -5.69413227 -5.37920171 -5.04669243 
6.57933225e+00 -6.27705898 -5.99995217 -5.69413227 -5.37920171 -5.04669243 
5.33669923e+00 -6.27705898 -5.99995217 -5.69413227 -5.37920171 -5.04669243 
4.32876128e+00 -6.27705898 -5.99995217 -5.69413227 -5.37920171 -5.04669243 
3.51119173e+00 -6.27705898 -5.99995217 -5.69413227 -5.37920171 -5.04669243 
2.84803587e+00 -6.27705898 -5.99995217 -5.69413227 -5.37920171 -5.04669243 
2.31012970e+00 -6.27705898 -5.99995217 -5.69413227 -5.37920171 -5.04669243 
1.87381742e+00 -6.27705898 -5.99995217 -5.69413227 -5.37920171 -5.04669243 
1.51991108e+00 -6.27705898 -5.99995217 -5.69413227 -5.37920171 -5.04669243 
1.23284674e+00 -6.27705898 -5.99995217 -5.69413227 -5.37920171 -5.04669243 
1.00000000e+00 -6.27705898 -5.99995217 -5.69413227 -5.37920171 -5.04669243 
8.11130831e-01 -6.27705898 -5.99995217 -5.69413227 -5.37920171 -5.04669243 
6.57933225e-01 -6.27705898 -5.99995217 -5.69413227 -5.37920171 -5.04669243 
5.33669923e-01 -6.27705898 -5.99995217 -5.69413227 -5.37920171 -5.04669243 
4.32876128e-01 -6.27705898 -5.99995217 -5.69413227 -5.37920171 -5.04669243 
3.51119173e-01 -6.27705898 -5.99995217 -5.69413227 -5.37920171 -5.04669243 
2.84803587e-01 -6.27705898 -5.99995217 -5.69413227 -5.37920171 -5.04669243 
2.31012970e-01 -6.27705898 -5.99995217 -5.69413227 -5.37920171 -5.04669243 
1.87381742e-01 -6.27705898 -5.99995217 -5.69413227 -5.37920171 -5.04669243 
1.51991108e-01 -6.27705898 -5.99995217 -5.69413227 -5.37920171 -5.04669243 
1.23284674e-01 -6.27705898 -5.99995217 -5.69413227 -5.37920171 -5.04669243 
1.00000000e-01 -6.27705898 -5.99995217 -5.69413227 -5.37920171 -5.04669243 
8.11130831e-02 -6.27705898 -5.99995217 -5.69413227 -5.37920171 -5.04669243 
6.57933225e-02 -6.27705898 -5.99995217 -5.69413227 -5.37920171 -5.04669243 
5.33669923e-02 -6.27705898 -5.99995217 -5.69413227 -5.37920171 -5.04669243 
4.32876128e-02 -6.27705898 -5.99995217 -5.69413227 -5.37920171 -5.04669243 
3.51119173e-02 -6.27705898 -5.99995217 -5.69413227 -5.37920171 -5.04669243 
2.84803587e-02 -6.27705898 -5.99995217 -5.69413227 -5.37920171 -5.04669243 
2.31012970e-02 -6.27705898 -5.99995217 -5.69413227 -5.37920171 -5.04669243 
1.87381742e-02 -6.27705898 -5.99995217 -5.69413227 -5.37920171 -5.04669243 
1.51991108e-02 -6.27705898 -5.99995217 -5.69413227 -5.37920171 -5.04669243 
1.23284674e-02 -6.27705898 -5.99995217 -5.69413227 -5.37920171 -5.04669243 
1.00000000e-02 -6.27705898 -5.99995217 -5.69413227 -5.37920171 -5.04669243 
8.11130831e-03 -6.27705898 -5.99995217 -5.69413227 -5.37920171 -5.04669243 
6.57933225e-03 -6.27705898 -5.99995217 -5.69413227 -5.37920171 -5.04669243 
5.33669923e-03 -6.27705898 -5.99995217 -5.69413227 -5.37920171 -5.04669243 
4.32876128e-03 -6.27705898 -5.99995217 -5.69413227 -5.37920171 -5.04669243 
3.51119173e-03 -6.27705898 -5.99995217 -5.69413227 -5.37920171 -5.04669243 
2.84803587e-03 -6.27705898 -5.99995217 -5.69413227 -5.37920171 -5.04669243 
2.31012970e-03 -6.27705898 -5.99995217 -5.69413227 -5.37920171 -5.04669243 
1.87381742e-03 -6.27705898 -5.99995217 -5.69413227 -5.37920171 -5.04669243 
1.51991108e-03 -6.27705898 -5.99995217 -5.69413227 -5.37920171 -5.04669243 
1.23284674e-03 -6.27705898 -5.99995217 -5.69413227 -5.37920171 -5.04669243 
1.00000000e-03 -6.27705898 -5.99995217 -5.69413227 -5.37920171 -5.04669243 
8.11130831e-04 -6.27705898 -5.99995217 -5.69413227 -5.37920171 -5.04669243 
6.57933225e-04 -6.27705898 -5.99995217 -5.69413227 -5.37920171 -5.04669243 
5.33669923e-04 -6.27705898 -5.99995217 -5.69413227 -5.37920171 -5.04669243 
4.32876128e-04 -6.27705898 -5.99995217 -5.69413227 -5.37920171 -5.04669243 
3.51119173e-04 -6.27705898 -5.99995217 -5.69413227 -5.37920171 -5.04669243 
2.84803587e-04 -6.27705898 -5.99995217 -5.69413227 -5.37920171 -5.04669243 
2.31012970e-04 -6.27705898 -5.99995217 -5.69413227 -5.37920171 -5.04669243 
1.87381742e-04 -6.27705898 -5.99995217 -5.69413227 -5.37920171 -5.04669243 
1.51991108e-04 -6.27705898 -5.99995217 -5.69413227 -5.37920171 -5.04669243 
1.23284674e-04 -6.27705898 -5.99995217 -5.69413227 -5.37920171 -5.04669243 
1.00000000e-04 -6.27705898 -5.99995217 -5.69413227 -5.37920171 -5.04669243 
8.11130831e-05 -6.27705898 -5.99995217 -5.69413227 -5.37920171 -5.04669243 
6.57933225e-05 -6.27705898 -5.99995217 -5.69413227 -5.37920171 -5.04669243 
5.33669923e-05 -6.27705898 -5.99995217 -5.69413227 -5.37920171 -5.04669243 
4.32876128e-05 -6.27705898 -5.99995217 -5.69413227 -5.37920171 -5.04669243 
3.51119173e-05 -6.27705898 -5.99995217 -5.69413227 -5.37920171 -5.04669243 
2.84803587e-05 -6.27705898 -5.99995217 -5.69413227 -5.37920171 -5.04669243 
2.31012970e-05 -6.27705898 -5.99995217 -5.69413227 -5.37920171 -5.04669243 
1.87381742e-05 -6.27705898 -5.99995217 -5.69413227 -5.37920171 -5.04669243 
1.51991108e-05 -6.27705898 -5.99995217 -5.69413227 -5.37920171 -5.04669243 
1.23284674e-05 -6.27705898 -5.99995217 -5.69413227 -5.37920171 -5.04669243 
1.00000000e-05 -6.27705898 -5.99995217 -5.69413227 -5.37920171 -5.04669243 
8.11130831e-06 -6.27705898 -5.99995217 -5.69413227 -5.37920171 -5.04669243 
6.57933225e-06 -6.27705898 -5.99995217 -5.69413227 -5.37920171 -5.04669243 
5.33669923e-06 -6.27705898 -5.99995217 -5.69413227 -5.37920171 -5.04669243 
4.32876128e-06 -6.27705898 -5.99995217 -5.69413227 -5.37920171 -5.04669243 
3.51119173e-06 -6.27705898 -5.99995217 -5.69413227 -5.37920171 -5.04669243 
2.84803587e-06 -6.27705898 -5.99995217 -5.69413227 -5.37920171 -5.04669243 
2.31012970e-06 -6.27705898 -5.99995217 -5.69413227 -5.37920171 -5.04669243 
1.87381742e-06 -6.27705898 -5.99995217 -5.69413227 -5.37920171 -5.04669243 
1.51991108e-06 -6.27705898 -5.99995217 -5.69413227 -5.37920171 -5.04669243 
1.23284674e-06 -6.27705898 -5.99995217 -5.69413227 -5.37920171 -5.04669243 
1.00000000e-06 -6.27705898 -5.99995217 -5.69413227 -5.37920171 -5.04669243 
8.11130831e-07 -6.27705898 -5.99995217 -5.69413227 -5.37920171 -5.04669243 
6.57933225e-07 -6.27705898 -5.99995217 -5.69413227 -5.37920171 -5.04669243 
5.33669923e-07 -6.27705898 -5.99995217 -5.69413227 -5.37920171 -5.04669243 
4.32876128e-07 -6.27705898 -5.99995217 -5.69413227 -5.37920171 -5.04669243 
3.51119173e-07 -6.27705898 -5.99995217 -5.69413227 -5.37920171 -5.04669243 
2.84803587e-07 -6.27705898 -5.99995217 -5.69413227 -5.37920171 -5.04669243 
2.31012970e-07 -6.27705898 -5.99995217 -5.69413227 -5.37920171 -5.04669243 
1.87381742e-07 -6.27705898 -5.99995217 -5.69413227 -5.37920171 -5.04669243 
1.51991108e-07 -6.27705898 -5.99995217 -5.69413227 -5.37920171 -5.04669243 
1.23284674e-07 -6.27705898 -5.99995217 -5.69413227 -5.37920171 -5.04669243 
1.00000000e-07 -6.27705898 -5.99995217 -5.69413227 -5.37920171 -5.04669243 
P (bar) | log_K: -2σ | log_K: -1σ | log_K: median | log_K: +1σ | log_K: +2σ 
1.00000000e+02 -7.99507690 -7.63538629 -7.31278815 -6.99527320 -6.67550531 
8.11130831e+01 -7.99507690 -7.63538629 -7.31278815 -6.99527320 -6.67550531 
6.57933225e+01 -7.99507690 -7.63538629 -7.31278815 -6.99527320 -6.67550531 
5.33669923e+01 -7.99507690 -7.63538629 -7.31278815 -6.99527320 -6.67550531 
4.32876128e+01 -7.99507690 -7.63538629 -7.31278815 -6.99527320 -6.67550531 
3.51119173e+01 -7.99507690 -7.63538629 -7.31278815 -6.99527320 -6.67550531 
2.84803587e+01 -7.99507690 -7.63538629 -7.31278815 -6.99527320 -6.67550531 
2.31012970e+01 -7.99507690 -7.63538629 -7.31278815 -6.99527320 -6.67550531 
1.87381742e+01 -7.99507690 -7.63538629 -7.31278815 -6.99527320 -6.67550531 
1.51991108e+01 -7.99507690 -7.63538629 -7.31278815 -6.99527320 -6.67550531 
1.23284674e+01 -7.99507690 -7.63538629 -7.31278815 -6.99527320 -6.67550531 
1.00000000e+01 -7.99507690 -7.63538629 -7.31278815 -6.99527320 -6.67550531 
8.11130831e+00 -7.99507690 -7.63538629 -7.31278815 -6.99527320 -6.67550531 
6.57933225e+00 -7.99507690 -7.63538629 -7.31278815 -6.99527320 -6.67550531 
5.33669923e+00 -7.99507690 -7.63538629 -7.31278815 -6.99527320 -6.67550531 
4.32876128e+00 -7.99507690 -7.63538629 -7.31278815 -6.99527320 -6.67550531 
3.51119173e+00 -7.99507690 -7.63538629 -7.31278815 -6.99527320 -6.67550531 
2.84803587e+00 -7.99507690 -7.63538629 -7.31278815 -6.99527320 -6.67550531 
2.31012970e+00 -7.99507690 -7.63538629 -7.31278815 -6.99527320 -6.67550531 
1.87381742e+00 -7.99507690 -7.63538629 -7.31278815 -6.99527320 -6.67550531 
1.51991108e+00 -7.99507690 -7.63538629 -7.31278815 -6.99527320 -6.67550531 
1.23284674e+00 -7.99507690 -7.63538629 -7.31278815 -6.99527320 -6.67550531 
1.00000000e+00 -7.99507690 -7.63538629 -7.31278815 -6.99527320 -6.67550531 
8.11130831e-01 -7.99507690 -7.63538629 -7.31278815 -6.99527320 -6.67550531 
6.57933225e-01 -7.99507690 -7.63538629 -7.31278815 -6.99527320 -6.67550531 
5.33669923e-01 -7.99507690 -7.63538629 -7.31278815 -6.99527320 -6.67550531 
4.32876128e-01 -7.99507690 -7.63538629 -7.31278815 -6.99527320 -6.67550531 
3.51119173e-01 -7.99507690 -7.63538629 -7.31278815 -6.99527320 -6.67550531 
2.84803587e-01 -7.99507690 -7.63538629 -7.31278815 -6.99527320 -6.67550531 
2.31012970e-01 -7.99507690 -7.63538629 -7.31278815 -6.99527320 -6.67550531 
1.87381742e-01 -7.99507690 -7.63538629 -7.31278815 -6.99527320 -6.67550531 
1.51991108e-01 -7.99507690 -7.63538629 -7.31278815 -6.99527320 -6.67550531 
1.23284674e-01 -7.99507690 -7.63538629 -7.31278815 -6.99527320 -6.67550531 
1.00000000e-01 -7.99507690 -7.63538629 -7.31278815 -6.99527320 -6.67550531 
8.11130831e-02 -7.99507690 -7.63538629 -7.31278815 -6.99527320 -6.67550531 
6.57933225e-02 -7.99507690 -7.63538629 -7.31278815 -6.99527320 -6.67550531 
5.33669923e-02 -7.99507690 -7.63538629 -7.31278815 -6.99527320 -6.67550531 
4.32876128e-02 -7.99507690 -7.63538629 -7.31278815 -6.99527320 -6.67550531 
3.51119173e-02 -7.99507690 -7.63538629 -7.31278815 -6.99527320 -6.67550531 
2.84803587e-02 -7.99507690 -7.63538629 -7.31278815 -6.99527320 -6.67550531 
2.31012970e-02 -7.99507690 -7.63538629 -7.31278815 -6.99527320 -6.67550531 
1.87381742e-02 -7.99507690 -7.63538629 -7.31278815 -6.99527320 -6.67550531 
1.51991108e-02 -7.99507690 -7.63538629 -7.31278815 -6.99527320 -6.67550531 
1.23284674e-02 -7.99507690 -7.63538629 -7.31278815 -6.99527320 -6.67550531 
1.00000000e-02 -7.99507690 -7.63538629 -7.31278815 -6.99527320 -6.67550531 
8.11130831e-03 -7.99507690 -7.63538629 -7.31278815 -6.99527320 -6.67550531 
6.57933225e-03 -7.99507690 -7.63538629 -7.31278815 -6.99527320 -6.67550531 
5.33669923e-03 -7.99507690 -7.63538629 -7.31278815 -6.99527320 -6.67550531 
4.32876128e-03 -7.99507690 -7.63538629 -7.31278815 -6.99527320 -6.67550531 
3.51119173e-03 -7.99507690 -7.63538629 -7.31278815 -6.99527320 -6.67550531 
2.84803587e-03 -7.99507690 -7.63538629 -7.31278815 -6.99527320 -6.67550531 
2.31012970e-03 -7.99507690 -7.63538629 -7.31278815 -6.99527320 -6.67550531 
1.87381742e-03 -7.99507690 -7.63538629 -7.31278815 -6.99527320 -6.67550531 
1.51991108e-03 -7.99507690 -7.63538629 -7.31278815 -6.99527320 -6.67550531 
1.23284674e-03 -7.99507690 -7.63538629 -7.31278815 -6.99527320 -6.67550531 
1.00000000e-03 -7.99507690 -7.63538629 -7.31278815 -6.99527320 -6.67550531 
8.11130831e-04 -7.99507690 -7.63538629 -7.31278815 -6.99527320 -6.67550531 
6.57933225e-04 -7.99507690 -7.63538629 -7.31278815 -6.99527320 -6.67550531 
5.33669923e-04 -7.99507690 -7.63538629 -7.31278815 -6.99527320 -6.67550531 
4.32876128e-04 -7.99507690 -7.63538629 -7.31278815 -6.99527320 -6.67550531 
3.51119173e-04 -7.99507690 -7.63538629 -7.31278815 -6.99527320 -6.67550531 
2.84803587e-04 -7.99507690 -7.63538629 -7.31278815 -6.99527320 -6.67550531 
2.31012970e-04 -7.99507690 -7.63538629 -7.31278815 -6.99527320 -6.67550531 
1.87381742e-04 -7.99507690 -7.63538629 -7.31278815 -6.99527320 -6.67550531 
1.51991108e-04 -7.99507690 -7.63538629 -7.31278815 -6.99527320 -6.67550531 
1.23284674e-04 -7.99507690 -7.63538629 -7.31278815 -6.99527320 -6.67550531 
1.00000000e-04 -7.99507690 -7.63538629 -7.31278815 -6.99527320 -6.67550531 
8.11130831e-05 -7.99507690 -7.63538629 -7.31278815 -6.99527320 -6.67550531 
6.57933225e-05 -7.99507690 -7.63538629 -7.31278815 -6.99527320 -6.67550531 
5.33669923e-05 -7.99507690 -7.63538629 -7.31278815 -6.99527320 -6.67550531 
4.32876128e-05 -7.99507690 -7.63538629 -7.31278815 -6.99527320 -6.67550531 
3.51119173e-05 -7.99507690 -7.63538629 -7.31278815 -6.99527320 -6.67550531 
2.84803587e-05 -7.99507690 -7.63538629 -7.31278815 -6.99527320 -6.67550531 
2.31012970e-05 -7.99507690 -7.63538629 -7.31278815 -6.99527320 -6.67550531 
1.87381742e-05 -7.99507690 -7.63538629 -7.31278815 -6.99527320 -6.67550531 
1.51991108e-05 -7.99507690 -7.63538629 -7.31278815 -6.99527320 -6.67550531 
1.23284674e-05 -7.99507690 -7.63538629 -7.31278815 -6.99527320 -6.67550531 
1.00000000e-05 -7.99507690 -7.63538629 -7.31278815 -6.99527320 -6.67550531 
8.11130831e-06 -7.99507690 -7.63538629 -7.31278815 -6.99527320 -6.67550531 
6.57933225e-06 -7.99507690 -7.63538629 -7.31278815 -6.99527320 -6.67550531 
5.33669923e-06 -7.99507690 -7.63538629 -7.31278815 -6.99527320 -6.67550531 
4.32876128e-06 -7.99507690 -7.63538629 -7.31278815 -6.99527320 -6.67550531 
3.51119173e-06 -7.99507690 -7.63538629 -7.31278815 -6.99527320 -6.67550531 
2.84803587e-06 -7.99507690 -7.63538629 -7.31278815 -6.99527320 -6.67550531 
2.31012970e-06 -7.99507690 -7.63538629 -7.31278815 -6.99527320 -6.67550531 
1.87381742e-06 -7.99507690 -7.63538629 -7.31278815 -6.99527320 -6.67550531 
1.51991108e-06 -7.99507690 -7.63538629 -7.31278815 -6.99527320 -6.67550531 
1.23284674e-06 -7.99507690 -7.63538629 -7.31278815 -6.99527320 -6.67550531 
1.00000000e-06 -7.99507690 -7.63538629 -7.31278815 -6.99527320 -6.67550531 
8.11130831e-07 -7.99507690 -7.63538629 -7.31278815 -6.99527320 -6.67550531 
6.57933225e-07 -7.99507690 -7.63538629 -7.31278815 -6.99527320 -6.67550531 
5.33669923e-07 -7.99507690 -7.63538629 -7.31278815 -6.99527320 -6.67550531 
4.32876128e-07 -7.99507690 -7.63538629 -7.31278815 -6.99527320 -6.67550531 
3.51119173e-07 -7.99507690 -7.63538629 -7.31278815 -6.99527320 -6.67550531 
2.84803587e-07 -7.99507690 -7.63538629 -7.31278815 -6.99527320 -6.67550531 
2.31012970e-07 -7.99507690 -7.63538629 -7.31278815 -6.99527320 -6.67550531 
1.87381742e-07 -7.99507690 -7.63538629 -7.31278815 -6.99527320 -6.67550531 
1.51991108e-07 -7.99507690 -7.63538629 -7.31278815 -6.99527320 -6.67550531 
1.23284674e-07 -7.99507690 -7.63538629 -7.31278815 -6.99527320 -6.67550531 
1.00000000e-07 -7.99507690 -7.63538629 -7.31278815 -6.99527320 -6.67550531 
P (bar) | log_H2O: -2σ | log_H2O: -1σ | log_H2O: median | log_H2O: +1σ | log_H2O: +2σ 
1.00000000e+02 -4.30306035 -4.14487675 -3.95794464 -3.79193989 -3.57613680 
8.11130831e+01 -4.30306035 -4.14487675 -3.95794464 -3.79193989 -3.57613680 
6.57933225e+01 -4.30306035 -4.14487675 -3.95794464 -3.79193989 -3.57613680 
5.33669923e+01 -4.30306035 -4.14487675 -3.95794464 -3.79193989 -3.57613680 
4.32876128e+01 -4.30306035 -4.14487675 -3.95794464 -3.79193989 -3.57613680 
3.51119173e+01 -4.30306035 -4.14487675 -3.95794464 -3.79193989 -3.57613680 
2.84803587e+01 -4.30306035 -4.14487675 -3.95794464 -3.79193989 -3.57613680 
2.31012970e+01 -4.30306035 -4.14487675 -3.95794464 -3.79193989 -3.57613680 
1.87381742e+01 -4.30306035 -4.14487675 -3.95794464 -3.79193989 -3.57613680 
1.51991108e+01 -4.30306035 -4.14487675 -3.95794464 -3.79193989 -3.57613680 
1.23284674e+01 -4.30306035 -4.14487675 -3.95794464 -3.79193989 -3.57613680 
1.00000000e+01 -4.30306035 -4.14487675 -3.95794464 -3.79193989 -3.57613680 
8.11130831e+00 -4.30306035 -4.14487675 -3.95794464 -3.79193989 -3.57613680 
6.57933225e+00 -4.30306035 -4.14487675 -3.95794464 -3.79193989 -3.57613680 
5.33669923e+00 -4.30306035 -4.14487675 -3.95794464 -3.79193989 -3.57613680 
4.32876128e+00 -4.30306035 -4.14487675 -3.95794464 -3.79193989 -3.57613680 
3.51119173e+00 -4.30306035 -4.14487675 -3.95794464 -3.79193989 -3.57613680 
2.84803587e+00 -4.30306035 -4.14487675 -3.95794464 -3.79193989 -3.57613680 
2.31012970e+00 -4.30306035 -4.14487675 -3.95794464 -3.79193989 -3.57613680 
1.87381742e+00 -4.30306035 -4.14487675 -3.95794464 -3.79193989 -3.57613680 
1.51991108e+00 -4.30306035 -4.14487675 -3.95794464 -3.79193989 -3.57613680 
1.23284674e+00 -4.30306035 -4.14487675 -3.95794464 -3.79193989 -3.57613680 
1.00000000e+00 -4.30306035 -4.14487675 -3.95794464 -3.79193989 -3.57613680 
8.11130831e-01 -4.30306035 -4.14487675 -3.95794464 -3.79193989 -3.57613680 
6.57933225e-01 -4.30306035 -4.14487675 -3.95794464 -3.79193989 -3.57613680 
5.33669923e-01 -4.30306035 -4.14487675 -3.95794464 -3.79193989 -3.57613680 
4.32876128e-01 -4.30306035 -4.14487675 -3.95794464 -3.79193989 -3.57613680 
3.51119173e-01 -4.30306035 -4.14487675 -3.95794464 -3.79193989 -3.57613680 
2.84803587e-01 -4.30306035 -4.14487675 -3.95794464 -3.79193989 -3.57613680 
2.31012970e-01 -4.30306035 -4.14487675 -3.95794464 -3.79193989 -3.57613680 
1.87381742e-01 -4.30306035 -4.14487675 -3.95794464 -3.79193989 -3.57613680 
1.51991108e-01 -4.30306035 -4.14487675 -3.95794464 -3.79193989 -3.57613680 
1.23284674e-01 -4.30306035 -4.14487675 -3.95794464 -3.79193989 -3.57613680 
1.00000000e-01 -4.30306035 -4.14487675 -3.95794464 -3.79193989 -3.57613680 
8.11130831e-02 -4.30306035 -4.14487675 -3.95794464 -3.79193989 -3.57613680 
6.57933225e-02 -4.30306035 -4.14487675 -3.95794464 -3.79193989 -3.57613680 
5.33669923e-02 -4.30306035 -4.14487675 -3.95794464 -3.79193989 -3.57613680 
4.32876128e-02 -4.30306035 -4.14487675 -3.95794464 -3.79193989 -3.57613680 
3.51119173e-02 -4.30306035 -4.14487675 -3.95794464 -3.79193989 -3.57613680 
2.84803587e-02 -4.30306035 -4.14487675 -3.95794464 -3.79193989 -3.57613680 
2.31012970e-02 -4.30306035 -4.14487675 -3.95794464 -3.79193989 -3.57613680 
1.87381742e-02 -4.30306035 -4.14487675 -3.95794464 -3.79193989 -3.57613680 
1.51991108e-02 -4.30306035 -4.14487675 -3.95794464 -3.79193989 -3.57613680 
1.23284674e-02 -4.30306035 -4.14487675 -3.95794464 -3.79193989 -3.57613680 
1.00000000e-02 -4.30306035 -4.14487675 -3.95794464 -3.79193989 -3.57613680 
8.11130831e-03 -4.30306035 -4.14487675 -3.95794464 -3.79193989 -3.57613680 
6.57933225e-03 -4.30306035 -4.14487675 -3.95794464 -3.79193989 -3.57613680 
5.33669923e-03 -4.30306035 -4.14487675 -3.95794464 -3.79193989 -3.57613680 
4.32876128e-03 -4.30306035 -4.14487675 -3.95794464 -3.79193989 -3.57613680 
3.51119173e-03 -4.30306035 -4.14487675 -3.95794464 -3.79193989 -3.57613680 
2.84803587e-03 -4.30306035 -4.14487675 -3.95794464 -3.79193989 -3.57613680 
2.31012970e-03 -4.30306035 -4.14487675 -3.95794464 -3.79193989 -3.57613680 
1.87381742e-03 -4.30306035 -4.14487675 -3.95794464 -3.79193989 -3.57613680 
1.51991108e-03 -4.30306035 -4.14487675 -3.95794464 -3.79193989 -3.57613680 
1.23284674e-03 -4.30306035 -4.14487675 -3.95794464 -3.79193989 -3.57613680 
1.00000000e-03 -4.30306035 -4.14487675 -3.95794464 -3.79193989 -3.57613680 
8.11130831e-04 -4.30306035 -4.14487675 -3.95794464 -3.79193989 -3.57613680 
6.57933225e-04 -4.30306035 -4.14487675 -3.95794464 -3.79193989 -3.57613680 
5.33669923e-04 -4.30306035 -4.14487675 -3.95794464 -3.79193989 -3.57613680 
4.32876128e-04 -4.30306035 -4.14487675 -3.95794464 -3.79193989 -3.57613680 
3.51119173e-04 -4.30306035 -4.14487675 -3.95794464 -3.79193989 -3.57613680 
2.84803587e-04 -4.30306035 -4.14487675 -3.95794464 -3.79193989 -3.57613680 
2.31012970e-04 -4.30306035 -4.14487675 -3.95794464 -3.79193989 -3.57613680 
1.87381742e-04 -4.30306035 -4.14487675 -3.95794464 -3.79193989 -3.57613680 
1.51991108e-04 -4.30306035 -4.14487675 -3.95794464 -3.79193989 -3.57613680 
1.23284674e-04 -4.30306035 -4.14487675 -3.95794464 -3.79193989 -3.57613680 
1.00000000e-04 -4.30306035 -4.14487675 -3.95794464 -3.79193989 -3.57613680 
8.11130831e-05 -4.30306035 -4.14487675 -3.95794464 -3.79193989 -3.57613680 
6.57933225e-05 -4.30306035 -4.14487675 -3.95794464 -3.79193989 -3.57613680 
5.33669923e-05 -4.30306035 -4.14487675 -3.95794464 -3.79193989 -3.57613680 
4.32876128e-05 -4.30306035 -4.14487675 -3.95794464 -3.79193989 -3.57613680 
3.51119173e-05 -4.30306035 -4.14487675 -3.95794464 -3.79193989 -3.57613680 
2.84803587e-05 -4.30306035 -4.14487675 -3.95794464 -3.79193989 -3.57613680 
2.31012970e-05 -4.30306035 -4.14487675 -3.95794464 -3.79193989 -3.57613680 
1.87381742e-05 -4.30306035 -4.14487675 -3.95794464 -3.79193989 -3.57613680 
1.51991108e-05 -4.30306035 -4.14487675 -3.95794464 -3.79193989 -3.57613680 
1.23284674e-05 -4.30306035 -4.14487675 -3.95794464 -3.79193989 -3.57613680 
1.00000000e-05 -4.30306035 -4.14487675 -3.95794464 -3.79193989 -3.57613680 
8.11130831e-06 -4.30306035 -4.14487675 -3.95794464 -3.79193989 -3.57613680 
6.57933225e-06 -4.30306035 -4.14487675 -3.95794464 -3.79193989 -3.57613680 
5.33669923e-06 -4.30306035 -4.14487675 -3.95794464 -3.79193989 -3.57613680 
4.32876128e-06 -4.30306035 -4.14487675 -3.95794464 -3.79193989 -3.57613680 
3.51119173e-06 -4.30306035 -4.14487675 -3.95794464 -3.79193989 -3.57613680 
2.84803587e-06 -4.30306035 -4.14487675 -3.95794464 -3.79193989 -3.57613680 
2.31012970e-06 -4.30306035 -4.14487675 -3.95794464 -3.79193989 -3.57613680 
1.87381742e-06 -4.30306035 -4.14487675 -3.95794464 -3.79193989 -3.57613680 
1.51991108e-06 -4.30306035 -4.14487675 -3.95794464 -3.79193989 -3.57613680 
1.23284674e-06 -4.30306035 -4.14487675 -3.95794464 -3.79193989 -3.57613680 
1.00000000e-06 -4.30306035 -4.14487675 -3.95794464 -3.79193989 -3.57613680 
8.11130831e-07 -4.30306035 -4.14487675 -3.95794464 -3.79193989 -3.57613680 
6.57933225e-07 -4.30306035 -4.14487675 -3.95794464 -3.79193989 -3.57613680 
5.33669923e-07 -4.30306035 -4.14487675 -3.95794464 -3.79193989 -3.57613680 
4.32876128e-07 -4.30306035 -4.14487675 -3.95794464 -3.79193989 -3.57613680 
3.51119173e-07 -4.30306035 -4.14487675 -3.95794464 -3.79193989 -3.57613680 
2.84803587e-07 -4.30306035 -4.14487675 -3.95794464 -3.79193989 -3.57613680 
2.31012970e-07 -4.30306035 -4.14487675 -3.95794464 -3.79193989 -3.57613680 
1.87381742e-07 -4.30306035 -4.14487675 -3.95794464 -3.79193989 -3.57613680 
1.51991108e-07 -4.30306035 -4.14487675 -3.95794464 -3.79193989 -3.57613680 
1.23284674e-07 -4.30306035 -4.14487675 -3.95794464 -3.79193989 -3.57613680 
1.00000000e-07 -4.30306035 -4.14487675 -3.95794464 -3.79193989 -3.57613680 
