Chemical species: H2 He Na K H2O
P (bar) | log_H2: -2σ | log_H2: -1σ | log_H2: median | log_H2: +1σ | log_H2: +2σ 
1.00000000e+02 -0.06833305 -0.06826815 -0.06823790 -0.06822231 -0.06821145 
8.11130831e+01 -0.06833305 -0.06826815 -0.06823790 -0.06822231 -0.06821145 
6.57933225e+01 -0.06833305 -0.06826815 -0.06823790 -0.06822231 -0.06821145 
5.33669923e+01 -0.06833305 -0.06826815 -0.06823790 -0.06822231 -0.06821145 
4.32876128e+01 -0.06833305 -0.06826815 -0.06823790 -0.06822231 -0.06821145 
3.51119173e+01 -0.06833305 -0.06826815 -0.06823790 -0.06822231 -0.06821145 
2.84803587e+01 -0.06833305 -0.06826815 -0.06823790 -0.06822231 -0.06821145 
2.31012970e+01 -0.06833305 -0.06826815 -0.06823790 -0.06822231 -0.06821145 
1.87381742e+01 -0.06833305 -0.06826815 -0.06823790 -0.06822231 -0.06821145 
1.51991108e+01 -0.06833305 -0.06826815 -0.06823790 -0.06822231 -0.06821145 
1.23284674e+01 -0.06833305 -0.06826815 -0.06823790 -0.06822231 -0.06821145 
1.00000000e+01 -0.06833305 -0.06826815 -0.06823790 -0.06822231 -0.06821145 
8.11130831e+00 -0.06833305 -0.06826815 -0.06823790 -0.06822231 -0.06821145 
6.57933225e+00 -0.06833305 -0.06826815 -0.06823790 -0.06822231 -0.06821145 
5.33669923e+00 -0.06833305 -0.06826815 -0.06823790 -0.06822231 -0.06821145 
4.32876128e+00 -0.06833305 -0.06826815 -0.06823790 -0.06822231 -0.06821145 
3.51119173e+00 -0.06833305 -0.06826815 -0.06823790 -0.06822231 -0.06821145 
2.84803587e+00 -0.06833305 -0.06826815 -0.06823790 -0.06822231 -0.06821145 
2.31012970e+00 -0.06833305 -0.06826815 -0.06823790 -0.06822231 -0.06821145 
1.87381742e+00 -0.06833305 -0.06826815 -0.06823790 -0.06822231 -0.06821145 
1.51991108e+00 -0.06833305 -0.06826815 -0.06823790 -0.06822231 -0.06821145 
1.23284674e+00 -0.06833305 -0.06826815 -0.06823790 -0.06822231 -0.06821145 
1.00000000e+00 -0.06833305 -0.06826815 -0.06823790 -0.06822231 -0.06821145 
8.11130831e-01 -0.06833305 -0.06826815 -0.06823790 -0.06822231 -0.06821145 
6.57933225e-01 -0.06833305 -0.06826815 -0.06823790 -0.06822231 -0.06821145 
5.33669923e-01 -0.06833305 -0.06826815 -0.06823790 -0.06822231 -0.06821145 
4.32876128e-01 -0.06833305 -0.06826815 -0.06823790 -0.06822231 -0.06821145 
3.51119173e-01 -0.06833305 -0.06826815 -0.06823790 -0.06822231 -0.06821145 
2.84803587e-01 -0.06833305 -0.06826815 -0.06823790 -0.06822231 -0.06821145 
2.31012970e-01 -0.06833305 -0.06826815 -0.06823790 -0.06822231 -0.06821145 
1.87381742e-01 -0.06833305 -0.06826815 -0.06823790 -0.06822231 -0.06821145 
1.51991108e-01 -0.06833305 -0.06826815 -0.06823790 -0.06822231 -0.06821145 
1.23284674e-01 -0.06833305 -0.06826815 -0.06823790 -0.06822231 -0.06821145 
1.00000000e-01 -0.06833305 -0.06826815 -0.06823790 -0.06822231 -0.06821145 
8.11130831e-02 -0.06833305 -0.06826815 -0.06823790 -0.06822231 -0.06821145 
6.57933225e-02 -0.06833305 -0.06826815 -0.06823790 -0.06822231 -0.06821145 
5.33669923e-02 -0.06833305 -0.06826815 -0.06823790 -0.06822231 -0.06821145 
4.32876128e-02 -0.06833305 -0.06826815 -0.06823790 -0.06822231 -0.06821145 
3.51119173e-02 -0.06833305 -0.06826815 -0.06823790 -0.06822231 -0.06821145 
2.84803587e-02 -0.06833305 -0.06826815 -0.06823790 -0.06822231 -0.06821145 
2.31012970e-02 -0.06833305 -0.06826815 -0.06823790 -0.06822231 -0.06821145 
1.87381742e-02 -0.06833305 -0.06826815 -0.06823790 -0.06822231 -0.06821145 
1.51991108e-02 -0.06833305 -0.06826815 -0.06823790 -0.06822231 -0.06821145 
1.23284674e-02 -0.06833305 -0.06826815 -0.06823790 -0.06822231 -0.06821145 
1.00000000e-02 -0.06833305 -0.06826815 -0.06823790 -0.06822231 -0.06821145 
8.11130831e-03 -0.06833305 -0.06826815 -0.06823790 -0.06822231 -0.06821145 
6.57933225e-03 -0.06833305 -0.06826815 -0.06823790 -0.06822231 -0.06821145 
5.33669923e-03 -0.06833305 -0.06826815 -0.06823790 -0.06822231 -0.06821145 
4.32876128e-03 -0.06833305 -0.06826815 -0.06823790 -0.06822231 -0.06821145 
3.51119173e-03 -0.06833305 -0.06826815 -0.06823790 -0.06822231 -0.06821145 
2.84803587e-03 -0.06833305 -0.06826815 -0.06823790 -0.06822231 -0.06821145 
2.31012970e-03 -0.06833305 -0.06826815 -0.06823790 -0.06822231 -0.06821145 
1.87381742e-03 -0.06833305 -0.06826815 -0.06823790 -0.06822231 -0.06821145 
1.51991108e-03 -0.06833305 -0.06826815 -0.06823790 -0.06822231 -0.06821145 
1.23284674e-03 -0.06833305 -0.06826815 -0.06823790 -0.06822231 -0.06821145 
1.00000000e-03 -0.06833305 -0.06826815 -0.06823790 -0.06822231 -0.06821145 
8.11130831e-04 -0.06833305 -0.06826815 -0.06823790 -0.06822231 -0.06821145 
6.57933225e-04 -0.06833305 -0.06826815 -0.06823790 -0.06822231 -0.06821145 
5.33669923e-04 -0.06833305 -0.06826815 -0.06823790 -0.06822231 -0.06821145 
4.32876128e-04 -0.06833305 -0.06826815 -0.06823790 -0.06822231 -0.06821145 
3.51119173e-04 -0.06833305 -0.06826815 -0.06823790 -0.06822231 -0.06821145 
2.84803587e-04 -0.06833305 -0.06826815 -0.06823790 -0.06822231 -0.06821145 
2.31012970e-04 -0.06833305 -0.06826815 -0.06823790 -0.06822231 -0.06821145 
1.87381742e-04 -0.06833305 -0.06826815 -0.06823790 -0.06822231 -0.06821145 
1.51991108e-04 -0.06833305 -0.06826815 -0.06823790 -0.06822231 -0.06821145 
1.23284674e-04 -0.06833305 -0.06826815 -0.06823790 -0.06822231 -0.06821145 
1.00000000e-04 -0.06833305 -0.06826815 -0.06823790 -0.06822231 -0.06821145 
8.11130831e-05 -0.06833305 -0.06826815 -0.06823790 -0.06822231 -0.06821145 
6.57933225e-05 -0.06833305 -0.06826815 -0.06823790 -0.06822231 -0.06821145 
5.33669923e-05 -0.06833305 -0.06826815 -0.06823790 -0.06822231 -0.06821145 
4.32876128e-05 -0.06833305 -0.06826815 -0.06823790 -0.06822231 -0.06821145 
3.51119173e-05 -0.06833305 -0.06826815 -0.06823790 -0.06822231 -0.06821145 
2.84803587e-05 -0.06833305 -0.06826815 -0.06823790 -0.06822231 -0.06821145 
2.31012970e-05 -0.06833305 -0.06826815 -0.06823790 -0.06822231 -0.06821145 
1.87381742e-05 -0.06833305 -0.06826815 -0.06823790 -0.06822231 -0.06821145 
1.51991108e-05 -0.06833305 -0.06826815 -0.06823790 -0.06822231 -0.06821145 
1.23284674e-05 -0.06833305 -0.06826815 -0.06823790 -0.06822231 -0.06821145 
1.00000000e-05 -0.06833305 -0.06826815 -0.06823790 -0.06822231 -0.06821145 
8.11130831e-06 -0.06833305 -0.06826815 -0.06823790 -0.06822231 -0.06821145 
6.57933225e-06 -0.06833305 -0.06826815 -0.06823790 -0.06822231 -0.06821145 
5.33669923e-06 -0.06833305 -0.06826815 -0.06823790 -0.06822231 -0.06821145 
4.32876128e-06 -0.06833305 -0.06826815 -0.06823790 -0.06822231 -0.06821145 
3.51119173e-06 -0.06833305 -0.06826815 -0.06823790 -0.06822231 -0.06821145 
2.84803587e-06 -0.06833305 -0.06826815 -0.06823790 -0.06822231 -0.06821145 
2.31012970e-06 -0.06833305 -0.06826815 -0.06823790 -0.06822231 -0.06821145 
1.87381742e-06 -0.06833305 -0.06826815 -0.06823790 -0.06822231 -0.06821145 
1.51991108e-06 -0.06833305 -0.06826815 -0.06823790 -0.06822231 -0.06821145 
1.23284674e-06 -0.06833305 -0.06826815 -0.06823790 -0.06822231 -0.06821145 
1.00000000e-06 -0.06833305 -0.06826815 -0.06823790 -0.06822231 -0.06821145 
8.11130831e-07 -0.06833305 -0.06826815 -0.06823790 -0.06822231 -0.06821145 
6.57933225e-07 -0.06833305 -0.06826815 -0.06823790 -0.06822231 -0.06821145 
5.33669923e-07 -0.06833305 -0.06826815 -0.06823790 -0.06822231 -0.06821145 
4.32876128e-07 -0.06833305 -0.06826815 -0.06823790 -0.06822231 -0.06821145 
3.51119173e-07 -0.06833305 -0.06826815 -0.06823790 -0.06822231 -0.06821145 
2.84803587e-07 -0.06833305 -0.06826815 -0.06823790 -0.06822231 -0.06821145 
2.31012970e-07 -0.06833305 -0.06826815 -0.06823790 -0.06822231 -0.06821145 
1.87381742e-07 -0.06833305 -0.06826815 -0.06823790 -0.06822231 -0.06821145 
1.51991108e-07 -0.06833305 -0.06826815 -0.06823790 -0.06822231 -0.06821145 
1.23284674e-07 -0.06833305 -0.06826815 -0.06823790 -0.06822231 -0.06821145 
1.00000000e-07 -0.06833305 -0.06826815 -0.06823790 -0.06822231 -0.06821145 
P (bar) | log_He: -2σ | log_He: -1σ | log_He: median | log_He: +1σ | log_He: +2σ 
1.00000000e+02 -0.83788413 -0.83781923 -0.83778897 -0.83777339 -0.83776253 
8.11130831e+01 -0.83788413 -0.83781923 -0.83778897 -0.83777339 -0.83776253 
6.57933225e+01 -0.83788413 -0.83781923 -0.83778897 -0.83777339 -0.83776253 
5.33669923e+01 -0.83788413 -0.83781923 -0.83778897 -0.83777339 -0.83776253 
4.32876128e+01 -0.83788413 -0.83781923 -0.83778897 -0.83777339 -0.83776253 
3.51119173e+01 -0.83788413 -0.83781923 -0.83778897 -0.83777339 -0.83776253 
2.84803587e+01 -0.83788413 -0.83781923 -0.83778897 -0.83777339 -0.83776253 
2.31012970e+01 -0.83788413 -0.83781923 -0.83778897 -0.83777339 -0.83776253 
1.87381742e+01 -0.83788413 -0.83781923 -0.83778897 -0.83777339 -0.83776253 
1.51991108e+01 -0.83788413 -0.83781923 -0.83778897 -0.83777339 -0.83776253 
1.23284674e+01 -0.83788413 -0.83781923 -0.83778897 -0.83777339 -0.83776253 
1.00000000e+01 -0.83788413 -0.83781923 -0.83778897 -0.83777339 -0.83776253 
8.11130831e+00 -0.83788413 -0.83781923 -0.83778897 -0.83777339 -0.83776253 
6.57933225e+00 -0.83788413 -0.83781923 -0.83778897 -0.83777339 -0.83776253 
5.33669923e+00 -0.83788413 -0.83781923 -0.83778897 -0.83777339 -0.83776253 
4.32876128e+00 -0.83788413 -0.83781923 -0.83778897 -0.83777339 -0.83776253 
3.51119173e+00 -0.83788413 -0.83781923 -0.83778897 -0.83777339 -0.83776253 
2.84803587e+00 -0.83788413 -0.83781923 -0.83778897 -0.83777339 -0.83776253 
2.31012970e+00 -0.83788413 -0.83781923 -0.83778897 -0.83777339 -0.83776253 
1.87381742e+00 -0.83788413 -0.83781923 -0.83778897 -0.83777339 -0.83776253 
1.51991108e+00 -0.83788413 -0.83781923 -0.83778897 -0.83777339 -0.83776253 
1.23284674e+00 -0.83788413 -0.83781923 -0.83778897 -0.83777339 -0.83776253 
1.00000000e+00 -0.83788413 -0.83781923 -0.83778897 -0.83777339 -0.83776253 
8.11130831e-01 -0.83788413 -0.83781923 -0.83778897 -0.83777339 -0.83776253 
6.57933225e-01 -0.83788413 -0.83781923 -0.83778897 -0.83777339 -0.83776253 
5.33669923e-01 -0.83788413 -0.83781923 -0.83778897 -0.83777339 -0.83776253 
4.32876128e-01 -0.83788413 -0.83781923 -0.83778897 -0.83777339 -0.83776253 
3.51119173e-01 -0.83788413 -0.83781923 -0.83778897 -0.83777339 -0.83776253 
2.84803587e-01 -0.83788413 -0.83781923 -0.83778897 -0.83777339 -0.83776253 
2.31012970e-01 -0.83788413 -0.83781923 -0.83778897 -0.83777339 -0.83776253 
1.87381742e-01 -0.83788413 -0.83781923 -0.83778897 -0.83777339 -0.83776253 
1.51991108e-01 -0.83788413 -0.83781923 -0.83778897 -0.83777339 -0.83776253 
1.23284674e-01 -0.83788413 -0.83781923 -0.83778897 -0.83777339 -0.83776253 
1.00000000e-01 -0.83788413 -0.83781923 -0.83778897 -0.83777339 -0.83776253 
8.11130831e-02 -0.83788413 -0.83781923 -0.83778897 -0.83777339 -0.83776253 
6.57933225e-02 -0.83788413 -0.83781923 -0.83778897 -0.83777339 -0.83776253 
5.33669923e-02 -0.83788413 -0.83781923 -0.83778897 -0.83777339 -0.83776253 
4.32876128e-02 -0.83788413 -0.83781923 -0.83778897 -0.83777339 -0.83776253 
3.51119173e-02 -0.83788413 -0.83781923 -0.83778897 -0.83777339 -0.83776253 
2.84803587e-02 -0.83788413 -0.83781923 -0.83778897 -0.83777339 -0.83776253 
2.31012970e-02 -0.83788413 -0.83781923 -0.83778897 -0.83777339 -0.83776253 
1.87381742e-02 -0.83788413 -0.83781923 -0.83778897 -0.83777339 -0.83776253 
1.51991108e-02 -0.83788413 -0.83781923 -0.83778897 -0.83777339 -0.83776253 
1.23284674e-02 -0.83788413 -0.83781923 -0.83778897 -0.83777339 -0.83776253 
1.00000000e-02 -0.83788413 -0.83781923 -0.83778897 -0.83777339 -0.83776253 
8.11130831e-03 -0.83788413 -0.83781923 -0.83778897 -0.83777339 -0.83776253 
6.57933225e-03 -0.83788413 -0.83781923 -0.83778897 -0.83777339 -0.83776253 
5.33669923e-03 -0.83788413 -0.83781923 -0.83778897 -0.83777339 -0.83776253 
4.32876128e-03 -0.83788413 -0.83781923 -0.83778897 -0.83777339 -0.83776253 
3.51119173e-03 -0.83788413 -0.83781923 -0.83778897 -0.83777339 -0.83776253 
2.84803587e-03 -0.83788413 -0.83781923 -0.83778897 -0.83777339 -0.83776253 
2.31012970e-03 -0.83788413 -0.83781923 -0.83778897 -0.83777339 -0.83776253 
1.87381742e-03 -0.83788413 -0.83781923 -0.83778897 -0.83777339 -0.83776253 
1.51991108e-03 -0.83788413 -0.83781923 -0.83778897 -0.83777339 -0.83776253 
1.23284674e-03 -0.83788413 -0.83781923 -0.83778897 -0.83777339 -0.83776253 
1.00000000e-03 -0.83788413 -0.83781923 -0.83778897 -0.83777339 -0.83776253 
8.11130831e-04 -0.83788413 -0.83781923 -0.83778897 -0.83777339 -0.83776253 
6.57933225e-04 -0.83788413 -0.83781923 -0.83778897 -0.83777339 -0.83776253 
5.33669923e-04 -0.83788413 -0.83781923 -0.83778897 -0.83777339 -0.83776253 
4.32876128e-04 -0.83788413 -0.83781923 -0.83778897 -0.83777339 -0.83776253 
3.51119173e-04 -0.83788413 -0.83781923 -0.83778897 -0.83777339 -0.83776253 
2.84803587e-04 -0.83788413 -0.83781923 -0.83778897 -0.83777339 -0.83776253 
2.31012970e-04 -0.83788413 -0.83781923 -0.83778897 -0.83777339 -0.83776253 
1.87381742e-04 -0.83788413 -0.83781923 -0.83778897 -0.83777339 -0.83776253 
1.51991108e-04 -0.83788413 -0.83781923 -0.83778897 -0.83777339 -0.83776253 
1.23284674e-04 -0.83788413 -0.83781923 -0.83778897 -0.83777339 -0.83776253 
1.00000000e-04 -0.83788413 -0.83781923 -0.83778897 -0.83777339 -0.83776253 
8.11130831e-05 -0.83788413 -0.83781923 -0.83778897 -0.83777339 -0.83776253 
6.57933225e-05 -0.83788413 -0.83781923 -0.83778897 -0.83777339 -0.83776253 
5.33669923e-05 -0.83788413 -0.83781923 -0.83778897 -0.83777339 -0.83776253 
4.32876128e-05 -0.83788413 -0.83781923 -0.83778897 -0.83777339 -0.83776253 
3.51119173e-05 -0.83788413 -0.83781923 -0.83778897 -0.83777339 -0.83776253 
2.84803587e-05 -0.83788413 -0.83781923 -0.83778897 -0.83777339 -0.83776253 
2.31012970e-05 -0.83788413 -0.83781923 -0.83778897 -0.83777339 -0.83776253 
1.87381742e-05 -0.83788413 -0.83781923 -0.83778897 -0.83777339 -0.83776253 
1.51991108e-05 -0.83788413 -0.83781923 -0.83778897 -0.83777339 -0.83776253 
1.23284674e-05 -0.83788413 -0.83781923 -0.83778897 -0.83777339 -0.83776253 
1.00000000e-05 -0.83788413 -0.83781923 -0.83778897 -0.83777339 -0.83776253 
8.11130831e-06 -0.83788413 -0.83781923 -0.83778897 -0.83777339 -0.83776253 
6.57933225e-06 -0.83788413 -0.83781923 -0.83778897 -0.83777339 -0.83776253 
5.33669923e-06 -0.83788413 -0.83781923 -0.83778897 -0.83777339 -0.83776253 
4.32876128e-06 -0.83788413 -0.83781923 -0.83778897 -0.83777339 -0.83776253 
3.51119173e-06 -0.83788413 -0.83781923 -0.83778897 -0.83777339 -0.83776253 
2.84803587e-06 -0.83788413 -0.83781923 -0.83778897 -0.83777339 -0.83776253 
2.31012970e-06 -0.83788413 -0.83781923 -0.83778897 -0.83777339 -0.83776253 
1.87381742e-06 -0.83788413 -0.83781923 -0.83778897 -0.83777339 -0.83776253 
1.51991108e-06 -0.83788413 -0.83781923 -0.83778897 -0.83777339 -0.83776253 
1.23284674e-06 -0.83788413 -0.83781923 -0.83778897 -0.83777339 -0.83776253 
1.00000000e-06 -0.83788413 -0.83781923 -0.83778897 -0.83777339 -0.83776253 
8.11130831e-07 -0.83788413 -0.83781923 -0.83778897 -0.83777339 -0.83776253 
6.57933225e-07 -0.83788413 -0.83781923 -0.83778897 -0.83777339 -0.83776253 
5.33669923e-07 -0.83788413 -0.83781923 -0.83778897 -0.83777339 -0.83776253 
4.32876128e-07 -0.83788413 -0.83781923 -0.83778897 -0.83777339 -0.83776253 
3.51119173e-07 -0.83788413 -0.83781923 -0.83778897 -0.83777339 -0.83776253 
2.84803587e-07 -0.83788413 -0.83781923 -0.83778897 -0.83777339 -0.83776253 
2.31012970e-07 -0.83788413 -0.83781923 -0.83778897 -0.83777339 -0.83776253 
1.87381742e-07 -0.83788413 -0.83781923 -0.83778897 -0.83777339 -0.83776253 
1.51991108e-07 -0.83788413 -0.83781923 -0.83778897 -0.83777339 -0.83776253 
1.23284674e-07 -0.83788413 -0.83781923 -0.83778897 -0.83777339 -0.83776253 
1.00000000e-07 -0.83788413 -0.83781923 -0.83778897 -0.83777339 -0.83776253 
P (bar) | log_Na: -2σ | log_Na: -1σ | log_Na: median | log_Na: +1σ | log_Na: +2σ 
1.00000000e+02 -6.21103087 -5.90754779 -5.59113434 -5.26683319 -4.93569506 
8.11130831e+01 -6.21103087 -5.90754779 -5.59113434 -5.26683319 -4.93569506 
6.57933225e+01 -6.21103087 -5.90754779 -5.59113434 -5.26683319 -4.93569506 
5.33669923e+01 -6.21103087 -5.90754779 -5.59113434 -5.26683319 -4.93569506 
4.32876128e+01 -6.21103087 -5.90754779 -5.59113434 -5.26683319 -4.93569506 
3.51119173e+01 -6.21103087 -5.90754779 -5.59113434 -5.26683319 -4.93569506 
2.84803587e+01 -6.21103087 -5.90754779 -5.59113434 -5.26683319 -4.93569506 
2.31012970e+01 -6.21103087 -5.90754779 -5.59113434 -5.26683319 -4.93569506 
1.87381742e+01 -6.21103087 -5.90754779 -5.59113434 -5.26683319 -4.93569506 
1.51991108e+01 -6.21103087 -5.90754779 -5.59113434 -5.26683319 -4.93569506 
1.23284674e+01 -6.21103087 -5.90754779 -5.59113434 -5.26683319 -4.93569506 
1.00000000e+01 -6.21103087 -5.90754779 -5.59113434 -5.26683319 -4.93569506 
8.11130831e+00 -6.21103087 -5.90754779 -5.59113434 -5.26683319 -4.93569506 
6.57933225e+00 -6.21103087 -5.90754779 -5.59113434 -5.26683319 -4.93569506 
5.33669923e+00 -6.21103087 -5.90754779 -5.59113434 -5.26683319 -4.93569506 
4.32876128e+00 -6.21103087 -5.90754779 -5.59113434 -5.26683319 -4.93569506 
3.51119173e+00 -6.21103087 -5.90754779 -5.59113434 -5.26683319 -4.93569506 
2.84803587e+00 -6.21103087 -5.90754779 -5.59113434 -5.26683319 -4.93569506 
2.31012970e+00 -6.21103087 -5.90754779 -5.59113434 -5.26683319 -4.93569506 
1.87381742e+00 -6.21103087 -5.90754779 -5.59113434 -5.26683319 -4.93569506 
1.51991108e+00 -6.21103087 -5.90754779 -5.59113434 -5.26683319 -4.93569506 
1.23284674e+00 -6.21103087 -5.90754779 -5.59113434 -5.26683319 -4.93569506 
1.00000000e+00 -6.21103087 -5.90754779 -5.59113434 -5.26683319 -4.93569506 
8.11130831e-01 -6.21103087 -5.90754779 -5.59113434 -5.26683319 -4.93569506 
6.57933225e-01 -6.21103087 -5.90754779 -5.59113434 -5.26683319 -4.93569506 
5.33669923e-01 -6.21103087 -5.90754779 -5.59113434 -5.26683319 -4.93569506 
4.32876128e-01 -6.21103087 -5.90754779 -5.59113434 -5.26683319 -4.93569506 
3.51119173e-01 -6.21103087 -5.90754779 -5.59113434 -5.26683319 -4.93569506 
2.84803587e-01 -6.21103087 -5.90754779 -5.59113434 -5.26683319 -4.93569506 
2.31012970e-01 -6.21103087 -5.90754779 -5.59113434 -5.26683319 -4.93569506 
1.87381742e-01 -6.21103087 -5.90754779 -5.59113434 -5.26683319 -4.93569506 
1.51991108e-01 -6.21103087 -5.90754779 -5.59113434 -5.26683319 -4.93569506 
1.23284674e-01 -6.21103087 -5.90754779 -5.59113434 -5.26683319 -4.93569506 
1.00000000e-01 -6.21103087 -5.90754779 -5.59113434 -5.26683319 -4.93569506 
8.11130831e-02 -6.21103087 -5.90754779 -5.59113434 -5.26683319 -4.93569506 
6.57933225e-02 -6.21103087 -5.90754779 -5.59113434 -5.26683319 -4.93569506 
5.33669923e-02 -6.21103087 -5.90754779 -5.59113434 -5.26683319 -4.93569506 
4.32876128e-02 -6.21103087 -5.90754779 -5.59113434 -5.26683319 -4.93569506 
3.51119173e-02 -6.21103087 -5.90754779 -5.59113434 -5.26683319 -4.93569506 
2.84803587e-02 -6.21103087 -5.90754779 -5.59113434 -5.26683319 -4.93569506 
2.31012970e-02 -6.21103087 -5.90754779 -5.59113434 -5.26683319 -4.93569506 
1.87381742e-02 -6.21103087 -5.90754779 -5.59113434 -5.26683319 -4.93569506 
1.51991108e-02 -6.21103087 -5.90754779 -5.59113434 -5.26683319 -4.93569506 
1.23284674e-02 -6.21103087 -5.90754779 -5.59113434 -5.26683319 -4.93569506 
1.00000000e-02 -6.21103087 -5.90754779 -5.59113434 -5.26683319 -4.93569506 
8.11130831e-03 -6.21103087 -5.90754779 -5.59113434 -5.26683319 -4.93569506 
6.57933225e-03 -6.21103087 -5.90754779 -5.59113434 -5.26683319 -4.93569506 
5.33669923e-03 -6.21103087 -5.90754779 -5.59113434 -5.26683319 -4.93569506 
4.32876128e-03 -6.21103087 -5.90754779 -5.59113434 -5.26683319 -4.93569506 
3.51119173e-03 -6.21103087 -5.90754779 -5.59113434 -5.26683319 -4.93569506 
2.84803587e-03 -6.21103087 -5.90754779 -5.59113434 -5.26683319 -4.93569506 
2.31012970e-03 -6.21103087 -5.90754779 -5.59113434 -5.26683319 -4.93569506 
1.87381742e-03 -6.21103087 -5.90754779 -5.59113434 -5.26683319 -4.93569506 
1.51991108e-03 -6.21103087 -5.90754779 -5.59113434 -5.26683319 -4.93569506 
1.23284674e-03 -6.21103087 -5.90754779 -5.59113434 -5.26683319 -4.93569506 
1.00000000e-03 -6.21103087 -5.90754779 -5.59113434 -5.26683319 -4.93569506 
8.11130831e-04 -6.21103087 -5.90754779 -5.59113434 -5.26683319 -4.93569506 
6.57933225e-04 -6.21103087 -5.90754779 -5.59113434 -5.26683319 -4.93569506 
5.33669923e-04 -6.21103087 -5.90754779 -5.59113434 -5.26683319 -4.93569506 
4.32876128e-04 -6.21103087 -5.90754779 -5.59113434 -5.26683319 -4.93569506 
3.51119173e-04 -6.21103087 -5.90754779 -5.59113434 -5.26683319 -4.93569506 
2.84803587e-04 -6.21103087 -5.90754779 -5.59113434 -5.26683319 -4.93569506 
2.31012970e-04 -6.21103087 -5.90754779 -5.59113434 -5.26683319 -4.93569506 
1.87381742e-04 -6.21103087 -5.90754779 -5.59113434 -5.26683319 -4.93569506 
1.51991108e-04 -6.21103087 -5.90754779 -5.59113434 -5.26683319 -4.93569506 
1.23284674e-04 -6.21103087 -5.90754779 -5.59113434 -5.26683319 -4.93569506 
1.00000000e-04 -6.21103087 -5.90754779 -5.59113434 -5.26683319 -4.93569506 
8.11130831e-05 -6.21103087 -5.90754779 -5.59113434 -5.26683319 -4.93569506 
6.57933225e-05 -6.21103087 -5.90754779 -5.59113434 -5.26683319 -4.93569506 
5.33669923e-05 -6.21103087 -5.90754779 -5.59113434 -5.26683319 -4.93569506 
4.32876128e-05 -6.21103087 -5.90754779 -5.59113434 -5.26683319 -4.93569506 
3.51119173e-05 -6.21103087 -5.90754779 -5.59113434 -5.26683319 -4.93569506 
2.84803587e-05 -6.21103087 -5.90754779 -5.59113434 -5.26683319 -4.93569506 
2.31012970e-05 -6.21103087 -5.90754779 -5.59113434 -5.26683319 -4.93569506 
1.87381742e-05 -6.21103087 -5.90754779 -5.59113434 -5.26683319 -4.93569506 
1.51991108e-05 -6.21103087 -5.90754779 -5.59113434 -5.26683319 -4.93569506 
1.23284674e-05 -6.21103087 -5.90754779 -5.59113434 -5.26683319 -4.93569506 
1.00000000e-05 -6.21103087 -5.90754779 -5.59113434 -5.26683319 -4.93569506 
8.11130831e-06 -6.21103087 -5.90754779 -5.59113434 -5.26683319 -4.93569506 
6.57933225e-06 -6.21103087 -5.90754779 -5.59113434 -5.26683319 -4.93569506 
5.33669923e-06 -6.21103087 -5.90754779 -5.59113434 -5.26683319 -4.93569506 
4.32876128e-06 -6.21103087 -5.90754779 -5.59113434 -5.26683319 -4.93569506 
3.51119173e-06 -6.21103087 -5.90754779 -5.59113434 -5.26683319 -4.93569506 
2.84803587e-06 -6.21103087 -5.90754779 -5.59113434 -5.26683319 -4.93569506 
2.31012970e-06 -6.21103087 -5.90754779 -5.59113434 -5.26683319 -4.93569506 
1.87381742e-06 -6.21103087 -5.90754779 -5.59113434 -5.26683319 -4.93569506 
1.51991108e-06 -6.21103087 -5.90754779 -5.59113434 -5.26683319 -4.93569506 
1.23284674e-06 -6.21103087 -5.90754779 -5.59113434 -5.26683319 -4.93569506 
1.00000000e-06 -6.21103087 -5.90754779 -5.59113434 -5.26683319 -4.93569506 
8.11130831e-07 -6.21103087 -5.90754779 -5.59113434 -5.26683319 -4.93569506 
6.57933225e-07 -6.21103087 -5.90754779 -5.59113434 -5.26683319 -4.93569506 
5.33669923e-07 -6.21103087 -5.90754779 -5.59113434 -5.26683319 -4.93569506 
4.32876128e-07 -6.21103087 -5.90754779 -5.59113434 -5.26683319 -4.93569506 
3.51119173e-07 -6.21103087 -5.90754779 -5.59113434 -5.26683319 -4.93569506 
2.84803587e-07 -6.21103087 -5.90754779 -5.59113434 -5.26683319 -4.93569506 
2.31012970e-07 -6.21103087 -5.90754779 -5.59113434 -5.26683319 -4.93569506 
1.87381742e-07 -6.21103087 -5.90754779 -5.59113434 -5.26683319 -4.93569506 
1.51991108e-07 -6.21103087 -5.90754779 -5.59113434 -5.26683319 -4.93569506 
1.23284674e-07 -6.21103087 -5.90754779 -5.59113434 -5.26683319 -4.93569506 
1.00000000e-07 -6.21103087 -5.90754779 -5.59113434 -5.26683319 -4.93569506 
P (bar) | log_K: -2σ | log_K: -1σ | log_K: median | log_K: +1σ | log_K: +2σ 
1.00000000e+02 -7.96751897 -7.64728747 -7.29848633 -6.91203681 -6.54402318 
8.11130831e+01 -7.96751897 -7.64728747 -7.29848633 -6.91203681 -6.54402318 
6.57933225e+01 -7.96751897 -7.64728747 -7.29848633 -6.91203681 -6.54402318 
5.33669923e+01 -7.96751897 -7.64728747 -7.29848633 -6.91203681 -6.54402318 
4.32876128e+01 -7.96751897 -7.64728747 -7.29848633 -6.91203681 -6.54402318 
3.51119173e+01 -7.96751897 -7.64728747 -7.29848633 -6.91203681 -6.54402318 
2.84803587e+01 -7.96751897 -7.64728747 -7.29848633 -6.91203681 -6.54402318 
2.31012970e+01 -7.96751897 -7.64728747 -7.29848633 -6.91203681 -6.54402318 
1.87381742e+01 -7.96751897 -7.64728747 -7.29848633 -6.91203681 -6.54402318 
1.51991108e+01 -7.96751897 -7.64728747 -7.29848633 -6.91203681 -6.54402318 
1.23284674e+01 -7.96751897 -7.64728747 -7.29848633 -6.91203681 -6.54402318 
1.00000000e+01 -7.96751897 -7.64728747 -7.29848633 -6.91203681 -6.54402318 
8.11130831e+00 -7.96751897 -7.64728747 -7.29848633 -6.91203681 -6.54402318 
6.57933225e+00 -7.96751897 -7.64728747 -7.29848633 -6.91203681 -6.54402318 
5.33669923e+00 -7.96751897 -7.64728747 -7.29848633 -6.91203681 -6.54402318 
4.32876128e+00 -7.96751897 -7.64728747 -7.29848633 -6.91203681 -6.54402318 
3.51119173e+00 -7.96751897 -7.64728747 -7.29848633 -6.91203681 -6.54402318 
2.84803587e+00 -7.96751897 -7.64728747 -7.29848633 -6.91203681 -6.54402318 
2.31012970e+00 -7.96751897 -7.64728747 -7.29848633 -6.91203681 -6.54402318 
1.87381742e+00 -7.96751897 -7.64728747 -7.29848633 -6.91203681 -6.54402318 
1.51991108e+00 -7.96751897 -7.64728747 -7.29848633 -6.91203681 -6.54402318 
1.23284674e+00 -7.96751897 -7.64728747 -7.29848633 -6.91203681 -6.54402318 
1.00000000e+00 -7.96751897 -7.64728747 -7.29848633 -6.91203681 -6.54402318 
8.11130831e-01 -7.96751897 -7.64728747 -7.29848633 -6.91203681 -6.54402318 
6.57933225e-01 -7.96751897 -7.64728747 -7.29848633 -6.91203681 -6.54402318 
5.33669923e-01 -7.96751897 -7.64728747 -7.29848633 -6.91203681 -6.54402318 
4.32876128e-01 -7.96751897 -7.64728747 -7.29848633 -6.91203681 -6.54402318 
3.51119173e-01 -7.96751897 -7.64728747 -7.29848633 -6.91203681 -6.54402318 
2.84803587e-01 -7.96751897 -7.64728747 -7.29848633 -6.91203681 -6.54402318 
2.31012970e-01 -7.96751897 -7.64728747 -7.29848633 -6.91203681 -6.54402318 
1.87381742e-01 -7.96751897 -7.64728747 -7.29848633 -6.91203681 -6.54402318 
1.51991108e-01 -7.96751897 -7.64728747 -7.29848633 -6.91203681 -6.54402318 
1.23284674e-01 -7.96751897 -7.64728747 -7.29848633 -6.91203681 -6.54402318 
1.00000000e-01 -7.96751897 -7.64728747 -7.29848633 -6.91203681 -6.54402318 
8.11130831e-02 -7.96751897 -7.64728747 -7.29848633 -6.91203681 -6.54402318 
6.57933225e-02 -7.96751897 -7.64728747 -7.29848633 -6.91203681 -6.54402318 
5.33669923e-02 -7.96751897 -7.64728747 -7.29848633 -6.91203681 -6.54402318 
4.32876128e-02 -7.96751897 -7.64728747 -7.29848633 -6.91203681 -6.54402318 
3.51119173e-02 -7.96751897 -7.64728747 -7.29848633 -6.91203681 -6.54402318 
2.84803587e-02 -7.96751897 -7.64728747 -7.29848633 -6.91203681 -6.54402318 
2.31012970e-02 -7.96751897 -7.64728747 -7.29848633 -6.91203681 -6.54402318 
1.87381742e-02 -7.96751897 -7.64728747 -7.29848633 -6.91203681 -6.54402318 
1.51991108e-02 -7.96751897 -7.64728747 -7.29848633 -6.91203681 -6.54402318 
1.23284674e-02 -7.96751897 -7.64728747 -7.29848633 -6.91203681 -6.54402318 
1.00000000e-02 -7.96751897 -7.64728747 -7.29848633 -6.91203681 -6.54402318 
8.11130831e-03 -7.96751897 -7.64728747 -7.29848633 -6.91203681 -6.54402318 
6.57933225e-03 -7.96751897 -7.64728747 -7.29848633 -6.91203681 -6.54402318 
5.33669923e-03 -7.96751897 -7.64728747 -7.29848633 -6.91203681 -6.54402318 
4.32876128e-03 -7.96751897 -7.64728747 -7.29848633 -6.91203681 -6.54402318 
3.51119173e-03 -7.96751897 -7.64728747 -7.29848633 -6.91203681 -6.54402318 
2.84803587e-03 -7.96751897 -7.64728747 -7.29848633 -6.91203681 -6.54402318 
2.31012970e-03 -7.96751897 -7.64728747 -7.29848633 -6.91203681 -6.54402318 
1.87381742e-03 -7.96751897 -7.64728747 -7.29848633 -6.91203681 -6.54402318 
1.51991108e-03 -7.96751897 -7.64728747 -7.29848633 -6.91203681 -6.54402318 
1.23284674e-03 -7.96751897 -7.64728747 -7.29848633 -6.91203681 -6.54402318 
1.00000000e-03 -7.96751897 -7.64728747 -7.29848633 -6.91203681 -6.54402318 
8.11130831e-04 -7.96751897 -7.64728747 -7.29848633 -6.91203681 -6.54402318 
6.57933225e-04 -7.96751897 -7.64728747 -7.29848633 -6.91203681 -6.54402318 
5.33669923e-04 -7.96751897 -7.64728747 -7.29848633 -6.91203681 -6.54402318 
4.32876128e-04 -7.96751897 -7.64728747 -7.29848633 -6.91203681 -6.54402318 
3.51119173e-04 -7.96751897 -7.64728747 -7.29848633 -6.91203681 -6.54402318 
2.84803587e-04 -7.96751897 -7.64728747 -7.29848633 -6.91203681 -6.54402318 
2.31012970e-04 -7.96751897 -7.64728747 -7.29848633 -6.91203681 -6.54402318 
1.87381742e-04 -7.96751897 -7.64728747 -7.29848633 -6.91203681 -6.54402318 
1.51991108e-04 -7.96751897 -7.64728747 -7.29848633 -6.91203681 -6.54402318 
1.23284674e-04 -7.96751897 -7.64728747 -7.29848633 -6.91203681 -6.54402318 
1.00000000e-04 -7.96751897 -7.64728747 -7.29848633 -6.91203681 -6.54402318 
8.11130831e-05 -7.96751897 -7.64728747 -7.29848633 -6.91203681 -6.54402318 
6.57933225e-05 -7.96751897 -7.64728747 -7.29848633 -6.91203681 -6.54402318 
5.33669923e-05 -7.96751897 -7.64728747 -7.29848633 -6.91203681 -6.54402318 
4.32876128e-05 -7.96751897 -7.64728747 -7.29848633 -6.91203681 -6.54402318 
3.51119173e-05 -7.96751897 -7.64728747 -7.29848633 -6.91203681 -6.54402318 
2.84803587e-05 -7.96751897 -7.64728747 -7.29848633 -6.91203681 -6.54402318 
2.31012970e-05 -7.96751897 -7.64728747 -7.29848633 -6.91203681 -6.54402318 
1.87381742e-05 -7.96751897 -7.64728747 -7.29848633 -6.91203681 -6.54402318 
1.51991108e-05 -7.96751897 -7.64728747 -7.29848633 -6.91203681 -6.54402318 
1.23284674e-05 -7.96751897 -7.64728747 -7.29848633 -6.91203681 -6.54402318 
1.00000000e-05 -7.96751897 -7.64728747 -7.29848633 -6.91203681 -6.54402318 
8.11130831e-06 -7.96751897 -7.64728747 -7.29848633 -6.91203681 -6.54402318 
6.57933225e-06 -7.96751897 -7.64728747 -7.29848633 -6.91203681 -6.54402318 
5.33669923e-06 -7.96751897 -7.64728747 -7.29848633 -6.91203681 -6.54402318 
4.32876128e-06 -7.96751897 -7.64728747 -7.29848633 -6.91203681 -6.54402318 
3.51119173e-06 -7.96751897 -7.64728747 -7.29848633 -6.91203681 -6.54402318 
2.84803587e-06 -7.96751897 -7.64728747 -7.29848633 -6.91203681 -6.54402318 
2.31012970e-06 -7.96751897 -7.64728747 -7.29848633 -6.91203681 -6.54402318 
1.87381742e-06 -7.96751897 -7.64728747 -7.29848633 -6.91203681 -6.54402318 
1.51991108e-06 -7.96751897 -7.64728747 -7.29848633 -6.91203681 -6.54402318 
1.23284674e-06 -7.96751897 -7.64728747 -7.29848633 -6.91203681 -6.54402318 
1.00000000e-06 -7.96751897 -7.64728747 -7.29848633 -6.91203681 -6.54402318 
8.11130831e-07 -7.96751897 -7.64728747 -7.29848633 -6.91203681 -6.54402318 
6.57933225e-07 -7.96751897 -7.64728747 -7.29848633 -6.91203681 -6.54402318 
5.33669923e-07 -7.96751897 -7.64728747 -7.29848633 -6.91203681 -6.54402318 
4.32876128e-07 -7.96751897 -7.64728747 -7.29848633 -6.91203681 -6.54402318 
3.51119173e-07 -7.96751897 -7.64728747 -7.29848633 -6.91203681 -6.54402318 
2.84803587e-07 -7.96751897 -7.64728747 -7.29848633 -6.91203681 -6.54402318 
2.31012970e-07 -7.96751897 -7.64728747 -7.29848633 -6.91203681 -6.54402318 
1.87381742e-07 -7.96751897 -7.64728747 -7.29848633 -6.91203681 -6.54402318 
1.51991108e-07 -7.96751897 -7.64728747 -7.29848633 -6.91203681 -6.54402318 
1.23284674e-07 -7.96751897 -7.64728747 -7.29848633 -6.91203681 -6.54402318 
1.00000000e-07 -7.96751897 -7.64728747 -7.29848633 -6.91203681 -6.54402318 
P (bar) | log_H2O: -2σ | log_H2O: -1σ | log_H2O: median | log_H2O: +1σ | log_H2O: +2σ 
1.00000000e+02 -4.24644956 -4.08838174 -3.93376391 -3.73408801 -3.50010047 
8.11130831e+01 -4.24644956 -4.08838174 -3.93376391 -3.73408801 -3.50010047 
6.57933225e+01 -4.24644956 -4.08838174 -3.93376391 -3.73408801 -3.50010047 
5.33669923e+01 -4.24644956 -4.08838174 -3.93376391 -3.73408801 -3.50010047 
4.32876128e+01 -4.24644956 -4.08838174 -3.93376391 -3.73408801 -3.50010047 
3.51119173e+01 -4.24644956 -4.08838174 -3.93376391 -3.73408801 -3.50010047 
2.84803587e+01 -4.24644956 -4.08838174 -3.93376391 -3.73408801 -3.50010047 
2.31012970e+01 -4.24644956 -4.08838174 -3.93376391 -3.73408801 -3.50010047 
1.87381742e+01 -4.24644956 -4.08838174 -3.93376391 -3.73408801 -3.50010047 
1.51991108e+01 -4.24644956 -4.08838174 -3.93376391 -3.73408801 -3.50010047 
1.23284674e+01 -4.24644956 -4.08838174 -3.93376391 -3.73408801 -3.50010047 
1.00000000e+01 -4.24644956 -4.08838174 -3.93376391 -3.73408801 -3.50010047 
8.11130831e+00 -4.24644956 -4.08838174 -3.93376391 -3.73408801 -3.50010047 
6.57933225e+00 -4.24644956 -4.08838174 -3.93376391 -3.73408801 -3.50010047 
5.33669923e+00 -4.24644956 -4.08838174 -3.93376391 -3.73408801 -3.50010047 
4.32876128e+00 -4.24644956 -4.08838174 -3.93376391 -3.73408801 -3.50010047 
3.51119173e+00 -4.24644956 -4.08838174 -3.93376391 -3.73408801 -3.50010047 
2.84803587e+00 -4.24644956 -4.08838174 -3.93376391 -3.73408801 -3.50010047 
2.31012970e+00 -4.24644956 -4.08838174 -3.93376391 -3.73408801 -3.50010047 
1.87381742e+00 -4.24644956 -4.08838174 -3.93376391 -3.73408801 -3.50010047 
1.51991108e+00 -4.24644956 -4.08838174 -3.93376391 -3.73408801 -3.50010047 
1.23284674e+00 -4.24644956 -4.08838174 -3.93376391 -3.73408801 -3.50010047 
1.00000000e+00 -4.24644956 -4.08838174 -3.93376391 -3.73408801 -3.50010047 
8.11130831e-01 -4.24644956 -4.08838174 -3.93376391 -3.73408801 -3.50010047 
6.57933225e-01 -4.24644956 -4.08838174 -3.93376391 -3.73408801 -3.50010047 
5.33669923e-01 -4.24644956 -4.08838174 -3.93376391 -3.73408801 -3.50010047 
4.32876128e-01 -4.24644956 -4.08838174 -3.93376391 -3.73408801 -3.50010047 
3.51119173e-01 -4.24644956 -4.08838174 -3.93376391 -3.73408801 -3.50010047 
2.84803587e-01 -4.24644956 -4.08838174 -3.93376391 -3.73408801 -3.50010047 
2.31012970e-01 -4.24644956 -4.08838174 -3.93376391 -3.73408801 -3.50010047 
1.87381742e-01 -4.24644956 -4.08838174 -3.93376391 -3.73408801 -3.50010047 
1.51991108e-01 -4.24644956 -4.08838174 -3.93376391 -3.73408801 -3.50010047 
1.23284674e-01 -4.24644956 -4.08838174 -3.93376391 -3.73408801 -3.50010047 
1.00000000e-01 -4.24644956 -4.08838174 -3.93376391 -3.73408801 -3.50010047 
8.11130831e-02 -4.24644956 -4.08838174 -3.93376391 -3.73408801 -3.50010047 
6.57933225e-02 -4.24644956 -4.08838174 -3.93376391 -3.73408801 -3.50010047 
5.33669923e-02 -4.24644956 -4.08838174 -3.93376391 -3.73408801 -3.50010047 
4.32876128e-02 -4.24644956 -4.08838174 -3.93376391 -3.73408801 -3.50010047 
3.51119173e-02 -4.24644956 -4.08838174 -3.93376391 -3.73408801 -3.50010047 
2.84803587e-02 -4.24644956 -4.08838174 -3.93376391 -3.73408801 -3.50010047 
2.31012970e-02 -4.24644956 -4.08838174 -3.93376391 -3.73408801 -3.50010047 
1.87381742e-02 -4.24644956 -4.08838174 -3.93376391 -3.73408801 -3.50010047 
1.51991108e-02 -4.24644956 -4.08838174 -3.93376391 -3.73408801 -3.50010047 
1.23284674e-02 -4.24644956 -4.08838174 -3.93376391 -3.73408801 -3.50010047 
1.00000000e-02 -4.24644956 -4.08838174 -3.93376391 -3.73408801 -3.50010047 
8.11130831e-03 -4.24644956 -4.08838174 -3.93376391 -3.73408801 -3.50010047 
6.57933225e-03 -4.24644956 -4.08838174 -3.93376391 -3.73408801 -3.50010047 
5.33669923e-03 -4.24644956 -4.08838174 -3.93376391 -3.73408801 -3.50010047 
4.32876128e-03 -4.24644956 -4.08838174 -3.93376391 -3.73408801 -3.50010047 
3.51119173e-03 -4.24644956 -4.08838174 -3.93376391 -3.73408801 -3.50010047 
2.84803587e-03 -4.24644956 -4.08838174 -3.93376391 -3.73408801 -3.50010047 
2.31012970e-03 -4.24644956 -4.08838174 -3.93376391 -3.73408801 -3.50010047 
1.87381742e-03 -4.24644956 -4.08838174 -3.93376391 -3.73408801 -3.50010047 
1.51991108e-03 -4.24644956 -4.08838174 -3.93376391 -3.73408801 -3.50010047 
1.23284674e-03 -4.24644956 -4.08838174 -3.93376391 -3.73408801 -3.50010047 
1.00000000e-03 -4.24644956 -4.08838174 -3.93376391 -3.73408801 -3.50010047 
8.11130831e-04 -4.24644956 -4.08838174 -3.93376391 -3.73408801 -3.50010047 
6.57933225e-04 -4.24644956 -4.08838174 -3.93376391 -3.73408801 -3.50010047 
5.33669923e-04 -4.24644956 -4.08838174 -3.93376391 -3.73408801 -3.50010047 
4.32876128e-04 -4.24644956 -4.08838174 -3.93376391 -3.73408801 -3.50010047 
3.51119173e-04 -4.24644956 -4.08838174 -3.93376391 -3.73408801 -3.50010047 
2.84803587e-04 -4.24644956 -4.08838174 -3.93376391 -3.73408801 -3.50010047 
2.31012970e-04 -4.24644956 -4.08838174 -3.93376391 -3.73408801 -3.50010047 
1.87381742e-04 -4.24644956 -4.08838174 -3.93376391 -3.73408801 -3.50010047 
1.51991108e-04 -4.24644956 -4.08838174 -3.93376391 -3.73408801 -3.50010047 
1.23284674e-04 -4.24644956 -4.08838174 -3.93376391 -3.73408801 -3.50010047 
1.00000000e-04 -4.24644956 -4.08838174 -3.93376391 -3.73408801 -3.50010047 
8.11130831e-05 -4.24644956 -4.08838174 -3.93376391 -3.73408801 -3.50010047 
6.57933225e-05 -4.24644956 -4.08838174 -3.93376391 -3.73408801 -3.50010047 
5.33669923e-05 -4.24644956 -4.08838174 -3.93376391 -3.73408801 -3.50010047 
4.32876128e-05 -4.24644956 -4.08838174 -3.93376391 -3.73408801 -3.50010047 
3.51119173e-05 -4.24644956 -4.08838174 -3.93376391 -3.73408801 -3.50010047 
2.84803587e-05 -4.24644956 -4.08838174 -3.93376391 -3.73408801 -3.50010047 
2.31012970e-05 -4.24644956 -4.08838174 -3.93376391 -3.73408801 -3.50010047 
1.87381742e-05 -4.24644956 -4.08838174 -3.93376391 -3.73408801 -3.50010047 
1.51991108e-05 -4.24644956 -4.08838174 -3.93376391 -3.73408801 -3.50010047 
1.23284674e-05 -4.24644956 -4.08838174 -3.93376391 -3.73408801 -3.50010047 
1.00000000e-05 -4.24644956 -4.08838174 -3.93376391 -3.73408801 -3.50010047 
8.11130831e-06 -4.24644956 -4.08838174 -3.93376391 -3.73408801 -3.50010047 
6.57933225e-06 -4.24644956 -4.08838174 -3.93376391 -3.73408801 -3.50010047 
5.33669923e-06 -4.24644956 -4.08838174 -3.93376391 -3.73408801 -3.50010047 
4.32876128e-06 -4.24644956 -4.08838174 -3.93376391 -3.73408801 -3.50010047 
3.51119173e-06 -4.24644956 -4.08838174 -3.93376391 -3.73408801 -3.50010047 
2.84803587e-06 -4.24644956 -4.08838174 -3.93376391 -3.73408801 -3.50010047 
2.31012970e-06 -4.24644956 -4.08838174 -3.93376391 -3.73408801 -3.50010047 
1.87381742e-06 -4.24644956 -4.08838174 -3.93376391 -3.73408801 -3.50010047 
1.51991108e-06 -4.24644956 -4.08838174 -3.93376391 -3.73408801 -3.50010047 
1.23284674e-06 -4.24644956 -4.08838174 -3.93376391 -3.73408801 -3.50010047 
1.00000000e-06 -4.24644956 -4.08838174 -3.93376391 -3.73408801 -3.50010047 
8.11130831e-07 -4.24644956 -4.08838174 -3.93376391 -3.73408801 -3.50010047 
6.57933225e-07 -4.24644956 -4.08838174 -3.93376391 -3.73408801 -3.50010047 
5.33669923e-07 -4.24644956 -4.08838174 -3.93376391 -3.73408801 -3.50010047 
4.32876128e-07 -4.24644956 -4.08838174 -3.93376391 -3.73408801 -3.50010047 
3.51119173e-07 -4.24644956 -4.08838174 -3.93376391 -3.73408801 -3.50010047 
2.84803587e-07 -4.24644956 -4.08838174 -3.93376391 -3.73408801 -3.50010047 
2.31012970e-07 -4.24644956 -4.08838174 -3.93376391 -3.73408801 -3.50010047 
1.87381742e-07 -4.24644956 -4.08838174 -3.93376391 -3.73408801 -3.50010047 
1.51991108e-07 -4.24644956 -4.08838174 -3.93376391 -3.73408801 -3.50010047 
1.23284674e-07 -4.24644956 -4.08838174 -3.93376391 -3.73408801 -3.50010047 
1.00000000e-07 -4.24644956 -4.08838174 -3.93376391 -3.73408801 -3.50010047 
