2.7149e+01 4.5824e-01
2.7007e+01 3.5961e-01
2.6867e+01 2.4029e-01
2.6729e+01 2.4566e-01
2.6592e+01 2.6335e-01
2.6456e+01 2.9728e-01
2.6322e+01 3.5684e-01
2.6189e+01 3.8229e-01
2.6057e+01 3.5921e-01
2.5927e+01 3.0514e-01
2.5798e+01 2.3103e-01
2.5670e+01 1.9488e-01
2.5544e+01 2.1653e-01
2.5419e+01 2.5003e-01
2.5295e+01 2.6841e-01
2.5172e+01 2.8142e-01
2.5050e+01 2.7593e-01
2.4930e+01 2.5752e-01
2.4810e+01 2.5303e-01
2.4692e+01 2.5143e-01
2.4575e+01 2.4751e-01
2.4459e+01 2.6162e-01
2.4344e+01 2.6680e-01
2.4231e+01 2.5750e-01
2.4118e+01 2.5740e-01
2.4006e+01 2.5339e-01
2.3896e+01 2.4554e-01
2.3786e+01 2.6167e-01
2.3678e+01 3.0205e-01
2.3570e+01 3.2685e-01
2.3463e+01 3.1953e-01
2.3358e+01 3.0485e-01
2.3253e+01 3.0082e-01
2.3149e+01 3.0494e-01
2.3046e+01 3.1620e-01
2.2944e+01 3.3114e-01
2.2843e+01 3.4295e-01
2.2743e+01 3.4776e-01
2.2644e+01 3.4150e-01
2.2545e+01 3.3349e-01
2.2448e+01 3.3069e-01
2.2351e+01 3.1977e-01
2.2255e+01 3.0514e-01
2.2160e+01 3.0442e-01
2.2065e+01 3.1292e-01
2.1972e+01 3.1612e-01
2.1879e+01 3.1678e-01
2.1787e+01 3.2273e-01
2.1696e+01 3.3067e-01
2.1606e+01 3.3862e-01
2.1516e+01 3.4353e-01
2.1427e+01 3.3874e-01
2.1339e+01 3.2980e-01
2.1252e+01 3.2576e-01
2.1165e+01 3.3453e-01
2.1079e+01 3.5411e-01
2.0993e+01 3.6573e-01
2.0909e+01 3.5962e-01
2.0825e+01 3.4994e-01
2.0742e+01 3.4432e-01
2.0659e+01 3.3541e-01
2.0577e+01 3.2605e-01
2.0496e+01 3.2328e-01
2.0415e+01 3.2090e-01
2.0335e+01 3.1200e-01
2.0255e+01 3.0180e-01
2.0177e+01 2.9700e-01
2.0098e+01 2.9397e-01
2.0021e+01 2.9124e-01
1.9944e+01 2.9578e-01
1.9867e+01 3.0417e-01
1.9792e+01 3.0202e-01
1.9716e+01 2.8718e-01
1.9642e+01 2.6891e-01
1.9567e+01 2.5647e-01
1.9494e+01 2.5162e-01
1.9421e+01 2.4765e-01
1.9348e+01 2.4283e-01
1.9276e+01 2.3457e-01
1.9205e+01 2.1947e-01
1.9134e+01 2.0490e-01
1.9064e+01 1.9617e-01
1.8994e+01 1.9131e-01
1.8925e+01 1.9105e-01
1.8856e+01 1.9392e-01
1.8788e+01 1.9265e-01
1.8720e+01 1.8555e-01
1.8652e+01 1.7966e-01
1.8586e+01 1.7732e-01
1.8519e+01 1.7366e-01
1.8453e+01 1.6989e-01
1.8388e+01 1.7298e-01
1.8323e+01 1.7663e-01
1.8258e+01 1.6988e-01
1.8194e+01 1.5766e-01
1.8131e+01 1.5378e-01
1.8068e+01 1.6217e-01
1.8005e+01 1.6993e-01
1.7942e+01 1.6852e-01
1.7881e+01 1.6355e-01
1.7819e+01 1.5905e-01
1.7758e+01 1.5365e-01
1.7698e+01 1.4848e-01
1.7637e+01 1.4552e-01
1.7578e+01 1.4383e-01
1.7518e+01 1.4168e-01
1.7459e+01 1.3689e-01
1.7401e+01 1.2941e-01
1.7342e+01 1.2481e-01
1.7285e+01 1.2278e-01
1.7227e+01 1.1615e-01
1.7170e+01 1.0876e-01
1.7113e+01 1.0786e-01
1.7057e+01 1.0967e-01
1.7001e+01 1.0933e-01
1.6946e+01 1.0747e-01
1.6890e+01 1.0680e-01
1.6836e+01 1.0705e-01
1.6781e+01 1.0620e-01
1.6727e+01 1.0310e-01
1.6673e+01 1.0056e-01
1.6620e+01 1.0253e-01
1.6567e+01 1.0697e-01
1.6514e+01 1.1087e-01
1.6462e+01 1.1310e-01
1.6409e+01 1.1309e-01
1.6358e+01 1.1256e-01
1.6306e+01 1.1349e-01
1.6255e+01 1.1515e-01
1.6204e+01 1.1616e-01
1.6154e+01 1.1629e-01
1.6104e+01 1.1566e-01
1.6054e+01 1.1476e-01
1.6004e+01 1.1355e-01
1.5955e+01 1.1371e-01
1.5906e+01 1.1731e-01
1.5857e+01 1.2079e-01
1.5809e+01 1.2061e-01
1.5761e+01 1.1876e-01
1.5713e+01 1.1775e-01
1.5666e+01 1.1750e-01
1.5619e+01 1.1632e-01
1.5572e+01 1.1466e-01
1.5525e+01 1.1278e-01
1.5479e+01 1.0803e-01
1.5433e+01 1.0128e-01
1.5387e+01 9.7440e-02
1.5341e+01 9.6870e-02
1.5296e+01 9.6020e-02
1.5251e+01 9.5400e-02
1.5206e+01 9.4630e-02
1.5162e+01 9.0810e-02
1.5118e+01 8.6000e-02
1.5074e+01 8.2110e-02
1.5030e+01 7.9110e-02
1.4987e+01 7.7860e-02
1.4943e+01 7.6240e-02
1.4901e+01 7.3420e-02
1.4858e+01 7.1250e-02
1.4815e+01 6.8290e-02
1.4773e+01 6.3400e-02
1.4731e+01 5.9390e-02
1.4689e+01 5.8680e-02
1.4648e+01 5.8810e-02
1.4607e+01 5.5820e-02
1.4566e+01 5.1550e-02
1.4525e+01 5.0210e-02
1.4484e+01 4.9810e-02
1.4444e+01 4.6820e-02
1.4404e+01 4.5500e-02
1.4364e+01 4.7210e-02
1.4324e+01 4.7300e-02
1.4285e+01 4.5090e-02
1.4246e+01 4.3260e-02
1.4207e+01 4.2280e-02
1.4168e+01 4.1650e-02
1.4129e+01 4.1140e-02
1.4091e+01 4.0600e-02
1.4053e+01 4.1350e-02
1.4015e+01 4.3760e-02
1.3977e+01 4.6060e-02
1.3939e+01 4.6930e-02
1.3902e+01 4.6660e-02
1.3865e+01 4.7110e-02
1.3828e+01 4.8630e-02
1.3791e+01 4.8840e-02
1.3754e+01 4.7180e-02
1.3718e+01 4.5850e-02
1.3682e+01 4.5160e-02
1.3646e+01 4.4100e-02
1.3610e+01 4.2850e-02
1.3574e+01 4.3240e-02
1.3539e+01 4.6420e-02
1.3504e+01 4.8510e-02
1.3469e+01 4.7250e-02
1.3434e+01 4.6810e-02
1.3399e+01 4.8730e-02
1.3364e+01 5.0460e-02
1.3330e+01 5.0560e-02
1.3296e+01 4.8930e-02
1.3262e+01 4.8040e-02
1.3228e+01 4.9580e-02
1.3194e+01 5.0690e-02
1.3161e+01 5.0910e-02
1.3128e+01 5.2710e-02
1.3094e+01 5.5260e-02
1.3061e+01 5.5760e-02
1.3029e+01 5.4390e-02
1.2996e+01 5.4340e-02
1.2963e+01 5.5360e-02
1.2931e+01 5.5630e-02
1.2899e+01 5.6790e-02
1.2867e+01 5.9270e-02
1.2835e+01 6.1090e-02
1.2803e+01 6.1600e-02
1.2772e+01 6.0870e-02
1.2740e+01 5.9560e-02
1.2709e+01 5.9140e-02
1.2678e+01 5.9850e-02
1.2647e+01 6.0750e-02
1.2616e+01 6.0690e-02
1.2586e+01 5.9530e-02
1.2555e+01 5.9370e-02
1.2525e+01 6.1060e-02
1.2495e+01 6.2970e-02
1.2465e+01 6.4120e-02
1.2435e+01 6.4560e-02
1.2405e+01 6.6520e-02
1.2376e+01 7.0070e-02
1.2346e+01 7.0880e-02
1.2317e+01 6.9170e-02
1.2288e+01 6.9590e-02
1.2259e+01 7.2810e-02
1.2230e+01 7.6210e-02
1.2201e+01 7.8100e-02
1.2172e+01 7.8010e-02
1.2144e+01 7.8500e-02
1.2115e+01 8.1340e-02
1.2087e+01 8.4230e-02
1.2059e+01 8.5980e-02
1.2031e+01 8.7310e-02
1.2003e+01 8.8270e-02
1.1975e+01 8.8850e-02
1.1948e+01 8.9770e-02
1.1920e+01 9.1340e-02
1.1893e+01 9.2390e-02
1.1866e+01 9.2690e-02
1.1839e+01 9.3260e-02
1.1812e+01 9.4140e-02
1.1785e+01 9.5610e-02
1.1758e+01 9.8810e-02
1.1732e+01 1.0264e-01
1.1705e+01 1.0445e-01
1.1679e+01 1.0436e-01
1.1653e+01 1.0519e-01
1.1626e+01 1.0850e-01
1.1600e+01 1.1309e-01
1.1575e+01 1.1772e-01
1.1549e+01 1.2255e-01
1.1523e+01 1.2736e-01
1.1498e+01 1.3203e-01
1.1472e+01 1.3708e-01
1.1447e+01 1.4145e-01
1.1422e+01 1.4371e-01
1.1396e+01 1.4518e-01
1.1371e+01 1.4765e-01
1.1347e+01 1.5088e-01
1.1322e+01 1.5443e-01
1.1297e+01 1.5851e-01
1.1273e+01 1.6209e-01
1.1248e+01 1.6381e-01
1.1224e+01 1.6541e-01
1.1200e+01 1.6875e-01
1.1175e+01 1.7211e-01
1.1151e+01 1.7417e-01
1.1127e+01 1.7571e-01
1.1104e+01 1.7774e-01
1.1080e+01 1.8103e-01
1.1056e+01 1.8523e-01
1.1033e+01 1.8905e-01
1.1009e+01 1.9155e-01
1.0986e+01 1.9331e-01
1.0963e+01 1.9535e-01
1.0940e+01 1.9765e-01
1.0917e+01 1.9986e-01
1.0894e+01 2.0159e-01
1.0871e+01 2.0323e-01
1.0848e+01 2.0599e-01
1.0825e+01 2.0967e-01
1.0803e+01 2.1283e-01
1.0780e+01 2.1554e-01
1.0758e+01 2.1849e-01
1.0736e+01 2.2097e-01
1.0714e+01 2.2331e-01
1.0692e+01 2.2656e-01
1.0670e+01 2.2969e-01
1.0648e+01 2.3280e-01
1.0626e+01 2.3652e-01
1.0604e+01 2.3922e-01
1.0582e+01 2.4072e-01
1.0561e+01 2.4248e-01
1.0539e+01 2.4427e-01
1.0518e+01 2.4495e-01
1.0497e+01 2.4405e-01
1.0476e+01 2.4171e-01
1.0454e+01 2.3827e-01
1.0433e+01 2.3452e-01
1.0412e+01 2.3232e-01
1.0392e+01 2.3262e-01
1.0371e+01 2.3366e-01
1.0350e+01 2.3405e-01
1.0329e+01 2.3501e-01
1.0309e+01 2.3796e-01
1.0288e+01 2.4157e-01
1.0268e+01 2.4321e-01
1.0248e+01 2.4340e-01
1.0228e+01 2.4399e-01
1.0207e+01 2.4423e-01
1.0187e+01 2.4335e-01
1.0167e+01 2.4190e-01
1.0148e+01 2.3950e-01
1.0128e+01 2.3589e-01
1.0108e+01 2.3195e-01
1.0088e+01 2.2880e-01
1.0069e+01 2.2769e-01
1.0049e+01 2.2849e-01
1.0030e+01 2.2948e-01
1.0010e+01 2.3019e-01
9.9911e+00 2.3167e-01
9.9719e+00 2.3392e-01
9.9527e+00 2.3531e-01
9.9337e+00 2.3579e-01
9.9147e+00 2.3754e-01
9.8958e+00 2.4097e-01
9.8769e+00 2.4458e-01
9.8581e+00 2.4812e-01
9.8394e+00 2.5195e-01
9.8208e+00 2.5459e-01
9.8022e+00 2.5525e-01
9.7837e+00 2.5555e-01
9.7653e+00 2.5645e-01
9.7470e+00 2.5856e-01
9.7287e+00 2.6193e-01
9.7104e+00 2.6468e-01
9.6923e+00 2.6671e-01
9.6742e+00 2.6913e-01
9.6562e+00 2.6997e-01
9.6382e+00 2.6781e-01
9.6204e+00 2.6429e-01
9.6026e+00 2.6080e-01
9.5848e+00 2.5840e-01
9.5671e+00 2.5642e-01
9.5495e+00 2.5256e-01
9.5319e+00 2.4749e-01
9.5145e+00 2.4233e-01
9.4970e+00 2.3560e-01
9.4797e+00 2.2740e-01
9.4624e+00 2.1944e-01
9.4451e+00 2.1204e-01
9.4280e+00 2.0471e-01
9.4108e+00 1.9702e-01
9.3938e+00 1.8895e-01
9.3768e+00 1.8099e-01
9.3599e+00 1.7344e-01
9.3430e+00 1.6651e-01
9.3262e+00 1.5995e-01
9.3095e+00 1.5313e-01
9.2928e+00 1.4704e-01
9.2762e+00 1.4256e-01
9.2596e+00 1.3826e-01
9.2431e+00 1.3299e-01
9.2267e+00 1.2750e-01
9.2103e+00 1.2253e-01
9.1939e+00 1.1819e-01
9.1777e+00 1.1472e-01
9.1614e+00 1.1225e-01
9.1453e+00 1.1063e-01
9.1292e+00 1.0920e-01
9.1131e+00 1.0731e-01
9.0972e+00 1.0494e-01
9.0812e+00 1.0155e-01
9.0653e+00 9.6730e-02
9.0495e+00 9.1090e-02
9.0338e+00 8.5890e-02
9.0180e+00 8.2370e-02
9.0024e+00 7.9580e-02
8.9868e+00 7.5870e-02
8.9712e+00 7.1210e-02
8.9557e+00 6.6210e-02
8.9403e+00 6.1310e-02
8.9249e+00 5.6640e-02
8.9096e+00 5.2400e-02
8.8943e+00 4.8450e-02
8.8791e+00 4.4170e-02
8.8639e+00 4.0540e-02
8.8488e+00 3.8210e-02
8.8337e+00 3.5140e-02
8.8187e+00 3.0470e-02
8.8037e+00 2.6050e-02
8.7888e+00 2.3480e-02
8.7739e+00 2.3160e-02
8.7591e+00 2.4040e-02
8.7443e+00 2.4100e-02
8.7296e+00 2.2550e-02
8.7149e+00 2.1190e-02
8.7003e+00 2.1660e-02
8.6857e+00 2.2720e-02
8.6712e+00 2.2900e-02
8.6567e+00 2.2030e-02
8.6423e+00 2.1220e-02
8.6279e+00 2.1770e-02
8.6136e+00 2.2580e-02
8.5993e+00 2.2090e-02
8.5851e+00 2.1220e-02
8.5709e+00 2.0650e-02
8.5567e+00 2.0110e-02
8.5426e+00 1.9770e-02
8.5286e+00 1.9960e-02
8.5146e+00 2.0730e-02
8.5006e+00 2.1690e-02
8.4867e+00 2.2130e-02
8.4728e+00 2.1830e-02
8.4590e+00 2.1550e-02
8.4452e+00 2.1410e-02
8.4315e+00 2.0750e-02
8.4178e+00 2.0060e-02
8.4042e+00 2.0200e-02
8.3906e+00 2.1440e-02
8.3770e+00 2.3500e-02
8.3635e+00 2.5180e-02
8.3500e+00 2.5040e-02
8.3366e+00 2.3500e-02
8.3232e+00 2.2380e-02
8.3099e+00 2.2330e-02
8.2966e+00 2.2820e-02
8.2834e+00 2.3940e-02
8.2701e+00 2.5360e-02
8.2570e+00 2.5930e-02
8.2438e+00 2.5790e-02
8.2308e+00 2.5920e-02
8.2177e+00 2.6130e-02
8.2047e+00 2.5620e-02
8.1917e+00 2.5070e-02
8.1788e+00 2.5440e-02
8.1659e+00 2.5860e-02
8.1531e+00 2.5790e-02
8.1403e+00 2.6080e-02
8.1276e+00 2.6680e-02
8.1148e+00 2.6620e-02
8.1022e+00 2.6540e-02
8.0895e+00 2.6970e-02
8.0769e+00 2.6750e-02
8.0644e+00 2.6090e-02
8.0518e+00 2.6020e-02
8.0393e+00 2.6530e-02
8.0269e+00 2.7230e-02
8.0145e+00 2.7770e-02
8.0021e+00 2.7810e-02
7.9898e+00 2.7900e-02
7.9775e+00 2.8450e-02
7.9652e+00 2.8730e-02
7.9530e+00 2.8670e-02
7.9409e+00 2.8490e-02
7.9287e+00 2.8310e-02
7.9166e+00 2.8810e-02
7.9045e+00 2.9830e-02
7.8925e+00 2.9890e-02
7.8805e+00 2.9020e-02
7.8686e+00 2.8620e-02
7.8566e+00 2.8660e-02
7.8447e+00 2.8540e-02
7.8329e+00 2.8660e-02
7.8211e+00 2.9020e-02
7.8093e+00 2.9450e-02
7.7976e+00 3.0180e-02
7.7859e+00 3.0590e-02
7.7742e+00 3.0200e-02
7.7625e+00 2.9810e-02
7.7509e+00 3.0590e-02
7.7394e+00 3.1980e-02
7.7278e+00 3.2130e-02
7.7163e+00 3.1520e-02
7.7049e+00 3.1420e-02
7.6934e+00 3.1020e-02
7.6820e+00 3.0360e-02
7.6707e+00 3.0540e-02
7.6593e+00 3.0840e-02
7.6480e+00 3.0610e-02
7.6368e+00 3.0630e-02
7.6256e+00 3.0820e-02
7.6144e+00 3.0840e-02
7.6032e+00 3.1010e-02
7.5921e+00 3.1170e-02
7.5810e+00 3.1070e-02
7.5699e+00 3.0650e-02
7.5589e+00 3.0370e-02
7.5479e+00 3.0960e-02
7.5369e+00 3.2070e-02
7.5259e+00 3.3000e-02
7.5150e+00 3.3580e-02
7.5042e+00 3.3790e-02
7.4933e+00 3.3890e-02
7.4825e+00 3.4300e-02
7.4717e+00 3.5240e-02
7.4610e+00 3.6020e-02
7.4503e+00 3.5780e-02
7.4396e+00 3.4980e-02
7.4289e+00 3.4820e-02
7.4183e+00 3.5080e-02
7.4077e+00 3.4950e-02
7.3971e+00 3.4770e-02
7.3866e+00 3.5330e-02
7.3761e+00 3.6390e-02
7.3656e+00 3.6760e-02
7.3551e+00 3.6120e-02
7.3447e+00 3.5490e-02
7.3343e+00 3.5510e-02
7.3240e+00 3.5890e-02
7.3136e+00 3.6200e-02
7.3033e+00 3.6270e-02
7.2931e+00 3.6400e-02
7.2828e+00 3.7210e-02
7.2726e+00 3.8110e-02
7.2624e+00 3.7920e-02
7.2523e+00 3.6920e-02
7.2421e+00 3.5990e-02
7.2320e+00 3.5870e-02
7.2220e+00 3.6770e-02
7.2119e+00 3.7330e-02
7.2019e+00 3.6540e-02
7.1919e+00 3.5580e-02
7.1820e+00 3.5350e-02
7.1720e+00 3.5480e-02
7.1621e+00 3.6080e-02
7.1522e+00 3.7120e-02
7.1424e+00 3.8140e-02
7.1326e+00 3.8980e-02
7.1228e+00 3.9230e-02
7.1130e+00 3.8680e-02
7.1033e+00 3.7420e-02
7.0935e+00 3.6130e-02
7.0838e+00 3.6100e-02
7.0742e+00 3.7230e-02
7.0645e+00 3.8130e-02
7.0549e+00 3.8170e-02
7.0454e+00 3.7760e-02
7.0358e+00 3.7500e-02
7.0263e+00 3.7750e-02
7.0167e+00 3.8570e-02
7.0073e+00 3.9490e-02
6.9978e+00 3.9950e-02
6.9884e+00 4.0020e-02
6.9790e+00 3.9740e-02
6.9696e+00 3.9030e-02
6.9602e+00 3.8110e-02
6.9509e+00 3.7450e-02
6.9416e+00 3.7560e-02
6.9323e+00 3.7840e-02
6.9231e+00 3.7560e-02
6.9138e+00 3.7360e-02
6.9046e+00 3.7970e-02
6.8954e+00 3.8940e-02
6.8863e+00 3.9140e-02
6.8772e+00 3.9170e-02
6.8680e+00 4.0140e-02
6.8590e+00 4.0850e-02
6.8499e+00 4.0810e-02
6.8409e+00 4.1070e-02
6.8319e+00 4.1260e-02
6.8229e+00 4.0370e-02
6.8139e+00 3.9030e-02
6.8050e+00 3.8770e-02
6.7960e+00 3.9630e-02
6.7871e+00 3.9740e-02
6.7783e+00 3.8440e-02
6.7694e+00 3.7370e-02
6.7606e+00 3.7430e-02
6.7518e+00 3.8250e-02
6.7430e+00 3.9410e-02
6.7343e+00 4.0240e-02
6.7255e+00 4.0250e-02
6.7168e+00 3.9910e-02
6.7081e+00 4.0050e-02
6.6995e+00 4.0380e-02
6.6908e+00 4.0100e-02
6.6822e+00 3.9700e-02
6.6736e+00 4.0350e-02
6.6650e+00 4.1550e-02
6.6565e+00 4.1970e-02
6.6479e+00 4.1670e-02
6.6394e+00 4.1730e-02
6.6309e+00 4.2140e-02
6.6224e+00 4.1690e-02
6.6140e+00 4.0990e-02
6.6056e+00 4.1450e-02
6.5972e+00 4.2150e-02
6.5888e+00 4.2310e-02
6.5804e+00 4.2630e-02
6.5721e+00 4.2730e-02
6.5638e+00 4.2150e-02
6.5555e+00 4.1670e-02
6.5472e+00 4.1690e-02
6.5389e+00 4.2160e-02
6.5307e+00 4.3030e-02
6.5225e+00 4.3680e-02
6.5143e+00 4.2840e-02
6.5061e+00 4.0990e-02
6.4980e+00 3.9830e-02
6.4898e+00 3.9630e-02
6.4817e+00 4.0140e-02
6.4736e+00 4.1330e-02
6.4656e+00 4.2230e-02
6.4575e+00 4.2450e-02
6.4495e+00 4.2560e-02
6.4415e+00 4.2660e-02
6.4335e+00 4.2520e-02
6.4255e+00 4.2020e-02
6.4175e+00 4.1530e-02
6.4096e+00 4.1390e-02
6.4017e+00 4.1010e-02
6.3938e+00 4.0450e-02
6.3859e+00 4.0150e-02
6.3781e+00 4.0220e-02
6.3702e+00 4.0990e-02
6.3624e+00 4.2230e-02
6.3546e+00 4.2950e-02
6.3469e+00 4.2980e-02
6.3391e+00 4.2670e-02
6.3314e+00 4.2340e-02
6.3236e+00 4.2450e-02
6.3159e+00 4.3080e-02
6.3082e+00 4.3750e-02
6.3006e+00 4.3980e-02
6.2929e+00 4.3750e-02
6.2853e+00 4.3500e-02
6.2777e+00 4.3280e-02
6.2701e+00 4.2720e-02
6.2625e+00 4.2030e-02
6.2550e+00 4.1930e-02
6.2474e+00 4.2390e-02
6.2399e+00 4.2800e-02
6.2324e+00 4.3060e-02
6.2249e+00 4.3400e-02
6.2175e+00 4.3470e-02
6.2100e+00 4.3720e-02
6.2026e+00 4.4630e-02
6.1952e+00 4.4590e-02
6.1878e+00 4.3290e-02
6.1804e+00 4.2920e-02
6.1731e+00 4.3500e-02
6.1657e+00 4.3580e-02
6.1584e+00 4.3440e-02
6.1511e+00 4.3790e-02
6.1438e+00 4.4050e-02
6.1365e+00 4.3630e-02
6.1293e+00 4.3340e-02
6.1221e+00 4.3970e-02
6.1148e+00 4.4850e-02
6.1076e+00 4.4950e-02
6.1004e+00 4.4670e-02
6.0933e+00 4.4610e-02
6.0861e+00 4.4500e-02
6.0790e+00 4.4050e-02
6.0719e+00 4.3650e-02
6.0648e+00 4.3540e-02
6.0577e+00 4.3340e-02
6.0506e+00 4.3240e-02
6.0436e+00 4.3340e-02
6.0365e+00 4.3180e-02
6.0295e+00 4.2850e-02
6.0225e+00 4.2700e-02
6.0155e+00 4.2920e-02
6.0085e+00 4.3280e-02
6.0016e+00 4.3500e-02
5.9947e+00 4.3670e-02
5.9877e+00 4.3660e-02
5.9808e+00 4.3660e-02
5.9739e+00 4.4080e-02
5.9671e+00 4.4610e-02
5.9602e+00 4.4850e-02
5.9534e+00 4.5030e-02
5.9465e+00 4.5120e-02
5.9397e+00 4.4810e-02
5.9329e+00 4.4770e-02
5.9261e+00 4.5350e-02
5.9194e+00 4.5420e-02
5.9126e+00 4.4660e-02
5.9059e+00 4.4390e-02
5.8992e+00 4.4830e-02
5.8925e+00 4.4580e-02
5.8858e+00 4.4080e-02
5.8791e+00 4.4250e-02
5.8725e+00 4.4240e-02
5.8658e+00 4.4010e-02
5.8592e+00 4.4060e-02
5.8526e+00 4.4160e-02
5.8460e+00 4.4310e-02
5.8394e+00 4.4540e-02
5.8328e+00 4.4540e-02
5.8263e+00 4.4400e-02
5.8197e+00 4.4750e-02
5.8132e+00 4.5470e-02
5.8067e+00 4.5780e-02
5.8002e+00 4.5680e-02
5.7937e+00 4.5460e-02
5.7873e+00 4.5090e-02
5.7808e+00 4.4670e-02
5.7744e+00 4.4070e-02
5.7679e+00 4.3300e-02
5.7615e+00 4.3120e-02
5.7551e+00 4.3660e-02
5.7488e+00 4.4560e-02
5.7424e+00 4.5620e-02
5.7360e+00 4.6370e-02
5.7297e+00 4.6350e-02
5.7234e+00 4.5900e-02
5.7171e+00 4.5980e-02
5.7108e+00 4.6540e-02
5.7045e+00 4.6740e-02
5.6982e+00 4.6530e-02
5.6920e+00 4.6090e-02
5.6857e+00 4.5660e-02
5.6795e+00 4.5350e-02
5.6733e+00 4.5380e-02
5.6671e+00 4.5950e-02
5.6609e+00 4.6340e-02
5.6547e+00 4.6060e-02
5.6486e+00 4.5530e-02
5.6424e+00 4.5520e-02
5.6363e+00 4.6210e-02
5.6302e+00 4.6770e-02
5.6241e+00 4.6610e-02
5.6180e+00 4.5730e-02
5.6119e+00 4.4860e-02
5.6058e+00 4.5030e-02
5.5998e+00 4.5690e-02
5.5937e+00 4.5970e-02
5.5877e+00 4.6150e-02
5.5817e+00 4.6270e-02
5.5757e+00 4.6280e-02
5.5697e+00 4.6480e-02
5.5637e+00 4.7100e-02
5.5577e+00 4.7860e-02
5.5518e+00 4.7650e-02
5.5459e+00 4.6250e-02
5.5399e+00 4.5390e-02
5.5340e+00 4.5800e-02
5.5281e+00 4.6420e-02
5.5222e+00 4.6850e-02
5.5164e+00 4.7590e-02
5.5105e+00 4.8230e-02
5.5046e+00 4.7830e-02
5.4988e+00 4.6640e-02
5.4930e+00 4.5740e-02
5.4872e+00 4.5620e-02
5.4814e+00 4.6010e-02
5.4756e+00 4.6410e-02
5.4698e+00 4.6400e-02
5.4640e+00 4.5780e-02
5.4583e+00 4.5420e-02
5.4526e+00 4.5950e-02
5.4468e+00 4.6720e-02
5.4411e+00 4.7330e-02
5.4354e+00 4.7510e-02
5.4297e+00 4.7100e-02
5.4240e+00 4.6830e-02
5.4184e+00 4.7190e-02
5.4127e+00 4.7800e-02
5.4071e+00 4.8260e-02
5.4014e+00 4.8360e-02
5.3958e+00 4.8050e-02
5.3902e+00 4.7590e-02
5.3846e+00 4.7290e-02
5.3790e+00 4.7450e-02
5.3734e+00 4.8130e-02
5.3679e+00 4.8700e-02
5.3623e+00 4.8760e-02
5.3568e+00 4.8630e-02
5.3513e+00 4.8520e-02
5.3458e+00 4.8220e-02
5.3402e+00 4.7550e-02
5.3348e+00 4.6770e-02
5.3293e+00 4.6380e-02
5.3238e+00 4.6460e-02
5.3183e+00 4.7180e-02
5.3129e+00 4.8340e-02
5.3074e+00 4.8690e-02
5.3020e+00 4.8200e-02
5.2966e+00 4.8110e-02
5.2912e+00 4.8210e-02
5.2858e+00 4.7700e-02
5.2804e+00 4.7320e-02
5.2751e+00 4.7860e-02
5.2697e+00 4.8410e-02
5.2643e+00 4.8360e-02
5.2590e+00 4.8390e-02
5.2537e+00 4.8480e-02
5.2484e+00 4.8300e-02
5.2431e+00 4.8200e-02
5.2378e+00 4.8250e-02
5.2325e+00 4.8300e-02
5.2272e+00 4.8230e-02
5.2219e+00 4.7820e-02
5.2167e+00 4.7470e-02
5.2114e+00 4.8030e-02
5.2062e+00 4.9170e-02
5.2010e+00 4.9900e-02
5.1958e+00 4.9950e-02
5.1906e+00 4.9530e-02
5.1854e+00 4.8850e-02
5.1802e+00 4.8360e-02
5.1750e+00 4.8550e-02
5.1699e+00 4.9090e-02
5.1647e+00 4.9410e-02
5.1596e+00 4.9350e-02
5.1545e+00 4.9060e-02
5.1493e+00 4.8920e-02
5.1442e+00 4.9200e-02
5.1391e+00 4.9510e-02
5.1340e+00 4.9360e-02
5.1290e+00 4.8830e-02
5.1239e+00 4.8360e-02
5.1188e+00 4.8410e-02
5.1138e+00 4.8810e-02
5.1087e+00 4.8910e-02
5.1037e+00 4.8550e-02
5.0987e+00 4.8040e-02
5.0937e+00 4.7720e-02
5.0887e+00 4.7680e-02
5.0837e+00 4.8120e-02
5.0787e+00 4.9050e-02
5.0738e+00 4.9580e-02
5.0688e+00 4.9430e-02
5.0638e+00 4.9460e-02
5.0589e+00 4.9840e-02
5.0540e+00 4.9750e-02
5.0491e+00 4.8860e-02
5.0441e+00 4.8240e-02
5.0392e+00 4.8960e-02
5.0343e+00 5.0160e-02
5.0295e+00 5.0190e-02
5.0246e+00 4.9190e-02
5.0197e+00 4.8840e-02
5.0149e+00 4.9790e-02
5.0100e+00 5.0620e-02
5.0052e+00 5.0280e-02
5.0004e+00 4.9410e-02
4.9955e+00 4.8840e-02
4.9907e+00 4.8670e-02
4.9859e+00 4.8970e-02
4.9812e+00 4.9650e-02
4.9764e+00 5.0080e-02
4.9716e+00 5.0010e-02
4.9668e+00 4.9890e-02
4.9621e+00 4.9930e-02
4.9573e+00 4.9940e-02
4.9526e+00 4.9740e-02
4.9479e+00 4.9610e-02
4.9432e+00 4.9750e-02
4.9385e+00 4.9760e-02
4.9338e+00 4.9660e-02
4.9291e+00 4.9770e-02
4.9244e+00 5.0090e-02
4.9197e+00 5.0670e-02
4.9150e+00 5.1220e-02
4.9104e+00 5.0990e-02
4.9057e+00 4.9960e-02
4.9011e+00 4.9200e-02
4.8965e+00 4.9150e-02
4.8919e+00 4.9170e-02
4.8873e+00 4.9170e-02
4.8827e+00 4.9260e-02
4.8781e+00 4.9330e-02
4.8735e+00 4.9520e-02
4.8689e+00 4.9630e-02
4.8643e+00 4.9820e-02
4.8598e+00 5.0610e-02
4.8552e+00 5.1310e-02
4.8507e+00 5.1110e-02
4.8461e+00 5.1060e-02
4.8416e+00 5.1550e-02
4.8371e+00 5.1440e-02
4.8326e+00 5.0780e-02
4.8281e+00 5.0230e-02
4.8236e+00 4.9780e-02
4.8191e+00 4.9800e-02
4.8146e+00 5.0170e-02
4.8102e+00 5.0330e-02
4.8057e+00 5.0520e-02
4.8013e+00 5.0850e-02
4.7968e+00 5.0990e-02
4.7924e+00 5.0750e-02
4.7880e+00 5.0320e-02
4.7836e+00 5.0100e-02
4.7791e+00 5.0400e-02
4.7747e+00 5.1100e-02
4.7704e+00 5.1410e-02
4.7660e+00 5.0670e-02
4.7616e+00 4.9710e-02
4.7572e+00 4.9620e-02
4.7529e+00 5.0130e-02
4.7485e+00 5.0670e-02
4.7442e+00 5.1250e-02
4.7398e+00 5.1610e-02
4.7355e+00 5.1770e-02
4.7312e+00 5.1990e-02
4.7269e+00 5.1780e-02
4.7226e+00 5.0970e-02
4.7183e+00 5.0390e-02
4.7140e+00 5.0520e-02
4.7097e+00 5.0970e-02
4.7054e+00 5.1380e-02
4.7012e+00 5.1370e-02
4.6969e+00 5.0820e-02
4.6926e+00 5.0520e-02
4.6884e+00 5.1030e-02
4.6842e+00 5.1510e-02
4.6799e+00 5.1310e-02
4.6757e+00 5.1050e-02
4.6715e+00 5.1240e-02
4.6673e+00 5.1470e-02
4.6631e+00 5.1560e-02
4.6589e+00 5.1720e-02
4.6547e+00 5.1780e-02
4.6506e+00 5.1500e-02
4.6464e+00 5.1250e-02
4.6422e+00 5.1160e-02
4.6381e+00 5.1080e-02
4.6339e+00 5.1090e-02
4.6298e+00 5.1210e-02
4.6257e+00 5.1440e-02
4.6215e+00 5.1760e-02
4.6174e+00 5.1740e-02
4.6133e+00 5.1440e-02
4.6092e+00 5.1440e-02
4.6051e+00 5.1480e-02
4.6010e+00 5.1280e-02
4.5970e+00 5.1250e-02
4.5929e+00 5.1480e-02
4.5888e+00 5.1880e-02
4.5848e+00 5.2350e-02
4.5807e+00 5.2560e-02
4.5767e+00 5.2320e-02
4.5726e+00 5.2030e-02
4.5686e+00 5.2160e-02
4.5646e+00 5.2560e-02
4.5606e+00 5.2820e-02
4.5566e+00 5.2860e-02
4.5526e+00 5.2880e-02
4.5486e+00 5.2960e-02
4.5446e+00 5.2960e-02
4.5406e+00 5.2950e-02
4.5366e+00 5.2950e-02
4.5327e+00 5.2870e-02
4.5287e+00 5.2920e-02
4.5248e+00 5.3190e-02
4.5208e+00 5.3430e-02
4.5169e+00 5.3550e-02
4.5129e+00 5.3410e-02
4.5090e+00 5.3040e-02
4.5051e+00 5.3200e-02
4.5012e+00 5.4020e-02
4.4973e+00 5.4330e-02
4.4934e+00 5.3690e-02
4.4895e+00 5.2670e-02
4.4856e+00 5.2020e-02
4.4817e+00 5.2040e-02
4.4779e+00 5.2340e-02
4.4740e+00 5.2600e-02
4.4702e+00 5.2450e-02
4.4663e+00 5.1820e-02
4.4625e+00 5.1440e-02
4.4586e+00 5.1610e-02
4.4548e+00 5.2000e-02
4.4510e+00 5.2580e-02
4.4472e+00 5.3100e-02
4.4433e+00 5.3100e-02
4.4395e+00 5.2900e-02
4.4357e+00 5.2910e-02
4.4319e+00 5.2880e-02
4.4282e+00 5.2690e-02
4.4244e+00 5.2650e-02
4.4206e+00 5.2630e-02
4.4168e+00 5.2320e-02
4.4131e+00 5.2180e-02
4.4093e+00 5.2490e-02
4.4056e+00 5.2820e-02
4.4018e+00 5.2910e-02
4.3981e+00 5.2950e-02
4.3944e+00 5.2870e-02
4.3907e+00 5.2510e-02
4.3870e+00 5.2250e-02
4.3832e+00 5.2390e-02
4.3795e+00 5.2720e-02
4.3758e+00 5.3110e-02
4.3722e+00 5.3700e-02
4.3685e+00 5.4200e-02
4.3648e+00 5.4190e-02
4.3611e+00 5.4070e-02
4.3575e+00 5.3810e-02
4.3538e+00 5.2910e-02
4.3501e+00 5.2070e-02
4.3465e+00 5.1760e-02
4.3429e+00 5.1590e-02
4.3392e+00 5.1660e-02
4.3356e+00 5.2320e-02
4.3320e+00 5.2990e-02
4.3284e+00 5.3230e-02
4.3248e+00 5.3500e-02
4.3211e+00 5.3480e-02
4.3176e+00 5.2960e-02
4.3140e+00 5.2710e-02
4.3104e+00 5.2510e-02
4.3068e+00 5.1980e-02
4.3032e+00 5.2090e-02
4.2996e+00 5.3030e-02
4.2961e+00 5.3190e-02
4.2925e+00 5.2350e-02
4.2890e+00 5.2110e-02
4.2854e+00 5.2500e-02
4.2819e+00 5.2790e-02
4.2784e+00 5.2760e-02
4.2748e+00 5.2280e-02
4.2713e+00 5.2180e-02
4.2678e+00 5.2860e-02
4.2643e+00 5.3410e-02
4.2608e+00 5.3610e-02
4.2573e+00 5.3850e-02
4.2538e+00 5.4280e-02
4.2503e+00 5.5060e-02
4.2468e+00 5.5670e-02
4.2434e+00 5.5210e-02
4.2399e+00 5.4100e-02
4.2364e+00 5.3630e-02
4.2330e+00 5.3940e-02
4.2295e+00 5.4310e-02
4.2261e+00 5.4500e-02
4.2226e+00 5.4310e-02
4.2192e+00 5.3970e-02
4.2158e+00 5.3930e-02
4.2123e+00 5.4060e-02
4.2089e+00 5.3890e-02
4.2055e+00 5.3570e-02
4.2021e+00 5.3770e-02
4.1987e+00 5.4110e-02
4.1953e+00 5.3960e-02
4.1919e+00 5.3800e-02
4.1885e+00 5.4080e-02
4.1851e+00 5.4330e-02
4.1818e+00 5.3890e-02
4.1784e+00 5.2860e-02
4.1750e+00 5.2130e-02
4.1717e+00 5.2180e-02
4.1683e+00 5.2510e-02
4.1650e+00 5.2700e-02
4.1616e+00 5.3320e-02
4.1583e+00 5.4500e-02
4.1550e+00 5.4990e-02
4.1516e+00 5.4280e-02
4.1483e+00 5.3380e-02
4.1450e+00 5.3190e-02
4.1417e+00 5.3560e-02
4.1384e+00 5.3960e-02
4.1351e+00 5.4430e-02
4.1318e+00 5.4930e-02
4.1285e+00 5.4840e-02
4.1252e+00 5.4600e-02
4.1219e+00 5.4850e-02
4.1186e+00 5.4780e-02
4.1154e+00 5.4200e-02
4.1121e+00 5.3930e-02
4.1089e+00 5.3940e-02
4.1056e+00 5.3910e-02
4.1024e+00 5.3990e-02
4.0991e+00 5.4410e-02
4.0959e+00 5.4850e-02
4.0926e+00 5.4470e-02
4.0894e+00 5.3460e-02
4.0862e+00 5.2880e-02
4.0830e+00 5.2840e-02
4.0798e+00 5.2820e-02
4.0766e+00 5.2920e-02
4.0734e+00 5.3510e-02
4.0702e+00 5.4210e-02
4.0670e+00 5.4410e-02
4.0638e+00 5.3890e-02
4.0606e+00 5.2860e-02
4.0574e+00 5.2020e-02
4.0542e+00 5.1710e-02
4.0511e+00 5.1830e-02
4.0479e+00 5.2380e-02
4.0448e+00 5.3100e-02
4.0416e+00 5.3720e-02
4.0385e+00 5.4200e-02
4.0353e+00 5.4290e-02
4.0322e+00 5.3910e-02
4.0290e+00 5.3460e-02
4.0259e+00 5.3300e-02
4.0228e+00 5.3330e-02
4.0197e+00 5.3610e-02
4.0166e+00 5.4000e-02
4.0135e+00 5.3880e-02
4.0103e+00 5.3300e-02
4.0072e+00 5.2940e-02
4.0042e+00 5.3080e-02
4.0011e+00 5.3410e-02
3.9980e+00 5.3540e-02
3.9949e+00 5.3800e-02
3.9918e+00 5.4310e-02
3.9888e+00 5.4270e-02
3.9857e+00 5.3800e-02
3.9826e+00 5.3790e-02
3.9796e+00 5.4310e-02
3.9765e+00 5.4610e-02
3.9735e+00 5.4160e-02
3.9704e+00 5.3660e-02
3.9674e+00 5.3740e-02
3.9644e+00 5.3720e-02
3.9613e+00 5.3420e-02
3.9583e+00 5.3510e-02
3.9553e+00 5.3670e-02
3.9523e+00 5.3300e-02
3.9493e+00 5.3100e-02
3.9463e+00 5.3670e-02
3.9433e+00 5.3850e-02
3.9403e+00 5.2960e-02
3.9373e+00 5.2740e-02
3.9343e+00 5.4190e-02
3.9313e+00 5.5310e-02
3.9283e+00 5.4600e-02
3.9253e+00 5.3070e-02
3.9224e+00 5.2180e-02
3.9194e+00 5.2320e-02
3.9164e+00 5.2820e-02
3.9135e+00 5.3180e-02
3.9105e+00 5.3690e-02
3.9076e+00 5.4080e-02
3.9047e+00 5.4030e-02
3.9017e+00 5.4290e-02
3.8988e+00 5.5100e-02
3.8959e+00 5.5550e-02
3.8929e+00 5.5480e-02
3.8900e+00 5.5400e-02
3.8871e+00 5.5460e-02
3.8842e+00 5.5350e-02
3.8813e+00 5.4660e-02
3.8784e+00 5.3740e-02
3.8755e+00 5.3440e-02
3.8726e+00 5.3930e-02
3.8697e+00 5.4570e-02
3.8668e+00 5.4760e-02
3.8639e+00 5.4780e-02
3.8610e+00 5.4800e-02
3.8582e+00 5.4520e-02
3.8553e+00 5.4180e-02
3.8524e+00 5.4220e-02
3.8496e+00 5.4730e-02
3.8467e+00 5.5240e-02
3.8439e+00 5.5130e-02
3.8410e+00 5.4630e-02
3.8382e+00 5.4360e-02
3.8353e+00 5.4260e-02
3.8325e+00 5.4060e-02
3.8297e+00 5.3640e-02
3.8268e+00 5.3260e-02
3.8240e+00 5.3530e-02
3.8212e+00 5.4180e-02
3.8184e+00 5.4520e-02
3.8156e+00 5.4620e-02
3.8128e+00 5.4400e-02
3.8100e+00 5.3950e-02
3.8072e+00 5.3950e-02
3.8044e+00 5.4140e-02
3.8016e+00 5.4310e-02
3.7988e+00 5.5030e-02
3.7960e+00 5.5550e-02
3.7933e+00 5.5100e-02
3.7905e+00 5.4410e-02
3.7877e+00 5.4140e-02
3.7849e+00 5.4330e-02
3.7822e+00 5.4710e-02
3.7794e+00 5.5060e-02
3.7767e+00 5.5300e-02
3.7739e+00 5.4990e-02
3.7712e+00 5.3940e-02
3.7684e+00 5.3070e-02
3.7657e+00 5.3360e-02
3.7630e+00 5.4190e-02
3.7602e+00 5.4070e-02
3.7575e+00 5.3210e-02
3.7548e+00 5.3480e-02
3.7521e+00 5.4860e-02
3.7494e+00 5.5120e-02
3.7467e+00 5.4170e-02
3.7440e+00 5.3650e-02
3.7413e+00 5.3730e-02
3.7386e+00 5.3790e-02
3.7359e+00 5.3540e-02
3.7332e+00 5.3170e-02
3.7305e+00 5.2890e-02
3.7278e+00 5.2680e-02
3.7251e+00 5.2780e-02
3.7225e+00 5.3200e-02
3.7198e+00 5.3660e-02
3.7171e+00 5.4050e-02
3.7145e+00 5.4460e-02
3.7118e+00 5.4810e-02
3.7091e+00 5.4590e-02
3.7065e+00 5.3770e-02
3.7038e+00 5.3390e-02
3.7012e+00 5.3850e-02
3.6986e+00 5.4290e-02
3.6959e+00 5.4370e-02
3.6933e+00 5.3950e-02
3.6907e+00 5.2720e-02
3.6880e+00 5.1850e-02
3.6854e+00 5.2490e-02
3.6828e+00 5.3860e-02
3.6802e+00 5.4940e-02
3.6776e+00 5.5360e-02
3.6750e+00 5.4790e-02
3.6724e+00 5.3980e-02
3.6698e+00 5.4050e-02
3.6672e+00 5.4600e-02
3.6646e+00 5.4840e-02
3.6620e+00 5.4600e-02
3.6594e+00 5.3950e-02
3.6568e+00 5.3330e-02
3.6542e+00 5.3710e-02
3.6517e+00 5.5330e-02
3.6491e+00 5.6240e-02
3.6465e+00 5.5150e-02
3.6440e+00 5.3940e-02
3.6414e+00 5.4130e-02
3.6389e+00 5.4740e-02
3.6363e+00 5.4650e-02
3.6338e+00 5.4140e-02
3.6312e+00 5.4380e-02
3.6287e+00 5.5360e-02
3.6261e+00 5.5960e-02
3.6236e+00 5.6120e-02
3.6211e+00 5.6290e-02
3.6185e+00 5.6070e-02
3.6160e+00 5.4970e-02
3.6135e+00 5.3530e-02
3.6110e+00 5.2530e-02
3.6085e+00 5.1800e-02
3.6060e+00 5.1690e-02
3.6035e+00 5.2720e-02
3.6010e+00 5.3670e-02
3.5985e+00 5.3890e-02
3.5960e+00 5.3910e-02
3.5935e+00 5.3490e-02
3.5910e+00 5.3000e-02
3.5885e+00 5.3710e-02
3.5860e+00 5.5420e-02
3.5835e+00 5.6620e-02
3.5811e+00 5.6320e-02
3.5786e+00 5.4920e-02
3.5761e+00 5.3830e-02
3.5737e+00 5.3790e-02
3.5712e+00 5.3990e-02
3.5687e+00 5.3850e-02
3.5663e+00 5.3890e-02
3.5638e+00 5.4120e-02
3.5614e+00 5.4210e-02
3.5589e+00 5.4550e-02
3.5565e+00 5.5140e-02
3.5541e+00 5.5570e-02
3.5516e+00 5.5580e-02
3.5492e+00 5.5280e-02
3.5468e+00 5.4510e-02
3.5443e+00 5.3320e-02
3.5419e+00 5.3020e-02
3.5395e+00 5.3840e-02
3.5371e+00 5.4390e-02
3.5347e+00 5.4490e-02
3.5323e+00 5.4810e-02
3.5299e+00 5.5180e-02
3.5275e+00 5.5310e-02
3.5251e+00 5.5560e-02
3.5227e+00 5.6030e-02
3.5203e+00 5.5960e-02
3.5179e+00 5.5090e-02
3.5155e+00 5.4350e-02
3.5131e+00 5.4510e-02
3.5107e+00 5.5570e-02
3.5084e+00 5.6810e-02
3.5060e+00 5.6970e-02
3.5036e+00 5.6140e-02
3.5013e+00 5.5770e-02
3.4989e+00 5.6400e-02
3.4965e+00 5.7300e-02
3.4942e+00 5.7060e-02
3.4918e+00 5.5040e-02
3.4895e+00 5.3110e-02
3.4871e+00 5.2930e-02
3.4848e+00 5.3790e-02
3.4825e+00 5.4780e-02
3.4801e+00 5.5430e-02
3.4778e+00 5.4690e-02
3.4755e+00 5.3060e-02
3.4731e+00 5.2150e-02
3.4708e+00 5.1920e-02
3.4685e+00 5.1920e-02
3.4662e+00 5.1980e-02
3.4638e+00 5.2170e-02
3.4615e+00 5.3030e-02
3.4592e+00 5.4110e-02
3.4569e+00 5.4430e-02
3.4546e+00 5.4400e-02
3.4523e+00 5.4700e-02
3.4500e+00 5.4580e-02
3.4477e+00 5.3900e-02
3.4454e+00 5.3650e-02
3.4431e+00 5.3320e-02
3.4409e+00 5.2920e-02
3.4386e+00 5.4380e-02
3.4363e+00 5.6530e-02
3.4340e+00 5.6400e-02
3.4318e+00 5.4930e-02
3.4295e+00 5.4740e-02
3.4272e+00 5.5480e-02
3.4250e+00 5.5420e-02
3.4227e+00 5.5200e-02
3.4204e+00 5.6060e-02
3.4182e+00 5.6570e-02
3.4159e+00 5.5420e-02
3.4137e+00 5.4290e-02
3.4114e+00 5.4240e-02
3.4092e+00 5.4320e-02
3.4069e+00 5.4270e-02
3.4047e+00 5.4590e-02
3.4025e+00 5.4980e-02
3.4002e+00 5.4920e-02
3.3980e+00 5.4810e-02
3.3958e+00 5.4940e-02
3.3936e+00 5.5060e-02
3.3914e+00 5.5510e-02
3.3891e+00 5.6310e-02
3.3869e+00 5.6240e-02
3.3847e+00 5.5350e-02
3.3825e+00 5.5360e-02
3.3803e+00 5.6010e-02
3.3781e+00 5.5790e-02
3.3759e+00 5.4980e-02
3.3737e+00 5.4390e-02
3.3715e+00 5.4000e-02
3.3693e+00 5.3650e-02
3.3671e+00 5.4070e-02
3.3649e+00 5.5080e-02
3.3628e+00 5.5340e-02
3.3606e+00 5.5050e-02
3.3584e+00 5.4860e-02
3.3562e+00 5.4460e-02
3.3541e+00 5.4020e-02
3.3519e+00 5.3820e-02
3.3497e+00 5.3940e-02
3.3476e+00 5.4350e-02
3.3454e+00 5.4790e-02
3.3432e+00 5.5030e-02
3.3411e+00 5.5090e-02
3.3389e+00 5.5110e-02
3.3368e+00 5.4620e-02
3.3346e+00 5.3640e-02
3.3325e+00 5.3580e-02
3.3304e+00 5.4250e-02
3.3282e+00 5.4020e-02
3.3261e+00 5.3570e-02
3.3240e+00 5.4040e-02
3.3218e+00 5.4350e-02
3.3197e+00 5.3960e-02
3.3176e+00 5.3870e-02
3.3155e+00 5.4220e-02
3.3133e+00 5.4470e-02
3.3112e+00 5.4760e-02
3.3091e+00 5.5010e-02
3.3070e+00 5.4760e-02
3.3049e+00 5.4160e-02
3.3028e+00 5.4150e-02
3.3007e+00 5.5200e-02
3.2986e+00 5.5840e-02
3.2965e+00 5.4990e-02
3.2944e+00 5.4090e-02
3.2923e+00 5.4590e-02
3.2902e+00 5.5560e-02
3.2881e+00 5.5630e-02
3.2860e+00 5.4810e-02
3.2840e+00 5.4200e-02
3.2819e+00 5.4330e-02
3.2798e+00 5.4610e-02
3.2777e+00 5.4990e-02
3.2757e+00 5.5290e-02
3.2736e+00 5.4630e-02
3.2715e+00 5.3870e-02
3.2695e+00 5.4570e-02
3.2674e+00 5.6170e-02
3.2654e+00 5.6960e-02
3.2633e+00 5.6810e-02
3.2612e+00 5.6570e-02
3.2592e+00 5.5970e-02
3.2571e+00 5.4800e-02
3.2551e+00 5.3690e-02
3.2531e+00 5.3000e-02
3.2510e+00 5.3210e-02
3.2490e+00 5.3990e-02
3.2469e+00 5.4190e-02
3.2449e+00 5.4140e-02
3.2429e+00 5.5070e-02
3.2409e+00 5.6030e-02
3.2388e+00 5.5070e-02
3.2368e+00 5.3280e-02
3.2348e+00 5.3250e-02
3.2328e+00 5.4140e-02
3.2308e+00 5.3810e-02
3.2288e+00 5.3040e-02
3.2267e+00 5.3580e-02
3.2247e+00 5.5200e-02
3.2227e+00 5.6180e-02
3.2207e+00 5.5540e-02
3.2187e+00 5.3920e-02
3.2167e+00 5.2710e-02
3.2147e+00 5.2960e-02
3.2127e+00 5.4420e-02
3.2108e+00 5.5610e-02
3.2088e+00 5.5370e-02
3.2068e+00 5.3940e-02
3.2048e+00 5.2430e-02
3.2028e+00 5.1910e-02
3.2009e+00 5.2800e-02
3.1989e+00 5.4550e-02
3.1969e+00 5.5660e-02
3.1949e+00 5.5140e-02
3.1930e+00 5.4520e-02
3.1910e+00 5.5130e-02
3.1890e+00 5.5530e-02
3.1871e+00 5.4700e-02
3.1851e+00 5.3310e-02
3.1832e+00 5.2210e-02
3.1812e+00 5.2330e-02
3.1793e+00 5.4140e-02
3.1773e+00 5.6480e-02
3.1754e+00 5.7640e-02
3.1734e+00 5.7030e-02
3.1715e+00 5.5360e-02
3.1695e+00 5.4180e-02
3.1676e+00 5.3790e-02
3.1657e+00 5.3370e-02
3.1637e+00 5.3300e-02
3.1618e+00 5.4090e-02
3.1599e+00 5.4690e-02
3.1580e+00 5.4370e-02
3.1560e+00 5.4170e-02
3.1541e+00 5.5070e-02
3.1522e+00 5.5940e-02
3.1503e+00 5.5770e-02
3.1484e+00 5.5880e-02
3.1465e+00 5.6990e-02
3.1446e+00 5.7560e-02
3.1427e+00 5.6870e-02
3.1407e+00 5.5900e-02
3.1388e+00 5.5620e-02
3.1369e+00 5.5900e-02
3.1351e+00 5.5680e-02
3.1332e+00 5.4640e-02
3.1313e+00 5.4040e-02
3.1294e+00 5.4850e-02
3.1275e+00 5.5940e-02
3.1256e+00 5.5900e-02
3.1237e+00 5.4740e-02
3.1218e+00 5.3090e-02
3.1200e+00 5.2300e-02
3.1181e+00 5.3200e-02
3.1162e+00 5.4880e-02
3.1143e+00 5.5920e-02
3.1125e+00 5.5370e-02
3.1106e+00 5.4310e-02
3.1087e+00 5.4430e-02
3.1069e+00 5.5010e-02
3.1050e+00 5.5400e-02
3.1032e+00 5.5710e-02
3.1013e+00 5.4890e-02
3.0994e+00 5.3530e-02
3.0976e+00 5.3290e-02
3.0957e+00 5.3880e-02
3.0939e+00 5.4560e-02
3.0921e+00 5.5210e-02
3.0902e+00 5.5410e-02
3.0884e+00 5.4980e-02
3.0865e+00 5.4790e-02
3.0847e+00 5.5330e-02
3.0829e+00 5.5550e-02
3.0810e+00 5.5240e-02
3.0792e+00 5.5940e-02
3.0774e+00 5.7210e-02
3.0756e+00 5.7260e-02
3.0737e+00 5.6220e-02
3.0719e+00 5.5190e-02
3.0701e+00 5.4630e-02
3.0683e+00 5.4560e-02
3.0665e+00 5.4700e-02
3.0646e+00 5.4880e-02
3.0628e+00 5.4860e-02
3.0610e+00 5.4860e-02
3.0592e+00 5.4950e-02
3.0574e+00 5.4730e-02
3.0556e+00 5.5470e-02
3.0538e+00 5.7160e-02
3.0520e+00 5.7090e-02
3.0502e+00 5.4920e-02
3.0484e+00 5.2950e-02
3.0466e+00 5.2670e-02
3.0448e+00 5.4010e-02
3.0431e+00 5.5460e-02
3.0413e+00 5.5550e-02
3.0395e+00 5.5080e-02
3.0377e+00 5.5400e-02
3.0359e+00 5.5980e-02
3.0342e+00 5.6030e-02
3.0324e+00 5.5520e-02
3.0306e+00 5.5070e-02
3.0288e+00 5.5320e-02
3.0271e+00 5.6080e-02
3.0253e+00 5.6720e-02
3.0235e+00 5.6830e-02
3.0218e+00 5.6430e-02
3.0200e+00 5.5700e-02
3.0183e+00 5.4930e-02
3.0165e+00 5.4730e-02
3.0148e+00 5.4940e-02
3.0130e+00 5.5140e-02
3.0113e+00 5.5690e-02
3.0095e+00 5.5930e-02
3.0078e+00 5.4640e-02
3.0060e+00 5.3240e-02
3.0043e+00 5.4180e-02
3.0025e+00 5.5880e-02
3.0008e+00 5.6190e-02
2.9991e+00 5.6650e-02
2.9973e+00 5.7670e-02
2.9956e+00 5.7960e-02
2.9939e+00 5.7970e-02
2.9921e+00 5.7570e-02
2.9904e+00 5.6460e-02
2.9887e+00 5.6010e-02
2.9870e+00 5.6800e-02
2.9852e+00 5.6520e-02
2.9835e+00 5.4070e-02
2.9818e+00 5.1980e-02
2.9801e+00 5.1830e-02
2.9784e+00 5.2480e-02
2.9767e+00 5.2930e-02
2.9750e+00 5.3380e-02
2.9733e+00 5.4120e-02
2.9716e+00 5.4440e-02
2.9699e+00 5.3710e-02
2.9682e+00 5.2910e-02
2.9665e+00 5.3050e-02
2.9648e+00 5.3670e-02
2.9631e+00 5.3990e-02
2.9614e+00 5.3620e-02
2.9597e+00 5.3280e-02
2.9580e+00 5.4040e-02
2.9563e+00 5.4880e-02
2.9546e+00 5.4530e-02
2.9529e+00 5.3720e-02
2.9513e+00 5.3170e-02
2.9496e+00 5.2960e-02
2.9479e+00 5.3680e-02
2.9462e+00 5.5390e-02
2.9446e+00 5.6560e-02
2.9429e+00 5.5770e-02
2.9412e+00 5.4100e-02
2.9396e+00 5.3310e-02
2.9379e+00 5.3520e-02
2.9362e+00 5.4380e-02
2.9346e+00 5.5220e-02
2.9329e+00 5.5320e-02
2.9312e+00 5.5090e-02
2.9296e+00 5.4410e-02
2.9279e+00 5.3510e-02
2.9263e+00 5.4250e-02
2.9246e+00 5.6260e-02
2.9230e+00 5.7070e-02
2.9213e+00 5.5880e-02
2.9197e+00 5.3950e-02
2.9181e+00 5.2350e-02
2.9164e+00 5.1920e-02
2.9148e+00 5.2990e-02
2.9131e+00 5.4170e-02
2.9115e+00 5.4910e-02
2.9099e+00 5.5750e-02
2.9082e+00 5.5830e-02
2.9066e+00 5.5200e-02
2.9050e+00 5.5330e-02
2.9033e+00 5.5920e-02
2.9017e+00 5.6130e-02
2.9001e+00 5.5830e-02
2.8985e+00 5.5150e-02
2.8969e+00 5.4700e-02
2.8952e+00 5.4570e-02
2.8936e+00 5.4880e-02
2.8920e+00 5.5770e-02
2.8904e+00 5.6050e-02
2.8888e+00 5.5160e-02
2.8872e+00 5.4070e-02
2.8856e+00 5.3450e-02
2.8840e+00 5.3340e-02
2.8824e+00 5.3710e-02
2.8808e+00 5.4800e-02
2.8792e+00 5.6190e-02
2.8776e+00 5.7050e-02
2.8760e+00 5.7150e-02
2.8744e+00 5.6750e-02
2.8728e+00 5.6270e-02
2.8712e+00 5.5960e-02
2.8696e+00 5.6220e-02
2.8680e+00 5.6810e-02
2.8664e+00 5.6700e-02
2.8648e+00 5.5890e-02
2.8633e+00 5.5430e-02
2.8617e+00 5.5980e-02
2.8601e+00 5.6980e-02
2.8585e+00 5.7360e-02
2.8570e+00 5.6760e-02
2.8554e+00 5.5850e-02
2.8538e+00 5.5290e-02
2.8522e+00 5.4890e-02
2.8507e+00 5.4740e-02
2.8491e+00 5.5350e-02
2.8475e+00 5.6220e-02
2.8460e+00 5.6540e-02
2.8444e+00 5.6020e-02
2.8429e+00 5.4830e-02
2.8413e+00 5.3730e-02
2.8397e+00 5.3500e-02
2.8382e+00 5.4440e-02
2.8366e+00 5.5970e-02
2.8351e+00 5.7040e-02
2.8335e+00 5.6880e-02
2.8320e+00 5.5720e-02
2.8304e+00 5.4970e-02
2.8289e+00 5.5310e-02
2.8274e+00 5.6320e-02
2.8258e+00 5.7610e-02
2.8243e+00 5.7810e-02
2.8227e+00 5.6030e-02
2.8212e+00 5.3760e-02
2.8197e+00 5.2730e-02
2.8181e+00 5.2900e-02
2.8166e+00 5.3230e-02
2.8151e+00 5.3310e-02
2.8136e+00 5.3510e-02
2.8120e+00 5.4450e-02
2.8105e+00 5.5740e-02
2.8090e+00 5.6100e-02
2.8075e+00 5.5650e-02
2.8059e+00 5.5440e-02
2.8044e+00 5.5380e-02
2.8029e+00 5.4850e-02
2.8014e+00 5.4290e-02
2.7999e+00 5.4570e-02
2.7984e+00 5.5250e-02
2.7969e+00 5.5370e-02
2.7954e+00 5.4870e-02
2.7938e+00 5.4530e-02
2.7923e+00 5.5030e-02
2.7908e+00 5.5930e-02
2.7893e+00 5.6790e-02
2.7878e+00 5.7900e-02
2.7863e+00 5.8590e-02
2.7848e+00 5.8030e-02
2.7833e+00 5.6650e-02
2.7819e+00 5.5330e-02
2.7804e+00 5.4150e-02
2.7789e+00 5.3270e-02
2.7774e+00 5.2930e-02
2.7759e+00 5.2720e-02
2.7744e+00 5.3280e-02
2.7729e+00 5.5090e-02
2.7714e+00 5.6400e-02
2.7700e+00 5.6220e-02
2.7685e+00 5.5400e-02
2.7670e+00 5.4350e-02
2.7655e+00 5.3270e-02
2.7641e+00 5.2740e-02
2.7626e+00 5.3540e-02
2.7611e+00 5.4970e-02
2.7596e+00 5.5730e-02
2.7582e+00 5.5670e-02
2.7567e+00 5.5450e-02
2.7552e+00 5.5530e-02
2.7538e+00 5.5130e-02
2.7523e+00 5.4550e-02
2.7509e+00 5.4510e-02
2.7494e+00 5.4000e-02
2.7479e+00 5.3000e-02
2.7465e+00 5.2550e-02
2.7450e+00 5.2620e-02
2.7436e+00 5.2510e-02
2.7421e+00 5.2290e-02
2.7407e+00 5.2630e-02
2.7392e+00 5.3180e-02
2.7378e+00 5.3690e-02
2.7363e+00 5.4460e-02
2.7349e+00 5.4750e-02
2.7335e+00 5.4220e-02
2.7320e+00 5.4230e-02
2.7306e+00 5.5230e-02
2.7291e+00 5.5190e-02
2.7277e+00 5.2980e-02
2.7263e+00 5.0850e-02
2.7248e+00 5.0670e-02
2.7234e+00 5.0780e-02
2.7220e+00 4.9940e-02
2.7206e+00 5.0330e-02
2.7191e+00 5.2560e-02
2.7177e+00 5.4110e-02
2.7163e+00 5.4400e-02
2.7149e+00 5.3990e-02
2.7134e+00 5.3390e-02
2.7120e+00 5.3370e-02
2.7106e+00 5.2700e-02
2.7092e+00 4.9520e-02
2.7078e+00 4.5970e-02
2.7064e+00 4.5200e-02
2.7049e+00 4.6760e-02
2.7035e+00 4.8470e-02
2.7021e+00 4.9410e-02
2.7007e+00 4.9640e-02
2.6993e+00 4.9270e-02
2.6979e+00 4.8620e-02
2.6965e+00 4.8060e-02
2.6951e+00 4.8440e-02
2.6937e+00 5.0040e-02
2.6923e+00 5.1350e-02
2.6909e+00 5.1610e-02
2.6895e+00 5.1800e-02
2.6881e+00 5.2380e-02
2.6867e+00 5.2830e-02
2.6853e+00 5.3620e-02
2.6839e+00 5.4410e-02
2.6826e+00 5.4070e-02
2.6812e+00 5.4410e-02
2.6798e+00 5.6770e-02
2.6784e+00 5.9200e-02
2.6770e+00 6.0310e-02
2.6756e+00 6.0230e-02
2.6743e+00 5.9250e-02
2.6729e+00 5.8350e-02
2.6715e+00 5.8640e-02
2.6701e+00 5.9140e-02
2.6687e+00 5.8190e-02
2.6674e+00 5.7000e-02
2.6660e+00 5.6770e-02
2.6646e+00 5.6520e-02
2.6633e+00 5.6810e-02
2.6619e+00 5.8300e-02
2.6605e+00 5.9640e-02
2.6592e+00 6.0230e-02
2.6578e+00 6.0430e-02
2.6564e+00 5.9960e-02
2.6551e+00 5.9320e-02
2.6537e+00 5.9520e-02
2.6524e+00 6.0440e-02
2.6510e+00 6.0770e-02
2.6497e+00 5.9580e-02
2.6483e+00 5.8260e-02
2.6470e+00 5.8320e-02
2.6456e+00 5.9170e-02
2.6443e+00 6.0270e-02
2.6429e+00 6.1140e-02
2.6416e+00 6.0960e-02
2.6402e+00 6.0610e-02
2.6389e+00 6.1300e-02
2.6375e+00 6.2060e-02
2.6362e+00 6.1450e-02
2.6348e+00 6.0220e-02
2.6335e+00 6.0180e-02
2.6322e+00 6.1220e-02
2.6308e+00 6.1590e-02
2.6295e+00 6.0980e-02
2.6282e+00 6.0540e-02
2.6268e+00 6.0500e-02
2.6255e+00 6.0640e-02
2.6242e+00 6.1290e-02
2.6229e+00 6.2220e-02
2.6215e+00 6.2090e-02
2.6202e+00 6.0370e-02
2.6189e+00 5.8930e-02
2.6176e+00 5.8900e-02
2.6162e+00 5.9180e-02
2.6149e+00 5.9020e-02
2.6136e+00 5.8530e-02
2.6123e+00 5.7410e-02
2.6110e+00 5.6080e-02
2.6097e+00 5.6000e-02
2.6083e+00 5.6460e-02
2.6070e+00 5.6170e-02
2.6057e+00 5.6110e-02
2.6044e+00 5.6540e-02
2.6031e+00 5.6860e-02
2.6018e+00 5.7540e-02
2.6005e+00 5.8980e-02
2.5992e+00 5.9920e-02
2.5979e+00 5.9610e-02
2.5966e+00 5.9210e-02
2.5953e+00 5.9160e-02
2.5940e+00 5.8810e-02
2.5927e+00 5.8150e-02
2.5914e+00 5.7980e-02
2.5901e+00 5.8550e-02
2.5888e+00 5.8410e-02
2.5875e+00 5.6450e-02
2.5862e+00 5.5250e-02
2.5849e+00 5.7170e-02
2.5836e+00 5.9650e-02
2.5824e+00 6.0640e-02
2.5811e+00 6.1360e-02
2.5798e+00 6.1860e-02
2.5785e+00 6.1110e-02
2.5772e+00 5.9060e-02
2.5759e+00 5.7300e-02
2.5747e+00 5.7000e-02
2.5734e+00 5.7510e-02
2.5721e+00 5.8060e-02
2.5708e+00 5.8370e-02
2.5696e+00 5.9450e-02
2.5683e+00 6.1710e-02
2.5670e+00 6.3220e-02
2.5657e+00 6.3210e-02
2.5645e+00 6.1870e-02
2.5632e+00 5.9670e-02
2.5619e+00 5.8330e-02
2.5607e+00 5.8050e-02
2.5594e+00 5.7480e-02
2.5582e+00 5.7350e-02
2.5569e+00 5.8070e-02
2.5556e+00 5.8520e-02
2.5544e+00 5.8570e-02
2.5531e+00 5.8230e-02
2.5519e+00 5.7310e-02
2.5506e+00 5.6730e-02
2.5493e+00 5.7370e-02
2.5481e+00 5.8350e-02
2.5468e+00 5.7990e-02
2.5456e+00 5.6520e-02
2.5443e+00 5.5120e-02
2.5431e+00 5.4430e-02
2.5419e+00 5.5160e-02
2.5406e+00 5.6880e-02
2.5394e+00 5.7910e-02
2.5381e+00 5.8300e-02
2.5369e+00 5.8850e-02
2.5356e+00 5.9590e-02
2.5344e+00 6.0550e-02
2.5332e+00 6.1120e-02
2.5319e+00 6.0410e-02
2.5307e+00 5.8460e-02
2.5295e+00 5.6110e-02
2.5282e+00 5.5610e-02
2.5270e+00 5.7120e-02
2.5258e+00 5.7750e-02
2.5245e+00 5.7070e-02
2.5233e+00 5.7250e-02
2.5221e+00 5.8540e-02
2.5208e+00 6.0060e-02
2.5196e+00 6.1580e-02
2.5184e+00 6.2470e-02
2.5172e+00 6.1920e-02
2.5160e+00 6.0430e-02
2.5147e+00 5.9340e-02
2.5135e+00 5.9010e-02
2.5123e+00 5.8710e-02
2.5111e+00 5.8050e-02
2.5099e+00 5.7720e-02
2.5086e+00 5.8970e-02
2.5074e+00 6.0420e-02
2.5062e+00 5.9250e-02
2.5050e+00 5.6860e-02
2.5038e+00 5.6360e-02
2.5026e+00 5.7650e-02
2.5014e+00 5.8910e-02
2.5002e+00 5.8800e-02
2.4990e+00 5.6830e-02
2.4978e+00 5.4850e-02
2.4966e+00 5.5610e-02
2.4954e+00 5.8300e-02
2.4942e+00 5.9900e-02
2.4930e+00 5.9850e-02
2.4918e+00 5.9490e-02
2.4906e+00 5.9390e-02
2.4894e+00 5.9320e-02
2.4882e+00 5.9170e-02
2.4870e+00 5.8820e-02
2.4858e+00 5.8130e-02
2.4846e+00 5.8120e-02
2.4834e+00 5.8830e-02
2.4822e+00 5.8800e-02
2.4810e+00 5.7790e-02
2.4799e+00 5.7360e-02
2.4787e+00 5.8360e-02
2.4775e+00 5.9870e-02
2.4763e+00 6.0990e-02
2.4751e+00 6.1580e-02
2.4739e+00 6.1160e-02
2.4728e+00 5.9660e-02
2.4716e+00 5.7630e-02
2.4704e+00 5.5710e-02
2.4692e+00 5.4770e-02
2.4681e+00 5.5390e-02
2.4669e+00 5.7120e-02
2.4657e+00 5.8670e-02
2.4645e+00 5.9390e-02
2.4634e+00 5.9770e-02
2.4622e+00 5.9590e-02
2.4610e+00 5.8220e-02
2.4599e+00 5.6520e-02
2.4587e+00 5.6590e-02
2.4575e+00 5.8710e-02
2.4564e+00 6.0340e-02
2.4552e+00 6.0340e-02
2.4540e+00 6.0340e-02
2.4529e+00 6.0630e-02
2.4517e+00 6.0850e-02
2.4506e+00 6.1520e-02
2.4494e+00 6.1720e-02
2.4482e+00 5.9910e-02
2.4471e+00 5.7130e-02
2.4459e+00 5.5870e-02
2.4448e+00 5.6840e-02
2.4436e+00 5.7930e-02
2.4425e+00 5.7440e-02
2.4413e+00 5.6460e-02
2.4402e+00 5.6680e-02
2.4390e+00 5.7410e-02
2.4379e+00 5.7270e-02
2.4367e+00 5.7690e-02
2.4356e+00 5.9440e-02
2.4344e+00 5.9930e-02
2.4333e+00 5.8070e-02
2.4322e+00 5.7080e-02
2.4310e+00 5.9090e-02
2.4299e+00 6.1080e-02
2.4287e+00 6.0210e-02
2.4276e+00 5.7490e-02
2.4265e+00 5.5500e-02
2.4253e+00 5.6210e-02
2.4242e+00 5.8840e-02
2.4231e+00 6.0920e-02
2.4219e+00 6.1220e-02
2.4208e+00 6.0560e-02
2.4197e+00 6.0290e-02
2.4186e+00 6.0650e-02
2.4174e+00 6.0890e-02
2.4163e+00 6.0790e-02
2.4152e+00 6.0640e-02
2.4140e+00 6.0550e-02
2.4129e+00 6.0210e-02
2.4118e+00 5.9250e-02
2.4107e+00 5.7280e-02
2.4096e+00 5.5160e-02
2.4084e+00 5.5760e-02
2.4073e+00 5.9160e-02
2.4062e+00 6.0920e-02
2.4051e+00 6.0050e-02
2.4040e+00 5.9610e-02
2.4029e+00 5.9330e-02
2.4017e+00 5.8150e-02
2.4006e+00 5.7970e-02
2.3995e+00 5.8740e-02
2.3984e+00 5.8730e-02
2.3973e+00 5.9000e-02
2.3962e+00 6.0100e-02
2.3951e+00 6.0100e-02
2.3940e+00 5.8680e-02
2.3929e+00 5.7910e-02
2.3918e+00 5.9170e-02
2.3907e+00 6.0920e-02
2.3896e+00 6.0650e-02
2.3885e+00 5.9440e-02
2.3874e+00 5.9760e-02
2.3863e+00 6.1080e-02
2.3852e+00 6.2290e-02
2.3841e+00 6.3560e-02
2.3830e+00 6.4860e-02
2.3819e+00 6.5000e-02
2.3808e+00 6.3880e-02
2.3797e+00 6.2770e-02
2.3786e+00 6.1330e-02
2.3775e+00 5.9290e-02
2.3764e+00 5.8050e-02
2.3753e+00 5.7700e-02
2.3743e+00 5.8060e-02
2.3732e+00 6.0040e-02
2.3721e+00 6.2000e-02
2.3710e+00 6.1830e-02
2.3699e+00 6.0700e-02
2.3688e+00 6.0840e-02
2.3678e+00 6.3020e-02
2.3667e+00 6.5870e-02
2.3656e+00 6.6510e-02
2.3645e+00 6.4400e-02
2.3634e+00 6.2110e-02
2.3624e+00 6.1650e-02
2.3613e+00 6.2120e-02
2.3602e+00 6.2100e-02
2.3591e+00 6.2330e-02
2.3581e+00 6.2330e-02
2.3570e+00 6.0930e-02
2.3559e+00 6.0010e-02
2.3548e+00 6.1020e-02
2.3538e+00 6.1210e-02
2.3527e+00 5.9910e-02
2.3516e+00 5.9280e-02
2.3506e+00 5.8970e-02
2.3495e+00 5.8360e-02
2.3485e+00 5.8670e-02
2.3474e+00 6.0650e-02
2.3463e+00 6.2600e-02
2.3453e+00 6.2230e-02
2.3442e+00 6.0790e-02
2.3431e+00 6.0240e-02
2.3421e+00 5.9870e-02
2.3410e+00 5.7960e-02
2.3400e+00 5.4950e-02
2.3389e+00 5.4140e-02
2.3379e+00 5.5520e-02
2.3368e+00 5.6170e-02
2.3358e+00 5.5970e-02
2.3347e+00 5.6090e-02
2.3337e+00 5.6620e-02
2.3326e+00 5.6860e-02
2.3316e+00 5.7380e-02
2.3305e+00 5.9150e-02
2.3295e+00 6.0290e-02
2.3284e+00 5.8910e-02
2.3274e+00 5.6170e-02
2.3263e+00 5.4180e-02
2.3253e+00 5.4300e-02
2.3242e+00 5.5660e-02
2.3232e+00 5.6140e-02
2.3222e+00 5.6320e-02
2.3211e+00 5.6690e-02
2.3201e+00 5.6210e-02
2.3190e+00 5.5580e-02
2.3180e+00 5.5850e-02
2.3170e+00 5.6720e-02
2.3159e+00 5.7790e-02
2.3149e+00 5.8860e-02
2.3139e+00 5.9280e-02
2.3128e+00 5.8600e-02
2.3118e+00 5.7920e-02
2.3108e+00 5.8400e-02
2.3097e+00 5.9540e-02
2.3087e+00 5.9650e-02
2.3077e+00 5.8620e-02
2.3067e+00 5.8170e-02
2.3056e+00 5.7940e-02
2.3046e+00 5.6750e-02
2.3036e+00 5.5930e-02
2.3026e+00 5.6500e-02
2.3015e+00 5.7790e-02
2.3005e+00 5.9180e-02
2.2995e+00 6.0340e-02
2.2985e+00 6.1310e-02
2.2975e+00 6.3380e-02
2.2964e+00 6.5020e-02
2.2954e+00 6.2390e-02
2.2944e+00 5.8080e-02
2.2934e+00 5.6500e-02
2.2924e+00 5.6730e-02
2.2914e+00 5.8300e-02
2.2904e+00 6.0820e-02
2.2893e+00 6.2270e-02
2.2883e+00 6.2880e-02
2.2873e+00 6.3410e-02
2.2863e+00 6.3430e-02
2.2853e+00 6.2410e-02
2.2843e+00 6.0620e-02
2.2833e+00 5.9050e-02
2.2823e+00 5.7890e-02
2.2813e+00 5.7300e-02
2.2803e+00 5.7470e-02
2.2793e+00 5.7330e-02
2.2783e+00 5.6870e-02
2.2773e+00 5.7430e-02
2.2763e+00 5.8500e-02
2.2753e+00 5.9030e-02
2.2743e+00 5.9920e-02
2.2733e+00 6.0680e-02
2.2723e+00 5.9670e-02
2.2713e+00 5.7700e-02
2.2703e+00 5.7180e-02
2.2693e+00 5.8530e-02
2.2683e+00 5.9580e-02
2.2673e+00 5.9560e-02
2.2663e+00 5.9630e-02
2.2653e+00 5.9490e-02
2.2644e+00 5.8670e-02
2.2634e+00 5.8650e-02
2.2624e+00 6.0300e-02
2.2614e+00 6.1390e-02
2.2604e+00 6.1110e-02
2.2594e+00 6.1030e-02
2.2584e+00 6.0850e-02
2.2575e+00 5.9580e-02
2.2565e+00 5.7350e-02
2.2555e+00 5.6040e-02
2.2545e+00 5.7210e-02
2.2535e+00 5.9440e-02
2.2526e+00 6.0890e-02
2.2516e+00 6.1090e-02
2.2506e+00 6.1080e-02
2.2496e+00 6.1560e-02
2.2486e+00 6.1930e-02
2.2477e+00 6.0810e-02
2.2467e+00 5.8940e-02
2.2457e+00 5.7730e-02
2.2448e+00 5.7300e-02
2.2438e+00 5.8780e-02
2.2428e+00 6.3190e-02
2.2418e+00 6.6830e-02
2.2409e+00 6.6210e-02
2.2399e+00 6.4720e-02
2.2389e+00 6.4600e-02
2.2380e+00 6.3810e-02
2.2370e+00 6.2810e-02
2.2360e+00 6.2870e-02
2.2351e+00 6.2270e-02
2.2341e+00 5.9850e-02
2.2332e+00 5.7370e-02
2.2322e+00 5.6940e-02
2.2312e+00 5.8120e-02
2.2303e+00 5.9390e-02
2.2293e+00 6.0550e-02
2.2284e+00 6.1290e-02
2.2274e+00 6.0470e-02
2.2264e+00 5.9290e-02
2.2255e+00 6.0190e-02
2.2245e+00 6.1390e-02
2.2236e+00 6.0590e-02
2.2226e+00 5.9910e-02
2.2217e+00 6.0660e-02
2.2207e+00 6.0790e-02
2.2198e+00 6.0280e-02
2.2188e+00 6.0210e-02
2.2179e+00 6.0860e-02
2.2169e+00 6.1610e-02
2.2160e+00 6.0660e-02
2.2150e+00 5.9880e-02
2.2141e+00 6.2310e-02
2.2131e+00 6.5020e-02
2.2122e+00 6.5080e-02
2.2112e+00 6.3770e-02
2.2103e+00 6.2230e-02
2.2094e+00 6.0570e-02
2.2084e+00 5.9810e-02
2.2075e+00 6.0490e-02
2.2065e+00 6.1400e-02
2.2056e+00 6.1440e-02
2.2047e+00 6.0470e-02
2.2037e+00 5.8660e-02
2.2028e+00 5.7810e-02
2.2019e+00 5.9540e-02
2.2009e+00 6.2260e-02
2.2000e+00 6.4040e-02
2.1991e+00 6.4110e-02
2.1981e+00 6.1850e-02
2.1972e+00 5.8620e-02
2.1963e+00 5.6170e-02
2.1953e+00 5.5160e-02
2.1944e+00 5.5940e-02
2.1935e+00 5.7320e-02
2.1925e+00 5.7890e-02
2.1916e+00 5.9120e-02
2.1907e+00 6.1260e-02
2.1898e+00 6.2370e-02
2.1888e+00 6.1730e-02
2.1879e+00 5.9850e-02
2.1870e+00 5.8460e-02
2.1861e+00 5.9500e-02
2.1852e+00 6.1820e-02
2.1842e+00 6.3390e-02
2.1833e+00 6.4280e-02
2.1824e+00 6.4280e-02
2.1815e+00 6.3090e-02
2.1806e+00 6.1450e-02
2.1796e+00 6.0050e-02
2.1787e+00 5.9850e-02
2.1778e+00 6.0540e-02
2.1769e+00 6.0220e-02
2.1760e+00 5.8730e-02
2.1751e+00 5.7460e-02
2.1742e+00 5.8310e-02
2.1733e+00 6.1460e-02
2.1723e+00 6.2840e-02
2.1714e+00 6.0530e-02
2.1705e+00 5.9350e-02
2.1696e+00 6.2070e-02
2.1687e+00 6.5820e-02
2.1678e+00 6.8300e-02
2.1669e+00 6.9500e-02
2.1660e+00 6.9950e-02
2.1651e+00 6.9280e-02
2.1642e+00 6.5860e-02
2.1633e+00 6.0840e-02
2.1624e+00 5.8830e-02
2.1615e+00 6.2250e-02
2.1606e+00 6.6960e-02
2.1597e+00 6.6660e-02
2.1588e+00 6.2200e-02
2.1579e+00 5.8920e-02
2.1570e+00 5.8390e-02
2.1561e+00 5.9830e-02
2.1552e+00 6.1960e-02
2.1543e+00 6.1960e-02
2.1534e+00 5.9830e-02
2.1525e+00 5.8120e-02
2.1516e+00 5.8260e-02
2.1507e+00 6.1000e-02
2.1498e+00 6.4950e-02
2.1489e+00 6.7730e-02
2.1480e+00 6.8400e-02
2.1472e+00 6.6430e-02
2.1463e+00 6.4090e-02
2.1454e+00 6.3470e-02
2.1445e+00 6.3610e-02
2.1436e+00 6.3440e-02
2.1427e+00 6.4010e-02
2.1418e+00 6.5320e-02
2.1409e+00 6.6000e-02
2.1401e+00 6.5810e-02
2.1392e+00 6.5430e-02
2.1383e+00 6.5690e-02
2.1374e+00 6.5760e-02
2.1365e+00 6.4690e-02
2.1357e+00 6.4030e-02
2.1348e+00 6.5120e-02
2.1339e+00 6.5780e-02
2.1330e+00 6.4020e-02
2.1321e+00 6.1390e-02
2.1313e+00 6.1280e-02
2.1304e+00 6.3190e-02
2.1295e+00 6.2030e-02
2.1286e+00 5.7810e-02
2.1278e+00 5.5790e-02
2.1269e+00 5.6470e-02
2.1260e+00 5.7420e-02
2.1252e+00 5.7940e-02
2.1243e+00 5.7840e-02
2.1234e+00 5.8290e-02
2.1225e+00 5.9960e-02
2.1217e+00 6.1170e-02
2.1208e+00 6.0670e-02
2.1199e+00 5.9130e-02
2.1191e+00 5.8670e-02
2.1182e+00 6.0190e-02
2.1173e+00 6.1590e-02
2.1165e+00 6.2080e-02
2.1156e+00 6.2470e-02
2.1148e+00 6.4010e-02
2.1139e+00 6.5780e-02
2.1130e+00 6.6360e-02
2.1122e+00 6.6220e-02
2.1113e+00 6.5850e-02
2.1105e+00 6.3420e-02
2.1096e+00 5.9670e-02
2.1087e+00 5.7820e-02
2.1079e+00 5.7740e-02
2.1070e+00 5.8090e-02
2.1062e+00 5.8960e-02
2.1053e+00 6.0200e-02
2.1045e+00 6.0580e-02
2.1036e+00 6.0500e-02
2.1027e+00 6.1180e-02
2.1019e+00 6.1070e-02
2.1010e+00 6.0020e-02
2.1002e+00 6.1090e-02
2.0993e+00 6.2800e-02
2.0985e+00 6.1830e-02
2.0976e+00 5.9900e-02
2.0968e+00 5.9940e-02
2.0959e+00 6.1820e-02
2.0951e+00 6.2850e-02
2.0943e+00 6.1560e-02
2.0934e+00 6.0150e-02
2.0926e+00 5.9700e-02
2.0917e+00 5.8330e-02
2.0909e+00 5.7770e-02
2.0900e+00 6.1090e-02
2.0892e+00 6.4930e-02
2.0884e+00 6.3770e-02
2.0875e+00 5.9180e-02
2.0867e+00 5.6130e-02
2.0858e+00 5.6930e-02
2.0850e+00 5.9950e-02
2.0842e+00 6.2480e-02
2.0833e+00 6.4700e-02
2.0825e+00 6.7130e-02
2.0816e+00 6.9090e-02
2.0808e+00 6.9860e-02
2.0800e+00 6.8300e-02
2.0791e+00 6.6020e-02
2.0783e+00 6.4800e-02
2.0775e+00 6.3160e-02
2.0766e+00 6.0020e-02
2.0758e+00 5.7660e-02
2.0750e+00 5.9240e-02
2.0742e+00 6.3070e-02
2.0733e+00 6.4560e-02
2.0725e+00 6.2100e-02
2.0717e+00 5.8170e-02
2.0708e+00 5.6270e-02
2.0700e+00 5.6370e-02
2.0692e+00 5.8590e-02
2.0684e+00 6.4110e-02
2.0675e+00 6.9380e-02
2.0667e+00 7.0210e-02
2.0659e+00 6.7290e-02
2.0651e+00 6.3250e-02
2.0642e+00 6.0170e-02
2.0634e+00 5.9750e-02
2.0626e+00 6.2290e-02
2.0618e+00 6.4830e-02
2.0610e+00 6.5690e-02
2.0601e+00 6.4840e-02
2.0593e+00 6.4300e-02
2.0585e+00 6.6740e-02
2.0577e+00 6.9580e-02
2.0569e+00 6.8300e-02
2.0561e+00 6.3800e-02
2.0552e+00 6.0460e-02
2.0544e+00 6.0180e-02
2.0536e+00 6.1510e-02
2.0528e+00 6.2410e-02
2.0520e+00 6.0880e-02
2.0512e+00 5.7580e-02
2.0504e+00 5.5300e-02
2.0496e+00 5.5850e-02
2.0487e+00 5.8170e-02
2.0479e+00 6.0700e-02
2.0471e+00 6.1910e-02
2.0463e+00 6.0070e-02
2.0455e+00 5.8300e-02
2.0447e+00 5.8510e-02
2.0439e+00 5.9560e-02
2.0431e+00 6.0910e-02
2.0423e+00 6.0850e-02
2.0415e+00 5.9120e-02
2.0407e+00 5.8260e-02
2.0399e+00 5.8320e-02
2.0391e+00 5.6980e-02
2.0383e+00 5.5280e-02
2.0375e+00 5.5000e-02
2.0367e+00 5.4930e-02
2.0359e+00 5.4650e-02
2.0351e+00 5.6620e-02
2.0343e+00 6.0800e-02
2.0335e+00 6.3750e-02
2.0327e+00 6.2250e-02
2.0319e+00 5.8190e-02
2.0311e+00 5.6900e-02
2.0303e+00 5.9170e-02
2.0295e+00 6.1000e-02
2.0287e+00 6.2630e-02
2.0279e+00 6.5110e-02
2.0271e+00 6.6110e-02
2.0263e+00 6.5060e-02
2.0255e+00 6.4130e-02
2.0247e+00 6.4580e-02
2.0240e+00 6.4830e-02
2.0232e+00 6.3770e-02
2.0224e+00 6.3140e-02
2.0216e+00 6.4380e-02
2.0208e+00 6.6180e-02
2.0200e+00 6.6030e-02
2.0192e+00 6.3610e-02
2.0184e+00 6.2070e-02
2.0177e+00 6.3740e-02
2.0169e+00 6.5900e-02
2.0161e+00 6.6090e-02
2.0153e+00 6.5460e-02
2.0145e+00 6.4400e-02
2.0137e+00 6.2800e-02
2.0130e+00 6.1870e-02
2.0122e+00 6.1360e-02
2.0114e+00 6.1340e-02
2.0106e+00 6.3330e-02
2.0098e+00 6.4880e-02
2.0091e+00 6.2280e-02
2.0083e+00 5.7470e-02
2.0075e+00 5.3570e-02
2.0067e+00 5.1910e-02
2.0059e+00 5.3910e-02
2.0052e+00 5.8820e-02
2.0044e+00 6.3990e-02
2.0036e+00 6.5500e-02
2.0028e+00 6.4290e-02
2.0021e+00 6.3810e-02
2.0013e+00 6.4780e-02
2.0005e+00 6.6660e-02
1.9998e+00 6.7560e-02
1.9990e+00 6.6060e-02
1.9982e+00 6.3420e-02
1.9974e+00 6.2910e-02
1.9967e+00 6.3160e-02
1.9959e+00 6.0700e-02
1.9951e+00 5.7740e-02
1.9944e+00 5.6500e-02
1.9936e+00 5.7030e-02
1.9928e+00 5.7950e-02
1.9921e+00 5.9280e-02
1.9913e+00 6.0960e-02
1.9905e+00 6.1020e-02
1.9898e+00 6.0230e-02
1.9890e+00 6.2290e-02
1.9883e+00 6.4320e-02
1.9875e+00 6.2880e-02
1.9867e+00 6.2850e-02
1.9860e+00 6.5970e-02
1.9852e+00 6.6650e-02
1.9845e+00 6.4840e-02
1.9837e+00 6.2840e-02
1.9829e+00 6.0110e-02
1.9822e+00 5.9190e-02
1.9814e+00 6.1950e-02
1.9807e+00 6.3400e-02
1.9799e+00 6.2790e-02
1.9792e+00 6.2590e-02
1.9784e+00 6.2590e-02
1.9776e+00 6.1020e-02
1.9769e+00 5.7630e-02
1.9761e+00 5.4910e-02
1.9754e+00 5.5420e-02
1.9746e+00 5.9920e-02
1.9739e+00 6.2930e-02
1.9731e+00 6.0960e-02
1.9724e+00 6.0230e-02
1.9716e+00 6.3850e-02
1.9709e+00 6.5610e-02
1.9701e+00 6.1860e-02
1.9694e+00 5.8150e-02
1.9686e+00 6.0170e-02
1.9679e+00 6.3350e-02
1.9671e+00 6.0210e-02
1.9664e+00 5.6200e-02
1.9656e+00 5.6530e-02
1.9649e+00 5.7010e-02
1.9642e+00 5.6500e-02
1.9634e+00 5.6090e-02
1.9627e+00 5.5240e-02
1.9619e+00 5.6490e-02
1.9612e+00 6.2700e-02
1.9604e+00 6.8030e-02
1.9597e+00 6.7530e-02
1.9590e+00 6.4260e-02
1.9582e+00 6.1580e-02
1.9575e+00 6.0440e-02
1.9567e+00 6.0280e-02
1.9560e+00 6.1000e-02
1.9553e+00 6.3130e-02
1.9545e+00 6.5650e-02
1.9538e+00 6.7950e-02
1.9531e+00 6.8930e-02
1.9523e+00 6.6410e-02
1.9516e+00 6.2210e-02
1.9509e+00 5.9230e-02
1.9501e+00 5.8350e-02
1.9494e+00 6.0200e-02
1.9487e+00 6.2440e-02
1.9479e+00 6.2230e-02
1.9472e+00 5.9390e-02
1.9465e+00 5.5950e-02
1.9457e+00 5.5260e-02
1.9450e+00 5.6930e-02
1.9443e+00 5.8990e-02
1.9435e+00 6.0610e-02
1.9428e+00 6.0680e-02
1.9421e+00 6.1880e-02
1.9414e+00 6.5330e-02
1.9406e+00 6.7730e-02
1.9399e+00 6.6950e-02
1.9392e+00 6.3160e-02
1.9385e+00 6.1350e-02
1.9377e+00 6.5990e-02
1.9370e+00 7.0400e-02
1.9363e+00 6.7470e-02
1.9356e+00 6.1420e-02
1.9348e+00 5.9290e-02
1.9341e+00 6.0270e-02
1.9334e+00 5.9950e-02
1.9327e+00 5.8200e-02
1.9320e+00 5.7750e-02
1.9312e+00 5.7230e-02
1.9305e+00 5.5080e-02
1.9298e+00 5.4100e-02
1.9291e+00 5.4580e-02
1.9284e+00 5.5470e-02
1.9276e+00 5.7670e-02
1.9269e+00 5.8280e-02
1.9262e+00 5.4350e-02
1.9255e+00 5.1390e-02
1.9248e+00 5.4810e-02
1.9241e+00 6.0730e-02
1.9234e+00 6.4200e-02
1.9226e+00 6.3760e-02
1.9219e+00 6.2150e-02
1.9212e+00 6.2560e-02
1.9205e+00 6.2460e-02
1.9198e+00 6.2780e-02
1.9191e+00 6.3550e-02
1.9184e+00 6.0540e-02
1.9177e+00 5.6600e-02
1.9170e+00 5.8330e-02
1.9163e+00 6.3590e-02
1.9155e+00 6.7360e-02
1.9148e+00 6.9860e-02
1.9141e+00 6.9940e-02
1.9134e+00 6.6160e-02
1.9127e+00 6.1020e-02
1.9120e+00 5.9130e-02
1.9113e+00 6.2590e-02
1.9106e+00 6.6030e-02
1.9099e+00 6.5120e-02
1.9092e+00 5.9040e-02
1.9085e+00 5.4690e-02
1.9078e+00 5.6530e-02
1.9071e+00 6.1370e-02
1.9064e+00 6.5350e-02
1.9057e+00 6.6660e-02
1.9050e+00 6.5330e-02
1.9043e+00 6.1950e-02
1.9036e+00 5.8750e-02
1.9029e+00 5.9000e-02
1.9022e+00 6.0690e-02
1.9015e+00 6.1360e-02
1.9008e+00 6.1040e-02
1.9001e+00 6.2280e-02
1.8994e+00 6.2610e-02
1.8987e+00 5.9910e-02
1.8980e+00 5.7440e-02
1.8973e+00 5.6950e-02
1.8966e+00 5.8420e-02
1.8959e+00 6.1080e-02
1.8952e+00 6.3460e-02
1.8945e+00 6.4780e-02
1.8939e+00 6.5010e-02
1.8932e+00 6.4620e-02
1.8925e+00 6.4200e-02
1.8918e+00 6.4370e-02
1.8911e+00 6.5920e-02
1.8904e+00 6.6640e-02
1.8897e+00 6.5020e-02
1.8890e+00 6.5790e-02
1.8883e+00 7.0500e-02
1.8877e+00 7.1990e-02
1.8870e+00 7.0030e-02
1.8863e+00 6.7970e-02
1.8856e+00 6.4330e-02
1.8849e+00 6.0700e-02
1.8842e+00 6.1910e-02
1.8835e+00 6.5580e-02
1.8829e+00 6.5100e-02
1.8822e+00 6.1350e-02
1.8815e+00 5.7430e-02
1.8808e+00 5.6240e-02
1.8801e+00 6.1200e-02
1.8794e+00 6.6120e-02
1.8788e+00 6.1950e-02
1.8781e+00 5.4300e-02
1.8774e+00 5.2280e-02
1.8767e+00 5.8010e-02
1.8760e+00 6.5720e-02
1.8754e+00 6.5710e-02
1.8747e+00 5.9880e-02
1.8740e+00 5.6740e-02
1.8733e+00 5.8770e-02
1.8727e+00 6.3450e-02
1.8720e+00 6.2100e-02
1.8713e+00 5.3030e-02
1.8706e+00 4.6550e-02
1.8700e+00 5.0670e-02
1.8693e+00 5.9190e-02
1.8686e+00 6.2890e-02
1.8679e+00 6.0890e-02
1.8673e+00 5.9020e-02
1.8666e+00 6.0680e-02
1.8659e+00 6.4210e-02
1.8652e+00 6.7740e-02
1.8646e+00 6.7850e-02
1.8639e+00 6.3050e-02
1.8632e+00 5.9560e-02
1.8626e+00 6.1230e-02
1.8619e+00 6.6640e-02
1.8612e+00 7.0760e-02
1.8606e+00 6.8320e-02
1.8599e+00 6.2810e-02
1.8592e+00 5.9280e-02
1.8586e+00 5.8250e-02
1.8579e+00 5.8470e-02
1.8572e+00 5.9130e-02
1.8566e+00 6.1560e-02
1.8559e+00 6.4180e-02
1.8552e+00 6.4820e-02
1.8546e+00 6.4930e-02
1.8539e+00 6.6440e-02
1.8532e+00 6.7220e-02
1.8526e+00 6.7380e-02
1.8519e+00 6.7400e-02
1.8513e+00 6.4460e-02
1.8506e+00 6.2060e-02
1.8499e+00 6.5610e-02
1.8493e+00 6.9820e-02
1.8486e+00 6.8040e-02
1.8480e+00 6.3330e-02
1.8473e+00 6.1060e-02
1.8466e+00 5.8490e-02
1.8460e+00 5.5890e-02
1.8453e+00 5.8190e-02
1.8447e+00 6.2380e-02
1.8440e+00 6.3040e-02
1.8434e+00 5.9550e-02
1.8427e+00 5.5850e-02
1.8421e+00 5.6800e-02
1.8414e+00 6.2310e-02
1.8407e+00 6.5490e-02
1.8401e+00 6.1750e-02
1.8394e+00 5.8470e-02
1.8388e+00 6.3780e-02
1.8381e+00 7.0580e-02
1.8375e+00 6.8730e-02
1.8368e+00 6.1540e-02
1.8362e+00 5.7020e-02
1.8355e+00 5.6360e-02
1.8349e+00 5.9940e-02
1.8342e+00 6.6950e-02
1.8336e+00 7.0130e-02
1.8329e+00 6.9470e-02
1.8323e+00 6.9680e-02
1.8316e+00 7.0390e-02
1.8310e+00 6.9950e-02
1.8303e+00 6.8800e-02
1.8297e+00 6.7320e-02
1.8291e+00 6.8810e-02
1.8284e+00 7.7510e-02
1.8278e+00 8.5480e-02
1.8271e+00 8.1720e-02
1.8265e+00 7.0810e-02
1.8258e+00 6.3960e-02
1.8252e+00 6.4910e-02
1.8246e+00 6.9060e-02
1.8239e+00 6.9520e-02
1.8233e+00 6.4540e-02
1.8226e+00 6.0020e-02
1.8220e+00 5.8760e-02
1.8213e+00 5.9070e-02
1.8207e+00 6.0810e-02
1.8201e+00 6.2870e-02
1.8194e+00 6.3450e-02
1.8188e+00 6.1200e-02
1.8182e+00 5.4330e-02
1.8175e+00 4.8070e-02
1.8169e+00 4.9650e-02
1.8162e+00 5.7610e-02
1.8156e+00 6.7660e-02
1.8150e+00 7.5160e-02
1.8143e+00 7.3700e-02
1.8137e+00 6.7680e-02
1.8131e+00 6.5050e-02
1.8124e+00 6.5150e-02
1.8118e+00 6.6510e-02
1.8112e+00 6.7440e-02
1.8105e+00 6.6370e-02
1.8099e+00 6.5830e-02
1.8093e+00 6.5060e-02
1.8086e+00 6.3160e-02
1.8080e+00 6.4710e-02
1.8074e+00 6.8770e-02
1.8068e+00 6.8030e-02
1.8061e+00 6.4710e-02
1.8055e+00 6.4570e-02
1.8049e+00 6.7610e-02
1.8042e+00 7.1050e-02
1.8036e+00 7.1030e-02
1.8030e+00 6.7640e-02
1.8024e+00 6.3780e-02
1.8017e+00 6.1320e-02
1.8011e+00 6.2570e-02
1.8005e+00 6.5370e-02
1.7999e+00 6.6700e-02
1.7992e+00 6.3420e-02
1.7986e+00 5.7020e-02
1.7980e+00 5.1730e-02
1.7974e+00 4.9670e-02
1.7967e+00 4.8650e-02
1.7961e+00 5.1510e-02
1.7955e+00 5.8880e-02
1.7949e+00 6.2670e-02
1.7942e+00 6.5050e-02
1.7936e+00 7.3490e-02
1.7930e+00 7.8850e-02
1.7924e+00 7.2860e-02
1.7918e+00 6.5420e-02
1.7911e+00 6.5240e-02
1.7905e+00 6.8830e-02
1.7899e+00 7.1130e-02
1.7893e+00 6.8810e-02
1.7887e+00 6.6710e-02
1.7881e+00 6.7550e-02
1.7874e+00 6.5310e-02
1.7868e+00 6.0790e-02
1.7862e+00 5.7900e-02
1.7856e+00 5.7040e-02
1.7850e+00 5.9030e-02
1.7844e+00 6.5280e-02
1.7838e+00 6.9830e-02
1.7831e+00 7.1340e-02
1.7825e+00 7.2990e-02
1.7819e+00 7.3690e-02
1.7813e+00 7.3770e-02
1.7807e+00 7.2980e-02
1.7801e+00 6.9580e-02
1.7795e+00 7.1200e-02
1.7789e+00 7.5480e-02
1.7783e+00 7.3490e-02
1.7776e+00 6.7270e-02
1.7770e+00 6.0100e-02
1.7764e+00 5.3660e-02
1.7758e+00 5.2570e-02
1.7752e+00 5.9210e-02
1.7746e+00 6.8370e-02
1.7740e+00 7.3630e-02
1.7734e+00 7.4470e-02
1.7728e+00 7.2880e-02
1.7722e+00 6.9160e-02
1.7716e+00 6.4830e-02
1.7710e+00 6.2520e-02
1.7704e+00 6.5140e-02
1.7698e+00 6.9590e-02
1.7691e+00 6.8300e-02
1.7685e+00 6.4410e-02
1.7679e+00 6.6570e-02
1.7673e+00 7.5580e-02
1.7667e+00 7.8990e-02
1.7661e+00 7.0730e-02
1.7655e+00 6.2630e-02
1.7649e+00 6.3280e-02
1.7643e+00 6.6380e-02
1.7637e+00 6.7470e-02
1.7631e+00 6.7700e-02
1.7625e+00 6.6520e-02
1.7619e+00 6.5230e-02
1.7613e+00 6.7310e-02
1.7607e+00 6.7280e-02
1.7601e+00 6.4650e-02
1.7595e+00 6.7510e-02
1.7589e+00 6.9190e-02
1.7584e+00 6.4890e-02
1.7578e+00 6.3480e-02
1.7572e+00 6.9730e-02
1.7566e+00 7.3470e-02
1.7560e+00 6.9970e-02
1.7554e+00 6.7460e-02
1.7548e+00 6.6590e-02
1.7542e+00 6.2320e-02
1.7536e+00 5.5590e-02
1.7530e+00 4.9060e-02
1.7524e+00 4.6360e-02
1.7518e+00 4.8910e-02
1.7512e+00 5.5010e-02
1.7506e+00 5.8830e-02
1.7500e+00 6.0040e-02
1.7495e+00 6.4680e-02
1.7489e+00 7.1890e-02
1.7483e+00 7.4320e-02
1.7477e+00 7.2790e-02
1.7471e+00 7.1200e-02
1.7465e+00 6.6840e-02
1.7459e+00 5.9130e-02
1.7453e+00 5.1970e-02
1.7447e+00 4.9300e-02
1.7442e+00 5.2700e-02
1.7436e+00 5.7330e-02
1.7430e+00 5.7920e-02
1.7424e+00 5.6240e-02
1.7418e+00 5.6830e-02
1.7412e+00 6.1110e-02
1.7406e+00 6.4210e-02
1.7401e+00 6.4420e-02
1.7395e+00 6.3160e-02
1.7389e+00 5.9830e-02
1.7383e+00 5.8320e-02
1.7377e+00 6.2570e-02
1.7371e+00 7.0330e-02
1.7366e+00 7.1320e-02
1.7360e+00 6.4130e-02
1.7354e+00 6.1980e-02
1.7348e+00 6.7730e-02
1.7342e+00 6.9420e-02
1.7337e+00 6.4610e-02
1.7331e+00 5.8760e-02
1.7325e+00 5.9270e-02
1.7319e+00 6.2700e-02
1.7313e+00 6.3980e-02
1.7308e+00 6.2850e-02
1.7302e+00 6.2360e-02
1.7296e+00 6.5440e-02
1.7290e+00 7.1230e-02
1.7285e+00 7.6920e-02
1.7279e+00 7.5690e-02
1.7273e+00 6.8630e-02
1.7267e+00 6.3410e-02
1.7262e+00 5.9890e-02
1.7256e+00 5.8500e-02
1.7250e+00 6.1370e-02
1.7244e+00 6.1040e-02
1.7239e+00 5.7530e-02
1.7233e+00 5.6920e-02
1.7227e+00 6.0840e-02
1.7221e+00 6.8400e-02
1.7216e+00 7.1840e-02
1.7210e+00 7.0530e-02
1.7204e+00 6.8630e-02
1.7199e+00 6.6800e-02
1.7193e+00 6.5150e-02
1.7187e+00 6.8160e-02
1.7182e+00 7.1740e-02
1.7176e+00 7.0000e-02
1.7170e+00 6.6940e-02
1.7164e+00 6.5060e-02
1.7159e+00 6.2130e-02
1.7153e+00 5.5000e-02
1.7147e+00 5.3050e-02
1.7142e+00 6.2550e-02
1.7136e+00 7.6700e-02
1.7130e+00 8.5450e-02
1.7125e+00 8.4890e-02
1.7119e+00 7.7460e-02
1.7113e+00 7.1890e-02
1.7108e+00 7.3580e-02
1.7102e+00 7.5070e-02
1.7097e+00 6.9650e-02
1.7091e+00 6.3110e-02
1.7085e+00 5.9090e-02
1.7080e+00 5.6960e-02
1.7074e+00 5.6980e-02
1.7068e+00 5.8730e-02
1.7063e+00 6.2110e-02
1.7057e+00 6.6230e-02
1.7052e+00 6.8680e-02
1.7046e+00 6.9670e-02
1.7040e+00 7.1420e-02
1.7035e+00 7.4670e-02
1.7029e+00 7.5050e-02
1.7024e+00 7.1420e-02
1.7018e+00 6.7030e-02
1.7012e+00 6.5550e-02
1.7007e+00 6.5890e-02
1.7001e+00 6.2940e-02
1.6996e+00 5.7120e-02
1.6990e+00 5.5230e-02
1.6985e+00 5.4890e-02
1.6979e+00 5.4610e-02
1.6973e+00 5.6660e-02
1.6968e+00 5.8950e-02
1.6962e+00 5.9140e-02
1.6957e+00 5.7490e-02
1.6951e+00 5.8670e-02
1.6946e+00 6.2310e-02
1.6940e+00 6.4610e-02
1.6935e+00 6.8480e-02
1.6929e+00 7.2390e-02
1.6924e+00 7.0560e-02
1.6918e+00 6.1880e-02
1.6913e+00 5.3210e-02
1.6907e+00 5.1930e-02
1.6901e+00 5.6940e-02
1.6896e+00 6.0150e-02
1.6890e+00 5.9120e-02
1.6885e+00 6.0140e-02
1.6879e+00 6.4520e-02
1.6874e+00 6.6200e-02
1.6869e+00 6.1120e-02
1.6863e+00 6.0630e-02
1.6858e+00 7.0870e-02
1.6852e+00 8.0480e-02
1.6847e+00 8.1760e-02
1.6841e+00 7.2250e-02
1.6836e+00 5.5590e-02
1.6830e+00 4.2330e-02
1.6825e+00 4.2300e-02
1.6819e+00 5.2390e-02
1.6814e+00 6.6630e-02
1.6808e+00 7.5390e-02
1.6803e+00 7.4920e-02
1.6797e+00 7.3100e-02
1.6792e+00 7.2820e-02
1.6787e+00 6.7410e-02
1.6781e+00 6.0260e-02
1.6776e+00 5.7860e-02
1.6770e+00 5.4060e-02
1.6765e+00 4.5560e-02
1.6759e+00 4.2070e-02
1.6754e+00 4.9550e-02
1.6749e+00 6.5650e-02
1.6743e+00 7.9050e-02
1.6738e+00 8.0190e-02
1.6732e+00 7.2550e-02
1.6727e+00 6.6800e-02
1.6722e+00 6.9040e-02
1.6716e+00 7.6070e-02
1.6711e+00 8.2270e-02
1.6705e+00 8.4580e-02
1.6700e+00 8.4320e-02
1.6695e+00 8.6940e-02
1.6689e+00 9.0840e-02
1.6684e+00 8.9220e-02
1.6679e+00 8.0030e-02
1.6673e+00 6.5590e-02
1.6668e+00 5.5850e-02
1.6663e+00 5.8100e-02
1.6657e+00 6.5040e-02
1.6652e+00 6.7520e-02
1.6646e+00 6.3850e-02
1.6641e+00 6.4070e-02
1.6636e+00 7.0890e-02
1.6630e+00 7.7040e-02
1.6625e+00 7.7160e-02
1.6620e+00 7.0770e-02
1.6614e+00 6.7710e-02
1.6609e+00 6.4240e-02
1.6604e+00 5.5730e-02
1.6599e+00 5.3250e-02
1.6593e+00 5.9170e-02
1.6588e+00 6.3120e-02
1.6583e+00 6.2450e-02
1.6577e+00 6.2970e-02
1.6572e+00 7.0140e-02
1.6567e+00 8.1550e-02
1.6561e+00 8.7400e-02
1.6556e+00 8.4340e-02
1.6551e+00 7.8010e-02
1.6546e+00 6.6180e-02
1.6540e+00 5.7660e-02
1.6535e+00 5.9340e-02
1.6530e+00 6.3360e-02
1.6524e+00 6.5960e-02
1.6519e+00 6.8090e-02
1.6514e+00 7.2760e-02
1.6509e+00 7.9470e-02
1.6503e+00 7.9800e-02
1.6498e+00 7.6230e-02
1.6493e+00 7.8980e-02
1.6488e+00 8.3300e-02
1.6482e+00 8.0420e-02
1.6477e+00 7.3520e-02
1.6472e+00 7.0600e-02
1.6467e+00 7.2830e-02
1.6462e+00 8.1530e-02
1.6456e+00 9.3880e-02
1.6451e+00 9.4540e-02
1.6446e+00 7.7990e-02
1.6441e+00 5.7870e-02
1.6435e+00 5.1900e-02
1.6430e+00 5.8430e-02
1.6425e+00 5.8270e-02
1.6420e+00 5.3020e-02
1.6415e+00 5.7680e-02
1.6409e+00 7.4150e-02
1.6404e+00 8.2600e-02
1.6399e+00 7.2690e-02
1.6394e+00 5.6780e-02
1.6389e+00 5.4640e-02
1.6383e+00 6.4270e-02
1.6378e+00 7.3800e-02
1.6373e+00 7.8880e-02
1.6368e+00 7.6830e-02
1.6363e+00 7.2680e-02
1.6358e+00 7.7840e-02
1.6352e+00 8.2620e-02
1.6347e+00 7.0990e-02
1.6342e+00 5.6690e-02
1.6337e+00 5.8780e-02
1.6332e+00 6.9910e-02
1.6327e+00 7.4130e-02
1.6322e+00 7.2740e-02
1.6316e+00 7.5090e-02
1.6311e+00 7.4050e-02
1.6306e+00 6.9580e-02
1.6301e+00 7.2710e-02
1.6296e+00 7.6270e-02
1.6291e+00 7.6830e-02
1.6286e+00 7.1810e-02
1.6281e+00 6.3290e-02
1.6276e+00 6.5290e-02
1.6270e+00 7.8850e-02
1.6265e+00 8.3500e-02
1.6260e+00 7.3250e-02
1.6255e+00 6.6690e-02
1.6250e+00 7.1550e-02
1.6245e+00 7.5580e-02
1.6240e+00 7.1910e-02
1.6235e+00 6.6690e-02
1.6230e+00 6.5140e-02
1.6225e+00 6.7690e-02
1.6220e+00 7.2060e-02
1.6214e+00 7.0540e-02
1.6209e+00 6.4750e-02
1.6204e+00 5.8520e-02
1.6199e+00 5.6420e-02
1.6194e+00 6.3080e-02
1.6189e+00 6.8890e-02
1.6184e+00 6.7720e-02
1.6179e+00 6.1930e-02
1.6174e+00 5.7000e-02
1.6169e+00 6.2380e-02
1.6164e+00 7.4170e-02
1.6159e+00 7.8930e-02
1.6154e+00 7.3860e-02
1.6149e+00 6.5010e-02
1.6144e+00 5.7500e-02
1.6139e+00 5.5550e-02
1.6134e+00 7.1250e-02
1.6129e+00 8.7300e-02
1.6124e+00 8.4620e-02
1.6119e+00 6.7930e-02
1.6114e+00 5.9790e-02
1.6109e+00 6.3630e-02
1.6104e+00 6.2190e-02
1.6099e+00 5.5890e-02
1.6094e+00 5.5340e-02
1.6089e+00 6.2780e-02
1.6084e+00 6.8400e-02
1.6079e+00 6.2770e-02
1.6074e+00 5.5280e-02
1.6069e+00 5.6120e-02
1.6064e+00 6.1710e-02
1.6059e+00 6.7340e-02
1.6054e+00 7.0210e-02
1.6049e+00 6.1570e-02
1.6044e+00 5.6010e-02
1.6039e+00 6.3380e-02
1.6034e+00 7.6840e-02
1.6029e+00 8.2380e-02
1.6024e+00 7.4020e-02
1.6019e+00 6.7560e-02
1.6014e+00 6.8110e-02
1.6009e+00 6.2150e-02
1.6004e+00 5.6700e-02
1.5999e+00 6.5760e-02
1.5994e+00 7.8330e-02
1.5989e+00 7.8620e-02
1.5985e+00 6.5530e-02
1.5980e+00 5.5920e-02
1.5975e+00 5.2960e-02
1.5970e+00 5.2800e-02
1.5965e+00 5.1200e-02
1.5960e+00 4.9290e-02
1.5955e+00 4.7570e-02
1.5950e+00 4.3720e-02
1.5945e+00 5.6540e-02
1.5940e+00 7.0890e-02
1.5935e+00 7.6680e-02
1.5930e+00 7.6540e-02
1.5926e+00 7.6200e-02
1.5921e+00 7.6160e-02
1.5916e+00 7.2520e-02
1.5911e+00 6.7090e-02
1.5906e+00 6.2250e-02
1.5901e+00 6.2600e-02
1.5896e+00 7.7930e-02
1.5891e+00 8.4090e-02
1.5887e+00 7.4670e-02
1.5882e+00 6.3660e-02
1.5877e+00 5.9220e-02
1.5872e+00 5.7470e-02
1.5867e+00 5.4230e-02
1.5862e+00 5.2290e-02
1.5857e+00 4.7780e-02
1.5853e+00 4.7890e-02
1.5848e+00 5.6970e-02
1.5843e+00 7.1500e-02
1.5838e+00 8.0080e-02
1.5833e+00 8.1200e-02
1.5828e+00 7.7780e-02
1.5824e+00 6.8480e-02
1.5819e+00 5.1050e-02
1.5814e+00 4.7300e-02
1.5809e+00 5.9560e-02
1.5804e+00 5.8930e-02
1.5799e+00 5.5640e-02
1.5795e+00 5.0760e-02
1.5790e+00 4.2240e-02
1.5785e+00 4.0730e-02
1.5780e+00 4.2790e-02
1.5775e+00 5.1820e-02
1.5771e+00 6.0780e-02
1.5766e+00 6.8430e-02
1.5761e+00 8.4260e-02
1.5756e+00 9.5370e-02
1.5751e+00 8.4400e-02
1.5747e+00 6.4020e-02
1.5742e+00 6.1390e-02
1.5737e+00 6.6680e-02
1.5732e+00 7.1320e-02
1.5728e+00 6.8730e-02
1.5723e+00 5.8870e-02
1.5718e+00 5.8620e-02
1.5713e+00 6.6870e-02
1.5709e+00 7.8920e-02
1.5704e+00 7.5280e-02
1.5699e+00 6.3570e-02
1.5694e+00 6.5460e-02
1.5689e+00 6.9560e-02
1.5685e+00 6.7460e-02
1.5680e+00 6.5440e-02
1.5675e+00 6.5920e-02
1.5671e+00 6.3130e-02
1.5666e+00 7.1930e-02
1.5661e+00 8.5120e-02
1.5656e+00 7.7070e-02
1.5652e+00 5.6270e-02
1.5647e+00 4.7890e-02
1.5642e+00 5.1260e-02
1.5637e+00 7.1820e-02
1.5633e+00 7.4390e-02
1.5628e+00 6.6150e-02
1.5623e+00 6.2340e-02
1.5619e+00 5.9500e-02
1.5614e+00 4.8250e-02
1.5609e+00 3.4010e-02
1.5605e+00 4.0920e-02
1.5600e+00 3.2950e-02
1.5595e+00 3.1860e-02
1.5590e+00 3.1390e-02
1.5586e+00 3.9500e-02
1.5581e+00 4.2140e-02
1.5576e+00 5.3060e-02
1.5572e+00 7.2200e-02
1.5567e+00 7.9100e-02
1.5562e+00 7.4700e-02
1.5558e+00 7.0700e-02
1.5553e+00 6.8260e-02
1.5548e+00 6.9270e-02
1.5544e+00 7.3370e-02
1.5539e+00 6.8400e-02
1.5534e+00 6.0130e-02
1.5530e+00 6.1580e-02
1.5525e+00 5.4180e-02
1.5520e+00 4.1900e-02
1.5516e+00 4.4300e-02
1.5511e+00 6.4220e-02
1.5507e+00 7.8360e-02
1.5502e+00 7.2690e-02
1.5497e+00 6.0530e-02
1.5493e+00 5.8120e-02
1.5488e+00 6.3490e-02
1.5483e+00 7.0350e-02
1.5479e+00 6.4650e-02
1.5474e+00 5.2700e-02
1.5470e+00 5.4450e-02
1.5465e+00 6.2780e-02
1.5460e+00 6.4550e-02
1.5456e+00 7.5540e-02
1.5451e+00 8.8850e-02
1.5446e+00 8.4320e-02
1.5442e+00 6.9660e-02
1.5437e+00 6.2350e-02
1.5433e+00 5.8650e-02
1.5428e+00 5.2100e-02
1.5423e+00 5.0670e-02
1.5419e+00 6.1200e-02
1.5414e+00 7.8870e-02
1.5410e+00 9.6180e-02
1.5405e+00 1.0195e-01
1.5401e+00 9.3790e-02
1.5396e+00 8.7570e-02
1.5391e+00 8.2910e-02
1.5387e+00 6.9700e-02
1.5382e+00 5.7650e-02
1.5378e+00 6.2660e-02
1.5373e+00 7.2810e-02
1.5369e+00 5.9060e-02
1.5364e+00 3.7330e-02
1.5360e+00 3.6310e-02
1.5355e+00 3.9030e-02
1.5350e+00 5.2530e-02
1.5346e+00 6.8790e-02
1.5341e+00 7.2870e-02
1.5337e+00 6.9580e-02
1.5332e+00 6.8090e-02
1.5328e+00 6.9220e-02
1.5323e+00 6.0460e-02
1.5319e+00 4.4770e-02
1.5314e+00 3.7450e-02
1.5310e+00 5.3510e-02
1.5305e+00 8.3350e-02
1.5301e+00 8.4440e-02
1.5296e+00 6.8080e-02
1.5292e+00 5.5830e-02
1.5287e+00 5.0850e-02
1.5283e+00 5.1340e-02
1.5278e+00 6.5760e-02
1.5274e+00 7.2110e-02
1.5269e+00 6.9280e-02
1.5265e+00 7.5620e-02
1.5260e+00 8.4590e-02
1.5256e+00 7.8430e-02
1.5251e+00 6.6880e-02
1.5247e+00 6.1600e-02
1.5242e+00 5.7420e-02
1.5238e+00 6.9090e-02
1.5233e+00 7.8370e-02
1.5229e+00 7.9440e-02
1.5224e+00 8.6190e-02
1.5220e+00 8.4980e-02
1.5215e+00 6.7680e-02
1.5211e+00 5.5220e-02
1.5206e+00 6.2160e-02
1.5202e+00 7.9930e-02
1.5197e+00 8.8760e-02
1.5193e+00 8.2820e-02
1.5189e+00 6.6890e-02
1.5184e+00 5.6880e-02
1.5180e+00 6.3860e-02
1.5175e+00 8.4660e-02
1.5171e+00 9.7520e-02
1.5166e+00 8.2750e-02
1.5162e+00 5.8350e-02
1.5157e+00 4.8180e-02
1.5153e+00 5.0160e-02
1.5149e+00 6.1040e-02
1.5144e+00 7.7230e-02
1.5140e+00 8.2500e-02
1.5135e+00 6.3580e-02
1.5131e+00 4.1950e-02
1.5127e+00 3.6390e-02
1.5122e+00 4.5190e-02
1.5118e+00 6.4740e-02
1.5113e+00 6.7940e-02
1.5109e+00 6.6840e-02
1.5105e+00 6.3840e-02
1.5100e+00 5.5740e-02
1.5096e+00 5.6970e-02
1.5091e+00 6.0400e-02
1.5087e+00 6.1080e-02
1.5083e+00 6.5730e-02
1.5078e+00 5.8870e-02
1.5074e+00 5.9620e-02
1.5069e+00 7.5930e-02
1.5065e+00 8.4030e-02
1.5061e+00 7.4360e-02
1.5056e+00 5.9580e-02
1.5052e+00 4.6870e-02
1.5048e+00 4.1870e-02
1.5043e+00 5.6120e-02
1.5039e+00 6.5650e-02
1.5034e+00 5.3270e-02
1.5030e+00 4.4290e-02
1.5026e+00 5.0220e-02
1.5021e+00 5.6860e-02
1.5017e+00 6.7280e-02
1.5013e+00 7.3080e-02
1.5008e+00 7.5130e-02
1.5004e+00 7.5790e-02
1.5000e+00 7.1260e-02
1.4995e+00 6.5540e-02
1.4991e+00 7.0100e-02
1.4987e+00 7.8140e-02
1.4982e+00 6.9060e-02
1.4978e+00 6.3470e-02
1.4974e+00 8.5650e-02
1.4969e+00 1.0834e-01
1.4965e+00 9.5850e-02
1.4961e+00 6.5260e-02
1.4956e+00 4.9230e-02
1.4952e+00 4.0240e-02
1.4948e+00 4.7920e-02
1.4943e+00 5.9460e-02
1.4939e+00 6.7320e-02
1.4935e+00 7.2270e-02
1.4931e+00 7.8630e-02
1.4926e+00 8.7790e-02
1.4922e+00 9.0360e-02
1.4918e+00 8.1820e-02
1.4913e+00 6.7160e-02
1.4909e+00 5.4900e-02
1.4905e+00 5.1280e-02
1.4901e+00 6.5580e-02
1.4896e+00 7.2130e-02
1.4892e+00 6.4070e-02
1.4888e+00 6.5610e-02
1.4883e+00 8.1390e-02
1.4879e+00 9.5470e-02
1.4875e+00 9.0350e-02
1.4871e+00 7.4620e-02
1.4866e+00 8.6880e-02
1.4862e+00 1.0906e-01
1.4858e+00 9.4040e-02
1.4854e+00 5.8190e-02
1.4849e+00 5.8600e-02
1.4845e+00 6.9160e-02
1.4841e+00 8.5620e-02
1.4837e+00 7.8330e-02
1.4832e+00 6.3960e-02
1.4828e+00 6.0760e-02
1.4824e+00 7.3930e-02
1.4820e+00 6.5030e-02
1.4815e+00 4.0760e-02
1.4811e+00 4.2520e-02
1.4807e+00 5.2580e-02
1.4803e+00 5.9970e-02
1.4798e+00 6.4000e-02
1.4794e+00 6.4710e-02
1.4790e+00 6.5960e-02
1.4786e+00 6.5310e-02
1.4782e+00 5.4050e-02
1.4777e+00 4.0060e-02
1.4773e+00 3.3400e-02
1.4769e+00 4.2990e-02
1.4765e+00 5.5120e-02
1.4761e+00 5.9680e-02
1.4756e+00 6.7760e-02
1.4752e+00 7.6230e-02
1.4748e+00 6.8260e-02
1.4744e+00 6.8030e-02
1.4740e+00 9.2420e-02
1.4735e+00 1.0571e-01
1.4731e+00 9.9610e-02
1.4727e+00 9.1270e-02
1.4723e+00 8.5950e-02
1.4719e+00 7.0030e-02
1.4714e+00 5.7470e-02
1.4710e+00 7.6680e-02
1.4706e+00 9.3820e-02
1.4702e+00 8.9490e-02
1.4698e+00 8.1840e-02
1.4694e+00 7.5050e-02
1.4689e+00 7.6930e-02
1.4685e+00 9.4290e-02
1.4681e+00 9.6650e-02
1.4677e+00 7.5320e-02
1.4673e+00 6.5010e-02
1.4669e+00 7.0710e-02
1.4665e+00 7.0380e-02
1.4660e+00 6.8880e-02
1.4656e+00 7.6590e-02
1.4652e+00 7.7470e-02
1.4648e+00 8.7100e-02
1.4644e+00 8.9390e-02
1.4640e+00 8.5930e-02
1.4636e+00 9.0670e-02
1.4631e+00 1.0483e-01
1.4627e+00 1.1260e-01
1.4623e+00 1.0773e-01
1.4619e+00 9.9000e-02
1.4615e+00 8.7420e-02
1.4611e+00 8.0500e-02
1.4607e+00 7.7390e-02
1.4603e+00 6.0420e-02
1.4598e+00 4.2590e-02
1.4594e+00 4.3340e-02
1.4590e+00 5.0080e-02
1.4586e+00 6.8950e-02
1.4582e+00 6.4970e-02
1.4578e+00 4.5550e-02
1.4574e+00 3.7320e-02
1.4570e+00 5.3010e-02
1.4566e+00 6.1300e-02
1.4562e+00 4.7210e-02
1.4557e+00 2.9870e-02
1.4553e+00 4.5480e-02
1.4549e+00 7.3820e-02
1.4545e+00 8.0270e-02
1.4541e+00 6.1060e-02
1.4537e+00 5.5360e-02
1.4533e+00 3.1240e-02
1.4529e+00 3.6870e-02
1.4525e+00 6.5370e-02
1.4521e+00 8.0380e-02
1.4517e+00 6.8940e-02
1.4513e+00 4.1310e-02
1.4509e+00 3.1450e-02
1.4505e+00 5.4740e-02
1.4500e+00 7.9400e-02
1.4496e+00 9.0550e-02
1.4492e+00 7.6440e-02
1.4488e+00 6.6890e-02
1.4484e+00 6.1750e-02
1.4480e+00 6.1960e-02
1.4476e+00 6.3720e-02
1.4472e+00 6.2780e-02
1.4468e+00 5.6270e-02
1.4464e+00 5.4350e-02
1.4460e+00 6.9190e-02
1.4456e+00 9.3670e-02
1.4452e+00 1.0917e-01
1.4448e+00 9.7600e-02
1.4444e+00 8.7300e-02
1.4440e+00 8.3390e-02
1.4436e+00 6.6390e-02
1.4432e+00 5.4540e-02
1.4428e+00 7.2480e-02
1.4424e+00 8.7280e-02
1.4420e+00 9.2420e-02
1.4416e+00 8.1300e-02
1.4412e+00 5.7260e-02
1.4408e+00 5.3380e-02
1.4404e+00 4.0560e-02
1.4400e+00 5.6090e-02
1.4396e+00 5.5480e-02
1.4392e+00 4.4000e-02
1.4388e+00 4.9640e-02
1.4384e+00 4.7440e-02
1.4380e+00 3.7330e-02
1.4376e+00 6.6360e-02
1.4372e+00 1.0068e-01
1.4368e+00 1.1746e-01
1.4364e+00 9.3740e-02
1.4360e+00 8.0940e-02
1.4356e+00 9.1660e-02
1.4352e+00 9.5990e-02
1.4348e+00 8.1100e-02
1.4344e+00 7.7800e-02
1.4340e+00 8.3800e-02
1.4336e+00 7.6310e-02
1.4332e+00 7.7540e-02
1.4328e+00 8.2120e-02
1.4324e+00 8.4510e-02
1.4320e+00 8.5840e-02
1.4316e+00 7.3680e-02
1.4312e+00 7.7350e-02
1.4308e+00 8.4210e-02
1.4304e+00 8.8530e-02
1.4301e+00 7.8590e-02
1.4297e+00 5.4490e-02
1.4293e+00 4.7820e-02
1.4289e+00 6.3120e-02
1.4285e+00 7.7400e-02
1.4281e+00 8.2330e-02
1.4277e+00 7.3370e-02
1.4273e+00 6.2050e-02
1.4269e+00 6.6920e-02
1.4265e+00 6.9550e-02
1.4261e+00 7.4780e-02
1.4257e+00 8.0820e-02
1.4253e+00 7.8320e-02
1.4249e+00 7.6610e-02
1.4246e+00 7.4990e-02
1.4242e+00 8.4190e-02
1.4238e+00 1.0036e-01
1.4234e+00 1.0592e-01
1.4230e+00 9.8610e-02
1.4226e+00 7.9270e-02
1.4222e+00 6.5460e-02
1.4218e+00 6.4470e-02
1.4214e+00 7.5860e-02
1.4210e+00 6.9990e-02
1.4207e+00 5.2580e-02
1.4203e+00 6.0230e-02
1.4199e+00 6.3600e-02
1.4195e+00 6.4290e-02
1.4191e+00 5.9510e-02
1.4187e+00 5.7740e-02
1.4183e+00 5.5600e-02
1.4179e+00 5.7150e-02
1.4175e+00 6.4010e-02
1.4172e+00 8.4950e-02
1.4168e+00 1.1246e-01
1.4164e+00 1.0847e-01
1.4160e+00 1.0139e-01
1.4156e+00 1.0610e-01
1.4152e+00 1.1221e-01
1.4148e+00 1.1407e-01
1.4145e+00 1.0906e-01
1.4141e+00 1.0896e-01
1.4137e+00 1.0523e-01
1.4133e+00 9.5650e-02
1.4129e+00 9.3300e-02
1.4125e+00 9.4730e-02
1.4121e+00 8.7520e-02
1.4118e+00 8.6230e-02
1.4114e+00 8.4190e-02
1.4110e+00 7.7790e-02
1.4106e+00 5.6480e-02
1.4102e+00 3.8160e-02
1.4098e+00 4.0300e-02
1.4095e+00 3.8680e-02
1.4091e+00 6.0580e-02
1.4087e+00 7.0070e-02
1.4083e+00 5.8480e-02
1.4079e+00 5.8130e-02
1.4075e+00 8.1010e-02
1.4072e+00 9.1160e-02
1.4068e+00 8.2870e-02
1.4064e+00 7.8150e-02
1.4060e+00 8.3440e-02
1.4056e+00 8.2100e-02
1.4053e+00 7.4830e-02
1.4049e+00 8.0490e-02
1.4045e+00 9.3610e-02
1.4041e+00 8.3880e-02
1.4037e+00 5.0370e-02
1.4033e+00 2.8780e-02
1.4030e+00 3.8870e-02
1.4026e+00 5.8890e-02
1.4022e+00 6.9470e-02
1.4018e+00 6.7970e-02
1.4015e+00 4.7040e-02
1.4011e+00 5.6420e-02
1.4007e+00 5.8290e-02
1.4003e+00 7.2130e-02
1.3999e+00 1.0272e-01
1.3996e+00 1.0904e-01
1.3992e+00 7.1900e-02
1.3988e+00 3.6640e-02
1.3984e+00 3.0530e-02
1.3981e+00 1.9380e-02
1.3977e+00 4.0130e-02
1.3973e+00 7.5900e-02
1.3969e+00 9.5480e-02
1.3965e+00 9.6050e-02
1.3962e+00 7.3460e-02
1.3958e+00 6.2880e-02
1.3954e+00 6.5070e-02
1.3950e+00 1.0315e-01
1.3947e+00 1.3087e-01
1.3943e+00 1.1420e-01
1.3939e+00 6.4610e-02
1.3935e+00 3.5140e-02
1.3932e+00 3.5760e-02
1.3928e+00 5.1630e-02
1.3924e+00 6.8710e-02
1.3920e+00 7.1430e-02
1.3917e+00 6.9550e-02
1.3913e+00 6.3130e-02
1.3909e+00 5.4710e-02
1.3906e+00 6.4890e-02
1.3902e+00 8.3140e-02
1.3898e+00 9.1780e-02
1.3894e+00 7.3680e-02
1.3891e+00 5.7510e-02
1.3887e+00 1.0967e-01
1.3883e+00 1.3501e-01
1.3879e+00 1.2154e-01
1.3876e+00 8.2800e-02
1.3872e+00 5.6100e-02
1.3868e+00 6.2610e-02
1.3865e+00 8.1260e-02
1.3861e+00 6.8240e-02
1.3857e+00 5.9310e-02
1.3854e+00 5.0790e-02
1.3850e+00 6.8550e-02
1.3846e+00 1.0746e-01
1.3842e+00 1.1649e-01
1.3839e+00 1.1193e-01
1.3835e+00 1.1528e-01
1.3831e+00 9.0750e-02
1.3828e+00 7.3070e-02
1.3824e+00 7.1710e-02
1.3820e+00 1.0158e-01
1.3817e+00 1.3751e-01
1.3813e+00 1.3324e-01
1.3809e+00 1.0200e-01
1.3806e+00 6.5540e-02
1.3802e+00 6.7920e-02
1.3798e+00 8.4150e-02
1.3795e+00 9.4120e-02
1.3791e+00 1.0214e-01
1.3787e+00 1.0317e-01
1.3784e+00 1.1106e-01
1.3780e+00 1.0112e-01
1.3776e+00 8.8240e-02
1.3773e+00 8.7730e-02
1.3769e+00 7.7560e-02
1.3765e+00 7.5820e-02
1.3762e+00 5.0350e-02
1.3758e+00 6.7780e-02
1.3754e+00 9.7650e-02
1.3751e+00 1.1758e-01
1.3747e+00 1.3929e-01
1.3743e+00 9.6070e-02
1.3740e+00 5.6580e-02
1.3736e+00 6.1070e-02
1.3732e+00 8.0750e-02
1.3729e+00 7.2190e-02
1.3725e+00 3.9680e-02
1.3722e+00 3.0810e-02
1.3718e+00 1.3060e-02
1.3714e+00 5.2490e-02
1.3711e+00 9.0420e-02
1.3707e+00 9.2740e-02
1.3703e+00 7.4720e-02
1.3700e+00 5.0710e-02
1.3696e+00 6.8190e-02
1.3693e+00 8.9480e-02
1.3689e+00 7.8930e-02
1.3685e+00 4.3540e-02
1.3682e+00 1.1960e-02
1.3678e+00 3.0360e-02
1.3675e+00 3.8670e-02
1.3671e+00 5.3740e-02
1.3667e+00 4.7060e-02
1.3664e+00 3.3630e-02
1.3660e+00 6.1340e-02
1.3657e+00 1.1468e-01
1.3653e+00 1.4271e-01
1.3649e+00 1.3828e-01
1.3646e+00 9.6250e-02
1.3642e+00 7.0350e-02
1.3639e+00 6.7850e-02
1.3635e+00 8.0860e-02
1.3631e+00 1.2342e-01
1.3628e+00 1.5709e-01
1.3624e+00 1.5495e-01
1.3621e+00 1.3193e-01
1.3617e+00 9.2380e-02
1.3613e+00 7.1240e-02
1.3610e+00 9.2490e-02
1.3606e+00 9.3720e-02
1.3603e+00 6.9630e-02
1.3599e+00 8.3160e-02
1.3596e+00 1.0145e-01
1.3592e+00 7.3960e-02
1.3589e+00 4.9430e-02
1.3585e+00 7.7380e-02
1.3581e+00 1.1142e-01
1.3578e+00 1.0132e-01
1.3574e+00 7.3950e-02
1.3571e+00 5.9710e-02
1.3567e+00 7.5460e-02
1.3564e+00 1.1651e-01
1.3560e+00 1.5427e-01
1.3557e+00 1.5318e-01
1.3553e+00 1.0862e-01
1.3549e+00 6.0730e-02
1.3546e+00 5.9110e-02
1.3542e+00 8.3050e-02
1.3539e+00 9.9320e-02
1.3535e+00 8.8990e-02
1.3532e+00 9.8740e-02
1.3528e+00 1.1192e-01
1.3525e+00 1.0779e-01
1.3521e+00 1.2408e-01
1.3518e+00 1.0609e-01
1.3514e+00 4.2800e-02
1.3511e+00 6.5920e-02
1.3507e+00 8.2940e-02
1.3504e+00 7.5720e-02
1.3500e+00 5.0750e-02
1.3497e+00 6.9990e-02
1.3493e+00 1.0129e-01
1.3490e+00 9.8630e-02
1.3486e+00 1.0132e-01
1.3483e+00 1.1170e-01
1.3479e+00 9.7170e-02
1.3476e+00 8.9570e-02
1.3472e+00 1.0774e-01
1.3469e+00 1.1556e-01
1.3465e+00 9.4570e-02
1.3462e+00 6.0990e-02
1.3458e+00 4.2560e-02
1.3455e+00 4.7400e-02
1.3451e+00 5.2030e-02
1.3448e+00 4.3370e-02
1.3444e+00 4.7780e-02
1.3441e+00 6.9770e-02
1.3437e+00 8.3840e-02
1.3434e+00 7.8860e-02
1.3430e+00 5.2990e-02
1.3427e+00 2.0060e-02
1.3423e+00 2.8660e-02
1.3420e+00 5.4590e-02
1.3416e+00 7.5940e-02
1.3413e+00 9.0440e-02
1.3409e+00 1.0215e-01
1.3406e+00 7.6370e-02
1.3402e+00 4.8830e-02
1.3399e+00 8.3280e-02
1.3395e+00 6.2720e-02
1.3392e+00 5.0950e-02
1.3389e+00 9.5550e-02
1.3385e+00 1.2229e-01
1.3382e+00 1.0831e-01
1.3378e+00 8.0260e-02
1.3375e+00 1.0407e-01
1.3371e+00 1.0116e-01
1.3368e+00 5.3120e-02
1.3364e+00 3.9320e-02
1.3361e+00 7.6820e-02
1.3357e+00 6.9470e-02
1.3354e+00 6.8890e-02
1.3351e+00 7.2590e-02
1.3347e+00 9.4760e-02
1.3344e+00 1.1882e-01
1.3340e+00 1.1359e-01
1.3337e+00 1.0167e-01
