2.87054407 0.00033793 1.05503466e-02 2.08960841e-04 
2.87121992 0.00033792 1.06682736e-02 2.07910847e-04 
2.87189576 0.00033790 1.06363828e-02 2.07558524e-04 
2.87257156 0.00033790 1.02014676e-02 2.07208007e-04 
2.87324736 0.00033790 1.07374018e-02 2.06859263e-04 
2.87392316 0.00033791 1.01950764e-02 2.06512271e-04 
2.87459897 0.00033792 1.04187414e-02 2.06167015e-04 
2.87527481 0.00033792 1.07906943e-02 2.05823469e-04 
2.87595065 0.00033792 1.08369019e-02 2.05481632e-04 
2.87662649 0.00033791 1.05328465e-02 2.05141497e-04 
2.87730231 0.00033789 1.02114057e-02 2.04803054e-04 
2.87797810 0.00033789 1.03270927e-02 2.04466294e-04 
2.87865389 0.00033789 1.08374647e-02 2.04131189e-04 
2.87932967 0.00033789 1.05081751e-02 2.03797731e-04 
2.88000545 0.00033788 1.02325747e-02 2.03465835e-04 
2.88068122 0.00033788 1.09375591e-02 2.03125580e-04 
2.88135698 0.00033788 1.04190755e-02 2.02774687e-04 
2.88203275 0.00033788 1.02067192e-02 2.02425526e-04 
2.88270850 0.00033787 1.07356826e-02 2.02078167e-04 
2.88338425 0.00033787 1.02151633e-02 2.01732593e-04 
2.88405999 0.00033787 1.08003892e-02 2.01388787e-04 
2.88473574 0.00033785 1.04993753e-02 2.01046735e-04 
2.88541144 0.00033785 1.06809518e-02 2.00706437e-04 
2.88608713 0.00033785 1.05038611e-02 2.00367871e-04 
2.88676282 0.00033785 1.06450658e-02 2.00031008e-04 
2.88743852 0.00033787 1.06569828e-02 1.99695837e-04 
2.88811425 0.00033787 1.04886073e-02 1.99362325e-04 
2.88878998 0.00033787 1.08746717e-02 1.99030480e-04 
2.88946571 0.00033786 1.05631369e-02 1.98700286e-04 
2.89014144 0.00033784 1.06402568e-02 1.98371740e-04 
2.89081712 0.00033784 1.04678866e-02 1.98044831e-04 
2.89149280 0.00033784 1.09018047e-02 1.97719535e-04 
2.89216848 0.00033784 1.06630031e-02 1.97395835e-04 
2.89284415 0.00033783 1.10224605e-02 1.97073722e-04 
2.89351981 0.00033783 1.06363180e-02 1.96753189e-04 
2.89419547 0.00033783 1.03853478e-02 1.96434215e-04 
2.89487113 0.00033782 1.08333752e-02 1.96116890e-04 
2.89554678 0.00033782 1.03327498e-02 1.95816813e-04 
2.89622242 0.00033782 1.05385017e-02 1.95518784e-04 
2.89689806 0.00033782 1.07472989e-02 1.95222113e-04 
2.89757370 0.00033780 1.07300472e-02 1.94926788e-04 
2.89824930 0.00033779 1.07633536e-02 1.94632821e-04 
2.89892489 0.00033779 1.03409374e-02 1.94340182e-04 
2.89960047 0.00033779 1.04591352e-02 1.94048895e-04 
2.90027606 0.00033781 1.06221061e-02 1.93764249e-04 
2.90095167 0.00033781 1.04159299e-02 1.93488481e-04 
2.90162730 0.00033781 1.05096831e-02 1.93213926e-04 
2.90230292 0.00033781 1.03641201e-02 1.92940545e-04 
2.90297855 0.00033779 1.06153741e-02 1.92668321e-04 
2.90365413 0.00033779 1.04894278e-02 1.92397260e-04 
2.90432970 0.00033779 1.07760706e-02 1.92127339e-04 
2.90500527 0.00033779 9.98929990e-03 1.91858558e-04 
2.90568085 0.00033778 1.08408861e-02 1.91590895e-04 
2.90635640 0.00033778 1.04659495e-02 1.91324361e-04 
2.90703195 0.00033778 1.07180882e-02 1.91058942e-04 
2.90770750 0.00033777 1.09228053e-02 1.90794616e-04 
2.90838305 0.00033777 1.06172722e-02 1.90531386e-04 
2.90905858 0.00033777 1.07161290e-02 1.90269764e-04 
2.90973411 0.00033777 1.04939206e-02 1.90086026e-04 
2.91040964 0.00033776 1.06754203e-02 1.89985598e-04 
2.91108517 0.00033775 1.06642618e-02 1.89885878e-04 
2.91176068 0.00033775 1.05382390e-02 1.89786315e-04 
2.91243619 0.00033775 1.02676573e-02 1.89686909e-04 
2.91311170 0.00033774 1.06333401e-02 1.89587658e-04 
2.91378718 0.00033773 1.09782425e-02 1.89488564e-04 
2.91446265 0.00033773 1.06665261e-02 1.89389634e-04 
2.91513812 0.00033773 1.04941422e-02 1.89290858e-04 
2.91581358 0.00033775 1.04036923e-02 1.89192230e-04 
2.91648908 0.00033775 1.01968915e-02 1.89093754e-04 
2.91716459 0.00033775 1.05695157e-02 1.88995431e-04 
2.91784010 0.00033775 1.07654460e-02 1.88897269e-04 
2.91851560 0.00033773 1.08660399e-02 1.88799252e-04 
2.91919107 0.00033773 1.04676070e-02 1.88701389e-04 
2.91986652 0.00033773 1.03014760e-02 1.88603687e-04 
2.92054198 0.00033773 1.05913598e-02 1.88506136e-04 
2.92121743 0.00033772 1.05810024e-02 1.88408736e-04 
2.92189287 0.00033772 1.01712113e-02 1.88311488e-04 
2.92256830 0.00033772 1.06451024e-02 1.88214390e-04 
2.92324374 0.00033772 1.10413585e-02 1.88117443e-04 
2.92391917 0.00033771 1.06986967e-02 1.88020856e-04 
2.92459458 0.00033771 1.06214051e-02 1.87956132e-04 
2.92527000 0.00033771 1.05654565e-02 1.87891914e-04 
2.92594541 0.00033770 1.02126566e-02 1.87827763e-04 
2.92662081 0.00033768 1.06524532e-02 1.87763685e-04 
2.92729617 0.00033768 1.04219322e-02 1.87699667e-04 
2.92797153 0.00033768 1.04030824e-02 1.87635714e-04 
2.92864689 0.00033769 1.04775400e-02 1.87571833e-04 
2.92932227 0.00033770 1.06567846e-02 1.87508010e-04 
2.92999767 0.00033770 1.05707156e-02 1.87444258e-04 
2.93067307 0.00033770 1.06381138e-02 1.87380565e-04 
2.93134847 0.00033768 1.08146009e-02 1.87316935e-04 
2.93202384 0.00033767 1.03510732e-02 1.87253373e-04 
2.93269919 0.00033767 1.07090566e-02 1.87189882e-04 
2.93337453 0.00033767 1.08663017e-02 1.87126449e-04 
2.93404988 0.00033767 1.05419737e-02 1.87063087e-04 
2.93472522 0.00033766 1.02831791e-02 1.86999791e-04 
2.93540054 0.00033766 1.04592481e-02 1.86936552e-04 
2.93607587 0.00033766 1.03612235e-02 1.86873383e-04 
2.93675120 0.00033765 1.06937318e-02 1.86810279e-04 
2.93742651 0.00033765 1.08674304e-02 1.86747239e-04 
2.93810181 0.00033765 1.03286838e-02 1.86683672e-04 
2.93877712 0.00033765 1.06405598e-02 1.86531698e-04 
2.93945242 0.00033763 1.07142207e-02 1.86292486e-04 
2.94012768 0.00033763 1.03794951e-02 1.86053632e-04 
2.94080293 0.00033763 1.08732963e-02 1.85815696e-04 
2.94147818 0.00033763 1.03735419e-02 1.85578669e-04 
2.94215344 0.00033765 1.03530016e-02 1.85342540e-04 
2.94282874 0.00033765 1.06238918e-02 1.85107306e-04 
2.94350403 0.00033765 1.08033575e-02 1.84872959e-04 
2.94417932 0.00033764 1.05463185e-02 1.84639505e-04 
2.94485460 0.00033762 1.04263232e-02 1.84406937e-04 
2.94552984 0.00033762 1.05538434e-02 1.84175255e-04 
2.94620508 0.00033762 1.05376871e-02 1.83944444e-04 
2.94688033 0.00033762 1.07315899e-02 1.83714498e-04 
2.94755556 0.00033761 1.06235164e-02 1.83485420e-04 
2.94823078 0.00033761 1.06473452e-02 1.83257198e-04 
2.94890600 0.00033761 1.04775848e-02 1.83029826e-04 
2.94958122 0.00033760 1.04330584e-02 1.82803297e-04 
2.95025642 0.00033759 1.06939540e-02 1.82577611e-04 
2.95093161 0.00033759 1.03598343e-02 1.82352765e-04 
2.95160680 0.00033759 1.06067281e-02 1.82128748e-04 
2.95228198 0.00033758 1.05415138e-02 1.81905563e-04 
2.95295714 0.00033757 1.02844154e-02 1.81684532e-04 
2.95363228 0.00033757 1.06313251e-02 1.81566934e-04 
2.95430743 0.00033757 1.03022184e-02 1.81450253e-04 
2.95498258 0.00033759 1.06127110e-02 1.81333796e-04 
2.95565776 0.00033759 1.04628744e-02 1.81217561e-04 
2.95633295 0.00033759 1.05173865e-02 1.81101542e-04 
2.95700813 0.00033759 1.04638788e-02 1.80985746e-04 
2.95768331 0.00033756 1.06548412e-02 1.80870179e-04 
2.95835844 0.00033756 1.07048272e-02 1.80754835e-04 
2.95903356 0.00033756 1.07758571e-02 1.80639714e-04 
2.95970869 0.00033756 1.08813640e-02 1.80524816e-04 
2.96038380 0.00033755 1.04288613e-02 1.80410133e-04 
2.96105891 0.00033755 1.09793634e-02 1.80295674e-04 
2.96173401 0.00033755 1.05209056e-02 1.80181428e-04 
2.96240911 0.00033755 1.06586424e-02 1.80067404e-04 
2.96308421 0.00033754 1.04075094e-02 1.79953598e-04 
2.96375929 0.00033754 1.05620286e-02 1.79840006e-04 
2.96443437 0.00033754 1.03903738e-02 1.79726630e-04 
2.96510945 0.00033753 1.05611468e-02 1.79613468e-04 
2.96578452 0.00033753 1.07705975e-02 1.79500522e-04 
2.96645958 0.00033753 1.08937418e-02 1.79387794e-04 
2.96713464 0.00033753 1.05770791e-02 1.79275422e-04 
2.96780970 0.00033751 1.04479994e-02 1.79185587e-04 
2.96848473 0.00033750 1.02536066e-02 1.79117588e-04 
2.96915973 0.00033750 1.08007405e-02 1.79049811e-04 
2.96983474 0.00033750 1.05322323e-02 1.78982109e-04 
2.97050975 0.00033752 1.04223984e-02 1.78914492e-04 
2.97118479 0.00033752 1.04814114e-02 1.78846937e-04 
2.97185984 0.00033752 1.02474629e-02 1.78779464e-04 
2.97253488 0.00033752 1.10690504e-02 1.78712068e-04 
2.97320993 0.00033750 1.02270287e-02 1.78644747e-04 
2.97388493 0.00033750 1.06142594e-02 1.78577505e-04 
2.97455992 0.00033750 1.06632010e-02 1.78510339e-04 
2.97523492 0.00033750 1.02867337e-02 1.78443254e-04 
2.97590991 0.00033749 1.00413234e-02 1.78376239e-04 
2.97658489 0.00033749 1.03390720e-02 1.78309301e-04 
2.97725986 0.00033749 1.08901048e-02 1.78242443e-04 
2.97793483 0.00033748 1.05738129e-02 1.78175655e-04 
2.97860980 0.00033748 1.06782841e-02 1.78108948e-04 
2.97928476 0.00033748 1.05028496e-02 1.78042316e-04 
2.97995971 0.00033748 1.05031832e-02 1.77975753e-04 
2.98063466 0.00033746 1.08445676e-02 1.77909271e-04 
2.98130959 0.00033745 1.08140631e-02 1.77842864e-04 
2.98198449 0.00033745 1.02509873e-02 1.77776837e-04 
2.98265939 0.00033745 1.04356406e-02 1.77739960e-04 
2.98333429 0.00033746 1.07020906e-02 1.77703305e-04 
2.98400922 0.00033747 1.04679827e-02 1.77666665e-04 
2.98468416 0.00033747 1.02804510e-02 1.77630053e-04 
2.98535910 0.00033747 1.07910538e-02 1.77593459e-04 
2.98603404 0.00033745 1.08296168e-02 1.77556887e-04 
2.98670894 0.00033744 1.05386897e-02 1.77520344e-04 
2.98738383 0.00033744 1.07795341e-02 1.77483819e-04 
2.98805872 0.00033744 1.03510470e-02 1.77447321e-04 
2.98873361 0.00033743 1.01021625e-02 1.77410841e-04 
2.98940848 0.00033743 1.03545709e-02 1.77374390e-04 
2.99008334 0.00033743 1.08847735e-02 1.77337955e-04 
2.99075821 0.00033743 1.06584875e-02 1.77301547e-04 
2.99143308 0.00033742 1.04651734e-02 1.77265163e-04 
2.99210792 0.00033742 1.05941893e-02 1.77228795e-04 
2.99278277 0.00033742 1.04135791e-02 1.77192457e-04 
2.99345762 0.00033742 1.06995473e-02 1.77156141e-04 
2.99413245 0.00033740 1.06844309e-02 1.77119846e-04 
2.99480725 0.00033740 1.08541587e-02 1.77083575e-04 
2.99548204 0.00033740 1.08905831e-02 1.77047327e-04 
2.99615683 0.00033740 1.06781454e-02 1.77011262e-04 
2.99683164 0.00033742 1.03454176e-02 1.76999746e-04 
2.99750647 0.00033742 1.06713027e-02 1.77013094e-04 
2.99818131 0.00033742 1.04594086e-02 1.77026613e-04 
2.99885614 0.00033740 1.05547634e-02 1.77040130e-04 
2.99953095 0.00033739 1.06349869e-02 1.77053676e-04 
3.00020573 0.00033739 1.03594451e-02 1.77070323e-04 
3.00088051 0.00033739 1.03999080e-02 1.77093960e-04 
3.00155530 0.00033738 1.07821282e-02 1.77117651e-04 
3.00223006 0.00033738 1.04993183e-02 1.77141357e-04 
3.00290481 0.00033738 1.06764547e-02 1.77165066e-04 
3.00357956 0.00033738 1.04895551e-02 1.77188790e-04 
3.00425431 0.00033737 1.05573763e-02 1.77212518e-04 
3.00492904 0.00033736 1.06842684e-02 1.77236256e-04 
3.00560377 0.00033736 1.04924838e-02 1.77260009e-04 
3.00627850 0.00033736 1.07216831e-02 1.77283766e-04 
3.00695323 0.00033734 1.03264514e-02 1.77307532e-04 
3.00762791 0.00033734 1.05648899e-02 1.77331308e-04 
3.00830258 0.00033734 1.03605381e-02 1.77355093e-04 
3.00897726 0.00033734 1.05338730e-02 1.77378888e-04 
3.00965194 0.00033736 1.05892269e-02 1.77402692e-04 
3.01032665 0.00033736 1.05785678e-02 1.77426506e-04 
3.01100137 0.00033736 1.08243927e-02 1.77450661e-04 
3.01167608 0.00033735 1.05657046e-02 1.77523951e-04 
3.01235079 0.00033733 1.05288803e-02 1.77598379e-04 
3.01302545 0.00033733 1.06538847e-02 1.77672895e-04 
3.01370012 0.00033733 1.04261200e-02 1.77747511e-04 
3.01437478 0.00033733 1.06661501e-02 1.77822215e-04 
3.01504944 0.00033732 1.06463521e-02 1.77897019e-04 
3.01572408 0.00033732 1.04416596e-02 1.77971911e-04 
3.01639873 0.00033732 1.04805371e-02 1.78046898e-04 
3.01707337 0.00033732 1.04555644e-02 1.78121980e-04 
3.01774800 0.00033731 1.07203381e-02 1.78197156e-04 
3.01842262 0.00033731 1.06920223e-02 1.78272428e-04 
3.01909725 0.00033731 1.05326014e-02 1.78347794e-04 
3.01977187 0.00033730 1.04852998e-02 1.78423256e-04 
3.02044648 0.00033730 1.07080656e-02 1.78498814e-04 
3.02112108 0.00033730 1.03052488e-02 1.78574462e-04 
3.02179568 0.00033730 1.05783342e-02 1.78650213e-04 
3.02247028 0.00033728 1.03531178e-02 1.78726052e-04 
3.02314483 0.00033727 1.06577817e-02 1.78801988e-04 
3.02381938 0.00033727 1.04861743e-02 1.78878022e-04 
3.02449393 0.00033727 1.05088521e-02 1.78954151e-04 
3.02516848 0.00033729 1.03912380e-02 1.79030723e-04 
3.02584306 0.00033729 1.04370066e-02 1.79159573e-04 
3.02651765 0.00033729 1.07409711e-02 1.79347467e-04 
3.02719224 0.00033729 1.04026886e-02 1.79536343e-04 
3.02786682 0.00033726 1.04739527e-02 1.79725823e-04 
3.02854135 0.00033726 1.05948683e-02 1.79915881e-04 
3.02921587 0.00033726 1.03776877e-02 1.80106542e-04 
3.02989040 0.00033726 1.04834321e-02 1.80297812e-04 
3.03056492 0.00033725 1.08910519e-02 1.80489691e-04 
3.03123942 0.00033725 1.05947157e-02 1.80682183e-04 
3.03191393 0.00033725 1.03090601e-02 1.80875285e-04 
3.03258843 0.00033725 1.03437786e-02 1.81069015e-04 
3.03326293 0.00033724 1.06225016e-02 1.81263361e-04 
3.03393741 0.00033724 1.07276103e-02 1.81458334e-04 
3.03461189 0.00033724 1.07376367e-02 1.81653936e-04 
3.03528638 0.00033723 1.04266474e-02 1.81850173e-04 
3.03596083 0.00033721 1.05743811e-02 1.82047038e-04 
3.03663526 0.00033721 1.08093112e-02 1.82244535e-04 
3.03730969 0.00033721 1.04584806e-02 1.82442676e-04 
3.03798412 0.00033723 1.05037472e-02 1.82641465e-04 
3.03865858 0.00033724 1.05789257e-02 1.82840913e-04 
3.03933305 0.00033724 1.08696237e-02 1.83041019e-04 
3.04000752 0.00033724 1.02258519e-02 1.83240056e-04 
3.04068199 0.00033721 1.07102704e-02 1.83180762e-04 
3.04135642 0.00033721 1.07025613e-02 1.83106726e-04 
3.04203084 0.00033721 1.07726788e-02 1.83032697e-04 
3.04270525 0.00033721 1.04416150e-02 1.82958758e-04 
3.04337967 0.00033720 1.06813167e-02 1.82884909e-04 
3.04405407 0.00033720 1.08172406e-02 1.82811150e-04 
3.04472847 0.00033720 1.07486619e-02 1.82737481e-04 
3.04540287 0.00033720 1.02236020e-02 1.82663899e-04 
3.04607726 0.00033719 1.05605003e-02 1.82590407e-04 
3.04675164 0.00033719 1.07709589e-02 1.82517004e-04 
3.04742602 0.00033719 1.02800387e-02 1.82443691e-04 
3.04810039 0.00033718 1.07118025e-02 1.82370465e-04 
3.04877475 0.00033716 1.07500671e-02 1.82297334e-04 
3.04944908 0.00033716 1.05936784e-02 1.82224287e-04 
3.05012340 0.00033716 1.04863915e-02 1.82151333e-04 
3.05079772 0.00033717 1.01855419e-02 1.82078468e-04 
3.05147206 0.00033718 1.07962401e-02 1.82005688e-04 
3.05214641 0.00033718 1.03374978e-02 1.81932990e-04 
3.05282076 0.00033718 1.05139555e-02 1.81860385e-04 
3.05349512 0.00033716 1.04622372e-02 1.81787859e-04 
3.05416944 0.00033715 1.03866101e-02 1.81715829e-04 
3.05484374 0.00033715 1.04647430e-02 1.81704264e-04 
3.05551804 0.00033715 1.08271031e-02 1.81772881e-04 
3.05619235 0.00033714 1.06982407e-02 1.81842112e-04 
3.05686663 0.00033714 1.06225530e-02 1.81911420e-04 
3.05754091 0.00033714 1.08351040e-02 1.81980808e-04 
3.05821519 0.00033714 1.05515512e-02 1.82050276e-04 
3.05888947 0.00033713 1.03518447e-02 1.82119817e-04 
3.05956374 0.00033713 1.05638017e-02 1.82189443e-04 
3.06023799 0.00033713 1.04728527e-02 1.82259143e-04 
3.06091225 0.00033713 1.05349079e-02 1.82328929e-04 
3.06158651 0.00033710 1.02999755e-02 1.82398789e-04 
3.06226072 0.00033710 1.07899883e-02 1.82468728e-04 
3.06293492 0.00033710 1.06408363e-02 1.82538748e-04 
3.06360913 0.00033711 1.03859054e-02 1.82608847e-04 
3.06428334 0.00033712 1.03614305e-02 1.82679028e-04 
3.06495759 0.00033712 1.07138450e-02 1.82749291e-04 
3.06563183 0.00033712 1.04994143e-02 1.82819642e-04 
3.06630608 0.00033711 1.05657284e-02 1.82890068e-04 
3.06698031 0.00033709 1.06424269e-02 1.82960574e-04 
3.06765449 0.00033709 1.04626659e-02 1.83031161e-04 
3.06832868 0.00033709 1.04030399e-02 1.83101824e-04 
3.06900286 0.00033709 1.05523958e-02 1.83172865e-04 
3.06967704 0.00033708 1.07836091e-02 1.83287419e-04 
3.07035120 0.00033708 1.06574684e-02 1.83407214e-04 
3.07102536 0.00033708 1.07294732e-02 1.83527271e-04 
3.07169953 0.00033708 1.12453576e-02 1.83647570e-04 
3.07237368 0.00033707 1.02473344e-02 1.83768099e-04 
3.07304782 0.00033707 1.05965472e-02 1.83888866e-04 
3.07372196 0.00033707 1.08655542e-02 1.84009877e-04 
3.07439610 0.00033706 1.05385088e-02 1.84131122e-04 
3.07507023 0.00033706 1.04169568e-02 1.84252604e-04 
3.07574435 0.00033706 1.04821959e-02 1.84374328e-04 
3.07641847 0.00033706 1.05162807e-02 1.84496287e-04 
3.07709259 0.00033704 1.07063374e-02 1.84618495e-04 
3.07776666 0.00033703 1.03624038e-02 1.84740936e-04 
3.07844073 0.00033703 1.04649880e-02 1.84863621e-04 
3.07911480 0.00033703 1.05630123e-02 1.84986545e-04 
3.07978886 0.00033705 1.04837780e-02 1.85109720e-04 
3.08046297 0.00033705 1.07215312e-02 1.85233150e-04 
3.08113708 0.00033705 1.04908363e-02 1.85356821e-04 
3.08181119 0.00033705 1.05634497e-02 1.85480747e-04 
3.08248529 0.00033702 1.06375161e-02 1.85604915e-04 
3.08315933 0.00033702 1.06552347e-02 1.85729308e-04 
3.08383338 0.00033702 1.04846229e-02 1.85851087e-04 
3.08450742 0.00033702 1.03322448e-02 1.85968274e-04 
3.08518146 0.00033701 1.06975569e-02 1.86085653e-04 
3.08585549 0.00033701 1.04200738e-02 1.86203245e-04 
3.08652951 0.00033701 1.07996512e-02 1.86321068e-04 
3.08720353 0.00033701 1.04839075e-02 1.86439108e-04 
3.08787755 0.00033700 1.08331828e-02 1.86557372e-04 
3.08855155 0.00033700 1.06717063e-02 1.86675868e-04 
3.08922556 0.00033700 1.02613625e-02 1.86794583e-04 
3.08989956 0.00033699 1.07625106e-02 1.86913525e-04 
3.09057353 0.00033697 1.06663038e-02 1.87032685e-04 
3.09124748 0.00033697 1.06779886e-02 1.87152072e-04 
3.09192143 0.00033697 1.05187378e-02 1.87271695e-04 
3.09259538 0.00033699 1.05811210e-02 1.87391541e-04 
3.09326936 0.00033700 1.05694818e-02 1.87511619e-04 
3.09394335 0.00033700 1.05472594e-02 1.87631936e-04 
3.09461734 0.00033700 1.05445531e-02 1.87752484e-04 
3.09529133 0.00033697 1.08289544e-02 1.87873265e-04 
3.09596527 0.00033696 1.05932467e-02 1.87994271e-04 
3.09663919 0.00033696 1.08538406e-02 1.88115509e-04 
3.09731312 0.00033696 1.05377585e-02 1.88236976e-04 
3.09798705 0.00033695 1.05606652e-02 1.88359077e-04 
3.09866096 0.00033695 1.06020973e-02 1.88540956e-04 
3.09933487 0.00033695 1.04513306e-02 1.88735515e-04 
3.10000877 0.00033695 1.01796320e-02 1.88925497e-04 
3.10068268 0.00033694 1.04446349e-02 1.88853190e-04 
3.10135656 0.00033694 1.07040182e-02 1.88779220e-04 
3.10203045 0.00033694 1.08812597e-02 1.88705337e-04 
3.10270433 0.00033694 1.05183387e-02 1.88631548e-04 
3.10337821 0.00033692 1.05583175e-02 1.88557839e-04 
3.10405204 0.00033692 1.05269172e-02 1.88484217e-04 
3.10472587 0.00033692 1.03073468e-02 1.88410690e-04 
3.10539970 0.00033692 1.06195265e-02 1.88337240e-04 
3.10607355 0.00033694 1.04868604e-02 1.88263884e-04 
3.10674742 0.00033694 1.04237115e-02 1.88190604e-04 
3.10742130 0.00033694 1.07119447e-02 1.88117411e-04 
3.10809517 0.00033692 1.07218259e-02 1.88044303e-04 
3.10876901 0.00033691 1.06288639e-02 1.87971287e-04 
3.10944282 0.00033691 1.07102874e-02 1.87898352e-04 
3.11011663 0.00033691 1.06381961e-02 1.87825508e-04 
3.11079044 0.00033690 1.05608838e-02 1.87752750e-04 
3.11146424 0.00033689 1.06099697e-02 1.87680075e-04 
3.11213803 0.00033689 1.07440764e-02 1.87607538e-04 
3.11281182 0.00033689 1.06998764e-02 1.87543855e-04 
3.11348561 0.00033689 1.07135541e-02 1.87500828e-04 
3.11415938 0.00033688 1.06564141e-02 1.87457966e-04 
3.11483315 0.00033688 1.05531988e-02 1.87415140e-04 
3.11550691 0.00033688 1.06080718e-02 1.87372335e-04 
3.11618068 0.00033686 1.03227366e-02 1.87329562e-04 
3.11685440 0.00033686 1.03790055e-02 1.87286825e-04 
3.11752811 0.00033686 1.04482901e-02 1.87244110e-04 
3.11820183 0.00033686 1.06656425e-02 1.87201432e-04 
3.11887555 0.00033688 1.08274001e-02 1.87158783e-04 
3.11954931 0.00033688 1.08525074e-02 1.87116154e-04 
3.12022306 0.00033688 1.05704085e-02 1.87073562e-04 
3.12089682 0.00033687 1.04160112e-02 1.87030993e-04 
3.12157056 0.00033685 1.04184176e-02 1.86988452e-04 
3.12224425 0.00033685 1.07484478e-02 1.86945949e-04 
3.12291794 0.00033685 1.07106101e-02 1.86903475e-04 
3.12359164 0.00033684 1.04516788e-02 1.86861030e-04 
3.12426532 0.00033684 1.06989610e-02 1.86818606e-04 
3.12493900 0.00033684 1.09962517e-02 1.86776220e-04 
3.12561267 0.00033684 1.05337936e-02 1.86733862e-04 
3.12628634 0.00033683 1.05283424e-02 1.86691532e-04 
3.12696000 0.00033683 1.07087432e-02 1.86649140e-04 
3.12763365 0.00033683 1.05142667e-02 1.86593815e-04 
3.12830730 0.00033683 1.02821775e-02 1.86534186e-04 
3.12898095 0.00033682 1.08512784e-02 1.86474584e-04 
3.12965459 0.00033681 1.06727215e-02 1.86415044e-04 
3.13032822 0.00033681 1.06272425e-02 1.86355556e-04 
3.13100185 0.00033681 1.05051197e-02 1.86296131e-04 
3.13167548 0.00033679 1.05732545e-02 1.86236756e-04 
3.13234907 0.00033679 1.06621467e-02 1.86177447e-04 
3.13302264 0.00033679 1.03644921e-02 1.86118194e-04 
3.13369622 0.00033679 1.07867022e-02 1.86058999e-04 
3.13436980 0.00033680 1.03787882e-02 1.85999859e-04 
3.13504340 0.00033680 1.02734718e-02 1.85940769e-04 
3.13571701 0.00033680 1.06603359e-02 1.85881740e-04 
3.13639061 0.00033680 1.06619125e-02 1.85822768e-04 
3.13706422 0.00033678 1.07708649e-02 1.85763845e-04 
3.13773777 0.00033678 1.04834858e-02 1.85704988e-04 
3.13841133 0.00033678 1.05878835e-02 1.85646186e-04 
3.13908488 0.00033678 1.07416677e-02 1.85587439e-04 
3.13975843 0.00033677 1.10544761e-02 1.85528749e-04 
3.14043197 0.00033677 1.02773631e-02 1.85470121e-04 
3.14110550 0.00033677 1.04480989e-02 1.85411534e-04 
3.14177903 0.00033676 1.05939071e-02 1.85351990e-04 
3.14245256 0.00033675 1.04538110e-02 1.85288616e-04 
3.14312606 0.00033675 1.07483984e-02 1.85225290e-04 
3.14379956 0.00033675 1.05499223e-02 1.85162029e-04 
3.14447306 0.00033674 1.02220637e-02 1.85098825e-04 
3.14514654 0.00033672 1.03584920e-02 1.85035695e-04 
3.14581999 0.00033672 1.05412568e-02 1.84972630e-04 
3.14649343 0.00033672 1.05747483e-02 1.84909629e-04 
3.14716688 0.00033674 1.10709372e-02 1.84846692e-04 
3.14784036 0.00033674 1.10329436e-02 1.84783820e-04 
3.14851385 0.00033674 1.06646636e-02 1.84721010e-04 
3.14918734 0.00033674 1.07361668e-02 1.84658263e-04 
3.14986083 0.00033672 1.08792840e-02 1.84595582e-04 
3.15053428 0.00033672 1.03285999e-02 1.84532966e-04 
3.15120771 0.00033672 1.02828726e-02 1.84470413e-04 
3.15188115 0.00033672 1.05667506e-02 1.84407925e-04 
3.15255459 0.00033670 1.06953083e-02 1.84345499e-04 
3.15322800 0.00033670 1.05604835e-02 1.84283145e-04 
3.15390140 0.00033670 1.05510945e-02 1.84220847e-04 
3.15457481 0.00033670 1.07626552e-02 1.84158620e-04 
3.15524822 0.00033669 1.04075868e-02 1.84096449e-04 
3.15592160 0.00033669 1.05630721e-02 1.84034290e-04 
3.15659498 0.00033669 1.04543068e-02 1.83963623e-04 
3.15726837 0.00033669 1.05472345e-02 1.83888426e-04 
3.15794174 0.00033667 1.05817770e-02 1.83813287e-04 
3.15861508 0.00033667 1.06478208e-02 1.83738251e-04 
3.15928841 0.00033667 1.05215647e-02 1.83663305e-04 
3.15996174 0.00033667 1.07849905e-02 1.83588452e-04 
3.16063508 0.00033669 1.04074574e-02 1.83513682e-04 
3.16130846 0.00033669 1.07300129e-02 1.83439010e-04 
3.16198183 0.00033669 1.04812373e-02 1.83364421e-04 
3.16265520 0.00033667 1.03844920e-02 1.83289924e-04 
3.16332854 0.00033666 1.06872392e-02 1.83215525e-04 
3.16400185 0.00033666 1.05758379e-02 1.83141218e-04 
3.16467516 0.00033666 1.06960490e-02 1.83067002e-04 
3.16534847 0.00033665 1.03227390e-02 1.82992875e-04 
3.16602177 0.00033664 1.09136682e-02 1.82918840e-04 
3.16669506 0.00033664 1.05802697e-02 1.82844895e-04 
3.16736835 0.00033664 1.07148121e-02 1.82771044e-04 
3.16804164 0.00033664 1.07197543e-02 1.82697279e-04 
3.16871491 0.00033663 1.03926070e-02 1.82623601e-04 
3.16938818 0.00033663 1.08305585e-02 1.82550020e-04 
3.17006145 0.00033663 1.05115935e-02 1.82476513e-04 
3.17073471 0.00033661 1.06670334e-02 1.82402092e-04 
3.17140793 0.00033661 1.05746325e-02 1.82318753e-04 
3.17208115 0.00033661 1.05563395e-02 1.82235470e-04 
3.17275436 0.00033661 1.03963804e-02 1.82152299e-04 
3.17342758 0.00033662 1.04215295e-02 1.82069244e-04 
3.17410082 0.00033662 1.09593037e-02 1.81986299e-04 
3.17477407 0.00033662 1.07202137e-02 1.81903469e-04 
3.17544731 0.00033662 1.05026160e-02 1.81820744e-04 
3.17612055 0.00033660 1.05768725e-02 1.81738140e-04 
3.17679374 0.00033660 1.04402453e-02 1.81655655e-04 
3.17746694 0.00033660 1.03669482e-02 1.81573278e-04 
3.17814013 0.00033659 1.04672394e-02 1.81491013e-04 
3.17881332 0.00033659 1.01375191e-02 1.81408858e-04 
3.17948649 0.00033659 1.02971670e-02 1.81326823e-04 
3.18015966 0.00033659 1.03513898e-02 1.81244892e-04 
3.18083283 0.00033658 1.06631758e-02 1.81163079e-04 
3.18150599 0.00033657 1.04849192e-02 1.81081377e-04 
3.18217913 0.00033657 1.06454056e-02 1.80999780e-04 
3.18285227 0.00033657 1.08354146e-02 1.80918300e-04 
3.18352541 0.00033656 1.03938843e-02 1.80836930e-04 
3.18419854 0.00033656 1.09050495e-02 1.80755669e-04 
3.18487166 0.00033656 1.06591402e-02 1.80674539e-04 
3.18554477 0.00033656 1.06290200e-02 1.80596047e-04 
3.18621789 0.00033654 1.04897199e-02 1.80519863e-04 
3.18689097 0.00033653 1.01354864e-02 1.80443796e-04 
3.18756404 0.00033653 1.03921041e-02 1.80367826e-04 
3.18823711 0.00033653 1.06209807e-02 1.80291951e-04 
3.18891017 0.00033655 1.04911333e-02 1.80216173e-04 
3.18958326 0.00033655 1.05569942e-02 1.80140488e-04 
3.19025636 0.00033655 1.04871240e-02 1.80064893e-04 
3.19092945 0.00033655 1.06707774e-02 1.79989398e-04 
3.19160255 0.00033653 1.04461836e-02 1.79913998e-04 
3.19227560 0.00033653 1.05004190e-02 1.79838696e-04 
3.19294866 0.00033653 1.09143988e-02 1.79763487e-04 
3.19362171 0.00033652 1.05843162e-02 1.79688373e-04 
3.19429476 0.00033651 1.03837323e-02 1.79613359e-04 
3.19496778 0.00033651 1.06849428e-02 1.79538434e-04 
3.19564079 0.00033651 1.07930802e-02 1.79463610e-04 
3.19631380 0.00033650 1.03869144e-02 1.79388873e-04 
3.19698681 0.00033650 1.05810058e-02 1.79314236e-04 
3.19765980 0.00033650 1.06994605e-02 1.79239692e-04 
3.19833279 0.00033650 1.06498047e-02 1.79165242e-04 
3.19900578 0.00033649 1.04132475e-02 1.79090883e-04 
3.19967876 0.00033647 1.06214820e-02 1.79019621e-04 
3.20035170 0.00033647 1.05192427e-02 1.79396431e-04 
3.20102465 0.00033647 1.05783459e-02 1.79397498e-04 
3.20169760 0.00033649 1.08984666e-02 1.79396024e-04 
3.20237057 0.00033649 1.06653651e-02 1.79394551e-04 
3.20304356 0.00033649 1.01551708e-02 1.79393077e-04 
3.20371655 0.00033649 1.07797483e-02 1.79391602e-04 
3.20438954 0.00033647 1.04830793e-02 1.79390129e-04 
3.20506249 0.00033646 1.04407978e-02 1.79388655e-04 
3.20573541 0.00033646 1.05323124e-02 1.79387183e-04 
3.20640834 0.00033646 1.05323475e-02 1.79385709e-04 
3.20708127 0.00033645 1.07101558e-02 1.79384229e-04 
3.20775418 0.00033645 1.03921221e-02 1.79382757e-04 
3.20842709 0.00033645 1.04365773e-02 1.79381284e-04 
3.20909999 0.00033645 1.02702795e-02 1.79379812e-04 
3.20977290 0.00033643 1.08891435e-02 1.79378339e-04 
3.21044576 0.00033643 1.06781049e-02 1.79376867e-04 
3.21111863 0.00033643 1.05671069e-02 1.79375395e-04 
3.21179149 0.00033643 1.04687147e-02 1.79373917e-04 
3.21246435 0.00033641 1.07010449e-02 1.79372444e-04 
3.21313717 0.00033641 1.02625541e-02 1.79370973e-04 
3.21380999 0.00033641 1.06319345e-02 1.79369553e-04 
3.21448281 0.00033642 1.05401720e-02 1.79375941e-04 
3.21515564 0.00033643 1.04925276e-02 1.79394019e-04 
3.21582851 0.00033643 1.08733064e-02 1.79412180e-04 
3.21650137 0.00033643 1.04303280e-02 1.79430346e-04 
3.21717423 0.00033642 1.07661234e-02 1.79448518e-04 
3.21784707 0.00033640 1.04416872e-02 1.79466696e-04 
3.21851987 0.00033640 1.03718065e-02 1.79484878e-04 
3.21919267 0.00033640 1.08270651e-02 1.79503061e-04 
3.21986547 0.00033639 1.04489465e-02 1.79521255e-04 
3.22053826 0.00033639 1.03849017e-02 1.79539454e-04 
3.22121104 0.00033639 1.05697345e-02 1.79557659e-04 
3.22188382 0.00033639 1.06881776e-02 1.79575863e-04 
3.22255659 0.00033638 1.07561081e-02 1.79594080e-04 
3.22322936 0.00033638 1.08886288e-02 1.79612301e-04 
3.22390212 0.00033638 1.05924575e-02 1.79630523e-04 
3.22457487 0.00033638 1.06694467e-02 1.79648756e-04 
3.22524763 0.00033635 1.06487424e-02 1.79666994e-04 
3.22592034 0.00033635 1.07746248e-02 1.79685232e-04 
3.22659303 0.00033635 1.06598465e-02 1.79703475e-04 
3.22726573 0.00033635 1.04610670e-02 1.79721730e-04 
3.22793842 0.00033637 1.06078117e-02 1.79739984e-04 
3.22861115 0.00033637 1.02166525e-02 1.79758089e-04 
3.22928389 0.00033637 1.06917603e-02 1.79752027e-04 
3.22995662 0.00033637 1.08624031e-02 1.79740702e-04 
3.23062935 0.00033634 1.06355899e-02 1.79729339e-04 
3.23130202 0.00033634 1.07859948e-02 1.79717986e-04 
3.23197470 0.00033634 1.04765028e-02 1.79706628e-04 
3.23264737 0.00033633 1.02109259e-02 1.79695280e-04 
3.23332004 0.00033633 1.07627281e-02 1.79683928e-04 
3.23399269 0.00033633 1.06831628e-02 1.79672577e-04 
3.23466534 0.00033633 1.08055062e-02 1.79661235e-04 
3.23533799 0.00033632 1.06727454e-02 1.79649889e-04 
3.23601064 0.00033631 1.05926848e-02 1.79638552e-04 
3.23668327 0.00033631 1.05624319e-02 1.79627210e-04 
3.23735590 0.00033631 1.04800270e-02 1.79615877e-04 
3.23802853 0.00033631 1.04492238e-02 1.79604540e-04 
3.23870115 0.00033630 1.04775196e-02 1.79593212e-04 
3.23937375 0.00033630 1.08918799e-02 1.79581879e-04 
3.24004636 0.00033630 1.05340920e-02 1.79570555e-04 
3.24071897 0.00033629 1.09012833e-02 1.79559226e-04 
3.24139154 0.00033627 1.03701513e-02 1.79547901e-04 
3.24206409 0.00033627 1.07224084e-02 1.79536585e-04 
3.24273663 0.00033627 1.03143688e-02 1.79525294e-04 
3.24340918 0.00033629 1.04904695e-02 1.79518006e-04 
3.24408175 0.00033629 1.05776385e-02 1.79522723e-04 
3.24475434 0.00033629 1.04126996e-02 1.79527524e-04 
3.24542692 0.00033629 1.03676535e-02 1.79532320e-04 
3.24609951 0.00033627 1.06170397e-02 1.79537121e-04 
3.24677204 0.00033626 1.04763024e-02 1.79541918e-04 
3.24744457 0.00033626 1.11131931e-02 1.79546720e-04 
3.24811709 0.00033626 1.06795578e-02 1.79551517e-04 
3.24878961 0.00033625 1.05704146e-02 1.79556314e-04 
3.24946212 0.00033625 1.07164147e-02 1.79561118e-04 
3.25013462 0.00033625 1.03809628e-02 1.79565917e-04 
3.25080712 0.00033625 1.07544639e-02 1.79570722e-04 
3.25147962 0.00033624 1.08285383e-02 1.79575521e-04 
3.25215210 0.00033624 1.05190715e-02 1.79580321e-04 
3.25282458 0.00033624 1.05196092e-02 1.79585127e-04 
3.25349707 0.00033623 1.02709064e-02 1.79589926e-04 
3.25416953 0.00033621 1.05752674e-02 1.79594729e-04 
3.25484195 0.00033621 1.07710703e-02 1.79599530e-04 
3.25551437 0.00033621 1.04194296e-02 1.79604338e-04 
3.25618678 0.00033622 1.08141232e-02 1.79609141e-04 
3.25685922 0.00033623 1.06122006e-02 1.79613942e-04 
3.25753167 0.00033623 1.04316495e-02 1.79618855e-04 
3.25820413 0.00033623 1.06165571e-02 1.79640303e-04 
3.25887659 0.00033621 1.07239593e-02 1.79670218e-04 
3.25954902 0.00033620 1.02641017e-02 1.79700205e-04 
3.26022141 0.00033620 1.04058156e-02 1.79730200e-04 
3.26089381 0.00033620 1.04933551e-02 1.79760216e-04 
3.26156621 0.00033619 1.06479493e-02 1.79790247e-04 
3.26223859 0.00033619 1.06601887e-02 1.79820287e-04 
3.26291096 0.00033619 1.06705704e-02 1.79850342e-04 
3.26358334 0.00033619 1.04377696e-02 1.79880418e-04 
3.26425571 0.00033618 1.03126470e-02 1.79910503e-04 
3.26492807 0.00033618 1.03038332e-02 1.79940609e-04 
3.26560043 0.00033618 1.05239303e-02 1.79970724e-04 
3.26627278 0.00033618 1.06961463e-02 1.80000854e-04 
3.26694513 0.00033615 1.07700752e-02 1.80031001e-04 
3.26761743 0.00033615 1.04491155e-02 1.80061160e-04 
3.26828972 0.00033615 1.04234864e-02 1.80091335e-04 
3.26896201 0.00033615 1.06617740e-02 1.80121526e-04 
3.26963430 0.00033617 1.03079663e-02 1.80151731e-04 
3.27030663 0.00033617 1.02853720e-02 1.80181953e-04 
3.27097896 0.00033617 1.07005259e-02 1.80212189e-04 
3.27165129 0.00033616 1.04211392e-02 1.80242449e-04 
3.27232361 0.00033613 1.08049192e-02 1.80273408e-04 
3.27299588 0.00033613 1.07037238e-02 1.80312098e-04 
3.27366815 0.00033613 1.03612106e-02 1.80350868e-04 
3.27434042 0.00033613 1.06612240e-02 1.80389664e-04 
3.27501268 0.00033612 1.03345112e-02 1.80428483e-04 
3.27568493 0.00033612 1.07702838e-02 1.80467322e-04 
3.27635718 0.00033612 1.03503101e-02 1.80506193e-04 
3.27702943 0.00033612 1.04795248e-02 1.80545087e-04 
3.27770167 0.00033611 1.06442755e-02 1.80584001e-04 
3.27837389 0.00033611 1.06729320e-02 1.80622946e-04 
3.27904612 0.00033611 1.07551375e-02 1.80661911e-04 
3.27971835 0.00033609 1.03956424e-02 1.80700906e-04 
3.28039053 0.00033608 1.05499212e-02 1.80739920e-04 
3.28106270 0.00033608 1.06635394e-02 1.80778960e-04 
3.28173486 0.00033608 1.06499260e-02 1.80818024e-04 
3.28240702 0.00033610 1.03184128e-02 1.80857114e-04 
3.28307922 0.00033610 1.05117456e-02 1.80896236e-04 
3.28375142 0.00033610 1.04684730e-02 1.80935377e-04 
3.28442362 0.00033610 1.06950821e-02 1.80974544e-04 
3.28509583 0.00033608 1.03279770e-02 1.81013741e-04 
3.28576798 0.00033607 1.06087559e-02 1.81052958e-04 
3.28644012 0.00033607 1.06480411e-02 1.81092238e-04 
3.28711226 0.00033607 1.08946650e-02 1.81137868e-04 
3.28778440 0.00033606 1.03207502e-02 1.81190257e-04 
3.28845652 0.00033606 1.03570419e-02 1.81242736e-04 
3.28912864 0.00033606 1.04556343e-02 1.81295254e-04 
3.28980076 0.00033606 1.05946109e-02 1.81347826e-04 
3.29047288 0.00033605 1.03965830e-02 1.81400441e-04 
3.29114498 0.00033605 1.02888084e-02 1.81453103e-04 
3.29181708 0.00033605 1.04976002e-02 1.81505804e-04 
3.29248918 0.00033604 1.06770492e-02 1.81558559e-04 
3.29316127 0.00033603 1.04525597e-02 1.81611352e-04 
3.29383333 0.00033603 1.05956180e-02 1.81664197e-04 
3.29450538 0.00033603 1.03187831e-02 1.81717082e-04 
3.29517744 0.00033602 1.04462404e-02 1.81770013e-04 
3.29584948 0.00033601 1.09785946e-02 1.81822990e-04 
3.29652150 0.00033601 1.08515829e-02 1.81876013e-04 
3.29719351 0.00033601 1.03378297e-02 1.81929082e-04 
3.29786553 0.00033602 1.04228744e-02 1.81982197e-04 
3.29853756 0.00033603 1.03852844e-02 1.82035360e-04 
3.29920962 0.00033603 1.06540798e-02 1.82088569e-04 
3.29988167 0.00033603 1.05496399e-02 1.82142735e-04 
3.30055373 0.00033601 1.05525407e-02 1.82333429e-04 
3.30122574 0.00033600 1.08511561e-02 1.82553525e-04 
3.30189773 0.00033600 1.07112288e-02 1.82572354e-04 
3.30256973 0.00033600 1.03262141e-02 1.82564280e-04 
3.30324172 0.00033599 1.06491267e-02 1.82556036e-04 
3.30391370 0.00033599 1.05502160e-02 1.82547793e-04 
3.30458567 0.00033599 1.09526436e-02 1.82539546e-04 
3.30525764 0.00033599 1.03858601e-02 1.82531306e-04 
3.30592961 0.00033597 1.03247450e-02 1.82523067e-04 
3.30660155 0.00033596 1.06662380e-02 1.82514830e-04 
3.30727348 0.00033596 1.05630540e-02 1.82506593e-04 
3.30794541 0.00033596 1.03051562e-02 1.82498358e-04 
3.30861734 0.00033594 1.05458176e-02 1.82490118e-04 
3.30928922 0.00033594 1.06373999e-02 1.82481885e-04 
3.30996111 0.00033594 1.04422898e-02 1.82473654e-04 
3.31063300 0.00033595 1.05283260e-02 1.82465424e-04 
3.31130489 0.00033596 1.04471991e-02 1.82457196e-04 
3.31197682 0.00033596 1.06017923e-02 1.82448967e-04 
3.31264875 0.00033596 1.06133111e-02 1.82440733e-04 
3.31332068 0.00033596 1.06368433e-02 1.82432508e-04 
3.31399259 0.00033593 1.04928301e-02 1.82424283e-04 
3.31466445 0.00033593 1.05785571e-02 1.82416060e-04 
3.31533632 0.00033593 1.04226817e-02 1.82407896e-04 
3.31600818 0.00033593 1.05336038e-02 1.82408974e-04 
3.31668004 0.00033592 1.05964638e-02 1.82432784e-04 
3.31735189 0.00033592 1.06039490e-02 1.82456748e-04 
3.31802373 0.00033592 1.06532397e-02 1.82480726e-04 
3.31869558 0.00033591 1.06123279e-02 1.82504708e-04 
3.31936740 0.00033590 1.10070565e-02 1.82528706e-04 
3.32003920 0.00033590 1.06866143e-02 1.82552707e-04 
3.32071100 0.00033590 1.04647651e-02 1.82576724e-04 
3.32138281 0.00033589 1.04977336e-02 1.82600744e-04 
3.32205458 0.00033588 1.06302618e-02 1.82624772e-04 
3.32272634 0.00033588 1.05747007e-02 1.82648811e-04 
3.32339810 0.00033588 1.04046219e-02 1.82672858e-04 
3.32406986 0.00033589 1.05770972e-02 1.82696916e-04 
3.32474164 0.00033589 1.08630041e-02 1.82720990e-04 
3.32541341 0.00033589 1.06744752e-02 1.82745067e-04 
3.32608519 0.00033589 1.07646788e-02 1.82769153e-04 
3.32675697 0.00033587 1.04410921e-02 1.82793248e-04 
3.32742872 0.00033587 1.07542287e-02 1.82817353e-04 
3.32810045 0.00033587 1.01559427e-02 1.82841467e-04 
3.32877219 0.00033587 1.05656541e-02 1.82865592e-04 
3.32944393 0.00033585 1.07960880e-02 1.82889725e-04 
3.33011563 0.00033585 1.08616848e-02 1.82913974e-04 
3.33078732 0.00033585 1.07056323e-02 1.82954211e-04 
3.33145902 0.00033585 1.07412385e-02 1.83002067e-04 
3.33213071 0.00033584 1.07683658e-02 1.83050017e-04 
3.33280239 0.00033584 1.07273212e-02 1.83097996e-04 
3.33347406 0.00033584 1.03928697e-02 1.83146013e-04 
3.33414574 0.00033583 1.07524818e-02 1.83194069e-04 
3.33481741 0.00033583 1.07323032e-02 1.83242162e-04 
3.33548906 0.00033583 1.02797864e-02 1.83290292e-04 
3.33616072 0.00033583 9.93334496e-03 1.83338468e-04 
3.33683237 0.00033581 1.05699579e-02 1.83386673e-04 
3.33750399 0.00033580 1.06609915e-02 1.83434912e-04 
3.33817559 0.00033580 1.06804367e-02 1.83483193e-04 
3.33884718 0.00033580 1.05815195e-02 1.83531506e-04 
3.33951877 0.00033581 1.05586625e-02 1.83579864e-04 
3.34019038 0.00033582 1.04687561e-02 1.83628260e-04 
3.34086201 0.00033582 1.06049992e-02 1.83676690e-04 
3.34153364 0.00033582 1.03064923e-02 1.83725163e-04 
3.34220527 0.00033579 1.07868612e-02 1.83773675e-04 
3.34287686 0.00033578 1.06822743e-02 1.83822224e-04 
3.34354843 0.00033578 1.09050321e-02 1.83870806e-04 
3.34422000 0.00033578 1.08148085e-02 1.83919422e-04 
3.34489157 0.00033578 1.04778567e-02 1.83966961e-04 
3.34556312 0.00033577 1.03462586e-02 1.84000826e-04 
3.34623467 0.00033577 1.08769088e-02 1.84034625e-04 
3.34690622 0.00033577 1.07098134e-02 1.84068442e-04 
3.34757777 0.00033576 1.05731000e-02 1.84102270e-04 
3.34824930 0.00033576 1.04603755e-02 1.84136125e-04 
3.34892082 0.00033576 1.01868664e-02 1.84169997e-04 
3.34959235 0.00033576 1.04727018e-02 1.84203881e-04 
3.35026387 0.00033573 1.06517505e-02 1.84237792e-04 
3.35093533 0.00033573 1.08871800e-02 1.84271713e-04 
3.35160680 0.00033573 1.06007199e-02 1.84305653e-04 
3.35227826 0.00033574 1.03817831e-02 1.84339612e-04 
3.35294973 0.00033575 1.06696634e-02 1.84373597e-04 
3.35362124 0.00033575 1.06502234e-02 1.84407593e-04 
3.35429274 0.00033575 1.05669580e-02 1.84441615e-04 
3.35496425 0.00033574 1.04782718e-02 1.84475649e-04 
3.35563573 0.00033572 1.03724352e-02 1.84509703e-04 
3.35630717 0.00033572 1.05447240e-02 1.84543775e-04 
3.35697861 0.00033572 1.06028641e-02 1.84577866e-04 
3.35765006 0.00033572 1.04254428e-02 1.84611976e-04 
3.35832149 0.00033571 1.05967291e-02 1.84646103e-04 
3.35899291 0.00033571 1.07151043e-02 1.84680498e-04 
3.35966433 0.00033571 1.04696702e-02 1.84751452e-04 
3.36033575 0.00033570 1.07308849e-02 1.84866380e-04 
3.36100715 0.00033569 1.04512689e-02 1.84981812e-04 
3.36167853 0.00033569 1.05310963e-02 1.85097454e-04 
3.36234991 0.00033569 1.08369018e-02 1.85213320e-04 
3.36302129 0.00033567 1.07129014e-02 1.85329397e-04 
3.36369263 0.00033567 1.05413096e-02 1.85445690e-04 
3.36436397 0.00033567 1.07169878e-02 1.85562203e-04 
3.36503531 0.00033567 1.04743843e-02 1.85678935e-04 
3.36570664 0.00033569 1.03719655e-02 1.85795881e-04 
3.36637802 0.00033569 1.03683908e-02 1.85913063e-04 
3.36704939 0.00033569 1.06447816e-02 1.86030460e-04 
3.36772077 0.00033569 1.05927583e-02 1.86148082e-04 
3.36839215 0.00033566 1.07359078e-02 1.86265933e-04 
3.36906346 0.00033566 1.06369114e-02 1.86383990e-04 
3.36973478 0.00033566 1.04683568e-02 1.86502274e-04 
3.37040609 0.00033566 1.08493651e-02 1.86620788e-04 
3.37107741 0.00033564 1.07674136e-02 1.86739522e-04 
3.37174868 0.00033564 1.01252058e-02 1.86858475e-04 
3.37241995 0.00033564 1.05533498e-02 1.86977661e-04 
3.37309122 0.00033563 1.07829481e-02 1.87097069e-04 
3.37376249 0.00033563 1.08191881e-02 1.87215992e-04 
3.37443375 0.00033563 1.05569498e-02 1.87227226e-04 
3.37510500 0.00033563 1.07059478e-02 1.87216326e-04 
3.37577625 0.00033561 1.05036233e-02 1.87205283e-04 
3.37644748 0.00033559 1.07154686e-02 1.87194242e-04 
3.37711867 0.00033559 1.05304286e-02 1.87183203e-04 
3.37778986 0.00033559 1.02942939e-02 1.87172166e-04 
3.37846104 0.00033560 1.05978126e-02 1.87161130e-04 
3.37913225 0.00033561 1.06759971e-02 1.87150099e-04 
3.37980348 0.00033561 1.05546612e-02 1.87139066e-04 
3.38047471 0.00033561 1.02061331e-02 1.87128030e-04 
3.38114594 0.00033560 1.03593142e-02 1.87117002e-04 
3.38181713 0.00033558 1.05098579e-02 1.87105977e-04 
3.38248830 0.00033558 1.03135814e-02 1.87094954e-04 
3.38315947 0.00033558 1.07436855e-02 1.87083933e-04 
3.38383063 0.00033558 1.03413398e-02 1.87072914e-04 
3.38450178 0.00033557 1.06534627e-02 1.87061897e-04 
3.38517293 0.00033557 1.03441789e-02 1.87050883e-04 
3.38584408 0.00033557 1.07450920e-02 1.87039870e-04 
3.38651522 0.00033556 1.07240182e-02 1.87028859e-04 
3.38718635 0.00033556 1.03388928e-02 1.87017850e-04 
3.38785748 0.00033556 1.10067436e-02 1.87006843e-04 
3.38852860 0.00033556 1.07999983e-02 1.86995632e-04 
3.38919973 0.00033555 1.06081941e-02 1.86983674e-04 
3.38987083 0.00033555 1.06241536e-02 1.86971716e-04 
3.39054193 0.00033555 1.07146667e-02 1.86959754e-04 
3.39121304 0.00033555 1.02157890e-02 1.86947794e-04 
3.39188413 0.00033552 1.06228235e-02 1.86935843e-04 
3.39255518 0.00033552 1.06644728e-02 1.86923889e-04 
3.39322622 0.00033552 1.05662317e-02 1.86911944e-04 
3.39389726 0.00033553 1.02547285e-02 1.86899995e-04 
3.39456831 0.00033554 1.04026646e-02 1.86888047e-04 
3.39523939 0.00033554 1.06323392e-02 1.86876109e-04 
3.39591047 0.00033554 1.01608796e-02 1.86864165e-04 
3.39658155 0.00033553 1.05624282e-02 1.86852231e-04 
3.39725261 0.00033551 1.03326757e-02 1.86840293e-04 
3.39792363 0.00033551 1.05129621e-02 1.86828363e-04 
3.39859465 0.00033551 1.06801505e-02 1.86816431e-04 
3.39926567 0.00033550 1.07717106e-02 1.86804499e-04 
3.39993667 0.00033550 1.04413617e-02 1.86793014e-04 
3.40060767 0.00033550 1.05887758e-02 1.86847181e-04 
3.40127867 0.00033550 1.06750265e-02 1.86908659e-04 
3.40194967 0.00033549 1.08450282e-02 1.86970245e-04 
3.40262064 0.00033548 1.04023252e-02 1.87031834e-04 
3.40329160 0.00033548 1.04334415e-02 1.87085839e-04 
3.40396255 0.00033548 1.06823303e-02 1.87134296e-04 
3.40463351 0.00033546 1.04029964e-02 1.87182761e-04 
3.40530443 0.00033546 1.08121821e-02 1.87231256e-04 
3.40597535 0.00033546 1.08749284e-02 1.87279789e-04 
3.40664626 0.00033546 1.04717575e-02 1.87328360e-04 
3.40731718 0.00033547 1.08154715e-02 1.87376975e-04 
3.40798811 0.00033547 1.04420766e-02 1.87425621e-04 
3.40865904 0.00033547 1.02772745e-02 1.87474306e-04 
3.40932997 0.00033547 1.07853430e-02 1.87523028e-04 
3.41000090 0.00033544 1.05812252e-02 1.87571795e-04 
3.41067178 0.00033544 1.05526974e-02 1.87620593e-04 
3.41134265 0.00033544 1.07007720e-02 1.87669421e-04 
3.41201352 0.00033543 1.07237445e-02 1.87718296e-04 
3.41268439 0.00033543 1.06077354e-02 1.87767207e-04 
3.41335524 0.00033543 1.08205176e-02 1.87816156e-04 
3.41402609 0.00033543 1.05985292e-02 1.87865138e-04 
3.41469694 0.00033542 1.02102988e-02 1.87914164e-04 
3.41536778 0.00033541 1.05770137e-02 1.87963222e-04 
3.41603861 0.00033541 1.07483498e-02 1.88012325e-04 
3.41670944 0.00033541 1.07397851e-02 1.88061459e-04 
3.41738027 0.00033540 1.04744772e-02 1.88110437e-04 
3.41805108 0.00033538 1.04936268e-02 1.88129645e-04 
3.41872184 0.00033538 1.06637885e-02 1.88146914e-04 
3.41939261 0.00033538 1.05452395e-02 1.88164177e-04 
3.42006337 0.00033539 1.05545700e-02 1.88181443e-04 
3.42073416 0.00033540 1.03569775e-02 1.88198715e-04 
3.42140497 0.00033540 1.05610538e-02 1.88215991e-04 
3.42207577 0.00033540 9.95732210e-03 1.88233271e-04 
3.42274658 0.00033538 1.07563849e-02 1.88250558e-04 
3.42341735 0.00033537 1.02732757e-02 1.88267849e-04 
3.42408809 0.00033537 1.05164251e-02 1.88285145e-04 
3.42475884 0.00033537 1.04892585e-02 1.88302444e-04 
3.42542958 0.00033536 1.05315307e-02 1.88319749e-04 
3.42610031 0.00033536 1.03177633e-02 1.88337059e-04 
3.42677103 0.00033536 1.07265453e-02 1.88354366e-04 
3.42744176 0.00033536 1.04328698e-02 1.88371685e-04 
3.42811248 0.00033534 1.02564311e-02 1.88389009e-04 
3.42878317 0.00033534 1.05047139e-02 1.88406338e-04 
3.42945385 0.00033534 1.05758785e-02 1.88423664e-04 
3.43012453 0.00033534 1.07095685e-02 1.88441002e-04 
3.43079521 0.00033532 1.06137880e-02 1.88458338e-04 
3.43146585 0.00033532 1.09412613e-02 1.88475727e-04 
3.43213649 0.00033532 1.07339417e-02 1.88499758e-04 
3.43280713 0.00033532 1.06793207e-02 1.88538753e-04 
3.43347777 0.00033533 1.03262696e-02 1.88577874e-04 
3.43414843 0.00033533 1.02247666e-02 1.88617020e-04 
3.43481909 0.00033533 1.05237637e-02 1.88656183e-04 
3.43548975 0.00033532 1.06402234e-02 1.88695377e-04 
3.43616040 0.00033531 1.07539038e-02 1.88734596e-04 
3.43683101 0.00033531 1.06733665e-02 1.88773831e-04 
3.43750163 0.00033531 1.06834517e-02 1.88813098e-04 
3.43817225 0.00033530 1.06643009e-02 1.88852383e-04 
3.43884285 0.00033529 1.05260086e-02 1.88891692e-04 
3.43951343 0.00033529 1.08455965e-02 1.88931026e-04 
3.44018400 0.00033529 1.06081943e-02 1.88970391e-04 
3.44085458 0.00033528 1.07597005e-02 1.89009773e-04 
3.44152515 0.00033528 1.08604257e-02 1.89049180e-04 
3.44219570 0.00033528 1.05294576e-02 1.89088611e-04 
3.44286625 0.00033528 1.03447370e-02 1.89128068e-04 
3.44353681 0.00033527 1.08683412e-02 1.89167548e-04 
3.44420735 0.00033527 1.07367803e-02 1.89207054e-04 
3.44487788 0.00033527 1.04839412e-02 1.89246584e-04 
3.44554842 0.00033527 1.08392631e-02 1.89286139e-04 
3.44621895 0.00033524 1.05064077e-02 1.89325657e-04 
3.44688944 0.00033524 1.05006322e-02 1.89356426e-04 
3.44755991 0.00033524 1.08855549e-02 1.89382664e-04 
3.44823038 0.00033524 1.08720816e-02 1.89408878e-04 
3.44890085 0.00033525 1.09259263e-02 1.89435102e-04 
3.44957135 0.00033526 1.04987391e-02 1.89461339e-04 
3.45024187 0.00033526 1.03885673e-02 1.89487592e-04 
3.45091238 0.00033526 1.05906119e-02 1.89513850e-04 
3.45158289 0.00033523 1.06578741e-02 1.89540118e-04 
3.45225334 0.00033522 1.07968496e-02 1.89566397e-04 
3.45292379 0.00033522 1.02682228e-02 1.89592688e-04 
3.45359424 0.00033522 1.06145701e-02 1.89618996e-04 
3.45426468 0.00033520 1.04174654e-02 1.89645308e-04 
3.45493509 0.00033520 1.07184835e-02 1.89671624e-04 
3.45560549 0.00033520 1.06643978e-02 1.89697958e-04 
3.45627590 0.00033520 1.04565811e-02 1.89724302e-04 
3.45694630 0.00033519 1.03312273e-02 1.89750657e-04 
3.45761669 0.00033519 1.04763930e-02 1.89777025e-04 
3.45828708 0.00033519 1.05305647e-02 1.89803396e-04 
3.45895746 0.00033518 1.04523611e-02 1.89829783e-04 
3.45962783 0.00033516 1.04770514e-02 1.89856183e-04 
3.46029815 0.00033516 1.06521152e-02 1.89882586e-04 
3.46096847 0.00033516 1.07202706e-02 1.89909263e-04 
3.46163879 0.00033517 1.06433911e-02 1.89950218e-04 
3.46230913 0.00033518 1.05214838e-02 1.89991294e-04 
3.46297950 0.00033518 1.06332453e-02 1.90032397e-04 
3.46364986 0.00033518 1.04345115e-02 1.90073523e-04 
3.46432022 0.00033516 1.04574885e-02 1.90114677e-04 
3.46499055 0.00033515 1.07768839e-02 1.90155860e-04 
3.46566085 0.00033515 1.08131961e-02 1.90197066e-04 
3.46633115 0.00033515 1.04194115e-02 1.90238301e-04 
3.46700145 0.00033514 1.03308934e-02 1.90279559e-04 
3.46767174 0.00033514 1.06277432e-02 1.90320845e-04 
3.46834202 0.00033514 1.05628588e-02 1.90362157e-04 
3.46901230 0.00033514 1.04495532e-02 1.90403497e-04 
3.46968258 0.00033513 1.08240451e-02 1.90444863e-04 
3.47035284 0.00033513 1.08439631e-02 1.90486256e-04 
3.47102310 0.00033513 1.08833276e-02 1.90527671e-04 
3.47169336 0.00033513 1.06696672e-02 1.90569118e-04 
3.47236362 0.00033510 1.05658828e-02 1.90610592e-04 
3.47303382 0.00033510 1.04947565e-02 1.90652089e-04 
3.47370402 0.00033510 1.05815035e-02 1.90693612e-04 
3.47437421 0.00033510 1.07952147e-02 1.90735160e-04 
3.47504441 0.00033511 1.05109755e-02 1.90776736e-04 
3.47571463 0.00033511 1.04186274e-02 1.90818102e-04 
3.47638484 0.00033511 1.04329378e-02 1.90859068e-04 
3.47705506 0.00033510 1.03266948e-02 1.90900060e-04 
3.47772526 0.00033509 1.07734778e-02 1.90941074e-04 
3.47839544 0.00033509 1.03459211e-02 1.90982115e-04 
3.47906561 0.00033509 1.05420567e-02 1.91023183e-04 
3.47973579 0.00033508 1.05623913e-02 1.91064276e-04 
3.48040595 0.00033507 1.04882910e-02 1.91105396e-04 
3.48107608 0.00033507 1.05337849e-02 1.91146543e-04 
3.48174622 0.00033507 1.07353702e-02 1.91187712e-04 
3.48241635 0.00033506 1.03415748e-02 1.91228911e-04 
3.48308647 0.00033506 1.04350580e-02 1.91270133e-04 
3.48375658 0.00033506 1.06037065e-02 1.91311381e-04 
3.48442670 0.00033506 1.03541805e-02 1.91352661e-04 
3.48509681 0.00033504 1.05820237e-02 1.91393963e-04 
3.48576688 0.00033502 1.07211826e-02 1.91435287e-04 
3.48643693 0.00033502 1.05186663e-02 1.91476643e-04 
3.48710698 0.00033502 1.08535396e-02 1.91518021e-04 
3.48777703 0.00033504 1.05126016e-02 1.91559429e-04 
3.48844711 0.00033504 1.02493103e-02 1.91600861e-04 
3.48911719 0.00033504 1.05435609e-02 1.91642324e-04 
3.48978728 0.00033504 1.02541437e-02 1.91683814e-04 
3.49045737 0.00033502 1.04778294e-02 1.91725574e-04 
3.49112741 0.00033501 1.06662710e-02 1.91767465e-04 
3.49179744 0.00033501 1.09191421e-02 1.91809382e-04 
3.49246747 0.00033501 1.04032204e-02 1.91851325e-04 
3.49313749 0.00033500 1.03888849e-02 1.91893296e-04 
3.49380750 0.00033500 1.07767566e-02 1.91935296e-04 
3.49447751 0.00033500 1.04934691e-02 1.91977322e-04 
3.49514751 0.00033500 1.07350474e-02 1.92019375e-04 
3.49581752 0.00033498 1.05816952e-02 1.92061457e-04 
3.49648748 0.00033498 1.06280806e-02 1.92103562e-04 
3.49715745 0.00033498 1.06402438e-02 1.92145694e-04 
3.49782741 0.00033498 1.07604028e-02 1.92187859e-04 
3.49849737 0.00033497 1.05969512e-02 1.92230047e-04 
3.49916732 0.00033497 1.04110511e-02 1.92272262e-04 
3.49983726 0.00033497 1.04357317e-02 1.92314747e-04 
3.50050720 0.00033496 1.05626659e-02 1.92393530e-04 
3.50117713 0.00033494 1.06232769e-02 1.92484278e-04 
3.50184701 0.00033494 1.08499062e-02 1.92575225e-04 
3.50251689 0.00033494 1.06521876e-02 1.92666301e-04 
3.50318677 0.00033495 1.07035139e-02 1.92757508e-04 
3.50385666 0.00033496 1.05862426e-02 1.92848836e-04 
3.50452658 0.00033496 1.04542776e-02 1.92938707e-04 
3.50519650 0.00033496 1.06682598e-02 1.92989624e-04 
3.50586642 0.00033494 1.08903552e-02 1.93040315e-04 
3.50653631 0.00033493 1.05894036e-02 1.93091047e-04 
3.50720617 0.00033493 1.04140575e-02 1.93141816e-04 
3.50787603 0.00033493 1.07584299e-02 1.93192626e-04 
3.50854589 0.00033492 1.03966774e-02 1.93243472e-04 
3.50921573 0.00033492 1.05772771e-02 1.93294362e-04 
3.50988557 0.00033492 1.03811976e-02 1.93345289e-04 
3.51055541 0.00033492 1.03177198e-02 1.93396260e-04 
3.51122525 0.00033490 1.06771871e-02 1.93447266e-04 
3.51189505 0.00033490 1.06638718e-02 1.93498313e-04 
3.51256485 0.00033490 1.04425255e-02 1.93549396e-04 
3.51323465 0.00033490 1.05709421e-02 1.93600524e-04 
3.51390444 0.00033487 1.06903755e-02 1.93651691e-04 
3.51457418 0.00033487 1.07131952e-02 1.93702895e-04 
3.51524391 0.00033487 1.06650862e-02 1.93754138e-04 
3.51591365 0.00033487 1.04684250e-02 1.93805421e-04 
3.51658338 0.00033489 1.07265925e-02 1.93856746e-04 
3.51725315 0.00033489 1.01884246e-02 1.93908113e-04 
3.51792292 0.00033489 1.04630594e-02 1.93959525e-04 
3.51859270 0.00033488 1.03365542e-02 1.94010925e-04 
3.51926246 0.00033486 1.05294054e-02 1.94054853e-04 
3.51993217 0.00033486 1.03142656e-02 1.94085755e-04 
3.52060189 0.00033486 1.05558344e-02 1.94116584e-04 
3.52127160 0.00033485 1.06919807e-02 1.94147426e-04 
3.52194130 0.00033485 1.06507267e-02 1.94178287e-04 
3.52261099 0.00033485 1.05417550e-02 1.94209158e-04 
3.52328068 0.00033485 1.03673646e-02 1.94240046e-04 
3.52395037 0.00033484 1.06553837e-02 1.94270946e-04 
3.52462005 0.00033482 1.09021009e-02 1.94301861e-04 
3.52528970 0.00033482 1.02220609e-02 1.94332790e-04 
3.52595935 0.00033482 1.06123370e-02 1.94363735e-04 
3.52662900 0.00033481 1.00887737e-02 1.94394694e-04 
3.52729862 0.00033480 1.05853856e-02 1.94425667e-04 
3.52796823 0.00033480 1.06200299e-02 1.94456652e-04 
3.52863784 0.00033480 1.06948472e-02 1.94487655e-04 
3.52930744 0.00033481 1.03935536e-02 1.94518668e-04 
3.52997706 0.00033481 1.08689241e-02 1.94549701e-04 
3.53064669 0.00033481 1.06546269e-02 1.94580744e-04 
3.53131631 0.00033481 1.06949915e-02 1.94611807e-04 
3.53198594 0.00033479 1.07462411e-02 1.94642884e-04 
3.53265552 0.00033478 1.08307935e-02 1.94673972e-04 
3.53332508 0.00033478 1.07566652e-02 1.94705139e-04 
3.53399465 0.00033478 1.05560102e-02 1.94745602e-04 
3.53466421 0.00033477 1.06744912e-02 1.94790337e-04 
3.53533376 0.00033477 1.01352700e-02 1.94835131e-04 
3.53600330 0.00033477 1.05176947e-02 1.94879955e-04 
3.53667284 0.00033477 1.07140248e-02 1.94924808e-04 
3.53734239 0.00033476 1.05189779e-02 1.94969695e-04 
3.53801191 0.00033476 1.07222810e-02 1.95014613e-04 
3.53868143 0.00033476 1.09022097e-02 1.95059557e-04 
3.53935095 0.00033476 1.04492777e-02 1.95104537e-04 
3.54002047 0.00033473 1.06291382e-02 1.95149545e-04 
3.54068993 0.00033473 1.10575705e-02 1.95194581e-04 
3.54135939 0.00033473 1.02049279e-02 1.95239649e-04 
3.54202885 0.00033473 1.05555988e-02 1.95284745e-04 
3.54269831 0.00033475 1.03322109e-02 1.95329876e-04 
3.54336781 0.00033475 1.02719929e-02 1.95375039e-04 
3.54403731 0.00033475 1.04253063e-02 1.95420237e-04 
3.54470681 0.00033474 1.02839774e-02 1.95465463e-04 
3.54537629 0.00033472 1.05160357e-02 1.95510719e-04 
3.54604573 0.00033472 1.06077096e-02 1.95556002e-04 
3.54671517 0.00033472 1.04248964e-02 1.95601320e-04 
3.54738461 0.00033471 1.03857351e-02 1.95646668e-04 
3.54805403 0.00033470 1.05539469e-02 1.95692129e-04 
3.54872342 0.00033470 1.01214511e-02 1.95742936e-04 
3.54939282 0.00033470 1.09084232e-02 1.95793814e-04 
3.55006222 0.00033469 1.06216283e-02 1.95844732e-04 
3.55073160 0.00033469 1.04530834e-02 1.95895690e-04 
3.55140098 0.00033469 1.04736585e-02 1.95946688e-04 
3.55207035 0.00033469 1.04033267e-02 1.95997725e-04 
3.55273972 0.00033468 1.06727593e-02 1.96048803e-04 
3.55340909 0.00033468 1.06072163e-02 1.96099919e-04 
3.55407844 0.00033468 1.05345491e-02 1.96151073e-04 
3.55474779 0.00033468 1.04664703e-02 1.96202269e-04 
3.55541715 0.00033465 1.01456903e-02 1.96253502e-04 
3.55608645 0.00033465 1.03867294e-02 1.96304775e-04 
3.55675574 0.00033465 1.06568667e-02 1.96356087e-04 
3.55742504 0.00033465 1.06310788e-02 1.96407435e-04 
3.55809433 0.00033465 1.07555975e-02 1.96458828e-04 
3.55876363 0.00033465 1.04768518e-02 1.96510261e-04 
3.55943294 0.00033465 1.05842427e-02 1.96561734e-04 
3.56010225 0.00033465 1.06081850e-02 1.96613249e-04 
3.56077156 0.00033463 1.10503425e-02 1.96664803e-04 
3.56144081 0.00033462 1.04391137e-02 1.96716394e-04 
3.56211006 0.00033462 1.07067435e-02 1.96768055e-04 
3.56277931 0.00033462 1.06360294e-02 1.96824351e-04 
3.56344856 0.00033461 1.06843990e-02 1.96890187e-04 
3.56411778 0.00033461 1.04366593e-02 1.96956155e-04 
3.56478701 0.00033461 1.06197974e-02 1.97022189e-04 
3.56545624 0.00033461 1.02423034e-02 1.97088289e-04 
3.56612546 0.00033460 1.08126078e-02 1.97154452e-04 
3.56679467 0.00033460 1.06660126e-02 1.97220685e-04 
3.56746387 0.00033460 1.03690049e-02 1.97286982e-04 
3.56813308 0.00033459 1.09981038e-02 1.97353345e-04 
3.56880227 0.00033457 1.03398195e-02 1.97419774e-04 
3.56947141 0.00033457 1.07398668e-02 1.97486269e-04 
3.57014055 0.00033457 1.03991727e-02 1.97552827e-04 
3.57080970 0.00033458 1.09032184e-02 1.97619454e-04 
3.57147885 0.00033458 1.05978063e-02 1.97686147e-04 
3.57214801 0.00033458 1.05055609e-02 1.97752912e-04 
3.57281717 0.00033458 1.04541715e-02 1.97819745e-04 
3.57348634 0.00033457 1.03810298e-02 1.97886641e-04 
3.57415548 0.00033456 1.03904604e-02 1.97953606e-04 
3.57482460 0.00033456 1.07687358e-02 1.98020638e-04 
3.57549372 0.00033456 1.09263611e-02 1.98087738e-04 
3.57616284 0.00033455 1.08028543e-02 1.98154905e-04 
3.57683194 0.00033454 1.02397283e-02 1.98222024e-04 
3.57750102 0.00033454 1.04503370e-02 1.98272257e-04 
3.57817010 0.00033454 1.05994862e-02 1.98312638e-04 
3.57883918 0.00033453 1.03854048e-02 1.98352979e-04 
3.57950824 0.00033453 1.09342507e-02 1.98393345e-04 
3.58017730 0.00033453 1.04193616e-02 1.98433736e-04 
3.58084636 0.00033453 1.06853613e-02 1.98474153e-04 
3.58151542 0.00033450 1.09176410e-02 1.98514593e-04 
3.58218442 0.00033450 1.08861314e-02 1.98555053e-04 
3.58285342 0.00033450 1.04820628e-02 1.98595538e-04 
3.58352242 0.00033450 1.04100580e-02 1.98636048e-04 
3.58419141 0.00033452 1.10236653e-02 1.98676583e-04 
3.58486045 0.00033452 1.05605954e-02 1.98717147e-04 
3.58552948 0.00033452 1.09456332e-02 1.98757731e-04 
3.58619852 0.00033452 1.04729336e-02 1.98798345e-04 
3.58686755 0.00033449 1.00551428e-02 1.98838983e-04 
3.58753653 0.00033449 1.04961966e-02 1.98879638e-04 
3.58820550 0.00033449 1.08687898e-02 1.98920321e-04 
3.58887448 0.00033448 1.02332294e-02 1.98961029e-04 
3.58954344 0.00033447 1.07367098e-02 1.99001763e-04 
3.59021238 0.00033447 1.06131646e-02 1.99042516e-04 
3.59088131 0.00033447 1.05479609e-02 1.99083299e-04 
3.59155024 0.00033446 1.05372414e-02 1.99124153e-04 
3.59221917 0.00033446 1.03117510e-02 1.99172588e-04 
3.59288808 0.00033446 1.00679439e-02 1.99221604e-04 
3.59355699 0.00033446 1.07476884e-02 1.99270659e-04 
3.59422590 0.00033444 1.03652777e-02 1.99319748e-04 
3.59489479 0.00033442 1.06584502e-02 1.99368876e-04 
3.59556364 0.00033442 1.02615258e-02 1.99418038e-04 
3.59623249 0.00033442 1.07057979e-02 1.99467231e-04 
3.59690134 0.00033444 1.03503163e-02 1.99516467e-04 
3.59757021 0.00033444 1.05040904e-02 1.99565733e-04 
3.59823910 0.00033444 1.07341561e-02 1.99615042e-04 
3.59890799 0.00033444 1.03277851e-02 1.99664387e-04 
3.59957687 0.00033442 1.04282821e-02 1.99713768e-04 
3.60024572 0.00033441 1.05623545e-02 1.99763187e-04 
3.60091455 0.00033441 1.02482034e-02 1.99812636e-04 
3.60158338 0.00033441 1.03676547e-02 1.99862122e-04 
3.60225221 0.00033440 1.02441732e-02 1.99911646e-04 
3.60292100 0.00033439 1.04086235e-02 1.99961205e-04 
3.60358979 0.00033439 1.04896057e-02 2.00010801e-04 
3.60425857 0.00033439 1.03060723e-02 2.00060430e-04 
3.60492736 0.00033438 1.03965457e-02 2.00110100e-04 
3.60559613 0.00033438 1.05289332e-02 2.00159804e-04 
3.60626489 0.00033438 1.08988056e-02 2.00209727e-04 
3.60693366 0.00033438 1.06052526e-02 2.00260250e-04 
3.60760242 0.00033436 1.06809148e-02 2.00310818e-04 
3.60827115 0.00033436 1.06667918e-02 2.00361419e-04 
3.60893987 0.00033436 1.00135211e-02 2.00412058e-04 
3.60960859 0.00033436 1.05903863e-02 2.00462736e-04 
3.61027731 0.00033434 1.04502844e-02 2.00513452e-04 
3.61094599 0.00033434 1.05304882e-02 2.00564201e-04 
3.61161467 0.00033434 1.01964651e-02 2.00614993e-04 
3.61228335 0.00033434 1.06245327e-02 2.00665821e-04 
3.61295204 0.00033435 1.06759494e-02 2.00716690e-04 
3.61362074 0.00033435 1.03907553e-02 2.00767599e-04 
3.61428944 0.00033435 1.08796767e-02 2.00818542e-04 
3.61495814 0.00033434 1.04294527e-02 2.00869529e-04 
3.61562682 0.00033432 1.03827467e-02 2.00920549e-04 
3.61629546 0.00033432 1.09590121e-02 2.00971607e-04 
3.61696410 0.00033432 1.10317519e-02 2.01022706e-04 
3.61763274 0.00033431 1.06839498e-02 2.01073841e-04 
3.61830137 0.00033431 1.09427013e-02 2.01125017e-04 
3.61896998 0.00033431 1.06579099e-02 2.01176232e-04 
3.61963860 0.00033431 1.07174483e-02 2.01227481e-04 
3.62030722 0.00033430 1.08233484e-02 2.01278798e-04 
3.62097581 0.00033429 1.01362999e-02 2.01334141e-04 
3.62164439 0.00033429 1.02747270e-02 2.01393060e-04 
3.62231297 0.00033429 1.05116091e-02 2.01452050e-04 
3.62298154 0.00033427 1.04952493e-02 2.01511091e-04 
3.62365008 0.00033426 1.06142725e-02 2.01570181e-04 
3.62431859 0.00033426 1.05016143e-02 2.01629322e-04 
3.62498710 0.00033426 1.03448093e-02 2.01688517e-04 
3.62565562 0.00033427 1.05756468e-02 2.01747762e-04 
3.62632416 0.00033428 1.04929452e-02 2.01807059e-04 
3.62699271 0.00033428 1.05466285e-02 2.01866414e-04 
3.62766127 0.00033428 1.02420421e-02 2.01925820e-04 
3.62832982 0.00033425 1.10872189e-02 2.01985281e-04 
3.62899832 0.00033425 1.05271705e-02 2.02044781e-04 
3.62966681 0.00033425 1.04133856e-02 2.02104339e-04 
3.63033530 0.00033425 1.02369255e-02 2.02163950e-04 
3.63100380 0.00033424 1.04066164e-02 2.02223615e-04 
3.63167227 0.00033424 1.04993691e-02 2.02283327e-04 
3.63234074 0.00033424 1.06852712e-02 2.02343096e-04 
3.63300921 0.00033423 1.05738756e-02 2.02402919e-04 
3.63367768 0.00033421 1.04025550e-02 2.02462789e-04 
3.63434610 0.00033421 1.07273795e-02 2.02522712e-04 
3.63501453 0.00033421 1.07614495e-02 2.02582659e-04 
3.63568296 0.00033421 1.04394606e-02 2.02638500e-04 
3.63635138 0.00033418 1.06989311e-02 2.02693447e-04 
3.63701974 0.00033418 1.05816259e-02 2.02748426e-04 
3.63768811 0.00033418 1.03576455e-02 2.02803448e-04 
3.63835648 0.00033419 1.08627300e-02 2.02858516e-04 
3.63902486 0.00033420 1.03248867e-02 2.02913630e-04 
3.63969326 0.00033420 1.10009613e-02 2.02968794e-04 
3.64036167 0.00033420 1.05355829e-02 2.03024000e-04 
3.64103008 0.00033419 1.06833045e-02 2.03079253e-04 
3.64169846 0.00033417 1.03541401e-02 2.03134548e-04 
3.64236680 0.00033417 1.06103596e-02 2.03189882e-04 
3.64303515 0.00033417 1.08666354e-02 2.03245267e-04 
3.64370349 0.00033417 1.02718155e-02 2.03300692e-04 
3.64437183 0.00033416 1.05852567e-02 2.03356167e-04 
3.64504015 0.00033416 1.08670079e-02 2.03411681e-04 
3.64570847 0.00033416 1.08369346e-02 2.03467243e-04 
3.64637680 0.00033415 1.01728695e-02 2.03522849e-04 
3.64704509 0.00033414 1.04130802e-02 2.03578501e-04 
3.64771338 0.00033414 1.04694419e-02 2.03634197e-04 
3.64838166 0.00033414 1.05658798e-02 2.03689939e-04 
3.64904994 0.00033412 1.10348495e-02 2.03745739e-04 
3.64971818 0.00033411 1.03846301e-02 2.03803825e-04 
3.65038639 0.00033411 1.08461025e-02 2.03880552e-04 
3.65105461 0.00033411 1.06595283e-02 2.03957491e-04 
3.65172283 0.00033413 1.05691064e-02 2.04034514e-04 
3.65239109 0.00033413 1.04752546e-02 2.04111633e-04 
3.65305935 0.00033413 1.04673894e-02 2.04188835e-04 
3.65372761 0.00033413 1.03277222e-02 2.04266126e-04 
3.65439587 0.00033410 1.05280143e-02 2.04343508e-04 
3.65506407 0.00033410 1.05089614e-02 2.04420967e-04 
3.65573227 0.00033410 1.04627364e-02 2.04498515e-04 
3.65640046 0.00033410 1.05970601e-02 2.04576151e-04 
3.65706866 0.00033408 1.06840720e-02 2.04653879e-04 
3.65773682 0.00033408 1.05802671e-02 2.04731686e-04 
3.65840497 0.00033408 1.06763355e-02 2.04809587e-04 
3.65907313 0.00033408 1.04015739e-02 2.04887571e-04 
3.65974128 0.00033407 1.00261589e-02 2.04965650e-04 
3.66040942 0.00033407 1.04869057e-02 2.05043812e-04 
3.66107755 0.00033407 1.05117202e-02 2.05122064e-04 
3.66174569 0.00033406 1.03844304e-02 2.05200406e-04 
3.66241382 0.00033406 1.02724890e-02 2.05278837e-04 
3.66308193 0.00033406 1.06462730e-02 2.05357358e-04 
3.66375005 0.00033406 1.07556590e-02 2.05436180e-04 
3.66441816 0.00033404 1.05145092e-02 2.05547872e-04 
3.66508625 0.00033403 1.06801020e-02 2.05712939e-04 
3.66575430 0.00033403 1.11079325e-02 2.05878746e-04 
3.66642235 0.00033403 1.02477151e-02 2.06044956e-04 
3.66709040 0.00033403 1.03810435e-02 2.06211567e-04 
3.66775847 0.00033404 1.03545013e-02 2.06378591e-04 
3.66842654 0.00033404 1.07484581e-02 2.06546016e-04 
3.66909461 0.00033404 1.00077277e-02 2.06713855e-04 
3.66976268 0.00033402 1.03155549e-02 2.06882103e-04 
3.67043071 0.00033400 1.05722862e-02 2.07050749e-04 
3.67109872 0.00033400 1.05611063e-02 2.07219806e-04 
3.67176673 0.00033400 1.00024747e-02 2.07389275e-04 
3.67243474 0.00033400 1.05939910e-02 2.07559163e-04 
3.67310273 0.00033399 1.05031987e-02 2.07729464e-04 
3.67377072 0.00033399 1.02144936e-02 2.07900182e-04 
3.67443871 0.00033399 1.06047148e-02 2.08071324e-04 
3.67510670 0.00033398 1.07237445e-02 2.08242889e-04 
3.67577465 0.00033397 1.08144682e-02 2.08414868e-04 
3.67644260 0.00033397 1.05974035e-02 2.08587275e-04 
3.67711055 0.00033397 1.06875239e-02 2.08760107e-04 
3.67777850 0.00033394 1.04839180e-02 2.08933368e-04 
3.67844638 0.00033394 1.05949661e-02 2.09106140e-04 
3.67911427 0.00033394 1.08559294e-02 2.09142567e-04 
3.67978215 0.00033394 1.07399652e-02 2.09105499e-04 
3.68045004 0.00033396 1.06253606e-02 2.09067963e-04 
3.68111796 0.00033396 1.00916155e-02 2.09030443e-04 
3.68178589 0.00033396 1.06201595e-02 2.08992947e-04 
3.68245381 0.00033396 1.05505918e-02 2.08955472e-04 
3.68312172 0.00033393 1.07339669e-02 2.08918011e-04 
3.68378959 0.00033393 1.03629440e-02 2.08880577e-04 
3.68445745 0.00033393 1.05896904e-02 2.08843164e-04 
3.68512531 0.00033393 1.04529616e-02 2.08805771e-04 
3.68579317 0.00033391 1.03308276e-02 2.08768398e-04 
3.68646099 0.00033391 1.06033400e-02 2.08731046e-04 
3.68712881 0.00033391 1.09602089e-02 2.08693716e-04 
3.68779663 0.00033391 1.05049775e-02 2.08656408e-04 
3.68846444 0.00033390 1.04269682e-02 2.08619117e-04 
3.68913224 0.00033390 1.07975162e-02 2.08581845e-04 
3.68980004 0.00033390 1.11311478e-02 2.08544594e-04 
3.69046784 0.00033388 1.03506760e-02 2.08507364e-04 
3.69113561 0.00033387 1.06544075e-02 2.08470158e-04 
3.69180335 0.00033387 1.01849723e-02 2.08432968e-04 
3.69247109 0.00033387 1.06341392e-02 2.08395803e-04 
3.69313883 0.00033388 1.06821459e-02 2.08358812e-04 
3.69380659 0.00033389 1.05087918e-02 2.08345370e-04 
3.69447437 0.00033389 1.02164684e-02 2.08334173e-04 
3.69514214 0.00033389 1.10487506e-02 2.08322993e-04 
3.69580992 0.00033387 1.04387864e-02 2.08311817e-04 
3.69647766 0.00033386 1.08634116e-02 2.08300638e-04 
3.69714537 0.00033386 1.04065688e-02 2.08289463e-04 
3.69781309 0.00033386 1.06996651e-02 2.08278288e-04 
3.69848081 0.00033384 1.09743343e-02 2.08267120e-04 
3.69914849 0.00033384 1.03850990e-02 2.08255953e-04 
3.69981616 0.00033384 1.05435187e-02 2.08245213e-04 
3.70048384 0.00033384 1.06143912e-02 2.08298540e-04 
3.70115151 0.00033383 1.08544956e-02 2.08376622e-04 
3.70181917 0.00033383 1.07033850e-02 2.08454950e-04 
3.70248682 0.00033383 1.07081339e-02 2.08533360e-04 
3.70315448 0.00033383 1.05287639e-02 2.08611865e-04 
3.70382213 0.00033380 1.07683806e-02 2.08690459e-04 
3.70448972 0.00033380 1.03654884e-02 2.08769134e-04 
3.70515731 0.00033380 1.03060562e-02 2.08847898e-04 
3.70582490 0.00033380 1.04705425e-02 2.08926746e-04 
3.70649250 0.00033381 1.05480845e-02 2.09005689e-04 
3.70716011 0.00033381 1.05460907e-02 2.09084793e-04 
3.70782772 0.00033381 1.05428572e-02 2.09174128e-04 
3.70849533 0.00033380 1.06838127e-02 2.09308678e-04 
3.70916292 0.00033377 1.05688068e-02 2.09443783e-04 
3.70983047 0.00033377 1.07141182e-02 2.09579137e-04 
3.71049802 0.00033377 1.04279547e-02 2.09714760e-04 
3.71116557 0.00033377 1.05557495e-02 2.09850640e-04 
3.71183311 0.00033376 1.06586155e-02 2.09986789e-04 
3.71250064 0.00033376 1.03149125e-02 2.10123198e-04 
3.71316817 0.00033376 1.06725360e-02 2.10259875e-04 
3.71383570 0.00033375 1.04102682e-02 2.10396816e-04 
3.71450321 0.00033374 1.05300546e-02 2.10534020e-04 
3.71517069 0.00033374 1.03443848e-02 2.10671491e-04 
3.71583818 0.00033374 1.06066249e-02 2.10809231e-04 
3.71650567 0.00033374 1.03934285e-02 2.10947242e-04 
3.71717314 0.00033373 1.04072937e-02 2.11085518e-04 
3.71784061 0.00033373 1.07257591e-02 2.11224066e-04 
3.71850807 0.00033373 1.02618697e-02 2.11362892e-04 
3.71917554 0.00033371 1.06207031e-02 2.12210530e-04 
