# FeO - temp_cond=1650, molecular_weight=71.79
# Wav (microns)	n	k
# Fixed error where indices didn't match papers
# These are now solely from Table 2 in Begemann 1995 
# (their table goes up to 500 um, only up to 42 um recorded here)
# Note that my precomputed database only goes up to 30 um and the 
# largest FeO feature is around 25-40 um
0.2 1.38 1.16
0.25 1.77 1.16
0.30 2.00 1.05
0.35 2.13 0.95
0.40 2.22 0.87
0.45 2.29 0.80
0.50 2.34 0.74
0.60 2.42 0.64
0.70 2.44 0.55
0.80 2.44 0.51
0.90 2.44 0.50
1.00 2.45 0.49
1.20 2.48 0.51
1.40 2.52 0.53
1.60 2.58 0.53
1.80 2.65 0.51
2.00 2.70 0.46
2.50 2.74 0.34
3.00 2.75 0.27
3.50 2.74 0.22
4.00 2.73 0.19
4.50 2.72 0.17
5.00 2.71 0.15
6.00 2.68 0.13
7.00 2.64 0.12
8.00 2.60 0.11
9.00 2.55 0.11
10.0 2.48 0.11
11.0 2.41 0.12
12.0 2.33 0.13
13.0 2.22 0.15
14.0 2.10 0.19
15.0 1.94 0.24
16.0 1.79 0.36
17.0 1.63 0.42
18.0 1.29 0.60
19.0 1.06 1.02
20.0 0.99 1.46
21.0 1.01 1.88
22.0 1.08 2.29
23.0 1.20 2.69
24.0 1.36 3.11
25.0 1.61 3.56
26.0 1.95 4.00
27.0 2.42 4.42
28.0 3.05 4.79
29.0 3.86 5.01
30.0 4.82 4.92
31.0 5.69 4.43
32.0 6.18 3.64
33.0 6.32 2.88
34.0 6.22 2.35
35.0 6.08 1.96
36.0 5.90 1.68
38.0 5.66 1.33
40.0 5.41 1.13
42.0 5.22 0.99