    0.328521660027818261E-61    0.805395735071214661E+07    0.151452786064333500E+01    0.351602501822367412E+04    0.802877878059029548E+01    0.921278861723078712E+00    0.207436259951614488E+03    0.908356411918720141E+01    0.187399589517801211E+02
    0.436685361840257147E-79    0.805403967455515824E+07    0.208544150851045984E+01    0.284576229758559703E+04    0.893074663505310440E+01    0.921641131443874162E+00    0.190634970668414951E+03    0.608006997027544571E+00    0.324796111032433714E+02
    0.100986041781863108E-43    0.805387681688972842E+07    0.123277960734802949E+01    0.372193670245789963E+04    0.989621256217603107E+00    0.920829780109395757E+00    0.202749096073475528E+03    0.755814070718144038E+01    0.931967253021570663E+01
    0.952208577394531842E-60    0.805395061717929505E+07    0.261802429721164653E+01    0.272527784854197762E+04    0.849991285718019407E+00    0.921294681545224980E+00    0.222285237097807027E+03    0.444532448202822117E+01    0.365516357011995368E+02
    0.111163927139570407E-02    0.805368781286485121E+07    0.273828177622700109E+01    0.251499199010075654E+04    0.862401167605510333E+00    0.917175249333924802E+00    0.182449662167881939E+03    0.890276712234875944E+01    0.196687138940544131E+02
    0.345974386687622389E-45    0.805388356446522381E+07    0.144523401607354440E+01    0.410675033413027450E+04    0.451763119479432262E+01    0.914872827540239020E+00    0.190707918708313002E+03    0.772092190541937029E+01    0.297705250209009762E+02
    0.144207733194196077E-81    0.805405110081170686E+07    0.205570888082024927E+01    0.419024696618107737E+04    0.348015875816404208E+01    0.913893283819795843E+00    0.186993429748822592E+03    0.729248512274471494E+01    0.281217677325969078E+02
    0.515585346502606456E-45    0.805388276658901386E+07    0.217239488674564152E+01    0.350818206882181903E+04    0.307689415308878589E+01    0.920759497557693485E+00    0.220633590520427845E+03   -0.369584727943128488E+01    0.340560431845465459E+02
    0.328270775296698350E-06    0.805370406787985656E+07    0.174466851922419974E+01    0.401814481126274586E+04    0.114500052365807559E+01    0.916704085317784356E+00    0.224471432550204554E+03   -0.424065573332683066E+01    0.245139452116310892E+02
    0.343265919101400606E-02    0.805368555786587484E+07    0.201916619644401729E+01    0.426125745617821849E+04    0.125936148371552914E+01    0.917225644592075673E+00    0.181454849283184700E+03    0.244226417714591371E+01    0.201678429786757150E+02
    0.832201005926286608E-31    0.805381733666410018E+07    0.267021125890258748E+01    0.333721214195511538E+04    0.511208272687640886E+01    0.915801227291934361E+00    0.199120674567330127E+03    0.863996523562748919E+00    0.426853442351233348E+01
    0.630377236147513745E-70    0.805399749381250888E+07    0.339993865381900529E+01    0.395073077783862254E+04    0.846401023804048513E+01    0.920067373809149602E+00    0.186532009214647275E+03    0.678836477526596838E+01    0.230854531535534946E+02
    0.146492068999736038E-16    0.805375173331674002E+07    0.300857226713953541E+01    0.321312418352222403E+04    0.558828889954380070E+01    0.917454086942109726E+00    0.206215592735294933E+03    0.658285594206302704E+01    0.328784824409002354E+02
    0.449527644900334849E-85    0.805406724760744721E+07    0.273669014118492449E+01    0.415763112621713390E+04    0.385264890244525127E+01    0.921754252470906921E+00    0.193003670223536261E+03    0.742667642010491491E+01    0.226623810473805598E+02
    0.574077867518675052E-46    0.805388715683481097E+07    0.343103321310576881E+01    0.230585148824480348E+04    0.602350928421180942E+01    0.920095989752949706E+00    0.194423769336296715E+03    0.327729489729798651E+01    0.647505088428238196E+01
    0.164265296951100978E-35    0.805383900252728444E+07    0.284406109224901282E+01    0.266195992358228159E+04    0.947203191270305744E+01    0.919544594035024088E+00    0.218398818188298634E+03   -0.637169126984479295E+01    0.127396851222638841E+02
    0.844563992689935920E-04    0.805369296757607069E+07    0.187135199906843908E+01    0.269119820396800242E+04    0.728097786422282933E+01    0.917632658008207702E+00    0.195005716018485231E+03   -0.766751800301662012E+01    0.496456694558923672E+01
    0.953021934355765007E-16    0.805374798798348196E+07    0.310142973739490957E+01    0.249139380500003699E+04    0.266641359540742551E+01    0.919247241941214654E+00    0.198763116676525726E+03   -0.352992775617749821E+01    0.265198228909371565E+02
    0.133991878801348399E-11    0.805372888585000671E+07    0.340642330320144815E+01    0.278346506905840488E+04    0.326362260364340928E+01    0.917615821109989849E+00    0.203917574026858404E+03   -0.518803463442558233E+01    0.214266750586730517E+02
    0.367048300764720707E-46    0.805388805137800239E+07    0.336727711240585759E+01    0.420872310917852246E+04    0.766596326443087950E+01    0.918926597526658839E+00    0.173409117868826513E+03    0.970974667682813930E+00    0.292444287334370046E+02
    0.858643609119155303E-31    0.805381727410421986E+07    0.243529576758367039E+01    0.417150876164857982E+04    0.797724448205227610E+01    0.919646547313770157E+00    0.187801550787159414E+03   -0.281807862224965433E+01    0.880447547467427860E+01
    0.306601439261244580E-92    0.805410024909613468E+07    0.309433628267598682E+01    0.384881901312797163E+04    0.944536886129328579E+01    0.914542565693740483E+00    0.191780481411562647E+03   -0.251660071915076422E+01    0.305564317810181407E+02
    0.106332166688310948E-96    0.805412078773851506E+07    0.317458359153897440E+01    0.430995760714907556E+04    0.583571513346842252E+01    0.914054370789851522E+00    0.193348654028731346E+03   -0.338217309498581109E+01    0.342063966630132299E+02
    0.244142814912080297E-05    0.805370005488055293E+07    0.195762373402818124E+01    0.323181239469746743E+04    0.757877375671873832E+01    0.917837138483729609E+00    0.180140988604394380E+03   -0.555166713789457589E+00    0.351051218140567798E+02
    0.862582347053140622E-52    0.805391397352477815E+07    0.101788857718846160E+01    0.297458431551887998E+04    0.400625147910709334E+01    0.921083116042343275E+00    0.177165961088559982E+03   -0.558425358214476208E+01    0.371634715904198032E+02
    0.994734329577951271E+00    0.805367421958495304E+07    0.129681645887503438E+01    0.296616020382238321E+04    0.435096184742608916E+00    0.917470711875211231E+00    0.211033218344745052E+03    0.185829291224122528E+01    0.279705163039670097E+02
    0.311117209925067330E-14    0.805374101657950506E+07    0.264983917007478276E+01    0.405354514579632632E+04    0.172094474304532330E+01    0.916332592448960592E+00    0.193048260900739990E+03   -0.608346663449068714E+01    0.487689872993130038E+02
    0.633213789379434414E-03    0.805368893843069300E+07    0.262303559621943272E+01    0.322329990622114292E+04    0.210890341043464513E+01    0.917845385332261121E+00    0.179844913711783164E+03    0.466948663950079990E+01    0.354319402438586195E+02
    0.978061716585701486E-54    0.805392293258084264E+07    0.203259491457142705E+01    0.318831011765348376E+04    0.555681832434655743E+01    0.920998987408610414E+00    0.209372989675346275E+03    0.521606372445743460E+01    0.321602998983094892E+02
    0.932157699188392960E-06    0.805370198055345006E+07    0.151417114175790024E+01    0.247369189744774849E+04    0.689022562409688266E+01    0.916880414820948952E+00    0.214777515205002601E+03    0.951651525558284916E+01    0.410394867137107084E+02
    0.577171181802814805E-10    0.805372135996040888E+07    0.246294165701238832E+01    0.332165774158187287E+04    0.637265712993541911E+01    0.918054802227659672E+00    0.215553344830429410E+03   -0.873973977966370441E+00    0.284048379984292296E+02
    0.414118340361320225E-16    0.805374965495576244E+07    0.201186474686287653E+01    0.364781641427150316E+04    0.857323378868596997E+01    0.916540799530274675E+00    0.184612806429050863E+03    0.869330172057313533E+01    0.213095044701310350E+02
    0.221591513428031878E-74    0.805401800545879360E+07    0.295174669326810157E+01    0.368055486517891768E+04    0.907337658885908027E+01    0.920856507669633784E+00    0.193810520732480654E+03    0.797079557143086959E+01    0.296735890148454722E+02
    0.232606782434585818E-13    0.805373699304996524E+07    0.167405872949786660E+01    0.255901475789127699E+04    0.946435730288639121E+01    0.916414374272891741E+00    0.189358834494657856E+03    0.252900843492616367E+01    0.142229920433776602E+02
