10.010400000 0.000503378 
10.029800000 0.002449324 
10.049200000 0.000682432 
10.068700000 0.000750000 
10.088300000 0.000000000 
10.108000000 0.000445946 
10.127700000 0.000000000 
10.147500000 0.000699324 
10.167400000 0.001087838 
10.187400000 0.000915541 
10.207400000 0.000939189 
10.227600000 0.000905405 
10.247800000 0.000388514 
10.268100000 0.000000000 
10.288500000 0.000181419 
10.308900000 0.000120608 
10.329400000 0.001104730 
10.350100000 0.000888514 
10.370800000 0.000554054 
10.391600000 0.001023649 
10.412400000 0.001020270 
10.433400000 0.000557432 
10.454400000 0.000689189 
10.475500000 0.001277027 
10.496700000 0.000506757 
10.518000000 0.000083784 
10.539400000 0.000557432 
10.560900000 0.000000000 
10.582400000 0.000000000 
10.604100000 0.000000000 
10.625800000 0.000000000 
10.647600000 0.000000000 
10.669500000 0.000000000 
10.691500000 0.000000000 
10.713600000 0.000000000 
10.735800000 0.000000000 
10.758100000 0.000000000 
10.780400000 0.000435811 
10.802900000 0.000503378 
10.825400000 0.001165541 
10.848100000 0.000925676 
10.870800000 0.000402027 
10.893700000 0.000296959 
10.916600000 0.000000000 
10.939600000 0.000000000 
10.962800000 0.000000000 
10.986000000 0.000000000 
11.009300000 0.000000000 
11.032700000 0.000000000 
11.056300000 0.000134122 
11.079900000 0.000935811 
11.103600000 0.000986486 
11.127400000 0.000000000 
11.151400000 0.000000000 
11.175400000 0.000000000 
11.199500000 0.000000000 
11.223800000 0.000000000 
11.248100000 0.000398649 
11.272600000 0.000071284 
11.297100000 0.000000000 
11.321800000 0.000000000 
11.346600000 0.000000000 
11.371500000 0.000000000 
11.396500000 0.000000000 
11.421500000 0.000207432 
11.446800000 0.000361486 
11.472100000 0.000719595 
11.497500000 0.000905405 
11.523100000 0.001239865 
11.548700000 0.001726351 
11.574500000 0.001168919 
11.600400000 0.000567568 
11.626400000 0.000810811 
11.652600000 0.000290203 
11.678800000 0.000177703 
11.705200000 0.000144257 
11.731600000 0.000318919 
11.758200000 0.000000000 
11.785000000 0.000000000 
11.811800000 0.000000000 
11.838800000 0.000000000 
11.865900000 0.000000000 
11.893100000 0.000347973 
11.920400000 0.001070946 
11.947900000 0.000739865 
11.975500000 0.000854730 
12.003200000 0.001027027 
12.031100000 0.001746622 
12.059000000 0.001891892 
12.087100000 0.002503378 
12.115400000 0.000878378 
12.143800000 0.000466216 
12.172300000 0.000000000 
12.200900000 0.000000000 
12.229700000 0.000000000 
12.258600000 0.000000000 
12.287600000 0.000793919 
12.316800000 0.002476351 
12.346200000 0.002726351 
12.375600000 0.002435811 
12.405200000 0.002432432 
12.435000000 0.002037162 
12.464900000 0.001527027 
12.494900000 0.001489865 
12.525100000 0.002020270 
12.555400000 0.001645270 
12.585900000 0.002408784 
12.616500000 0.004155405 
12.647300000 0.005540541 
12.678200000 0.008750000 
12.709300000 0.010878378 
12.740500000 0.013040541 
12.771900000 0.017533784 
12.803400000 0.025574324 
12.835100000 0.038175676 
12.867000000 0.059797297 
12.899000000 0.077027027 
12.931100000 0.093243243 
12.963500000 0.106756757 
12.996000000 0.131756757 
13.028600000 0.170945946 
13.061400000 0.219256757 
13.094400000 0.289864865 
13.127600000 0.354729730 
13.160900000 0.432432432 
13.194400000 0.503378378 
13.228000000 0.577702703 
13.261900000 0.638513514 
13.295900000 0.675675676 
13.330000000 0.706081081 
13.364400000 0.722972973 
13.398900000 0.719594595 
13.433600000 0.709459459 
13.468500000 0.722972973 
13.503600000 0.736486486 
13.538900000 0.763513514 
13.574300000 0.790540541 
13.609900000 0.861486486 
13.645700000 0.908783784 
13.681700000 0.939189189 
13.717900000 0.945945946 
13.754300000 0.962837838 
13.790900000 0.935810811 
13.827700000 0.932432432 
13.864700000 0.935810811 
13.901800000 0.949324324 
13.939200000 0.952702703 
13.976800000 0.962837838 
14.014600000 0.962837838 
14.052500000 0.959459459 
14.090700000 0.952702703 
14.129100000 0.942567568 
14.167700000 0.929054054 
14.206500000 0.929054054 
14.245600000 0.929054054 
14.284800000 0.935810811 
14.324300000 0.935810811 
14.364000000 0.939189189 
14.403800000 0.949324324 
14.444000000 0.952702703 
14.484300000 0.939189189 
14.524900000 0.949324324 
14.565700000 0.959459459 
14.606700000 0.969594595 
14.648000000 0.976351351 
14.689500000 0.989864865 
14.731200000 1.000000000 
14.773200000 0.993243243 
14.815400000 0.993243243 
14.857800000 0.983108108 
14.900500000 0.966216216 
14.943500000 0.935810811 
14.986700000 0.915540541 
15.030100000 0.895270270 
15.073800000 0.881756757 
15.117700000 0.864864865 
15.161900000 0.844594595 
15.206400000 0.827702703 
15.251100000 0.807432432 
15.296100000 0.793918919 
15.341400000 0.783783784 
15.386900000 0.770270270 
15.432700000 0.763513514 
15.478700000 0.760135135 
15.525100000 0.766891892 
15.571700000 0.797297297 
15.618600000 0.827702703 
15.665800000 0.847972973 
15.713300000 0.871621622 
15.761000000 0.902027027 
15.809100000 0.902027027 
15.857400000 0.891891892 
15.906100000 0.881756757 
15.955000000 0.875000000 
16.004300000 0.858108108 
16.053800000 0.841216216 
16.103700000 0.831081081 
16.153800000 0.814189189 
16.204300000 0.797297297 
16.255100000 0.783783784 
16.306200000 0.773648649 
16.357700000 0.770270270 
16.409400000 0.777027027 
16.461500000 0.783783784 
16.514000000 0.787162162 
16.566700000 0.787162162 
16.619800000 0.790540541 
16.673300000 0.790540541 
16.727100000 0.790540541 
16.781200000 0.783783784 
16.835700000 0.773648649 
16.890500000 0.770270270 
16.945700000 0.766891892 
17.001300000 0.763513514 
17.057200000 0.770270270 
17.113500000 0.787162162 
17.170200000 0.793918919 
17.227200000 0.780405405 
17.284600000 0.793918919 
17.342400000 0.817567568 
17.400600000 0.820945946 
17.459200000 0.841216216 
17.518200000 0.844594595 
17.577600000 0.844594595 
17.637400000 0.841216216 
17.697500000 0.804054054 
17.758200000 0.770270270 
17.819200000 0.756756757 
17.880600000 0.750000000 
17.942500000 0.753378378 
18.004800000 0.746621622 
18.067500000 0.736486486 
18.130700000 0.739864865 
18.194300000 0.756756757 
18.258400000 0.746621622 
18.322900000 0.739864865 
18.387900000 0.760135135 
18.453300000 0.746621622 
18.519200000 0.702702703 
18.585600000 0.635135135 
18.652500000 0.530405405 
18.719800000 0.398648649 
18.787600000 0.270608108 
18.855900000 0.168918919 
18.924800000 0.095270270 
18.994100000 0.056081081 
19.063900000 0.032601351 
19.134300000 0.020337838 
19.205100000 0.013175676 
19.276500000 0.009222973 
19.348500000 0.005101351 
19.420900000 0.001929054 
19.493900000 0.000000000 
19.567500000 0.000000000 
19.641600000 0.000746622 
19.716300000 0.002682432 
19.791600000 0.003479730 
19.867400000 0.003614865 
19.943800000 0.003297297 
20.020800000 0.001675676 
20.098400000 0.000000000 
20.176600000 0.000000000 
20.255400000 0.000012500 
20.334800000 0.000000000 
20.414900000 0.000000000 
20.495600000 0.000000000 
20.576900000 0.000000000 
20.658900000 0.000483108 
20.741600000 0.001162162 
20.824800000 0.001581081 
20.908800000 0.003614865 
20.993500000 0.003648649 
21.078800000 0.001976351 
21.164800000 0.001929054 
21.251600000 0.001334459 
21.339000000 0.000364865 
21.427200000 0.000194257 
21.516100000 0.000079392 
21.605800000 0.000000000 
21.696200000 0.000000000 
21.787300000 0.000000000 
21.879300000 0.000000000 
21.972000000 0.000000000 
22.065500000 0.000000000 
22.159800000 0.000000000 
22.254900000 0.000000000 
22.350800000 0.000000000 
22.447500000 0.000989865 
22.545200000 0.001736486 
22.643600000 0.001300676 
22.742900000 0.000104730 
22.843100000 0.000242905 
22.944200000 0.000207095 
23.046100000 0.000000000 
23.149100000 0.000000000 
23.252800000 0.000000000 
23.357600000 0.000000000 
23.463300000 0.000000000 
23.570000000 0.000000000 
23.677500000 0.000000000 
23.786200000 0.000000000 
23.895800000 0.000000000 
24.006400000 0.000000000 
24.118100000 0.000164865 
24.230800000 0.000000000 
24.344500000 0.000000000 
24.459400000 0.000000000 
24.575300000 0.001239865 
24.692300000 0.000000000 
24.810400000 0.000000000 
24.929800000 0.000000000 
25.050200000 0.000000000 
25.171800000 0.000000000 
25.294600000 0.000435811 
25.418500000 0.001185811 
25.543800000 0.001641892 
25.670200000 0.001037162 
25.797900000 0.001378378 
25.926900000 0.000628378 
26.057200000 0.000000000 
26.188800000 0.000837838 
26.321700000 0.000000000 
26.456000000 0.000000000 
26.591700000 0.000000000 
26.728800000 0.001006757 
26.867300000 0.002790541 
27.007200000 0.010168919 
27.148600000 0.018851351 
27.291500000 0.030945946 
27.435900000 0.042905405 
27.581800000 0.051351351 
27.729300000 0.053716216 
27.878400000 0.049324324 
28.029100000 0.040540541 
28.181400000 0.029695946 
28.335400000 0.020168919 
28.491200000 0.012804054 
28.648500000 0.007668919 
28.807700000 0.004628378 
28.968600000 0.003412162 
29.131300000 0.003682432 
29.296000000 0.004662162 
29.462400000 0.007668919 
29.630800000 0.011385135 
29.801000000 0.014020270 
29.973300000 0.013547297 
30.147500000 0.012128378 
30.323900000 0.009459459 
30.502200000 0.006081081 
30.682800000 0.003354730 
30.865300000 0.001979730 
31.050200000 0.001239865 
31.237200000 0.000847973 
31.426600000 0.000679054 
31.618200000 0.000604730 
31.812200000 0.000547297 
32.008500000 0.000466216 
32.207400000 0.000388514 
32.408600000 0.000358108 
32.612500000 0.000361486 
32.818800000 0.000358108 
33.027900000 0.000297297 
33.239600000 0.000236486 
33.454100000 0.000190878 
33.671300000 0.000167905 
33.891400000 0.000130743 
34.114300000 0.000079054 
34.340300000 0.000035135 
34.569200000 0.000007095 
34.801300000 0.000000000 
35.036300000 0.000000000 
