#NaCl - temp_cond=825, molecular_weight=58.44
#Wav (microns)	n	k
0.04769	0.83	0.15
0.04842	0.82	0.17
0.0488	0.83	0.17
0.04919	0.83	0.18
0.04959	0.83	0.18
0.04989	0.82	0.18
0.05219	0.82	0.18
0.05101	0.81	0.21
0.05144	0.81	0.22
0.05166	0.82	0.23
0.05187	0.82	0.23
0.05209	0.83	0.24
0.05298	0.85	0.23
0.0532	0.85	0.22
0.05343	0.85	0.21
0.05366	0.83	0.21
0.05391	0.82	0.21
0.05437	0.8	0.23
0.05485	0.79	0.26
0.0551	0.8	0.27
0.05534	0.8	0.28
0.05555	0.81	0.29
0.05584	0.82	0.3
0.05636	0.83	0.31
0.05661	0.84	0.32
0.05687	0.85	0.32
0.05766	0.87	0.32
0.05875	0.88	0.31
0.05931	0.88	0.3
0.0596	0.88	0.3
0.06018	0.88	0.3
0.06048	0.87	0.31
0.06137	0.87	0.33
0.06168	0.88	0.33
0.06199	0.88	0.34
0.0623	0.89	0.34
0.06261	0.91	0.34
0.06325	0.92	0.32
0.06358	0.92	0.31
0.0639	0.91	0.3
0.06423	0.9	0.29
0.06457	0.88	0.29
0.0649	0.8	0.3
0.06559	0.86	0.33
0.06594	0.86	0.34
0.06629	0.87	0.35
0.06666	0.88	0.35
0.06702	0.89	0.35
0.06727	0.9	0.35
0.06774	0.9	0.34
0.06811	0.9	0.33
0.06888	0.89	0.33
0.07085	0.85	0.33
0.07166	0.84	0.34
0.0725	0.82	0.36
0.07293	0.82	0.37
0.07335	0.82	0.38
0.07379	0.82	0.38
0.07423	0.82	0.38
0.07514	0.8	0.38
0.07553	0.79	0.39
0.07601	0.77	0.4
0.07652	0.74	0.43
0.077	0.74	0.45
0.07797	0.74	0.49
0.07896	0.74	0.53
0.07999	0.75	0.57
0.0805	0.76	0.59
0.08103	0.67	0.6
0.08156	0.71	0.62
0.08232	0.75	0.67
0.08376	0.77	0.71
0.08433	0.78	0.75
0.0846	0.79	0.77
0.08491	0.81	0.78
0.0852	0.82	0.79
0.08551	0.84	0.8
0.0857	0.85	0.81
0.08609	0.86	0.82
0.08669	0.88	0.84
0.0887	0.89	0.85
0.0873	0.91	0.86
0.08792	0.94	0.88
0.08856	0.98	0.89
0.08919	1.02	0.9
0.08983	1.06	0.9
0.09049	1.1	0.89
0.09184	1.16	0.85
0.09255	1.16	0.85
0.09322	1.2	0.81
0.0939	1.2	0.81
0.09464	1.21	0.74
0.095	1.21	0.74
0.09537	1.19	0.71
0.09574	1.17	0.7
0.09587	1.17	0.7
0.09611	1.16	0.7
0.09626	1.16	0.7
0.09648	1.14	0.71
0.09686	1.12	0.71
0.09712	1.12	0.75
0.09762	1.1	0.75
0.09802	1.1	0.81
0.0984	1.1	0.83
0.09879	1.14	0.83
0.09907	1.14	0.84
0.09958	1.15	0.85
0.09998	1.17	0.85
0.1003	1.17	0.85
0.1004	1.19	0.85
0.1007	1.19	0.85
0.1008	1.21	0.83
0.1016	1.24	0.79
0.1025	1.24	0.79
0.1033	1.24	0.79
0.1034	1.22	0.79
0.104	1.272	0.931
0.1042	1.2	0.79
0.1047	1.234	0.937
0.1051	1.16	0.8
0.1052	1.209	0.987
0.1058	1.204	1.05
0.106	1.12	0.86
0.1064	1.1	0.89
0.1065	1.219	1.14
0.1069	1.07	1.134
0.1071	1.255	1.19
0.1073	1.09	1.36
0.1077	1.338	1.21
0.1078	1.15	1.35
0.1082	1.422	1.23
0.1083	1.24	1.34
0.1085	1.491	1.22
0.1088	1.32	1.19
0.109	1.588	1.27
0.1092	1.4	1.21
0.1095	1.682	1.04
0.1097	1.49	1.02
0.1102	1.57	0.938
0.1104	1.864	0.93
0.1107	1.64	0.834
0.1117	1.75	0.78
0.1119	2	1.02
0.1124	2	0.938
0.1127	1.82	0.93
0.1133	1.9	0.834
0.1137	1.73	0.78
0.1146	1.975	0.706
0.1151	1.947	0.65
0.1161	1.873	0.569
0.1166	1.821	0.543
0.117	1.67	0.56
0.1175	1.58	0.546
0.1181	1.54	0.53
0.1186	1.654	0.54
0.1189	1.51	0.575
0.1192	1.49	0.56
0.1198	1.637	0.59
0.1205	1.637	0.645
0.1216	1.64	0.673
0.1221	1.5	0.7
0.1224	1.664	0.694
0.1227	1.52	0.71
0.123	1.673	0.687
0.1232	1.54	0.71
0.124	1.55	0.71
0.1251	1.711	0.697
0.1262	1.742	0.715
0.1265	1.59	0.7
0.1271	1.751	0.7
0.1283	1.764	0.681
0.1291	1.63	0.67
0.1293	1.77	0.68
0.1297	1.779	0.658
0.13	1.776	0.655
0.1313	1.787	0.647
0.1319	1.65	0.623
0.1332	1.78	0.65
0.1345	1.792	0.617
0.1348	1.66	0.597
0.1363	1.791	0.63
0.1378	1.67	0.585
0.1386	1.804	0.6
0.1393	1.66	0.564
0.1394	1.792	0.59
0.1402	1.789	0.549
0.1409	1.66	0.552
0.1413	1.789	0.6
0.1417	1.66	0.546
0.1425	1.66	0.59
0.1433	1.776	0.59
0.1442	1.65	0.529
0.145	1.749	0.58
0.1459	1.64	0.534
0.146	1.745	0.58
0.1467	1.64	0.539
0.1474	1.735	0.58
0.1476	1.63	0.58
0.1482	1.719	0.531
0.1485	1.61	0.57
0.1489	1.695	0.531
0.1494	1.59	0.58
0.1496	1.682	0.542
0.15	1.665	0.542
0.1503	1.55	0.58
0.1505	1.638	0.55
0.1512	1.5	0.6
0.1517	1.547	0.598
0.1521	1.44	0.65
0.1525	1.483	0.691
0.1531	1.38	0.691
0.1532	1.461	0.784
0.1534	1.451	0.829
0.1538	1.446	0.878
0.154	1.33	0.878
0.1542	1.47	0.974
0.1544	1.34	0.974
0.1545	1.49	1.01
0.155	1.38	1.01
0.1554	1.42	1.2
0.156	1.51	1.2
0.1563	1.6	1.4
0.1566	1.809	1.45
0.1569	1.929	1.51
0.1572	2.025	1.53
0.1573	1.84	1.53
0.1577	2.206	1.52
0.1579	2	1.52
0.1583	2.12	1.52
0.1589	2.563	1.45
0.1594	2.695	1.39
0.1596	2.778	1.37
0.16	2.911	1.31
0.1602	3.019	1.21
0.1604	3.078	1.12
0.1608	3.161	0.991
0.161	2.91	0.991
0.1613	3.252	0.737
0.1621	3.18	0.383
0.1628	3.019	0.151
0.1631	2.974	0.126
0.1634	2.902	8.67E-02
0.1638	2.827	2.76E-02
0.1642	2.55	2.76E-02
0.1653	2.46	2.76E-02
0.1664	2.4	5.67E-04
0.1671	2.4	5.67E-04
0.1675	2.34	1.11E-07
0.1686	2.34	1.11E-07
0.1698	2.25	1.37E-05
0.1704	2.25	1.37E-05
0.1721	2.25	2.02E-06
0.1722	2.17	2.02E-06
0.1743	2.081	4.43E-07
0.1771	2.03	4.43E-07
0.1772	1.9	4.43E-07
0.1837	1.97	4.43E-07
0.1907	1.81	4.43E-07
0.199	1.84	4.43E-07
0.2	1.7899	4.43E-07
0.2066	1.75	4.43E-07
0.21	1.746	4.43E-07
0.22	1.74	4.43E-07
0.2254	1.69	4.43E-07
0.23	1.69	4.43E-07
0.24	1.6711	4.43E-07
0.248	1.65	4.43E-07
0.25	1.655	4.43E-07
0.26	1.642	4.43E-07
0.27	1.631	4.43E-07
0.28	1.62	4.43E-07
0.29	1.613	4.43E-07
0.3	1.6	4.43E-07
0.32	1.595	4.43E-07
0.314	1.585	4.43E-07
0.3511	1.585	6.40E-10
0.36	1.578	6.40E-10
0.3638	1.578	6.40E-10
0.38	1.572	6.40E-10
0.4	1.567	6.40E-10
0.42	1.4632	6.40E-10
0.44	1.559	6.40E-10
0.4579	1.559	6.40E-10
0.46	1.556	6.40E-10
0.48	1.553	6.40E-10
0.488	1.553	1.10E-10
0.5	1.551	1.10E-10
0.5145	1.551	4.90E-11
0.52	1.5495	4.90E-11
0.54	1.5477	4.90E-11
0.56	1.5461	4.90E-11
0.58	1.5447	4.90E-11
0.6	1.5434	4.90E-11
0.62	1.5422	4.90E-11
0.64	1.541	4.90E-11
0.66	1.54	4.90E-11
0.68	1.539	4.90E-11
0.7	1.538	4.90E-11
0.72	1.5379	4.90E-11
0.74	1.5372	4.90E-11
0.76	1.53667	4.90E-11
0.78	1.53611	4.90E-11
0.8	1.5356	4.90E-11
0.82	1.53512	4.90E-11
0.84	1.53467	4.90E-11
0.86	1.53426	4.90E-11
0.88	1.53387	4.90E-11
0.9	1.53351	4.90E-11
0.92	1.53317	4.90E-11
0.94	1.53285	4.90E-11
0.96	1.53255	4.90E-11
0.98	1.53227	4.90E-11
1	1.532	4.90E-11
1.1	1.53088	4.90E-11
1.2	1.53	4.90E-11
1.3	1.5293	4.90E-11
1.4	1.52873	4.90E-11
1.5	1.52824	4.90E-11
1.6	1.52782	4.90E-11
1.7	1.52745	5.50E-10
1.8	1.52712	5.50E-10
1.9	1.52682	5.50E-10
2	1.52654	5.50E-10
2.1	1.52627	5.50E-10
2.2	1.52602	5.50E-10
2.3	1.52578	5.50E-10
2.4	1.52554	5.50E-10
2.5	1.52531	5.50E-10
2.6	1.52509	5.50E-10
2.7	1.52686	5.50E-10
2.8	1.522463	1.30E-09
2.9	1.52441	1.30E-09
3	1.52418	1.30E-09
3.1	1.52395	1.30E-09
3.2	1.52372	1.30E-09
3.3	1.52349	1.30E-09
3.4	1.52325	1.30E-09
3.5	1.52301	1.30E-09
3.6	1.52277	1.30E-09
3.7	1.52252	1.30E-09
3.8	1.5226	1.80E-09
3.9	1.52201	1.80E-09
4	1.52174	1.80E-09
4.1	1.52148	1.80E-09
4.2	1.52121	1.80E-09
4.3	1.52093	1.80E-09
4.4	1.52065	1.80E-09
4.5	1.52036	1.80E-09
4.6	1.52006	1.80E-09
4.7	1.51977	1.80E-09
4.8	1.51946	1.80E-09
4.9	1.51915	1.80E-09
5	1.51883	1.80E-09
5.1	1.51851	1.80E-09
5.2	1.51818	1.80E-09
5.3	1.51785	1.70E-07
5.4	1.51751	1.70E-07
5.5	1.51716	1.70E-07
5.6	1.51681	1.70E-07
5.7	1.51645	1.70E-07
5.8	1.51609	1.70E-07
5.9	1.51572	1.70E-07
6	1.51534	1.70E-07
6.2	1.51457	1.70E-07
6.4	1.51377	1.70E-07
6.6	1.51294	1.70E-07
6.8	1.51209	1.70E-07
7	1.51122	1.70E-07
7.2	1.51031	1.70E-07
7.4	1.50938	1.70E-07
7.6	1.50842	1.70E-07
7.8	1.50744	1.70E-07
8	1.50643	1.70E-07
8.2	1.50539	1.70E-07
8.4	1.50432	1.70E-07
8.6	1.50322	1.70E-07
8.8	1.5021	1.70E-07
9	1.50094	1.70E-07
9.2	1.49996	2.00E-08
9.4	1.49996	2.00E-08
9.6	1.49855	2.00E-08
9.8	1.49731	2.00E-08
10	1.49604	2.00E-08
10.2	1.49473	2.00E-08
10.4	1.4934	2.00E-08
10.6	1.49204	8.00E-08
10.8	1.49065	8.00E-08
11	1.48922	1.50E-07
11.2	1.48776	1.50E-07
11.4	1.4832	1.50E-07
11.6	1.48628	1.50E-07
11.76	1.48476	4.50E-07
11.8	1.48162	4.50E-07
12	1.48	4.50E-07
12.2	1.47834	4.50E-07
12.4	1.47665	4.50E-07
12.5	1.47665	1.40E-06
12.6	1.47493	1.40E-06
12.8	1.47318	1.40E-06
13	1.47138	1.40E-06
13.2	1.46956	1.40E-06
13.33	1.46956	3.80E-06
13.4	1.46769	3.80E-06
13.6	1.46579	3.80E-06
13.8	1.46385	3.80E-06
14	1.46188	3.80E-06
14.2	1.45986	3.80E-06
14.3	1.45986	1.10E-05
14.4	1.45781	1.10E-05
14.6	1.45572	1.10E-05
14.8	1.45359	1.10E-05
15	1.4514	1.10E-05
15.2	1.4492	1.10E-05
15.38	1.4492	3.60E-05
15.4	1.4469	3.60E-05
15.6	1.4446	3.60E-05
15.8	1.34423	3.60E-05
16	1.4399	3.60E-05
16.2	1.4375	3.60E-05
16.4	1.4351	3.60E-05
16.6	1.4325	3.60E-05
16.67	1.4325	8.60E-05
16.8	1.43	8.60E-05
17	1.4274	8.60E-05
17.2	1.4247	8.60E-05
17.4	1.422	8.60E-05
17.6	1.4193	8.60E-05
17.8	1.41649	8.60E-05
18	1.41364	8.60E-05
18.18	1.41364	2.20E-04
18.2	1.41074	2.20E-04
18.4	1.40779	2.20E-04
18.6	1.40478	2.20E-04
18.8	1.40173	2.20E-04
19	1.39861	2.20E-04
19.2	1.39544	2.20E-04
19.4	1.39222	2.20E-04
19.6	1.38893	2.20E-04
19.8	1.38893	2.20E-04
20	1.28559	2.20E-04
20.83	1.3822	6.20E-04
21.74	1.41	8.70E-04
22.73	1.38	1.10E-03
23.81	1.32	2.30E-03
25	1.27	3.50E-03
26.32	1.23	5.30E-03
27.78	1.17	9.80E-03
29.41	1.12	1.70E-02
31.25	1.01	4.50E-02
33.33	0.82	1.10E-01
33.9	0.83	1.30E-01
34.28	0.8	1.30E-01
35.09	0.78	1.40E-01
35.71	0.69	1.70E-01
36.36	0.59	2.20E-01
37.04	0.49	3.10E-01
37.74	0.42	5.00E-01
38.46	0.45	6.60E-01
39.22	0.57	7.10E-01
39.68	0.59	6.70E-01
40	0.58	6.60E-01
40.82	0.51	6.90E-01
41.67	0.46	8.10E-01
42.19	0.44	8.70E-01
42.55	0.46	8.70E-01
42.92	0.49	8.70E-01
43.48	0.433	8.70E-01
44.44	0.3	1.00E+00
45.45	0.25	1.15E+00
46.51	0.2	1.36E+00
47.62	0.18	1.56E+00
48.78	0.16	1.74E+00
50	0.14	1.99E+00
51.28	0.15	2.29E+00
52.63	0.19	2.63E+00
54.05	0.24	3.02E+00
55.56	0.35	3.72E+00
57.14	0.59	4.57E+00
58.52	1.35	6.03E+00
60.61	6.17	7.41E+00
61.35	7.76	6.03E+00
62.5	6.92	2.14E+00
64.52	5.5	8.70E-01
66.67	4.52	3.80E-01
68	4.52	3.09E-01
70	4.07	2.19E-01
71.43	3.72	1.45E-01
74.07	3.47	1.35E-01
76.92	3.31	1.10E-01
83.33	3.02	9.50E-02
90.91	2.85	8.70E-02
100	2.74	7.80E-02
111.1	2.63	7.70E-02
125	2.57	6.80E-02
142.9	2.52	5.50E-02
166.7	2.48	4.70E-02
200	2.45	4.50E-02
222.2	2.44	4.10E-02
250	2.44	3.60E-02
285.7	2.44	3.00E-02
300	2.44	3.20E-02
333.3	2.44	2.70E-02
400	2.44	2.40E-02
500	2.43	2.40E-02
666.7	2.43	1.40E-02
1000	2.43	6.00E-03